/**
 * 测试数据
 * @type {arry}
 */
/*2018-02-07 15:32:13*/
//基金或股票信息
var fS_name = "天弘弘运宝货币A";
var fS_code = "001386";
var fund_minsg="100";
var ishb=true;
/*原费率*/
var fund_sourceRate="0";
/*现费率*/
var fund_Rate="0";
/*最小申购金额*/
var fund_minsg="100";
/*收益率*/
/*近一年收益率*/
var syl_1n="3.7544";
/*近6月收益率*/
var syl_6y="2.2225";
/*近三月收益率*/
var syl_3y="1.1475";
/*近一月收益率*/
var syl_1y="0.3902";
/* 基金收益走势图 每万份收益*/
var Data_millionCopiesIncome = [[1439481600000,0.5504],[1440086400000,0.5502],[1440691200000,0.5499],[1441123200000,0.5497],[1441900800000,0.5494],[1442505600000,0.6835],[1443110400000,0.6831],[1443542400000,0.6829],[1444320000000,0.6823],[1444924800000,0.6791],[1445529600000,0.6788],[1446134400000,0.5647],[1446739200000,0.5644],[1447171200000,0.5642],[1447257600000,0.5642],[1447344000000,0.5641],[1447516800000,1.1282],[1447603200000,0.5642],[1447689600000,0.5643],[1447776000000,0.5643],[1447862400000,0.5644],[1447948800000,0.5643],[1448121600000,1.1286],[1448208000000,0.5643],[1448294400000,0.5643],[1448380800000,0.5643],[1448467200000,0.5643],[1448553600000,0.6462],[1448726400000,1.2923],[1448812800000,0.6461],[1448899200000,0.6436],[1448985600000,0.6435],[1449072000000,0.6435],[1449158400000,0.6435],[1449331200000,1.2868],[1449417600000,0.6433],[1449504000000,0.6433],[1449590400000,0.6433],[1449676800000,0.6432],[1449763200000,0.6432],[1449936000000,1.2862],[1450022400000,0.643],[1450108800000,0.643],[1450195200000,0.6429],[1450281600000,0.6429],[1450368000000,0.6429],[1450540800000,1.2856],[1450627200000,0.6427],[1450713600000,0.6427],[1450800000000,0.6423],[1450886400000,0.6423],[1450972800000,0.642],[1451145600000,1.2837],[1451232000000,0.6419],[1451318400000,0.6412],[1451404800000,0.6414],[1451491200000,0.6413],[1451750400000,1.9551],[1451836800000,0.6516],[1451923200000,0.623],[1452009600000,0.6301],[1452096000000,0.632],[1452182400000,0.6382],[1452355200000,1.2764],[1452441600000,0.6345],[1452528000000,0.6333],[1452614400000,0.6287],[1452700800000,0.634],[1452787200000,0.6375],[1452960000000,1.275],[1453046400000,0.6294],[1453132800000,0.6334],[1453219200000,0.6228],[1453305600000,1.4922],[1453392000000,0.6537],[1453564800000,1.3072],[1453651200000,0.6505],[1453737600000,0.6502],[1453824000000,0.6501],[1453910400000,0.6501],[1453996800000,0.6564],[1454169600000,1.3127],[1454256000000,0.6498],[1454342400000,0.6493],[1454428800000,0.6501],[1454515200000,0.6321],[1454601600000,0.6324],[1455379200000,5.6905],[1455465600000,0.6339],[1455552000000,0.6338],[1455638400000,0.647],[1455724800000,0.6508],[1455811200000,0.6543],[1455984000000,1.3093],[1456070400000,0.6501],[1456156800000,0.6498],[1456243200000,0.6488],[1456329600000,0.6411],[1456416000000,0.6487],[1456588800000,1.2974],[1456675200000,0.6503],[1456761600000,0.6467],[1456848000000,0.647],[1456934400000,0.6489],[1457020800000,0.6533],[1457193600000,1.3065],[1457280000000,0.6492],[1457366400000,0.6489],[1457452800000,0.6487],[1457539200000,0.6487],[1457625600000,0.6514],[1457798400000,1.3157],[1457884800000,6.7254],[1457971200000,0.7166],[1458057600000,0.7165],[1458144000000,0.7164],[1458230400000,0.7163],[1458403200000,1.4325],[1458489600000,0.7162],[1458576000000,0.716],[1458662400000,0.7134],[1458748800000,0.6316],[1458835200000,0.6395],[1459008000000,1.279],[1459094400000,0.655],[1459180800000,0.6554],[1459267200000,0.6547],[1459353600000,0.648],[1459440000000,0.6615],[1459699200000,1.9841],[1459785600000,0.6567],[1459872000000,0.6557],[1459958400000,0.6573],[1460044800000,0.6604],[1460217600000,1.3206],[1460304000000,0.656],[1460390400000,0.643],[1460476800000,0.6561],[1460563200000,0.6556],[1460649600000,0.661],[1460822400000,1.3219],[1460908800000,0.6572],[1460995200000,0.6565],[1461081600000,0.6559],[1461168000000,0.6516],[1461254400000,0.6509],[1461427200000,1.3013],[1461513600000,0.6455],[1461600000000,0.6536],[1461686400000,0.6544],[1461772800000,0.6543],[1461859200000,0.6559],[1462118400000,1.9674],[1462204800000,0.654],[1462291200000,0.6538],[1462377600000,0.6536],[1462464000000,0.6579],[1462636800000,1.3156],[1462723200000,0.6534],[1462809600000,0.6543],[1462896000000,0.6533],[1462982400000,0.6526],[1463068800000,0.657],[1463241600000,1.3138],[1463328000000,0.6532],[1463414400000,0.6531],[1463500800000,0.6537],[1463587200000,0.6536],[1463673600000,0.6557],[1463846400000,1.3114],[1463932800000,0.6544],[1464019200000,0.6529],[1464105600000,0.646],[1464192000000,0.6528],[1464278400000,0.6572],[1464451200000,1.3143],[1464537600000,0.6528],[1464624000000,0.6505],[1464710400000,0.6507],[1464796800000,0.6507],[1464883200000,0.6581],[1465056000000,1.3161],[1465142400000,0.6434],[1465228800000,0.6432],[1465315200000,0.6378],[1465660800000,2.5509],[1465747200000,0.6499],[1465833600000,0.6498],[1465920000000,0.6498],[1466006400000,0.6497],[1466092800000,0.6538],[1466265600000,1.3075],[1466352000000,0.6518],[1466438400000,0.661],[1466524800000,0.6451],[1466611200000,0.6783],[1466697600000,0.6704],[1466870400000,1.3407],[1466956800000,0.6685],[1467043200000,0.6913],[1467129600000,0.7064],[1467216000000,0.6968],[1467302400000,0.711],[1467475200000,1.4218],[1467561600000,0.7063],[1467648000000,0.7064],[1467734400000,0.7062],[1467820800000,0.7064],[1467907200000,0.7099],[1468080000000,1.4197],[1468166400000,0.7056],[1468252800000,0.7052],[1468339200000,0.7055],[1468425600000,0.6908],[1468512000000,0.7095],[1468684800000,1.4189],[1468771200000,0.7052],[1468857600000,0.696],[1468944000000,0.7049],[1469030400000,0.6959],[1469116800000,0.7046],[1469289600000,1.4091],[1469376000000,0.6904],[1469462400000,0.7024],[1469548800000,0.7062],[1469635200000,0.7044],[1469721600000,0.7058],[1469894400000,1.4115],[1469980800000,0.704],[1470067200000,0.7043],[1470153600000,0.7043],[1470240000000,0.7045],[1470326400000,0.7078],[1470499200000,1.4154],[1470585600000,0.7051],[1470672000000,0.705],[1470758400000,0.7038],[1470844800000,0.704],[1470931200000,0.7063],[1471104000000,1.4124],[1471190400000,0.7014],[1471276800000,0.7027],[1471363200000,0.7025],[1471449600000,0.7027],[1471536000000,0.7072],[1471708800000,1.3517],[1471795200000,0.6434],[1471881600000,0.6989],[1471968000000,0.6965],[1472054400000,0.6981],[1472140800000,0.703],[1472313600000,1.4058],[1472400000000,0.6979],[1472486400000,0.6976],[1472572800000,0.6974],[1472659200000,0.6976],[1472745600000,0.7023],[1472918400000,1.4044],[1473004800000,0.6976],[1473091200000,0.6977],[1473177600000,0.6973],[1473264000000,0.697],[1473350400000,0.7034],[1473523200000,1.4067],[1473609600000,0.6985],[1473696000000,0.6956],[1473782400000,0.6973],[1474128000000,2.7887],[1474214400000,0.6938],[1474300800000,0.6684],[1474387200000,0.6712],[1474473600000,0.6849],[1474560000000,0.6918],[1474732800000,1.3833],[1474819200000,0.6775],[1474905600000,0.6869],[1474992000000,0.6832],[1475078400000,0.6784],[1475164800000,0.6776],[1475942400000,6.0959],[1476028800000,0.6774],[1476115200000,0.6782],[1476201600000,0.6788],[1476288000000,0.6819],[1476374400000,0.6869],[1476547200000,1.3739],[1476633600000,0.6829],[1476720000000,0.6795],[1476806400000,0.6838],[1476892800000,0.683],[1476979200000,0.6714],[1477152000000,1.3713],[1477238400000,0.6811],[1477324800000,0.6793],[1477411200000,0.6755],[1477497600000,0.6757],[1477584000000,0.6756],[1477756800000,1.3511],[1477843200000,0.6755],[1477929600000,0.6753],[1478016000000,0.6753],[1478102400000,0.6811],[1478188800000,0.686],[1478361600000,1.3719],[1478448000000,0.6827],[1478534400000,0.6813],[1478620800000,0.6826],[1478707200000,0.68],[1478793600000,0.6841],[1478966400000,1.368],[1479052800000,0.6794],[1479139200000,0.6794],[1479225600000,0.6802],[1479312000000,0.6804],[1479398400000,0.6796],[1479571200000,1.3592],[1479657600000,0.6729],[1479744000000,0.6798],[1479830400000,0.6744],[1479916800000,0.6795],[1480003200000,0.6764],[1480176000000,1.3525],[1480262400000,0.6782],[1480348800000,0.6785],[1480435200000,0.678],[1480521600000,0.67],[1480608000000,0.6815],[1480780800000,1.3629],[1480867200000,0.6733],[1480953600000,0.6773],[1481040000000,0.6768],[1481126400000,0.6768],[1481212800000,0.6622],[1481385600000,1.3533],[1481472000000,0.6165],[1481558400000,0.6164],[1481644800000,0.6531],[1481731200000,0.6531],[1481817600000,0.653],[1481990400000,1.3059],[1482076800000,0.6526],[1482163200000,0.5324],[1482249600000,0.3593],[1482336000000,0.4062],[1482422400000,0.2712],[1482595200000,1.0601],[1482681600000,0.5302],[1482768000000,0.6954],[1482854400000,0.6952],[1482940800000,0.845],[1483027200000,0.8448],[1483113600000,0.8442],[1483286400000,1.6877],[1483372800000,0.8434],[1483459200000,0.8429],[1483545600000,0.843],[1483632000000,0.4048],[1483804800000,0.8097],[1483891200000,0.4436],[1483977600000,0.4437],[1484064000000,0.4439],[1484150400000,0.4438],[1484236800000,0.3714],[1484409600000,0.4351],[1484496000000,0.2224],[1484582400000,0.3068],[1484668800000,0.2517],[1484755200000,0.2518],[1484841600000,0.2891],[1485014400000,0.5782],[1485100800000,0.3432],[1485187200000,0.6173],[1485273600000,0.5334],[1485360000000,0.5334],[1485964800000,3.7336],[1486051200000,0.5334],[1486224000000,1.0667],[1486310400000,0.5971],[1486396800000,0.5977],[1486483200000,0.5985],[1486569600000,0.5987],[1486656000000,0.5988],[1486828800000,1.1976],[1486915200000,0.5204],[1487001600000,0.5243],[1487088000000,0.5243],[1487174400000,0.3844],[1487260800000,0.3845],[1487433600000,0.7689],[1487520000000,0.558],[1487606400000,0.5585],[1487692800000,0.5603],[1487779200000,0.4647],[1487865600000,0.4649],[1488038400000,0.9298],[1488124800000,0.4833],[1488211200000,0.6204],[1488297600000,0.6204],[1488384000000,0.62],[1488470400000,0.62],[1488643200000,1.2399],[1488729600000,0.4095],[1488816000000,0.5744],[1488902400000,0.5749],[1488988800000,0.5751],[1489075200000,0.6632],[1489248000000,1.3263],[1489334400000,0.6056],[1489420800000,0.4847],[1489507200000,0.4848],[1489593600000,0.4849],[1489680000000,0.5417],[1489852800000,1.0835],[1489939200000,0.5418],[1490025600000,0.9648],[1490112000000,0.8084],[1490198400000,0.7807],[1490284800000,0.768],[1490457600000,1.5327],[1490544000000,0.9141],[1490630400000,0.9029],[1490716800000,0.8955],[1490803200000,1.1388],[1490889600000,1.1395],[1491235200000,4.5583],[1491321600000,1.1393],[1491408000000,0.7415],[1491494400000,0.6843],[1491667200000,1.3686],[1491753600000,0.6841],[1491840000000,0.6073],[1491926400000,0.6081],[1492012800000,0.5553],[1492099200000,0.5553],[1492272000000,1.1105],[1492358400000,0.4783],[1492444800000,0.4293],[1492531200000,0.478],[1492617600000,0.193],[1492704000000,0.6242],[1492876800000,1.2483],[1492963200000,0.6217],[1493049600000,0.6496],[1493136000000,0.6497],[1493222400000,0.6955],[1493308800000,0.8583],[1493568000000,2.5749],[1493654400000,0.8636],[1493740800000,0.8649],[1493827200000,0.8648],[1493913600000,0.6609],[1494086400000,1.3218],[1494172800000,0.6463],[1494259200000,0.6462],[1494345600000,0.6015],[1494432000000,0.6015],[1494518400000,0.5915],[1494691200000,1.0147],[1494777600000,0.4561],[1494864000000,0.3476],[1494950400000,0.44],[1495036800000,0.544],[1495123200000,0.5623],[1495296000000,1.1244],[1495382400000,0.5482],[1495468800000,0.2321],[1495555200000,0.7579],[1495641600000,1.3447],[1495728000000,1.2793],[1496073600000,5.0904],[1496160000000,1.2494],[1496246400000,1.0801],[1496332800000,1.0802],[1496505600000,2.1602],[1496592000000,1.0706],[1496678400000,1.0707],[1496764800000,1.0758],[1496851200000,1.0754],[1496937600000,1.0753],[1497110400000,2.1505],[1497196800000,1.0751],[1497283200000,1.0751],[1497369600000,1.1103],[1497456000000,1.1116],[1497542400000,1.102],[1497715200000,2.2037],[1497801600000,1.0969],[1497888000000,1.0914],[1497974400000,1.1008],[1498060800000,1.0942],[1498147200000,1.1144],[1498320000000,2.2285],[1498406400000,1.1051],[1498492800000,1.1178],[1498579200000,1.1205],[1498665600000,1.1074],[1498752000000,1.1187],[1498924800000,1.8352],[1499011200000,1.0252],[1499097600000,0.9274],[1499184000000,0.9286],[1499270400000,4.1523],[1499356800000,0.9623],[1499529600000,1.9245],[1499616000000,3.3566],[1499702400000,0.999],[1499788800000,0.9982],[1499875200000,0.998],[1499961600000,0.9813],[1500134400000,1.9952],[1500220800000,0.9906],[1500307200000,1.0847],[1500393600000,1.0514],[1500480000000,1.0466],[1500566400000,1.0039],[1500739200000,1.5749],[1500825600000,0.975],[1500912000000,0.7145],[1500998400000,0.9111],[1501084800000,0.9111],[1501171200000,0.9111],[1501344000000,1.8221],[1501430400000,0.9332],[1501516800000,0.97],[1501603200000,0.8185],[1501689600000,0.615],[1501776000000,0.3746],[1501948800000,0.7493],[1502035200000,0.2678],[1502121600000,0.343],[1502208000000,0.3399],[1502294400000,0.3438],[1502380800000,0.3534],[1502553600000,0.7068],[1502640000000,2.1846],[1502726400000,0.2905],[1502812800000,0.28],[1502899200000,0.2754],[1502985600000,0.2963],[1503158400000,0.6911],[1503244800000,6.5549],[1503331200000,0.2422],[1503417600000,0.2436],[1503504000000,0.2438],[1503590400000,0.266],[1503763200000,0.5309],[1503849600000,6.6776],[1503936000000,0.8096],[1504022400000,0.7909],[1504108800000,0.8229],[1504195200000,0.8214],[1504368000000,1.6367],[1504454400000,3.5295],[1504540800000,1.0847],[1504627200000,1.0306],[1504713600000,1.5753],[1504800000000,1.6844],[1504972800000,1.8847],[1505059200000,1.3406],[1505145600000,1.2157],[1505232000000,1.2169],[1505318400000,1.4354],[1505404800000,1.5198],[1505577600000,2.1278],[1505664000000,1.2199],[1505750400000,1.2325],[1505836800000,1.2211],[1505923200000,1.2974],[1506009600000,1.3071],[1506182400000,2.5867],[1506268800000,1.2562],[1506355200000,1.2299],[1506441600000,1.2233],[1506528000000,1.2835],[1506614400000,1.2036],[1507392000000,10.4448],[1507478400000,1.2471],[1507564800000,1.2174],[1507651200000,1.2306],[1507737600000,1.2264],[1507824000000,1.2143],[1507996800000,2.421],[1508083200000,1.1966],[1508169600000,1.1556],[1508256000000,1.1303],[1508342400000,1.1166],[1508428800000,1.1615],[1508601600000,2.2864],[1508688000000,1.1526],[1508774400000,1.1276],[1508860800000,1.2044],[1508947200000,1.2395],[1509033600000,1.1035],[1509206400000,2.46],[1509292800000,1.2193],[1509379200000,1.2166],[1509465600000,1.2143],[1509552000000,1.2103],[1509638400000,1.2071],[1509811200000,2.4105],[1509897600000,1.2013],[1509984000000,1.1715],[1510070400000,1.1073],[1510156800000,1.1286],[1510243200000,1.1331],[1510416000000,2.2634],[1510502400000,1.1238],[1510588800000,1.1238],[1510675200000,1.186],[1510761600000,1.1847],[1510848000000,1.1849],[1511020800000,2.3693],[1511107200000,1.1743],[1511193600000,1.185],[1511280000000,1.208],[1511366400000,1.2297],[1511452800000,1.2374],[1511625600000,2.4747],[1511712000000,1.2319],[1511798400000,1.2398],[1511884800000,1.2604],[1511971200000,1.2444],[1512057600000,1.2626],[1512230400000,2.5204],[1512316800000,1.2076],[1512403200000,1.2875],[1512489600000,1.2302],[1512576000000,1.2088],[1512662400000,1.2492],[1512835200000,2.4907],[1512921600000,1.2751999999999999],[1513008000000,1.2386],[1513094400000,1.2546],[1513180800000,1.2564],[1513267200000,1.2557],[1513440000000,2.5078],[1513526400000,1.2748],[1513612800000,1.2734],[1513699200000,1.2495],[1513785600000,1.2448],[1513872000000,1.2366],[1514044800000,2.4728],[1514131200000,1.2377],[1514217600000,1.2764],[1514304000000,1.3865],[1514390400000,1.5536],[1514476800000,1.5187],[1514649600000,3.0366],[1514736000000,1.5177],[1514822400000,1.4666],[1514908800000,1.2988],[1514995200000,1.2183],[1515081600000,1.1891],[1515254400000,2.3659],[1515340800000,1.1672],[1515427200000,1.1552],[1515513600000,1.1629],[1515600000000,1.1728],[1515686400000,1.1892],[1515859200000,2.381],[1515945600000,1.1994],[1516032000000,1.2159],[1516118400000,1.2438],[1516204800000,1.2625],[1516291200000,1.2555],[1516464000000,2.5123],[1516550400000,1.2387],[1516636800000,1.2252],[1516723200000,1.2042],[1516809600000,1.2087],[1516896000000,1.2159],[1517068800000,2.4327],[1517155200000,1.2206],[1517241600000,1.2321],[1517328000000,1.2461],[1517414400000,1.2555],[1517500800000,1.2404],[1517673600000,2.4812],[1517760000000,1.239],[1517846400000,1.2276]];
/*基金收益走势图   7日年化收益率*/
var Data_sevenDaysYearIncome = [[1439481600000,1.32],[1440086400000,2.029],[1440691200000,2.028],[1441123200000,2.027],[1441900800000,2.015],[1442505600000,2.383],[1443110400000,2.632],[1443542400000,2.524],[1444320000000,2.522],[1444924800000,2.515],[1445529600000,2.509],[1446134400000,2.386],[1446739200000,2.082],[1447171200000,2.081],[1447257600000,2.081],[1447344000000,2.081],[1447516800000,2.081],[1447603200000,2.08],[1447689600000,2.081],[1447776000000,2.081],[1447862400000,2.081],[1447948800000,2.081],[1448121600000,2.081],[1448208000000,2.081],[1448294400000,2.081],[1448380800000,2.081],[1448467200000,2.081],[1448553600000,2.125],[1448726400000,2.212],[1448812800000,2.255],[1448899200000,2.298],[1448985600000,2.34],[1449072000000,2.382],[1449158400000,2.381],[1449331200000,2.378],[1449417600000,2.376],[1449504000000,2.376],[1449590400000,2.376],[1449676800000,2.376],[1449763200000,2.376],[1449936000000,2.375],[1450022400000,2.375],[1450108800000,2.375],[1450195200000,2.375],[1450281600000,2.375],[1450368000000,2.375],[1450540800000,2.374],[1450627200000,2.374],[1450713600000,2.374],[1450800000000,2.374],[1450886400000,2.373],[1450972800000,2.373],[1451145600000,2.372],[1451232000000,2.371],[1451318400000,2.371],[1451404800000,2.37],[1451491200000,2.37],[1451750400000,2.385],[1451836800000,2.39],[1451923200000,2.381],[1452009600000,2.375],[1452096000000,2.37],[1452182400000,2.362],[1452355200000,2.348],[1452441600000,2.339],[1452528000000,2.344],[1452614400000,2.344],[1452700800000,2.345],[1452787200000,2.344],[1452960000000,2.344],[1453046400000,2.341],[1453132800000,2.341],[1453219200000,2.338],[1453305600000,2.797],[1453392000000,2.805],[1453564800000,2.823],[1453651200000,2.834],[1453737600000,2.843],[1453824000000,2.858],[1453910400000,2.407],[1453996800000,2.409],[1454169600000,2.411],[1454256000000,2.411],[1454342400000,2.411],[1454428800000,2.411],[1454515200000,2.401],[1454601600000,2.388],[1455379200000,2.334],[1455465600000,2.335],[1455552000000,2.336],[1455638400000,2.344],[1455724800000,2.354],[1455811200000,2.366],[1455984000000,2.39],[1456070400000,2.398],[1456156800000,2.407],[1456243200000,2.408],[1456329600000,2.403],[1456416000000,2.4],[1456588800000,2.393],[1456675200000,2.393],[1456761600000,2.392],[1456848000000,2.391],[1456934400000,2.395],[1457020800000,2.397],[1457193600000,2.402],[1457280000000,2.402],[1457366400000,2.403],[1457452800000,2.404],[1457539200000,2.404],[1457625600000,2.403],[1457798400000,2.408],[1457884800000,5.703],[1457971200000,5.74],[1458057600000,5.778],[1458144000000,5.815],[1458230400000,5.851],[1458403200000,5.915],[1458489600000,2.649],[1458576000000,2.649],[1458662400000,2.647],[1458748800000,2.602],[1458835200000,2.561],[1459008000000,2.479],[1459094400000,2.446],[1459180800000,2.414],[1459267200000,2.382],[1459353600000,2.391],[1459440000000,2.403],[1459699200000,2.429],[1459785600000,2.43],[1459872000000,2.431],[1459958400000,2.436],[1460044800000,2.435],[1460217600000,2.434],[1460304000000,2.431],[1460390400000,2.424],[1460476800000,2.424],[1460563200000,2.423],[1460649600000,2.423],[1460822400000,2.424],[1460908800000,2.425],[1460995200000,2.432],[1461081600000,2.432],[1461168000000,2.43],[1461254400000,2.424],[1461427200000,2.413],[1461513600000,2.407],[1461600000000,2.405],[1461686400000,2.405],[1461772800000,2.406],[1461859200000,2.409],[1462118400000,2.42],[1462204800000,2.42],[1462291200000,2.42],[1462377600000,2.419],[1462464000000,2.42],[1462636800000,2.423],[1462723200000,2.421],[1462809600000,2.421],[1462896000000,2.421],[1462982400000,2.421],[1463068800000,2.42],[1463241600000,2.419],[1463328000000,2.419],[1463414400000,2.418],[1463500800000,2.419],[1463587200000,2.419],[1463673600000,2.418],[1463846400000,2.417],[1463932800000,2.418],[1464019200000,2.418],[1464105600000,2.414],[1464192000000,2.413],[1464278400000,2.414],[1464451200000,2.416],[1464537600000,2.415],[1464624000000,2.413],[1464710400000,2.416],[1464796800000,2.415],[1464883200000,2.415],[1465056000000,2.416],[1465142400000,2.411],[1465228800000,2.407],[1465315200000,2.4],[1465660800000,2.361],[1465747200000,2.364],[1465833600000,2.368],[1465920000000,2.374],[1466006400000,2.381],[1466092800000,2.389],[1466265600000,2.406],[1466352000000,2.407],[1466438400000,2.413],[1466524800000,2.411],[1466611200000,2.426],[1466697600000,2.435],[1466870400000,2.453],[1466956800000,2.462],[1467043200000,2.478],[1467129600000,2.511],[1467216000000,2.521],[1467302400000,2.542],[1467475200000,2.586],[1467561600000,2.606],[1467648000000,2.614],[1467734400000,2.614],[1467820800000,2.619],[1467907200000,2.618],[1468080000000,2.617],[1468166400000,2.617],[1468252800000,2.616],[1468339200000,2.616],[1468425600000,2.607],[1468512000000,2.607],[1468684800000,2.607],[1468771200000,2.607],[1468857600000,2.602],[1468944000000,2.601],[1469030400000,2.604],[1469116800000,2.601],[1469289600000,2.596],[1469376000000,2.588],[1469462400000,2.592],[1469548800000,2.592],[1469635200000,2.597],[1469721600000,2.598],[1469894400000,2.599],[1469980800000,2.606],[1470067200000,2.607],[1470153600000,2.606],[1470240000000,2.606],[1470326400000,2.607],[1470499200000,2.609],[1470585600000,2.61],[1470672000000,2.61],[1470758400000,2.61],[1470844800000,2.61],[1470931200000,2.609],[1471104000000,2.607],[1471190400000,2.605],[1471276800000,2.604],[1471363200000,2.604],[1471449600000,2.603],[1471536000000,2.603],[1471708800000,2.571],[1471795200000,2.54],[1471881600000,2.538],[1471968000000,2.535],[1472054400000,2.532],[1472140800000,2.53],[1472313600000,2.559],[1472400000000,2.588],[1472486400000,2.587],[1472572800000,2.588],[1472659200000,2.587],[1472745600000,2.587],[1472918400000,2.586],[1473004800000,2.586],[1473091200000,2.586],[1473177600000,2.586],[1473264000000,2.586],[1473350400000,2.586],[1473523200000,2.588],[1473609600000,2.588],[1473696000000,2.587],[1473782400000,2.587],[1474128000000,2.577],[1474214400000,2.575],[1474300800000,2.56],[1474387200000,2.546],[1474473600000,2.54],[1474560000000,2.537],[1474732800000,2.531],[1474819200000,2.522],[1474905600000,2.532],[1474992000000,2.538],[1475078400000,2.535],[1475164800000,2.527],[1475942400000,2.503],[1476028800000,2.503],[1476115200000,2.503],[1476201600000,2.504],[1476288000000,2.506],[1476374400000,2.512],[1476547200000,2.522],[1476633600000,2.525],[1476720000000,2.526],[1476806400000,2.528],[1476892800000,2.529],[1476979200000,2.521],[1477152000000,2.519],[1477238400000,2.518],[1477324800000,2.518],[1477411200000,2.514],[1477497600000,2.51],[1477584000000,2.512],[1477756800000,2.501],[1477843200000,2.498],[1477929600000,2.496],[1478016000000,2.496],[1478102400000,2.499],[1478188800000,2.505],[1478361600000,2.516],[1478448000000,2.52],[1478534400000,2.523],[1478620800000,2.527],[1478707200000,2.526],[1478793600000,2.525],[1478966400000,2.523],[1479052800000,2.521],[1479139200000,2.52],[1479225600000,2.519],[1479312000000,2.519],[1479398400000,2.517],[1479571200000,2.512],[1479657600000,2.509],[1479744000000,2.509],[1479830400000,2.506],[1479916800000,2.505],[1480003200000,2.503],[1480176000000,2.5],[1480262400000,2.503],[1480348800000,2.502],[1480435200000,2.504],[1480521600000,2.499],[1480608000000,2.502],[1480780800000,2.507],[1480867200000,2.505],[1480953600000,2.504],[1481040000000,2.503],[1481126400000,2.507],[1481212800000,2.497],[1481385600000,2.491],[1481472000000,2.461],[1481558400000,2.429],[1481644800000,2.416],[1481731200000,2.403],[1481817600000,2.398],[1481990400000,2.373],[1482076800000,2.392],[1482163200000,2.347],[1482249600000,2.191],[1482336000000,2.059],[1482422400000,1.856],[1482595200000,1.726],[1482681600000,1.661],[1482768000000,1.747],[1482854400000,1.926],[1482940800000,2.159],[1483027200000,2.465],[1483113600000,2.633],[1483286400000,2.97],[1483372800000,3.049],[1483459200000,3.128],[1483545600000,3.127],[1483632000000,2.891],[1483804800000,2.421],[1483891200000,2.207],[1483977600000,1.995],[1484064000000,1.783],[1484150400000,1.571],[1484236800000,1.553],[1484409600000,1.355],[1484496000000,1.238],[1484582400000,1.166],[1484668800000,1.065],[1484755200000,0.964],[1484841600000,0.92],[1485014400000,0.996],[1485100800000,1.059],[1485187200000,1.223],[1485273600000,1.372],[1485360000000,1.521],[1485964800000,1.966],[1486051200000,1.966],[1486224000000,1.966],[1486310400000,2.0],[1486396800000,2.034],[1486483200000,2.069],[1486569600000,2.103],[1486656000000,2.138],[1486828800000,2.208],[1486915200000,2.167],[1487001600000,2.128],[1487088000000,2.088],[1487174400000,1.974],[1487260800000,1.861],[1487433600000,1.633],[1487520000000,1.653],[1487606400000,1.671],[1487692800000,1.69],[1487779200000,1.733],[1487865600000,1.775],[1488038400000,1.861],[1488124800000,1.821],[1488211200000,1.854],[1488297600000,1.886],[1488384000000,1.969],[1488470400000,2.051],[1488643200000,2.216],[1488729600000,2.177],[1488816000000,2.152],[1488902400000,2.128],[1488988800000,2.104],[1489075200000,2.127],[1489248000000,2.173],[1489334400000,2.278],[1489420800000,2.23],[1489507200000,2.182],[1489593600000,2.134],[1489680000000,2.069],[1489852800000,1.94],[1489939200000,1.906],[1490025600000,2.162],[1490112000000,2.334],[1490198400000,2.492],[1490284800000,2.613],[1490457600000,2.854],[1490544000000,3.053],[1490630400000,3.02],[1490716800000,3.067],[1490803200000,3.26],[1490889600000,3.46],[1491235200000,4.114],[1491321600000,4.246],[1491408000000,4.031],[1491494400000,3.784],[1491667200000,3.292],[1491753600000,3.047],[1491840000000,2.762],[1491926400000,2.478],[1492012800000,2.378],[1492099200000,2.309],[1492272000000,2.172],[1492358400000,2.062],[1492444800000,1.968],[1492531200000,1.898],[1492617600000,1.706],[1492704000000,1.743],[1492876800000,1.816],[1492963200000,1.892],[1493049600000,2.009],[1493136000000,2.1],[1493222400000,2.368],[1493308800000,2.493],[1493568000000,2.871],[1493654400000,2.985],[1493740800000,3.101],[1493827200000,3.192],[1493913600000,3.086],[1494086400000,2.874],[1494172800000,2.76],[1494259200000,2.644],[1494345600000,2.503],[1494432000000,2.362],[1494518400000,2.325],[1494691200000,2.162],[1494777600000,2.06],[1494864000000,1.902],[1494950400000,1.816],[1495036800000,1.785],[1495123200000,1.77],[1495296000000,1.828],[1495382400000,1.877],[1495468800000,1.816],[1495555200000,1.985],[1495641600000,2.411],[1495728000000,2.795],[1496073600000,4.516],[1496160000000,4.785],[1496246400000,4.64],[1496332800000,4.532],[1496505600000,4.322],[1496592000000,4.212],[1496678400000,4.103],[1496764800000,4.008],[1496851200000,4.006],[1496937600000,4.003],[1497110400000,3.998],[1497196800000,4.0],[1497283200000,4.003],[1497369600000,4.021],[1497456000000,4.041],[1497542400000,4.056],[1497715200000,4.084],[1497801600000,4.096],[1497888000000,4.105],[1497974400000,4.1],[1498060800000,4.09],[1498147200000,4.097],[1498320000000,4.111],[1498406400000,4.115],[1498492800000,4.129],[1498579200000,4.14],[1498665600000,4.147],[1498752000000,4.15],[1498924800000,3.936],[1499011200000,3.893],[1499097600000,3.79],[1499184000000,3.686],[1499270400000,5.345],[1499356800000,5.259],[1499529600000,5.308],[1499616000000,6.596],[1499702400000,6.636],[1499788800000,6.674],[1499875200000,4.935],[1499961600000,4.945],[1500134400000,4.984],[1500220800000,3.697],[1500307200000,3.743],[1500393600000,3.772],[1500480000000,3.798],[1500566400000,3.811],[1500739200000,3.583],[1500825600000,3.575],[1500912000000,3.375],[1500998400000,3.3],[1501084800000,3.227],[1501171200000,3.177],[1501344000000,3.31],[1501430400000,3.287],[1501516800000,3.425],[1501603200000,3.375],[1501689600000,3.215],[1501776000000,2.927],[1501948800000,2.353],[1502035200000,1.999],[1502121600000,1.666],[1502208000000,1.412],[1502294400000,1.269],[1502380800000,1.258],[1502553600000,1.235],[1502640000000,2.252],[1502726400000,2.224],[1502812800000,2.192],[1502899200000,2.156],[1502985600000,2.125],[1503158400000,2.117],[1503244800000,4.47],[1503331200000,4.443],[1503417600000,4.424],[1503504000000,4.406],[1503590400000,4.39],[1503763200000,4.303],[1503849600000,4.369],[1503936000000,4.679],[1504022400000,4.978],[1504108800000,5.295],[1504195200000,5.601],[1504368000000,6.211],[1504454400000,4.483],[1504540800000,4.633],[1504627200000,4.764],[1504713600000,5.176],[1504800000000,5.65],[1504972800000,5.786],[1505059200000,4.586],[1505145600000,4.658],[1505232000000,4.759],[1505318400000,4.683],[1505404800000,4.593],[1505577600000,4.726],[1505664000000,4.66],[1505750400000,4.669],[1505836800000,4.671],[1505923200000,4.596],[1506009600000,4.48],[1506182400000,4.73],[1506268800000,4.75],[1506355200000,4.749],[1506441600000,4.75],[1506528000000,4.743],[1506614400000,4.686],[1507392000000,4.326],[1507478400000,4.373],[1507564800000,4.404],[1507651200000,4.442],[1507737600000,4.478],[1507824000000,4.508],[1507996800000,4.563],[1508083200000,4.535],[1508169600000,4.501],[1508256000000,4.447],[1508342400000,4.387],[1508428800000,4.358],[1508601600000,4.285],[1508688000000,4.261],[1508774400000,4.246],[1508860800000,4.286],[1508947200000,4.353],[1509033600000,4.321],[1509206400000,4.416],[1509292800000,4.452],[1509379200000,4.501],[1509465600000,4.506],[1509552000000,4.49],[1509638400000,4.547],[1509811200000,4.52],[1509897600000,4.51],[1509984000000,4.485],[1510070400000,4.427],[1510156800000,4.382],[1510243200000,4.342],[1510416000000,4.262],[1510502400000,4.22],[1510588800000,4.194],[1510675200000,4.237],[1510761600000,4.267],[1510848000000,4.296],[1511020800000,4.353],[1511107200000,4.381],[1511193600000,4.414],[1511280000000,4.426],[1511366400000,4.45],[1511452800000,4.479],[1511625600000,4.537],[1511712000000,4.568],[1511798400000,4.598],[1511884800000,4.626],[1511971200000,4.634],[1512057600000,4.648],[1512230400000,4.673],[1512316800000,4.66],[1512403200000,4.686],[1512489600000,4.669],[1512576000000,4.65],[1512662400000,4.643],[1512835200000,4.626],[1512921600000,4.663],[1513008000000,4.637],[1513094400000,4.65],[1513180800000,4.676],[1513267200000,4.679],[1513440000000,4.689],[1513526400000,4.689],[1513612800000,4.708],[1513699200000,4.705],[1513785600000,4.699],[1513872000000,4.688],[1514044800000,4.669],[1514131200000,4.649],[1514217600000,4.65],[1514304000000,4.725],[1514390400000,4.894],[1514476800000,5.048],[1514649600000,5.357],[1514736000000,5.511],[1514822400000,5.616],[1514908800000,5.568],[1514995200000,5.383],[1515081600000,5.202],[1515254400000,4.835],[1515340800000,4.644],[1515427200000,4.474],[1515513600000,4.4],[1515600000000,4.375],[1515686400000,4.375],[1515859200000,4.384],[1515945600000,4.401],[1516032000000,4.434],[1516118400000,4.478],[1516204800000,4.527],[1516291200000,4.563],[1516464000000,4.635],[1516550400000,4.656],[1516636800000,4.661],[1516723200000,4.64],[1516809600000,4.61],[1516896000000,4.589],[1517068800000,4.545],[1517155200000,4.536],[1517241600000,4.539],[1517328000000,4.562],[1517414400000,4.588],[1517500800000,4.601],[1517673600000,4.627],[1517760000000,4.637],[1517846400000,4.635]];
/*资产配置*/
var Data_assetAllocationCurrency ={"categories":["12-31","09-30","06-30","03-31"],"series":[{"name":"股票","data":[null,null,null,null]},{"name":"债券","data":[30.33,34.29,52.59,49.3]},{"name":"现金","data":[68.6,48.69,38.15,17.97]}]};
/*累计收益率走势*/
var Data_grandTotal = [{"name":"天弘弘运宝货币A","data":[[1501948800000,0],[1502035200000,0.00],[1502121600000,0.01],[1502208000000,0.01],[1502294400000,0.01],[1502380800000,0.02],[1502553600000,0.02],[1502640000000,0.05],[1502726400000,0.05],[1502812800000,0.05],[1502899200000,0.05],[1502985600000,0.06],[1503158400000,0.06],[1503244800000,0.13],[1503331200000,0.13],[1503417600000,0.13],[1503504000000,0.14],[1503590400000,0.14],[1503763200000,0.14],[1503849600000,0.21],[1503936000000,0.22],[1504022400000,0.23],[1504108800000,0.24],[1504195200000,0.24],[1504368000000,0.26],[1504454400000,0.30],[1504540800000,0.31],[1504627200000,0.32],[1504713600000,0.33],[1504800000000,0.35],[1504972800000,0.37],[1505059200000,0.38],[1505145600000,0.39],[1505232000000,0.41],[1505318400000,0.42],[1505404800000,0.44],[1505577600000,0.46],[1505664000000,0.47],[1505750400000,0.48],[1505836800000,0.49],[1505923200000,0.51],[1506009600000,0.52],[1506182400000,0.55],[1506268800000,0.56],[1506355200000,0.57],[1506441600000,0.58],[1506528000000,0.60],[1506614400000,0.61],[1507392000000,0.71],[1507478400000,0.73],[1507564800000,0.74],[1507651200000,0.75],[1507737600000,0.76],[1507824000000,0.78],[1507996800000,0.80],[1508083200000,0.81],[1508169600000,0.82],[1508256000000,0.84],[1508342400000,0.85],[1508428800000,0.86],[1508601600000,0.88],[1508688000000,0.89],[1508774400000,0.90],[1508860800000,0.92],[1508947200000,0.93],[1509033600000,0.94],[1509206400000,0.97],[1509292800000,0.98],[1509379200000,0.99],[1509465600000,1.00],[1509552000000,1.01],[1509638400000,1.03],[1509811200000,1.05],[1509897600000,1.06],[1509984000000,1.07],[1510070400000,1.09],[1510156800000,1.10],[1510243200000,1.11],[1510416000000,1.13],[1510502400000,1.14],[1510588800000,1.15],[1510675200000,1.17],[1510761600000,1.18],[1510848000000,1.19],[1511020800000,1.21],[1511107200000,1.23],[1511193600000,1.24],[1511280000000,1.25],[1511366400000,1.26],[1511452800000,1.28],[1511625600000,1.30],[1511712000000,1.31],[1511798400000,1.33],[1511884800000,1.34],[1511971200000,1.35],[1512057600000,1.36],[1512230400000,1.39],[1512316800000,1.40],[1512403200000,1.41],[1512489600000,1.43],[1512576000000,1.44],[1512662400000,1.45],[1512835200000,1.48],[1512921600000,1.49],[1513008000000,1.50],[1513094400000,1.52],[1513180800000,1.53],[1513267200000,1.54],[1513440000000,1.57],[1513526400000,1.58],[1513612800000,1.59],[1513699200000,1.60],[1513785600000,1.62],[1513872000000,1.63],[1514044800000,1.66],[1514131200000,1.67],[1514217600000,1.68],[1514304000000,1.69],[1514390400000,1.71],[1514476800000,1.73],[1514649600000,1.76],[1514736000000,1.77],[1514822400000,1.79],[1514908800000,1.80],[1514995200000,1.81],[1515081600000,1.83],[1515254400000,1.85],[1515340800000,1.86],[1515427200000,1.87],[1515513600000,1.88],[1515600000000,1.90],[1515686400000,1.91],[1515859200000,1.93],[1515945600000,1.95],[1516032000000,1.96],[1516118400000,1.97],[1516204800000,1.98],[1516291200000,2.00],[1516464000000,2.02],[1516550400000,2.03],[1516636800000,2.05],[1516723200000,2.06],[1516809600000,2.07],[1516896000000,2.08],[1517068800000,2.11],[1517155200000,2.12],[1517241600000,2.13],[1517328000000,2.15],[1517414400000,2.16],[1517500800000,2.17],[1517673600000,2.20],[1517760000000,2.21],[1517846400000,2.22]]},{"name":"同类平均","data":[[1502035200000,0],[1502121600000,0.01],[1502208000000,0.02],[1502294400000,0.03],[1502380800000,0.04],[1502640000000,0.07],[1502726400000,0.08],[1502812800000,0.09],[1502899200000,0.10],[1502985600000,0.11],[1503244800000,0.14],[1503331200000,0.16],[1503417600000,0.17],[1503504000000,0.18],[1503590400000,0.19],[1503849600000,0.22],[1503936000000,0.23],[1504022400000,0.24],[1504108800000,0.25],[1504195200000,0.26],[1504454400000,0.29],[1504540800000,0.30],[1504627200000,0.31],[1504713600000,0.32],[1504800000000,0.34],[1505059200000,0.37],[1505145600000,0.38],[1505232000000,0.39],[1505318400000,0.40],[1505404800000,0.41],[1505664000000,0.44],[1505750400000,0.45],[1505836800000,0.46],[1505923200000,0.47],[1506009600000,0.48],[1506268800000,0.52],[1506355200000,0.53],[1506441600000,0.54],[1506528000000,0.55],[1506614400000,0.56],[1507478400000,0.67],[1507564800000,0.68],[1507651200000,0.69],[1507737600000,0.71],[1507824000000,0.72],[1508083200000,0.75],[1508169600000,0.76],[1508256000000,0.77],[1508342400000,0.78],[1508428800000,0.79],[1508688000000,0.82],[1508774400000,0.83],[1508860800000,0.84],[1508947200000,0.85],[1509033600000,0.86],[1509292800000,0.90],[1509379200000,0.91],[1509465600000,0.92],[1509552000000,0.93],[1509638400000,0.94],[1509897600000,0.97],[1509984000000,0.98],[1510070400000,0.99],[1510156800000,1.00],[1510243200000,1.01],[1510502400000,1.04],[1510588800000,1.06],[1510675200000,1.07],[1510761600000,1.08],[1510848000000,1.09],[1511107200000,1.12],[1511193600000,1.13],[1511280000000,1.14],[1511366400000,1.15],[1511452800000,1.16],[1511712000000,1.20],[1511798400000,1.21],[1511884800000,1.22],[1511971200000,1.23],[1512057600000,1.24],[1512316800000,1.28],[1512403200000,1.29],[1512489600000,1.30],[1512576000000,1.31],[1512662400000,1.32],[1512921600000,1.35],[1513008000000,1.36],[1513094400000,1.38],[1513180800000,1.39],[1513267200000,1.40],[1513526400000,1.43],[1513612800000,1.44],[1513699200000,1.46],[1513785600000,1.47],[1513872000000,1.48],[1514131200000,1.51],[1514217600000,1.53],[1514304000000,1.54],[1514390400000,1.55],[1514476800000,1.57],[1514822400000,1.62],[1514908800000,1.64],[1514995200000,1.65],[1515081600000,1.66],[1515340800000,1.69],[1515427200000,1.71],[1515513600000,1.72],[1515600000000,1.73],[1515686400000,1.74],[1515945600000,1.77],[1516032000000,1.79],[1516118400000,1.80],[1516204800000,1.81],[1516291200000,1.82],[1516550400000,1.86],[1516636800000,1.87],[1516723200000,1.88],[1516809600000,1.89],[1516896000000,1.90],[1517155200000,1.94],[1517241600000,1.95],[1517328000000,1.96],[1517414400000,1.97],[1517500800000,1.98],[1517760000000,2.02],[1517846400000,2.03]]},{"name":"沪深300","data":[[1502035200000,0],[1502121600000,0.15],[1502208000000,0.11],[1502294400000,-0.29],[1502380800000,-2.13],[1502640000000,-0.86],[1502726400000,-0.56],[1502812800000,-0.68],[1502899200000,-0.15],[1502985600000,-0.06],[1503244800000,0.38],[1503331200000,0.68],[1503417600000,0.79],[1503504000000,0.21],[1503590400000,1.85],[1503849600000,3.11],[1503936000000,2.89],[1504022400000,2.88],[1504108800000,2.56],[1504195200000,2.78],[1504454400000,3.19],[1504540800000,3.50],[1504627200000,3.29],[1504713600000,2.77],[1504800000000,2.66],[1505059200000,2.65],[1505145600000,2.98],[1505232000000,3.11],[1505318400000,2.77],[1505404800000,2.80],[1505664000000,3.12],[1505750400000,2.83],[1505836800000,3.10],[1505923200000,2.98],[1506009600000,2.98],[1506268800000,2.44],[1506355200000,2.52],[1506441600000,2.53],[1506528000000,2.57],[1506614400000,2.94],[1507478400000,4.17],[1507564800000,4.38],[1507651200000,4.72],[1507737600000,5.00],[1507824000000,5.21],[1508083200000,5.01],[1508169600000,5.00],[1508256000000,5.83],[1508342400000,5.49],[1508428800000,5.37],[1508688000000,5.47],[1508774400000,6.24],[1508860800000,6.71],[1508947200000,7.16],[1509033600000,7.92],[1509292800000,7.59],[1509379200000,7.51],[1509465600000,7.24],[1509552000000,7.25],[1509638400000,7.13],[1509897600000,7.89],[1509984000000,8.79],[1510070400000,8.62],[1510156800000,9.37],[1510243200000,10.33],[1510502400000,10.77],[1510588800000,10.00],[1510675200000,9.31],[1510761600000,10.15],[1510848000000,10.57],[1511107200000,11.19],[1511193600000,13.17],[1511280000000,13.44],[1511366400000,10.08],[1511452800000,10.13],[1511712000000,8.67],[1511798400000,8.83],[1511884800000,8.77],[1511971200000,7.49],[1512057600000,7.28],[1512316800000,7.84],[1512403200000,8.41],[1512489600000,7.76],[1512576000000,6.55],[1512662400000,7.42],[1512921600000,9.20],[1513008000000,7.76],[1513094400000,8.67],[1513180800000,8.03],[1513267200000,6.82],[1513526400000,6.94],[1513612800000,8.28],[1513699200000,8.15],[1513785600000,9.15],[1513872000000,8.80],[1514131200000,8.45],[1514217600000,8.77],[1514304000000,7.09],[1514390400000,7.84],[1514476800000,8.16],[1514822400000,9.68],[1514908800000,10.32],[1514995200000,10.79],[1515081600000,11.05],[1515340800000,11.63],[1515427200000,12.41],[1515513600000,12.91],[1515600000000,12.85],[1515686400000,13.37],[1515945600000,13.37],[1516032000000,14.27],[1516118400000,13.99],[1516204800000,14.61],[1516291200000,14.99],[1516550400000,16.36],[1516636800000,17.60],[1516723200000,17.79],[1516809600000,17.13],[1516896000000,17.56],[1517155200000,15.43],[1517241600000,14.20],[1517328000000,14.73],[1517414400000,13.93],[1517500800000,14.61],[1517760000000,14.69],[1517846400000,11.33]]}];
/*同类排名*/
var Data_rateInSimilarType = [{"x":1447603200000,"y":343,"sc":"350"},{"x":1447689600000,"y":343,"sc":"350"},{"x":1447776000000,"y":343,"sc":"350"},{"x":1447862400000,"y":344,"sc":"352"},{"x":1447948800000,"y":343,"sc":"350"},{"x":1448208000000,"y":345,"sc":"353"},{"x":1448294400000,"y":345,"sc":"353"},{"x":1448380800000,"y":344,"sc":"351"},{"x":1448467200000,"y":344,"sc":"351"},{"x":1448553600000,"y":345,"sc":"353"},{"x":1448812800000,"y":345,"sc":"353"},{"x":1448899200000,"y":344,"sc":"353"},{"x":1448985600000,"y":344,"sc":"351"},{"x":1449072000000,"y":344,"sc":"351"},{"x":1449158400000,"y":344,"sc":"353"},{"x":1449417600000,"y":343,"sc":"353"},{"x":1449504000000,"y":343,"sc":"353"},{"x":1449590400000,"y":343,"sc":"353"},{"x":1449676800000,"y":343,"sc":"353"},{"x":1449763200000,"y":343,"sc":"353"},{"x":1450022400000,"y":342,"sc":"352"},{"x":1450108800000,"y":342,"sc":"352"},{"x":1450195200000,"y":342,"sc":"352"},{"x":1450281600000,"y":342,"sc":"352"},{"x":1450368000000,"y":342,"sc":"351"},{"x":1450627200000,"y":342,"sc":"351"},{"x":1450713600000,"y":342,"sc":"351"},{"x":1450800000000,"y":341,"sc":"351"},{"x":1450886400000,"y":341,"sc":"351"},{"x":1450972800000,"y":341,"sc":"352"},{"x":1451232000000,"y":343,"sc":"354"},{"x":1451318400000,"y":343,"sc":"354"},{"x":1451404800000,"y":344,"sc":"356"},{"x":1451491200000,"y":344,"sc":"356"},{"x":1451836800000,"y":344,"sc":"356"},{"x":1451923200000,"y":344,"sc":"356"},{"x":1452009600000,"y":344,"sc":"356"},{"x":1452096000000,"y":342,"sc":"356"},{"x":1452182400000,"y":342,"sc":"356"},{"x":1452441600000,"y":342,"sc":"356"},{"x":1452528000000,"y":342,"sc":"356"},{"x":1452614400000,"y":342,"sc":"356"},{"x":1452700800000,"y":342,"sc":"356"},{"x":1452787200000,"y":341,"sc":"356"},{"x":1453046400000,"y":340,"sc":"356"},{"x":1453132800000,"y":340,"sc":"356"},{"x":1453219200000,"y":340,"sc":"356"},{"x":1453305600000,"y":339,"sc":"357"},{"x":1453392000000,"y":340,"sc":"358"},{"x":1453651200000,"y":341,"sc":"360"},{"x":1453737600000,"y":341,"sc":"360"},{"x":1453824000000,"y":339,"sc":"360"},{"x":1453910400000,"y":340,"sc":"360"},{"x":1453996800000,"y":339,"sc":"360"},{"x":1454256000000,"y":336,"sc":"360"},{"x":1454342400000,"y":336,"sc":"360"},{"x":1454428800000,"y":332,"sc":"360"},{"x":1454515200000,"y":335,"sc":"365"},{"x":1454601600000,"y":334,"sc":"366"},{"x":1455465600000,"y":319,"sc":"369"},{"x":1455552000000,"y":319,"sc":"369"},{"x":1455638400000,"y":318,"sc":"369"},{"x":1455724800000,"y":318,"sc":"369"},{"x":1455811200000,"y":317,"sc":"369"},{"x":1456070400000,"y":317,"sc":"369"},{"x":1456156800000,"y":318,"sc":"370"},{"x":1456243200000,"y":321,"sc":"373"},{"x":1456329600000,"y":321,"sc":"373"},{"x":1456416000000,"y":323,"sc":"375"},{"x":1456675200000,"y":324,"sc":"375"},{"x":1456761600000,"y":324,"sc":"376"},{"x":1456848000000,"y":325,"sc":"376"},{"x":1456934400000,"y":326,"sc":"376"},{"x":1457020800000,"y":325,"sc":"376"},{"x":1457280000000,"y":325,"sc":"376"},{"x":1457366400000,"y":328,"sc":"380"},{"x":1457452800000,"y":327,"sc":"380"},{"x":1457539200000,"y":329,"sc":"380"},{"x":1457625600000,"y":329,"sc":"381"},{"x":1457884800000,"y":250,"sc":"381"},{"x":1457971200000,"y":245,"sc":"380"},{"x":1458057600000,"y":242,"sc":"382"},{"x":1458144000000,"y":239,"sc":"383"},{"x":1458230400000,"y":239,"sc":"383"},{"x":1458489600000,"y":228,"sc":"383"},{"x":1458576000000,"y":226,"sc":"385"},{"x":1458662400000,"y":223,"sc":"385"},{"x":1458748800000,"y":221,"sc":"385"},{"x":1458835200000,"y":215,"sc":"391"},{"x":1459094400000,"y":219,"sc":"391"},{"x":1459180800000,"y":214,"sc":"391"},{"x":1459267200000,"y":209,"sc":"391"},{"x":1459353600000,"y":210,"sc":"392"},{"x":1459440000000,"y":207,"sc":"392"},{"x":1459785600000,"y":208,"sc":"392"},{"x":1459872000000,"y":207,"sc":"392"},{"x":1459958400000,"y":205,"sc":"392"},{"x":1460044800000,"y":200,"sc":"392"},{"x":1460304000000,"y":193,"sc":"394"},{"x":1460390400000,"y":194,"sc":"394"},{"x":1460476800000,"y":194,"sc":"394"},{"x":1460563200000,"y":189,"sc":"394"},{"x":1460649600000,"y":188,"sc":"394"},{"x":1460908800000,"y":185,"sc":"394"},{"x":1460995200000,"y":182,"sc":"394"},{"x":1461081600000,"y":179,"sc":"394"},{"x":1461168000000,"y":193,"sc":"394"},{"x":1461254400000,"y":190,"sc":"394"},{"x":1461513600000,"y":187,"sc":"394"},{"x":1461600000000,"y":184,"sc":"394"},{"x":1461686400000,"y":184,"sc":"394"},{"x":1461772800000,"y":185,"sc":"394"},{"x":1461859200000,"y":187,"sc":"394"},{"x":1462204800000,"y":169,"sc":"394"},{"x":1462291200000,"y":169,"sc":"394"},{"x":1462377600000,"y":168,"sc":"400"},{"x":1462464000000,"y":165,"sc":"400"},{"x":1462723200000,"y":144,"sc":"400"},{"x":1462809600000,"y":142,"sc":"400"},{"x":1462896000000,"y":141,"sc":"400"},{"x":1462982400000,"y":139,"sc":"400"},{"x":1463068800000,"y":139,"sc":"400"},{"x":1463328000000,"y":159,"sc":"400"},{"x":1463414400000,"y":156,"sc":"400"},{"x":1463500800000,"y":158,"sc":"400"},{"x":1463587200000,"y":157,"sc":"400"},{"x":1463673600000,"y":151,"sc":"400"},{"x":1463932800000,"y":150,"sc":"400"},{"x":1464019200000,"y":150,"sc":"400"},{"x":1464105600000,"y":147,"sc":"400"},{"x":1464192000000,"y":141,"sc":"400"},{"x":1464278400000,"y":133,"sc":"400"},{"x":1464537600000,"y":140,"sc":"400"},{"x":1464624000000,"y":141,"sc":"400"},{"x":1464710400000,"y":135,"sc":"400"},{"x":1464796800000,"y":132,"sc":"400"},{"x":1464883200000,"y":129,"sc":"400"},{"x":1465142400000,"y":128,"sc":"402"},{"x":1465228800000,"y":125,"sc":"402"},{"x":1465315200000,"y":118,"sc":"402"},{"x":1465747200000,"y":119,"sc":"402"},{"x":1465833600000,"y":259,"sc":"402"},{"x":1465920000000,"y":261,"sc":"403"},{"x":1466006400000,"y":261,"sc":"403"},{"x":1466092800000,"y":260,"sc":"403"},{"x":1466352000000,"y":267,"sc":"403"},{"x":1466438400000,"y":268,"sc":"404"},{"x":1466524800000,"y":269,"sc":"404"},{"x":1466611200000,"y":265,"sc":"404"},{"x":1466697600000,"y":265,"sc":"404"},{"x":1466956800000,"y":264,"sc":"404"},{"x":1467043200000,"y":258,"sc":"404"},{"x":1467129600000,"y":262,"sc":"404"},{"x":1467216000000,"y":256,"sc":"404"},{"x":1467302400000,"y":255,"sc":"404"},{"x":1467561600000,"y":254,"sc":"404"},{"x":1467648000000,"y":250,"sc":"404"},{"x":1467734400000,"y":249,"sc":"404"},{"x":1467820800000,"y":248,"sc":"404"},{"x":1467907200000,"y":243,"sc":"404"},{"x":1468166400000,"y":246,"sc":"404"},{"x":1468252800000,"y":242,"sc":"404"},{"x":1468339200000,"y":246,"sc":"404"},{"x":1468425600000,"y":247,"sc":"404"},{"x":1468512000000,"y":247,"sc":"404"},{"x":1468771200000,"y":248,"sc":"404"},{"x":1468857600000,"y":246,"sc":"404"},{"x":1468944000000,"y":247,"sc":"405"},{"x":1469030400000,"y":249,"sc":"405"},{"x":1469116800000,"y":244,"sc":"405"},{"x":1469376000000,"y":247,"sc":"405"},{"x":1469462400000,"y":247,"sc":"405"},{"x":1469548800000,"y":246,"sc":"405"},{"x":1469635200000,"y":244,"sc":"407"},{"x":1469721600000,"y":246,"sc":"407"},{"x":1469980800000,"y":229,"sc":"407"},{"x":1470067200000,"y":242,"sc":"407"},{"x":1470153600000,"y":238,"sc":"407"},{"x":1470240000000,"y":239,"sc":"409"},{"x":1470326400000,"y":239,"sc":"409"},{"x":1470585600000,"y":240,"sc":"412"},{"x":1470672000000,"y":234,"sc":"413"},{"x":1470758400000,"y":229,"sc":"413"},{"x":1470844800000,"y":226,"sc":"413"},{"x":1470931200000,"y":223,"sc":"413"},{"x":1471190400000,"y":225,"sc":"413"},{"x":1471276800000,"y":222,"sc":"413"},{"x":1471363200000,"y":225,"sc":"414"},{"x":1471449600000,"y":224,"sc":"415"},{"x":1471536000000,"y":224,"sc":"415"},{"x":1471795200000,"y":228,"sc":"416"},{"x":1471881600000,"y":226,"sc":"416"},{"x":1471968000000,"y":224,"sc":"416"},{"x":1472054400000,"y":227,"sc":"416"},{"x":1472140800000,"y":230,"sc":"416"},{"x":1472400000000,"y":232,"sc":"416"},{"x":1472486400000,"y":230,"sc":"416"},{"x":1472572800000,"y":228,"sc":"416"},{"x":1472659200000,"y":223,"sc":"416"},{"x":1472745600000,"y":226,"sc":"417"},{"x":1473004800000,"y":226,"sc":"421"},{"x":1473091200000,"y":220,"sc":"421"},{"x":1473177600000,"y":212,"sc":"421"},{"x":1473264000000,"y":209,"sc":"423"},{"x":1473350400000,"y":209,"sc":"424"},{"x":1473609600000,"y":209,"sc":"424"},{"x":1473696000000,"y":207,"sc":"424"},{"x":1473782400000,"y":209,"sc":"424"},{"x":1474214400000,"y":202,"sc":"424"},{"x":1474300800000,"y":198,"sc":"424"},{"x":1474387200000,"y":200,"sc":"424"},{"x":1474473600000,"y":203,"sc":"427"},{"x":1474560000000,"y":196,"sc":"427"},{"x":1474819200000,"y":198,"sc":"430"},{"x":1474905600000,"y":194,"sc":"430"},{"x":1474992000000,"y":196,"sc":"430"},{"x":1475078400000,"y":199,"sc":"432"},{"x":1475164800000,"y":197,"sc":"432"},{"x":1476028800000,"y":201,"sc":"434"},{"x":1476115200000,"y":200,"sc":"434"},{"x":1476201600000,"y":201,"sc":"435"},{"x":1476288000000,"y":200,"sc":"437"},{"x":1476374400000,"y":195,"sc":"435"},{"x":1476633600000,"y":197,"sc":"436"},{"x":1476720000000,"y":193,"sc":"438"},{"x":1476806400000,"y":196,"sc":"437"},{"x":1476892800000,"y":200,"sc":"437"},{"x":1476979200000,"y":201,"sc":"437"},{"x":1477238400000,"y":205,"sc":"440"},{"x":1477324800000,"y":204,"sc":"440"},{"x":1477411200000,"y":206,"sc":"441"},{"x":1477497600000,"y":206,"sc":"441"},{"x":1477584000000,"y":207,"sc":"445"},{"x":1477843200000,"y":209,"sc":"447"},{"x":1477929600000,"y":209,"sc":"447"},{"x":1478016000000,"y":208,"sc":"447"},{"x":1478102400000,"y":209,"sc":"447"},{"x":1478188800000,"y":212,"sc":"448"},{"x":1478448000000,"y":216,"sc":"450"},{"x":1478534400000,"y":214,"sc":"450"},{"x":1478620800000,"y":215,"sc":"450"},{"x":1478707200000,"y":219,"sc":"450"},{"x":1478793600000,"y":217,"sc":"450"},{"x":1479052800000,"y":221,"sc":"450"},{"x":1479139200000,"y":219,"sc":"450"},{"x":1479225600000,"y":219,"sc":"450"},{"x":1479312000000,"y":218,"sc":"450"},{"x":1479398400000,"y":218,"sc":"450"},{"x":1479657600000,"y":222,"sc":"451"},{"x":1479744000000,"y":216,"sc":"451"},{"x":1479830400000,"y":218,"sc":"451"},{"x":1479916800000,"y":217,"sc":"451"},{"x":1480003200000,"y":222,"sc":"451"},{"x":1480262400000,"y":224,"sc":"451"},{"x":1480348800000,"y":226,"sc":"452"},{"x":1480435200000,"y":227,"sc":"452"},{"x":1480521600000,"y":227,"sc":"452"},{"x":1480608000000,"y":229,"sc":"455"},{"x":1480867200000,"y":229,"sc":"455"},{"x":1480953600000,"y":227,"sc":"455"},{"x":1481040000000,"y":235,"sc":"455"},{"x":1481126400000,"y":239,"sc":"455"},{"x":1481212800000,"y":241,"sc":"456"},{"x":1481472000000,"y":247,"sc":"457"},{"x":1481558400000,"y":253,"sc":"458"},{"x":1481644800000,"y":255,"sc":"458"},{"x":1481731200000,"y":251,"sc":"458"},{"x":1481817600000,"y":246,"sc":"458"},{"x":1482076800000,"y":262,"sc":"458"},{"x":1482163200000,"y":268,"sc":"458"},{"x":1482249600000,"y":272,"sc":"458"},{"x":1482336000000,"y":281,"sc":"459"},{"x":1482422400000,"y":290,"sc":"463"},{"x":1482681600000,"y":321,"sc":"464"},{"x":1482768000000,"y":323,"sc":"464"},{"x":1482854400000,"y":325,"sc":"466"},{"x":1482940800000,"y":326,"sc":"466"},{"x":1483027200000,"y":327,"sc":"469"},{"x":1483372800000,"y":321,"sc":"469"},{"x":1483459200000,"y":312,"sc":"468"},{"x":1483545600000,"y":302,"sc":"469"},{"x":1483632000000,"y":307,"sc":"469"},{"x":1483891200000,"y":365,"sc":"469"},{"x":1483977600000,"y":368,"sc":"469"},{"x":1484064000000,"y":374,"sc":"469"},{"x":1484150400000,"y":384,"sc":"469"},{"x":1484236800000,"y":388,"sc":"469"},{"x":1484496000000,"y":419,"sc":"472"},{"x":1484582400000,"y":421,"sc":"474"},{"x":1484668800000,"y":428,"sc":"476"},{"x":1484755200000,"y":431,"sc":"476"},{"x":1484841600000,"y":436,"sc":"476"},{"x":1485100800000,"y":452,"sc":"481"},{"x":1485187200000,"y":452,"sc":"482"},{"x":1485273600000,"y":456,"sc":"484"},{"x":1485360000000,"y":457,"sc":"485"},{"x":1486051200000,"y":468,"sc":"489"},{"x":1486310400000,"y":470,"sc":"491"},{"x":1486396800000,"y":470,"sc":"491"},{"x":1486483200000,"y":470,"sc":"491"},{"x":1486569600000,"y":470,"sc":"491"},{"x":1486656000000,"y":473,"sc":"494"},{"x":1486915200000,"y":475,"sc":"496"},{"x":1487001600000,"y":477,"sc":"496"},{"x":1487088000000,"y":477,"sc":"496"},{"x":1487174400000,"y":477,"sc":"496"},{"x":1487260800000,"y":478,"sc":"496"},{"x":1487520000000,"y":478,"sc":"496"},{"x":1487606400000,"y":478,"sc":"496"},{"x":1487692800000,"y":479,"sc":"496"},{"x":1487779200000,"y":481,"sc":"498"},{"x":1487865600000,"y":483,"sc":"500"},{"x":1488124800000,"y":488,"sc":"503"},{"x":1488211200000,"y":490,"sc":"503"},{"x":1488297600000,"y":490,"sc":"503"},{"x":1488384000000,"y":494,"sc":"511"},{"x":1488470400000,"y":494,"sc":"511"},{"x":1488729600000,"y":498,"sc":"513"},{"x":1488816000000,"y":501,"sc":"515"},{"x":1488902400000,"y":502,"sc":"516"},{"x":1488988800000,"y":504,"sc":"518"},{"x":1489075200000,"y":504,"sc":"518"},{"x":1489334400000,"y":504,"sc":"518"},{"x":1489420800000,"y":504,"sc":"518"},{"x":1489507200000,"y":504,"sc":"518"},{"x":1489593600000,"y":506,"sc":"520"},{"x":1489680000000,"y":506,"sc":"520"},{"x":1489939200000,"y":509,"sc":"522"},{"x":1490025600000,"y":509,"sc":"522"},{"x":1490112000000,"y":511,"sc":"524"},{"x":1490198400000,"y":517,"sc":"530"},{"x":1490284800000,"y":517,"sc":"530"},{"x":1490544000000,"y":521,"sc":"534"},{"x":1490630400000,"y":522,"sc":"535"},{"x":1490716800000,"y":522,"sc":"535"},{"x":1490803200000,"y":525,"sc":"538"},{"x":1490889600000,"y":525,"sc":"538"},{"x":1491321600000,"y":526,"sc":"538"},{"x":1491408000000,"y":528,"sc":"540"},{"x":1491494400000,"y":528,"sc":"540"},{"x":1491753600000,"y":528,"sc":"540"},{"x":1491840000000,"y":528,"sc":"540"},{"x":1491926400000,"y":528,"sc":"540"},{"x":1492012800000,"y":529,"sc":"541"},{"x":1492099200000,"y":529,"sc":"541"},{"x":1492358400000,"y":530,"sc":"543"},{"x":1492444800000,"y":530,"sc":"543"},{"x":1492531200000,"y":530,"sc":"543"},{"x":1492617600000,"y":532,"sc":"545"},{"x":1492704000000,"y":532,"sc":"545"},{"x":1492963200000,"y":532,"sc":"545"},{"x":1493049600000,"y":534,"sc":"547"},{"x":1493136000000,"y":536,"sc":"549"},{"x":1493222400000,"y":536,"sc":"549"},{"x":1493308800000,"y":536,"sc":"549"},{"x":1493654400000,"y":534,"sc":"549"},{"x":1493740800000,"y":535,"sc":"550"},{"x":1493827200000,"y":535,"sc":"550"},{"x":1493913600000,"y":535,"sc":"550"},{"x":1494172800000,"y":535,"sc":"550"},{"x":1494259200000,"y":535,"sc":"550"},{"x":1494345600000,"y":535,"sc":"550"},{"x":1494432000000,"y":535,"sc":"550"},{"x":1494518400000,"y":535,"sc":"550"},{"x":1494777600000,"y":538,"sc":"554"},{"x":1494864000000,"y":540,"sc":"556"},{"x":1494950400000,"y":544,"sc":"560"},{"x":1495036800000,"y":544,"sc":"560"},{"x":1495123200000,"y":544,"sc":"560"},{"x":1495382400000,"y":544,"sc":"560"},{"x":1495468800000,"y":544,"sc":"562"},{"x":1495555200000,"y":546,"sc":"564"},{"x":1495641600000,"y":546,"sc":"564"},{"x":1495728000000,"y":545,"sc":"564"},{"x":1496160000000,"y":541,"sc":"564"},{"x":1496246400000,"y":541,"sc":"564"},{"x":1496332800000,"y":540,"sc":"564"},{"x":1496592000000,"y":543,"sc":"566"},{"x":1496678400000,"y":542,"sc":"566"},{"x":1496764800000,"y":542,"sc":"566"},{"x":1496851200000,"y":542,"sc":"566"},{"x":1496937600000,"y":541,"sc":"566"},{"x":1497196800000,"y":547,"sc":"574"},{"x":1497283200000,"y":547,"sc":"574"},{"x":1497369600000,"y":548,"sc":"575"},{"x":1497456000000,"y":547,"sc":"575"},{"x":1497542400000,"y":546,"sc":"575"},{"x":1497801600000,"y":544,"sc":"577"},{"x":1497888000000,"y":543,"sc":"577"},{"x":1497974400000,"y":541,"sc":"575"},{"x":1498060800000,"y":540,"sc":"575"},{"x":1498147200000,"y":541,"sc":"576"},{"x":1498406400000,"y":544,"sc":"579"},{"x":1498492800000,"y":543,"sc":"579"},{"x":1498579200000,"y":543,"sc":"579"},{"x":1498665600000,"y":543,"sc":"579"},{"x":1498752000000,"y":544,"sc":"582"},{"x":1499011200000,"y":543,"sc":"582"},{"x":1499097600000,"y":547,"sc":"582"},{"x":1499184000000,"y":549,"sc":"583"},{"x":1499270400000,"y":542,"sc":"583"},{"x":1499356800000,"y":542,"sc":"583"},{"x":1499616000000,"y":518,"sc":"583"},{"x":1499702400000,"y":516,"sc":"583"},{"x":1499788800000,"y":515,"sc":"583"},{"x":1499875200000,"y":514,"sc":"583"},{"x":1499961600000,"y":514,"sc":"586"},{"x":1500220800000,"y":504,"sc":"586"},{"x":1500307200000,"y":500,"sc":"586"},{"x":1500393600000,"y":498,"sc":"589"},{"x":1500480000000,"y":485,"sc":"589"},{"x":1500566400000,"y":484,"sc":"593"},{"x":1500825600000,"y":481,"sc":"593"},{"x":1500912000000,"y":480,"sc":"593"},{"x":1500998400000,"y":478,"sc":"594"},{"x":1501084800000,"y":476,"sc":"594"},{"x":1501171200000,"y":478,"sc":"594"},{"x":1501430400000,"y":471,"sc":"594"},{"x":1501516800000,"y":477,"sc":"594"},{"x":1501603200000,"y":479,"sc":"594"},{"x":1501689600000,"y":485,"sc":"594"},{"x":1501776000000,"y":494,"sc":"594"},{"x":1502035200000,"y":504,"sc":"596"},{"x":1502121600000,"y":511,"sc":"596"},{"x":1502208000000,"y":515,"sc":"596"},{"x":1502294400000,"y":519,"sc":"596"},{"x":1502380800000,"y":528,"sc":"596"},{"x":1502640000000,"y":507,"sc":"596"},{"x":1502726400000,"y":508,"sc":"596"},{"x":1502812800000,"y":510,"sc":"596"},{"x":1502899200000,"y":514,"sc":"596"},{"x":1502985600000,"y":521,"sc":"596"},{"x":1503244800000,"y":430,"sc":"597"},{"x":1503331200000,"y":436,"sc":"597"},{"x":1503417600000,"y":437,"sc":"597"},{"x":1503504000000,"y":447,"sc":"596"},{"x":1503590400000,"y":471,"sc":"596"},{"x":1503849600000,"y":380,"sc":"600"},{"x":1503936000000,"y":380,"sc":"600"},{"x":1504022400000,"y":433,"sc":"600"},{"x":1504108800000,"y":442,"sc":"601"},{"x":1504195200000,"y":451,"sc":"601"},{"x":1504454400000,"y":410,"sc":"601"},{"x":1504540800000,"y":410,"sc":"601"},{"x":1504627200000,"y":413,"sc":"601"},{"x":1504713600000,"y":397,"sc":"601"},{"x":1504800000000,"y":384,"sc":"601"},{"x":1505059200000,"y":387,"sc":"603"},{"x":1505145600000,"y":383,"sc":"603"},{"x":1505232000000,"y":379,"sc":"603"},{"x":1505318400000,"y":372,"sc":"605"},{"x":1505404800000,"y":366,"sc":"605"},{"x":1505664000000,"y":367,"sc":"606"},{"x":1505750400000,"y":361,"sc":"606"},{"x":1505836800000,"y":350,"sc":"603"},{"x":1505923200000,"y":346,"sc":"603"},{"x":1506009600000,"y":341,"sc":"603"},{"x":1506268800000,"y":321,"sc":"603"},{"x":1506355200000,"y":318,"sc":"603"},{"x":1506441600000,"y":308,"sc":"604"},{"x":1506528000000,"y":299,"sc":"604"},{"x":1506614400000,"y":298,"sc":"606"},{"x":1507478400000,"y":333,"sc":"606"},{"x":1507564800000,"y":403,"sc":"607"},{"x":1507651200000,"y":400,"sc":"607"},{"x":1507737600000,"y":398,"sc":"611"},{"x":1507824000000,"y":393,"sc":"611"},{"x":1508083200000,"y":378,"sc":"612"},{"x":1508169600000,"y":373,"sc":"612"},{"x":1508256000000,"y":373,"sc":"611"},{"x":1508342400000,"y":368,"sc":"611"},{"x":1508428800000,"y":360,"sc":"611"},{"x":1508688000000,"y":325,"sc":"606"},{"x":1508774400000,"y":320,"sc":"606"},{"x":1508860800000,"y":298,"sc":"607"},{"x":1508947200000,"y":276,"sc":"607"},{"x":1509033600000,"y":264,"sc":"607"},{"x":1509292800000,"y":235,"sc":"609"},{"x":1509379200000,"y":217,"sc":"610"},{"x":1509465600000,"y":214,"sc":"610"},{"x":1509552000000,"y":203,"sc":"613"},{"x":1509638400000,"y":178,"sc":"617"},{"x":1509897600000,"y":106,"sc":"621"},{"x":1509984000000,"y":78,"sc":"621"},{"x":1510070400000,"y":60,"sc":"621"},{"x":1510156800000,"y":51,"sc":"623"},{"x":1510243200000,"y":41,"sc":"623"},{"x":1510502400000,"y":20,"sc":"633"},{"x":1510588800000,"y":29,"sc":"635"},{"x":1510675200000,"y":21,"sc":"635"},{"x":1510761600000,"y":17,"sc":"635"},{"x":1510848000000,"y":11,"sc":"636"},{"x":1511107200000,"y":1,"sc":"636"},{"x":1511193600000,"y":30,"sc":"636"},{"x":1511280000000,"y":19,"sc":"636"},{"x":1511366400000,"y":16,"sc":"636"},{"x":1511452800000,"y":10,"sc":"637"},{"x":1511712000000,"y":1,"sc":"640"},{"x":1511798400000,"y":22,"sc":"640"},{"x":1511884800000,"y":20,"sc":"640"},{"x":1511971200000,"y":16,"sc":"641"},{"x":1512057600000,"y":13,"sc":"643"},{"x":1512316800000,"y":22,"sc":"643"},{"x":1512403200000,"y":19,"sc":"643"},{"x":1512489600000,"y":18,"sc":"643"},{"x":1512576000000,"y":22,"sc":"644"},{"x":1512662400000,"y":25,"sc":"652"},{"x":1512921600000,"y":22,"sc":"652"},{"x":1513008000000,"y":21,"sc":"653"},{"x":1513094400000,"y":21,"sc":"653"},{"x":1513180800000,"y":22,"sc":"654"},{"x":1513267200000,"y":26,"sc":"656"},{"x":1513526400000,"y":23,"sc":"656"},{"x":1513612800000,"y":22,"sc":"656"},{"x":1513699200000,"y":22,"sc":"656"},{"x":1513785600000,"y":24,"sc":"655"},{"x":1513872000000,"y":26,"sc":"655"},{"x":1514131200000,"y":32,"sc":"655"},{"x":1514217600000,"y":33,"sc":"655"},{"x":1514304000000,"y":31,"sc":"654"},{"x":1514390400000,"y":29,"sc":"655"},{"x":1514476800000,"y":28,"sc":"655"},{"x":1514822400000,"y":22,"sc":"655"},{"x":1514908800000,"y":23,"sc":"655"},{"x":1514995200000,"y":23,"sc":"655"},{"x":1515081600000,"y":23,"sc":"655"},{"x":1515340800000,"y":30,"sc":"655"},{"x":1515427200000,"y":35,"sc":"655"},{"x":1515513600000,"y":39,"sc":"656"},{"x":1515600000000,"y":39,"sc":"657"},{"x":1515686400000,"y":39,"sc":"657"},{"x":1515945600000,"y":42,"sc":"657"},{"x":1516032000000,"y":42,"sc":"657"},{"x":1516118400000,"y":43,"sc":"657"},{"x":1516204800000,"y":40,"sc":"657"},{"x":1516291200000,"y":38,"sc":"657"},{"x":1516550400000,"y":38,"sc":"657"},{"x":1516636800000,"y":36,"sc":"657"},{"x":1516723200000,"y":36,"sc":"657"},{"x":1516809600000,"y":37,"sc":"657"},{"x":1516896000000,"y":41,"sc":"655"},{"x":1517155200000,"y":41,"sc":"656"},{"x":1517241600000,"y":42,"sc":"656"},{"x":1517328000000,"y":43,"sc":"656"},{"x":1517414400000,"y":43,"sc":"656"},{"x":1517500800000,"y":45,"sc":"656"},{"x":1517760000000,"y":47,"sc":"656"},{"x":1517846400000,"y":50,"sc":"656"}];
/*百分比排名*/
var Data_rateInSimilarPersent = [[1447603200000,2.00],[1447689600000,2.00],[1447776000000,2.00],[1447862400000,2.2700],[1447948800000,2.00],[1448208000000,2.2700],[1448294400000,2.2700],[1448380800000,1.9900],[1448467200000,1.9900],[1448553600000,2.2700],[1448812800000,2.2700],[1448899200000,2.5500],[1448985600000,1.9900],[1449072000000,1.9900],[1449158400000,2.5500],[1449417600000,2.8300],[1449504000000,2.8300],[1449590400000,2.8300],[1449676800000,2.8300],[1449763200000,2.8300],[1450022400000,2.8400],[1450108800000,2.8400],[1450195200000,2.8400],[1450281600000,2.8400],[1450368000000,2.5600],[1450627200000,2.5600],[1450713600000,2.5600],[1450800000000,2.8500],[1450886400000,2.8500],[1450972800000,3.1200],[1451232000000,3.1100],[1451318400000,3.1100],[1451404800000,3.3700],[1451491200000,3.3700],[1451836800000,3.3700],[1451923200000,3.3700],[1452009600000,3.3700],[1452096000000,3.9300],[1452182400000,3.9300],[1452441600000,3.9300],[1452528000000,3.9300],[1452614400000,3.9300],[1452700800000,3.9300],[1452787200000,4.2100],[1453046400000,4.4900],[1453132800000,4.4900],[1453219200000,4.4900],[1453305600000,5.0400],[1453392000000,5.0300],[1453651200000,5.2800],[1453737600000,5.2800],[1453824000000,5.8300],[1453910400000,5.5600],[1453996800000,5.8300],[1454256000000,6.6700],[1454342400000,6.6700],[1454428800000,7.7800],[1454515200000,8.2200],[1454601600000,8.7400],[1455465600000,13.5500],[1455552000000,13.5500],[1455638400000,13.8200],[1455724800000,13.8200],[1455811200000,14.0900],[1456070400000,14.0900],[1456156800000,14.0500],[1456243200000,13.9400],[1456329600000,13.9400],[1456416000000,13.8700],[1456675200000,13.6000],[1456761600000,13.8300],[1456848000000,13.5600],[1456934400000,13.3000],[1457020800000,13.5600],[1457280000000,13.5600],[1457366400000,13.6800],[1457452800000,13.9500],[1457539200000,13.4200],[1457625600000,13.6500],[1457884800000,34.3800],[1457971200000,35.5300],[1458057600000,36.6500],[1458144000000,37.6000],[1458230400000,37.6000],[1458489600000,40.4700],[1458576000000,41.3000],[1458662400000,42.0800],[1458748800000,42.6000],[1458835200000,45.0100],[1459094400000,43.9900],[1459180800000,45.2700],[1459267200000,46.5500],[1459353600000,46.4300],[1459440000000,47.1900],[1459785600000,46.9400],[1459872000000,47.1900],[1459958400000,47.7000],[1460044800000,48.9800],[1460304000000,51.0200],[1460390400000,50.7600],[1460476800000,50.7600],[1460563200000,52.0300],[1460649600000,52.2800],[1460908800000,53.0500],[1460995200000,53.8100],[1461081600000,54.5700],[1461168000000,51.0200],[1461254400000,51.7800],[1461513600000,52.5400],[1461600000000,53.3000],[1461686400000,53.3000],[1461772800000,53.0500],[1461859200000,52.5400],[1462204800000,57.1100],[1462291200000,57.1100],[1462377600000,58.00],[1462464000000,58.7500],[1462723200000,64.00],[1462809600000,64.5000],[1462896000000,64.7500],[1462982400000,65.2500],[1463068800000,65.2500],[1463328000000,60.2500],[1463414400000,61.00],[1463500800000,60.5000],[1463587200000,60.7500],[1463673600000,62.2500],[1463932800000,62.5000],[1464019200000,62.5000],[1464105600000,63.2500],[1464192000000,64.7500],[1464278400000,66.7500],[1464537600000,65.00],[1464624000000,64.7500],[1464710400000,66.2500],[1464796800000,67.00],[1464883200000,67.7500],[1465142400000,68.1600],[1465228800000,68.9100],[1465315200000,70.6500],[1465747200000,70.4000],[1465833600000,35.5700],[1465920000000,35.2400],[1466006400000,35.2400],[1466092800000,35.4800],[1466352000000,33.7500],[1466438400000,33.6600],[1466524800000,33.4200],[1466611200000,34.4100],[1466697600000,34.4100],[1466956800000,34.6500],[1467043200000,36.1400],[1467129600000,35.1500],[1467216000000,36.6300],[1467302400000,36.8800],[1467561600000,37.1300],[1467648000000,38.1200],[1467734400000,38.3700],[1467820800000,38.6100],[1467907200000,39.8500],[1468166400000,39.1100],[1468252800000,40.1000],[1468339200000,39.1100],[1468425600000,38.8600],[1468512000000,38.8600],[1468771200000,38.6100],[1468857600000,39.1100],[1468944000000,39.0100],[1469030400000,38.5200],[1469116800000,39.7500],[1469376000000,39.0100],[1469462400000,39.0100],[1469548800000,39.2600],[1469635200000,40.0500],[1469721600000,39.5600],[1469980800000,43.7300],[1470067200000,40.5400],[1470153600000,41.5200],[1470240000000,41.5600],[1470326400000,41.5600],[1470585600000,41.7500],[1470672000000,43.3400],[1470758400000,44.5500],[1470844800000,45.2800],[1470931200000,46.00],[1471190400000,45.5200],[1471276800000,46.2500],[1471363200000,45.6500],[1471449600000,46.0200],[1471536000000,46.0200],[1471795200000,45.1900],[1471881600000,45.6700],[1471968000000,46.1500],[1472054400000,45.4300],[1472140800000,44.7100],[1472400000000,44.2300],[1472486400000,44.7100],[1472572800000,45.1900],[1472659200000,46.3900],[1472745600000,45.8000],[1473004800000,46.3200],[1473091200000,47.7400],[1473177600000,49.6400],[1473264000000,50.5900],[1473350400000,50.7100],[1473609600000,50.7100],[1473696000000,51.1800],[1473782400000,50.7100],[1474214400000,52.3600],[1474300800000,53.3000],[1474387200000,52.8300],[1474473600000,52.4600],[1474560000000,54.1000],[1474819200000,53.9500],[1474905600000,54.8800],[1474992000000,54.4200],[1475078400000,53.9400],[1475164800000,54.4000],[1476028800000,53.6900],[1476115200000,53.9200],[1476201600000,53.7900],[1476288000000,54.2300],[1476374400000,55.1700],[1476633600000,54.8200],[1476720000000,55.9400],[1476806400000,55.1500],[1476892800000,54.2300],[1476979200000,54.00],[1477238400000,53.4100],[1477324800000,53.6400],[1477411200000,53.2900],[1477497600000,53.2900],[1477584000000,53.4800],[1477843200000,53.2400],[1477929600000,53.2400],[1478016000000,53.4700],[1478102400000,53.2400],[1478188800000,52.6800],[1478448000000,52.00],[1478534400000,52.4400],[1478620800000,52.2200],[1478707200000,51.3300],[1478793600000,51.7800],[1479052800000,50.8900],[1479139200000,51.3300],[1479225600000,51.3300],[1479312000000,51.5600],[1479398400000,51.5600],[1479657600000,50.7800],[1479744000000,52.1100],[1479830400000,51.6600],[1479916800000,51.8800],[1480003200000,50.7800],[1480262400000,50.3300],[1480348800000,50.00],[1480435200000,49.7800],[1480521600000,49.7800],[1480608000000,49.6700],[1480867200000,49.6700],[1480953600000,50.1100],[1481040000000,48.3500],[1481126400000,47.4700],[1481212800000,47.1500],[1481472000000,45.9500],[1481558400000,44.7600],[1481644800000,44.3200],[1481731200000,45.2000],[1481817600000,46.2900],[1482076800000,42.7900],[1482163200000,41.4800],[1482249600000,40.6100],[1482336000000,38.7800],[1482422400000,37.3700],[1482681600000,30.8200],[1482768000000,30.3900],[1482854400000,30.2600],[1482940800000,30.0400],[1483027200000,30.2800],[1483372800000,31.5600],[1483459200000,33.3300],[1483545600000,35.6100],[1483632000000,34.5400],[1483891200000,22.1700],[1483977600000,21.5400],[1484064000000,20.2600],[1484150400000,18.1200],[1484236800000,17.2700],[1484496000000,11.2300],[1484582400000,11.1800],[1484668800000,10.0800],[1484755200000,9.4500],[1484841600000,8.4000],[1485100800000,6.0300],[1485187200000,6.2200],[1485273600000,5.7900],[1485360000000,5.7700],[1486051200000,4.2900],[1486310400000,4.2800],[1486396800000,4.2800],[1486483200000,4.2800],[1486569600000,4.2800],[1486656000000,4.2500],[1486915200000,4.2300],[1487001600000,3.8300],[1487088000000,3.8300],[1487174400000,3.8300],[1487260800000,3.6300],[1487520000000,3.6300],[1487606400000,3.6300],[1487692800000,3.4300],[1487779200000,3.4100],[1487865600000,3.4000],[1488124800000,2.9800],[1488211200000,2.5800],[1488297600000,2.5800],[1488384000000,3.3300],[1488470400000,3.3300],[1488729600000,2.9200],[1488816000000,2.7200],[1488902400000,2.7100],[1488988800000,2.7000],[1489075200000,2.7000],[1489334400000,2.7000],[1489420800000,2.7000],[1489507200000,2.7000],[1489593600000,2.6900],[1489680000000,2.6900],[1489939200000,2.4900],[1490025600000,2.4900],[1490112000000,2.4800],[1490198400000,2.4500],[1490284800000,2.4500],[1490544000000,2.4300],[1490630400000,2.4300],[1490716800000,2.4300],[1490803200000,2.4200],[1490889600000,2.4200],[1491321600000,2.2300],[1491408000000,2.2200],[1491494400000,2.2200],[1491753600000,2.2200],[1491840000000,2.2200],[1491926400000,2.2200],[1492012800000,2.2200],[1492099200000,2.2200],[1492358400000,2.3900],[1492444800000,2.3900],[1492531200000,2.3900],[1492617600000,2.3900],[1492704000000,2.3900],[1492963200000,2.3900],[1493049600000,2.3800],[1493136000000,2.3700],[1493222400000,2.3700],[1493308800000,2.3700],[1493654400000,2.7300],[1493740800000,2.7300],[1493827200000,2.7300],[1493913600000,2.7300],[1494172800000,2.7300],[1494259200000,2.7300],[1494345600000,2.7300],[1494432000000,2.7300],[1494518400000,2.7300],[1494777600000,2.8900],[1494864000000,2.8800],[1494950400000,2.8600],[1495036800000,2.8600],[1495123200000,2.8600],[1495382400000,2.8600],[1495468800000,3.2000],[1495555200000,3.1900],[1495641600000,3.1900],[1495728000000,3.3700],[1496160000000,4.0800],[1496246400000,4.0800],[1496332800000,4.2600],[1496592000000,4.0600],[1496678400000,4.2400],[1496764800000,4.2400],[1496851200000,4.2400],[1496937600000,4.4200],[1497196800000,4.7000],[1497283200000,4.7000],[1497369600000,4.7000],[1497456000000,4.8700],[1497542400000,5.0400],[1497801600000,5.7200],[1497888000000,5.8900],[1497974400000,5.9100],[1498060800000,6.0900],[1498147200000,6.0800],[1498406400000,6.0400],[1498492800000,6.2200],[1498579200000,6.2200],[1498665600000,6.2200],[1498752000000,6.5300],[1499011200000,6.7000],[1499097600000,6.0100],[1499184000000,5.8300],[1499270400000,7.0300],[1499356800000,7.0300],[1499616000000,11.1500],[1499702400000,11.4900],[1499788800000,11.6600],[1499875200000,11.8400],[1499961600000,12.2900],[1500220800000,13.9900],[1500307200000,14.6800],[1500393600000,15.4500],[1500480000000,17.6600],[1500566400000,18.3800],[1500825600000,18.8900],[1500912000000,19.0600],[1500998400000,19.5300],[1501084800000,19.8700],[1501171200000,19.5300],[1501430400000,20.7100],[1501516800000,19.7000],[1501603200000,19.3600],[1501689600000,18.3500],[1501776000000,16.8400],[1502035200000,15.4400],[1502121600000,14.2600],[1502208000000,13.5900],[1502294400000,12.9200],[1502380800000,11.4100],[1502640000000,14.9300],[1502726400000,14.7700],[1502812800000,14.4300],[1502899200000,13.7600],[1502985600000,12.5800],[1503244800000,27.9700],[1503331200000,26.9700],[1503417600000,26.8000],[1503504000000,25.00],[1503590400000,20.9700],[1503849600000,36.6700],[1503936000000,36.6700],[1504022400000,27.8300],[1504108800000,26.4600],[1504195200000,24.9600],[1504454400000,31.7800],[1504540800000,31.7800],[1504627200000,31.2800],[1504713600000,33.9400],[1504800000000,36.1100],[1505059200000,35.8200],[1505145600000,36.4800],[1505232000000,37.1500],[1505318400000,38.5100],[1505404800000,39.5000],[1505664000000,39.4400],[1505750400000,40.4300],[1505836800000,41.9600],[1505923200000,42.6200],[1506009600000,43.4500],[1506268800000,46.7700],[1506355200000,47.2600],[1506441600000,49.0100],[1506528000000,50.5000],[1506614400000,50.8300],[1507478400000,45.0500],[1507564800000,33.6100],[1507651200000,34.1000],[1507737600000,34.8600],[1507824000000,35.6800],[1508083200000,38.2400],[1508169600000,39.0500],[1508256000000,38.9500],[1508342400000,39.7700],[1508428800000,41.0800],[1508688000000,46.3700],[1508774400000,47.1900],[1508860800000,50.9100],[1508947200000,54.5300],[1509033600000,56.5100],[1509292800000,61.4100],[1509379200000,64.4300],[1509465600000,64.9200],[1509552000000,66.8800],[1509638400000,71.1500],[1509897600000,82.9300],[1509984000000,87.4400],[1510070400000,90.3400],[1510156800000,91.8100],[1510243200000,93.4200],[1510502400000,96.8400],[1510588800000,95.4300],[1510675200000,96.6900],[1510761600000,97.3200],[1510848000000,98.2700],[1511107200000,99.8400],[1511193600000,95.2800],[1511280000000,97.0100],[1511366400000,97.4800],[1511452800000,98.4300],[1511712000000,99.8400],[1511798400000,96.5600],[1511884800000,96.8700],[1511971200000,97.5000],[1512057600000,97.9800],[1512316800000,96.5800],[1512403200000,97.0500],[1512489600000,97.2000],[1512576000000,96.5800],[1512662400000,96.1700],[1512921600000,96.6300],[1513008000000,96.7800],[1513094400000,96.7800],[1513180800000,96.6400],[1513267200000,96.0400],[1513526400000,96.4900],[1513612800000,96.6500],[1513699200000,96.6500],[1513785600000,96.3400],[1513872000000,96.0300],[1514131200000,95.1100],[1514217600000,94.9600],[1514304000000,95.2600],[1514390400000,95.5700],[1514476800000,95.7300],[1514822400000,96.6400],[1514908800000,96.4900],[1514995200000,96.4900],[1515081600000,96.4900],[1515340800000,95.4200],[1515427200000,94.6600],[1515513600000,94.0500],[1515600000000,94.0600],[1515686400000,94.0600],[1515945600000,93.6100],[1516032000000,93.6100],[1516118400000,93.4600],[1516204800000,93.9100],[1516291200000,94.2200],[1516550400000,94.2200],[1516636800000,94.5200],[1516723200000,94.5200],[1516809600000,94.3700],[1516896000000,93.7400],[1517155200000,93.7500],[1517241600000,93.6000],[1517328000000,93.4500],[1517414400000,93.4500],[1517500800000,93.1400],[1517760000000,92.8400],[1517846400000,92.3800]];
/*规模变动*/
var Data_fluctuationScale = {"categories":["2016-12-31","2017-03-31","2017-06-30","2017-09-30","2017-12-31"],"series":[{"y":0.60,"mom":"-71.24%"},{"y":0.60,"mom":"-0.50%"},{"y":1.81,"mom":"203.19%"},{"y":1.27,"mom":"-30.02%"},{"y":3.98,"mom":"213.81%"}]};;
/*持有人结构*/
var Data_holderStructure = {"series":[{"name":"机构持有比例","data":[99.82,98.99,5.34,98.21]},{"name":"个人持有比例","data":[0.18,1.01,94.66,1.79]},{"name":"内部持有比例","data":[0.0,0.02,0.04,0.0]}],"categories":["2015-12-31","2016-06-30","2016-12-31","2017-06-30"]};
/*申购赎回*/
var Data_assetAllocation ={"series":[{"name":"期间申购","data":[0.02,1.31,0.87,7.02]},{"name":"期间赎回","data":[0.02,0.09,1.42,4.30]},{"name":"总份额","data":[0.60,1.81,1.27,3.98]}],"categories":["2017-03-31","2017-06-30","2017-09-30","2017-12-31"]};
/*现任基金经理*/
var Data_currentFundManager = [{"id":"30181039","pic":"https://pdf.dfcfw.com/pdf/H8_JPG30181039_1.jpg","name":"王登峰","star":4,"workTime":"5年又184天","fundSize":"17649.41亿(9只基金)","power":{"avr":"60.88","categories":["经验值","收益率","影响力","稳定性","管理规模"],"dsc":["反映基金经理从业年限和管理基金的经验","根据基金经理投资的阶段收益评分，反映\u003cbr\u003e基金经理投资的盈利能力","根据基金经理所管理基金的机构和个人投\u003cbr\u003e资者持有比例评分","反映基金经理投资收益的波动","根据基金经理现任管理基金资产规模评分"],"data":[86.50,76.80,17.40,25.60,99.20],"jzrq":"2018-02-06"},"profit":{"categories":["任期收益","同类平均"],"series":[{"data":[{"name":null,"color":"#7cb5ec","y":7.007},{"name":null,"color":"#414c7b","y":8.12}]}],"jzrq":"2018-02-06"}},{"id":"30507642","pic":"https://pdf.dfcfw.com/pdf/H8_JPG30507642_1.jpg","name":"李晨","star":2,"workTime":"1年又74天","fundSize":"176.06亿(7只基金)","power":{"avr":"20.41","categories":["经验值","收益率","影响力","稳定性","管理规模"],"dsc":["反映基金经理从业年限和管理基金的经验","根据基金经理投资的阶段收益评分，反映\u003cbr\u003e基金经理投资的盈利能力","根据基金经理所管理基金的机构和个人投\u003cbr\u003e资者持有比例评分","反映基金经理投资收益的波动","根据基金经理现任管理基金资产规模评分"],"data":[34.60,24.20,6.80,3.50,43.20],"jzrq":"2018-02-06"},"profit":{"categories":["任期收益","同类平均"],"series":[{"data":[{"name":null,"color":"#7cb5ec","y":4.1799},{"name":null,"color":"#414c7b","y":4.56}]}],"jzrq":"2018-02-06"}}] ;
/*同类型基金涨幅榜（页面底部通栏）*/
var swithSameType = [['002895_华夏天利货币B_5.8750','002894_华夏天利货币A_5.6210','004398_融通现金宝货币B_5.3370','000902_国开货币B_5.3360','001478_泰康薪意保货币B_5.1400'],['002895_华夏天利货币B_5.26','004973_长城收益宝货币B_5.08','004904_人保货币B_5.05','002884_华润元大现金通货币B_5.01','002894_华夏天利货币A_5.01'],['004973_长城收益宝货币B_5.05','004770_海富通添益货币A_4.99','002884_华润元大现金通货币B_4.99','005151_红土创新优淳货币B_4.90','002895_华夏天利货币B_4.89'],['004770_海富通添益货币A_5.39','004973_长城收益宝货币B_5.13','002884_华润元大现金通货币B_5.03','002895_华夏天利货币B_5.03','004398_融通现金宝货币B_5.01'],['003679_中融现金增利货币C_4.67','003474_南方天天利货币B_4.55','000836_国投瑞银钱多宝货币A_4.52','000837_国投瑞银钱多宝货币I_4.52','003753_工银如意货币B_4.51']];