/**
 * 测试数据
 * @type {arry}
 */
/*2018-02-07 17:59:08*/
//基金或股票信息
var fS_name = "长江乐享货币A";
var fS_code = "003363";
var fund_minsg="100";
var ishb=true;
/*原费率*/
var fund_sourceRate="0";
/*现费率*/
var fund_Rate="0";
/*最小申购金额*/
var fund_minsg="100";
/*收益率*/
/*近一年收益率*/
var syl_1n="3.6378";
/*近6月收益率*/
var syl_6y="1.865";
/*近三月收益率*/
var syl_3y="0.9426";
/*近一月收益率*/
var syl_1y="0.3315";
/* 基金收益走势图 每万份收益*/
var Data_millionCopiesIncome = [[1477411200000,0.9318],[1477497600000,1.602],[1477584000000,0.6702],[1478188800000,0.6702],[1478620800000,0.4558],[1478707200000,0.4586],[1478793600000,0.4477],[1478966400000,0.9114],[1479052800000,0.3227],[1479139200000,0.0781],[1479225600000,0.4254],[1479312000000,0.3138],[1479398400000,0.6484],[1479571200000,0.7791],[1479657600000,2.0354],[1479744000000,0.572],[1479830400000,0.6444],[1479916800000,0.6266],[1480003200000,0.6503],[1480176000000,1.3176],[1480262400000,0.619],[1480348800000,0.6147],[1480435200000,0.6488],[1480521600000,0.6477],[1480608000000,0.6595],[1480780800000,1.3396],[1480867200000,0.6736],[1480953600000,0.6601],[1481040000000,0.6751],[1481126400000,0.6759],[1481212800000,0.6886],[1481385600000,1.3162],[1481472000000,0.6782],[1481558400000,0.6629],[1481644800000,0.6721],[1481731200000,0.6619],[1481817600000,0.6936],[1481990400000,1.3828],[1482076800000,0.7112],[1482163200000,0.7045],[1482249600000,0.7003],[1482336000000,0.7095],[1482422400000,0.7023],[1482595200000,1.3442],[1482681600000,0.8212],[1482768000000,0.7935],[1482854400000,0.8001],[1482940800000,1.0908],[1483027200000,1.1143],[1483113600000,0.9704],[1483286400000,1.9439],[1483372800000,0.7997],[1483459200000,0.8615],[1483545600000,0.8392],[1483632000000,0.8223],[1483804800000,1.6496],[1483891200000,0.8361],[1483977600000,0.8074],[1484064000000,0.8028],[1484150400000,0.8095],[1484236800000,0.8123],[1484409600000,1.6233],[1484496000000,0.799],[1484582400000,0.805],[1484668800000,0.8258],[1484755200000,0.8332],[1484841600000,0.8358],[1485014400000,1.7223],[1485100800000,0.8391],[1485187200000,0.8522],[1485273600000,0.8832],[1485360000000,0.8993],[1485964800000,6.3726],[1486051200000,0.8708],[1486224000000,1.7757],[1486310400000,0.8927],[1486396800000,0.8758],[1486483200000,0.8555],[1486569600000,0.8368],[1486656000000,0.865],[1486828800000,1.7471],[1486915200000,0.8617],[1487001600000,0.8742],[1487088000000,0.8813],[1487174400000,0.8916],[1487260800000,0.912],[1487433600000,1.8454],[1487520000000,0.9069],[1487606400000,1.2028],[1487692800000,0.9233],[1487779200000,0.9025],[1487865600000,0.907],[1488038400000,1.7857],[1488124800000,0.9131],[1488211200000,0.9194],[1488297600000,0.9275],[1488384000000,0.9071],[1488470400000,0.8747],[1488643200000,1.7696],[1488729600000,0.87],[1488816000000,0.8826],[1488902400000,0.8813],[1488988800000,0.8837],[1489075200000,0.8803],[1489248000000,1.7736],[1489334400000,0.8784],[1489420800000,0.8698],[1489507200000,0.8698],[1489593600000,0.8795],[1489680000000,0.8818],[1489852800000,1.8055],[1489939200000,0.7489],[1490025600000,0.9073],[1490112000000,0.8971],[1490198400000,0.9537],[1490284800000,0.9598],[1490457600000,1.9348],[1490544000000,0.9666],[1490630400000,0.956],[1490716800000,0.9077],[1490803200000,0.9746],[1490889600000,1.1469],[1491235200000,4.5181],[1491321600000,0.9678],[1491408000000,1.002],[1491494400000,0.9266],[1491667200000,1.8502],[1491753600000,0.891],[1491840000000,0.8925],[1491926400000,0.9007],[1492012800000,0.9031],[1492099200000,0.9],[1492272000000,1.8148],[1492358400000,0.8969],[1492444800000,0.9195],[1492531200000,0.9285],[1492617600000,0.9209],[1492704000000,0.92],[1492876800000,1.8807],[1492963200000,0.9634],[1493049600000,0.9701],[1493136000000,1.1093],[1493222400000,0.9812],[1493308800000,0.9874],[1493568000000,2.9875],[1493654400000,0.9828],[1493740800000,1.0057],[1493827200000,0.9836],[1493913600000,0.9778],[1494086400000,1.9669],[1494172800000,0.9437],[1494259200000,0.9835],[1494345600000,0.9423],[1494432000000,0.9677],[1494518400000,0.9392],[1494691200000,1.906],[1494777600000,0.9355],[1494864000000,0.9368],[1494950400000,0.9267],[1495036800000,0.925],[1495123200000,0.9093],[1495296000000,1.8284],[1495382400000,0.9136],[1495468800000,0.9165],[1495555200000,0.8992],[1495641600000,0.911],[1495728000000,1.0173],[1496073600000,3.8278],[1496160000000,0.9777],[1496246400000,0.9816],[1496332800000,0.9692],[1496505600000,1.9383],[1496592000000,0.9667],[1496678400000,0.9563],[1496764800000,0.9482],[1496851200000,0.9632],[1496937600000,0.9481],[1497110400000,1.8969],[1497196800000,0.959],[1497283200000,0.9634],[1497369600000,0.9622],[1497456000000,0.8704],[1497542400000,0.9829],[1497715200000,1.9685],[1497801600000,0.9905],[1497888000000,1.008],[1497974400000,1.0214],[1498060800000,1.0015],[1498147200000,0.9821],[1498320000000,1.8739],[1498406400000,1.0294],[1498492800000,0.9687],[1498579200000,1.2462],[1498665600000,1.024],[1498752000000,1.1493],[1498924800000,2.2727],[1499011200000,1.0157],[1499097600000,1.0284],[1499184000000,1.0063],[1499270400000,0.9847],[1499356800000,0.9577],[1499529600000,1.9176],[1499616000000,0.935],[1499702400000,0.9325],[1499788800000,0.9516],[1499875200000,0.9568],[1499961600000,0.9574],[1500134400000,1.8921],[1500220800000,0.9397],[1500307200000,0.9733],[1500393600000,1.0613],[1500480000000,0.9508],[1500566400000,0.9802],[1500739200000,1.9123],[1500825600000,0.9681],[1500912000000,0.9559],[1500998400000,1.0038],[1501084800000,0.9965],[1501171200000,0.9653],[1501344000000,1.9387],[1501430400000,0.9938],[1501516800000,0.9802],[1501603200000,0.9745],[1501689600000,0.9658],[1501776000000,1.0283],[1501948800000,1.9289],[1502035200000,0.964],[1502121600000,0.9636],[1502208000000,0.9614],[1502294400000,0.9749],[1502380800000,0.9603],[1502553600000,1.8261],[1502640000000,0.9219],[1502726400000,0.9455],[1502812800000,0.961],[1502899200000,1.0221],[1502985600000,0.9656],[1503158400000,1.937],[1503244800000,0.9697],[1503331200000,0.9656],[1503417600000,0.9652],[1503504000000,0.9619],[1503590400000,0.9647],[1503763200000,1.9169],[1503849600000,1.0403],[1503936000000,0.9609],[1504022400000,0.9988],[1504108800000,0.9872],[1504195200000,1.004],[1504368000000,2.0049],[1504454400000,0.9897],[1504540800000,0.9721],[1504627200000,0.9761],[1504713600000,1.0031],[1504800000000,0.9752],[1504972800000,1.9185],[1505059200000,0.957],[1505145600000,1.0061],[1505232000000,1.0087],[1505318400000,0.9772],[1505404800000,0.9772],[1505577600000,1.9508],[1505664000000,1.0089],[1505750400000,0.9606],[1505836800000,0.9789],[1505923200000,0.988],[1506009600000,0.9937],[1506182400000,1.9359],[1506268800000,0.9769],[1506355200000,1.0309],[1506441600000,1.0107],[1506528000000,1.0152],[1506614400000,0.7456],[1507392000000,9.1148],[1507478400000,1.0162],[1507564800000,1.5624],[1507651200000,1.0067],[1507737600000,1.0029],[1507824000000,0.9994],[1507996800000,1.9753],[1508083200000,0.9829],[1508169600000,1.2502],[1508256000000,0.9676],[1508342400000,0.9691],[1508428800000,0.9746],[1508601600000,1.9489],[1508688000000,0.974],[1508774400000,0.9678],[1508860800000,0.9674],[1508947200000,0.981],[1509033600000,0.9913],[1509206400000,1.9938],[1509292800000,1.0092],[1509379200000,0.9678],[1509465600000,1.0202],[1509552000000,1.0094],[1509638400000,0.9511],[1509811200000,1.8896],[1509897600000,0.9714],[1509984000000,0.9673],[1510070400000,0.9614],[1510156800000,0.9263],[1510243200000,0.9496],[1510416000000,1.8909],[1510502400000,1.2071],[1510588800000,0.9621],[1510675200000,0.9732],[1510761600000,0.985],[1510848000000,1.0434],[1511020800000,1.9485],[1511107200000,0.9727],[1511193600000,0.9724],[1511280000000,0.9773],[1511366400000,0.9936],[1511452800000,0.9836],[1511625600000,1.9294],[1511712000000,1.1263],[1511798400000,1.0155],[1511884800000,1.0326],[1511971200000,1.0312],[1512057600000,1.0134],[1512230400000,2.0585],[1512316800000,0.9987],[1512403200000,0.992],[1512489600000,0.9706],[1512576000000,0.9675],[1512662400000,0.9593],[1512835200000,1.9273],[1512921600000,0.9633],[1513008000000,0.9618],[1513094400000,0.982],[1513180800000,1.0068],[1513267200000,1.0058],[1513440000000,2.0106],[1513526400000,1.0507],[1513612800000,1.0309],[1513699200000,1.0231],[1513785600000,0.9913],[1513872000000,1.0431],[1514044800000,2.0869],[1514131200000,1.0566],[1514217600000,1.2397],[1514304000000,1.1407],[1514390400000,1.1623],[1514476800000,1.048],[1514563200000,1.0536],[1514649600000,1.0537],[1514736000000,1.0519],[1514822400000,1.0551],[1514908800000,0.9989],[1514995200000,0.9714],[1515081600000,1.0011],[1515254400000,1.9596],[1515340800000,1.0085],[1515427200000,1.0028],[1515513600000,1.0046],[1515600000000,1.0082],[1515686400000,1.024],[1515859200000,2.0359],[1515945600000,1.0184],[1516032000000,1.0185],[1516118400000,1.0596],[1516204800000,1.0292],[1516291200000,1.0422],[1516464000000,2.089],[1516550400000,1.0521],[1516636800000,1.0268],[1516723200000,1.0333],[1516809600000,1.0423],[1516896000000,1.1864],[1517068800000,2.0503],[1517155200000,1.0235],[1517241600000,1.0554],[1517328000000,1.0666],[1517414400000,1.0514],[1517500800000,1.0478],[1517673600000,2.0988],[1517760000000,1.0277],[1517846400000,1.0388]];
/*基金收益走势图   7日年化收益率*/
var Data_sevenDaysYearIncome = [[1477411200000,3.401],[1477497600000,2.924],[1477584000000,0],[1478188800000,2.446],[1478620800000,2.334],[1478707200000,2.224],[1478793600000,2.108],[1478966400000,1.884],[1479052800000,1.703],[1479139200000,1.394],[1479225600000,1.379],[1479312000000,1.303],[1479398400000,1.408],[1479571200000,1.339],[1479657600000,2.232],[1479744000000,2.489],[1479830400000,2.604],[1479916800000,2.767],[1480003200000,2.768],[1480176000000,3.048],[1480262400000,2.31],[1480348800000,2.332],[1480435200000,2.334],[1480521600000,2.345],[1480608000000,2.35],[1480780800000,2.362],[1480867200000,2.39],[1480953600000,2.414],[1481040000000,2.428],[1481126400000,2.442],[1481212800000,2.457],[1481385600000,2.445],[1481472000000,2.448],[1481558400000,2.449],[1481644800000,2.448],[1481731200000,2.44],[1481817600000,2.443],[1481990400000,2.478],[1482076800000,2.495],[1482163200000,2.516],[1482249600000,2.531],[1482336000000,2.556],[1482422400000,2.561],[1482595200000,2.54],[1482681600000,2.598],[1482768000000,2.644],[1482854400000,2.696],[1482940800000,2.895],[1483027200000,3.11],[1483113600000,3.265],[1483286400000,3.5],[1483372800000,3.504],[1483459200000,3.536],[1483545600000,3.404],[1483632000000,3.252],[1483804800000,3.1],[1483891200000,3.029],[1483977600000,3.033],[1484064000000,3.002],[1484150400000,2.987],[1484236800000,2.981],[1484409600000,2.968],[1484496000000,2.948],[1484582400000,2.947],[1484668800000,2.959],[1484755200000,2.971],[1484841600000,2.984],[1485014400000,3.035],[1485100800000,3.056],[1485187200000,3.081],[1485273600000,3.111],[1485360000000,3.145],[1485964800000,3.323],[1486051200000,3.302],[1486224000000,3.279],[1486310400000,3.27],[1486396800000,3.252],[1486483200000,3.223],[1486569600000,3.185],[1486656000000,3.181],[1486828800000,3.167],[1486915200000,3.15],[1487001600000,3.15],[1487088000000,3.163],[1487174400000,3.192],[1487260800000,3.216],[1487433600000,3.267],[1487520000000,3.291],[1487606400000,3.462],[1487692800000,3.484],[1487779200000,3.49],[1487865600000,3.487],[1488038400000,3.456],[1488124800000,3.459],[1488211200000,3.312],[1488297600000,3.314],[1488384000000,3.316],[1488470400000,3.299],[1488643200000,3.291],[1488729600000,3.268],[1488816000000,3.249],[1488902400000,3.225],[1488988800000,3.213],[1489075200000,3.216],[1489248000000,3.218],[1489334400000,3.222],[1489420800000,3.216],[1489507200000,3.21],[1489593600000,3.208],[1489680000000,3.208],[1489852800000,3.225],[1489939200000,3.157],[1490025600000,3.177],[1490112000000,3.191],[1490198400000,3.23],[1490284800000,3.271],[1490457600000,3.338],[1490544000000,3.451],[1490630400000,3.477],[1490716800000,3.482],[1490803200000,3.493],[1490889600000,3.591],[1491235200000,3.935],[1491321600000,3.967],[1491408000000,3.981],[1491494400000,3.866],[1491667200000,3.653],[1491753600000,3.529],[1491840000000,3.405],[1491926400000,3.37],[1492012800000,3.318],[1492099200000,3.305],[1492272000000,3.286],[1492358400000,3.289],[1492444800000,3.303],[1492531200000,3.318],[1492617600000,3.327],[1492704000000,3.337],[1492876800000,3.372],[1492963200000,3.406],[1493049600000,3.433],[1493136000000,3.527],[1493222400000,3.559],[1493308800000,3.594],[1493568000000,3.669],[1493654400000,3.675],[1493740800000,3.621],[1493827200000,3.622],[1493913600000,3.617],[1494086400000,3.604],[1494172800000,3.577],[1494259200000,3.578],[1494345600000,3.545],[1494432000000,3.536],[1494518400000,3.516],[1494691200000,3.484],[1494777600000,3.48],[1494864000000,3.456],[1494950400000,3.448],[1495036800000,3.425],[1495123200000,3.41],[1495296000000,3.369],[1495382400000,3.358],[1495468800000,3.347],[1495555200000,3.333],[1495641600000,3.326],[1495728000000,3.382],[1496073600000,3.47],[1496160000000,3.511],[1496246400000,3.548],[1496332800000,3.523],[1496505600000,3.536],[1496592000000,3.541],[1496678400000,3.54],[1496764800000,3.525],[1496851200000,3.515],[1496937600000,3.504],[1497110400000,3.483],[1497196800000,3.479],[1497283200000,3.483],[1497369600000,3.49],[1497456000000,3.441],[1497542400000,3.46],[1497715200000,3.497],[1497801600000,3.513],[1497888000000,3.537],[1497974400000,3.567],[1498060800000,3.636],[1498147200000,3.635],[1498320000000,3.586],[1498406400000,3.606],[1498492800000,3.586],[1498579200000,3.703],[1498665600000,3.715],[1498752000000,3.802],[1498924800000,4.01],[1499011200000,4.003],[1499097600000,4.034],[1499184000000,3.909],[1499270400000,3.888],[1499356800000,3.788],[1499529600000,3.603],[1499616000000,3.561],[1499702400000,3.511],[1499788800000,3.483],[1499875200000,3.468],[1499961600000,3.468],[1500134400000,3.455],[1500220800000,3.457],[1500307200000,3.478],[1500393600000,3.536],[1500480000000,3.532],[1500566400000,3.544],[1500739200000,3.555],[1500825600000,3.57],[1500912000000,3.561],[1500998400000,3.531],[1501084800000,3.554],[1501171200000,3.547],[1501344000000,3.56],[1501430400000,3.574],[1501516800000,3.587],[1501603200000,3.571],[1501689600000,3.555],[1501776000000,3.588],[1501948800000,3.583],[1502035200000,3.567],[1502121600000,3.559],[1502208000000,3.552],[1502294400000,3.557],[1502380800000,3.521],[1502553600000,3.468],[1502640000000,3.446],[1502726400000,3.436],[1502812800000,3.436],[1502899200000,3.461],[1502985600000,3.463],[1503158400000,3.521],[1503244800000,3.546],[1503331200000,3.557],[1503417600000,3.559],[1503504000000,3.527],[1503590400000,3.527],[1503763200000,3.517],[1503849600000,3.553],[1503936000000,3.551],[1504022400000,3.568],[1504108800000,3.582],[1504195200000,3.602],[1504368000000,3.648],[1504454400000,3.622],[1504540800000,3.627],[1504627200000,3.616],[1504713600000,3.624],[1504800000000,3.609],[1504972800000,3.564],[1505059200000,3.547],[1505145600000,3.564],[1505232000000,3.581],[1505318400000,3.568],[1505404800000,3.569],[1505577600000,3.586],[1505664000000,3.613],[1505750400000,3.589],[1505836800000,3.574],[1505923200000,3.579],[1506009600000,3.588],[1506182400000,3.58],[1506268800000,3.563],[1506355200000,3.6],[1506441600000,3.617],[1506528000000,3.631],[1506614400000,3.501],[1507392000000,3.697],[1507478400000,3.699],[1507564800000,3.985],[1507651200000,3.982],[1507737600000,3.977],[1507824000000,3.97],[1507996800000,3.944],[1508083200000,3.926],[1508169600000,3.763],[1508256000000,3.743],[1508342400000,3.725],[1508428800000,3.712],[1508601600000,3.699],[1508688000000,3.694],[1508774400000,3.547],[1508860800000,3.547],[1508947200000,3.553],[1509033600000,3.562],[1509206400000,3.585],[1509292800000,3.603],[1509379200000,3.603],[1509465600000,3.631],[1509552000000,3.646],[1509638400000,3.625],[1509811200000,3.57],[1509897600000,3.551],[1509984000000,3.55],[1510070400000,3.52],[1510156800000,3.476],[1510243200000,3.476],[1510416000000,3.476],[1510502400000,3.599],[1510588800000,3.597],[1510675200000,3.603],[1510761600000,3.633],[1510848000000,3.682],[1511020800000,3.712],[1511107200000,3.59],[1511193600000,3.595],[1511280000000,3.597],[1511366400000,3.602],[1511452800000,3.571],[1511625600000,3.561],[1511712000000,3.641],[1511798400000,3.663],[1511884800000,3.692],[1511971200000,3.712],[1512057600000,3.727],[1512230400000,3.795],[1512316800000,3.728],[1512403200000,3.716],[1512489600000,3.684],[1512576000000,3.65],[1512662400000,3.622],[1512835200000,3.554],[1512921600000,3.535],[1513008000000,3.52],[1513094400000,3.525],[1513180800000,3.546],[1513267200000,3.57],[1513440000000,3.614],[1513526400000,3.659],[1513612800000,3.695],[1513699200000,3.717],[1513785600000,3.709],[1513872000000,3.728],[1514044800000,3.768],[1514131200000,3.771],[1514217600000,3.88],[1514304000000,3.941],[1514390400000,4.03],[1514476800000,4.033],[1514563200000,4.033],[1514649600000,4.043],[1514736000000,4.041],[1514822400000,3.945],[1514908800000,3.871],[1514995200000,3.771],[1515081600000,3.747],[1515254400000,3.67],[1515340800000,3.647],[1515427200000,3.62],[1515513600000,3.623],[1515600000000,3.642],[1515686400000,3.654],[1515859200000,3.694],[1515945600000,3.699],[1516032000000,3.707],[1516118400000,3.736],[1516204800000,3.747],[1516291200000,3.756],[1516464000000,3.784],[1516550400000,3.801],[1516636800000,3.806],[1516723200000,3.792],[1516809600000,3.799],[1516896000000,3.874],[1517068800000,3.854],[1517155200000,3.839],[1517241600000,3.854],[1517328000000,3.871],[1517414400000,3.876],[1517500800000,3.804],[1517673600000,3.829],[1517760000000,3.831],[1517846400000,3.823]];
/*资产配置*/
var Data_assetAllocationCurrency ={"categories":["12-31","09-30","06-30","03-31"],"series":[{"name":"股票","data":[null,null,null,null]},{"name":"债券","data":[64.75,48.75,31.99,29.98]},{"name":"现金","data":[26.23,43.2,37.23,47.63]}]};
/*累计收益率走势*/
var Data_grandTotal = [{"name":"长江乐享货币A","data":[[1501948800000,0],[1502035200000,0.01],[1502121600000,0.02],[1502208000000,0.03],[1502294400000,0.04],[1502380800000,0.05],[1502553600000,0.07],[1502640000000,0.08],[1502726400000,0.09],[1502812800000,0.09],[1502899200000,0.11],[1502985600000,0.11],[1503158400000,0.13],[1503244800000,0.14],[1503331200000,0.15],[1503417600000,0.16],[1503504000000,0.17],[1503590400000,0.18],[1503763200000,0.20],[1503849600000,0.21],[1503936000000,0.22],[1504022400000,0.23],[1504108800000,0.24],[1504195200000,0.25],[1504368000000,0.27],[1504454400000,0.28],[1504540800000,0.29],[1504627200000,0.30],[1504713600000,0.31],[1504800000000,0.32],[1504972800000,0.34],[1505059200000,0.35],[1505145600000,0.36],[1505232000000,0.37],[1505318400000,0.38],[1505404800000,0.39],[1505577600000,0.41],[1505664000000,0.42],[1505750400000,0.43],[1505836800000,0.44],[1505923200000,0.45],[1506009600000,0.46],[1506182400000,0.48],[1506268800000,0.49],[1506355200000,0.50],[1506441600000,0.51],[1506528000000,0.52],[1506614400000,0.53],[1507392000000,0.62],[1507478400000,0.63],[1507564800000,0.64],[1507651200000,0.65],[1507737600000,0.66],[1507824000000,0.67],[1507996800000,0.69],[1508083200000,0.70],[1508169600000,0.72],[1508256000000,0.73],[1508342400000,0.74],[1508428800000,0.75],[1508601600000,0.77],[1508688000000,0.78],[1508774400000,0.79],[1508860800000,0.79],[1508947200000,0.80],[1509033600000,0.81],[1509206400000,0.83],[1509292800000,0.85],[1509379200000,0.85],[1509465600000,0.87],[1509552000000,0.88],[1509638400000,0.88],[1509811200000,0.90],[1509897600000,0.91],[1509984000000,0.92],[1510070400000,0.93],[1510156800000,0.94],[1510243200000,0.95],[1510416000000,0.97],[1510502400000,0.98],[1510588800000,0.99],[1510675200000,1.00],[1510761600000,1.01],[1510848000000,1.02],[1511020800000,1.04],[1511107200000,1.05],[1511193600000,1.06],[1511280000000,1.07],[1511366400000,1.08],[1511452800000,1.09],[1511625600000,1.11],[1511712000000,1.12],[1511798400000,1.13],[1511884800000,1.14],[1511971200000,1.15],[1512057600000,1.16],[1512230400000,1.19],[1512316800000,1.20],[1512403200000,1.21],[1512489600000,1.22],[1512576000000,1.23],[1512662400000,1.24],[1512835200000,1.25],[1512921600000,1.26],[1513008000000,1.27],[1513094400000,1.28],[1513180800000,1.29],[1513267200000,1.30],[1513440000000,1.32],[1513526400000,1.34],[1513612800000,1.35],[1513699200000,1.36],[1513785600000,1.37],[1513872000000,1.38],[1514044800000,1.40],[1514131200000,1.41],[1514217600000,1.42],[1514304000000,1.43],[1514390400000,1.44],[1514476800000,1.46],[1514563200000,1.47],[1514649600000,1.48],[1514736000000,1.49],[1514822400000,1.50],[1514908800000,1.51],[1514995200000,1.52],[1515081600000,1.53],[1515254400000,1.55],[1515340800000,1.56],[1515427200000,1.57],[1515513600000,1.58],[1515600000000,1.59],[1515686400000,1.60],[1515859200000,1.62],[1515945600000,1.63],[1516032000000,1.64],[1516118400000,1.65],[1516204800000,1.66],[1516291200000,1.67],[1516464000000,1.69],[1516550400000,1.70],[1516636800000,1.72],[1516723200000,1.73],[1516809600000,1.74],[1516896000000,1.75],[1517068800000,1.77],[1517155200000,1.78],[1517241600000,1.79],[1517328000000,1.80],[1517414400000,1.81],[1517500800000,1.82],[1517673600000,1.84],[1517760000000,1.85],[1517846400000,1.86]]},{"name":"同类平均","data":[[1502035200000,0],[1502121600000,0.01],[1502208000000,0.02],[1502294400000,0.03],[1502380800000,0.04],[1502640000000,0.07],[1502726400000,0.08],[1502812800000,0.09],[1502899200000,0.10],[1502985600000,0.11],[1503244800000,0.14],[1503331200000,0.16],[1503417600000,0.17],[1503504000000,0.18],[1503590400000,0.19],[1503849600000,0.22],[1503936000000,0.23],[1504022400000,0.24],[1504108800000,0.25],[1504195200000,0.26],[1504454400000,0.29],[1504540800000,0.30],[1504627200000,0.31],[1504713600000,0.32],[1504800000000,0.34],[1505059200000,0.37],[1505145600000,0.38],[1505232000000,0.39],[1505318400000,0.40],[1505404800000,0.41],[1505664000000,0.44],[1505750400000,0.45],[1505836800000,0.46],[1505923200000,0.47],[1506009600000,0.48],[1506268800000,0.52],[1506355200000,0.53],[1506441600000,0.54],[1506528000000,0.55],[1506614400000,0.56],[1507478400000,0.67],[1507564800000,0.68],[1507651200000,0.69],[1507737600000,0.71],[1507824000000,0.72],[1508083200000,0.75],[1508169600000,0.76],[1508256000000,0.77],[1508342400000,0.78],[1508428800000,0.79],[1508688000000,0.82],[1508774400000,0.83],[1508860800000,0.84],[1508947200000,0.85],[1509033600000,0.86],[1509292800000,0.90],[1509379200000,0.91],[1509465600000,0.92],[1509552000000,0.93],[1509638400000,0.94],[1509897600000,0.97],[1509984000000,0.98],[1510070400000,0.99],[1510156800000,1.00],[1510243200000,1.01],[1510502400000,1.04],[1510588800000,1.06],[1510675200000,1.07],[1510761600000,1.08],[1510848000000,1.09],[1511107200000,1.12],[1511193600000,1.13],[1511280000000,1.14],[1511366400000,1.15],[1511452800000,1.16],[1511712000000,1.20],[1511798400000,1.21],[1511884800000,1.22],[1511971200000,1.23],[1512057600000,1.24],[1512316800000,1.28],[1512403200000,1.29],[1512489600000,1.30],[1512576000000,1.31],[1512662400000,1.32],[1512921600000,1.35],[1513008000000,1.36],[1513094400000,1.38],[1513180800000,1.39],[1513267200000,1.40],[1513526400000,1.43],[1513612800000,1.44],[1513699200000,1.46],[1513785600000,1.47],[1513872000000,1.48],[1514131200000,1.51],[1514217600000,1.53],[1514304000000,1.54],[1514390400000,1.55],[1514476800000,1.57],[1514822400000,1.62],[1514908800000,1.64],[1514995200000,1.65],[1515081600000,1.66],[1515340800000,1.69],[1515427200000,1.71],[1515513600000,1.72],[1515600000000,1.73],[1515686400000,1.74],[1515945600000,1.77],[1516032000000,1.79],[1516118400000,1.80],[1516204800000,1.81],[1516291200000,1.82],[1516550400000,1.86],[1516636800000,1.87],[1516723200000,1.88],[1516809600000,1.89],[1516896000000,1.90],[1517155200000,1.94],[1517241600000,1.95],[1517328000000,1.96],[1517414400000,1.97],[1517500800000,1.98],[1517760000000,2.02],[1517846400000,2.03]]},{"name":"沪深300","data":[[1502035200000,0],[1502121600000,0.15],[1502208000000,0.11],[1502294400000,-0.29],[1502380800000,-2.13],[1502640000000,-0.86],[1502726400000,-0.56],[1502812800000,-0.68],[1502899200000,-0.15],[1502985600000,-0.06],[1503244800000,0.38],[1503331200000,0.68],[1503417600000,0.79],[1503504000000,0.21],[1503590400000,1.85],[1503849600000,3.11],[1503936000000,2.89],[1504022400000,2.88],[1504108800000,2.56],[1504195200000,2.78],[1504454400000,3.19],[1504540800000,3.50],[1504627200000,3.29],[1504713600000,2.77],[1504800000000,2.66],[1505059200000,2.65],[1505145600000,2.98],[1505232000000,3.11],[1505318400000,2.77],[1505404800000,2.80],[1505664000000,3.12],[1505750400000,2.83],[1505836800000,3.10],[1505923200000,2.98],[1506009600000,2.98],[1506268800000,2.44],[1506355200000,2.52],[1506441600000,2.53],[1506528000000,2.57],[1506614400000,2.94],[1507478400000,4.17],[1507564800000,4.38],[1507651200000,4.72],[1507737600000,5.00],[1507824000000,5.21],[1508083200000,5.01],[1508169600000,5.00],[1508256000000,5.83],[1508342400000,5.49],[1508428800000,5.37],[1508688000000,5.47],[1508774400000,6.24],[1508860800000,6.71],[1508947200000,7.16],[1509033600000,7.92],[1509292800000,7.59],[1509379200000,7.51],[1509465600000,7.24],[1509552000000,7.25],[1509638400000,7.13],[1509897600000,7.89],[1509984000000,8.79],[1510070400000,8.62],[1510156800000,9.37],[1510243200000,10.33],[1510502400000,10.77],[1510588800000,10.00],[1510675200000,9.31],[1510761600000,10.15],[1510848000000,10.57],[1511107200000,11.19],[1511193600000,13.17],[1511280000000,13.44],[1511366400000,10.08],[1511452800000,10.13],[1511712000000,8.67],[1511798400000,8.83],[1511884800000,8.77],[1511971200000,7.49],[1512057600000,7.28],[1512316800000,7.84],[1512403200000,8.41],[1512489600000,7.76],[1512576000000,6.55],[1512662400000,7.42],[1512921600000,9.20],[1513008000000,7.76],[1513094400000,8.67],[1513180800000,8.03],[1513267200000,6.82],[1513526400000,6.94],[1513612800000,8.28],[1513699200000,8.15],[1513785600000,9.15],[1513872000000,8.80],[1514131200000,8.45],[1514217600000,8.77],[1514304000000,7.09],[1514390400000,7.84],[1514476800000,8.16],[1514822400000,9.68],[1514908800000,10.32],[1514995200000,10.79],[1515081600000,11.05],[1515340800000,11.63],[1515427200000,12.41],[1515513600000,12.91],[1515600000000,12.85],[1515686400000,13.37],[1515945600000,13.37],[1516032000000,14.27],[1516118400000,13.99],[1516204800000,14.61],[1516291200000,14.99],[1516550400000,16.36],[1516636800000,17.60],[1516723200000,17.79],[1516809600000,17.13],[1516896000000,17.56],[1517155200000,15.43],[1517241600000,14.20],[1517328000000,14.73],[1517414400000,13.93],[1517500800000,14.61],[1517760000000,14.69],[1517846400000,11.33]]}];
/*同类排名*/
var Data_rateInSimilarType = [{"x":1485360000000,"y":423,"sc":"485"},{"x":1486051200000,"y":380,"sc":"489"},{"x":1486310400000,"y":351,"sc":"491"},{"x":1486396800000,"y":341,"sc":"491"},{"x":1486483200000,"y":328,"sc":"491"},{"x":1486569600000,"y":325,"sc":"491"},{"x":1486656000000,"y":318,"sc":"494"},{"x":1486915200000,"y":307,"sc":"496"},{"x":1487001600000,"y":298,"sc":"496"},{"x":1487088000000,"y":278,"sc":"496"},{"x":1487174400000,"y":272,"sc":"496"},{"x":1487260800000,"y":266,"sc":"496"},{"x":1487520000000,"y":256,"sc":"496"},{"x":1487606400000,"y":281,"sc":"496"},{"x":1487692800000,"y":278,"sc":"496"},{"x":1487779200000,"y":278,"sc":"498"},{"x":1487865600000,"y":279,"sc":"500"},{"x":1488124800000,"y":289,"sc":"503"},{"x":1488211200000,"y":286,"sc":"503"},{"x":1488297600000,"y":288,"sc":"503"},{"x":1488384000000,"y":289,"sc":"511"},{"x":1488470400000,"y":286,"sc":"511"},{"x":1488729600000,"y":298,"sc":"513"},{"x":1488816000000,"y":300,"sc":"515"},{"x":1488902400000,"y":302,"sc":"516"},{"x":1488988800000,"y":306,"sc":"518"},{"x":1489075200000,"y":299,"sc":"518"},{"x":1489334400000,"y":308,"sc":"518"},{"x":1489420800000,"y":309,"sc":"518"},{"x":1489507200000,"y":310,"sc":"518"},{"x":1489593600000,"y":309,"sc":"520"},{"x":1489680000000,"y":306,"sc":"520"},{"x":1489939200000,"y":320,"sc":"522"},{"x":1490025600000,"y":318,"sc":"522"},{"x":1490112000000,"y":320,"sc":"524"},{"x":1490198400000,"y":322,"sc":"530"},{"x":1490284800000,"y":318,"sc":"530"},{"x":1490544000000,"y":323,"sc":"534"},{"x":1490630400000,"y":325,"sc":"535"},{"x":1490716800000,"y":329,"sc":"535"},{"x":1490803200000,"y":336,"sc":"538"},{"x":1490889600000,"y":339,"sc":"538"},{"x":1491321600000,"y":336,"sc":"538"},{"x":1491408000000,"y":337,"sc":"540"},{"x":1491494400000,"y":336,"sc":"540"},{"x":1491753600000,"y":346,"sc":"540"},{"x":1491840000000,"y":348,"sc":"540"},{"x":1491926400000,"y":349,"sc":"540"},{"x":1492012800000,"y":351,"sc":"541"},{"x":1492099200000,"y":347,"sc":"541"},{"x":1492358400000,"y":357,"sc":"543"},{"x":1492444800000,"y":360,"sc":"543"},{"x":1492531200000,"y":362,"sc":"543"},{"x":1492617600000,"y":362,"sc":"545"},{"x":1492704000000,"y":356,"sc":"545"},{"x":1492963200000,"y":363,"sc":"545"},{"x":1493049600000,"y":364,"sc":"547"},{"x":1493136000000,"y":362,"sc":"549"},{"x":1493222400000,"y":356,"sc":"549"},{"x":1493308800000,"y":355,"sc":"549"},{"x":1493654400000,"y":369,"sc":"549"},{"x":1493740800000,"y":368,"sc":"550"},{"x":1493827200000,"y":364,"sc":"550"},{"x":1493913600000,"y":369,"sc":"550"},{"x":1494172800000,"y":377,"sc":"550"},{"x":1494259200000,"y":376,"sc":"550"},{"x":1494345600000,"y":377,"sc":"550"},{"x":1494432000000,"y":372,"sc":"550"},{"x":1494518400000,"y":381,"sc":"550"},{"x":1494777600000,"y":390,"sc":"554"},{"x":1494864000000,"y":392,"sc":"556"},{"x":1494950400000,"y":397,"sc":"560"},{"x":1495036800000,"y":388,"sc":"560"},{"x":1495123200000,"y":402,"sc":"560"},{"x":1495382400000,"y":409,"sc":"560"},{"x":1495468800000,"y":412,"sc":"562"},{"x":1495555200000,"y":415,"sc":"564"},{"x":1495641600000,"y":412,"sc":"564"},{"x":1495728000000,"y":416,"sc":"564"},{"x":1496160000000,"y":416,"sc":"564"},{"x":1496246400000,"y":413,"sc":"564"},{"x":1496332800000,"y":411,"sc":"564"},{"x":1496592000000,"y":413,"sc":"566"},{"x":1496678400000,"y":414,"sc":"566"},{"x":1496764800000,"y":417,"sc":"566"},{"x":1496851200000,"y":419,"sc":"566"},{"x":1496937600000,"y":421,"sc":"566"},{"x":1497196800000,"y":434,"sc":"574"},{"x":1497283200000,"y":432,"sc":"574"},{"x":1497369600000,"y":431,"sc":"575"},{"x":1497456000000,"y":435,"sc":"575"},{"x":1497542400000,"y":436,"sc":"575"},{"x":1497801600000,"y":443,"sc":"577"},{"x":1497888000000,"y":442,"sc":"577"},{"x":1497974400000,"y":441,"sc":"575"},{"x":1498060800000,"y":440,"sc":"575"},{"x":1498147200000,"y":443,"sc":"576"},{"x":1498406400000,"y":456,"sc":"579"},{"x":1498492800000,"y":461,"sc":"579"},{"x":1498579200000,"y":459,"sc":"579"},{"x":1498665600000,"y":460,"sc":"579"},{"x":1498752000000,"y":460,"sc":"582"},{"x":1499011200000,"y":448,"sc":"582"},{"x":1499097600000,"y":462,"sc":"582"},{"x":1499184000000,"y":465,"sc":"583"},{"x":1499270400000,"y":466,"sc":"583"},{"x":1499356800000,"y":465,"sc":"583"},{"x":1499616000000,"y":468,"sc":"583"},{"x":1499702400000,"y":472,"sc":"583"},{"x":1499788800000,"y":474,"sc":"583"},{"x":1499875200000,"y":474,"sc":"583"},{"x":1499961600000,"y":478,"sc":"586"},{"x":1500220800000,"y":477,"sc":"586"},{"x":1500307200000,"y":476,"sc":"586"},{"x":1500393600000,"y":481,"sc":"589"},{"x":1500480000000,"y":486,"sc":"589"},{"x":1500566400000,"y":491,"sc":"593"},{"x":1500825600000,"y":493,"sc":"593"},{"x":1500912000000,"y":495,"sc":"593"},{"x":1500998400000,"y":501,"sc":"594"},{"x":1501084800000,"y":501,"sc":"594"},{"x":1501171200000,"y":499,"sc":"594"},{"x":1501430400000,"y":495,"sc":"594"},{"x":1501516800000,"y":505,"sc":"594"},{"x":1501603200000,"y":507,"sc":"594"},{"x":1501689600000,"y":507,"sc":"594"},{"x":1501776000000,"y":508,"sc":"594"},{"x":1502035200000,"y":508,"sc":"596"},{"x":1502121600000,"y":509,"sc":"596"},{"x":1502208000000,"y":507,"sc":"596"},{"x":1502294400000,"y":507,"sc":"596"},{"x":1502380800000,"y":507,"sc":"596"},{"x":1502640000000,"y":513,"sc":"596"},{"x":1502726400000,"y":513,"sc":"596"},{"x":1502812800000,"y":513,"sc":"596"},{"x":1502899200000,"y":511,"sc":"596"},{"x":1502985600000,"y":515,"sc":"596"},{"x":1503244800000,"y":517,"sc":"597"},{"x":1503331200000,"y":520,"sc":"597"},{"x":1503417600000,"y":520,"sc":"597"},{"x":1503504000000,"y":520,"sc":"596"},{"x":1503590400000,"y":520,"sc":"596"},{"x":1503849600000,"y":518,"sc":"600"},{"x":1503936000000,"y":516,"sc":"600"},{"x":1504022400000,"y":526,"sc":"600"},{"x":1504108800000,"y":527,"sc":"601"},{"x":1504195200000,"y":528,"sc":"601"},{"x":1504454400000,"y":532,"sc":"601"},{"x":1504540800000,"y":532,"sc":"601"},{"x":1504627200000,"y":532,"sc":"601"},{"x":1504713600000,"y":534,"sc":"601"},{"x":1504800000000,"y":535,"sc":"601"},{"x":1505059200000,"y":534,"sc":"603"},{"x":1505145600000,"y":533,"sc":"603"},{"x":1505232000000,"y":534,"sc":"603"},{"x":1505318400000,"y":537,"sc":"605"},{"x":1505404800000,"y":537,"sc":"605"},{"x":1505664000000,"y":538,"sc":"606"},{"x":1505750400000,"y":539,"sc":"606"},{"x":1505836800000,"y":538,"sc":"603"},{"x":1505923200000,"y":537,"sc":"603"},{"x":1506009600000,"y":536,"sc":"603"},{"x":1506268800000,"y":536,"sc":"603"},{"x":1506355200000,"y":535,"sc":"603"},{"x":1506441600000,"y":536,"sc":"604"},{"x":1506528000000,"y":536,"sc":"604"},{"x":1506614400000,"y":541,"sc":"606"},{"x":1507478400000,"y":547,"sc":"606"},{"x":1507564800000,"y":542,"sc":"607"},{"x":1507651200000,"y":543,"sc":"607"},{"x":1507737600000,"y":544,"sc":"611"},{"x":1507824000000,"y":544,"sc":"611"},{"x":1508083200000,"y":546,"sc":"612"},{"x":1508169600000,"y":544,"sc":"612"},{"x":1508256000000,"y":542,"sc":"611"},{"x":1508342400000,"y":545,"sc":"611"},{"x":1508428800000,"y":544,"sc":"611"},{"x":1508688000000,"y":543,"sc":"606"},{"x":1508774400000,"y":541,"sc":"606"},{"x":1508860800000,"y":541,"sc":"607"},{"x":1508947200000,"y":544,"sc":"607"},{"x":1509033600000,"y":541,"sc":"607"},{"x":1509292800000,"y":540,"sc":"609"},{"x":1509379200000,"y":545,"sc":"610"},{"x":1509465600000,"y":544,"sc":"610"},{"x":1509552000000,"y":544,"sc":"613"},{"x":1509638400000,"y":549,"sc":"617"},{"x":1509897600000,"y":554,"sc":"621"},{"x":1509984000000,"y":554,"sc":"621"},{"x":1510070400000,"y":553,"sc":"621"},{"x":1510156800000,"y":555,"sc":"623"},{"x":1510243200000,"y":557,"sc":"623"},{"x":1510502400000,"y":555,"sc":"633"},{"x":1510588800000,"y":555,"sc":"635"},{"x":1510675200000,"y":554,"sc":"635"},{"x":1510761600000,"y":553,"sc":"635"},{"x":1510848000000,"y":554,"sc":"636"},{"x":1511107200000,"y":555,"sc":"636"},{"x":1511193600000,"y":556,"sc":"636"},{"x":1511280000000,"y":557,"sc":"636"},{"x":1511366400000,"y":559,"sc":"636"},{"x":1511452800000,"y":559,"sc":"637"},{"x":1511712000000,"y":562,"sc":"640"},{"x":1511798400000,"y":564,"sc":"640"},{"x":1511884800000,"y":566,"sc":"640"},{"x":1511971200000,"y":565,"sc":"641"},{"x":1512057600000,"y":566,"sc":"643"},{"x":1512316800000,"y":568,"sc":"643"},{"x":1512403200000,"y":568,"sc":"643"},{"x":1512489600000,"y":568,"sc":"643"},{"x":1512576000000,"y":570,"sc":"644"},{"x":1512662400000,"y":578,"sc":"652"},{"x":1512921600000,"y":580,"sc":"652"},{"x":1513008000000,"y":583,"sc":"653"},{"x":1513094400000,"y":585,"sc":"653"},{"x":1513180800000,"y":585,"sc":"654"},{"x":1513267200000,"y":582,"sc":"656"},{"x":1513526400000,"y":585,"sc":"656"},{"x":1513612800000,"y":588,"sc":"656"},{"x":1513699200000,"y":588,"sc":"656"},{"x":1513785600000,"y":586,"sc":"655"},{"x":1513872000000,"y":587,"sc":"655"},{"x":1514131200000,"y":588,"sc":"655"},{"x":1514217600000,"y":587,"sc":"655"},{"x":1514304000000,"y":587,"sc":"654"},{"x":1514390400000,"y":589,"sc":"655"},{"x":1514476800000,"y":586,"sc":"655"},{"x":1514822400000,"y":585,"sc":"655"},{"x":1514908800000,"y":580,"sc":"655"},{"x":1514995200000,"y":575,"sc":"655"},{"x":1515081600000,"y":565,"sc":"655"},{"x":1515340800000,"y":604,"sc":"655"},{"x":1515427200000,"y":603,"sc":"655"},{"x":1515513600000,"y":607,"sc":"656"},{"x":1515600000000,"y":608,"sc":"657"},{"x":1515686400000,"y":607,"sc":"657"},{"x":1515945600000,"y":606,"sc":"657"},{"x":1516032000000,"y":605,"sc":"657"},{"x":1516118400000,"y":607,"sc":"657"},{"x":1516204800000,"y":606,"sc":"657"},{"x":1516291200000,"y":606,"sc":"657"},{"x":1516550400000,"y":605,"sc":"657"},{"x":1516636800000,"y":606,"sc":"657"},{"x":1516723200000,"y":607,"sc":"657"},{"x":1516809600000,"y":607,"sc":"657"},{"x":1516896000000,"y":605,"sc":"655"},{"x":1517155200000,"y":609,"sc":"656"},{"x":1517241600000,"y":609,"sc":"656"},{"x":1517328000000,"y":608,"sc":"656"},{"x":1517414400000,"y":608,"sc":"656"},{"x":1517500800000,"y":609,"sc":"656"},{"x":1517760000000,"y":607,"sc":"656"},{"x":1517846400000,"y":607,"sc":"656"}];
/*百分比排名*/
var Data_rateInSimilarPersent = [[1485360000000,12.7800],[1486051200000,22.2900],[1486310400000,28.5100],[1486396800000,30.5500],[1486483200000,33.2000],[1486569600000,33.8100],[1486656000000,35.6300],[1486915200000,38.1000],[1487001600000,39.9200],[1487088000000,43.9500],[1487174400000,45.1600],[1487260800000,46.3700],[1487520000000,48.3900],[1487606400000,43.3500],[1487692800000,43.9500],[1487779200000,44.1800],[1487865600000,44.2000],[1488124800000,42.5400],[1488211200000,43.1400],[1488297600000,42.7400],[1488384000000,43.4400],[1488470400000,44.0300],[1488729600000,41.9100],[1488816000000,41.7500],[1488902400000,41.4700],[1488988800000,40.9300],[1489075200000,42.2800],[1489334400000,40.5400],[1489420800000,40.3500],[1489507200000,40.1500],[1489593600000,40.5800],[1489680000000,41.1500],[1489939200000,38.7000],[1490025600000,39.0800],[1490112000000,38.9300],[1490198400000,39.2500],[1490284800000,40.00],[1490544000000,39.5100],[1490630400000,39.2500],[1490716800000,38.5000],[1490803200000,37.5500],[1490889600000,36.9900],[1491321600000,37.5500],[1491408000000,37.5900],[1491494400000,37.7800],[1491753600000,35.9300],[1491840000000,35.5600],[1491926400000,35.3700],[1492012800000,35.1200],[1492099200000,35.8600],[1492358400000,34.2500],[1492444800000,33.7000],[1492531200000,33.3300],[1492617600000,33.5800],[1492704000000,34.6800],[1492963200000,33.3900],[1493049600000,33.4600],[1493136000000,34.0600],[1493222400000,35.1500],[1493308800000,35.3400],[1493654400000,32.7900],[1493740800000,33.0900],[1493827200000,33.8200],[1493913600000,32.9100],[1494172800000,31.4500],[1494259200000,31.6400],[1494345600000,31.4500],[1494432000000,32.3600],[1494518400000,30.7300],[1494777600000,29.6000],[1494864000000,29.5000],[1494950400000,29.1100],[1495036800000,30.7100],[1495123200000,28.2100],[1495382400000,26.9600],[1495468800000,26.6900],[1495555200000,26.4200],[1495641600000,26.9500],[1495728000000,26.2400],[1496160000000,26.2400],[1496246400000,26.7700],[1496332800000,27.1300],[1496592000000,27.0300],[1496678400000,26.8600],[1496764800000,26.3300],[1496851200000,25.9700],[1496937600000,25.6200],[1497196800000,24.3900],[1497283200000,24.7400],[1497369600000,25.0400],[1497456000000,24.3500],[1497542400000,24.1700],[1497801600000,23.2200],[1497888000000,23.4000],[1497974400000,23.3000],[1498060800000,23.4800],[1498147200000,23.0900],[1498406400000,21.2400],[1498492800000,20.3800],[1498579200000,20.7300],[1498665600000,20.5500],[1498752000000,20.9600],[1499011200000,23.0200],[1499097600000,20.6200],[1499184000000,20.2400],[1499270400000,20.0700],[1499356800000,20.2400],[1499616000000,19.7300],[1499702400000,19.0400],[1499788800000,18.7000],[1499875200000,18.7000],[1499961600000,18.4300],[1500220800000,18.6000],[1500307200000,18.7700],[1500393600000,18.3400],[1500480000000,17.4900],[1500566400000,17.2000],[1500825600000,16.8600],[1500912000000,16.5300],[1500998400000,15.6600],[1501084800000,15.6600],[1501171200000,15.9900],[1501430400000,16.6700],[1501516800000,14.9800],[1501603200000,14.6500],[1501689600000,14.6500],[1501776000000,14.4800],[1502035200000,14.7700],[1502121600000,14.6000],[1502208000000,14.9300],[1502294400000,14.9300],[1502380800000,14.9300],[1502640000000,13.9300],[1502726400000,13.9300],[1502812800000,13.9300],[1502899200000,14.2600],[1502985600000,13.5900],[1503244800000,13.4000],[1503331200000,12.9000],[1503417600000,12.9000],[1503504000000,12.7500],[1503590400000,12.7500],[1503849600000,13.6700],[1503936000000,14.00],[1504022400000,12.3300],[1504108800000,12.3100],[1504195200000,12.1500],[1504454400000,11.4800],[1504540800000,11.4800],[1504627200000,11.4800],[1504713600000,11.1500],[1504800000000,10.9800],[1505059200000,11.4400],[1505145600000,11.6100],[1505232000000,11.4400],[1505318400000,11.2400],[1505404800000,11.2400],[1505664000000,11.2200],[1505750400000,11.0600],[1505836800000,10.7800],[1505923200000,10.9500],[1506009600000,11.1100],[1506268800000,11.1100],[1506355200000,11.2800],[1506441600000,11.2600],[1506528000000,11.2600],[1506614400000,10.7300],[1507478400000,9.7400],[1507564800000,10.7100],[1507651200000,10.5400],[1507737600000,10.9700],[1507824000000,10.9700],[1508083200000,10.7800],[1508169600000,11.1100],[1508256000000,11.2900],[1508342400000,10.8000],[1508428800000,10.9700],[1508688000000,10.4000],[1508774400000,10.7300],[1508860800000,10.8700],[1508947200000,10.3800],[1509033600000,10.8700],[1509292800000,11.3300],[1509379200000,10.6600],[1509465600000,10.8200],[1509552000000,11.2600],[1509638400000,11.0200],[1509897600000,10.7900],[1509984000000,10.7900],[1510070400000,10.9500],[1510156800000,10.9100],[1510243200000,10.5900],[1510502400000,12.3200],[1510588800000,12.6000],[1510675200000,12.7600],[1510761600000,12.9100],[1510848000000,12.8900],[1511107200000,12.7400],[1511193600000,12.5800],[1511280000000,12.4200],[1511366400000,12.1100],[1511452800000,12.2400],[1511712000000,12.1900],[1511798400000,11.8700],[1511884800000,11.5600],[1511971200000,11.8600],[1512057600000,11.9800],[1512316800000,11.6600],[1512403200000,11.6600],[1512489600000,11.6600],[1512576000000,11.4900],[1512662400000,11.3500],[1512921600000,11.0400],[1513008000000,10.7200],[1513094400000,10.4100],[1513180800000,10.5500],[1513267200000,11.2800],[1513526400000,10.8200],[1513612800000,10.3700],[1513699200000,10.3700],[1513785600000,10.5300],[1513872000000,10.3800],[1514131200000,10.2300],[1514217600000,10.3800],[1514304000000,10.2400],[1514390400000,10.0800],[1514476800000,10.5300],[1514822400000,10.6900],[1514908800000,11.4500],[1514995200000,12.2100],[1515081600000,13.7400],[1515340800000,7.7900],[1515427200000,7.9400],[1515513600000,7.4700],[1515600000000,7.4600],[1515686400000,7.6100],[1515945600000,7.7600],[1516032000000,7.9100],[1516118400000,7.6100],[1516204800000,7.7600],[1516291200000,7.7600],[1516550400000,7.9100],[1516636800000,7.7600],[1516723200000,7.6100],[1516809600000,7.6100],[1516896000000,7.6300],[1517155200000,7.1600],[1517241600000,7.1600],[1517328000000,7.3200],[1517414400000,7.3200],[1517500800000,7.1600],[1517760000000,7.4700],[1517846400000,7.4700]];
/*规模变动*/
var Data_fluctuationScale = {"categories":["2016-12-31","2017-03-31","2017-06-30","2017-09-30","2017-12-31"],"series":[{"y":0.50,"mom":"-86.21%"},{"y":0.12,"mom":"-76.08%"},{"y":0.05,"mom":"-56.64%"},{"y":0.09,"mom":"80.59%"},{"y":0.03,"mom":"-69.12%"}]};;
/*持有人结构*/
var Data_holderStructure = {"series":[{"name":"机构持有比例","data":[6.8,13.23]},{"name":"个人持有比例","data":[93.2,86.77]},{"name":"内部持有比例","data":[0.1927,5.1775]}],"categories":["2016-12-31","2017-06-30"]};
/*申购赎回*/
var Data_assetAllocation ={"series":[{"name":"期间申购","data":[0.03,0.01,0.19,0.03]},{"name":"期间赎回","data":[0.41,0.08,0.15,0.10]},{"name":"总份额","data":[0.12,0.05,0.09,0.03]}],"categories":["2017-03-31","2017-06-30","2017-09-30","2017-12-31"]};
/*现任基金经理*/
var Data_currentFundManager = [{"id":"30493964","pic":"https://pdf.dfcfw.com/pdf/H8_PNG30493964_1.jpg","name":"漆志伟","star":2,"workTime":"1年又113天","fundSize":"128.77亿(8只基金)","power":{"avr":"31.51","categories":["经验值","收益率","抗风险","稳定性","管理规模"],"dsc":["反映基金经理从业年限和管理基金的经验","根据基金经理投资的阶段收益评分，反映\u003cbr\u003e基金经理投资的盈利能力","反映基金经理投资的回撤控制能力","反映基金经理投资收益的波动","根据基金经理现任管理基金资产规模评分"],"data":[26.50,18.20,35.0,27.70,69.10],"jzrq":"2018-02-06"},"profit":{"categories":["任期收益","同类平均"],"series":[{"data":[{"name":null,"color":"#7cb5ec","y":4.3741},{"name":null,"color":"#414c7b","y":4.76}]}],"jzrq":"2018-02-06"}}] ;
/*同类型基金涨幅榜（页面底部通栏）*/
var swithSameType = [['002895_华夏天利货币B_5.8750','002894_华夏天利货币A_5.6210','004398_融通现金宝货币B_5.3370','000902_国开货币B_5.3360','001478_泰康薪意保货币B_5.1400'],['002895_华夏天利货币B_5.26','004973_长城收益宝货币B_5.08','004904_人保货币B_5.05','002884_华润元大现金通货币B_5.01','002894_华夏天利货币A_5.01'],['004973_长城收益宝货币B_5.05','004770_海富通添益货币A_4.99','002884_华润元大现金通货币B_4.99','005151_红土创新优淳货币B_4.90','002895_华夏天利货币B_4.89'],['004770_海富通添益货币A_5.39','004973_长城收益宝货币B_5.13','002884_华润元大现金通货币B_5.03','002895_华夏天利货币B_5.03','004398_融通现金宝货币B_5.01'],['003679_中融现金增利货币C_4.67','003474_南方天天利货币B_4.55','000836_国投瑞银钱多宝货币A_4.52','000837_国投瑞银钱多宝货币I_4.52','003753_工银如意货币B_4.51']];