/**
 * 测试数据
 * @type {arry}
 */
/*2018-02-07 18:03:34*/
//基金或股票信息
var fS_name = "中欧滚钱宝货币B";
var fS_code = "004938";
var fund_minsg="";
var ishb=true;
/*原费率*/
var fund_sourceRate="0";
/*现费率*/
var fund_Rate="0";
/*最小申购金额*/
var fund_minsg="";
/*收益率*/
/*近一年收益率*/
var syl_1n="";
/*近6月收益率*/
var syl_6y="2.2109";
/*近三月收益率*/
var syl_3y="1.1262";
/*近一月收益率*/
var syl_1y="0.3845";
/* 基金收益走势图 每万份收益*/
var Data_millionCopiesIncome = [[1499788800000,1.0028],[1499875200000,1.0809],[1499961600000,1.0797],[1500048000000,1.0797],[1500134400000,1.0796],[1500220800000,1.0897],[1500307200000,1.1065],[1500393600000,1.1171],[1500480000000,1.1396],[1500566400000,1.1372],[1500652800000,1.1372],[1500739200000,1.1371],[1500825600000,1.1316],[1500912000000,1.1439],[1500998400000,1.3237],[1501084800000,1.1477],[1501171200000,1.1547],[1501257600000,1.1548],[1501344000000,1.1547],[1501430400000,1.1615],[1501516800000,1.1572],[1501603200000,1.1737],[1501689600000,1.1709],[1501776000000,1.1812],[1501862400000,1.1607],[1501948800000,1.1606],[1502035200000,1.1574],[1502121600000,1.1494],[1502208000000,1.1367],[1502294400000,1.142],[1502380800000,1.1558],[1502467200000,1.1559],[1502553600000,1.1558],[1502640000000,1.155],[1502726400000,1.1228],[1502812800000,1.1222],[1502899200000,1.1358],[1502985600000,1.1434],[1503072000000,1.1428],[1503158400000,1.1427],[1503244800000,1.1411],[1503331200000,1.1026],[1503417600000,1.0916],[1503504000000,1.1159],[1503590400000,1.7696],[1503676800000,1.1192],[1503763200000,1.1191],[1503849600000,1.2566],[1503936000000,1.1194],[1504022400000,1.1045],[1504108800000,1.7363],[1504195200000,1.6613],[1504281600000,1.1442],[1504368000000,1.1441],[1504454400000,1.1373],[1504540800000,1.133],[1504627200000,1.1196],[1504713600000,1.104],[1504800000000,1.1078],[1504886400000,1.1074],[1504972800000,1.1073],[1505059200000,1.115],[1505145600000,1.1145],[1505232000000,1.1277],[1505318400000,1.1361],[1505404800000,1.1287],[1505491200000,1.1305],[1505577600000,1.1304],[1505664000000,1.1453],[1505750400000,1.1302],[1505836800000,1.1526],[1505923200000,1.1696],[1506009600000,1.1806],[1506096000000,1.1828],[1506182400000,1.1827],[1506268800000,1.146],[1506355200000,1.268],[1506441600000,1.1466],[1506528000000,1.1357],[1506614400000,1.1574],[1506700800000,1.158],[1506787200000,1.1579],[1506873600000,1.1578],[1506960000000,1.1577],[1507046400000,1.1577],[1507132800000,1.1576],[1507219200000,1.1575],[1507305600000,1.1574],[1507392000000,1.1573],[1507478400000,1.1623],[1507564800000,1.1608],[1507651200000,1.1663],[1507737600000,1.1076],[1507824000000,1.1163],[1507910400000,1.1178],[1507996800000,1.1177],[1508083200000,1.108],[1508169600000,1.0797],[1508256000000,1.0929],[1508342400000,1.0992],[1508428800000,1.1188],[1508515200000,1.1204],[1508601600000,1.1204],[1508688000000,1.1135],[1508774400000,1.1198],[1508860800000,1.1403],[1508947200000,1.2183],[1509033600000,1.1452],[1509120000000,1.1461],[1509206400000,1.146],[1509292800000,1.1427],[1509379200000,1.1451],[1509465600000,1.164],[1509552000000,1.1569],[1509638400000,1.1521],[1509724800000,1.154],[1509811200000,1.1539],[1509897600000,1.1527],[1509984000000,1.1749],[1510070400000,1.1199],[1510156800000,1.1312],[1510243200000,1.1292],[1510329600000,1.1311],[1510416000000,1.131],[1510502400000,1.1386],[1510588800000,1.1512],[1510675200000,1.1519],[1510761600000,1.1636],[1510848000000,1.1698],[1510934400000,1.1706],[1511020800000,1.1705],[1511107200000,1.168],[1511193600000,1.1684],[1511280000000,1.1671],[1511366400000,1.1652],[1511452800000,1.1695],[1511539200000,1.1721],[1511625600000,1.1698],[1511712000000,1.2484],[1511798400000,1.1796],[1511884800000,1.1872],[1511971200000,1.1835],[1512057600000,1.1949],[1512144000000,1.1921],[1512230400000,1.192],[1512316800000,1.1923],[1512403200000,1.1885],[1512489600000,1.1928],[1512576000000,1.181],[1512662400000,1.2211],[1512748800000,1.1683],[1512835200000,1.1682],[1512921600000,1.172],[1513008000000,1.1793],[1513094400000,1.2102],[1513180800000,1.1716],[1513267200000,1.168],[1513353600000,1.1705],[1513440000000,1.1704],[1513526400000,1.1666],[1513612800000,1.166],[1513699200000,1.1633],[1513785600000,1.1758],[1513872000000,1.1924],[1513958400000,1.194],[1514044800000,1.1939],[1514131200000,1.2151],[1514217600000,1.2865],[1514304000000,1.3168],[1514390400000,1.368],[1514476800000,1.3946],[1514563200000,1.3963],[1514649600000,1.3962],[1514736000000,1.4004],[1514822400000,1.3929],[1514908800000,1.3058],[1514995200000,1.2863],[1515081600000,1.2843],[1515168000000,1.2723],[1515254400000,1.2722],[1515340800000,1.2221],[1515427200000,1.195],[1515513600000,1.1722],[1515600000000,1.1791],[1515686400000,1.1852],[1515772800000,1.1851],[1515859200000,1.185],[1515945600000,1.2016],[1516032000000,1.2149],[1516118400000,1.2332],[1516204800000,1.2394],[1516291200000,1.2402],[1516377600000,1.2396],[1516464000000,1.2395],[1516550400000,1.2453],[1516636800000,1.2565],[1516723200000,1.2309],[1516809600000,1.2643],[1516896000000,1.2999],[1516982400000,1.2656],[1517068800000,1.2655],[1517155200000,1.2576],[1517241600000,1.2425],[1517328000000,1.2538],[1517414400000,1.2792],[1517500800000,1.2688],[1517587200000,1.2697],[1517673600000,1.2696],[1517760000000,1.2595],[1517846400000,1.2522]];
/*基金收益走势图   7日年化收益率*/
var Data_sevenDaysYearIncome = [[1499788800000,4.082],[1499875200000,0.565],[1499961600000,1.133],[1500048000000,1.704],[1500134400000,2.278],[1500220800000,2.861],[1500307200000,3.456],[1500393600000,4.06],[1500480000000,4.092],[1500566400000,4.123],[1500652800000,4.154],[1500739200000,4.186],[1500825600000,4.208],[1500912000000,4.229],[1500998400000,4.341],[1501084800000,4.346],[1501171200000,4.355],[1501257600000,4.365],[1501344000000,4.374],[1501430400000,4.39],[1501516800000,4.398],[1501603200000,4.316],[1501689600000,4.329],[1501776000000,4.343],[1501862400000,4.346],[1501948800000,4.35],[1502035200000,4.347],[1502121600000,4.343],[1502208000000,4.323],[1502294400000,4.307],[1502380800000,4.293],[1502467200000,4.291],[1502553600000,4.288],[1502640000000,4.287],[1502726400000,4.272],[1502812800000,4.265],[1502899200000,4.261],[1502985600000,4.254],[1503072000000,4.247],[1503158400000,4.24],[1503244800000,4.233],[1503331200000,4.222],[1503417600000,4.205],[1503504000000,4.194],[1503590400000,4.535],[1503676800000,4.522],[1503763200000,4.509],[1503849600000,4.572],[1503936000000,4.581],[1504022400000,4.588],[1504108800000,4.927],[1504195200000,4.868],[1504281600000,4.882],[1504368000000,4.895],[1504454400000,4.83],[1504540800000,4.838],[1504627200000,4.846],[1504713600000,4.501],[1504800000000,4.2],[1504886400000,4.18],[1504972800000,4.16],[1505059200000,4.148],[1505145600000,4.137],[1505232000000,4.142],[1505318400000,4.159],[1505404800000,4.171],[1505491200000,4.183],[1505577600000,4.196],[1505664000000,4.212],[1505750400000,4.221],[1505836800000,4.234],[1505923200000,4.253],[1506009600000,4.281],[1506096000000,4.309],[1506182400000,4.338],[1506268800000,4.338],[1506355200000,4.413],[1506441600000,4.41],[1506528000000,4.391],[1506614400000,4.379],[1506700800000,4.365],[1506787200000,4.352],[1506873600000,4.358],[1506960000000,4.298],[1507046400000,4.304],[1507132800000,4.316],[1507219200000,4.316],[1507305600000,4.316],[1507392000000,4.315],[1507478400000,4.318],[1507564800000,4.32],[1507651200000,4.324],[1507737600000,4.297],[1507824000000,4.275],[1507910400000,4.253],[1507996800000,4.232],[1508083200000,4.202],[1508169600000,4.158],[1508256000000,4.118],[1508342400000,4.114],[1508428800000,4.115],[1508515200000,4.116],[1508601600000,4.118],[1508688000000,4.121],[1508774400000,4.143],[1508860800000,4.168],[1508947200000,4.233],[1509033600000,4.247],[1509120000000,4.261],[1509206400000,4.275],[1509292800000,4.291],[1509379200000,4.305],[1509465600000,4.318],[1509552000000,4.284],[1509638400000,4.288],[1509724800000,4.292],[1509811200000,4.297],[1509897600000,4.302],[1509984000000,4.318],[1510070400000,4.294],[1510156800000,4.28],[1510243200000,4.268],[1510329600000,4.256],[1510416000000,4.243],[1510502400000,4.235],[1510588800000,4.223],[1510675200000,4.24],[1510761600000,4.258],[1510848000000,4.28],[1510934400000,4.301],[1511020800000,4.323],[1511107200000,4.339],[1511193600000,4.348],[1511280000000,4.356],[1511366400000,4.357],[1511452800000,4.357],[1511539200000,4.358],[1511625600000,4.357],[1511712000000,4.401],[1511798400000,4.407],[1511884800000,4.418],[1511971200000,4.428],[1512057600000,4.442],[1512144000000,4.453],[1512230400000,4.465],[1512316800000,4.434],[1512403200000,4.439],[1512489600000,4.442],[1512576000000,4.441],[1512662400000,4.455],[1512748800000,4.442],[1512835200000,4.429],[1512921600000,4.418],[1513008000000,4.413],[1513094400000,4.423],[1513180800000,4.418],[1513267200000,4.389],[1513353600000,4.39],[1513440000000,4.391],[1513526400000,4.388],[1513612800000,4.381],[1513699200000,4.355],[1513785600000,4.358],[1513872000000,4.371],[1513958400000,4.384],[1514044800000,4.396],[1514131200000,4.423],[1514217600000,4.489],[1514304000000,4.572],[1514390400000,4.677],[1514476800000,4.787],[1514563200000,4.898],[1514649600000,5.009],[1514736000000,5.11],[1514822400000,5.168],[1514908800000,5.162],[1514995200000,5.118],[1515081600000,5.057],[1515168000000,4.989],[1515254400000,4.922],[1515340800000,4.824],[1515427200000,4.716],[1515513600000,4.643],[1515600000000,4.585],[1515686400000,4.531],[1515772800000,4.483],[1515859200000,4.436],[1515945600000,4.424],[1516032000000,4.435],[1516118400000,4.468],[1516204800000,4.501],[1516291200000,4.531],[1516377600000,4.561],[1516464000000,4.591],[1516550400000,4.614],[1516636800000,4.637],[1516723200000,4.636],[1516809600000,4.649],[1516896000000,4.682],[1516982400000,4.696],[1517068800000,4.71],[1517155200000,4.717],[1517241600000,4.71],[1517328000000,4.722],[1517414400000,4.73],[1517500800000,4.713],[1517587200000,4.715],[1517673600000,4.718],[1517760000000,4.719],[1517846400000,4.724]];
/*资产配置*/
var Data_assetAllocationCurrency ={"categories":["12-31","09-30"],"series":[{"name":"股票","data":[null,null]},{"name":"债券","data":[44.29,43.38]},{"name":"现金","data":[40.15,35.79]}]};
/*累计收益率走势*/
var Data_grandTotal = [{"name":"中欧滚钱宝货币B","data":[[1501948800000,0],[1502035200000,0.01],[1502121600000,0.02],[1502208000000,0.03],[1502294400000,0.05],[1502380800000,0.06],[1502467200000,0.07],[1502553600000,0.08],[1502640000000,0.09],[1502726400000,0.10],[1502812800000,0.11],[1502899200000,0.13],[1502985600000,0.14],[1503072000000,0.15],[1503158400000,0.16],[1503244800000,0.17],[1503331200000,0.18],[1503417600000,0.19],[1503504000000,0.20],[1503590400000,0.22],[1503676800000,0.23],[1503763200000,0.24],[1503849600000,0.26],[1503936000000,0.27],[1504022400000,0.28],[1504108800000,0.30],[1504195200000,0.31],[1504281600000,0.33],[1504368000000,0.34],[1504454400000,0.35],[1504540800000,0.36],[1504627200000,0.37],[1504713600000,0.38],[1504800000000,0.39],[1504886400000,0.40],[1504972800000,0.42],[1505059200000,0.43],[1505145600000,0.44],[1505232000000,0.45],[1505318400000,0.46],[1505404800000,0.47],[1505491200000,0.48],[1505577600000,0.49],[1505664000000,0.51],[1505750400000,0.52],[1505836800000,0.53],[1505923200000,0.54],[1506009600000,0.55],[1506096000000,0.56],[1506182400000,0.58],[1506268800000,0.59],[1506355200000,0.60],[1506441600000,0.61],[1506528000000,0.62],[1506614400000,0.64],[1506700800000,0.65],[1506787200000,0.66],[1506873600000,0.67],[1506960000000,0.68],[1507046400000,0.69],[1507132800000,0.71],[1507219200000,0.72],[1507305600000,0.73],[1507392000000,0.74],[1507478400000,0.75],[1507564800000,0.76],[1507651200000,0.78],[1507737600000,0.79],[1507824000000,0.80],[1507910400000,0.81],[1507996800000,0.82],[1508083200000,0.83],[1508169600000,0.84],[1508256000000,0.85],[1508342400000,0.86],[1508428800000,0.88],[1508515200000,0.89],[1508601600000,0.90],[1508688000000,0.91],[1508774400000,0.92],[1508860800000,0.93],[1508947200000,0.94],[1509033600000,0.96],[1509120000000,0.97],[1509206400000,0.98],[1509292800000,0.99],[1509379200000,1.00],[1509465600000,1.01],[1509552000000,1.03],[1509638400000,1.04],[1509724800000,1.05],[1509811200000,1.06],[1509897600000,1.07],[1509984000000,1.08],[1510070400000,1.10],[1510156800000,1.11],[1510243200000,1.12],[1510329600000,1.13],[1510416000000,1.14],[1510502400000,1.15],[1510588800000,1.16],[1510675200000,1.18],[1510761600000,1.19],[1510848000000,1.20],[1510934400000,1.21],[1511020800000,1.22],[1511107200000,1.24],[1511193600000,1.25],[1511280000000,1.26],[1511366400000,1.27],[1511452800000,1.28],[1511539200000,1.29],[1511625600000,1.31],[1511712000000,1.32],[1511798400000,1.33],[1511884800000,1.34],[1511971200000,1.36],[1512057600000,1.37],[1512144000000,1.38],[1512230400000,1.39],[1512316800000,1.40],[1512403200000,1.42],[1512489600000,1.43],[1512576000000,1.44],[1512662400000,1.45],[1512748800000,1.46],[1512835200000,1.48],[1512921600000,1.49],[1513008000000,1.50],[1513094400000,1.51],[1513180800000,1.52],[1513267200000,1.54],[1513353600000,1.55],[1513440000000,1.56],[1513526400000,1.57],[1513612800000,1.58],[1513699200000,1.59],[1513785600000,1.61],[1513872000000,1.62],[1513958400000,1.63],[1514044800000,1.64],[1514131200000,1.66],[1514217600000,1.67],[1514304000000,1.68],[1514390400000,1.70],[1514476800000,1.71],[1514563200000,1.72],[1514649600000,1.74],[1514736000000,1.75],[1514822400000,1.77],[1514908800000,1.78],[1514995200000,1.79],[1515081600000,1.81],[1515168000000,1.82],[1515254400000,1.83],[1515340800000,1.84],[1515427200000,1.86],[1515513600000,1.87],[1515600000000,1.88],[1515686400000,1.89],[1515772800000,1.90],[1515859200000,1.92],[1515945600000,1.93],[1516032000000,1.94],[1516118400000,1.95],[1516204800000,1.97],[1516291200000,1.98],[1516377600000,1.99],[1516464000000,2.00],[1516550400000,2.02],[1516636800000,2.03],[1516723200000,2.04],[1516809600000,2.06],[1516896000000,2.07],[1516982400000,2.08],[1517068800000,2.09],[1517155200000,2.11],[1517241600000,2.12],[1517328000000,2.13],[1517414400000,2.15],[1517500800000,2.16],[1517587200000,2.17],[1517673600000,2.19],[1517760000000,2.20],[1517846400000,2.21]]},{"name":"同类平均","data":[[1502035200000,0],[1502121600000,0.01],[1502208000000,0.02],[1502294400000,0.03],[1502380800000,0.04],[1502640000000,0.07],[1502726400000,0.08],[1502812800000,0.09],[1502899200000,0.10],[1502985600000,0.11],[1503244800000,0.14],[1503331200000,0.16],[1503417600000,0.17],[1503504000000,0.18],[1503590400000,0.19],[1503849600000,0.22],[1503936000000,0.23],[1504022400000,0.24],[1504108800000,0.25],[1504195200000,0.26],[1504454400000,0.29],[1504540800000,0.30],[1504627200000,0.31],[1504713600000,0.32],[1504800000000,0.34],[1505059200000,0.37],[1505145600000,0.38],[1505232000000,0.39],[1505318400000,0.40],[1505404800000,0.41],[1505664000000,0.44],[1505750400000,0.45],[1505836800000,0.46],[1505923200000,0.47],[1506009600000,0.48],[1506268800000,0.52],[1506355200000,0.53],[1506441600000,0.54],[1506528000000,0.55],[1506614400000,0.56],[1507478400000,0.67],[1507564800000,0.68],[1507651200000,0.69],[1507737600000,0.71],[1507824000000,0.72],[1508083200000,0.75],[1508169600000,0.76],[1508256000000,0.77],[1508342400000,0.78],[1508428800000,0.79],[1508688000000,0.82],[1508774400000,0.83],[1508860800000,0.84],[1508947200000,0.85],[1509033600000,0.86],[1509292800000,0.90],[1509379200000,0.91],[1509465600000,0.92],[1509552000000,0.93],[1509638400000,0.94],[1509897600000,0.97],[1509984000000,0.98],[1510070400000,0.99],[1510156800000,1.00],[1510243200000,1.01],[1510502400000,1.04],[1510588800000,1.06],[1510675200000,1.07],[1510761600000,1.08],[1510848000000,1.09],[1511107200000,1.12],[1511193600000,1.13],[1511280000000,1.14],[1511366400000,1.15],[1511452800000,1.16],[1511712000000,1.20],[1511798400000,1.21],[1511884800000,1.22],[1511971200000,1.23],[1512057600000,1.24],[1512316800000,1.28],[1512403200000,1.29],[1512489600000,1.30],[1512576000000,1.31],[1512662400000,1.32],[1512921600000,1.35],[1513008000000,1.36],[1513094400000,1.38],[1513180800000,1.39],[1513267200000,1.40],[1513526400000,1.43],[1513612800000,1.44],[1513699200000,1.46],[1513785600000,1.47],[1513872000000,1.48],[1514131200000,1.51],[1514217600000,1.53],[1514304000000,1.54],[1514390400000,1.55],[1514476800000,1.57],[1514822400000,1.62],[1514908800000,1.64],[1514995200000,1.65],[1515081600000,1.66],[1515340800000,1.69],[1515427200000,1.71],[1515513600000,1.72],[1515600000000,1.73],[1515686400000,1.74],[1515945600000,1.77],[1516032000000,1.79],[1516118400000,1.80],[1516204800000,1.81],[1516291200000,1.82],[1516550400000,1.86],[1516636800000,1.87],[1516723200000,1.88],[1516809600000,1.89],[1516896000000,1.90],[1517155200000,1.94],[1517241600000,1.95],[1517328000000,1.96],[1517414400000,1.97],[1517500800000,1.98],[1517760000000,2.02],[1517846400000,2.03]]},{"name":"沪深300","data":[[1502035200000,0],[1502121600000,0.15],[1502208000000,0.11],[1502294400000,-0.29],[1502380800000,-2.13],[1502640000000,-0.86],[1502726400000,-0.56],[1502812800000,-0.68],[1502899200000,-0.15],[1502985600000,-0.06],[1503244800000,0.38],[1503331200000,0.68],[1503417600000,0.79],[1503504000000,0.21],[1503590400000,1.85],[1503849600000,3.11],[1503936000000,2.89],[1504022400000,2.88],[1504108800000,2.56],[1504195200000,2.78],[1504454400000,3.19],[1504540800000,3.50],[1504627200000,3.29],[1504713600000,2.77],[1504800000000,2.66],[1505059200000,2.65],[1505145600000,2.98],[1505232000000,3.11],[1505318400000,2.77],[1505404800000,2.80],[1505664000000,3.12],[1505750400000,2.83],[1505836800000,3.10],[1505923200000,2.98],[1506009600000,2.98],[1506268800000,2.44],[1506355200000,2.52],[1506441600000,2.53],[1506528000000,2.57],[1506614400000,2.94],[1507478400000,4.17],[1507564800000,4.38],[1507651200000,4.72],[1507737600000,5.00],[1507824000000,5.21],[1508083200000,5.01],[1508169600000,5.00],[1508256000000,5.83],[1508342400000,5.49],[1508428800000,5.37],[1508688000000,5.47],[1508774400000,6.24],[1508860800000,6.71],[1508947200000,7.16],[1509033600000,7.92],[1509292800000,7.59],[1509379200000,7.51],[1509465600000,7.24],[1509552000000,7.25],[1509638400000,7.13],[1509897600000,7.89],[1509984000000,8.79],[1510070400000,8.62],[1510156800000,9.37],[1510243200000,10.33],[1510502400000,10.77],[1510588800000,10.00],[1510675200000,9.31],[1510761600000,10.15],[1510848000000,10.57],[1511107200000,11.19],[1511193600000,13.17],[1511280000000,13.44],[1511366400000,10.08],[1511452800000,10.13],[1511712000000,8.67],[1511798400000,8.83],[1511884800000,8.77],[1511971200000,7.49],[1512057600000,7.28],[1512316800000,7.84],[1512403200000,8.41],[1512489600000,7.76],[1512576000000,6.55],[1512662400000,7.42],[1512921600000,9.20],[1513008000000,7.76],[1513094400000,8.67],[1513180800000,8.03],[1513267200000,6.82],[1513526400000,6.94],[1513612800000,8.28],[1513699200000,8.15],[1513785600000,9.15],[1513872000000,8.80],[1514131200000,8.45],[1514217600000,8.77],[1514304000000,7.09],[1514390400000,7.84],[1514476800000,8.16],[1514822400000,9.68],[1514908800000,10.32],[1514995200000,10.79],[1515081600000,11.05],[1515340800000,11.63],[1515427200000,12.41],[1515513600000,12.91],[1515600000000,12.85],[1515686400000,13.37],[1515945600000,13.37],[1516032000000,14.27],[1516118400000,13.99],[1516204800000,14.61],[1516291200000,14.99],[1516550400000,16.36],[1516636800000,17.60],[1516723200000,17.79],[1516809600000,17.13],[1516896000000,17.56],[1517155200000,15.43],[1517241600000,14.20],[1517328000000,14.73],[1517414400000,13.93],[1517500800000,14.61],[1517760000000,14.69],[1517846400000,11.33]]}];
/*同类排名*/
var Data_rateInSimilarType = [{"x":1507737600000,"y":93,"sc":"611"},{"x":1507824000000,"y":91,"sc":"611"},{"x":1508083200000,"y":88,"sc":"612"},{"x":1508169600000,"y":87,"sc":"612"},{"x":1508256000000,"y":87,"sc":"611"},{"x":1508342400000,"y":85,"sc":"611"},{"x":1508428800000,"y":85,"sc":"611"},{"x":1508688000000,"y":83,"sc":"606"},{"x":1508774400000,"y":80,"sc":"606"},{"x":1508860800000,"y":78,"sc":"607"},{"x":1508947200000,"y":78,"sc":"607"},{"x":1509033600000,"y":77,"sc":"607"},{"x":1509292800000,"y":73,"sc":"609"},{"x":1509379200000,"y":70,"sc":"610"},{"x":1509465600000,"y":69,"sc":"610"},{"x":1509552000000,"y":72,"sc":"613"},{"x":1509638400000,"y":73,"sc":"617"},{"x":1509897600000,"y":77,"sc":"621"},{"x":1509984000000,"y":72,"sc":"621"},{"x":1510070400000,"y":74,"sc":"621"},{"x":1510156800000,"y":76,"sc":"623"},{"x":1510243200000,"y":76,"sc":"623"},{"x":1510502400000,"y":76,"sc":"633"},{"x":1510588800000,"y":74,"sc":"635"},{"x":1510675200000,"y":73,"sc":"635"},{"x":1510761600000,"y":73,"sc":"635"},{"x":1510848000000,"y":74,"sc":"636"},{"x":1511107200000,"y":73,"sc":"636"},{"x":1511193600000,"y":74,"sc":"636"},{"x":1511280000000,"y":78,"sc":"636"},{"x":1511366400000,"y":76,"sc":"636"},{"x":1511452800000,"y":75,"sc":"637"},{"x":1511712000000,"y":83,"sc":"640"},{"x":1511798400000,"y":87,"sc":"640"},{"x":1511884800000,"y":86,"sc":"640"},{"x":1511971200000,"y":97,"sc":"641"},{"x":1512057600000,"y":114,"sc":"643"},{"x":1512316800000,"y":111,"sc":"643"},{"x":1512403200000,"y":111,"sc":"643"},{"x":1512489600000,"y":105,"sc":"643"},{"x":1512576000000,"y":105,"sc":"644"},{"x":1512662400000,"y":102,"sc":"652"},{"x":1512921600000,"y":105,"sc":"652"},{"x":1513008000000,"y":104,"sc":"653"},{"x":1513094400000,"y":105,"sc":"653"},{"x":1513180800000,"y":104,"sc":"654"},{"x":1513267200000,"y":102,"sc":"656"},{"x":1513526400000,"y":105,"sc":"656"},{"x":1513612800000,"y":106,"sc":"656"},{"x":1513699200000,"y":107,"sc":"656"},{"x":1513785600000,"y":110,"sc":"655"},{"x":1513872000000,"y":110,"sc":"655"},{"x":1514131200000,"y":110,"sc":"655"},{"x":1514217600000,"y":112,"sc":"655"},{"x":1514304000000,"y":113,"sc":"654"},{"x":1514390400000,"y":110,"sc":"655"},{"x":1514476800000,"y":106,"sc":"655"},{"x":1514822400000,"y":188,"sc":"655"},{"x":1514908800000,"y":232,"sc":"655"},{"x":1514995200000,"y":263,"sc":"655"},{"x":1515081600000,"y":289,"sc":"655"},{"x":1515340800000,"y":116,"sc":"655"},{"x":1515427200000,"y":110,"sc":"655"},{"x":1515513600000,"y":115,"sc":"656"},{"x":1515600000000,"y":114,"sc":"657"},{"x":1515686400000,"y":116,"sc":"657"},{"x":1515945600000,"y":110,"sc":"657"},{"x":1516032000000,"y":107,"sc":"657"},{"x":1516118400000,"y":104,"sc":"657"},{"x":1516204800000,"y":104,"sc":"657"},{"x":1516291200000,"y":103,"sc":"657"},{"x":1516550400000,"y":99,"sc":"657"},{"x":1516636800000,"y":97,"sc":"657"},{"x":1516723200000,"y":97,"sc":"657"},{"x":1516809600000,"y":95,"sc":"657"},{"x":1516896000000,"y":97,"sc":"655"},{"x":1517155200000,"y":98,"sc":"656"},{"x":1517241600000,"y":95,"sc":"656"},{"x":1517328000000,"y":96,"sc":"656"},{"x":1517414400000,"y":97,"sc":"656"},{"x":1517500800000,"y":95,"sc":"656"},{"x":1517760000000,"y":90,"sc":"656"},{"x":1517846400000,"y":88,"sc":"656"}];
/*百分比排名*/
var Data_rateInSimilarPersent = [[1507737600000,84.7800],[1507824000000,85.1100],[1508083200000,85.6200],[1508169600000,85.7800],[1508256000000,85.7600],[1508342400000,86.0900],[1508428800000,86.0900],[1508688000000,86.3000],[1508774400000,86.8000],[1508860800000,87.1500],[1508947200000,87.1500],[1509033600000,87.3100],[1509292800000,88.0100],[1509379200000,88.5200],[1509465600000,88.6900],[1509552000000,88.2500],[1509638400000,88.1700],[1509897600000,87.6000],[1509984000000,88.4100],[1510070400000,88.0800],[1510156800000,87.8000],[1510243200000,87.8000],[1510502400000,87.9900],[1510588800000,88.3500],[1510675200000,88.5000],[1510761600000,88.5000],[1510848000000,88.3600],[1511107200000,88.5200],[1511193600000,88.3600],[1511280000000,87.7400],[1511366400000,88.0500],[1511452800000,88.2300],[1511712000000,87.0300],[1511798400000,86.4100],[1511884800000,86.5600],[1511971200000,84.8700],[1512057600000,82.2700],[1512316800000,82.7400],[1512403200000,82.7400],[1512489600000,83.6700],[1512576000000,83.7000],[1512662400000,84.3600],[1512921600000,83.9000],[1513008000000,84.0700],[1513094400000,83.9200],[1513180800000,84.1000],[1513267200000,84.4500],[1513526400000,83.9900],[1513612800000,83.8400],[1513699200000,83.6900],[1513785600000,83.2100],[1513872000000,83.2100],[1514131200000,83.2100],[1514217600000,82.9000],[1514304000000,82.7200],[1514390400000,83.2100],[1514476800000,83.8200],[1514822400000,71.3000],[1514908800000,64.5800],[1514995200000,59.8500],[1515081600000,55.8800],[1515340800000,82.2900],[1515427200000,83.2100],[1515513600000,82.4700],[1515600000000,82.6500],[1515686400000,82.3400],[1515945600000,83.2600],[1516032000000,83.7100],[1516118400000,84.1700],[1516204800000,84.1700],[1516291200000,84.3200],[1516550400000,84.9300],[1516636800000,85.2400],[1516723200000,85.2400],[1516809600000,85.5400],[1516896000000,85.1900],[1517155200000,85.0600],[1517241600000,85.5200],[1517328000000,85.3700],[1517414400000,85.2100],[1517500800000,85.5200],[1517760000000,86.2800],[1517846400000,86.5900]];
/*规模变动*/
var Data_fluctuationScale = {"categories":["2017-09-30","2017-12-31"],"series":[{"y":7.01,"mom":"--"},{"y":8.61,"mom":"22.82%"}]};;
/*持有人结构*/
var Data_holderStructure = {"series":[{"name":"机构持有比例","data":[]},{"name":"个人持有比例","data":[]},{"name":"内部持有比例","data":[]}],"categories":[]};
/*申购赎回*/
var Data_assetAllocation ={"series":[{"name":"期间申购","data":[7.01,5.07]},{"name":"期间赎回","data":[0.00,3.47]},{"name":"总份额","data":[7.01,8.61]}],"categories":["2017-09-30","2017-12-31"]};
/*现任基金经理*/
var Data_currentFundManager = [{"id":"30525553","pic":"https://pdf.dfcfw.com/pdf/H8_JPG30525553_1.jpg","name":"黄华","star":0,"workTime":"320天","fundSize":"261.54亿(20只基金)","power":{"avr":"暂无数据","categories":["经验值","收益率","抗风险","稳定性","管理规模"],"dsc":["反映基金经理从业年限和管理基金的经验","根据基金经理投资的阶段收益评分，反映\u003cbr\u003e基金经理投资的盈利能力","反映基金经理投资的回撤控制能力","反映基金经理投资收益的波动","根据基金经理现任管理基金资产规模评分"],"data":[null,null,null,null,null],"jzrq":"2018-02-06"},"profit":{"categories":["任期收益","同类平均"],"series":[{"data":[{"name":null,"color":"#7cb5ec","y":2.5135},{"name":null,"color":"#414c7b","y":2.34}]}],"jzrq":"2018-02-06"}},{"id":"30568960","pic":"http://j5.dfcfw.com/avatar/nopic.gif","name":"蒋雯文","star":0,"workTime":"8天","fundSize":"261.54亿(20只基金)","power":{"avr":"暂无数据","categories":["经验值","收益率","抗风险","稳定性","管理规模"],"dsc":["反映基金经理从业年限和管理基金的经验","根据基金经理投资的阶段收益评分，反映\u003cbr\u003e基金经理投资的盈利能力","反映基金经理投资的回撤控制能力","反映基金经理投资收益的波动","根据基金经理现任管理基金资产规模评分"],"data":[null,null,null,null,null],"jzrq":"2018-02-06"},"profit":{"categories":["任期收益","同类平均"],"series":[{"data":[{"name":null,"color":"#7cb5ec","y":0.0886},{"name":null,"color":"#414c7b","y":0.08}]}],"jzrq":"2018-02-06"}}] ;
/*同类型基金涨幅榜（页面底部通栏）*/
var swithSameType = [['002895_华夏天利货币B_5.8750','002894_华夏天利货币A_5.6210','004398_融通现金宝货币B_5.3370','000902_国开货币B_5.3360','001478_泰康薪意保货币B_5.1400'],['002895_华夏天利货币B_5.26','004973_长城收益宝货币B_5.08','004904_人保货币B_5.05','002884_华润元大现金通货币B_5.01','002894_华夏天利货币A_5.01'],['004973_长城收益宝货币B_5.05','004770_海富通添益货币A_4.99','002884_华润元大现金通货币B_4.99','005151_红土创新优淳货币B_4.90','002895_华夏天利货币B_4.89'],['004770_海富通添益货币A_5.39','004973_长城收益宝货币B_5.13','002884_华润元大现金通货币B_5.03','002895_华夏天利货币B_5.03','004398_融通现金宝货币B_5.01'],['003679_中融现金增利货币C_4.67','003474_南方天天利货币B_4.55','000836_国投瑞银钱多宝货币A_4.52','000837_国投瑞银钱多宝货币I_4.52','003753_工银如意货币B_4.51']];