/**
 * 测试数据
 * @type {arry}
 */
/*2018-02-07 19:41:28*/
//基金或股票信息
var fS_name = "广发添利货币ETFA";
var fS_code = "511950";
var fund_minsg="";
var ishb=true;
/*原费率*/
var fund_sourceRate="0";
/*现费率*/
var fund_Rate="0";
/*最小申购金额*/
var fund_minsg="";
/*收益率*/
/*近一年收益率*/
var syl_1n="2.8476";
/*近6月收益率*/
var syl_6y="1.7075";
/*近三月收益率*/
var syl_3y="0.7976";
/*近一月收益率*/
var syl_1y="0.166";
/* 基金收益走势图 每万份收益*/
var Data_millionCopiesIncome = [[1479830400000,0.6519],[1479916800000,0.6518],[1480003200000,0.6362],[1480176000000,1.2722],[1480262400000,0.636],[1480348800000,0.619],[1480435200000,0.6402],[1480521600000,0.6402],[1480608000000,0.6395],[1480780800000,1.28],[1480867200000,0.6399],[1480953600000,0.6399],[1481040000000,0.6398],[1481126400000,0.6398],[1481212800000,0.6397],[1481385600000,1.2793],[1481472000000,0.6396],[1481558400000,0.4794],[1481644800000,0.5082],[1481731200000,0.5082],[1481817600000,0.5082],[1481990400000,1.0163],[1482076800000,0.2039],[1482163200000,0.146],[1482249600000,2.5824],[1482336000000,0.3923],[1482422400000,0.2489],[1482595200000,0.431],[1482681600000,0.057],[1482768000000,0.6586],[1482854400000,1.5764],[1482940800000,2.8966],[1483027200000,1.9792],[1483113600000,0.5392],[1483286400000,1.056],[1483372800000,0.5879],[1483459200000,0.2725],[1483545600000,0.686],[1483632000000,0.6915],[1483804800000,0.5731],[1483891200000,0.288],[1483977600000,0.3748],[1484064000000,0.4543],[1484150400000,0.5093],[1484236800000,0.523],[1484409600000,0.8997],[1484496000000,0.4628],[1484582400000,0.4526],[1484668800000,0.5723],[1484755200000,0.8679],[1484841600000,0.8545],[1485014400000,1.6792],[1485100800000,0.8707],[1485187200000,1.041],[1485273600000,1.0232],[1485360000000,0.9411],[1485964800000,5.717],[1486051200000,0.8164],[1486224000000,1.4332],[1486310400000,0.7431],[1486396800000,0.8739],[1486483200000,0.851],[1486569600000,0.7505],[1486656000000,0.431],[1486828800000,0.7112],[1486915200000,0.4011],[1487001600000,0.4361],[1487088000000,0.5342],[1487174400000,0.5217],[1487260800000,0.5183],[1487433600000,1.0587],[1487520000000,0.3732],[1487606400000,0.6879],[1487692800000,0.7157],[1487779200000,0.7496],[1487865600000,0.7203],[1488038400000,1.3704],[1488124800000,0.6878],[1488211200000,0.7409],[1488297600000,0.7871],[1488384000000,0.6697],[1488470400000,0.7459],[1488643200000,1.4046],[1488729600000,0.7053],[1488816000000,0.2668],[1488902400000,0.3122],[1488988800000,0.5375],[1489075200000,0.4623],[1489248000000,0.8092],[1489334400000,0.4057],[1489420800000,0.4152],[1489507200000,0.4473],[1489593600000,0.5172],[1489680000000,0.7186],[1489852800000,1.3004],[1489939200000,0.6527],[1490025600000,0.6749],[1490112000000,0.76],[1490198400000,0.8131],[1490284800000,0.8908],[1490457600000,1.5573],[1490544000000,0.9116],[1490630400000,0.7471],[1490716800000,0.7123],[1490803200000,0.8236],[1490889600000,1.2435],[1491235200000,3.8226],[1491321600000,0.9554],[1491408000000,0.7703],[1491494400000,0.6637],[1491667200000,1.1044],[1491753600000,0.5569],[1491840000000,0.5859],[1491926400000,0.6075],[1492012800000,0.4856],[1492099200000,0.4419],[1492272000000,0.7035],[1492358400000,0.3517],[1492444800000,0.4344],[1492531200000,0.4436],[1492617600000,0.4492],[1492704000000,0.4999],[1492876800000,0.9466],[1492963200000,0.2977],[1493049600000,0.4818],[1493136000000,0.5017],[1493222400000,0.5384],[1493308800000,0.5852],[1493568000000,1.7588],[1493654400000,0.5867],[1493740800000,0.5606],[1493827200000,0.5941],[1493913600000,0.3658],[1494086400000,0.958],[1494172800000,0.3295],[1494259200000,0.5539],[1494345600000,0.6093],[1494432000000,0.4631],[1494518400000,0.3011],[1494691200000,0.981],[1494777600000,0.4919],[1494864000000,0.4953],[1494950400000,0.4916],[1495036800000,0.4901],[1495123200000,0.5892],[1495296000000,1.2004],[1495382400000,0.6005],[1495468800000,0.6066],[1495555200000,0.6193],[1495641600000,0.6202],[1495728000000,0.597],[1496073600000,2.3879],[1496160000000,0.5995],[1496246400000,0.6374],[1496332800000,0.6982],[1496505600000,1.3202],[1496592000000,0.7169],[1496678400000,0.7219],[1496764800000,0.7213],[1496851200000,0.6931],[1496937600000,0.5803],[1497110400000,1.1606],[1497196800000,0.5654],[1497283200000,0.5499],[1497369600000,0.5549],[1497456000000,0.5541],[1497542400000,0.6101],[1497715200000,1.2202],[1497801600000,0.6261],[1497888000000,0.6782],[1497974400000,0.7055],[1498060800000,0.7539],[1498147200000,0.8136],[1498320000000,1.6271],[1498406400000,0.828],[1498492800000,0.8354],[1498579200000,0.8379],[1498665600000,0.8388],[1498752000000,0.835],[1498924800000,1.6737],[1499011200000,0.8353],[1499097600000,0.7796],[1499184000000,0.7638],[1499270400000,0.7305],[1499356800000,0.6304],[1499529600000,1.2608],[1499616000000,0.627],[1499702400000,0.5859],[1499788800000,0.367],[1499875200000,0.5271],[1499961600000,0.52],[1500134400000,1.0471],[1500220800000,0.5022],[1500307200000,0.4753],[1500393600000,0.4901],[1500480000000,0.5528],[1500566400000,0.5905],[1500739200000,1.1786],[1500825600000,0.6141],[1500912000000,0.6833],[1500998400000,0.6915],[1501084800000,0.6796],[1501171200000,0.673],[1501344000000,1.3483],[1501430400000,0.7048],[1501516800000,0.7347],[1501603200000,0.6403],[1501689600000,0.6459],[1501776000000,0.5685],[1501948800000,1.1657],[1502035200000,0.6516],[1502121600000,0.6211],[1502208000000,0.5843],[1502294400000,0.5643],[1502380800000,0.544],[1502553600000,1.0844],[1502640000000,0.5123],[1502726400000,0.5139],[1502812800000,0.5342],[1502899200000,0.5615],[1502985600000,0.66],[1503158400000,1.32],[1503244800000,0.7016],[1503331200000,0.7057],[1503417600000,0.7444],[1503504000000,0.7657],[1503590400000,0.7514],[1503763200000,1.5028],[1503849600000,0.7544],[1503936000000,1.1289],[1504022400000,1.1139],[1504108800000,1.1206],[1504195200000,1.1297],[1504368000000,2.2577],[1504454400000,1.0914],[1504540800000,1.1148],[1504627200000,1.1054],[1504713600000,1.1021],[1504800000000,1.0575],[1504972800000,2.1306],[1505059200000,1.0523],[1505145600000,1.0285],[1505232000000,0.9912],[1505318400000,0.9922],[1505404800000,1.0041],[1505577600000,2.0432],[1505664000000,1.0213],[1505750400000,0.956],[1505836800000,0.9955],[1505923200000,1.0368],[1506009600000,1.0679],[1506182400000,2.1931],[1506268800000,1.0799],[1506355200000,1.1146],[1506441600000,1.0718],[1506528000000,1.1037],[1506614400000,1.11],[1507392000000,9.9856],[1507478400000,1.109],[1507564800000,1.1077],[1507651200000,1.1432],[1507737600000,1.1039],[1507824000000,1.114],[1507996800000,2.2287],[1508083200000,1.1084],[1508169600000,0.9459],[1508256000000,1.0982],[1508342400000,1.0798],[1508428800000,1.081],[1508601600000,2.1631],[1508688000000,1.0896],[1508774400000,1.0657],[1508860800000,1.0653],[1508947200000,1.0617],[1509033600000,1.0624],[1509206400000,2.1251],[1509292800000,1.0534],[1509379200000,1.1037],[1509465600000,1.1197],[1509552000000,1.1119],[1509638400000,1.1113],[1509811200000,2.2236],[1509897600000,1.115],[1509984000000,1.0403],[1510070400000,1.0104],[1510156800000,1.0083],[1510243200000,1.0171],[1510416000000,2.0382],[1510502400000,1.0179],[1510588800000,1.027],[1510675200000,1.055],[1510761600000,1.0569],[1510848000000,1.0696],[1511020800000,2.1402],[1511107200000,1.0562],[1511193600000,1.0503],[1511280000000,1.0379],[1511366400000,1.0344],[1511452800000,1.0607],[1511625600000,2.1279],[1511712000000,1.0585],[1511798400000,1.1288],[1511884800000,0.7347],[1511971200000,1.1391],[1512057600000,1.1642],[1512230400000,2.3288],[1512316800000,1.153],[1512403200000,0.9487],[1512489600000,0.5472],[1512576000000,0.9677],[1512662400000,0.8616],[1512835200000,1.7692],[1512921600000,0.9244],[1513008000000,0.7069],[1513094400000,0.4817],[1513180800000,0.7667],[1513267200000,0.7695],[1513440000000,1.7533],[1513526400000,0.9411],[1513612800000,0.8803],[1513699200000,0.9374],[1513785600000,0.8368],[1513872000000,1.5157],[1514044800000,3.0362],[1514131200000,1.5094],[1514217600000,1.5308],[1514304000000,1.0665],[1514390400000,0.939],[1514476800000,1.0762],[1514649600000,2.2767],[1514736000000,2.998],[1514822400000,0.8049],[1514908800000,0.7973],[1514995200000,0.8359],[1515081600000,0.8407],[1515254400000,1.6828],[1515340800000,0.5493],[1515427200000,0.5284],[1515513600000,0.4621],[1515600000000,0.4718],[1515686400000,0.4723],[1515859200000,0.9605],[1515945600000,0.4736],[1516032000000,0.4769],[1516118400000,0.2998],[1516204800000,0.4898],[1516291200000,0.4903],[1516464000000,0.9921],[1516550400000,0.496],[1516636800000,0.4919],[1516723200000,0.497],[1516809600000,0.5031],[1516896000000,0.5047],[1517068800000,1.0212],[1517155200000,0.5062],[1517241600000,0.5061],[1517328000000,0.5092],[1517414400000,0.5078],[1517500800000,0.5235],[1517673600000,1.0841],[1517760000000,0.5387],[1517846400000,0.5375]];
/*基金收益走势图   7日年化收益率*/
var Data_sevenDaysYearIncome = [[1479830400000,4.501],[1479916800000,3.798],[1480003200000,3.434],[1480176000000,3.071],[1480262400000,2.968],[1480348800000,2.357],[1480435200000,2.35],[1480521600000,2.344],[1480608000000,2.346],[1480780800000,2.35],[1480867200000,2.352],[1480953600000,2.363],[1481040000000,2.363],[1481126400000,2.363],[1481212800000,2.363],[1481385600000,2.363],[1481472000000,2.362],[1481558400000,2.277],[1481644800000,2.207],[1481731200000,2.137],[1481817600000,2.067],[1481990400000,1.927],[1482076800000,1.695],[1482163200000,1.519],[1482249600000,2.622],[1482336000000,2.56],[1482422400000,2.422],[1482595200000,2.11],[1482681600000,2.032],[1482768000000,2.305],[1482854400000,1.77],[1482940800000,3.107],[1483027200000,4.041],[1483113600000,4.217],[1483286400000,4.644],[1483372800000,4.605],[1483459200000,3.896],[1483545600000,2.706],[1483632000000,2.019],[1483804800000,1.756],[1483891200000,1.629],[1483977600000,1.516],[1484064000000,1.612],[1484150400000,1.519],[1484236800000,1.43],[1484409600000,1.603],[1484496000000,1.695],[1484582400000,1.736],[1484668800000,1.799],[1484755200000,1.99],[1484841600000,2.166],[1485014400000,2.582],[1485100800000,2.8],[1485187200000,3.116],[1485273600000,3.359],[1485360000000,3.398],[1485964800000,3.026],[1486051200000,3.025],[1486224000000,2.918],[1486310400000,2.878],[1486396800000,2.909],[1486483200000,2.928],[1486569600000,2.892],[1486656000000,2.686],[1486828800000,2.3],[1486915200000,2.118],[1487001600000,1.885],[1487088000000,1.717],[1487174400000,1.595],[1487260800000,1.642],[1487433600000,1.826],[1487520000000,1.811],[1487606400000,1.945],[1487692800000,2.041],[1487779200000,2.163],[1487865600000,2.27],[1488038400000,2.437],[1488124800000,2.605],[1488211200000,2.633],[1488297600000,2.671],[1488384000000,2.629],[1488470400000,2.642],[1488643200000,2.661],[1488729600000,2.67],[1488816000000,2.416],[1488902400000,2.163],[1488988800000,2.093],[1489075200000,1.942],[1489248000000,1.626],[1489334400000,1.467],[1489420800000,1.546],[1489507200000,1.617],[1489593600000,1.607],[1489680000000,1.743],[1489852800000,2.003],[1489939200000,2.135],[1490025600000,2.273],[1490112000000,2.44],[1490198400000,2.598],[1490284800000,2.691],[1490457600000,2.828],[1490544000000,2.967],[1490630400000,3.006],[1490716800000,2.98],[1490803200000,2.986],[1490889600000,3.175],[1491235200000,3.502],[1491321600000,3.634],[1491408000000,3.605],[1491494400000,3.292],[1491667200000,2.858],[1491753600000,2.645],[1491840000000,2.447],[1491926400000,2.261],[1492012800000,2.11],[1492099200000,1.992],[1492272000000,1.779],[1492358400000,1.67],[1492444800000,1.59],[1492531200000,1.503],[1492617600000,1.483],[1492704000000,1.514],[1492876800000,1.643],[1492963200000,1.614],[1493049600000,1.639],[1493136000000,1.67],[1493222400000,1.718],[1493308800000,1.763],[1493568000000,2.036],[1493654400000,2.092],[1493740800000,2.123],[1493827200000,2.153],[1493913600000,2.036],[1494086400000,1.922],[1494172800000,1.786],[1494259200000,1.768],[1494345600000,1.794],[1494432000000,1.725],[1494518400000,1.69],[1494691200000,1.703],[1494777600000,1.789],[1494864000000,1.758],[1494950400000,1.695],[1495036800000,1.71],[1495123200000,1.862],[1495296000000,1.979],[1495382400000,2.037],[1495468800000,2.096],[1495555200000,2.164],[1495641600000,2.233],[1495728000000,2.238],[1496073600000,2.227],[1496160000000,2.216],[1496246400000,2.226],[1496332800000,2.28],[1496505600000,2.347],[1496592000000,2.411],[1496678400000,2.478],[1496764800000,2.543],[1496851200000,2.573],[1496937600000,2.51],[1497110400000,2.424],[1497196800000,2.343],[1497283200000,2.252],[1497369600000,2.163],[1497456000000,2.089],[1497542400000,2.105],[1497715200000,2.137],[1497801600000,2.169],[1497888000000,2.237],[1497974400000,2.318],[1498060800000,2.424],[1498147200000,2.533],[1498320000000,2.751],[1498406400000,2.859],[1498492800000,2.943],[1498579200000,3.014],[1498665600000,3.06],[1498752000000,3.072],[1498924800000,3.097],[1499011200000,3.101],[1499097600000,3.071],[1499184000000,3.031],[1499270400000,2.973],[1499356800000,2.863],[1499529600000,2.641],[1499616000000,2.53],[1499702400000,2.427],[1499788800000,2.215],[1499875200000,2.107],[1499961600000,2.048],[1500134400000,1.934],[1500220800000,1.868],[1500307200000,1.809],[1500393600000,1.875],[1500480000000,1.888],[1500566400000,1.926],[1500739200000,1.996],[1500825600000,2.055],[1500912000000,2.166],[1500998400000,2.273],[1501084800000,2.341],[1501171200000,2.385],[1501344000000,2.475],[1501430400000,2.524],[1501516800000,2.551],[1501603200000,2.524],[1501689600000,2.506],[1501776000000,2.45],[1501948800000,2.353],[1502035200000,2.324],[1502121600000,2.264],[1502208000000,2.234],[1502294400000,2.19],[1502380800000,2.177],[1502553600000,2.134],[1502640000000,2.06],[1502726400000,2.003],[1502812800000,1.976],[1502899200000,1.975],[1502985600000,2.036],[1503158400000,2.162],[1503244800000,2.263],[1503331200000,2.365],[1503417600000,2.477],[1503504000000,2.586],[1503590400000,2.635],[1503763200000,2.733],[1503849600000,2.761],[1503936000000,2.988],[1504022400000,3.187],[1504108800000,3.378],[1504195200000,3.582],[1504368000000,3.991],[1504454400000,4.174],[1504540800000,4.166],[1504627200000,4.161],[1504713600000,4.151],[1504800000000,4.112],[1504972800000,4.043],[1505059200000,4.022],[1505145600000,3.975],[1505232000000,3.913],[1505318400000,3.854],[1505404800000,3.825],[1505577600000,3.778],[1505664000000,3.761],[1505750400000,3.722],[1505836800000,3.724],[1505923200000,3.748],[1506009600000,3.783],[1506182400000,3.864],[1506268800000,3.895],[1506355200000,3.981],[1506441600000,4.023],[1506528000000,4.059],[1506614400000,4.082],[1507392000000,4.132],[1507478400000,4.132],[1507564800000,4.131],[1507651200000,4.149],[1507737600000,4.146],[1507824000000,4.149],[1507996800000,4.154],[1508083200000,4.154],[1508169600000,4.066],[1508256000000,4.042],[1508342400000,4.029],[1508428800000,4.011],[1508601600000,3.975],[1508688000000,3.965],[1508774400000,4.03],[1508860800000,4.012],[1508947200000,4.002],[1509033600000,3.992],[1509206400000,3.972],[1509292800000,3.952],[1509379200000,3.973],[1509465600000,4.002],[1509552000000,4.029],[1509638400000,4.056],[1509811200000,4.109],[1509897600000,4.143],[1509984000000,4.108],[1510070400000,4.049],[1510156800000,3.993],[1510243200000,3.942],[1510416000000,3.841],[1510502400000,3.789],[1510588800000,3.782],[1510675200000,3.806],[1510761600000,3.832],[1510848000000,3.86],[1511020800000,3.916],[1511107200000,3.936],[1511193600000,3.949],[1511280000000,3.94],[1511366400000,3.928],[1511452800000,3.923],[1511625600000,3.916],[1511712000000,3.917],[1511798400000,3.96],[1511884800000,3.796],[1511971200000,3.852],[1512057600000,3.908],[1512230400000,4.017],[1512316800000,4.069],[1512403200000,3.971],[1512489600000,3.869],[1512576000000,3.777],[1512662400000,3.613],[1512835200000,3.311],[1512921600000,3.188],[1513008000000,3.058],[1513094400000,3.023],[1513180800000,2.915],[1513267200000,2.865],[1513440000000,2.857],[1513526400000,2.866],[1513612800000,2.959],[1513699200000,3.204],[1513785600000,3.242],[1513872000000,3.644],[1514044800000,4.34],[1514131200000,4.649],[1514217600000,5.005],[1514304000000,5.075],[1514390400000,5.131],[1514476800000,4.891],[1514649600000,4.476],[1514736000000,4.048],[1514822400000,3.655],[1514908800000,3.51],[1514995200000,3.454],[1515081600000,3.327],[1515254400000,3.007],[1515340800000,2.915],[1515427200000,2.767],[1515513600000,2.587],[1515600000000,2.393],[1515686400000,2.196],[1515859200000,1.812],[1515945600000,1.772],[1516032000000,1.745],[1516118400000,1.659],[1516204800000,1.668],[1516291200000,1.678],[1516464000000,1.694],[1516550400000,1.706],[1516636800000,1.714],[1516723200000,1.819],[1516809600000,1.826],[1516896000000,1.834],[1517068800000,1.849],[1517155200000,1.855],[1517241600000,1.862],[1517328000000,1.869],[1517414400000,1.871],[1517500800000,1.881],[1517673600000,1.914],[1517760000000,1.932],[1517846400000,1.948]];
/*资产配置*/
var Data_assetAllocationCurrency ={"categories":["12-31","09-30","06-30","03-31"],"series":[{"name":"股票","data":[null,null,null,null]},{"name":"债券","data":[70.15,40.75,6.57,null]},{"name":"现金","data":[27.94,60.17,10.19,13.51]}]};
/*累计收益率走势*/
var Data_grandTotal = [{"name":"广发添利货币ETFA","data":[[1501948800000,0],[1502035200000,0.01],[1502121600000,0.01],[1502208000000,0.02],[1502294400000,0.02],[1502380800000,0.03],[1502553600000,0.04],[1502640000000,0.05],[1502726400000,0.05],[1502812800000,0.06],[1502899200000,0.06],[1502985600000,0.07],[1503158400000,0.08],[1503244800000,0.09],[1503331200000,0.10],[1503417600000,0.10],[1503504000000,0.11],[1503590400000,0.12],[1503763200000,0.13],[1503849600000,0.14],[1503936000000,0.15],[1504022400000,0.16],[1504108800000,0.17],[1504195200000,0.19],[1504368000000,0.21],[1504454400000,0.22],[1504540800000,0.23],[1504627200000,0.24],[1504713600000,0.25],[1504800000000,0.26],[1504972800000,0.28],[1505059200000,0.30],[1505145600000,0.31],[1505232000000,0.32],[1505318400000,0.33],[1505404800000,0.34],[1505577600000,0.36],[1505664000000,0.37],[1505750400000,0.38],[1505836800000,0.39],[1505923200000,0.40],[1506009600000,0.41],[1506182400000,0.43],[1506268800000,0.44],[1506355200000,0.45],[1506441600000,0.46],[1506528000000,0.47],[1506614400000,0.48],[1507392000000,0.58],[1507478400000,0.60],[1507564800000,0.61],[1507651200000,0.62],[1507737600000,0.63],[1507824000000,0.64],[1507996800000,0.66],[1508083200000,0.67],[1508169600000,0.68],[1508256000000,0.69],[1508342400000,0.71],[1508428800000,0.72],[1508601600000,0.74],[1508688000000,0.75],[1508774400000,0.76],[1508860800000,0.77],[1508947200000,0.78],[1509033600000,0.79],[1509206400000,0.81],[1509292800000,0.82],[1509379200000,0.84],[1509465600000,0.85],[1509552000000,0.86],[1509638400000,0.87],[1509811200000,0.89],[1509897600000,0.90],[1509984000000,0.91],[1510070400000,0.92],[1510156800000,0.93],[1510243200000,0.94],[1510416000000,0.96],[1510502400000,0.97],[1510588800000,0.98],[1510675200000,1.00],[1510761600000,1.01],[1510848000000,1.02],[1511020800000,1.04],[1511107200000,1.05],[1511193600000,1.06],[1511280000000,1.07],[1511366400000,1.08],[1511452800000,1.09],[1511625600000,1.11],[1511712000000,1.12],[1511798400000,1.14],[1511884800000,1.14],[1511971200000,1.15],[1512057600000,1.17],[1512230400000,1.19],[1512316800000,1.20],[1512403200000,1.21],[1512489600000,1.22],[1512576000000,1.23],[1512662400000,1.23],[1512835200000,1.25],[1512921600000,1.26],[1513008000000,1.27],[1513094400000,1.27],[1513180800000,1.28],[1513267200000,1.29],[1513440000000,1.31],[1513526400000,1.32],[1513612800000,1.33],[1513699200000,1.34],[1513785600000,1.34],[1513872000000,1.36],[1514044800000,1.39],[1514131200000,1.41],[1514217600000,1.42],[1514304000000,1.43],[1514390400000,1.44],[1514476800000,1.45],[1514649600000,1.48],[1514736000000,1.51],[1514822400000,1.51],[1514908800000,1.52],[1514995200000,1.53],[1515081600000,1.54],[1515254400000,1.56],[1515340800000,1.56],[1515427200000,1.57],[1515513600000,1.57],[1515600000000,1.58],[1515686400000,1.58],[1515859200000,1.59],[1515945600000,1.60],[1516032000000,1.60],[1516118400000,1.60],[1516204800000,1.61],[1516291200000,1.61],[1516464000000,1.62],[1516550400000,1.63],[1516636800000,1.63],[1516723200000,1.64],[1516809600000,1.64],[1516896000000,1.65],[1517068800000,1.66],[1517155200000,1.66],[1517241600000,1.67],[1517328000000,1.68],[1517414400000,1.68],[1517500800000,1.69],[1517673600000,1.70],[1517760000000,1.70],[1517846400000,1.71]]},{"name":"同类平均","data":[[1502035200000,0],[1502121600000,0.01],[1502208000000,0.02],[1502294400000,0.03],[1502380800000,0.04],[1502640000000,0.07],[1502726400000,0.08],[1502812800000,0.09],[1502899200000,0.10],[1502985600000,0.11],[1503244800000,0.14],[1503331200000,0.16],[1503417600000,0.17],[1503504000000,0.18],[1503590400000,0.19],[1503849600000,0.22],[1503936000000,0.23],[1504022400000,0.24],[1504108800000,0.25],[1504195200000,0.26],[1504454400000,0.29],[1504540800000,0.30],[1504627200000,0.31],[1504713600000,0.32],[1504800000000,0.34],[1505059200000,0.37],[1505145600000,0.38],[1505232000000,0.39],[1505318400000,0.40],[1505404800000,0.41],[1505664000000,0.44],[1505750400000,0.45],[1505836800000,0.46],[1505923200000,0.47],[1506009600000,0.48],[1506268800000,0.52],[1506355200000,0.53],[1506441600000,0.54],[1506528000000,0.55],[1506614400000,0.56],[1507478400000,0.67],[1507564800000,0.68],[1507651200000,0.69],[1507737600000,0.71],[1507824000000,0.72],[1508083200000,0.75],[1508169600000,0.76],[1508256000000,0.77],[1508342400000,0.78],[1508428800000,0.79],[1508688000000,0.82],[1508774400000,0.83],[1508860800000,0.84],[1508947200000,0.85],[1509033600000,0.86],[1509292800000,0.90],[1509379200000,0.91],[1509465600000,0.92],[1509552000000,0.93],[1509638400000,0.94],[1509897600000,0.97],[1509984000000,0.98],[1510070400000,0.99],[1510156800000,1.00],[1510243200000,1.01],[1510502400000,1.04],[1510588800000,1.06],[1510675200000,1.07],[1510761600000,1.08],[1510848000000,1.09],[1511107200000,1.12],[1511193600000,1.13],[1511280000000,1.14],[1511366400000,1.15],[1511452800000,1.16],[1511712000000,1.20],[1511798400000,1.21],[1511884800000,1.22],[1511971200000,1.23],[1512057600000,1.24],[1512316800000,1.28],[1512403200000,1.29],[1512489600000,1.30],[1512576000000,1.31],[1512662400000,1.32],[1512921600000,1.35],[1513008000000,1.36],[1513094400000,1.38],[1513180800000,1.39],[1513267200000,1.40],[1513526400000,1.43],[1513612800000,1.44],[1513699200000,1.46],[1513785600000,1.47],[1513872000000,1.48],[1514131200000,1.51],[1514217600000,1.53],[1514304000000,1.54],[1514390400000,1.55],[1514476800000,1.57],[1514822400000,1.62],[1514908800000,1.64],[1514995200000,1.65],[1515081600000,1.66],[1515340800000,1.69],[1515427200000,1.71],[1515513600000,1.72],[1515600000000,1.73],[1515686400000,1.74],[1515945600000,1.77],[1516032000000,1.79],[1516118400000,1.80],[1516204800000,1.81],[1516291200000,1.82],[1516550400000,1.86],[1516636800000,1.87],[1516723200000,1.88],[1516809600000,1.89],[1516896000000,1.90],[1517155200000,1.94],[1517241600000,1.95],[1517328000000,1.96],[1517414400000,1.97],[1517500800000,1.98],[1517760000000,2.02],[1517846400000,2.03]]},{"name":"沪深300","data":[[1502035200000,0],[1502121600000,0.15],[1502208000000,0.11],[1502294400000,-0.29],[1502380800000,-2.13],[1502640000000,-0.86],[1502726400000,-0.56],[1502812800000,-0.68],[1502899200000,-0.15],[1502985600000,-0.06],[1503244800000,0.38],[1503331200000,0.68],[1503417600000,0.79],[1503504000000,0.21],[1503590400000,1.85],[1503849600000,3.11],[1503936000000,2.89],[1504022400000,2.88],[1504108800000,2.56],[1504195200000,2.78],[1504454400000,3.19],[1504540800000,3.50],[1504627200000,3.29],[1504713600000,2.77],[1504800000000,2.66],[1505059200000,2.65],[1505145600000,2.98],[1505232000000,3.11],[1505318400000,2.77],[1505404800000,2.80],[1505664000000,3.12],[1505750400000,2.83],[1505836800000,3.10],[1505923200000,2.98],[1506009600000,2.98],[1506268800000,2.44],[1506355200000,2.52],[1506441600000,2.53],[1506528000000,2.57],[1506614400000,2.94],[1507478400000,4.17],[1507564800000,4.38],[1507651200000,4.72],[1507737600000,5.00],[1507824000000,5.21],[1508083200000,5.01],[1508169600000,5.00],[1508256000000,5.83],[1508342400000,5.49],[1508428800000,5.37],[1508688000000,5.47],[1508774400000,6.24],[1508860800000,6.71],[1508947200000,7.16],[1509033600000,7.92],[1509292800000,7.59],[1509379200000,7.51],[1509465600000,7.24],[1509552000000,7.25],[1509638400000,7.13],[1509897600000,7.89],[1509984000000,8.79],[1510070400000,8.62],[1510156800000,9.37],[1510243200000,10.33],[1510502400000,10.77],[1510588800000,10.00],[1510675200000,9.31],[1510761600000,10.15],[1510848000000,10.57],[1511107200000,11.19],[1511193600000,13.17],[1511280000000,13.44],[1511366400000,10.08],[1511452800000,10.13],[1511712000000,8.67],[1511798400000,8.83],[1511884800000,8.77],[1511971200000,7.49],[1512057600000,7.28],[1512316800000,7.84],[1512403200000,8.41],[1512489600000,7.76],[1512576000000,6.55],[1512662400000,7.42],[1512921600000,9.20],[1513008000000,7.76],[1513094400000,8.67],[1513180800000,8.03],[1513267200000,6.82],[1513526400000,6.94],[1513612800000,8.28],[1513699200000,8.15],[1513785600000,9.15],[1513872000000,8.80],[1514131200000,8.45],[1514217600000,8.77],[1514304000000,7.09],[1514390400000,7.84],[1514476800000,8.16],[1514822400000,9.68],[1514908800000,10.32],[1514995200000,10.79],[1515081600000,11.05],[1515340800000,11.63],[1515427200000,12.41],[1515513600000,12.91],[1515600000000,12.85],[1515686400000,13.37],[1515945600000,13.37],[1516032000000,14.27],[1516118400000,13.99],[1516204800000,14.61],[1516291200000,14.99],[1516550400000,16.36],[1516636800000,17.60],[1516723200000,17.79],[1516809600000,17.13],[1516896000000,17.56],[1517155200000,15.43],[1517241600000,14.20],[1517328000000,14.73],[1517414400000,13.93],[1517500800000,14.61],[1517760000000,14.69],[1517846400000,11.33]]}];
/*同类排名*/
var Data_rateInSimilarType = [{"x":1487779200000,"y":453,"sc":"498"},{"x":1487865600000,"y":457,"sc":"500"},{"x":1488124800000,"y":462,"sc":"503"},{"x":1488211200000,"y":464,"sc":"503"},{"x":1488297600000,"y":464,"sc":"503"},{"x":1488384000000,"y":468,"sc":"511"},{"x":1488470400000,"y":466,"sc":"511"},{"x":1488729600000,"y":470,"sc":"513"},{"x":1488816000000,"y":474,"sc":"515"},{"x":1488902400000,"y":478,"sc":"516"},{"x":1488988800000,"y":482,"sc":"518"},{"x":1489075200000,"y":484,"sc":"518"},{"x":1489334400000,"y":489,"sc":"518"},{"x":1489420800000,"y":489,"sc":"518"},{"x":1489507200000,"y":489,"sc":"518"},{"x":1489593600000,"y":491,"sc":"520"},{"x":1489680000000,"y":492,"sc":"520"},{"x":1489939200000,"y":493,"sc":"522"},{"x":1490025600000,"y":498,"sc":"522"},{"x":1490112000000,"y":500,"sc":"524"},{"x":1490198400000,"y":505,"sc":"530"},{"x":1490284800000,"y":505,"sc":"530"},{"x":1490544000000,"y":506,"sc":"534"},{"x":1490630400000,"y":510,"sc":"535"},{"x":1490716800000,"y":514,"sc":"535"},{"x":1490803200000,"y":519,"sc":"538"},{"x":1490889600000,"y":518,"sc":"538"},{"x":1491321600000,"y":517,"sc":"538"},{"x":1491408000000,"y":519,"sc":"540"},{"x":1491494400000,"y":520,"sc":"540"},{"x":1491753600000,"y":516,"sc":"540"},{"x":1491840000000,"y":518,"sc":"540"},{"x":1491926400000,"y":517,"sc":"540"},{"x":1492012800000,"y":518,"sc":"541"},{"x":1492099200000,"y":518,"sc":"541"},{"x":1492358400000,"y":523,"sc":"543"},{"x":1492444800000,"y":524,"sc":"543"},{"x":1492531200000,"y":525,"sc":"543"},{"x":1492617600000,"y":528,"sc":"545"},{"x":1492704000000,"y":527,"sc":"545"},{"x":1492963200000,"y":529,"sc":"545"},{"x":1493049600000,"y":532,"sc":"547"},{"x":1493136000000,"y":535,"sc":"549"},{"x":1493222400000,"y":535,"sc":"549"},{"x":1493308800000,"y":535,"sc":"549"},{"x":1493654400000,"y":536,"sc":"549"},{"x":1493740800000,"y":537,"sc":"550"},{"x":1493827200000,"y":537,"sc":"550"},{"x":1493913600000,"y":537,"sc":"550"},{"x":1494172800000,"y":537,"sc":"550"},{"x":1494259200000,"y":537,"sc":"550"},{"x":1494345600000,"y":537,"sc":"550"},{"x":1494432000000,"y":537,"sc":"550"},{"x":1494518400000,"y":537,"sc":"550"},{"x":1494777600000,"y":541,"sc":"554"},{"x":1494864000000,"y":543,"sc":"556"},{"x":1494950400000,"y":547,"sc":"560"},{"x":1495036800000,"y":547,"sc":"560"},{"x":1495123200000,"y":547,"sc":"560"},{"x":1495382400000,"y":548,"sc":"560"},{"x":1495468800000,"y":548,"sc":"562"},{"x":1495555200000,"y":551,"sc":"564"},{"x":1495641600000,"y":551,"sc":"564"},{"x":1495728000000,"y":551,"sc":"564"},{"x":1496160000000,"y":551,"sc":"564"},{"x":1496246400000,"y":551,"sc":"564"},{"x":1496332800000,"y":551,"sc":"564"},{"x":1496592000000,"y":553,"sc":"566"},{"x":1496678400000,"y":553,"sc":"566"},{"x":1496764800000,"y":553,"sc":"566"},{"x":1496851200000,"y":553,"sc":"566"},{"x":1496937600000,"y":553,"sc":"566"},{"x":1497196800000,"y":561,"sc":"574"},{"x":1497283200000,"y":561,"sc":"574"},{"x":1497369600000,"y":562,"sc":"575"},{"x":1497456000000,"y":563,"sc":"575"},{"x":1497542400000,"y":562,"sc":"575"},{"x":1497801600000,"y":564,"sc":"577"},{"x":1497888000000,"y":564,"sc":"577"},{"x":1497974400000,"y":561,"sc":"575"},{"x":1498060800000,"y":561,"sc":"575"},{"x":1498147200000,"y":562,"sc":"576"},{"x":1498406400000,"y":565,"sc":"579"},{"x":1498492800000,"y":565,"sc":"579"},{"x":1498579200000,"y":565,"sc":"579"},{"x":1498665600000,"y":565,"sc":"579"},{"x":1498752000000,"y":568,"sc":"582"},{"x":1499011200000,"y":569,"sc":"582"},{"x":1499097600000,"y":570,"sc":"582"},{"x":1499184000000,"y":571,"sc":"583"},{"x":1499270400000,"y":571,"sc":"583"},{"x":1499356800000,"y":570,"sc":"583"},{"x":1499616000000,"y":570,"sc":"583"},{"x":1499702400000,"y":570,"sc":"583"},{"x":1499788800000,"y":570,"sc":"583"},{"x":1499875200000,"y":570,"sc":"583"},{"x":1499961600000,"y":573,"sc":"586"},{"x":1500220800000,"y":573,"sc":"586"},{"x":1500307200000,"y":573,"sc":"586"},{"x":1500393600000,"y":576,"sc":"589"},{"x":1500480000000,"y":576,"sc":"589"},{"x":1500566400000,"y":580,"sc":"593"},{"x":1500825600000,"y":580,"sc":"593"},{"x":1500912000000,"y":580,"sc":"593"},{"x":1500998400000,"y":581,"sc":"594"},{"x":1501084800000,"y":581,"sc":"594"},{"x":1501171200000,"y":581,"sc":"594"},{"x":1501430400000,"y":581,"sc":"594"},{"x":1501516800000,"y":581,"sc":"594"},{"x":1501603200000,"y":580,"sc":"594"},{"x":1501689600000,"y":580,"sc":"594"},{"x":1501776000000,"y":580,"sc":"594"},{"x":1502035200000,"y":582,"sc":"596"},{"x":1502121600000,"y":582,"sc":"596"},{"x":1502208000000,"y":582,"sc":"596"},{"x":1502294400000,"y":582,"sc":"596"},{"x":1502380800000,"y":582,"sc":"596"},{"x":1502640000000,"y":582,"sc":"596"},{"x":1502726400000,"y":582,"sc":"596"},{"x":1502812800000,"y":582,"sc":"596"},{"x":1502899200000,"y":582,"sc":"596"},{"x":1502985600000,"y":582,"sc":"596"},{"x":1503244800000,"y":583,"sc":"597"},{"x":1503331200000,"y":583,"sc":"597"},{"x":1503417600000,"y":583,"sc":"597"},{"x":1503504000000,"y":583,"sc":"596"},{"x":1503590400000,"y":583,"sc":"596"},{"x":1503849600000,"y":587,"sc":"600"},{"x":1503936000000,"y":587,"sc":"600"},{"x":1504022400000,"y":587,"sc":"600"},{"x":1504108800000,"y":588,"sc":"601"},{"x":1504195200000,"y":588,"sc":"601"},{"x":1504454400000,"y":587,"sc":"601"},{"x":1504540800000,"y":587,"sc":"601"},{"x":1504627200000,"y":587,"sc":"601"},{"x":1504713600000,"y":587,"sc":"601"},{"x":1504800000000,"y":587,"sc":"601"},{"x":1505059200000,"y":589,"sc":"603"},{"x":1505145600000,"y":589,"sc":"603"},{"x":1505232000000,"y":589,"sc":"603"},{"x":1505318400000,"y":591,"sc":"605"},{"x":1505404800000,"y":591,"sc":"605"},{"x":1505664000000,"y":592,"sc":"606"},{"x":1505750400000,"y":592,"sc":"606"},{"x":1505836800000,"y":591,"sc":"603"},{"x":1505923200000,"y":591,"sc":"603"},{"x":1506009600000,"y":591,"sc":"603"},{"x":1506268800000,"y":590,"sc":"603"},{"x":1506355200000,"y":590,"sc":"603"},{"x":1506441600000,"y":591,"sc":"604"},{"x":1506528000000,"y":591,"sc":"604"},{"x":1506614400000,"y":593,"sc":"606"},{"x":1507478400000,"y":593,"sc":"606"},{"x":1507564800000,"y":594,"sc":"607"},{"x":1507651200000,"y":594,"sc":"607"},{"x":1507737600000,"y":596,"sc":"611"},{"x":1507824000000,"y":595,"sc":"611"},{"x":1508083200000,"y":595,"sc":"612"},{"x":1508169600000,"y":595,"sc":"612"},{"x":1508256000000,"y":594,"sc":"611"},{"x":1508342400000,"y":592,"sc":"611"},{"x":1508428800000,"y":589,"sc":"611"},{"x":1508688000000,"y":584,"sc":"606"},{"x":1508774400000,"y":580,"sc":"606"},{"x":1508860800000,"y":582,"sc":"607"},{"x":1508947200000,"y":579,"sc":"607"},{"x":1509033600000,"y":578,"sc":"607"},{"x":1509292800000,"y":575,"sc":"609"},{"x":1509379200000,"y":575,"sc":"610"},{"x":1509465600000,"y":574,"sc":"610"},{"x":1509552000000,"y":574,"sc":"613"},{"x":1509638400000,"y":572,"sc":"617"},{"x":1509897600000,"y":565,"sc":"621"},{"x":1509984000000,"y":561,"sc":"621"},{"x":1510070400000,"y":557,"sc":"621"},{"x":1510156800000,"y":554,"sc":"623"},{"x":1510243200000,"y":547,"sc":"623"},{"x":1510502400000,"y":522,"sc":"633"},{"x":1510588800000,"y":512,"sc":"635"},{"x":1510675200000,"y":501,"sc":"635"},{"x":1510761600000,"y":488,"sc":"635"},{"x":1510848000000,"y":477,"sc":"636"},{"x":1511107200000,"y":451,"sc":"636"},{"x":1511193600000,"y":439,"sc":"636"},{"x":1511280000000,"y":431,"sc":"636"},{"x":1511366400000,"y":425,"sc":"636"},{"x":1511452800000,"y":410,"sc":"637"},{"x":1511712000000,"y":382,"sc":"640"},{"x":1511798400000,"y":367,"sc":"640"},{"x":1511884800000,"y":382,"sc":"640"},{"x":1511971200000,"y":387,"sc":"641"},{"x":1512057600000,"y":384,"sc":"643"},{"x":1512316800000,"y":384,"sc":"643"},{"x":1512403200000,"y":388,"sc":"643"},{"x":1512489600000,"y":418,"sc":"643"},{"x":1512576000000,"y":422,"sc":"644"},{"x":1512662400000,"y":432,"sc":"652"},{"x":1512921600000,"y":453,"sc":"652"},{"x":1513008000000,"y":473,"sc":"653"},{"x":1513094400000,"y":489,"sc":"653"},{"x":1513180800000,"y":495,"sc":"654"},{"x":1513267200000,"y":503,"sc":"656"},{"x":1513526400000,"y":517,"sc":"656"},{"x":1513612800000,"y":521,"sc":"656"},{"x":1513699200000,"y":525,"sc":"656"},{"x":1513785600000,"y":528,"sc":"655"},{"x":1513872000000,"y":520,"sc":"655"},{"x":1514131200000,"y":490,"sc":"655"},{"x":1514217600000,"y":481,"sc":"655"},{"x":1514304000000,"y":483,"sc":"654"},{"x":1514390400000,"y":497,"sc":"655"},{"x":1514476800000,"y":497,"sc":"655"},{"x":1514822400000,"y":429,"sc":"655"},{"x":1514908800000,"y":435,"sc":"655"},{"x":1514995200000,"y":439,"sc":"655"},{"x":1515081600000,"y":437,"sc":"655"},{"x":1515340800000,"y":552,"sc":"655"},{"x":1515427200000,"y":557,"sc":"655"},{"x":1515513600000,"y":576,"sc":"656"},{"x":1515600000000,"y":583,"sc":"657"},{"x":1515686400000,"y":591,"sc":"657"},{"x":1515945600000,"y":609,"sc":"657"},{"x":1516032000000,"y":611,"sc":"657"},{"x":1516118400000,"y":616,"sc":"657"},{"x":1516204800000,"y":617,"sc":"657"},{"x":1516291200000,"y":624,"sc":"657"},{"x":1516550400000,"y":632,"sc":"657"},{"x":1516636800000,"y":635,"sc":"657"},{"x":1516723200000,"y":637,"sc":"657"},{"x":1516809600000,"y":639,"sc":"657"},{"x":1516896000000,"y":641,"sc":"655"},{"x":1517155200000,"y":645,"sc":"656"},{"x":1517241600000,"y":646,"sc":"656"},{"x":1517328000000,"y":646,"sc":"656"},{"x":1517414400000,"y":647,"sc":"656"},{"x":1517500800000,"y":647,"sc":"656"},{"x":1517760000000,"y":649,"sc":"656"},{"x":1517846400000,"y":650,"sc":"656"}];
/*百分比排名*/
var Data_rateInSimilarPersent = [[1487779200000,9.0400],[1487865600000,8.6000],[1488124800000,8.1500],[1488211200000,7.7500],[1488297600000,7.7500],[1488384000000,8.4100],[1488470400000,8.8100],[1488729600000,8.3800],[1488816000000,7.9600],[1488902400000,7.3600],[1488988800000,6.9500],[1489075200000,6.5600],[1489334400000,5.6000],[1489420800000,5.6000],[1489507200000,5.6000],[1489593600000,5.5800],[1489680000000,5.3800],[1489939200000,5.5600],[1490025600000,4.6000],[1490112000000,4.5800],[1490198400000,4.7200],[1490284800000,4.7200],[1490544000000,5.2400],[1490630400000,4.6700],[1490716800000,3.9300],[1490803200000,3.5300],[1490889600000,3.7200],[1491321600000,3.9000],[1491408000000,3.8900],[1491494400000,3.7000],[1491753600000,4.4400],[1491840000000,4.0700],[1491926400000,4.2600],[1492012800000,4.2500],[1492099200000,4.2500],[1492358400000,3.6800],[1492444800000,3.5000],[1492531200000,3.3100],[1492617600000,3.1200],[1492704000000,3.3000],[1492963200000,2.9400],[1493049600000,2.7400],[1493136000000,2.5500],[1493222400000,2.5500],[1493308800000,2.5500],[1493654400000,2.3700],[1493740800000,2.3600],[1493827200000,2.3600],[1493913600000,2.3600],[1494172800000,2.3600],[1494259200000,2.3600],[1494345600000,2.3600],[1494432000000,2.3600],[1494518400000,2.3600],[1494777600000,2.3500],[1494864000000,2.3400],[1494950400000,2.3200],[1495036800000,2.3200],[1495123200000,2.3200],[1495382400000,2.1400],[1495468800000,2.4900],[1495555200000,2.3000],[1495641600000,2.3000],[1495728000000,2.3000],[1496160000000,2.3000],[1496246400000,2.3000],[1496332800000,2.3000],[1496592000000,2.3000],[1496678400000,2.3000],[1496764800000,2.3000],[1496851200000,2.3000],[1496937600000,2.3000],[1497196800000,2.2600],[1497283200000,2.2600],[1497369600000,2.2600],[1497456000000,2.0900],[1497542400000,2.2600],[1497801600000,2.2500],[1497888000000,2.2500],[1497974400000,2.4300],[1498060800000,2.4300],[1498147200000,2.4300],[1498406400000,2.4200],[1498492800000,2.4200],[1498579200000,2.4200],[1498665600000,2.4200],[1498752000000,2.4100],[1499011200000,2.2300],[1499097600000,2.0600],[1499184000000,2.0600],[1499270400000,2.0600],[1499356800000,2.2300],[1499616000000,2.2300],[1499702400000,2.2300],[1499788800000,2.2300],[1499875200000,2.2300],[1499961600000,2.2200],[1500220800000,2.2200],[1500307200000,2.2200],[1500393600000,2.2100],[1500480000000,2.2100],[1500566400000,2.1900],[1500825600000,2.1900],[1500912000000,2.1900],[1500998400000,2.1900],[1501084800000,2.1900],[1501171200000,2.1900],[1501430400000,2.1900],[1501516800000,2.1900],[1501603200000,2.3600],[1501689600000,2.3600],[1501776000000,2.3600],[1502035200000,2.3500],[1502121600000,2.3500],[1502208000000,2.3500],[1502294400000,2.3500],[1502380800000,2.3500],[1502640000000,2.3500],[1502726400000,2.3500],[1502812800000,2.3500],[1502899200000,2.3500],[1502985600000,2.3500],[1503244800000,2.3500],[1503331200000,2.3500],[1503417600000,2.3500],[1503504000000,2.1800],[1503590400000,2.1800],[1503849600000,2.1700],[1503936000000,2.1700],[1504022400000,2.1700],[1504108800000,2.1600],[1504195200000,2.1600],[1504454400000,2.3300],[1504540800000,2.3300],[1504627200000,2.3300],[1504713600000,2.3300],[1504800000000,2.3300],[1505059200000,2.3200],[1505145600000,2.3200],[1505232000000,2.3200],[1505318400000,2.3100],[1505404800000,2.3100],[1505664000000,2.3100],[1505750400000,2.3100],[1505836800000,1.9900],[1505923200000,1.9900],[1506009600000,1.9900],[1506268800000,2.1600],[1506355200000,2.1600],[1506441600000,2.1500],[1506528000000,2.1500],[1506614400000,2.1500],[1507478400000,2.1500],[1507564800000,2.1400],[1507651200000,2.1400],[1507737600000,2.4500],[1507824000000,2.6200],[1508083200000,2.7800],[1508169600000,2.7800],[1508256000000,2.7800],[1508342400000,3.1100],[1508428800000,3.6000],[1508688000000,3.6300],[1508774400000,4.2900],[1508860800000,4.1200],[1508947200000,4.6100],[1509033600000,4.7800],[1509292800000,5.5800],[1509379200000,5.7400],[1509465600000,5.9000],[1509552000000,6.3600],[1509638400000,7.2900],[1509897600000,9.0200],[1509984000000,9.6600],[1510070400000,10.3100],[1510156800000,11.0800],[1510243200000,12.2000],[1510502400000,17.5400],[1510588800000,19.3700],[1510675200000,21.1000],[1510761600000,23.1500],[1510848000000,25.00],[1511107200000,29.0900],[1511193600000,30.9700],[1511280000000,32.2300],[1511366400000,33.1800],[1511452800000,35.6400],[1511712000000,40.3100],[1511798400000,42.6600],[1511884800000,40.3100],[1511971200000,39.6300],[1512057600000,40.2800],[1512316800000,40.2800],[1512403200000,39.6600],[1512489600000,34.9900],[1512576000000,34.4700],[1512662400000,33.7400],[1512921600000,30.5200],[1513008000000,27.5700],[1513094400000,25.1100],[1513180800000,24.3100],[1513267200000,23.3200],[1513526400000,21.1900],[1513612800000,20.5800],[1513699200000,19.9700],[1513785600000,19.3900],[1513872000000,20.6100],[1514131200000,25.1900],[1514217600000,26.5600],[1514304000000,26.1500],[1514390400000,24.1200],[1514476800000,24.1200],[1514822400000,34.5000],[1514908800000,33.5900],[1514995200000,32.9800],[1515081600000,33.2800],[1515340800000,15.7300],[1515427200000,14.9600],[1515513600000,12.2000],[1515600000000,11.2600],[1515686400000,10.0500],[1515945600000,7.3100],[1516032000000,7.00],[1516118400000,6.2400],[1516204800000,6.0900],[1516291200000,5.0200],[1516550400000,3.8100],[1516636800000,3.3500],[1516723200000,3.0400],[1516809600000,2.7400],[1516896000000,2.1400],[1517155200000,1.6800],[1517241600000,1.5200],[1517328000000,1.5200],[1517414400000,1.3700],[1517500800000,1.3700],[1517760000000,1.0700],[1517846400000,0.9100]];
/*规模变动*/
var Data_fluctuationScale = {"categories":["2016-12-31","2017-03-31","2017-06-30","2017-09-30","2017-12-31"],"series":[{"y":0.52,"mom":"-89.91%"},{"y":0.18,"mom":"-65.38%"},{"y":0.17,"mom":"-7.85%"},{"y":0.15,"mom":"-12.88%"},{"y":0.02,"mom":"-88.82%"}]};;
/*持有人结构*/
var Data_holderStructure = {"series":[{"name":"机构持有比例","data":[61.0407,61.55]},{"name":"个人持有比例","data":[38.9593,38.45]},{"name":"内部持有比例","data":[0.0,0.0]}],"categories":["2016-12-12","2017-06-30"]};
/*申购赎回*/
var Data_assetAllocation ={"series":[{"name":"期间申购","data":[0.00,0.34,0.00,0.00]},{"name":"期间赎回","data":[0.35,0.36,0.00,0.00]},{"name":"总份额","data":[0.18,0.17,0.00,0.00]}],"categories":["2017-03-31","2017-06-30","2017-09-30","2017-12-31"]};
/*现任基金经理*/
var Data_currentFundManager = [{"id":"30059395","pic":"https://pdf.dfcfw.com/pdf/H8_JPG30059395_1.jpg","name":"温秀娟","star":3,"workTime":"7年又286天","fundSize":"1191.57亿(16只基金)","power":{"avr":"59.92","categories":["经验值","收益率","影响力","稳定性","管理规模"],"dsc":["反映基金经理从业年限和管理基金的经验","根据基金经理投资的阶段收益评分，反映\u003cbr\u003e基金经理投资的盈利能力","根据基金经理所管理基金的机构和个人投\u003cbr\u003e资者持有比例评分","反映基金经理投资收益的波动","根据基金经理现任管理基金资产规模评分"],"data":[96.20,64.20,56.80,34.90,87.90],"jzrq":"2018-02-06"},"profit":{"categories":["任期收益","同类平均"],"series":[{"data":[{"name":null,"color":"#7cb5ec","y":3.3828},{"name":null,"color":"#414c7b","y":4.56}]}],"jzrq":"2018-02-06"}}] ;
/*同类型基金涨幅榜（页面底部通栏）*/
var swithSameType = [['002895_华夏天利货币B_5.8750','002894_华夏天利货币A_5.6210','005151_红土创新优淳货币B_5.6080','005150_红土创新优淳货币A_5.3810','000902_国开货币B_5.3390'],['002895_华夏天利货币B_5.26','005151_红土创新优淳货币B_5.22','004973_长城收益宝货币B_5.08','002894_华夏天利货币A_5.01','001895_泰达宏利活期友货币B_5.00'],['004973_长城收益宝货币B_5.05','005151_红土创新优淳货币B_5.04','004770_海富通添益货币A_4.99','002884_华润元大现金通货币B_4.98','002895_华夏天利货币B_4.89'],['004770_海富通添益货币A_5.39','004973_长城收益宝货币B_5.13','002895_华夏天利货币B_5.03','004398_融通现金宝货币B_5.03','002884_华润元大现金通货币B_5.02'],['003679_中融现金增利货币C_4.67','003474_南方天天利货币B_4.55','000836_国投瑞银钱多宝货币A_4.52','000837_国投瑞银钱多宝货币I_4.52','003753_工银如意货币B_4.51']];