/**
 * 测试数据
 * @type {arry}
 */
/*2018-02-07 16:07:46*/
//基金或股票信息
var fS_name = "光大耀钱包货币A";
var fS_code = "001973";
var fund_minsg="100";
var ishb=true;
/*原费率*/
var fund_sourceRate="0";
/*现费率*/
var fund_Rate="0";
/*最小申购金额*/
var fund_minsg="100";
/*收益率*/
/*近一年收益率*/
var syl_1n="3.8873";
/*近6月收益率*/
var syl_6y="2.0059";
/*近三月收益率*/
var syl_3y="1.0219";
/*近一月收益率*/
var syl_1y="0.3624";
/* 基金收益走势图 每万份收益*/
var Data_millionCopiesIncome = [[1446566400000,0.1483],[1446652800000,0.3395],[1446739200000,0.3703],[1446912000000,0.8405],[1446998400000,0.4202],[1447084800000,0.4202],[1447171200000,0.28],[1447257600000,0.4215],[1447344000000,0.4334],[1447516800000,0.8801],[1447603200000,0.1061],[1447689600000,0.4333],[1447776000000,1.9796],[1447862400000,0.5369],[1447948800000,0.5369],[1448121600000,1.0737],[1448208000000,0.5366],[1448294400000,0.5354],[1448380800000,0.5358],[1448467200000,0.5201],[1448553600000,0.54],[1448726400000,1.0799],[1448812800000,0.5398],[1448899200000,0.5399],[1448985600000,0.5396],[1449072000000,0.5395],[1449158400000,0.5395],[1449331200000,1.079],[1449417600000,0.5395],[1449504000000,0.4708],[1449590400000,0.4998],[1449676800000,0.7464],[1449763200000,0.7463],[1449936000000,1.4924],[1450022400000,0.746],[1450108800000,0.7459],[1450195200000,0.7458],[1450281600000,0.7459],[1450368000000,0.7458],[1450540800000,1.4913],[1450627200000,0.7457],[1450713600000,0.7457],[1450800000000,0.7456],[1450886400000,0.7455],[1450972800000,0.7454],[1451145600000,1.4906],[1451232000000,0.7452],[1451318400000,0.6217],[1451404800000,0.7469],[1451491200000,0.7468],[1451750400000,2.122],[1451836800000,0.7072],[1451923200000,0.7069],[1452009600000,0.7069],[1452096000000,0.7068],[1452182400000,0.7067],[1452355200000,1.4132],[1452441600000,0.7065],[1452528000000,0.7065],[1452614400000,0.6787],[1452700800000,0.6952],[1452787200000,0.6951],[1452960000000,1.39],[1453046400000,1.5819],[1453132800000,0.6965],[1453219200000,0.7027],[1453305600000,0.7025],[1453392000000,0.7197],[1453564800000,1.4393],[1453651200000,0.7195],[1453737600000,0.7195],[1453824000000,0.7194],[1453910400000,0.7193],[1453996800000,0.7187],[1454169600000,1.4369],[1454256000000,0.7183],[1454342400000,0.7073],[1454428800000,0.7056],[1454515200000,0.7131],[1454601600000,0.7102],[1455379200000,6.3805],[1455465600000,0.6938],[1455552000000,0.6753],[1455638400000,0.6828],[1455724800000,0.6833],[1455811200000,0.6859],[1455984000000,1.373],[1456070400000,0.6827],[1456156800000,0.6662],[1456243200000,0.6775],[1456329600000,0.6761],[1456416000000,0.6735],[1456588800000,1.3457],[1456675200000,0.6684],[1456761600000,0.6495],[1456848000000,0.6668],[1456934400000,1.1258],[1457020800000,0.6713],[1457193600000,1.343],[1457280000000,0.6711],[1457366400000,0.6718],[1457452800000,0.6882],[1457539200000,0.5241],[1457625600000,0.5236],[1457798400000,1.0673],[1457884800000,0.5347],[1457971200000,0.5342],[1458057600000,0.5461],[1458144000000,0.5257],[1458230400000,1.5225],[1458403200000,1.1575],[1458489600000,0.5699],[1458576000000,0.5713],[1458662400000,0.5728],[1458748800000,0.7127],[1458835200000,0.6028],[1459008000000,1.2186],[1459094400000,0.5877],[1459180800000,0.5944],[1459267200000,0.5947],[1459353600000,0.5945],[1459440000000,0.5943],[1459699200000,1.7826],[1459785600000,0.6627],[1459872000000,1.0781],[1459958400000,0.649],[1460044800000,0.6495],[1460217600000,1.3047],[1460304000000,0.6626],[1460390400000,0.6597],[1460476800000,0.6417],[1460563200000,0.6284],[1460649600000,0.64],[1460822400000,1.2867],[1460908800000,0.6537],[1460995200000,0.6589],[1461081600000,0.6589],[1461168000000,0.6607],[1461254400000,0.6519],[1461427200000,1.3293],[1461513600000,0.6648],[1461600000000,0.6742],[1461686400000,0.6774],[1461772800000,0.6741],[1461859200000,0.6782],[1462118400000,2.0347],[1462204800000,0.6778],[1462291200000,0.6777],[1462377600000,0.6719],[1462464000000,0.6756],[1462636800000,1.351],[1462723200000,0.6564],[1462809600000,0.6639],[1462896000000,0.6635],[1462982400000,0.6632],[1463068800000,0.6312],[1463241600000,1.2801],[1463328000000,0.6347],[1463414400000,0.6404],[1463500800000,0.6399],[1463587200000,0.635],[1463673600000,0.6379],[1463846400000,1.2878],[1463932800000,0.6766],[1464019200000,0.6381],[1464105600000,0.6384],[1464192000000,0.6385],[1464278400000,0.6383],[1464451200000,1.2764],[1464537600000,0.628],[1464624000000,0.6317],[1464710400000,0.564],[1464796800000,0.5186],[1464883200000,0.7082],[1465056000000,1.1145],[1465142400000,0.5049],[1465228800000,0.5397],[1465315200000,0.544],[1465660800000,2.174],[1465747200000,0.5321],[1465833600000,0.5401],[1465920000000,0.6018],[1466006400000,0.6018],[1466092800000,0.6172],[1466265600000,1.2243],[1466352000000,0.6217],[1466438400000,0.5691],[1466524800000,0.6114],[1466611200000,0.615],[1466697600000,0.6377],[1466870400000,1.2523],[1466956800000,2.0699],[1467043200000,0.6768],[1467129600000,0.702],[1467216000000,0.741],[1467302400000,0.6517],[1467475200000,1.3184],[1467561600000,0.659],[1467648000000,0.6593],[1467734400000,0.659],[1467820800000,0.6428],[1467907200000,0.6386],[1468080000000,1.2846],[1468166400000,0.6426],[1468252800000,0.6423],[1468339200000,0.6426],[1468425600000,0.6131],[1468512000000,0.6328],[1468684800000,1.2654],[1468771200000,0.6333],[1468857600000,0.6333],[1468944000000,0.63],[1469030400000,0.634],[1469116800000,0.64],[1469289600000,1.288],[1469376000000,0.6445],[1469462400000,0.6442],[1469548800000,0.6494],[1469635200000,0.6532],[1469721600000,0.6532],[1469894400000,1.3063],[1469980800000,0.6531],[1470067200000,0.6531],[1470153600000,0.6393],[1470240000000,0.6322],[1470326400000,0.6128],[1470499200000,1.2609],[1470585600000,0.6403],[1470672000000,0.6342],[1470758400000,0.6305],[1470844800000,0.6391],[1470931200000,0.6449],[1471104000000,1.3044],[1471190400000,0.6466],[1471276800000,0.6472],[1471363200000,0.6384],[1471449600000,0.6302],[1471536000000,0.6383],[1471708800000,1.2663],[1471795200000,0.6343],[1471881600000,0.6304],[1471968000000,0.6324],[1472054400000,0.6468],[1472140800000,0.6533],[1472313600000,1.3063],[1472400000000,0.6509],[1472486400000,0.6497],[1472572800000,0.6507],[1472659200000,0.6483],[1472745600000,0.6544],[1472918400000,1.3048],[1473004800000,0.6469],[1473091200000,0.6471],[1473177600000,0.6289],[1473264000000,0.6238],[1473350400000,0.6264],[1473523200000,1.2514],[1473609600000,0.9609],[1473696000000,0.6338],[1473782400000,0.646],[1474128000000,2.623],[1474214400000,0.6561],[1474300800000,0.6645],[1474387200000,0.6736],[1474473600000,0.6722],[1474560000000,0.6719],[1474732800000,1.3512],[1474819200000,0.6745],[1474905600000,0.6596],[1474992000000,0.6389],[1475078400000,0.6601],[1475164800000,0.6696],[1475942400000,6.0167],[1476028800000,0.6546],[1476115200000,0.6226],[1476201600000,0.6218],[1476288000000,0.62],[1476374400000,0.6208],[1476547200000,1.2487],[1476633600000,0.6184],[1476720000000,0.6407],[1476806400000,0.6177],[1476892800000,0.6319],[1476979200000,0.6344],[1477152000000,1.2774],[1477238400000,0.6309],[1477324800000,0.5386],[1477411200000,0.647],[1477497600000,0.6384],[1477584000000,0.6225],[1477756800000,1.2488],[1477843200000,0.6761],[1477929600000,0.6649],[1478016000000,0.6546],[1478102400000,0.6577],[1478188800000,0.6601],[1478361600000,1.327],[1478448000000,0.5997],[1478534400000,0.6067],[1478620800000,0.6064],[1478707200000,0.6072],[1478793600000,0.6061],[1478966400000,1.219],[1479052800000,0.6062],[1479139200000,0.6201],[1479225600000,0.6256],[1479312000000,0.6283],[1479398400000,0.6164],[1479571200000,1.2467],[1479657600000,0.6308],[1479744000000,0.6374],[1479830400000,0.6374],[1479916800000,0.638],[1480003200000,0.6358],[1480176000000,1.2798],[1480262400000,0.6504],[1480348800000,0.6833],[1480435200000,0.6873],[1480521600000,0.6913],[1480608000000,0.691],[1480780800000,1.3806],[1480867200000,0.6851],[1480953600000,0.6511],[1481040000000,0.6621],[1481126400000,0.6628],[1481212800000,0.6679],[1481385600000,1.3345],[1481472000000,0.6685],[1481558400000,0.6481],[1481644800000,0.9275],[1481731200000,0.8648],[1481817600000,0.8041],[1481990400000,1.6188],[1482076800000,0.8029],[1482163200000,1.4446],[1482249600000,0.8951],[1482336000000,0.8869],[1482422400000,0.8186],[1482595200000,1.627],[1482681600000,2.2782],[1482768000000,0.8621],[1482854400000,0.8608],[1482940800000,0.9948],[1483027200000,0.9974],[1483113600000,0.9942],[1483286400000,1.9847],[1483372800000,0.9922],[1483459200000,1.0016],[1483545600000,0.8987],[1483632000000,0.9111],[1483804800000,1.8252],[1483891200000,0.9054],[1483977600000,0.7865],[1484064000000,0.7848],[1484150400000,0.7915],[1484236800000,1.0752],[1484409600000,1.6914],[1484496000000,1.0841],[1484582400000,0.9994],[1484668800000,1.4139],[1484755200000,1.0176],[1484841600000,0.9885],[1485014400000,1.9813],[1485100800000,1.003],[1485187200000,1.0078],[1485273600000,0.9773],[1485360000000,0.9756],[1485964800000,6.8293],[1486051200000,0.9684],[1486224000000,1.9452],[1486310400000,0.9766],[1486396800000,0.9824],[1486483200000,1.0197],[1486569600000,1.018],[1486656000000,0.9864],[1486828800000,1.9746],[1486915200000,0.9631],[1487001600000,0.9629],[1487088000000,0.9666],[1487174400000,0.9966],[1487260800000,0.9554],[1487433600000,1.9125],[1487520000000,0.9883],[1487606400000,0.9733],[1487692800000,0.9717],[1487779200000,0.9845],[1487865600000,0.9782],[1488038400000,1.9623],[1488124800000,0.981],[1488211200000,0.9901],[1488297600000,0.977],[1488384000000,0.9699],[1488470400000,0.9755],[1488643200000,1.9462],[1488729600000,0.9727],[1488816000000,0.9713],[1488902400000,0.9836],[1488988800000,0.9906],[1489075200000,0.9949],[1489248000000,1.9879],[1489334400000,0.9887],[1489420800000,0.9911],[1489507200000,0.9647],[1489593600000,0.9675],[1489680000000,0.9779],[1489852800000,1.9531],[1489939200000,0.9791],[1490025600000,0.9931],[1490112000000,0.9234],[1490198400000,1.027],[1490284800000,1.0288],[1490457600000,1.871],[1490544000000,1.0539],[1490630400000,1.0694],[1490716800000,1.11],[1490803200000,1.0594],[1490889600000,1.0903],[1491235200000,4.3749],[1491321600000,1.1062],[1491408000000,1.1066],[1491494400000,1.0882],[1491667200000,2.1548],[1491753600000,1.8358],[1491840000000,1.0795],[1491926400000,1.0439],[1492012800000,1.0216],[1492099200000,0.9819],[1492272000000,1.9549],[1492358400000,0.9824],[1492444800000,0.9766],[1492531200000,0.9727],[1492617600000,0.9886],[1492704000000,1.0195],[1492876800000,2.0475],[1492963200000,1.0223],[1493049600000,1.0158],[1493136000000,1.0236],[1493222400000,1.0366],[1493308800000,1.0458],[1493568000000,3.1395],[1493654400000,1.0424],[1493740800000,1.0425],[1493827200000,1.0348],[1493913600000,1.0368],[1494086400000,2.072],[1494172800000,1.0323],[1494259200000,1.0293],[1494345600000,0.9031],[1494432000000,1.0218],[1494518400000,1.0118],[1494691200000,2.0278],[1494777600000,1.014],[1494864000000,1.0151],[1494950400000,1.0144],[1495036800000,1.0173],[1495123200000,1.0161],[1495296000000,2.0337],[1495382400000,1.0163],[1495468800000,1.0181],[1495555200000,1.0092],[1495641600000,1.0066],[1495728000000,1.0066],[1496073600000,4.0328],[1496160000000,1.0083],[1496246400000,1.0167],[1496332800000,1.0171],[1496505600000,2.0333],[1496592000000,1.0164],[1496678400000,1.0157],[1496764800000,1.0139],[1496851200000,1.0135],[1496937600000,1.0146],[1497110400000,2.0294],[1497196800000,1.0142],[1497283200000,1.0166],[1497369600000,1.0106],[1497456000000,1.0096],[1497542400000,1.0083],[1497715200000,2.0174],[1497801600000,1.0074],[1497888000000,1.0105],[1497974400000,1.0199],[1498060800000,1.0398],[1498147200000,1.0438],[1498320000000,2.092],[1498406400000,1.0541],[1498492800000,1.0592],[1498579200000,1.0673],[1498665600000,1.0856],[1498752000000,1.0858],[1498924800000,1.4886],[1499011200000,0.9912],[1499097600000,0.9848],[1499184000000,0.9827],[1499270400000,0.9648],[1499356800000,0.9648],[1499529600000,1.9295],[1499616000000,0.9027],[1499702400000,0.9375],[1499788800000,0.9695],[1499875200000,0.9693],[1499961600000,0.9978],[1500134400000,1.9987],[1500220800000,0.9935],[1500307200000,0.9883],[1500393600000,0.9957],[1500480000000,1.0017],[1500566400000,0.9974],[1500739200000,2.0006],[1500825600000,1.0103],[1500912000000,0.999],[1500998400000,1.0079],[1501084800000,1.0032],[1501171200000,1.0074],[1501344000000,2.0171],[1501430400000,1.0049],[1501516800000,1.0008],[1501603200000,0.9955],[1501689600000,0.9962],[1501776000000,1.0005],[1501948800000,2.0009],[1502035200000,0.9978],[1502121600000,0.9962],[1502208000000,0.9981],[1502294400000,0.9935],[1502380800000,0.9993],[1502553600000,2.0027],[1502640000000,0.9977],[1502726400000,0.9912],[1502812800000,0.9139],[1502899200000,1.0446],[1502985600000,1.0099],[1503158400000,2.0225],[1503244800000,1.0105],[1503331200000,1.0122],[1503417600000,1.0171],[1503504000000,0.9719],[1503590400000,0.9904],[1503763200000,1.9817],[1503849600000,0.9974],[1503936000000,1.0022],[1504022400000,1.0017],[1504108800000,1.0066],[1504195200000,1.0342],[1504368000000,2.0658],[1504454400000,1.0192],[1504540800000,1.1795],[1504627200000,1.053],[1504713600000,1.072],[1504800000000,1.0412],[1504972800000,2.2237],[1505059200000,1.1033],[1505145600000,1.0995],[1505232000000,1.1018],[1505318400000,1.0692],[1505404800000,1.0679],[1505577600000,2.137],[1505664000000,1.0674],[1505750400000,1.0662],[1505836800000,1.0632],[1505923200000,1.0361],[1506009600000,1.0391],[1506182400000,2.0616],[1506268800000,1.1049],[1506355200000,1.0432],[1506441600000,1.0549],[1506528000000,1.1172],[1506614400000,1.1118],[1507392000000,9.9929],[1507478400000,1.1106],[1507564800000,1.0937],[1507651200000,1.099],[1507737600000,1.1059],[1507824000000,1.1054],[1507996800000,2.2128],[1508083200000,1.1055],[1508169600000,1.102],[1508256000000,1.0946],[1508342400000,1.0947],[1508428800000,1.052],[1508601600000,2.1941],[1508688000000,1.1361],[1508774400000,1.1072],[1508860800000,1.1106],[1508947200000,1.0507],[1509033600000,1.0655],[1509206400000,2.1288],[1509292800000,1.0637],[1509379200000,1.0708],[1509465600000,1.0572],[1509552000000,1.0645],[1509638400000,1.0041],[1509811200000,1.9658],[1509897600000,0.7632],[1509984000000,0.9551],[1510070400000,1.0587],[1510156800000,1.0608],[1510243200000,1.061],[1510416000000,2.1213],[1510502400000,1.0608],[1510588800000,1.0721],[1510675200000,1.0708],[1510761600000,0.794],[1510848000000,1.0657],[1511020800000,2.1309],[1511107200000,1.059],[1511193600000,1.0684],[1511280000000,1.0714],[1511366400000,1.0643],[1511452800000,1.0762],[1511625600000,2.1531],[1511712000000,1.0759],[1511798400000,1.0878],[1511884800000,1.0888],[1511971200000,1.0815],[1512057600000,1.0736],[1512230400000,2.1573],[1512316800000,1.0781],[1512403200000,1.0467],[1512489600000,1.0277],[1512576000000,1.0369],[1512662400000,1.1225],[1512835200000,2.2482],[1512921600000,1.1124],[1513008000000,1.1105],[1513094400000,1.1122],[1513180800000,1.1175],[1513267200000,1.115],[1513440000000,2.2235],[1513526400000,1.1114],[1513612800000,1.108],[1513699200000,1.1034],[1513785600000,1.1],[1513872000000,1.1002],[1514044800000,2.2075],[1514131200000,1.099],[1514217600000,0.9394],[1514304000000,1.2327],[1514390400000,1.223],[1514476800000,1.2874],[1514649600000,2.5772],[1514736000000,1.3126],[1514822400000,1.2905],[1514908800000,0.9632],[1514995200000,0.9804],[1515081600000,1.0067],[1515254400000,2.0427],[1515340800000,1.0221],[1515427200000,1.0524],[1515513600000,1.0455],[1515600000000,1.0752],[1515686400000,1.0845],[1515859200000,2.1337],[1515945600000,1.066],[1516032000000,1.0964],[1516118400000,1.0994],[1516204800000,1.1031],[1516291200000,1.0984],[1516464000000,2.2],[1516550400000,1.1022],[1516636800000,1.0363],[1516723200000,1.1802],[1516809600000,1.3035],[1516896000000,1.3647],[1517068800000,2.363],[1517155200000,1.1878],[1517241600000,1.1747],[1517328000000,1.1962],[1517414400000,1.2085],[1517500800000,1.1764],[1517673600000,2.4153],[1517760000000,1.2034],[1517846400000,1.1383]];
/*基金收益走势图   7日年化收益率*/
var Data_sevenDaysYearIncome = [[1446566400000,0.543],[1446652800000,0.894],[1446739200000,1.049],[1446912000000,1.248],[1446998400000,1.297],[1447084800000,1.333],[1447171200000,1.402],[1447257600000,1.446],[1447344000000,1.479],[1447516800000,1.5],[1447603200000,1.334],[1447689600000,1.341],[1447776000000,2.243],[1447862400000,2.304],[1447948800000,2.36],[1448121600000,2.463],[1448208000000,2.693],[1448294400000,2.748],[1448380800000,1.977],[1448467200000,1.968],[1448553600000,1.97],[1448726400000,1.973],[1448812800000,1.975],[1448899200000,1.977],[1448985600000,1.979],[1449072000000,1.99],[1449158400000,1.99],[1449331200000,1.989],[1449417600000,1.989],[1449504000000,1.952],[1449590400000,1.931],[1449676800000,2.041],[1449763200000,2.151],[1449936000000,2.372],[1450022400000,2.482],[1450108800000,2.629],[1450195200000,2.761],[1450281600000,2.76],[1450368000000,2.76],[1450540800000,2.76],[1450627200000,2.759],[1450713600000,2.759],[1450800000000,2.759],[1450886400000,2.759],[1450972800000,2.759],[1451145600000,2.758],[1451232000000,2.758],[1451318400000,2.692],[1451404800000,2.692],[1451491200000,2.693],[1451750400000,2.632],[1451836800000,2.612],[1451923200000,2.657],[1452009600000,2.636],[1452096000000,2.614],[1452182400000,2.614],[1452355200000,2.613],[1452441600000,2.613],[1452528000000,2.613],[1452614400000,2.598],[1452700800000,2.591],[1452787200000,2.585],[1452960000000,2.573],[1453046400000,3.042],[1453132800000,3.037],[1453219200000,3.05],[1453305600000,3.054],[1453392000000,3.067],[1453564800000,3.093],[1453651200000,2.631],[1453737600000,2.643],[1453824000000,2.652],[1453910400000,2.661],[1453996800000,2.66],[1454169600000,2.659],[1454256000000,2.659],[1454342400000,2.652],[1454428800000,2.645],[1454515200000,2.641],[1454601600000,2.637],[1455379200000,2.621],[1455465600000,2.613],[1455552000000,2.595],[1455638400000,2.581],[1455724800000,2.567],[1455811200000,2.555],[1455984000000,2.531],[1456070400000,2.525],[1456156800000,2.52],[1456243200000,2.518],[1456329600000,2.514],[1456416000000,2.507],[1456588800000,2.493],[1456675200000,2.485],[1456761600000,2.476],[1456848000000,2.47],[1456934400000,2.711],[1457020800000,2.71],[1457193600000,2.708],[1457280000000,2.71],[1457366400000,2.722],[1457452800000,2.733],[1457539200000,2.411],[1457625600000,2.332],[1457798400000,2.185],[1457884800000,2.113],[1457971200000,2.039],[1458057600000,1.964],[1458144000000,1.965],[1458230400000,2.497],[1458403200000,2.545],[1458489600000,2.564],[1458576000000,2.584],[1458662400000,2.598],[1458748800000,2.698],[1458835200000,2.207],[1459008000000,2.24],[1459094400000,2.249],[1459180800000,2.262],[1459267200000,2.273],[1459353600000,2.21],[1459440000000,2.206],[1459699200000,2.193],[1459785600000,2.229],[1459872000000,2.487],[1459958400000,2.517],[1460044800000,2.546],[1460217600000,2.608],[1460304000000,2.645],[1460390400000,2.643],[1460476800000,2.41],[1460563200000,2.399],[1460649600000,2.394],[1460822400000,2.384],[1460908800000,2.38],[1460995200000,2.379],[1461081600000,2.388],[1461168000000,2.406],[1461254400000,2.412],[1461427200000,2.435],[1461513600000,2.441],[1461600000000,2.449],[1461686400000,2.459],[1461772800000,2.466],[1461859200000,2.48],[1462118400000,2.502],[1462204800000,2.503],[1462291200000,2.504],[1462377600000,2.502],[1462464000000,2.501],[1462636800000,2.498],[1462723200000,2.486],[1462809600000,2.479],[1462896000000,2.471],[1462982400000,2.467],[1463068800000,2.443],[1463241600000,2.405],[1463328000000,2.394],[1463414400000,2.381],[1463500800000,2.368],[1463587200000,2.353],[1463673600000,2.357],[1463846400000,2.361],[1463932800000,2.383],[1464019200000,2.382],[1464105600000,2.381],[1464192000000,2.383],[1464278400000,2.384],[1464451200000,2.377],[1464537600000,2.352],[1464624000000,2.348],[1464710400000,2.308],[1464796800000,2.244],[1464883200000,2.282],[1465056000000,2.195],[1465142400000,2.13],[1465228800000,2.081],[1465315200000,2.07],[1465660800000,1.981],[1465747200000,1.996],[1465833600000,1.996],[1465920000000,2.027],[1466006400000,2.058],[1466092800000,2.097],[1466265600000,2.17],[1466352000000,2.218],[1466438400000,2.233],[1466524800000,2.238],[1466611200000,2.245],[1466697600000,2.256],[1466870400000,2.271],[1466956800000,3.046],[1467043200000,3.104],[1467129600000,3.153],[1467216000000,3.221],[1467302400000,3.228],[1467475200000,3.264],[1467561600000,2.507],[1467648000000,2.498],[1467734400000,2.475],[1467820800000,2.422],[1467907200000,2.415],[1468080000000,2.397],[1468166400000,2.388],[1468252800000,2.379],[1468339200000,2.371],[1468425600000,2.355],[1468512000000,2.352],[1468684800000,2.341],[1468771200000,2.336],[1468857600000,2.332],[1468944000000,2.325],[1469030400000,2.336],[1469116800000,2.34],[1469289600000,2.352],[1469376000000,2.358],[1469462400000,2.364],[1469548800000,2.374],[1469635200000,2.384],[1469721600000,2.391],[1469894400000,2.401],[1469980800000,2.406],[1470067200000,2.411],[1470153600000,2.405],[1470240000000,2.394],[1470326400000,2.372],[1470499200000,2.348],[1470585600000,2.341],[1470672000000,2.331],[1470758400000,2.327],[1470844800000,2.33],[1470931200000,2.347],[1471104000000,2.371],[1471190400000,2.374],[1471276800000,2.381],[1471363200000,2.385],[1471449600000,2.38],[1471536000000,2.377],[1471708800000,2.357],[1471795200000,2.35],[1471881600000,2.341],[1471968000000,2.338],[1472054400000,2.347],[1472140800000,2.355],[1472313600000,2.376],[1472400000000,2.385],[1472486400000,2.395],[1472572800000,2.405],[1472659200000,2.406],[1472745600000,2.406],[1472918400000,2.405],[1473004800000,2.403],[1473091200000,2.402],[1473177600000,2.39],[1473264000000,2.377],[1473350400000,2.362],[1473523200000,2.334],[1473609600000,2.501],[1473696000000,2.494],[1473782400000,2.504],[1474128000000,2.568],[1474214400000,2.406],[1474300800000,2.422],[1474387200000,2.437],[1474473600000,2.445],[1474560000000,2.454],[1474732800000,2.475],[1474819200000,2.485],[1474905600000,2.483],[1474992000000,2.464],[1475078400000,2.458],[1475164800000,2.456],[1475942400000,2.47],[1476028800000,2.462],[1476115200000,2.438],[1476201600000,2.413],[1476288000000,2.387],[1476374400000,2.362],[1476547200000,2.315],[1476633600000,2.295],[1476720000000,2.305],[1476806400000,2.303],[1476892800000,2.309],[1476979200000,2.316],[1477152000000,2.332],[1477238400000,2.338],[1477324800000,2.284],[1477411200000,2.3],[1477497600000,2.303],[1477584000000,2.297],[1477756800000,2.281],[1477843200000,2.305],[1477929600000,2.373],[1478016000000,2.377],[1478102400000,2.387],[1478188800000,2.407],[1478361600000,2.449],[1478448000000,2.408],[1478534400000,2.377],[1478620800000,2.351],[1478707200000,2.325],[1478793600000,2.296],[1478966400000,2.238],[1479052800000,2.242],[1479139200000,2.249],[1479225600000,2.259],[1479312000000,2.27],[1479398400000,2.276],[1479571200000,2.29],[1479657600000,2.304],[1479744000000,2.313],[1479830400000,2.319],[1479916800000,2.324],[1480003200000,2.335],[1480176000000,2.352],[1480262400000,2.363],[1480348800000,2.387],[1480435200000,2.414],[1480521600000,2.442],[1480608000000,2.472],[1480780800000,2.526],[1480867200000,2.544],[1480953600000,2.527],[1481040000000,2.514],[1481126400000,2.498],[1481212800000,2.486],[1481385600000,2.461],[1481472000000,2.453],[1481558400000,2.451],[1481644800000,2.593],[1481731200000,2.701],[1481817600000,2.774],[1481990400000,2.926],[1482076800000,2.998],[1482163200000,3.427],[1482249600000,3.41],[1482336000000,3.422],[1482422400000,3.429],[1482595200000,3.434],[1482681600000,4.232],[1482768000000,3.916],[1482854400000,3.898],[1482940800000,3.956],[1483027200000,4.053],[1483113600000,4.151],[1483286400000,3.552],[1483372800000,3.622],[1483459200000,3.698],[1483545600000,3.646],[1483632000000,3.6],[1483804800000,3.513],[1483891200000,3.466],[1483977600000,3.355],[1484064000000,3.238],[1484150400000,3.18],[1484236800000,3.269],[1484409600000,3.197],[1484496000000,3.293],[1484582400000,3.408],[1484668800000,3.747],[1484755200000,3.87],[1484841600000,3.823],[1485014400000,3.98],[1485100800000,3.936],[1485187200000,3.94],[1485273600000,3.704],[1485360000000,3.681],[1485964800000,3.625],[1486051200000,3.621],[1486224000000,3.618],[1486310400000,3.618],[1486396800000,3.622],[1486483200000,3.646],[1486569600000,3.669],[1486656000000,3.678],[1486828800000,3.694],[1486915200000,3.687],[1487001600000,3.677],[1487088000000,3.648],[1487174400000,3.636],[1487260800000,3.62],[1487433600000,3.586],[1487520000000,3.6],[1487606400000,3.605],[1487692800000,3.608],[1487779200000,3.601],[1487865600000,3.614],[1488038400000,3.641],[1488124800000,3.637],[1488211200000,3.646],[1488297600000,3.649],[1488384000000,3.641],[1488470400000,3.639],[1488643200000,3.631],[1488729600000,3.626],[1488816000000,3.616],[1488902400000,3.62],[1488988800000,3.631],[1489075200000,3.641],[1489248000000,3.664],[1489334400000,3.672],[1489420800000,3.683],[1489507200000,3.673],[1489593600000,3.66],[1489680000000,3.651],[1489852800000,3.632],[1489939200000,3.627],[1490025600000,3.628],[1490112000000,3.606],[1490198400000,3.638],[1490284800000,3.666],[1490457600000,3.621],[1490544000000,3.662],[1490630400000,3.703],[1490716800000,3.804],[1490803200000,3.821],[1490889600000,3.855],[1491235200000,4.061],[1491321600000,4.059],[1491408000000,4.085],[1491494400000,4.083],[1491667200000,4.066],[1491753600000,4.469],[1491840000000,4.461],[1491926400000,4.427],[1492012800000,4.381],[1492099200000,4.323],[1492272000000,4.215],[1492358400000,3.752],[1492444800000,3.696],[1492531200000,3.658],[1492617600000,3.64],[1492704000000,3.66],[1492876800000,3.71],[1492963200000,3.732],[1493049600000,3.753],[1493136000000,3.781],[1493222400000,3.807],[1493308800000,3.821],[1493568000000,3.859],[1493654400000,3.873],[1493740800000,3.883],[1493827200000,3.882],[1493913600000,3.877],[1494086400000,3.866],[1494172800000,3.858],[1494259200000,3.851],[1494345600000,3.776],[1494432000000,3.769],[1494518400000,3.755],[1494691200000,3.731],[1494777600000,3.722],[1494864000000,3.714],[1494950400000,3.774],[1495036800000,3.772],[1495123200000,3.774],[1495296000000,3.777],[1495382400000,3.778],[1495468800000,3.78],[1495555200000,3.777],[1495641600000,3.771],[1495728000000,3.766],[1496073600000,3.747],[1496160000000,3.747],[1496246400000,3.752],[1496332800000,3.758],[1496505600000,3.767],[1496592000000,3.771],[1496678400000,3.775],[1496764800000,3.778],[1496851200000,3.777],[1496937600000,3.775],[1497110400000,3.773],[1497196800000,3.772],[1497283200000,3.773],[1497369600000,3.771],[1497456000000,3.769],[1497542400000,3.765],[1497715200000,3.759],[1497801600000,3.755],[1497888000000,3.752],[1497974400000,3.757],[1498060800000,3.773],[1498147200000,3.792],[1498320000000,3.833],[1498406400000,3.858],[1498492800000,3.884],[1498579200000,3.91],[1498665600000,3.935],[1498752000000,3.958],[1498924800000,3.631],[1499011200000,3.597],[1499097600000,3.557],[1499184000000,3.511],[1499270400000,3.446],[1499356800000,3.381],[1499529600000,3.619],[1499616000000,3.571],[1499702400000,3.545],[1499788800000,3.538],[1499875200000,3.541],[1499961600000,3.559],[1500134400000,3.596],[1500220800000,3.645],[1500307200000,3.672],[1500393600000,3.687],[1500480000000,3.704],[1500566400000,3.704],[1500739200000,3.705],[1500825600000,3.714],[1500912000000,3.72],[1500998400000,3.726],[1501084800000,3.727],[1501171200000,3.733],[1501344000000,3.742],[1501430400000,3.739],[1501516800000,3.74],[1501603200000,3.733],[1501689600000,3.729],[1501776000000,3.725],[1501948800000,3.717],[1502035200000,3.713],[1502121600000,3.71],[1502208000000,3.712],[1502294400000,3.71],[1502380800000,3.71],[1502553600000,3.711],[1502640000000,3.71],[1502726400000,3.708],[1502812800000,3.662],[1502899200000,3.69],[1502985600000,3.696],[1503158400000,3.706],[1503244800000,3.713],[1503331200000,3.725],[1503417600000,3.78],[1503504000000,3.741],[1503590400000,3.731],[1503763200000,3.708],[1503849600000,3.701],[1503936000000,3.696],[1504022400000,3.688],[1504108800000,3.706],[1504195200000,3.73],[1504368000000,3.776],[1504454400000,3.787],[1504540800000,3.883],[1504627200000,3.911],[1504713600000,3.947],[1504800000000,3.95],[1504972800000,4.036],[1505059200000,4.082],[1505145600000,4.038],[1505232000000,4.065],[1505318400000,4.063],[1505404800000,4.078],[1505577600000,4.031],[1505664000000,4.011],[1505750400000,3.993],[1505836800000,3.972],[1505923200000,3.954],[1506009600000,3.939],[1506182400000,3.898],[1506268800000,3.918],[1506355200000,3.906],[1506441600000,3.901],[1506528000000,3.945],[1506614400000,3.985],[1507392000000,4.135],[1507478400000,4.135],[1507564800000,4.126],[1507651200000,4.12],[1507737600000,4.118],[1507824000000,4.115],[1507996800000,4.111],[1508083200000,4.109],[1508169600000,4.113],[1508256000000,4.111],[1508342400000,4.105],[1508428800000,4.076],[1508601600000,4.065],[1508688000000,4.082],[1508774400000,4.085],[1508860800000,4.094],[1508947200000,4.07],[1509033600000,4.077],[1509206400000,4.042],[1509292800000,4.002],[1509379200000,3.983],[1509465600000,3.954],[1509552000000,3.961],[1509638400000,3.928],[1509811200000,3.84],[1509897600000,3.677],[1509984000000,3.614],[1510070400000,3.615],[1510156800000,3.613],[1510243200000,3.644],[1510416000000,3.728],[1510502400000,3.889],[1510588800000,3.953],[1510675200000,3.959],[1510761600000,3.815],[1510848000000,3.817],[1511020800000,3.822],[1511107200000,3.821],[1511193600000,3.819],[1511280000000,3.82],[1511366400000,3.966],[1511452800000,3.972],[1511625600000,3.984],[1511712000000,3.993],[1511798400000,4.004],[1511884800000,4.013],[1511971200000,4.022],[1512057600000,4.021],[1512230400000,4.023],[1512316800000,4.024],[1512403200000,4.002],[1512489600000,3.969],[1512576000000,3.945],[1512662400000,3.971],[1512835200000,4.021],[1512921600000,4.039],[1513008000000,4.074],[1513094400000,4.12],[1513180800000,4.163],[1513267200000,4.159],[1513440000000,4.146],[1513526400000,4.145],[1513612800000,4.144],[1513699200000,4.139],[1513785600000,4.13],[1513872000000,4.122],[1514044800000,4.113],[1514131200000,4.106],[1514217600000,4.015],[1514304000000,4.085],[1514390400000,4.152],[1514476800000,4.253],[1514649600000,4.455],[1514736000000,4.571],[1514822400000,4.762],[1514908800000,4.615],[1514995200000,4.483],[1515081600000,4.33],[1515254400000,4.04],[1515340800000,3.883],[1515427200000,3.754],[1515513600000,3.798],[1515600000000,3.85],[1515686400000,3.892],[1515859200000,3.941],[1515945600000,3.965],[1516032000000,3.989],[1516118400000,4.018],[1516204800000,4.033],[1516291200000,4.041],[1516464000000,4.077],[1516550400000,4.096],[1516636800000,4.064],[1516723200000,4.107],[1516809600000,4.216],[1516896000000,4.361],[1517068800000,4.45],[1517155200000,4.496],[1517241600000,4.572],[1517328000000,4.581],[1517414400000,4.529],[1517500800000,4.426],[1517673600000,4.455],[1517760000000,4.463],[1517846400000,4.443]];
/*资产配置*/
var Data_assetAllocationCurrency ={"categories":["12-31","09-30","06-30","03-31"],"series":[{"name":"股票","data":[null,null,null,null]},{"name":"债券","data":[38.38,53.05,70.67,50.2]},{"name":"现金","data":[20.8,51.51,5.69,17.56]}]};
/*累计收益率走势*/
var Data_grandTotal = [{"name":"光大耀钱包货币A","data":[[1501948800000,0],[1502035200000,0.01],[1502121600000,0.02],[1502208000000,0.03],[1502294400000,0.04],[1502380800000,0.05],[1502553600000,0.07],[1502640000000,0.08],[1502726400000,0.09],[1502812800000,0.10],[1502899200000,0.11],[1502985600000,0.12],[1503158400000,0.14],[1503244800000,0.15],[1503331200000,0.16],[1503417600000,0.17],[1503504000000,0.18],[1503590400000,0.19],[1503763200000,0.21],[1503849600000,0.22],[1503936000000,0.23],[1504022400000,0.24],[1504108800000,0.25],[1504195200000,0.26],[1504368000000,0.28],[1504454400000,0.29],[1504540800000,0.30],[1504627200000,0.31],[1504713600000,0.32],[1504800000000,0.33],[1504972800000,0.36],[1505059200000,0.37],[1505145600000,0.38],[1505232000000,0.39],[1505318400000,0.40],[1505404800000,0.41],[1505577600000,0.43],[1505664000000,0.44],[1505750400000,0.45],[1505836800000,0.47],[1505923200000,0.48],[1506009600000,0.49],[1506182400000,0.51],[1506268800000,0.52],[1506355200000,0.53],[1506441600000,0.54],[1506528000000,0.55],[1506614400000,0.56],[1507392000000,0.66],[1507478400000,0.67],[1507564800000,0.68],[1507651200000,0.70],[1507737600000,0.71],[1507824000000,0.72],[1507996800000,0.74],[1508083200000,0.75],[1508169600000,0.76],[1508256000000,0.77],[1508342400000,0.78],[1508428800000,0.79],[1508601600000,0.82],[1508688000000,0.83],[1508774400000,0.84],[1508860800000,0.85],[1508947200000,0.86],[1509033600000,0.87],[1509206400000,0.89],[1509292800000,0.90],[1509379200000,0.91],[1509465600000,0.93],[1509552000000,0.94],[1509638400000,0.95],[1509811200000,0.97],[1509897600000,0.97],[1509984000000,0.98],[1510070400000,0.99],[1510156800000,1.01],[1510243200000,1.02],[1510416000000,1.04],[1510502400000,1.05],[1510588800000,1.06],[1510675200000,1.07],[1510761600000,1.08],[1510848000000,1.09],[1511020800000,1.11],[1511107200000,1.12],[1511193600000,1.13],[1511280000000,1.14],[1511366400000,1.15],[1511452800000,1.16],[1511625600000,1.19],[1511712000000,1.20],[1511798400000,1.21],[1511884800000,1.22],[1511971200000,1.23],[1512057600000,1.24],[1512230400000,1.26],[1512316800000,1.27],[1512403200000,1.28],[1512489600000,1.29],[1512576000000,1.30],[1512662400000,1.32],[1512835200000,1.34],[1512921600000,1.35],[1513008000000,1.36],[1513094400000,1.37],[1513180800000,1.38],[1513267200000,1.40],[1513440000000,1.42],[1513526400000,1.43],[1513612800000,1.44],[1513699200000,1.45],[1513785600000,1.46],[1513872000000,1.47],[1514044800000,1.50],[1514131200000,1.51],[1514217600000,1.52],[1514304000000,1.53],[1514390400000,1.54],[1514476800000,1.55],[1514649600000,1.58],[1514736000000,1.59],[1514822400000,1.61],[1514908800000,1.62],[1514995200000,1.63],[1515081600000,1.64],[1515254400000,1.66],[1515340800000,1.67],[1515427200000,1.68],[1515513600000,1.69],[1515600000000,1.70],[1515686400000,1.71],[1515859200000,1.73],[1515945600000,1.74],[1516032000000,1.76],[1516118400000,1.77],[1516204800000,1.78],[1516291200000,1.79],[1516464000000,1.81],[1516550400000,1.82],[1516636800000,1.83],[1516723200000,1.85],[1516809600000,1.86],[1516896000000,1.87],[1517068800000,1.90],[1517155200000,1.91],[1517241600000,1.92],[1517328000000,1.93],[1517414400000,1.95],[1517500800000,1.96],[1517673600000,1.98],[1517760000000,1.99],[1517846400000,2.01]]},{"name":"同类平均","data":[[1502035200000,0],[1502121600000,0.01],[1502208000000,0.02],[1502294400000,0.03],[1502380800000,0.04],[1502640000000,0.07],[1502726400000,0.08],[1502812800000,0.09],[1502899200000,0.10],[1502985600000,0.11],[1503244800000,0.14],[1503331200000,0.16],[1503417600000,0.17],[1503504000000,0.18],[1503590400000,0.19],[1503849600000,0.22],[1503936000000,0.23],[1504022400000,0.24],[1504108800000,0.25],[1504195200000,0.26],[1504454400000,0.29],[1504540800000,0.30],[1504627200000,0.31],[1504713600000,0.32],[1504800000000,0.34],[1505059200000,0.37],[1505145600000,0.38],[1505232000000,0.39],[1505318400000,0.40],[1505404800000,0.41],[1505664000000,0.44],[1505750400000,0.45],[1505836800000,0.46],[1505923200000,0.47],[1506009600000,0.48],[1506268800000,0.52],[1506355200000,0.53],[1506441600000,0.54],[1506528000000,0.55],[1506614400000,0.56],[1507478400000,0.67],[1507564800000,0.68],[1507651200000,0.69],[1507737600000,0.71],[1507824000000,0.72],[1508083200000,0.75],[1508169600000,0.76],[1508256000000,0.77],[1508342400000,0.78],[1508428800000,0.79],[1508688000000,0.82],[1508774400000,0.83],[1508860800000,0.84],[1508947200000,0.85],[1509033600000,0.86],[1509292800000,0.90],[1509379200000,0.91],[1509465600000,0.92],[1509552000000,0.93],[1509638400000,0.94],[1509897600000,0.97],[1509984000000,0.98],[1510070400000,0.99],[1510156800000,1.00],[1510243200000,1.01],[1510502400000,1.04],[1510588800000,1.06],[1510675200000,1.07],[1510761600000,1.08],[1510848000000,1.09],[1511107200000,1.12],[1511193600000,1.13],[1511280000000,1.14],[1511366400000,1.15],[1511452800000,1.16],[1511712000000,1.20],[1511798400000,1.21],[1511884800000,1.22],[1511971200000,1.23],[1512057600000,1.24],[1512316800000,1.28],[1512403200000,1.29],[1512489600000,1.30],[1512576000000,1.31],[1512662400000,1.32],[1512921600000,1.35],[1513008000000,1.36],[1513094400000,1.38],[1513180800000,1.39],[1513267200000,1.40],[1513526400000,1.43],[1513612800000,1.44],[1513699200000,1.46],[1513785600000,1.47],[1513872000000,1.48],[1514131200000,1.51],[1514217600000,1.53],[1514304000000,1.54],[1514390400000,1.55],[1514476800000,1.57],[1514822400000,1.62],[1514908800000,1.64],[1514995200000,1.65],[1515081600000,1.66],[1515340800000,1.69],[1515427200000,1.71],[1515513600000,1.72],[1515600000000,1.73],[1515686400000,1.74],[1515945600000,1.77],[1516032000000,1.79],[1516118400000,1.80],[1516204800000,1.81],[1516291200000,1.82],[1516550400000,1.86],[1516636800000,1.87],[1516723200000,1.88],[1516809600000,1.89],[1516896000000,1.90],[1517155200000,1.94],[1517241600000,1.95],[1517328000000,1.96],[1517414400000,1.97],[1517500800000,1.98],[1517760000000,2.02],[1517846400000,2.03]]},{"name":"沪深300","data":[[1502035200000,0],[1502121600000,0.15],[1502208000000,0.11],[1502294400000,-0.29],[1502380800000,-2.13],[1502640000000,-0.86],[1502726400000,-0.56],[1502812800000,-0.68],[1502899200000,-0.15],[1502985600000,-0.06],[1503244800000,0.38],[1503331200000,0.68],[1503417600000,0.79],[1503504000000,0.21],[1503590400000,1.85],[1503849600000,3.11],[1503936000000,2.89],[1504022400000,2.88],[1504108800000,2.56],[1504195200000,2.78],[1504454400000,3.19],[1504540800000,3.50],[1504627200000,3.29],[1504713600000,2.77],[1504800000000,2.66],[1505059200000,2.65],[1505145600000,2.98],[1505232000000,3.11],[1505318400000,2.77],[1505404800000,2.80],[1505664000000,3.12],[1505750400000,2.83],[1505836800000,3.10],[1505923200000,2.98],[1506009600000,2.98],[1506268800000,2.44],[1506355200000,2.52],[1506441600000,2.53],[1506528000000,2.57],[1506614400000,2.94],[1507478400000,4.17],[1507564800000,4.38],[1507651200000,4.72],[1507737600000,5.00],[1507824000000,5.21],[1508083200000,5.01],[1508169600000,5.00],[1508256000000,5.83],[1508342400000,5.49],[1508428800000,5.37],[1508688000000,5.47],[1508774400000,6.24],[1508860800000,6.71],[1508947200000,7.16],[1509033600000,7.92],[1509292800000,7.59],[1509379200000,7.51],[1509465600000,7.24],[1509552000000,7.25],[1509638400000,7.13],[1509897600000,7.89],[1509984000000,8.79],[1510070400000,8.62],[1510156800000,9.37],[1510243200000,10.33],[1510502400000,10.77],[1510588800000,10.00],[1510675200000,9.31],[1510761600000,10.15],[1510848000000,10.57],[1511107200000,11.19],[1511193600000,13.17],[1511280000000,13.44],[1511366400000,10.08],[1511452800000,10.13],[1511712000000,8.67],[1511798400000,8.83],[1511884800000,8.77],[1511971200000,7.49],[1512057600000,7.28],[1512316800000,7.84],[1512403200000,8.41],[1512489600000,7.76],[1512576000000,6.55],[1512662400000,7.42],[1512921600000,9.20],[1513008000000,7.76],[1513094400000,8.67],[1513180800000,8.03],[1513267200000,6.82],[1513526400000,6.94],[1513612800000,8.28],[1513699200000,8.15],[1513785600000,9.15],[1513872000000,8.80],[1514131200000,8.45],[1514217600000,8.77],[1514304000000,7.09],[1514390400000,7.84],[1514476800000,8.16],[1514822400000,9.68],[1514908800000,10.32],[1514995200000,10.79],[1515081600000,11.05],[1515340800000,11.63],[1515427200000,12.41],[1515513600000,12.91],[1515600000000,12.85],[1515686400000,13.37],[1515945600000,13.37],[1516032000000,14.27],[1516118400000,13.99],[1516204800000,14.61],[1516291200000,14.99],[1516550400000,16.36],[1516636800000,17.60],[1516723200000,17.79],[1516809600000,17.13],[1516896000000,17.56],[1517155200000,15.43],[1517241600000,14.20],[1517328000000,14.73],[1517414400000,13.93],[1517500800000,14.61],[1517760000000,14.69],[1517846400000,11.33]]}];
/*同类排名*/
var Data_rateInSimilarType = [{"x":1454515200000,"y":312,"sc":"365"},{"x":1454601600000,"y":312,"sc":"366"},{"x":1455465600000,"y":291,"sc":"369"},{"x":1455552000000,"y":283,"sc":"369"},{"x":1455638400000,"y":281,"sc":"369"},{"x":1455724800000,"y":296,"sc":"369"},{"x":1455811200000,"y":294,"sc":"369"},{"x":1456070400000,"y":289,"sc":"369"},{"x":1456156800000,"y":285,"sc":"370"},{"x":1456243200000,"y":284,"sc":"373"},{"x":1456329600000,"y":284,"sc":"373"},{"x":1456416000000,"y":285,"sc":"375"},{"x":1456675200000,"y":285,"sc":"375"},{"x":1456761600000,"y":283,"sc":"376"},{"x":1456848000000,"y":278,"sc":"376"},{"x":1456934400000,"y":265,"sc":"376"},{"x":1457020800000,"y":262,"sc":"376"},{"x":1457280000000,"y":253,"sc":"376"},{"x":1457366400000,"y":253,"sc":"380"},{"x":1457452800000,"y":246,"sc":"380"},{"x":1457539200000,"y":256,"sc":"380"},{"x":1457625600000,"y":259,"sc":"381"},{"x":1457884800000,"y":258,"sc":"381"},{"x":1457971200000,"y":266,"sc":"380"},{"x":1458057600000,"y":271,"sc":"382"},{"x":1458144000000,"y":268,"sc":"383"},{"x":1458230400000,"y":253,"sc":"383"},{"x":1458489600000,"y":263,"sc":"383"},{"x":1458576000000,"y":264,"sc":"385"},{"x":1458662400000,"y":267,"sc":"385"},{"x":1458748800000,"y":264,"sc":"385"},{"x":1458835200000,"y":264,"sc":"391"},{"x":1459094400000,"y":271,"sc":"391"},{"x":1459180800000,"y":271,"sc":"391"},{"x":1459267200000,"y":272,"sc":"391"},{"x":1459353600000,"y":275,"sc":"392"},{"x":1459440000000,"y":270,"sc":"392"},{"x":1459785600000,"y":286,"sc":"392"},{"x":1459872000000,"y":274,"sc":"392"},{"x":1459958400000,"y":275,"sc":"392"},{"x":1460044800000,"y":272,"sc":"392"},{"x":1460304000000,"y":273,"sc":"394"},{"x":1460390400000,"y":272,"sc":"394"},{"x":1460476800000,"y":275,"sc":"394"},{"x":1460563200000,"y":275,"sc":"394"},{"x":1460649600000,"y":273,"sc":"394"},{"x":1460908800000,"y":287,"sc":"394"},{"x":1460995200000,"y":289,"sc":"394"},{"x":1461081600000,"y":287,"sc":"394"},{"x":1461168000000,"y":291,"sc":"394"},{"x":1461254400000,"y":292,"sc":"394"},{"x":1461513600000,"y":297,"sc":"394"},{"x":1461600000000,"y":297,"sc":"394"},{"x":1461686400000,"y":294,"sc":"394"},{"x":1461772800000,"y":293,"sc":"394"},{"x":1461859200000,"y":290,"sc":"394"},{"x":1462204800000,"y":283,"sc":"394"},{"x":1462291200000,"y":282,"sc":"394"},{"x":1462377600000,"y":282,"sc":"400"},{"x":1462464000000,"y":278,"sc":"400"},{"x":1462723200000,"y":261,"sc":"400"},{"x":1462809600000,"y":261,"sc":"400"},{"x":1462896000000,"y":260,"sc":"400"},{"x":1462982400000,"y":257,"sc":"400"},{"x":1463068800000,"y":251,"sc":"400"},{"x":1463328000000,"y":292,"sc":"400"},{"x":1463414400000,"y":293,"sc":"400"},{"x":1463500800000,"y":294,"sc":"400"},{"x":1463587200000,"y":292,"sc":"400"},{"x":1463673600000,"y":287,"sc":"400"},{"x":1463932800000,"y":295,"sc":"400"},{"x":1464019200000,"y":295,"sc":"400"},{"x":1464105600000,"y":289,"sc":"400"},{"x":1464192000000,"y":290,"sc":"400"},{"x":1464278400000,"y":290,"sc":"400"},{"x":1464537600000,"y":289,"sc":"400"},{"x":1464624000000,"y":289,"sc":"400"},{"x":1464710400000,"y":287,"sc":"400"},{"x":1464796800000,"y":290,"sc":"400"},{"x":1464883200000,"y":297,"sc":"400"},{"x":1465142400000,"y":308,"sc":"402"},{"x":1465228800000,"y":308,"sc":"402"},{"x":1465315200000,"y":307,"sc":"402"},{"x":1465747200000,"y":307,"sc":"402"},{"x":1465833600000,"y":307,"sc":"402"},{"x":1465920000000,"y":306,"sc":"403"},{"x":1466006400000,"y":303,"sc":"403"},{"x":1466092800000,"y":301,"sc":"403"},{"x":1466352000000,"y":312,"sc":"403"},{"x":1466438400000,"y":310,"sc":"404"},{"x":1466524800000,"y":308,"sc":"404"},{"x":1466611200000,"y":310,"sc":"404"},{"x":1466697600000,"y":312,"sc":"404"},{"x":1466956800000,"y":278,"sc":"404"},{"x":1467043200000,"y":278,"sc":"404"},{"x":1467129600000,"y":275,"sc":"404"},{"x":1467216000000,"y":264,"sc":"404"},{"x":1467302400000,"y":261,"sc":"404"},{"x":1467561600000,"y":262,"sc":"404"},{"x":1467648000000,"y":261,"sc":"404"},{"x":1467734400000,"y":274,"sc":"404"},{"x":1467820800000,"y":271,"sc":"404"},{"x":1467907200000,"y":271,"sc":"404"},{"x":1468166400000,"y":274,"sc":"404"},{"x":1468252800000,"y":280,"sc":"404"},{"x":1468339200000,"y":281,"sc":"404"},{"x":1468425600000,"y":282,"sc":"404"},{"x":1468512000000,"y":284,"sc":"404"},{"x":1468771200000,"y":286,"sc":"404"},{"x":1468857600000,"y":286,"sc":"404"},{"x":1468944000000,"y":287,"sc":"405"},{"x":1469030400000,"y":295,"sc":"405"},{"x":1469116800000,"y":293,"sc":"405"},{"x":1469376000000,"y":292,"sc":"405"},{"x":1469462400000,"y":294,"sc":"405"},{"x":1469548800000,"y":295,"sc":"405"},{"x":1469635200000,"y":296,"sc":"407"},{"x":1469721600000,"y":297,"sc":"407"},{"x":1469980800000,"y":294,"sc":"407"},{"x":1470067200000,"y":302,"sc":"407"},{"x":1470153600000,"y":306,"sc":"407"},{"x":1470240000000,"y":308,"sc":"409"},{"x":1470326400000,"y":308,"sc":"409"},{"x":1470585600000,"y":313,"sc":"412"},{"x":1470672000000,"y":314,"sc":"413"},{"x":1470758400000,"y":314,"sc":"413"},{"x":1470844800000,"y":316,"sc":"413"},{"x":1470931200000,"y":317,"sc":"413"},{"x":1471190400000,"y":318,"sc":"413"},{"x":1471276800000,"y":315,"sc":"413"},{"x":1471363200000,"y":316,"sc":"414"},{"x":1471449600000,"y":315,"sc":"415"},{"x":1471536000000,"y":316,"sc":"415"},{"x":1471795200000,"y":320,"sc":"416"},{"x":1471881600000,"y":322,"sc":"416"},{"x":1471968000000,"y":317,"sc":"416"},{"x":1472054400000,"y":318,"sc":"416"},{"x":1472140800000,"y":320,"sc":"416"},{"x":1472400000000,"y":318,"sc":"416"},{"x":1472486400000,"y":320,"sc":"416"},{"x":1472572800000,"y":319,"sc":"416"},{"x":1472659200000,"y":316,"sc":"416"},{"x":1472745600000,"y":317,"sc":"417"},{"x":1473004800000,"y":314,"sc":"421"},{"x":1473091200000,"y":307,"sc":"421"},{"x":1473177600000,"y":301,"sc":"421"},{"x":1473264000000,"y":302,"sc":"423"},{"x":1473350400000,"y":301,"sc":"424"},{"x":1473609600000,"y":290,"sc":"424"},{"x":1473696000000,"y":284,"sc":"424"},{"x":1473782400000,"y":279,"sc":"424"},{"x":1474214400000,"y":277,"sc":"424"},{"x":1474300800000,"y":274,"sc":"424"},{"x":1474387200000,"y":275,"sc":"424"},{"x":1474473600000,"y":273,"sc":"427"},{"x":1474560000000,"y":270,"sc":"427"},{"x":1474819200000,"y":274,"sc":"430"},{"x":1474905600000,"y":314,"sc":"430"},{"x":1474992000000,"y":316,"sc":"430"},{"x":1475078400000,"y":316,"sc":"432"},{"x":1475164800000,"y":317,"sc":"432"},{"x":1476028800000,"y":310,"sc":"434"},{"x":1476115200000,"y":308,"sc":"434"},{"x":1476201600000,"y":308,"sc":"435"},{"x":1476288000000,"y":308,"sc":"437"},{"x":1476374400000,"y":306,"sc":"435"},{"x":1476633600000,"y":309,"sc":"436"},{"x":1476720000000,"y":303,"sc":"438"},{"x":1476806400000,"y":302,"sc":"437"},{"x":1476892800000,"y":302,"sc":"437"},{"x":1476979200000,"y":303,"sc":"437"},{"x":1477238400000,"y":312,"sc":"440"},{"x":1477324800000,"y":304,"sc":"440"},{"x":1477411200000,"y":301,"sc":"441"},{"x":1477497600000,"y":303,"sc":"441"},{"x":1477584000000,"y":305,"sc":"445"},{"x":1477843200000,"y":310,"sc":"447"},{"x":1477929600000,"y":310,"sc":"447"},{"x":1478016000000,"y":308,"sc":"447"},{"x":1478102400000,"y":310,"sc":"447"},{"x":1478188800000,"y":315,"sc":"448"},{"x":1478448000000,"y":314,"sc":"450"},{"x":1478534400000,"y":313,"sc":"450"},{"x":1478620800000,"y":317,"sc":"450"},{"x":1478707200000,"y":319,"sc":"450"},{"x":1478793600000,"y":320,"sc":"450"},{"x":1479052800000,"y":326,"sc":"450"},{"x":1479139200000,"y":325,"sc":"450"},{"x":1479225600000,"y":326,"sc":"450"},{"x":1479312000000,"y":322,"sc":"450"},{"x":1479398400000,"y":320,"sc":"450"},{"x":1479657600000,"y":324,"sc":"451"},{"x":1479744000000,"y":321,"sc":"451"},{"x":1479830400000,"y":321,"sc":"451"},{"x":1479916800000,"y":319,"sc":"451"},{"x":1480003200000,"y":319,"sc":"451"},{"x":1480262400000,"y":323,"sc":"451"},{"x":1480348800000,"y":321,"sc":"452"},{"x":1480435200000,"y":322,"sc":"452"},{"x":1480521600000,"y":322,"sc":"452"},{"x":1480608000000,"y":323,"sc":"455"},{"x":1480867200000,"y":325,"sc":"455"},{"x":1480953600000,"y":325,"sc":"455"},{"x":1481040000000,"y":320,"sc":"455"},{"x":1481126400000,"y":319,"sc":"455"},{"x":1481212800000,"y":319,"sc":"456"},{"x":1481472000000,"y":326,"sc":"457"},{"x":1481558400000,"y":332,"sc":"458"},{"x":1481644800000,"y":318,"sc":"458"},{"x":1481731200000,"y":309,"sc":"458"},{"x":1481817600000,"y":296,"sc":"458"},{"x":1482076800000,"y":301,"sc":"458"},{"x":1482163200000,"y":282,"sc":"458"},{"x":1482249600000,"y":275,"sc":"458"},{"x":1482336000000,"y":273,"sc":"459"},{"x":1482422400000,"y":272,"sc":"463"},{"x":1482681600000,"y":242,"sc":"464"},{"x":1482768000000,"y":240,"sc":"464"},{"x":1482854400000,"y":237,"sc":"466"},{"x":1482940800000,"y":233,"sc":"466"},{"x":1483027200000,"y":231,"sc":"469"},{"x":1483372800000,"y":210,"sc":"469"},{"x":1483459200000,"y":202,"sc":"468"},{"x":1483545600000,"y":193,"sc":"469"},{"x":1483632000000,"y":183,"sc":"469"},{"x":1483891200000,"y":209,"sc":"469"},{"x":1483977600000,"y":209,"sc":"469"},{"x":1484064000000,"y":210,"sc":"469"},{"x":1484150400000,"y":209,"sc":"469"},{"x":1484236800000,"y":201,"sc":"469"},{"x":1484496000000,"y":201,"sc":"472"},{"x":1484582400000,"y":193,"sc":"474"},{"x":1484668800000,"y":180,"sc":"476"},{"x":1484755200000,"y":177,"sc":"476"},{"x":1484841600000,"y":178,"sc":"476"},{"x":1485100800000,"y":177,"sc":"481"},{"x":1485187200000,"y":177,"sc":"482"},{"x":1485273600000,"y":172,"sc":"484"},{"x":1485360000000,"y":168,"sc":"485"},{"x":1486051200000,"y":156,"sc":"489"},{"x":1486310400000,"y":151,"sc":"491"},{"x":1486396800000,"y":147,"sc":"491"},{"x":1486483200000,"y":145,"sc":"491"},{"x":1486569600000,"y":139,"sc":"491"},{"x":1486656000000,"y":134,"sc":"494"},{"x":1486915200000,"y":132,"sc":"496"},{"x":1487001600000,"y":130,"sc":"496"},{"x":1487088000000,"y":129,"sc":"496"},{"x":1487174400000,"y":128,"sc":"496"},{"x":1487260800000,"y":129,"sc":"496"},{"x":1487520000000,"y":127,"sc":"496"},{"x":1487606400000,"y":126,"sc":"496"},{"x":1487692800000,"y":124,"sc":"496"},{"x":1487779200000,"y":126,"sc":"498"},{"x":1487865600000,"y":129,"sc":"500"},{"x":1488124800000,"y":127,"sc":"503"},{"x":1488211200000,"y":124,"sc":"503"},{"x":1488297600000,"y":127,"sc":"503"},{"x":1488384000000,"y":128,"sc":"511"},{"x":1488470400000,"y":125,"sc":"511"},{"x":1488729600000,"y":127,"sc":"513"},{"x":1488816000000,"y":128,"sc":"515"},{"x":1488902400000,"y":127,"sc":"516"},{"x":1488988800000,"y":127,"sc":"518"},{"x":1489075200000,"y":125,"sc":"518"},{"x":1489334400000,"y":129,"sc":"518"},{"x":1489420800000,"y":133,"sc":"518"},{"x":1489507200000,"y":135,"sc":"518"},{"x":1489593600000,"y":136,"sc":"520"},{"x":1489680000000,"y":133,"sc":"520"},{"x":1489939200000,"y":144,"sc":"522"},{"x":1490025600000,"y":144,"sc":"522"},{"x":1490112000000,"y":149,"sc":"524"},{"x":1490198400000,"y":153,"sc":"530"},{"x":1490284800000,"y":151,"sc":"530"},{"x":1490544000000,"y":175,"sc":"534"},{"x":1490630400000,"y":173,"sc":"535"},{"x":1490716800000,"y":173,"sc":"535"},{"x":1490803200000,"y":174,"sc":"538"},{"x":1490889600000,"y":175,"sc":"538"},{"x":1491321600000,"y":179,"sc":"538"},{"x":1491408000000,"y":180,"sc":"540"},{"x":1491494400000,"y":176,"sc":"540"},{"x":1491753600000,"y":167,"sc":"540"},{"x":1491840000000,"y":166,"sc":"540"},{"x":1491926400000,"y":165,"sc":"540"},{"x":1492012800000,"y":169,"sc":"541"},{"x":1492099200000,"y":161,"sc":"541"},{"x":1492358400000,"y":170,"sc":"543"},{"x":1492444800000,"y":177,"sc":"543"},{"x":1492531200000,"y":181,"sc":"543"},{"x":1492617600000,"y":181,"sc":"545"},{"x":1492704000000,"y":175,"sc":"545"},{"x":1492963200000,"y":185,"sc":"545"},{"x":1493049600000,"y":183,"sc":"547"},{"x":1493136000000,"y":181,"sc":"549"},{"x":1493222400000,"y":179,"sc":"549"},{"x":1493308800000,"y":173,"sc":"549"},{"x":1493654400000,"y":195,"sc":"549"},{"x":1493740800000,"y":194,"sc":"550"},{"x":1493827200000,"y":187,"sc":"550"},{"x":1493913600000,"y":194,"sc":"550"},{"x":1494172800000,"y":199,"sc":"550"},{"x":1494259200000,"y":205,"sc":"550"},{"x":1494345600000,"y":208,"sc":"550"},{"x":1494432000000,"y":198,"sc":"550"},{"x":1494518400000,"y":214,"sc":"550"},{"x":1494777600000,"y":222,"sc":"554"},{"x":1494864000000,"y":226,"sc":"556"},{"x":1494950400000,"y":227,"sc":"560"},{"x":1495036800000,"y":219,"sc":"560"},{"x":1495123200000,"y":228,"sc":"560"},{"x":1495382400000,"y":231,"sc":"560"},{"x":1495468800000,"y":232,"sc":"562"},{"x":1495555200000,"y":232,"sc":"564"},{"x":1495641600000,"y":230,"sc":"564"},{"x":1495728000000,"y":235,"sc":"564"},{"x":1496160000000,"y":242,"sc":"564"},{"x":1496246400000,"y":242,"sc":"564"},{"x":1496332800000,"y":244,"sc":"564"},{"x":1496592000000,"y":246,"sc":"566"},{"x":1496678400000,"y":248,"sc":"566"},{"x":1496764800000,"y":249,"sc":"566"},{"x":1496851200000,"y":248,"sc":"566"},{"x":1496937600000,"y":255,"sc":"566"},{"x":1497196800000,"y":267,"sc":"574"},{"x":1497283200000,"y":271,"sc":"574"},{"x":1497369600000,"y":274,"sc":"575"},{"x":1497456000000,"y":275,"sc":"575"},{"x":1497542400000,"y":284,"sc":"575"},{"x":1497801600000,"y":290,"sc":"577"},{"x":1497888000000,"y":294,"sc":"577"},{"x":1497974400000,"y":296,"sc":"575"},{"x":1498060800000,"y":294,"sc":"575"},{"x":1498147200000,"y":304,"sc":"576"},{"x":1498406400000,"y":308,"sc":"579"},{"x":1498492800000,"y":313,"sc":"579"},{"x":1498579200000,"y":315,"sc":"579"},{"x":1498665600000,"y":317,"sc":"579"},{"x":1498752000000,"y":316,"sc":"582"},{"x":1499011200000,"y":313,"sc":"582"},{"x":1499097600000,"y":349,"sc":"582"},{"x":1499184000000,"y":353,"sc":"583"},{"x":1499270400000,"y":356,"sc":"583"},{"x":1499356800000,"y":363,"sc":"583"},{"x":1499616000000,"y":397,"sc":"583"},{"x":1499702400000,"y":399,"sc":"583"},{"x":1499788800000,"y":400,"sc":"583"},{"x":1499875200000,"y":401,"sc":"583"},{"x":1499961600000,"y":405,"sc":"586"},{"x":1500220800000,"y":411,"sc":"586"},{"x":1500307200000,"y":412,"sc":"586"},{"x":1500393600000,"y":421,"sc":"589"},{"x":1500480000000,"y":424,"sc":"589"},{"x":1500566400000,"y":429,"sc":"593"},{"x":1500825600000,"y":433,"sc":"593"},{"x":1500912000000,"y":438,"sc":"593"},{"x":1500998400000,"y":442,"sc":"594"},{"x":1501084800000,"y":446,"sc":"594"},{"x":1501171200000,"y":448,"sc":"594"},{"x":1501430400000,"y":442,"sc":"594"},{"x":1501516800000,"y":456,"sc":"594"},{"x":1501603200000,"y":453,"sc":"594"},{"x":1501689600000,"y":458,"sc":"594"},{"x":1501776000000,"y":460,"sc":"594"},{"x":1502035200000,"y":466,"sc":"596"},{"x":1502121600000,"y":468,"sc":"596"},{"x":1502208000000,"y":469,"sc":"596"},{"x":1502294400000,"y":470,"sc":"596"},{"x":1502380800000,"y":472,"sc":"596"},{"x":1502640000000,"y":474,"sc":"596"},{"x":1502726400000,"y":477,"sc":"596"},{"x":1502812800000,"y":477,"sc":"596"},{"x":1502899200000,"y":477,"sc":"596"},{"x":1502985600000,"y":477,"sc":"596"},{"x":1503244800000,"y":480,"sc":"597"},{"x":1503331200000,"y":480,"sc":"597"},{"x":1503417600000,"y":486,"sc":"597"},{"x":1503504000000,"y":486,"sc":"596"},{"x":1503590400000,"y":487,"sc":"596"},{"x":1503849600000,"y":488,"sc":"600"},{"x":1503936000000,"y":485,"sc":"600"},{"x":1504022400000,"y":494,"sc":"600"},{"x":1504108800000,"y":496,"sc":"601"},{"x":1504195200000,"y":497,"sc":"601"},{"x":1504454400000,"y":506,"sc":"601"},{"x":1504540800000,"y":505,"sc":"601"},{"x":1504627200000,"y":505,"sc":"601"},{"x":1504713600000,"y":505,"sc":"601"},{"x":1504800000000,"y":506,"sc":"601"},{"x":1505059200000,"y":503,"sc":"603"},{"x":1505145600000,"y":500,"sc":"603"},{"x":1505232000000,"y":502,"sc":"603"},{"x":1505318400000,"y":504,"sc":"605"},{"x":1505404800000,"y":502,"sc":"605"},{"x":1505664000000,"y":500,"sc":"606"},{"x":1505750400000,"y":502,"sc":"606"},{"x":1505836800000,"y":497,"sc":"603"},{"x":1505923200000,"y":497,"sc":"603"},{"x":1506009600000,"y":499,"sc":"603"},{"x":1506268800000,"y":499,"sc":"603"},{"x":1506355200000,"y":498,"sc":"603"},{"x":1506441600000,"y":497,"sc":"604"},{"x":1506528000000,"y":495,"sc":"604"},{"x":1506614400000,"y":496,"sc":"606"},{"x":1507478400000,"y":468,"sc":"606"},{"x":1507564800000,"y":466,"sc":"607"},{"x":1507651200000,"y":463,"sc":"607"},{"x":1507737600000,"y":462,"sc":"611"},{"x":1507824000000,"y":460,"sc":"611"},{"x":1508083200000,"y":459,"sc":"612"},{"x":1508169600000,"y":454,"sc":"612"},{"x":1508256000000,"y":449,"sc":"611"},{"x":1508342400000,"y":447,"sc":"611"},{"x":1508428800000,"y":443,"sc":"611"},{"x":1508688000000,"y":431,"sc":"606"},{"x":1508774400000,"y":428,"sc":"606"},{"x":1508860800000,"y":427,"sc":"607"},{"x":1508947200000,"y":426,"sc":"607"},{"x":1509033600000,"y":419,"sc":"607"},{"x":1509292800000,"y":412,"sc":"609"},{"x":1509379200000,"y":406,"sc":"610"},{"x":1509465600000,"y":406,"sc":"610"},{"x":1509552000000,"y":400,"sc":"613"},{"x":1509638400000,"y":402,"sc":"617"},{"x":1509897600000,"y":420,"sc":"621"},{"x":1509984000000,"y":418,"sc":"621"},{"x":1510070400000,"y":417,"sc":"621"},{"x":1510156800000,"y":417,"sc":"623"},{"x":1510243200000,"y":419,"sc":"623"},{"x":1510502400000,"y":415,"sc":"633"},{"x":1510588800000,"y":407,"sc":"635"},{"x":1510675200000,"y":401,"sc":"635"},{"x":1510761600000,"y":409,"sc":"635"},{"x":1510848000000,"y":410,"sc":"636"},{"x":1511107200000,"y":401,"sc":"636"},{"x":1511193600000,"y":403,"sc":"636"},{"x":1511280000000,"y":400,"sc":"636"},{"x":1511366400000,"y":402,"sc":"636"},{"x":1511452800000,"y":404,"sc":"637"},{"x":1511712000000,"y":400,"sc":"640"},{"x":1511798400000,"y":397,"sc":"640"},{"x":1511884800000,"y":394,"sc":"640"},{"x":1511971200000,"y":390,"sc":"641"},{"x":1512057600000,"y":387,"sc":"643"},{"x":1512316800000,"y":388,"sc":"643"},{"x":1512403200000,"y":390,"sc":"643"},{"x":1512489600000,"y":393,"sc":"643"},{"x":1512576000000,"y":398,"sc":"644"},{"x":1512662400000,"y":394,"sc":"652"},{"x":1512921600000,"y":408,"sc":"652"},{"x":1513008000000,"y":411,"sc":"653"},{"x":1513094400000,"y":412,"sc":"653"},{"x":1513180800000,"y":411,"sc":"654"},{"x":1513267200000,"y":408,"sc":"656"},{"x":1513526400000,"y":412,"sc":"656"},{"x":1513612800000,"y":411,"sc":"656"},{"x":1513699200000,"y":407,"sc":"656"},{"x":1513785600000,"y":405,"sc":"655"},{"x":1513872000000,"y":406,"sc":"655"},{"x":1514131200000,"y":410,"sc":"655"},{"x":1514217600000,"y":416,"sc":"655"},{"x":1514304000000,"y":415,"sc":"654"},{"x":1514390400000,"y":419,"sc":"655"},{"x":1514476800000,"y":421,"sc":"655"},{"x":1514822400000,"y":380,"sc":"655"},{"x":1514908800000,"y":377,"sc":"655"},{"x":1514995200000,"y":373,"sc":"655"},{"x":1515081600000,"y":365,"sc":"655"},{"x":1515340800000,"y":466,"sc":"655"},{"x":1515427200000,"y":471,"sc":"655"},{"x":1515513600000,"y":475,"sc":"656"},{"x":1515600000000,"y":475,"sc":"657"},{"x":1515686400000,"y":475,"sc":"657"},{"x":1515945600000,"y":483,"sc":"657"},{"x":1516032000000,"y":486,"sc":"657"},{"x":1516118400000,"y":484,"sc":"657"},{"x":1516204800000,"y":484,"sc":"657"},{"x":1516291200000,"y":487,"sc":"657"},{"x":1516550400000,"y":491,"sc":"657"},{"x":1516636800000,"y":496,"sc":"657"},{"x":1516723200000,"y":495,"sc":"657"},{"x":1516809600000,"y":492,"sc":"657"},{"x":1516896000000,"y":485,"sc":"655"},{"x":1517155200000,"y":484,"sc":"656"},{"x":1517241600000,"y":485,"sc":"656"},{"x":1517328000000,"y":483,"sc":"656"},{"x":1517414400000,"y":482,"sc":"656"},{"x":1517500800000,"y":477,"sc":"656"},{"x":1517760000000,"y":467,"sc":"656"},{"x":1517846400000,"y":463,"sc":"656"}];
/*百分比排名*/
var Data_rateInSimilarPersent = [[1454515200000,14.5200],[1454601600000,14.7500],[1455465600000,21.1400],[1455552000000,23.3100],[1455638400000,23.8500],[1455724800000,19.7800],[1455811200000,20.3300],[1456070400000,21.6800],[1456156800000,22.9700],[1456243200000,23.8600],[1456329600000,23.8600],[1456416000000,24.00],[1456675200000,24.00],[1456761600000,24.7300],[1456848000000,26.0600],[1456934400000,29.5200],[1457020800000,30.3200],[1457280000000,32.7100],[1457366400000,33.4200],[1457452800000,35.2600],[1457539200000,32.6300],[1457625600000,32.0200],[1457884800000,32.2800],[1457971200000,30.00],[1458057600000,29.0600],[1458144000000,30.0300],[1458230400000,33.9400],[1458489600000,31.3300],[1458576000000,31.4300],[1458662400000,30.6500],[1458748800000,31.4300],[1458835200000,32.4800],[1459094400000,30.6900],[1459180800000,30.6900],[1459267200000,30.4300],[1459353600000,29.8500],[1459440000000,31.1200],[1459785600000,27.0400],[1459872000000,30.1000],[1459958400000,29.8500],[1460044800000,30.6100],[1460304000000,30.7100],[1460390400000,30.9600],[1460476800000,30.2000],[1460563200000,30.2000],[1460649600000,30.7100],[1460908800000,27.1600],[1460995200000,26.6500],[1461081600000,27.1600],[1461168000000,26.1400],[1461254400000,25.8900],[1461513600000,24.6200],[1461600000000,24.6200],[1461686400000,25.3800],[1461772800000,25.6300],[1461859200000,26.4000],[1462204800000,28.1700],[1462291200000,28.4300],[1462377600000,29.5000],[1462464000000,30.5000],[1462723200000,34.7500],[1462809600000,34.7500],[1462896000000,35.00],[1462982400000,35.7500],[1463068800000,37.2500],[1463328000000,27.00],[1463414400000,26.7500],[1463500800000,26.5000],[1463587200000,27.00],[1463673600000,28.2500],[1463932800000,26.2500],[1464019200000,26.2500],[1464105600000,27.7500],[1464192000000,27.5000],[1464278400000,27.5000],[1464537600000,27.7500],[1464624000000,27.7500],[1464710400000,28.2500],[1464796800000,27.5000],[1464883200000,25.7500],[1465142400000,23.3800],[1465228800000,23.3800],[1465315200000,23.6300],[1465747200000,23.6300],[1465833600000,23.6300],[1465920000000,24.0700],[1466006400000,24.8100],[1466092800000,25.3100],[1466352000000,22.5800],[1466438400000,23.2700],[1466524800000,23.7600],[1466611200000,23.2700],[1466697600000,22.7700],[1466956800000,31.1900],[1467043200000,31.1900],[1467129600000,31.9300],[1467216000000,34.6500],[1467302400000,35.4000],[1467561600000,35.1500],[1467648000000,35.4000],[1467734400000,32.1800],[1467820800000,32.9200],[1467907200000,32.9200],[1468166400000,32.1800],[1468252800000,30.6900],[1468339200000,30.4500],[1468425600000,30.2000],[1468512000000,29.7000],[1468771200000,29.2100],[1468857600000,29.2100],[1468944000000,29.1400],[1469030400000,27.1600],[1469116800000,27.6500],[1469376000000,27.9000],[1469462400000,27.4100],[1469548800000,27.1600],[1469635200000,27.2700],[1469721600000,27.0300],[1469980800000,27.7600],[1470067200000,25.8000],[1470153600000,24.8200],[1470240000000,24.6900],[1470326400000,24.6900],[1470585600000,24.0300],[1470672000000,23.9700],[1470758400000,23.9700],[1470844800000,23.4900],[1470931200000,23.2400],[1471190400000,23.00],[1471276800000,23.7300],[1471363200000,23.6700],[1471449600000,24.1000],[1471536000000,23.8600],[1471795200000,23.0800],[1471881600000,22.6000],[1471968000000,23.8000],[1472054400000,23.5600],[1472140800000,23.0800],[1472400000000,23.5600],[1472486400000,23.0800],[1472572800000,23.3200],[1472659200000,24.0400],[1472745600000,23.9800],[1473004800000,25.4200],[1473091200000,27.0800],[1473177600000,28.5000],[1473264000000,28.6100],[1473350400000,29.0100],[1473609600000,31.6000],[1473696000000,33.0200],[1473782400000,34.2000],[1474214400000,34.6700],[1474300800000,35.3800],[1474387200000,35.1400],[1474473600000,36.0700],[1474560000000,36.7700],[1474819200000,36.2800],[1474905600000,26.9800],[1474992000000,26.5100],[1475078400000,26.8500],[1475164800000,26.6200],[1476028800000,28.5700],[1476115200000,29.0300],[1476201600000,29.2000],[1476288000000,29.5200],[1476374400000,29.6600],[1476633600000,29.1300],[1476720000000,30.8200],[1476806400000,30.8900],[1476892800000,30.8900],[1476979200000,30.6600],[1477238400000,29.0900],[1477324800000,30.9100],[1477411200000,31.7500],[1477497600000,31.2900],[1477584000000,31.4600],[1477843200000,30.6500],[1477929600000,30.6500],[1478016000000,31.1000],[1478102400000,30.6500],[1478188800000,29.6900],[1478448000000,30.2200],[1478534400000,30.4400],[1478620800000,29.5600],[1478707200000,29.1100],[1478793600000,28.8900],[1479052800000,27.5600],[1479139200000,27.7800],[1479225600000,27.5600],[1479312000000,28.4400],[1479398400000,28.8900],[1479657600000,28.1600],[1479744000000,28.8200],[1479830400000,28.8200],[1479916800000,29.2700],[1480003200000,29.2700],[1480262400000,28.3800],[1480348800000,28.9800],[1480435200000,28.7600],[1480521600000,28.7600],[1480608000000,29.0100],[1480867200000,28.5700],[1480953600000,28.5700],[1481040000000,29.6700],[1481126400000,29.8900],[1481212800000,30.0400],[1481472000000,28.6700],[1481558400000,27.5100],[1481644800000,30.5700],[1481731200000,32.5300],[1481817600000,35.3700],[1482076800000,34.2800],[1482163200000,38.4300],[1482249600000,39.9600],[1482336000000,40.5200],[1482422400000,41.2500],[1482681600000,47.8400],[1482768000000,48.2800],[1482854400000,49.1400],[1482940800000,50.00],[1483027200000,50.7500],[1483372800000,55.2200],[1483459200000,56.8400],[1483545600000,58.8500],[1483632000000,60.9800],[1483891200000,55.4400],[1483977600000,55.4400],[1484064000000,55.2200],[1484150400000,55.4400],[1484236800000,57.1400],[1484496000000,57.4200],[1484582400000,59.2800],[1484668800000,62.1800],[1484755200000,62.8200],[1484841600000,62.6100],[1485100800000,63.2000],[1485187200000,63.2800],[1485273600000,64.4600],[1485360000000,65.3600],[1486051200000,68.1000],[1486310400000,69.2500],[1486396800000,70.0600],[1486483200000,70.4700],[1486569600000,71.6900],[1486656000000,72.8700],[1486915200000,73.3900],[1487001600000,73.7900],[1487088000000,73.9900],[1487174400000,74.1900],[1487260800000,73.9900],[1487520000000,74.4000],[1487606400000,74.6000],[1487692800000,75.00],[1487779200000,74.7000],[1487865600000,74.2000],[1488124800000,74.7500],[1488211200000,75.3500],[1488297600000,74.7500],[1488384000000,74.9500],[1488470400000,75.5400],[1488729600000,75.2400],[1488816000000,75.1500],[1488902400000,75.3900],[1488988800000,75.4800],[1489075200000,75.8700],[1489334400000,75.1000],[1489420800000,74.3200],[1489507200000,73.9400],[1489593600000,73.8500],[1489680000000,74.4200],[1489939200000,72.4100],[1490025600000,72.4100],[1490112000000,71.5600],[1490198400000,71.1300],[1490284800000,71.5100],[1490544000000,67.2300],[1490630400000,67.6600],[1490716800000,67.6600],[1490803200000,67.6600],[1490889600000,67.4700],[1491321600000,66.7300],[1491408000000,66.6700],[1491494400000,67.4100],[1491753600000,69.0700],[1491840000000,69.2600],[1491926400000,69.4400],[1492012800000,68.7600],[1492099200000,70.2400],[1492358400000,68.6900],[1492444800000,67.4000],[1492531200000,66.6700],[1492617600000,66.7900],[1492704000000,67.8900],[1492963200000,66.0600],[1493049600000,66.5400],[1493136000000,67.0300],[1493222400000,67.4000],[1493308800000,68.4900],[1493654400000,64.4800],[1493740800000,64.7300],[1493827200000,66.00],[1493913600000,64.7300],[1494172800000,63.8200],[1494259200000,62.7300],[1494345600000,62.1800],[1494432000000,64.00],[1494518400000,61.0900],[1494777600000,59.9300],[1494864000000,59.3500],[1494950400000,59.4600],[1495036800000,60.8900],[1495123200000,59.2900],[1495382400000,58.7500],[1495468800000,58.7200],[1495555200000,58.8700],[1495641600000,59.2200],[1495728000000,58.3300],[1496160000000,57.0900],[1496246400000,57.0900],[1496332800000,56.7400],[1496592000000,56.5400],[1496678400000,56.1800],[1496764800000,56.0100],[1496851200000,56.1800],[1496937600000,54.9500],[1497196800000,53.4800],[1497283200000,52.7900],[1497369600000,52.3500],[1497456000000,52.1700],[1497542400000,50.6100],[1497801600000,49.7400],[1497888000000,49.0500],[1497974400000,48.5200],[1498060800000,48.8700],[1498147200000,47.2200],[1498406400000,46.8000],[1498492800000,45.9400],[1498579200000,45.6000],[1498665600000,45.2500],[1498752000000,45.7000],[1499011200000,46.2200],[1499097600000,40.0300],[1499184000000,39.4500],[1499270400000,38.9400],[1499356800000,37.7400],[1499616000000,31.9000],[1499702400000,31.5600],[1499788800000,31.3900],[1499875200000,31.2200],[1499961600000,30.8900],[1500220800000,29.8600],[1500307200000,29.6900],[1500393600000,28.5200],[1500480000000,28.0100],[1500566400000,27.6600],[1500825600000,26.9800],[1500912000000,26.1400],[1500998400000,25.5900],[1501084800000,24.9200],[1501171200000,24.5800],[1501430400000,25.5900],[1501516800000,23.2300],[1501603200000,23.7400],[1501689600000,22.9000],[1501776000000,22.5600],[1502035200000,21.8100],[1502121600000,21.4800],[1502208000000,21.3100],[1502294400000,21.1400],[1502380800000,20.8100],[1502640000000,20.4700],[1502726400000,19.9700],[1502812800000,19.9700],[1502899200000,19.9700],[1502985600000,19.9700],[1503244800000,19.6000],[1503331200000,19.6000],[1503417600000,18.5900],[1503504000000,18.4600],[1503590400000,18.2900],[1503849600000,18.6700],[1503936000000,19.1700],[1504022400000,17.6700],[1504108800000,17.4700],[1504195200000,17.3000],[1504454400000,15.8100],[1504540800000,15.9700],[1504627200000,15.9700],[1504713600000,15.9700],[1504800000000,15.8100],[1505059200000,16.5800],[1505145600000,17.0800],[1505232000000,16.7500],[1505318400000,16.6900],[1505404800000,17.0200],[1505664000000,17.4900],[1505750400000,17.1600],[1505836800000,17.5800],[1505923200000,17.5800],[1506009600000,17.2500],[1506268800000,17.2500],[1506355200000,17.4100],[1506441600000,17.7200],[1506528000000,18.0500],[1506614400000,18.1500],[1507478400000,22.7700],[1507564800000,23.2300],[1507651200000,23.7200],[1507737600000,24.3900],[1507824000000,24.7100],[1508083200000,25.00],[1508169600000,25.8200],[1508256000000,26.5100],[1508342400000,26.8400],[1508428800000,27.5000],[1508688000000,28.8800],[1508774400000,29.3700],[1508860800000,29.6500],[1508947200000,29.8200],[1509033600000,30.9700],[1509292800000,32.3500],[1509379200000,33.4400],[1509465600000,33.4400],[1509552000000,34.7500],[1509638400000,34.8500],[1509897600000,32.3700],[1509984000000,32.6900],[1510070400000,32.8500],[1510156800000,33.0700],[1510243200000,32.7400],[1510502400000,34.4400],[1510588800000,35.9100],[1510675200000,36.8500],[1510761600000,35.5900],[1510848000000,35.5300],[1511107200000,36.9500],[1511193600000,36.6400],[1511280000000,37.1100],[1511366400000,36.7900],[1511452800000,36.5800],[1511712000000,37.5000],[1511798400000,37.9700],[1511884800000,38.4400],[1511971200000,39.1600],[1512057600000,39.8100],[1512316800000,39.6600],[1512403200000,39.3500],[1512489600000,38.8800],[1512576000000,38.2000],[1512662400000,39.5700],[1512921600000,37.4200],[1513008000000,37.0600],[1513094400000,36.9100],[1513180800000,37.1600],[1513267200000,37.8000],[1513526400000,37.2000],[1513612800000,37.3500],[1513699200000,37.9600],[1513785600000,38.1700],[1513872000000,38.0200],[1514131200000,37.4000],[1514217600000,36.4900],[1514304000000,36.5400],[1514390400000,36.0300],[1514476800000,35.7300],[1514822400000,41.9800],[1514908800000,42.4400],[1514995200000,43.0500],[1515081600000,44.2700],[1515340800000,28.8500],[1515427200000,28.0900],[1515513600000,27.5900],[1515600000000,27.7000],[1515686400000,27.7000],[1515945600000,26.4800],[1516032000000,26.0300],[1516118400000,26.3300],[1516204800000,26.3300],[1516291200000,25.8800],[1516550400000,25.2700],[1516636800000,24.5100],[1516723200000,24.6600],[1516809600000,25.1100],[1516896000000,25.9500],[1517155200000,26.2200],[1517241600000,26.0700],[1517328000000,26.3700],[1517414400000,26.5200],[1517500800000,27.2900],[1517760000000,28.8100],[1517846400000,29.4200]];
/*规模变动*/
var Data_fluctuationScale = {"categories":["2016-12-31","2017-03-31","2017-06-30","2017-09-30","2017-12-31"],"series":[{"y":1.06,"mom":"-72.83%"},{"y":2.67,"mom":"152.68%"},{"y":3.17,"mom":"18.67%"},{"y":3.20,"mom":"0.95%"},{"y":5.01,"mom":"56.51%"}]};;
/*持有人结构*/
var Data_holderStructure = {"series":[{"name":"机构持有比例","data":[98.62,0,1.32]},{"name":"个人持有比例","data":[1.38,100.0,98.68]},{"name":"内部持有比例","data":[0.05,0.46,0.3]}],"categories":["2016-06-30","2016-12-31","2017-06-30"]};
/*申购赎回*/
var Data_assetAllocation ={"series":[{"name":"期间申购","data":[9.12,6.60,4.83,7.01]},{"name":"期间赎回","data":[7.50,6.10,4.80,5.20]},{"name":"总份额","data":[2.67,3.17,3.20,5.01]}],"categories":["2017-03-31","2017-06-30","2017-09-30","2017-12-31"]};
/*现任基金经理*/
var Data_currentFundManager = [{"id":"30396509","pic":"https://pdf.dfcfw.com/pdf/H8_JPG30396509_1.jpg","name":"杨烨超","star":4,"workTime":"2年又73天","fundSize":"222.85亿(18只基金)","power":{"avr":"71.31","categories":["经验值","收益率","抗风险","稳定性","管理规模"],"dsc":["反映基金经理从业年限和管理基金的经验","根据基金经理投资的阶段收益评分，反映\u003cbr\u003e基金经理投资的盈利能力","反映基金经理投资的回撤控制能力","反映基金经理投资收益的波动","根据基金经理现任管理基金资产规模评分"],"data":[43.70,49.80,91.70,94.70,79.50],"jzrq":"2018-02-06"},"profit":{"categories":["任期收益","同类平均"],"series":[{"data":[{"name":null,"color":"#7cb5ec","y":7.1135},{"name":null,"color":"#414c7b","y":7.26}]}],"jzrq":"2018-02-06"}}] ;
/*同类型基金涨幅榜（页面底部通栏）*/
var swithSameType = [['002895_华夏天利货币B_5.8750','002894_华夏天利货币A_5.6210','004398_融通现金宝货币B_5.3370','000902_国开货币B_5.3360','001478_泰康薪意保货币B_5.1400'],['002895_华夏天利货币B_5.26','004973_长城收益宝货币B_5.08','004904_人保货币B_5.05','002884_华润元大现金通货币B_5.01','002894_华夏天利货币A_5.01'],['004973_长城收益宝货币B_5.05','004770_海富通添益货币A_4.99','002884_华润元大现金通货币B_4.99','005151_红土创新优淳货币B_4.90','002895_华夏天利货币B_4.89'],['004770_海富通添益货币A_5.39','004973_长城收益宝货币B_5.13','002884_华润元大现金通货币B_5.03','002895_华夏天利货币B_5.03','004398_融通现金宝货币B_5.01'],['003679_中融现金增利货币C_4.67','003474_南方天天利货币B_4.55','000836_国投瑞银钱多宝货币A_4.52','000837_国投瑞银钱多宝货币I_4.52','003753_工银如意货币B_4.51']];