/**
 * 测试数据
 * @type {arry}
 */
/*2018-02-07 16:07:20*/
//基金或股票信息
var fS_name = "兴全天添益货币A";
var fS_code = "001820";
var fund_minsg="";
var ishb=true;
/*原费率*/
var fund_sourceRate="0";
/*现费率*/
var fund_Rate="0";
/*最小申购金额*/
var fund_minsg="";
/*收益率*/
/*近一年收益率*/
var syl_1n="3.9804";
/*近6月收益率*/
var syl_6y="2.0406";
/*近三月收益率*/
var syl_3y="1.0508";
/*近一月收益率*/
var syl_1y="0.3908";
/* 基金收益走势图 每万份收益*/
var Data_millionCopiesIncome = [[1446739200000,0.587],[1446912000000,1.2139],[1446998400000,0.6067],[1447084800000,0.6117],[1447171200000,0.6065],[1447257600000,0.6048],[1447344000000,0.5316],[1447516800000,1.0669],[1447603200000,0.5335],[1447689600000,0.5709],[1447776000000,0.579],[1447862400000,0.5651],[1447948800000,0.6301],[1448121600000,1.2713],[1448208000000,0.6307],[1448294400000,0.6517],[1448380800000,0.6521],[1448467200000,0.6244],[1448553600000,0.5699],[1448726400000,1.1394],[1448812800000,0.5351],[1448899200000,0.5352],[1448985600000,0.5606],[1449072000000,0.528],[1449158400000,0.5094],[1449331200000,1.0467],[1449417600000,0.5233],[1449504000000,0.5205],[1449590400000,0.6291],[1449676800000,0.6142],[1449763200000,0.6155],[1449936000000,1.2258],[1450022400000,0.6126],[1450108800000,0.6127],[1450195200000,0.595],[1450281600000,0.6254],[1450368000000,0.5745],[1450540800000,1.1685],[1450627200000,0.614],[1450713600000,0.7002],[1450800000000,0.7319],[1450886400000,0.7273],[1450972800000,0.6447],[1451145600000,1.232],[1451232000000,0.6146],[1451318400000,0.6262],[1451404800000,0.6515],[1451491200000,0.6506],[1451750400000,1.946],[1451836800000,0.649],[1451923200000,0.6209],[1452009600000,0.6149],[1452096000000,0.6167],[1452182400000,0.6176],[1452355200000,1.2359],[1452441600000,0.624],[1452528000000,0.6282],[1452614400000,0.6117],[1452700800000,0.6204],[1452787200000,0.6063],[1452960000000,1.2419],[1453046400000,0.6205],[1453132800000,0.6451],[1453219200000,0.6359],[1453305600000,0.6393],[1453392000000,0.5822],[1453564800000,1.277],[1453651200000,0.644],[1453737600000,1.2461],[1453824000000,0.6513],[1453910400000,0.675],[1453996800000,0.654],[1454169600000,1.3072],[1454256000000,0.6549],[1454342400000,0.6542],[1454428800000,0.6576],[1454515200000,0.6578],[1454601600000,0.6776],[1455379200000,5.8687],[1455465600000,0.6757],[1455552000000,0.6515],[1455638400000,0.657],[1455724800000,0.6313],[1455811200000,0.6586],[1455984000000,1.3229],[1456070400000,0.5726],[1456156800000,0.6971],[1456243200000,0.6664],[1456329600000,0.6567],[1456416000000,0.8608],[1456588800000,1.3463],[1456675200000,0.6417],[1456761600000,0.7009],[1456848000000,0.684],[1456934400000,0.6881],[1457020800000,0.68],[1457193600000,1.347],[1457280000000,0.6822],[1457366400000,0.6946],[1457452800000,0.6833],[1457539200000,0.6592],[1457625600000,0.6838],[1457798400000,1.3663],[1457884800000,0.7066],[1457971200000,0.6867],[1458057600000,0.6796],[1458144000000,0.654],[1458230400000,0.6421],[1458403200000,1.3324],[1458489600000,0.6386],[1458576000000,0.6388],[1458662400000,0.6635],[1458748800000,0.6852],[1458835200000,0.6708],[1459008000000,1.3334],[1459094400000,0.7326],[1459180800000,0.6571],[1459267200000,0.6642],[1459353600000,0.6414],[1459440000000,0.6579],[1459699200000,1.9656],[1459785600000,1.0822],[1459872000000,0.6591],[1459958400000,0.6831],[1460044800000,0.692],[1460217600000,1.3704],[1460304000000,0.6815],[1460390400000,0.6777],[1460476800000,0.6734],[1460563200000,0.6847],[1460649600000,0.6888],[1460822400000,1.3774],[1460908800000,0.6885],[1460995200000,0.6869],[1461081600000,0.7227],[1461168000000,0.6693],[1461254400000,0.6648],[1461427200000,1.3301],[1461513600000,0.6965],[1461600000000,1.1447],[1461686400000,0.6877],[1461772800000,0.6861],[1461859200000,0.6832],[1462118400000,2.0524],[1462204800000,0.6864],[1462291200000,0.7253],[1462377600000,0.6516],[1462464000000,0.6846],[1462636800000,1.3839],[1462723200000,0.6909],[1462809600000,0.6865],[1462896000000,0.6915],[1462982400000,0.6895],[1463068800000,0.6909],[1463241600000,1.3818],[1463328000000,0.7756],[1463414400000,0.6879],[1463500800000,0.6807],[1463587200000,0.6805],[1463673600000,0.6794],[1463846400000,1.1496],[1463932800000,0.6836],[1464019200000,0.6541],[1464105600000,0.6778],[1464192000000,0.783],[1464278400000,0.7082],[1464451200000,1.3229],[1464537600000,1.0857],[1464624000000,0.6934],[1464710400000,0.6945],[1464796800000,0.6944],[1464883200000,0.6903],[1465056000000,1.3806],[1465142400000,0.6891],[1465228800000,0.6923],[1465315200000,0.6873],[1465660800000,2.7498],[1465747200000,0.6895],[1465833600000,0.69],[1465920000000,0.6899],[1466006400000,0.6893],[1466092800000,0.6911],[1466265600000,1.3804],[1466352000000,0.7814],[1466438400000,0.689],[1466524800000,0.6898],[1466611200000,0.6879],[1466697600000,0.6896],[1466870400000,1.3752],[1466956800000,0.76],[1467043200000,0.6874],[1467129600000,0.6872],[1467216000000,0.6819],[1467302400000,0.6853],[1467475200000,1.3715],[1467561600000,0.6872],[1467648000000,0.6848],[1467734400000,0.6854],[1467820800000,0.6859],[1467907200000,0.6887],[1468080000000,1.379],[1468166400000,0.6847],[1468252800000,0.9784],[1468339200000,0.6878],[1468425600000,0.6835],[1468512000000,0.6872],[1468684800000,1.3232],[1468771200000,0.7383],[1468857600000,0.69],[1468944000000,0.8592],[1469030400000,0.6901],[1469116800000,0.6897],[1469289600000,1.3803],[1469376000000,0.8225],[1469462400000,1.9725],[1469548800000,0.698],[1469635200000,0.6986],[1469721600000,0.7056],[1469894400000,1.4003],[1469980800000,0.7002],[1470067200000,0.6981],[1470153600000,0.6995],[1470240000000,0.7261],[1470326400000,0.6975],[1470499200000,1.3954],[1470585600000,0.6949],[1470672000000,0.6994],[1470758400000,0.6992],[1470844800000,0.6997],[1470931200000,0.6969],[1471104000000,1.331],[1471190400000,0.6982],[1471276800000,0.6981],[1471363200000,0.6941],[1471449600000,0.6911],[1471536000000,0.6926],[1471708800000,1.1632],[1471795200000,0.9296],[1471881600000,0.664],[1471968000000,0.6424],[1472054400000,0.6581],[1472140800000,0.8577],[1472313600000,1.1875],[1472400000000,0.6618],[1472486400000,0.6819],[1472572800000,0.6731],[1472659200000,1.3517],[1472745600000,0.6635],[1472918400000,1.2913],[1473004800000,0.4267],[1473091200000,0.9631],[1473177600000,0.6545],[1473264000000,0.6683],[1473350400000,0.6679],[1473523200000,1.3357],[1473609600000,0.6689],[1473696000000,0.6585],[1473782400000,0.6607],[1474128000000,2.6467],[1474214400000,0.6798],[1474300800000,0.6749],[1474387200000,0.6747],[1474473600000,0.6701],[1474560000000,0.6762],[1474732800000,1.3493],[1474819200000,0.8351],[1474905600000,0.6724],[1474992000000,0.6719],[1475078400000,0.6695],[1475164800000,0.6726],[1475942400000,6.2524],[1476028800000,0.6756],[1476115200000,0.6706],[1476201600000,0.8899],[1476288000000,0.6691],[1476374400000,0.6752],[1476547200000,1.3382],[1476633600000,0.7198],[1476720000000,0.6718],[1476806400000,0.6742],[1476892800000,0.7354],[1476979200000,0.6761],[1477152000000,1.3521],[1477238400000,0.7033],[1477324800000,0.7168],[1477411200000,1.0577],[1477497600000,0.6782],[1477584000000,0.6819],[1477756800000,1.339],[1477843200000,1.0251],[1477929600000,3.3851],[1478016000000,0.662],[1478102400000,0.6618],[1478188800000,0.6657],[1478361600000,1.2998],[1478448000000,1.1723],[1478534400000,0.6644],[1478620800000,0.6598],[1478707200000,0.6632],[1478793600000,0.6646],[1478966400000,1.3217],[1479052800000,0.6599],[1479139200000,0.6542],[1479225600000,0.6511],[1479312000000,3.5609],[1479398400000,0.6956],[1479571200000,1.2846],[1479657600000,0.6883],[1479744000000,0.6911],[1479830400000,0.6912],[1479916800000,0.6904],[1480003200000,0.6441],[1480176000000,1.1947],[1480262400000,0.7014],[1480348800000,0.6533],[1480435200000,0.7168],[1480521600000,0.7184],[1480608000000,0.4109],[1480780800000,1.3742],[1480867200000,0.7387],[1480953600000,0.7344],[1481040000000,0.7369],[1481126400000,0.7716],[1481212800000,0.7718],[1481385600000,1.5428],[1481472000000,0.7735],[1481558400000,0.7586],[1481644800000,0.7707],[1481731200000,0.3781],[1481817600000,0.8555],[1481990400000,1.7093],[1482076800000,0.9399],[1482163200000,0.0488],[1482249600000,1.0462],[1482336000000,1.0453],[1482422400000,1.0452],[1482595200000,2.0906],[1482681600000,1.0929],[1482768000000,1.0429],[1482854400000,1.0528],[1482940800000,1.0506],[1483027200000,1.0533],[1483113600000,1.0526],[1483286400000,2.1044],[1483372800000,1.0555],[1483459200000,1.0518],[1483545600000,1.0549],[1483632000000,1.1515],[1483804800000,2.1013],[1483891200000,1.0506],[1483977600000,1.0516],[1484064000000,1.0527],[1484150400000,1.5783],[1484236800000,1.0405],[1484409600000,2.0323],[1484496000000,1.0649],[1484582400000,1.0914],[1484668800000,1.0694],[1484755200000,1.0665],[1484841600000,1.0659],[1485014400000,2.088],[1485100800000,1.0761],[1485187200000,1.0805],[1485273600000,1.2001],[1485360000000,1.2311],[1485964800000,7.609],[1486051200000,1.0902],[1486224000000,2.6828],[1486310400000,1.0909],[1486396800000,1.1014],[1486483200000,1.1005],[1486569600000,1.3504],[1486656000000,1.8116],[1486828800000,2.1097],[1486915200000,1.3535],[1487001600000,1.0707],[1487088000000,1.0687],[1487174400000,1.0723],[1487260800000,1.0722],[1487433600000,2.1276],[1487520000000,1.0656],[1487606400000,1.067],[1487692800000,1.0676],[1487779200000,1.065],[1487865600000,1.0789],[1488038400000,2.1396],[1488124800000,1.0742],[1488211200000,1.0638],[1488297600000,1.0625],[1488384000000,1.0608],[1488470400000,1.0634],[1488643200000,2.1244],[1488729600000,1.0637],[1488816000000,1.0547],[1488902400000,1.0633],[1488988800000,1.0637],[1489075200000,1.0661],[1489248000000,2.1242],[1489334400000,1.0669],[1489420800000,1.0663],[1489507200000,1.0672],[1489593600000,1.0666],[1489680000000,1.0663],[1489852800000,2.1208],[1489939200000,1.0646],[1490025600000,1.0654],[1490112000000,1.0653],[1490198400000,1.065],[1490284800000,1.0644],[1490457600000,2.128],[1490544000000,1.0668],[1490630400000,1.0643],[1490716800000,1.0645],[1490803200000,1.0647],[1490889600000,1.0686],[1491235200000,4.2704],[1491321600000,1.0672],[1491408000000,1.0319],[1491494400000,0.9899],[1491667200000,1.9794],[1491753600000,1.0393],[1491840000000,1.0393],[1491926400000,1.0351],[1492012800000,1.012],[1492099200000,1.0315],[1492272000000,1.956],[1492358400000,1.1462],[1492444800000,1.0198],[1492531200000,1.0202],[1492617600000,1.0209],[1492704000000,1.0003],[1492876800000,1.9123],[1492963200000,0.9843],[1493049600000,1.0316],[1493136000000,1.0588],[1493222400000,1.0345],[1493308800000,1.0358],[1493568000000,2.8572],[1493654400000,0.9921],[1493740800000,0.9898],[1493827200000,0.9891],[1493913600000,0.986],[1494086400000,1.966],[1494172800000,0.9956],[1494259200000,0.9813],[1494345600000,0.8101],[1494432000000,0.985],[1494518400000,0.9877],[1494691200000,1.9755],[1494777600000,0.9876],[1494864000000,0.9864],[1494950400000,0.987],[1495036800000,0.9914],[1495123200000,0.9906],[1495296000000,1.9817],[1495382400000,0.9921],[1495468800000,0.992],[1495555200000,0.995],[1495641600000,0.9939],[1495728000000,0.9957],[1496073600000,3.9446],[1496160000000,0.9951],[1496246400000,0.9958],[1496332800000,0.9973],[1496505600000,1.9974],[1496592000000,0.999],[1496678400000,0.993],[1496764800000,0.9948],[1496851200000,0.9967],[1496937600000,0.9967],[1497110400000,1.9946],[1497196800000,0.9965],[1497283200000,0.9977],[1497369600000,0.9633],[1497456000000,0.9464],[1497542400000,0.9735],[1497715200000,1.9476],[1497801600000,0.9625],[1497888000000,0.9508],[1497974400000,0.9808],[1498060800000,0.9813],[1498147200000,0.9819],[1498320000000,1.9654],[1498406400000,0.9911],[1498492800000,1.0162],[1498579200000,1.0192],[1498665600000,1.0535],[1498752000000,1.0426],[1498924800000,2.1125],[1499011200000,1.0363],[1499097600000,0.9808],[1499184000000,1.0074],[1499270400000,0.9309],[1499356800000,0.9624],[1499529600000,1.9221],[1499616000000,2.2457],[1499702400000,0.9634],[1499788800000,0.9433],[1499875200000,0.939],[1499961600000,0.9394],[1500134400000,1.8276],[1500220800000,3.2127],[1500307200000,0.9578],[1500393600000,0.9586],[1500480000000,0.9582],[1500566400000,0.9582],[1500739200000,1.9151],[1500825600000,0.9129],[1500912000000,0.9907],[1500998400000,0.9899],[1501084800000,1.0008],[1501171200000,1.0042],[1501344000000,1.9414],[1501430400000,1.0105],[1501516800000,0.999],[1501603200000,0.9939],[1501689600000,1.0625],[1501776000000,1.0027],[1501948800000,2.0062],[1502035200000,1.0365],[1502121600000,0.9756],[1502208000000,1.0059],[1502294400000,0.996],[1502380800000,0.9892],[1502553600000,1.9789],[1502640000000,0.9837],[1502726400000,0.9832],[1502812800000,0.9783],[1502899200000,0.9957],[1502985600000,0.9994],[1503158400000,1.9685],[1503244800000,1.9937],[1503331200000,1.0098],[1503417600000,1.0091],[1503504000000,0.9669],[1503590400000,1.3044],[1503763200000,1.9915],[1503849600000,1.1325],[1503936000000,1.017],[1504022400000,1.0323],[1504108800000,1.0173],[1504195200000,1.0157],[1504368000000,2.0321],[1504454400000,1.0144],[1504540800000,1.002],[1504627200000,1.0029],[1504713600000,1.0015],[1504800000000,1.0319],[1504972800000,1.7711],[1505059200000,1.018],[1505145600000,1.0377],[1505232000000,1.0399],[1505318400000,1.0475],[1505404800000,1.0438],[1505577600000,2.0952],[1505664000000,1.0468],[1505750400000,1.0545],[1505836800000,1.0451],[1505923200000,1.0573],[1506009600000,1.075],[1506182400000,2.1507],[1506268800000,1.075],[1506355200000,1.0712],[1506441600000,1.0647],[1506528000000,1.0696],[1506614400000,1.7048],[1507392000000,9.761],[1507478400000,1.0783],[1507564800000,1.0408],[1507651200000,1.072],[1507737600000,1.0978],[1507824000000,1.0487],[1507996800000,2.0982],[1508083200000,1.0501],[1508169600000,1.0544],[1508256000000,1.0585],[1508342400000,1.0812],[1508428800000,1.084],[1508601600000,2.1656],[1508688000000,1.0744],[1508774400000,1.0785],[1508860800000,1.0697],[1508947200000,1.0652],[1509033600000,1.051],[1509206400000,2.1031],[1509292800000,1.2208],[1509379200000,1.033],[1509465600000,1.0465],[1509552000000,1.0239],[1509638400000,1.0115],[1509811200000,2.0202],[1509897600000,1.0702],[1509984000000,1.1082],[1510070400000,1.0893],[1510156800000,1.1019],[1510243200000,1.0857],[1510416000000,2.1636],[1510502400000,1.0378],[1510588800000,0.9602],[1510675200000,1.0288],[1510761600000,1.0503],[1510848000000,1.0632],[1511020800000,2.1275],[1511107200000,1.0771],[1511193600000,1.0314],[1511280000000,1.025],[1511366400000,0.9284],[1511452800000,1.1203],[1511625600000,2.238],[1511712000000,1.1409],[1511798400000,1.1621],[1511884800000,1.1388],[1511971200000,1.2141],[1512057600000,1.1975],[1512230400000,2.3933],[1512316800000,0.9284],[1512403200000,1.1456],[1512489600000,1.1828],[1512576000000,1.1518],[1512662400000,0.9332],[1512835200000,2.2472],[1512921600000,1.1097],[1513008000000,1.0992],[1513094400000,1.1077],[1513180800000,1.1265],[1513267200000,0.9798],[1513440000000,2.3601],[1513526400000,0.9622],[1513612800000,0.9669],[1513699200000,1.1501],[1513785600000,0.7914],[1513872000000,1.1114],[1514044800000,2.2237],[1514131200000,0.7198],[1514217600000,1.0577],[1514304000000,1.0784],[1514390400000,0.7576],[1514476800000,0.754],[1514649600000,2.7252],[1514736000000,1.3612],[1514822400000,1.3762],[1514908800000,1.391],[1514995200000,1.393],[1515081600000,0.8505],[1515254400000,2.757],[1515340800000,1.365],[1515427200000,1.363],[1515513600000,1.3021],[1515600000000,0.7597],[1515686400000,1.4886],[1515859200000,2.3691],[1515945600000,1.1471],[1516032000000,1.1761],[1516118400000,1.4559],[1516204800000,1.1564],[1516291200000,1.1719],[1516464000000,2.3437],[1516550400000,1.1763],[1516636800000,1.2049],[1516723200000,1.2343],[1516809600000,1.2254],[1516896000000,1.2251],[1517068800000,2.4472],[1517155200000,1.1591],[1517241600000,1.1454],[1517328000000,1.1424],[1517414400000,1.2081],[1517500800000,1.2079],[1517673600000,2.4156],[1517760000000,1.2006],[1517846400000,1.1666]];
/*基金收益走势图   7日年化收益率*/
var Data_sevenDaysYearIncome = [[1446739200000,1.91],[1446912000000,2.075],[1446998400000,2.108],[1447084800000,2.133],[1447171200000,2.148],[1447257600000,2.23],[1447344000000,2.201],[1447516800000,2.123],[1447603200000,2.084],[1447689600000,2.062],[1447776000000,2.047],[1447862400000,2.026],[1447948800000,2.079],[1448121600000,2.187],[1448208000000,2.239],[1448294400000,2.282],[1448380800000,2.321],[1448467200000,2.353],[1448553600000,2.321],[1448726400000,2.25],[1448812800000,2.199],[1448899200000,2.137],[1448985600000,2.089],[1449072000000,2.037],[1449158400000,2.005],[1449331200000,1.956],[1449417600000,1.95],[1449504000000,1.942],[1449590400000,1.978],[1449676800000,2.024],[1449763200000,2.081],[1449936000000,2.176],[1450022400000,2.224],[1450108800000,2.273],[1450195200000,2.254],[1450281600000,2.26],[1450368000000,2.239],[1450540800000,2.208],[1450627200000,2.209],[1450713600000,2.256],[1450800000000,2.329],[1450886400000,2.383],[1450972800000,2.42],[1451145600000,2.454],[1451232000000,2.455],[1451318400000,2.415],[1451404800000,2.372],[1451491200000,2.331],[1451750400000,2.368],[1451836800000,2.387],[1451923200000,2.384],[1452009600000,2.364],[1452096000000,2.346],[1452182400000,2.329],[1452355200000,2.297],[1452441600000,2.283],[1452528000000,2.287],[1452614400000,2.286],[1452700800000,2.288],[1452787200000,2.282],[1452960000000,2.285],[1453046400000,2.283],[1453132800000,2.292],[1453219200000,2.305],[1453305600000,2.315],[1453392000000,2.302],[1453564800000,2.321],[1453651200000,2.333],[1453737600000,2.654],[1453824000000,2.663],[1453910400000,2.682],[1453996800000,2.72],[1454169600000,2.736],[1454256000000,2.742],[1454342400000,2.426],[1454428800000,2.429],[1454515200000,2.42],[1454601600000,2.432],[1455379200000,2.408],[1455465600000,2.421],[1455552000000,2.42],[1455638400000,2.423],[1455724800000,2.412],[1455811200000,2.416],[1455984000000,2.426],[1456070400000,2.371],[1456156800000,2.395],[1456243200000,2.4],[1456329600000,2.414],[1456416000000,2.522],[1456588800000,2.534],[1456675200000,2.571],[1456761600000,2.573],[1456848000000,2.583],[1456934400000,2.6],[1457020800000,2.503],[1457193600000,2.503],[1457280000000,2.525],[1457366400000,2.521],[1457452800000,2.521],[1457539200000,2.506],[1457625600000,2.508],[1457798400000,2.518],[1457884800000,2.531],[1457971200000,2.527],[1458057600000,2.525],[1458144000000,2.522],[1458230400000,2.5],[1458403200000,2.482],[1458489600000,2.445],[1458576000000,2.42],[1458662400000,2.411],[1458748800000,2.428],[1458835200000,2.443],[1459008000000,2.444],[1459094400000,2.494],[1459180800000,2.504],[1459267200000,2.504],[1459353600000,2.481],[1459440000000,2.474],[1459699200000,2.42],[1459785600000,2.647],[1459872000000,2.645],[1459958400000,2.667],[1460044800000,2.685],[1460217600000,2.717],[1460304000000,2.731],[1460390400000,2.515],[1460476800000,2.523],[1460563200000,2.524],[1460649600000,2.522],[1460822400000,2.526],[1460908800000,2.529],[1460995200000,2.534],[1461081600000,2.561],[1461168000000,2.552],[1461254400000,2.539],[1461427200000,2.514],[1461513600000,2.518],[1461600000000,2.763],[1461686400000,2.745],[1461772800000,2.754],[1461859200000,2.764],[1462118400000,2.777],[1462204800000,2.532],[1462291200000,2.552],[1462377600000,2.534],[1462464000000,2.534],[1462636800000,2.543],[1462723200000,2.546],[1462809600000,2.546],[1462896000000,2.528],[1462982400000,2.549],[1463068800000,2.552],[1463241600000,2.551],[1463328000000,2.596],[1463414400000,2.597],[1463500800000,2.591],[1463587200000,2.586],[1463673600000,2.58],[1463846400000,2.456],[1463932800000,2.407],[1464019200000,2.389],[1464105600000,2.387],[1464192000000,2.442],[1464278400000,2.458],[1464451200000,2.55],[1464537600000,2.765],[1464624000000,2.786],[1464710400000,2.795],[1464796800000,2.748],[1464883200000,2.738],[1465056000000,2.769],[1465142400000,2.557],[1465228800000,2.556],[1465315200000,2.553],[1465660800000,2.544],[1465747200000,2.544],[1465833600000,2.543],[1465920000000,2.545],[1466006400000,2.546],[1466092800000,2.548],[1466265600000,2.55],[1466352000000,2.6],[1466438400000,2.599],[1466524800000,2.599],[1466611200000,2.598],[1466697600000,2.598],[1466870400000,2.595],[1466956800000,2.583],[1467043200000,2.582],[1467129600000,2.581],[1467216000000,2.578],[1467302400000,2.576],[1467475200000,2.574],[1467561600000,2.535],[1467648000000,2.533],[1467734400000,2.532],[1467820800000,2.534],[1467907200000,2.536],[1468080000000,2.54],[1468166400000,2.539],[1468252800000,2.696],[1468339200000,2.697],[1468425600000,2.696],[1468512000000,2.695],[1468684800000,2.665],[1468771200000,2.694],[1468857600000,2.54],[1468944000000,2.631],[1469030400000,2.635],[1469116800000,2.636],[1469289600000,2.667],[1469376000000,2.712],[1469462400000,3.401],[1469548800000,3.314],[1469635200000,3.319],[1469721600000,3.327],[1469894400000,3.338],[1469980800000,3.272],[1470067200000,2.588],[1470153600000,2.589],[1470240000000,2.604],[1470326400000,2.599],[1470499200000,2.597],[1470585600000,2.594],[1470672000000,2.595],[1470758400000,2.595],[1470844800000,2.58],[1470931200000,2.58],[1471104000000,2.546],[1471190400000,2.547],[1471276800000,2.547],[1471363200000,2.544],[1471449600000,2.539],[1471536000000,2.537],[1471708800000,2.447],[1471795200000,2.571],[1471881600000,2.553],[1471968000000,2.525],[1472054400000,2.508],[1472140800000,2.596],[1472313600000,2.609],[1472400000000,2.466],[1472486400000,2.475],[1472572800000,2.492],[1472659200000,2.863],[1472745600000,2.759],[1472918400000,2.815],[1473004800000,2.689],[1473091200000,2.839],[1473177600000,2.829],[1473264000000,2.464],[1473350400000,2.466],[1473523200000,2.49],[1473609600000,2.619],[1473696000000,2.456],[1473782400000,2.459],[1474128000000,2.446],[1474214400000,2.452],[1474300800000,2.461],[1474387200000,2.468],[1474473600000,2.473],[1474560000000,2.48],[1474732800000,2.494],[1474819200000,2.577],[1474905600000,2.576],[1474992000000,2.574],[1475078400000,2.574],[1475164800000,2.572],[1475942400000,2.591],[1476028800000,2.593],[1476115200000,2.593],[1476201600000,2.71],[1476288000000,2.708],[1476374400000,2.71],[1476547200000,2.598],[1476633600000,2.621],[1476720000000,2.622],[1476806400000,2.507],[1476892800000,2.542],[1476979200000,2.543],[1477152000000,2.55],[1477238400000,2.541],[1477324800000,2.565],[1477411200000,2.771],[1477497600000,2.74],[1477584000000,2.743],[1477756800000,2.736],[1477843200000,2.909],[1477929600000,4.35],[1478016000000,4.135],[1478102400000,4.126],[1478188800000,4.117],[1478361600000,4.096],[1478448000000,4.176],[1478534400000,2.709],[1478620800000,2.708],[1478707200000,2.708],[1478793600000,2.708],[1478966400000,2.719],[1479052800000,2.445],[1479139200000,2.44],[1479225600000,2.435],[1479312000000,3.994],[1479398400000,4.011],[1479571200000,3.991],[1479657600000,4.007],[1479744000000,4.027],[1479830400000,4.048],[1479916800000,2.503],[1480003200000,2.475],[1480176000000,2.427],[1480262400000,2.434],[1480348800000,2.414],[1480435200000,2.428],[1480521600000,2.443],[1480608000000,2.318],[1480780800000,2.414],[1480867200000,2.434],[1480953600000,2.477],[1481040000000,2.488],[1481126400000,2.517],[1481212800000,2.71],[1481385600000,2.8],[1481472000000,2.819],[1481558400000,2.832],[1481644800000,2.85],[1481731200000,2.639],[1481817600000,2.684],[1481990400000,2.773],[1482076800000,2.862],[1482163200000,2.482],[1482249600000,2.629],[1482336000000,2.987],[1482422400000,3.089],[1482595200000,3.294],[1482681600000,3.377],[1482768000000,3.914],[1482854400000,3.917],[1482940800000,3.92],[1483027200000,3.925],[1483113600000,3.929],[1483286400000,3.91],[1483372800000,3.917],[1483459200000,3.917],[1483545600000,3.919],[1483632000000,3.972],[1483804800000,3.97],[1483891200000,3.969],[1483977600000,3.967],[1484064000000,3.968],[1484150400000,4.252],[1484236800000,4.192],[1484409600000,4.154],[1484496000000,4.162],[1484582400000,4.183],[1484668800000,4.192],[1484755200000,3.915],[1484841600000,3.929],[1485014400000,3.959],[1485100800000,3.965],[1485187200000,3.959],[1485273600000,4.03],[1485360000000,4.119],[1485964800000,4.047],[1486051200000,4.049],[1486224000000,4.325],[1486310400000,4.327],[1486396800000,4.335],[1486483200000,4.342],[1486569600000,4.486],[1486656000000,4.88],[1486828800000,4.567],[1486915200000,4.71],[1487001600000,4.693],[1487088000000,4.676],[1487174400000,4.524],[1487260800000,4.122],[1487433600000,4.132],[1487520000000,3.976],[1487606400000,3.974],[1487692800000,3.973],[1487779200000,3.969],[1487865600000,3.973],[1488038400000,3.979],[1488124800000,3.984],[1488211200000,3.982],[1488297600000,3.979],[1488384000000,3.977],[1488470400000,3.969],[1488643200000,3.96],[1488729600000,3.955],[1488816000000,3.95],[1488902400000,3.95],[1488988800000,3.952],[1489075200000,3.953],[1489248000000,3.953],[1489334400000,3.955],[1489420800000,3.961],[1489507200000,3.963],[1489593600000,3.965],[1489680000000,3.965],[1489852800000,3.963],[1489939200000,3.962],[1490025600000,3.961],[1490112000000,3.96],[1490198400000,3.96],[1490284800000,3.958],[1490457600000,3.962],[1490544000000,3.964],[1490630400000,3.963],[1490716800000,3.962],[1490803200000,3.962],[1490889600000,3.965],[1491235200000,3.971],[1491321600000,3.972],[1491408000000,3.954],[1491494400000,3.912],[1491667200000,3.827],[1491753600000,3.812],[1491840000000,3.797],[1491926400000,3.779],[1492012800000,3.769],[1492099200000,3.791],[1492272000000,3.778],[1492358400000,3.836],[1492444800000,3.826],[1492531200000,3.818],[1492617600000,3.822],[1492704000000,3.806],[1492876800000,3.782],[1492963200000,3.694],[1493049600000,3.701],[1493136000000,3.722],[1493222400000,3.729],[1493308800000,3.748],[1493568000000,3.727],[1493654400000,3.706],[1493740800000,3.668],[1493827200000,3.644],[1493913600000,3.617],[1494086400000,3.65],[1494172800000,3.673],[1494259200000,3.667],[1494345600000,3.57],[1494432000000,3.568],[1494518400000,3.569],[1494691200000,3.574],[1494777600000,3.57],[1494864000000,3.573],[1494950400000,3.668],[1495036800000,3.672],[1495123200000,3.673],[1495296000000,3.677],[1495382400000,3.679],[1495468800000,3.682],[1495555200000,3.686],[1495641600000,3.688],[1495728000000,3.69],[1496073600000,3.679],[1496160000000,3.679],[1496246400000,3.68],[1496332800000,3.681],[1496505600000,3.688],[1496592000000,3.698],[1496678400000,3.705],[1496764800000,3.705],[1496851200000,3.705],[1496937600000,3.705],[1497110400000,3.704],[1497196800000,3.702],[1497283200000,3.705],[1497369600000,3.688],[1497456000000,3.661],[1497542400000,3.648],[1497715200000,3.623],[1497801600000,3.604],[1497888000000,3.579],[1497974400000,3.588],[1498060800000,3.607],[1498147200000,3.612],[1498320000000,3.621],[1498406400000,3.637],[1498492800000,3.672],[1498579200000,3.693],[1498665600000,3.732],[1498752000000,3.765],[1498924800000,3.844],[1499011200000,3.869],[1499097600000,3.85],[1499184000000,3.843],[1499270400000,3.777],[1499356800000,3.734],[1499529600000,3.631],[1499616000000,4.286],[1499702400000,4.277],[1499788800000,4.242],[1499875200000,4.246],[1499961600000,4.234],[1500134400000,4.182],[1500220800000,4.709],[1500307200000,4.706],[1500393600000,4.714],[1500480000000,4.725],[1500566400000,4.735],[1500739200000,4.783],[1500825600000,3.534],[1500912000000,3.552],[1500998400000,3.569],[1501084800000,3.592],[1501171200000,3.616],[1501344000000,3.631],[1501430400000,3.683],[1501516800000,3.688],[1501603200000,3.69],[1501689600000,3.723],[1501776000000,3.723],[1501948800000,3.758],[1502035200000,3.772],[1502121600000,3.759],[1502208000000,3.766],[1502294400000,3.73],[1502380800000,3.722],[1502553600000,3.708],[1502640000000,3.679],[1502726400000,3.683],[1502812800000,3.668],[1502899200000,3.668],[1502985600000,3.674],[1503158400000,3.668],[1503244800000,4.215],[1503331200000,4.23],[1503417600000,4.246],[1503504000000,4.231],[1503590400000,4.397],[1503763200000,4.409],[1503849600000,3.941],[1503936000000,3.945],[1504022400000,3.958],[1504108800000,3.985],[1504195200000,3.829],[1504368000000,3.851],[1504454400000,3.787],[1504540800000,3.779],[1504627200000,3.763],[1504713600000,3.754],[1504800000000,3.763],[1504972800000,3.622],[1505059200000,3.624],[1505145600000,3.643],[1505232000000,3.663],[1505318400000,3.688],[1505404800000,3.695],[1505577600000,3.87],[1505664000000,3.885],[1505750400000,3.895],[1505836800000,3.897],[1505923200000,3.903],[1506009600000,3.92],[1506182400000,3.95],[1506268800000,3.965],[1506355200000,3.974],[1506441600000,3.985],[1506528000000,3.991],[1506614400000,4.333],[1507392000000,4.038],[1507478400000,4.034],[1507564800000,4.011],[1507651200000,4.004],[1507737600000,4.011],[1507824000000,3.991],[1507996800000,3.953],[1508083200000,3.938],[1508169600000,3.945],[1508256000000,3.938],[1508342400000,3.929],[1508428800000,3.948],[1508601600000,3.985],[1508688000000,3.998],[1508774400000,4.011],[1508860800000,4.017],[1508947200000,4.008],[1509033600000,3.99],[1509206400000,3.957],[1509292800000,4.036],[1509379200000,4.011],[1509465600000,3.999],[1509552000000,3.976],[1509638400000,3.955],[1509811200000,3.91],[1509897600000,3.828],[1509984000000,3.869],[1510070400000,3.892],[1510156800000,3.934],[1510243200000,3.975],[1510416000000,4.052],[1510502400000,4.035],[1510588800000,3.955],[1510675200000,3.922],[1510761600000,3.894],[1510848000000,3.882],[1511020800000,3.862],[1511107200000,3.883],[1511193600000,3.922],[1511280000000,3.92],[1511366400000,3.854],[1511452800000,3.885],[1511625600000,3.945],[1511712000000,3.979],[1511798400000,4.05],[1511884800000,4.112],[1511971200000,4.267],[1512057600000,4.309],[1512230400000,4.394],[1512316800000,4.278],[1512403200000,4.269],[1512489600000,4.293],[1512576000000,4.259],[1512662400000,4.116],[1512835200000,4.036],[1512921600000,4.135],[1513008000000,4.109],[1513094400000,4.069],[1513180800000,4.055],[1513267200000,4.08],[1513440000000,4.142],[1513526400000,4.061],[1513612800000,3.99],[1513699200000,4.013],[1513785600000,3.831],[1513872000000,3.902],[1514044800000,3.829],[1514131200000,3.697],[1514217600000,3.746],[1514304000000,3.708],[1514390400000,3.689],[1514476800000,3.496],[1514649600000,3.767],[1514736000000,4.115],[1514822400000,4.288],[1514908800000,4.458],[1514995200000,4.805],[1515081600000,4.857],[1515254400000,4.875],[1515340800000,4.877],[1515427200000,4.87],[1515513600000,4.821],[1515600000000,4.476],[1515686400000,4.824],[1515859200000,4.612],[1515945600000,4.493],[1516032000000,4.391],[1516118400000,4.475],[1516204800000,4.691],[1516291200000,4.519],[1516464000000,4.505],[1516550400000,4.521],[1516636800000,4.537],[1516723200000,4.416],[1516809600000,4.453],[1516896000000,4.482],[1517068800000,4.539],[1517155200000,4.529],[1517241600000,4.497],[1517328000000,4.447],[1517414400000,4.437],[1517500800000,4.428],[1517673600000,4.411],[1517760000000,4.433],[1517846400000,4.445]];
/*资产配置*/
var Data_assetAllocationCurrency ={"categories":["12-31","09-30","06-30","03-31"],"series":[{"name":"股票","data":[null,null,null,null]},{"name":"债券","data":[65.28,82.27,80.14,90.04]},{"name":"现金","data":[15.74,4.27,0.3,0.21]}]};
/*累计收益率走势*/
var Data_grandTotal = [{"name":"兴全天添益货币A","data":[[1501948800000,0],[1502035200000,0.01],[1502121600000,0.02],[1502208000000,0.03],[1502294400000,0.04],[1502380800000,0.05],[1502553600000,0.07],[1502640000000,0.08],[1502726400000,0.09],[1502812800000,0.10],[1502899200000,0.11],[1502985600000,0.12],[1503158400000,0.14],[1503244800000,0.16],[1503331200000,0.17],[1503417600000,0.18],[1503504000000,0.19],[1503590400000,0.20],[1503763200000,0.22],[1503849600000,0.23],[1503936000000,0.24],[1504022400000,0.25],[1504108800000,0.26],[1504195200000,0.27],[1504368000000,0.29],[1504454400000,0.30],[1504540800000,0.31],[1504627200000,0.32],[1504713600000,0.33],[1504800000000,0.35],[1504972800000,0.36],[1505059200000,0.37],[1505145600000,0.38],[1505232000000,0.39],[1505318400000,0.40],[1505404800000,0.42],[1505577600000,0.44],[1505664000000,0.45],[1505750400000,0.46],[1505836800000,0.47],[1505923200000,0.48],[1506009600000,0.49],[1506182400000,0.51],[1506268800000,0.52],[1506355200000,0.53],[1506441600000,0.54],[1506528000000,0.55],[1506614400000,0.57],[1507392000000,0.67],[1507478400000,0.68],[1507564800000,0.69],[1507651200000,0.70],[1507737600000,0.71],[1507824000000,0.72],[1507996800000,0.74],[1508083200000,0.75],[1508169600000,0.77],[1508256000000,0.78],[1508342400000,0.79],[1508428800000,0.80],[1508601600000,0.82],[1508688000000,0.83],[1508774400000,0.84],[1508860800000,0.85],[1508947200000,0.86],[1509033600000,0.87],[1509206400000,0.89],[1509292800000,0.91],[1509379200000,0.92],[1509465600000,0.93],[1509552000000,0.94],[1509638400000,0.95],[1509811200000,0.97],[1509897600000,0.98],[1509984000000,0.99],[1510070400000,1.00],[1510156800000,1.01],[1510243200000,1.02],[1510416000000,1.05],[1510502400000,1.06],[1510588800000,1.07],[1510675200000,1.08],[1510761600000,1.09],[1510848000000,1.10],[1511020800000,1.12],[1511107200000,1.13],[1511193600000,1.14],[1511280000000,1.15],[1511366400000,1.16],[1511452800000,1.17],[1511625600000,1.19],[1511712000000,1.21],[1511798400000,1.22],[1511884800000,1.23],[1511971200000,1.24],[1512057600000,1.25],[1512230400000,1.28],[1512316800000,1.29],[1512403200000,1.30],[1512489600000,1.31],[1512576000000,1.32],[1512662400000,1.33],[1512835200000,1.35],[1512921600000,1.37],[1513008000000,1.38],[1513094400000,1.39],[1513180800000,1.40],[1513267200000,1.41],[1513440000000,1.43],[1513526400000,1.44],[1513612800000,1.45],[1513699200000,1.46],[1513785600000,1.47],[1513872000000,1.48],[1514044800000,1.51],[1514131200000,1.51],[1514217600000,1.52],[1514304000000,1.54],[1514390400000,1.54],[1514476800000,1.55],[1514649600000,1.58],[1514736000000,1.59],[1514822400000,1.61],[1514908800000,1.62],[1514995200000,1.63],[1515081600000,1.64],[1515254400000,1.67],[1515340800000,1.69],[1515427200000,1.70],[1515513600000,1.71],[1515600000000,1.72],[1515686400000,1.74],[1515859200000,1.76],[1515945600000,1.77],[1516032000000,1.78],[1516118400000,1.80],[1516204800000,1.81],[1516291200000,1.82],[1516464000000,1.85],[1516550400000,1.86],[1516636800000,1.87],[1516723200000,1.88],[1516809600000,1.89],[1516896000000,1.91],[1517068800000,1.93],[1517155200000,1.94],[1517241600000,1.96],[1517328000000,1.97],[1517414400000,1.98],[1517500800000,1.99],[1517673600000,2.02],[1517760000000,2.03],[1517846400000,2.04]]},{"name":"同类平均","data":[[1502035200000,0],[1502121600000,0.01],[1502208000000,0.02],[1502294400000,0.03],[1502380800000,0.04],[1502640000000,0.07],[1502726400000,0.08],[1502812800000,0.09],[1502899200000,0.10],[1502985600000,0.11],[1503244800000,0.14],[1503331200000,0.16],[1503417600000,0.17],[1503504000000,0.18],[1503590400000,0.19],[1503849600000,0.22],[1503936000000,0.23],[1504022400000,0.24],[1504108800000,0.25],[1504195200000,0.26],[1504454400000,0.29],[1504540800000,0.30],[1504627200000,0.31],[1504713600000,0.32],[1504800000000,0.34],[1505059200000,0.37],[1505145600000,0.38],[1505232000000,0.39],[1505318400000,0.40],[1505404800000,0.41],[1505664000000,0.44],[1505750400000,0.45],[1505836800000,0.46],[1505923200000,0.47],[1506009600000,0.48],[1506268800000,0.52],[1506355200000,0.53],[1506441600000,0.54],[1506528000000,0.55],[1506614400000,0.56],[1507478400000,0.67],[1507564800000,0.68],[1507651200000,0.69],[1507737600000,0.71],[1507824000000,0.72],[1508083200000,0.75],[1508169600000,0.76],[1508256000000,0.77],[1508342400000,0.78],[1508428800000,0.79],[1508688000000,0.82],[1508774400000,0.83],[1508860800000,0.84],[1508947200000,0.85],[1509033600000,0.86],[1509292800000,0.90],[1509379200000,0.91],[1509465600000,0.92],[1509552000000,0.93],[1509638400000,0.94],[1509897600000,0.97],[1509984000000,0.98],[1510070400000,0.99],[1510156800000,1.00],[1510243200000,1.01],[1510502400000,1.04],[1510588800000,1.06],[1510675200000,1.07],[1510761600000,1.08],[1510848000000,1.09],[1511107200000,1.12],[1511193600000,1.13],[1511280000000,1.14],[1511366400000,1.15],[1511452800000,1.16],[1511712000000,1.20],[1511798400000,1.21],[1511884800000,1.22],[1511971200000,1.23],[1512057600000,1.24],[1512316800000,1.28],[1512403200000,1.29],[1512489600000,1.30],[1512576000000,1.31],[1512662400000,1.32],[1512921600000,1.35],[1513008000000,1.36],[1513094400000,1.38],[1513180800000,1.39],[1513267200000,1.40],[1513526400000,1.43],[1513612800000,1.44],[1513699200000,1.46],[1513785600000,1.47],[1513872000000,1.48],[1514131200000,1.51],[1514217600000,1.53],[1514304000000,1.54],[1514390400000,1.55],[1514476800000,1.57],[1514822400000,1.62],[1514908800000,1.64],[1514995200000,1.65],[1515081600000,1.66],[1515340800000,1.69],[1515427200000,1.71],[1515513600000,1.72],[1515600000000,1.73],[1515686400000,1.74],[1515945600000,1.77],[1516032000000,1.79],[1516118400000,1.80],[1516204800000,1.81],[1516291200000,1.82],[1516550400000,1.86],[1516636800000,1.87],[1516723200000,1.88],[1516809600000,1.89],[1516896000000,1.90],[1517155200000,1.94],[1517241600000,1.95],[1517328000000,1.96],[1517414400000,1.97],[1517500800000,1.98],[1517760000000,2.02],[1517846400000,2.03]]},{"name":"沪深300","data":[[1502035200000,0],[1502121600000,0.15],[1502208000000,0.11],[1502294400000,-0.29],[1502380800000,-2.13],[1502640000000,-0.86],[1502726400000,-0.56],[1502812800000,-0.68],[1502899200000,-0.15],[1502985600000,-0.06],[1503244800000,0.38],[1503331200000,0.68],[1503417600000,0.79],[1503504000000,0.21],[1503590400000,1.85],[1503849600000,3.11],[1503936000000,2.89],[1504022400000,2.88],[1504108800000,2.56],[1504195200000,2.78],[1504454400000,3.19],[1504540800000,3.50],[1504627200000,3.29],[1504713600000,2.77],[1504800000000,2.66],[1505059200000,2.65],[1505145600000,2.98],[1505232000000,3.11],[1505318400000,2.77],[1505404800000,2.80],[1505664000000,3.12],[1505750400000,2.83],[1505836800000,3.10],[1505923200000,2.98],[1506009600000,2.98],[1506268800000,2.44],[1506355200000,2.52],[1506441600000,2.53],[1506528000000,2.57],[1506614400000,2.94],[1507478400000,4.17],[1507564800000,4.38],[1507651200000,4.72],[1507737600000,5.00],[1507824000000,5.21],[1508083200000,5.01],[1508169600000,5.00],[1508256000000,5.83],[1508342400000,5.49],[1508428800000,5.37],[1508688000000,5.47],[1508774400000,6.24],[1508860800000,6.71],[1508947200000,7.16],[1509033600000,7.92],[1509292800000,7.59],[1509379200000,7.51],[1509465600000,7.24],[1509552000000,7.25],[1509638400000,7.13],[1509897600000,7.89],[1509984000000,8.79],[1510070400000,8.62],[1510156800000,9.37],[1510243200000,10.33],[1510502400000,10.77],[1510588800000,10.00],[1510675200000,9.31],[1510761600000,10.15],[1510848000000,10.57],[1511107200000,11.19],[1511193600000,13.17],[1511280000000,13.44],[1511366400000,10.08],[1511452800000,10.13],[1511712000000,8.67],[1511798400000,8.83],[1511884800000,8.77],[1511971200000,7.49],[1512057600000,7.28],[1512316800000,7.84],[1512403200000,8.41],[1512489600000,7.76],[1512576000000,6.55],[1512662400000,7.42],[1512921600000,9.20],[1513008000000,7.76],[1513094400000,8.67],[1513180800000,8.03],[1513267200000,6.82],[1513526400000,6.94],[1513612800000,8.28],[1513699200000,8.15],[1513785600000,9.15],[1513872000000,8.80],[1514131200000,8.45],[1514217600000,8.77],[1514304000000,7.09],[1514390400000,7.84],[1514476800000,8.16],[1514822400000,9.68],[1514908800000,10.32],[1514995200000,10.79],[1515081600000,11.05],[1515340800000,11.63],[1515427200000,12.41],[1515513600000,12.91],[1515600000000,12.85],[1515686400000,13.37],[1515945600000,13.37],[1516032000000,14.27],[1516118400000,13.99],[1516204800000,14.61],[1516291200000,14.99],[1516550400000,16.36],[1516636800000,17.60],[1516723200000,17.79],[1516809600000,17.13],[1516896000000,17.56],[1517155200000,15.43],[1517241600000,14.20],[1517328000000,14.73],[1517414400000,13.93],[1517500800000,14.61],[1517760000000,14.69],[1517846400000,11.33]]}];
/*同类排名*/
var Data_rateInSimilarType = [{"x":1455465600000,"y":331,"sc":"369"},{"x":1455552000000,"y":330,"sc":"369"},{"x":1455638400000,"y":330,"sc":"369"},{"x":1455724800000,"y":330,"sc":"369"},{"x":1455811200000,"y":330,"sc":"369"},{"x":1456070400000,"y":331,"sc":"369"},{"x":1456156800000,"y":331,"sc":"370"},{"x":1456243200000,"y":334,"sc":"373"},{"x":1456329600000,"y":334,"sc":"373"},{"x":1456416000000,"y":335,"sc":"375"},{"x":1456675200000,"y":333,"sc":"375"},{"x":1456761600000,"y":331,"sc":"376"},{"x":1456848000000,"y":331,"sc":"376"},{"x":1456934400000,"y":331,"sc":"376"},{"x":1457020800000,"y":330,"sc":"376"},{"x":1457280000000,"y":328,"sc":"376"},{"x":1457366400000,"y":327,"sc":"380"},{"x":1457452800000,"y":326,"sc":"380"},{"x":1457539200000,"y":328,"sc":"380"},{"x":1457625600000,"y":328,"sc":"381"},{"x":1457884800000,"y":322,"sc":"381"},{"x":1457971200000,"y":319,"sc":"380"},{"x":1458057600000,"y":322,"sc":"382"},{"x":1458144000000,"y":321,"sc":"383"},{"x":1458230400000,"y":321,"sc":"383"},{"x":1458489600000,"y":319,"sc":"383"},{"x":1458576000000,"y":319,"sc":"385"},{"x":1458662400000,"y":320,"sc":"385"},{"x":1458748800000,"y":319,"sc":"385"},{"x":1458835200000,"y":316,"sc":"391"},{"x":1459094400000,"y":312,"sc":"391"},{"x":1459180800000,"y":305,"sc":"391"},{"x":1459267200000,"y":304,"sc":"391"},{"x":1459353600000,"y":304,"sc":"392"},{"x":1459440000000,"y":302,"sc":"392"},{"x":1459785600000,"y":301,"sc":"392"},{"x":1459872000000,"y":299,"sc":"392"},{"x":1459958400000,"y":297,"sc":"392"},{"x":1460044800000,"y":294,"sc":"392"},{"x":1460304000000,"y":296,"sc":"394"},{"x":1460390400000,"y":295,"sc":"394"},{"x":1460476800000,"y":294,"sc":"394"},{"x":1460563200000,"y":290,"sc":"394"},{"x":1460649600000,"y":289,"sc":"394"},{"x":1460908800000,"y":284,"sc":"394"},{"x":1460995200000,"y":283,"sc":"394"},{"x":1461081600000,"y":282,"sc":"394"},{"x":1461168000000,"y":280,"sc":"394"},{"x":1461254400000,"y":276,"sc":"394"},{"x":1461513600000,"y":274,"sc":"394"},{"x":1461600000000,"y":272,"sc":"394"},{"x":1461686400000,"y":271,"sc":"394"},{"x":1461772800000,"y":269,"sc":"394"},{"x":1461859200000,"y":266,"sc":"394"},{"x":1462204800000,"y":255,"sc":"394"},{"x":1462291200000,"y":253,"sc":"394"},{"x":1462377600000,"y":251,"sc":"400"},{"x":1462464000000,"y":248,"sc":"400"},{"x":1462723200000,"y":233,"sc":"400"},{"x":1462809600000,"y":231,"sc":"400"},{"x":1462896000000,"y":230,"sc":"400"},{"x":1462982400000,"y":222,"sc":"400"},{"x":1463068800000,"y":215,"sc":"400"},{"x":1463328000000,"y":232,"sc":"400"},{"x":1463414400000,"y":233,"sc":"400"},{"x":1463500800000,"y":229,"sc":"400"},{"x":1463587200000,"y":228,"sc":"400"},{"x":1463673600000,"y":226,"sc":"400"},{"x":1463932800000,"y":230,"sc":"400"},{"x":1464019200000,"y":230,"sc":"400"},{"x":1464105600000,"y":229,"sc":"400"},{"x":1464192000000,"y":229,"sc":"400"},{"x":1464278400000,"y":223,"sc":"400"},{"x":1464537600000,"y":214,"sc":"400"},{"x":1464624000000,"y":216,"sc":"400"},{"x":1464710400000,"y":217,"sc":"400"},{"x":1464796800000,"y":212,"sc":"400"},{"x":1464883200000,"y":210,"sc":"400"},{"x":1465142400000,"y":207,"sc":"402"},{"x":1465228800000,"y":206,"sc":"402"},{"x":1465315200000,"y":202,"sc":"402"},{"x":1465747200000,"y":193,"sc":"402"},{"x":1465833600000,"y":191,"sc":"402"},{"x":1465920000000,"y":190,"sc":"403"},{"x":1466006400000,"y":188,"sc":"403"},{"x":1466092800000,"y":186,"sc":"403"},{"x":1466352000000,"y":179,"sc":"403"},{"x":1466438400000,"y":177,"sc":"404"},{"x":1466524800000,"y":173,"sc":"404"},{"x":1466611200000,"y":175,"sc":"404"},{"x":1466697600000,"y":176,"sc":"404"},{"x":1466956800000,"y":169,"sc":"404"},{"x":1467043200000,"y":171,"sc":"404"},{"x":1467129600000,"y":172,"sc":"404"},{"x":1467216000000,"y":167,"sc":"404"},{"x":1467302400000,"y":166,"sc":"404"},{"x":1467561600000,"y":167,"sc":"404"},{"x":1467648000000,"y":172,"sc":"404"},{"x":1467734400000,"y":172,"sc":"404"},{"x":1467820800000,"y":175,"sc":"404"},{"x":1467907200000,"y":175,"sc":"404"},{"x":1468166400000,"y":175,"sc":"404"},{"x":1468252800000,"y":171,"sc":"404"},{"x":1468339200000,"y":170,"sc":"404"},{"x":1468425600000,"y":173,"sc":"404"},{"x":1468512000000,"y":176,"sc":"404"},{"x":1468771200000,"y":179,"sc":"404"},{"x":1468857600000,"y":181,"sc":"404"},{"x":1468944000000,"y":177,"sc":"405"},{"x":1469030400000,"y":175,"sc":"405"},{"x":1469116800000,"y":173,"sc":"405"},{"x":1469376000000,"y":173,"sc":"405"},{"x":1469462400000,"y":150,"sc":"405"},{"x":1469548800000,"y":152,"sc":"405"},{"x":1469635200000,"y":150,"sc":"407"},{"x":1469721600000,"y":151,"sc":"407"},{"x":1469980800000,"y":143,"sc":"407"},{"x":1470067200000,"y":160,"sc":"407"},{"x":1470153600000,"y":159,"sc":"407"},{"x":1470240000000,"y":159,"sc":"409"},{"x":1470326400000,"y":157,"sc":"409"},{"x":1470585600000,"y":160,"sc":"412"},{"x":1470672000000,"y":151,"sc":"413"},{"x":1470758400000,"y":146,"sc":"413"},{"x":1470844800000,"y":142,"sc":"413"},{"x":1470931200000,"y":140,"sc":"413"},{"x":1471190400000,"y":144,"sc":"413"},{"x":1471276800000,"y":141,"sc":"413"},{"x":1471363200000,"y":140,"sc":"414"},{"x":1471449600000,"y":137,"sc":"415"},{"x":1471536000000,"y":136,"sc":"415"},{"x":1471795200000,"y":128,"sc":"416"},{"x":1471881600000,"y":128,"sc":"416"},{"x":1471968000000,"y":128,"sc":"416"},{"x":1472054400000,"y":131,"sc":"416"},{"x":1472140800000,"y":132,"sc":"416"},{"x":1472400000000,"y":140,"sc":"416"},{"x":1472486400000,"y":157,"sc":"416"},{"x":1472572800000,"y":157,"sc":"416"},{"x":1472659200000,"y":130,"sc":"416"},{"x":1472745600000,"y":132,"sc":"417"},{"x":1473004800000,"y":147,"sc":"421"},{"x":1473091200000,"y":133,"sc":"421"},{"x":1473177600000,"y":134,"sc":"421"},{"x":1473264000000,"y":136,"sc":"423"},{"x":1473350400000,"y":137,"sc":"424"},{"x":1473609600000,"y":149,"sc":"424"},{"x":1473696000000,"y":149,"sc":"424"},{"x":1473782400000,"y":149,"sc":"424"},{"x":1474214400000,"y":153,"sc":"424"},{"x":1474300800000,"y":158,"sc":"424"},{"x":1474387200000,"y":156,"sc":"424"},{"x":1474473600000,"y":161,"sc":"427"},{"x":1474560000000,"y":159,"sc":"427"},{"x":1474819200000,"y":158,"sc":"430"},{"x":1474905600000,"y":159,"sc":"430"},{"x":1474992000000,"y":160,"sc":"430"},{"x":1475078400000,"y":163,"sc":"432"},{"x":1475164800000,"y":161,"sc":"432"},{"x":1476028800000,"y":153,"sc":"434"},{"x":1476115200000,"y":152,"sc":"434"},{"x":1476201600000,"y":153,"sc":"435"},{"x":1476288000000,"y":151,"sc":"437"},{"x":1476374400000,"y":147,"sc":"435"},{"x":1476633600000,"y":148,"sc":"436"},{"x":1476720000000,"y":149,"sc":"438"},{"x":1476806400000,"y":145,"sc":"437"},{"x":1476892800000,"y":151,"sc":"437"},{"x":1476979200000,"y":154,"sc":"437"},{"x":1477238400000,"y":156,"sc":"440"},{"x":1477324800000,"y":156,"sc":"440"},{"x":1477411200000,"y":194,"sc":"441"},{"x":1477497600000,"y":192,"sc":"441"},{"x":1477584000000,"y":192,"sc":"445"},{"x":1477843200000,"y":179,"sc":"447"},{"x":1477929600000,"y":103,"sc":"447"},{"x":1478016000000,"y":99,"sc":"447"},{"x":1478102400000,"y":99,"sc":"447"},{"x":1478188800000,"y":106,"sc":"448"},{"x":1478448000000,"y":98,"sc":"450"},{"x":1478534400000,"y":94,"sc":"450"},{"x":1478620800000,"y":97,"sc":"450"},{"x":1478707200000,"y":99,"sc":"450"},{"x":1478793600000,"y":101,"sc":"450"},{"x":1479052800000,"y":107,"sc":"450"},{"x":1479139200000,"y":107,"sc":"450"},{"x":1479225600000,"y":110,"sc":"450"},{"x":1479312000000,"y":51,"sc":"450"},{"x":1479398400000,"y":51,"sc":"450"},{"x":1479657600000,"y":51,"sc":"451"},{"x":1479744000000,"y":53,"sc":"451"},{"x":1479830400000,"y":54,"sc":"451"},{"x":1479916800000,"y":52,"sc":"451"},{"x":1480003200000,"y":53,"sc":"451"},{"x":1480262400000,"y":51,"sc":"451"},{"x":1480348800000,"y":52,"sc":"452"},{"x":1480435200000,"y":50,"sc":"452"},{"x":1480521600000,"y":64,"sc":"452"},{"x":1480608000000,"y":67,"sc":"455"},{"x":1480867200000,"y":64,"sc":"455"},{"x":1480953600000,"y":65,"sc":"455"},{"x":1481040000000,"y":65,"sc":"455"},{"x":1481126400000,"y":65,"sc":"455"},{"x":1481212800000,"y":64,"sc":"456"},{"x":1481472000000,"y":60,"sc":"457"},{"x":1481558400000,"y":57,"sc":"458"},{"x":1481644800000,"y":55,"sc":"458"},{"x":1481731200000,"y":56,"sc":"458"},{"x":1481817600000,"y":52,"sc":"458"},{"x":1482076800000,"y":55,"sc":"458"},{"x":1482163200000,"y":61,"sc":"458"},{"x":1482249600000,"y":57,"sc":"458"},{"x":1482336000000,"y":48,"sc":"459"},{"x":1482422400000,"y":47,"sc":"463"},{"x":1482681600000,"y":48,"sc":"464"},{"x":1482768000000,"y":45,"sc":"464"},{"x":1482854400000,"y":47,"sc":"466"},{"x":1482940800000,"y":45,"sc":"466"},{"x":1483027200000,"y":47,"sc":"469"},{"x":1483372800000,"y":42,"sc":"469"},{"x":1483459200000,"y":41,"sc":"468"},{"x":1483545600000,"y":38,"sc":"469"},{"x":1483632000000,"y":33,"sc":"469"},{"x":1483891200000,"y":35,"sc":"469"},{"x":1483977600000,"y":32,"sc":"469"},{"x":1484064000000,"y":32,"sc":"469"},{"x":1484150400000,"y":31,"sc":"469"},{"x":1484236800000,"y":30,"sc":"469"},{"x":1484496000000,"y":30,"sc":"472"},{"x":1484582400000,"y":26,"sc":"474"},{"x":1484668800000,"y":26,"sc":"476"},{"x":1484755200000,"y":26,"sc":"476"},{"x":1484841600000,"y":26,"sc":"476"},{"x":1485100800000,"y":27,"sc":"481"},{"x":1485187200000,"y":25,"sc":"482"},{"x":1485273600000,"y":25,"sc":"484"},{"x":1485360000000,"y":25,"sc":"485"},{"x":1486051200000,"y":40,"sc":"489"},{"x":1486310400000,"y":38,"sc":"491"},{"x":1486396800000,"y":38,"sc":"491"},{"x":1486483200000,"y":38,"sc":"491"},{"x":1486569600000,"y":36,"sc":"491"},{"x":1486656000000,"y":32,"sc":"494"},{"x":1486915200000,"y":25,"sc":"496"},{"x":1487001600000,"y":26,"sc":"496"},{"x":1487088000000,"y":23,"sc":"496"},{"x":1487174400000,"y":22,"sc":"496"},{"x":1487260800000,"y":43,"sc":"496"},{"x":1487520000000,"y":43,"sc":"496"},{"x":1487606400000,"y":42,"sc":"496"},{"x":1487692800000,"y":41,"sc":"496"},{"x":1487779200000,"y":41,"sc":"498"},{"x":1487865600000,"y":40,"sc":"500"},{"x":1488124800000,"y":40,"sc":"503"},{"x":1488211200000,"y":39,"sc":"503"},{"x":1488297600000,"y":39,"sc":"503"},{"x":1488384000000,"y":35,"sc":"511"},{"x":1488470400000,"y":33,"sc":"511"},{"x":1488729600000,"y":31,"sc":"513"},{"x":1488816000000,"y":32,"sc":"515"},{"x":1488902400000,"y":32,"sc":"516"},{"x":1488988800000,"y":32,"sc":"518"},{"x":1489075200000,"y":31,"sc":"518"},{"x":1489334400000,"y":33,"sc":"518"},{"x":1489420800000,"y":33,"sc":"518"},{"x":1489507200000,"y":31,"sc":"518"},{"x":1489593600000,"y":30,"sc":"520"},{"x":1489680000000,"y":28,"sc":"520"},{"x":1489939200000,"y":25,"sc":"522"},{"x":1490025600000,"y":26,"sc":"522"},{"x":1490112000000,"y":25,"sc":"524"},{"x":1490198400000,"y":29,"sc":"530"},{"x":1490284800000,"y":28,"sc":"530"},{"x":1490544000000,"y":28,"sc":"534"},{"x":1490630400000,"y":27,"sc":"535"},{"x":1490716800000,"y":27,"sc":"535"},{"x":1490803200000,"y":28,"sc":"538"},{"x":1490889600000,"y":29,"sc":"538"},{"x":1491321600000,"y":35,"sc":"538"},{"x":1491408000000,"y":36,"sc":"540"},{"x":1491494400000,"y":35,"sc":"540"},{"x":1491753600000,"y":41,"sc":"540"},{"x":1491840000000,"y":40,"sc":"540"},{"x":1491926400000,"y":47,"sc":"540"},{"x":1492012800000,"y":49,"sc":"541"},{"x":1492099200000,"y":49,"sc":"541"},{"x":1492358400000,"y":52,"sc":"543"},{"x":1492444800000,"y":52,"sc":"543"},{"x":1492531200000,"y":53,"sc":"543"},{"x":1492617600000,"y":51,"sc":"545"},{"x":1492704000000,"y":50,"sc":"545"},{"x":1492963200000,"y":52,"sc":"545"},{"x":1493049600000,"y":54,"sc":"547"},{"x":1493136000000,"y":57,"sc":"549"},{"x":1493222400000,"y":53,"sc":"549"},{"x":1493308800000,"y":53,"sc":"549"},{"x":1493654400000,"y":86,"sc":"549"},{"x":1493740800000,"y":89,"sc":"550"},{"x":1493827200000,"y":83,"sc":"550"},{"x":1493913600000,"y":107,"sc":"550"},{"x":1494172800000,"y":127,"sc":"550"},{"x":1494259200000,"y":140,"sc":"550"},{"x":1494345600000,"y":162,"sc":"550"},{"x":1494432000000,"y":157,"sc":"550"},{"x":1494518400000,"y":172,"sc":"550"},{"x":1494777600000,"y":194,"sc":"554"},{"x":1494864000000,"y":197,"sc":"556"},{"x":1494950400000,"y":200,"sc":"560"},{"x":1495036800000,"y":196,"sc":"560"},{"x":1495123200000,"y":211,"sc":"560"},{"x":1495382400000,"y":216,"sc":"560"},{"x":1495468800000,"y":226,"sc":"562"},{"x":1495555200000,"y":227,"sc":"564"},{"x":1495641600000,"y":224,"sc":"564"},{"x":1495728000000,"y":234,"sc":"564"},{"x":1496160000000,"y":247,"sc":"564"},{"x":1496246400000,"y":252,"sc":"564"},{"x":1496332800000,"y":253,"sc":"564"},{"x":1496592000000,"y":265,"sc":"566"},{"x":1496678400000,"y":272,"sc":"566"},{"x":1496764800000,"y":277,"sc":"566"},{"x":1496851200000,"y":281,"sc":"566"},{"x":1496937600000,"y":289,"sc":"566"},{"x":1497196800000,"y":308,"sc":"574"},{"x":1497283200000,"y":311,"sc":"574"},{"x":1497369600000,"y":321,"sc":"575"},{"x":1497456000000,"y":327,"sc":"575"},{"x":1497542400000,"y":334,"sc":"575"},{"x":1497801600000,"y":347,"sc":"577"},{"x":1497888000000,"y":357,"sc":"577"},{"x":1497974400000,"y":358,"sc":"575"},{"x":1498060800000,"y":362,"sc":"575"},{"x":1498147200000,"y":370,"sc":"576"},{"x":1498406400000,"y":399,"sc":"579"},{"x":1498492800000,"y":403,"sc":"579"},{"x":1498579200000,"y":407,"sc":"579"},{"x":1498665600000,"y":409,"sc":"579"},{"x":1498752000000,"y":414,"sc":"582"},{"x":1499011200000,"y":393,"sc":"582"},{"x":1499097600000,"y":416,"sc":"582"},{"x":1499184000000,"y":419,"sc":"583"},{"x":1499270400000,"y":420,"sc":"583"},{"x":1499356800000,"y":421,"sc":"583"},{"x":1499616000000,"y":402,"sc":"583"},{"x":1499702400000,"y":402,"sc":"583"},{"x":1499788800000,"y":403,"sc":"583"},{"x":1499875200000,"y":404,"sc":"583"},{"x":1499961600000,"y":413,"sc":"586"},{"x":1500220800000,"y":372,"sc":"586"},{"x":1500307200000,"y":379,"sc":"586"},{"x":1500393600000,"y":385,"sc":"589"},{"x":1500480000000,"y":390,"sc":"589"},{"x":1500566400000,"y":393,"sc":"593"},{"x":1500825600000,"y":403,"sc":"593"},{"x":1500912000000,"y":409,"sc":"593"},{"x":1500998400000,"y":415,"sc":"594"},{"x":1501084800000,"y":416,"sc":"594"},{"x":1501171200000,"y":420,"sc":"594"},{"x":1501430400000,"y":416,"sc":"594"},{"x":1501516800000,"y":423,"sc":"594"},{"x":1501603200000,"y":424,"sc":"594"},{"x":1501689600000,"y":421,"sc":"594"},{"x":1501776000000,"y":425,"sc":"594"},{"x":1502035200000,"y":426,"sc":"596"},{"x":1502121600000,"y":423,"sc":"596"},{"x":1502208000000,"y":425,"sc":"596"},{"x":1502294400000,"y":426,"sc":"596"},{"x":1502380800000,"y":427,"sc":"596"},{"x":1502640000000,"y":429,"sc":"596"},{"x":1502726400000,"y":431,"sc":"596"},{"x":1502812800000,"y":433,"sc":"596"},{"x":1502899200000,"y":433,"sc":"596"},{"x":1502985600000,"y":435,"sc":"596"},{"x":1503244800000,"y":417,"sc":"597"},{"x":1503331200000,"y":420,"sc":"597"},{"x":1503417600000,"y":418,"sc":"597"},{"x":1503504000000,"y":421,"sc":"596"},{"x":1503590400000,"y":410,"sc":"596"},{"x":1503849600000,"y":408,"sc":"600"},{"x":1503936000000,"y":406,"sc":"600"},{"x":1504022400000,"y":418,"sc":"600"},{"x":1504108800000,"y":419,"sc":"601"},{"x":1504195200000,"y":420,"sc":"601"},{"x":1504454400000,"y":427,"sc":"601"},{"x":1504540800000,"y":427,"sc":"601"},{"x":1504627200000,"y":429,"sc":"601"},{"x":1504713600000,"y":430,"sc":"601"},{"x":1504800000000,"y":433,"sc":"601"},{"x":1505059200000,"y":439,"sc":"603"},{"x":1505145600000,"y":437,"sc":"603"},{"x":1505232000000,"y":436,"sc":"603"},{"x":1505318400000,"y":438,"sc":"605"},{"x":1505404800000,"y":438,"sc":"605"},{"x":1505664000000,"y":434,"sc":"606"},{"x":1505750400000,"y":428,"sc":"606"},{"x":1505836800000,"y":421,"sc":"603"},{"x":1505923200000,"y":418,"sc":"603"},{"x":1506009600000,"y":415,"sc":"603"},{"x":1506268800000,"y":408,"sc":"603"},{"x":1506355200000,"y":398,"sc":"603"},{"x":1506441600000,"y":394,"sc":"604"},{"x":1506528000000,"y":391,"sc":"604"},{"x":1506614400000,"y":374,"sc":"606"},{"x":1507478400000,"y":353,"sc":"606"},{"x":1507564800000,"y":397,"sc":"607"},{"x":1507651200000,"y":396,"sc":"607"},{"x":1507737600000,"y":397,"sc":"611"},{"x":1507824000000,"y":395,"sc":"611"},{"x":1508083200000,"y":389,"sc":"612"},{"x":1508169600000,"y":455,"sc":"612"},{"x":1508256000000,"y":452,"sc":"611"},{"x":1508342400000,"y":448,"sc":"611"},{"x":1508428800000,"y":438,"sc":"611"},{"x":1508688000000,"y":428,"sc":"606"},{"x":1508774400000,"y":426,"sc":"606"},{"x":1508860800000,"y":423,"sc":"607"},{"x":1508947200000,"y":420,"sc":"607"},{"x":1509033600000,"y":414,"sc":"607"},{"x":1509292800000,"y":402,"sc":"609"},{"x":1509379200000,"y":399,"sc":"610"},{"x":1509465600000,"y":397,"sc":"610"},{"x":1509552000000,"y":395,"sc":"613"},{"x":1509638400000,"y":398,"sc":"617"},{"x":1509897600000,"y":399,"sc":"621"},{"x":1509984000000,"y":400,"sc":"621"},{"x":1510070400000,"y":393,"sc":"621"},{"x":1510156800000,"y":390,"sc":"623"},{"x":1510243200000,"y":389,"sc":"623"},{"x":1510502400000,"y":384,"sc":"633"},{"x":1510588800000,"y":386,"sc":"635"},{"x":1510675200000,"y":384,"sc":"635"},{"x":1510761600000,"y":376,"sc":"635"},{"x":1510848000000,"y":376,"sc":"636"},{"x":1511107200000,"y":369,"sc":"636"},{"x":1511193600000,"y":405,"sc":"636"},{"x":1511280000000,"y":401,"sc":"636"},{"x":1511366400000,"y":410,"sc":"636"},{"x":1511452800000,"y":406,"sc":"637"},{"x":1511712000000,"y":407,"sc":"640"},{"x":1511798400000,"y":408,"sc":"640"},{"x":1511884800000,"y":407,"sc":"640"},{"x":1511971200000,"y":401,"sc":"641"},{"x":1512057600000,"y":391,"sc":"643"},{"x":1512316800000,"y":385,"sc":"643"},{"x":1512403200000,"y":381,"sc":"643"},{"x":1512489600000,"y":377,"sc":"643"},{"x":1512576000000,"y":371,"sc":"644"},{"x":1512662400000,"y":377,"sc":"652"},{"x":1512921600000,"y":363,"sc":"652"},{"x":1513008000000,"y":364,"sc":"653"},{"x":1513094400000,"y":363,"sc":"653"},{"x":1513180800000,"y":363,"sc":"654"},{"x":1513267200000,"y":368,"sc":"656"},{"x":1513526400000,"y":368,"sc":"656"},{"x":1513612800000,"y":375,"sc":"656"},{"x":1513699200000,"y":370,"sc":"656"},{"x":1513785600000,"y":387,"sc":"655"},{"x":1513872000000,"y":386,"sc":"655"},{"x":1514131200000,"y":401,"sc":"655"},{"x":1514217600000,"y":400,"sc":"655"},{"x":1514304000000,"y":406,"sc":"654"},{"x":1514390400000,"y":423,"sc":"655"},{"x":1514476800000,"y":464,"sc":"655"},{"x":1514822400000,"y":408,"sc":"655"},{"x":1514908800000,"y":397,"sc":"655"},{"x":1514995200000,"y":378,"sc":"655"},{"x":1515081600000,"y":381,"sc":"655"},{"x":1515340800000,"y":433,"sc":"655"},{"x":1515427200000,"y":431,"sc":"655"},{"x":1515513600000,"y":423,"sc":"656"},{"x":1515600000000,"y":432,"sc":"657"},{"x":1515686400000,"y":420,"sc":"657"},{"x":1515945600000,"y":408,"sc":"657"},{"x":1516032000000,"y":405,"sc":"657"},{"x":1516118400000,"y":393,"sc":"657"},{"x":1516204800000,"y":393,"sc":"657"},{"x":1516291200000,"y":394,"sc":"657"},{"x":1516550400000,"y":399,"sc":"657"},{"x":1516636800000,"y":397,"sc":"657"},{"x":1516723200000,"y":392,"sc":"657"},{"x":1516809600000,"y":385,"sc":"657"},{"x":1516896000000,"y":383,"sc":"655"},{"x":1517155200000,"y":378,"sc":"656"},{"x":1517241600000,"y":391,"sc":"656"},{"x":1517328000000,"y":387,"sc":"656"},{"x":1517414400000,"y":384,"sc":"656"},{"x":1517500800000,"y":378,"sc":"656"},{"x":1517760000000,"y":369,"sc":"656"},{"x":1517846400000,"y":370,"sc":"656"}];
/*百分比排名*/
var Data_rateInSimilarPersent = [[1455465600000,10.3000],[1455552000000,10.5700],[1455638400000,10.5700],[1455724800000,10.5700],[1455811200000,10.5700],[1456070400000,10.3000],[1456156800000,10.5400],[1456243200000,10.4600],[1456329600000,10.4600],[1456416000000,10.6700],[1456675200000,11.2000],[1456761600000,11.9700],[1456848000000,11.9700],[1456934400000,11.9700],[1457020800000,12.2300],[1457280000000,12.7700],[1457366400000,13.9500],[1457452800000,14.2100],[1457539200000,13.6800],[1457625600000,13.9100],[1457884800000,15.4900],[1457971200000,16.0500],[1458057600000,15.7100],[1458144000000,16.1900],[1458230400000,16.1900],[1458489600000,16.7100],[1458576000000,17.1400],[1458662400000,16.8800],[1458748800000,17.1400],[1458835200000,19.1800],[1459094400000,20.2000],[1459180800000,21.9900],[1459267200000,22.2500],[1459353600000,22.4500],[1459440000000,22.9600],[1459785600000,23.2100],[1459872000000,23.7200],[1459958400000,24.2300],[1460044800000,25.00],[1460304000000,24.8700],[1460390400000,25.1300],[1460476800000,25.3800],[1460563200000,26.4000],[1460649600000,26.6500],[1460908800000,27.9200],[1460995200000,28.1700],[1461081600000,28.4300],[1461168000000,28.9300],[1461254400000,29.9500],[1461513600000,30.4600],[1461600000000,30.9600],[1461686400000,31.2200],[1461772800000,31.7300],[1461859200000,32.4900],[1462204800000,35.2800],[1462291200000,35.7900],[1462377600000,37.2500],[1462464000000,38.00],[1462723200000,41.7500],[1462809600000,42.2500],[1462896000000,42.5000],[1462982400000,44.5000],[1463068800000,46.2500],[1463328000000,42.00],[1463414400000,41.7500],[1463500800000,42.7500],[1463587200000,43.00],[1463673600000,43.5000],[1463932800000,42.5000],[1464019200000,42.5000],[1464105600000,42.7500],[1464192000000,42.7500],[1464278400000,44.2500],[1464537600000,46.5000],[1464624000000,46.00],[1464710400000,45.7500],[1464796800000,47.00],[1464883200000,47.5000],[1465142400000,48.5100],[1465228800000,48.7600],[1465315200000,49.7500],[1465747200000,51.9900],[1465833600000,52.4900],[1465920000000,52.8500],[1466006400000,53.3500],[1466092800000,53.8500],[1466352000000,55.5800],[1466438400000,56.1900],[1466524800000,57.1800],[1466611200000,56.6800],[1466697600000,56.4400],[1466956800000,58.1700],[1467043200000,57.6700],[1467129600000,57.4300],[1467216000000,58.6600],[1467302400000,58.9100],[1467561600000,58.6600],[1467648000000,57.4300],[1467734400000,57.4300],[1467820800000,56.6800],[1467907200000,56.6800],[1468166400000,56.6800],[1468252800000,57.6700],[1468339200000,57.9200],[1468425600000,57.1800],[1468512000000,56.4400],[1468771200000,55.6900],[1468857600000,55.2000],[1468944000000,56.3000],[1469030400000,56.7900],[1469116800000,57.2800],[1469376000000,57.2800],[1469462400000,62.9600],[1469548800000,62.4700],[1469635200000,63.1400],[1469721600000,62.9000],[1469980800000,64.8600],[1470067200000,60.6900],[1470153600000,60.9300],[1470240000000,61.1200],[1470326400000,61.6100],[1470585600000,61.1700],[1470672000000,63.4400],[1470758400000,64.6500],[1470844800000,65.6200],[1470931200000,66.1000],[1471190400000,65.1300],[1471276800000,65.8600],[1471363200000,66.1800],[1471449600000,66.9900],[1471536000000,67.2300],[1471795200000,69.2300],[1471881600000,69.2300],[1471968000000,69.2300],[1472054400000,68.5100],[1472140800000,68.2700],[1472400000000,66.3500],[1472486400000,62.2600],[1472572800000,62.2600],[1472659200000,68.7500],[1472745600000,68.3500],[1473004800000,65.0800],[1473091200000,68.4100],[1473177600000,68.1700],[1473264000000,67.8500],[1473350400000,67.6900],[1473609600000,64.8600],[1473696000000,64.8600],[1473782400000,64.8600],[1474214400000,63.9200],[1474300800000,62.7400],[1474387200000,63.2100],[1474473600000,62.3000],[1474560000000,62.7600],[1474819200000,63.2600],[1474905600000,63.0200],[1474992000000,62.7900],[1475078400000,62.2700],[1475164800000,62.7300],[1476028800000,64.7500],[1476115200000,64.9800],[1476201600000,64.8300],[1476288000000,65.4500],[1476374400000,66.2100],[1476633600000,66.0600],[1476720000000,65.9800],[1476806400000,66.8200],[1476892800000,65.4500],[1476979200000,64.7600],[1477238400000,64.5500],[1477324800000,64.5500],[1477411200000,56.0100],[1477497600000,56.4600],[1477584000000,56.8500],[1477843200000,59.9600],[1477929600000,76.9600],[1478016000000,77.8500],[1478102400000,77.8500],[1478188800000,76.3400],[1478448000000,78.2200],[1478534400000,79.1100],[1478620800000,78.4400],[1478707200000,78.00],[1478793600000,77.5600],[1479052800000,76.2200],[1479139200000,76.2200],[1479225600000,75.5600],[1479312000000,88.6700],[1479398400000,88.6700],[1479657600000,88.6900],[1479744000000,88.2500],[1479830400000,88.0300],[1479916800000,88.4700],[1480003200000,88.2500],[1480262400000,88.6900],[1480348800000,88.5000],[1480435200000,88.9400],[1480521600000,85.8400],[1480608000000,85.2700],[1480867200000,85.9300],[1480953600000,85.7100],[1481040000000,85.7100],[1481126400000,85.7100],[1481212800000,85.9600],[1481472000000,86.8700],[1481558400000,87.5500],[1481644800000,87.9900],[1481731200000,87.7700],[1481817600000,88.6500],[1482076800000,87.9900],[1482163200000,86.6800],[1482249600000,87.5500],[1482336000000,89.5400],[1482422400000,89.8500],[1482681600000,89.6600],[1482768000000,90.3000],[1482854400000,89.9100],[1482940800000,90.3400],[1483027200000,89.9800],[1483372800000,91.0400],[1483459200000,91.2400],[1483545600000,91.9000],[1483632000000,92.9600],[1483891200000,92.5400],[1483977600000,93.1800],[1484064000000,93.1800],[1484150400000,93.3900],[1484236800000,93.6000],[1484496000000,93.6400],[1484582400000,94.5100],[1484668800000,94.5400],[1484755200000,94.5400],[1484841600000,94.5400],[1485100800000,94.3900],[1485187200000,94.8100],[1485273600000,94.8300],[1485360000000,94.8500],[1486051200000,91.8200],[1486310400000,92.2600],[1486396800000,92.2600],[1486483200000,92.2600],[1486569600000,92.6700],[1486656000000,93.5200],[1486915200000,94.9600],[1487001600000,94.7600],[1487088000000,95.3600],[1487174400000,95.5600],[1487260800000,91.3300],[1487520000000,91.3300],[1487606400000,91.5300],[1487692800000,91.7300],[1487779200000,91.7700],[1487865600000,92.00],[1488124800000,92.0500],[1488211200000,92.2500],[1488297600000,92.2500],[1488384000000,93.1500],[1488470400000,93.5400],[1488729600000,93.9600],[1488816000000,93.7900],[1488902400000,93.8000],[1488988800000,93.8200],[1489075200000,94.0200],[1489334400000,93.6300],[1489420800000,93.6300],[1489507200000,94.0200],[1489593600000,94.2300],[1489680000000,94.6200],[1489939200000,95.2100],[1490025600000,95.0200],[1490112000000,95.2300],[1490198400000,94.5300],[1490284800000,94.7200],[1490544000000,94.7600],[1490630400000,94.9500],[1490716800000,94.9500],[1490803200000,94.8000],[1490889600000,94.6100],[1491321600000,93.4900],[1491408000000,93.3300],[1491494400000,93.5200],[1491753600000,92.4100],[1491840000000,92.5900],[1491926400000,91.3000],[1492012800000,90.9400],[1492099200000,90.9400],[1492358400000,90.4200],[1492444800000,90.4200],[1492531200000,90.2400],[1492617600000,90.6400],[1492704000000,90.8300],[1492963200000,90.4600],[1493049600000,90.1300],[1493136000000,89.6200],[1493222400000,90.3500],[1493308800000,90.3500],[1493654400000,84.3400],[1493740800000,83.8200],[1493827200000,84.9100],[1493913600000,80.5500],[1494172800000,76.9100],[1494259200000,74.5500],[1494345600000,70.5500],[1494432000000,71.4500],[1494518400000,68.7300],[1494777600000,64.9800],[1494864000000,64.5700],[1494950400000,64.2900],[1495036800000,65.00],[1495123200000,62.3200],[1495382400000,61.4300],[1495468800000,59.7900],[1495555200000,59.7500],[1495641600000,60.2800],[1495728000000,58.5100],[1496160000000,56.2100],[1496246400000,55.3200],[1496332800000,55.1400],[1496592000000,53.1800],[1496678400000,51.9400],[1496764800000,51.0600],[1496851200000,50.3500],[1496937600000,48.9400],[1497196800000,46.3400],[1497283200000,45.8200],[1497369600000,44.1700],[1497456000000,43.1300],[1497542400000,41.9100],[1497801600000,39.8600],[1497888000000,38.1300],[1497974400000,37.7400],[1498060800000,37.0400],[1498147200000,35.7600],[1498406400000,31.0900],[1498492800000,30.4000],[1498579200000,29.7100],[1498665600000,29.3600],[1498752000000,28.8700],[1499011200000,32.4700],[1499097600000,28.5200],[1499184000000,28.1300],[1499270400000,27.9600],[1499356800000,27.7900],[1499616000000,31.0500],[1499702400000,31.0500],[1499788800000,30.8700],[1499875200000,30.7000],[1499961600000,29.5200],[1500220800000,36.5200],[1500307200000,35.3200],[1500393600000,34.6300],[1500480000000,33.7900],[1500566400000,33.7300],[1500825600000,32.0400],[1500912000000,31.0300],[1500998400000,30.1300],[1501084800000,29.9700],[1501171200000,29.2900],[1501430400000,29.9700],[1501516800000,28.7900],[1501603200000,28.6200],[1501689600000,29.1200],[1501776000000,28.4500],[1502035200000,28.5200],[1502121600000,29.0300],[1502208000000,28.6900],[1502294400000,28.5200],[1502380800000,28.3600],[1502640000000,28.0200],[1502726400000,27.6800],[1502812800000,27.3500],[1502899200000,27.3500],[1502985600000,27.0100],[1503244800000,30.1500],[1503331200000,29.6500],[1503417600000,29.9800],[1503504000000,29.3600],[1503590400000,31.2100],[1503849600000,32.00],[1503936000000,32.3300],[1504022400000,30.3300],[1504108800000,30.2800],[1504195200000,30.1200],[1504454400000,28.9500],[1504540800000,28.9500],[1504627200000,28.6200],[1504713600000,28.4500],[1504800000000,27.9500],[1505059200000,27.2000],[1505145600000,27.5300],[1505232000000,27.6900],[1505318400000,27.6000],[1505404800000,27.6000],[1505664000000,28.3800],[1505750400000,29.3700],[1505836800000,30.1800],[1505923200000,30.6800],[1506009600000,31.1800],[1506268800000,32.3400],[1506355200000,34.00],[1506441600000,34.7700],[1506528000000,35.2600],[1506614400000,38.2800],[1507478400000,41.7500],[1507564800000,34.6000],[1507651200000,34.7600],[1507737600000,35.0200],[1507824000000,35.3500],[1508083200000,36.4400],[1508169600000,25.6500],[1508256000000,26.0200],[1508342400000,26.6800],[1508428800000,28.3100],[1508688000000,29.3700],[1508774400000,29.7000],[1508860800000,30.3100],[1508947200000,30.8100],[1509033600000,31.8000],[1509292800000,33.9900],[1509379200000,34.5900],[1509465600000,34.9200],[1509552000000,35.5600],[1509638400000,35.4900],[1509897600000,35.7500],[1509984000000,35.5900],[1510070400000,36.7100],[1510156800000,37.4000],[1510243200000,37.5600],[1510502400000,39.3400],[1510588800000,39.2100],[1510675200000,39.5300],[1510761600000,40.7900],[1510848000000,40.8800],[1511107200000,41.9800],[1511193600000,36.3200],[1511280000000,36.9500],[1511366400000,35.5300],[1511452800000,36.2600],[1511712000000,36.4100],[1511798400000,36.2500],[1511884800000,36.4100],[1511971200000,37.4400],[1512057600000,39.1900],[1512316800000,40.1200],[1512403200000,40.7500],[1512489600000,41.3700],[1512576000000,42.3900],[1512662400000,42.1800],[1512921600000,44.3300],[1513008000000,44.2600],[1513094400000,44.4100],[1513180800000,44.5000],[1513267200000,43.9000],[1513526400000,43.9000],[1513612800000,42.8400],[1513699200000,43.6000],[1513785600000,40.9200],[1513872000000,41.0700],[1514131200000,38.7800],[1514217600000,38.9300],[1514304000000,37.9200],[1514390400000,35.4200],[1514476800000,29.1600],[1514822400000,37.7100],[1514908800000,39.3900],[1514995200000,42.2900],[1515081600000,41.8300],[1515340800000,33.8900],[1515427200000,34.2000],[1515513600000,35.5200],[1515600000000,34.2500],[1515686400000,36.0700],[1515945600000,37.9000],[1516032000000,38.3600],[1516118400000,40.1800],[1516204800000,40.1800],[1516291200000,40.0300],[1516550400000,39.2700],[1516636800000,39.5700],[1516723200000,40.3300],[1516809600000,41.4000],[1516896000000,41.5300],[1517155200000,42.3800],[1517241600000,40.4000],[1517328000000,41.0100],[1517414400000,41.4600],[1517500800000,42.3800],[1517760000000,43.7500],[1517846400000,43.6000]];
/*规模变动*/
var Data_fluctuationScale = {"categories":["2016-12-31","2017-03-31","2017-06-30","2017-09-30","2017-12-31"],"series":[{"y":0.03,"mom":"38.99%"},{"y":0.15,"mom":"351.96%"},{"y":0.08,"mom":"-49.11%"},{"y":0.06,"mom":"-25.57%"},{"y":0.05,"mom":"-8.20%"}]};;
/*持有人结构*/
var Data_holderStructure = {"series":[{"name":"机构持有比例","data":[0,0,0]},{"name":"个人持有比例","data":[100.0,100.0,100.0]},{"name":"内部持有比例","data":[5.8637,2.2211,4.0627]}],"categories":["2016-06-30","2016-12-31","2017-06-30"]};
/*申购赎回*/
var Data_assetAllocation ={"series":[{"name":"期间申购","data":[0.16,0.02,0.02,0.06]},{"name":"期间赎回","data":[0.04,0.10,0.04,0.06]},{"name":"总份额","data":[0.15,0.08,0.06,0.05]}],"categories":["2017-03-31","2017-06-30","2017-09-30","2017-12-31"]};
/*现任基金经理*/
var Data_currentFundManager = [{"id":"30165678","pic":"https://pdf.dfcfw.com/pdf/H8_JPG30165678_1.jpg","name":"张睿","star":4,"workTime":"5年又287天","fundSize":"240.86亿(6只基金)","power":{"avr":"65.26","categories":["经验值","收益率","抗风险","稳定性","管理规模"],"dsc":["反映基金经理从业年限和管理基金的经验","根据基金经理投资的阶段收益评分，反映\u003cbr\u003e基金经理投资的盈利能力","反映基金经理投资的回撤控制能力","反映基金经理投资收益的波动","根据基金经理现任管理基金资产规模评分"],"data":[78.60,64.50,62.60,47.60,89.90],"jzrq":"2018-02-06"},"profit":{"categories":["任期收益","同类平均"],"series":[{"data":[{"name":null,"color":"#7cb5ec","y":7.5504},{"name":null,"color":"#414c7b","y":7.42}]}],"jzrq":"2018-02-06"}},{"id":"30436500","pic":"https://pdf.dfcfw.com/pdf/H8_JPG30436500_1.jpg","name":"翟秀华","star":5,"workTime":"1年又327天","fundSize":"738.17亿(6只基金)","power":{"avr":"88.50","categories":["经验值","收益率","抗风险","稳定性","管理规模"],"dsc":["反映基金经理从业年限和管理基金的经验","根据基金经理投资的阶段收益评分，反映\u003cbr\u003e基金经理投资的盈利能力","反映基金经理投资的回撤控制能力","反映基金经理投资收益的波动","根据基金经理现任管理基金资产规模评分"],"data":[38.20,81.80,99.50,99.50,93.80],"jzrq":"2018-02-06"},"profit":{"categories":["任期收益","同类平均"],"series":[{"data":[{"name":null,"color":"#7cb5ec","y":3.0242},{"name":null,"color":"#414c7b","y":3.09}]}],"jzrq":"2018-02-06"}}] ;
/*同类型基金涨幅榜（页面底部通栏）*/
var swithSameType = [['002895_华夏天利货币B_5.8750','002894_华夏天利货币A_5.6210','004398_融通现金宝货币B_5.3370','000902_国开货币B_5.3360','001478_泰康薪意保货币B_5.1400'],['002895_华夏天利货币B_5.26','004973_长城收益宝货币B_5.08','004904_人保货币B_5.05','002884_华润元大现金通货币B_5.01','002894_华夏天利货币A_5.01'],['004973_长城收益宝货币B_5.05','004770_海富通添益货币A_4.99','002884_华润元大现金通货币B_4.99','005151_红土创新优淳货币B_4.90','002895_华夏天利货币B_4.89'],['004770_海富通添益货币A_5.39','004973_长城收益宝货币B_5.13','002884_华润元大现金通货币B_5.03','002895_华夏天利货币B_5.03','004398_融通现金宝货币B_5.01'],['003679_中融现金增利货币C_4.67','003474_南方天天利货币B_4.55','000836_国投瑞银钱多宝货币A_4.52','000837_国投瑞银钱多宝货币I_4.52','003753_工银如意货币B_4.51']];