/**
 * 测试数据
 * @type {arry}
 */
/*2018-02-07 18:01:48*/
//基金或股票信息
var fS_name = "金鹰增益货币A";
var fS_code = "004372";
var fund_minsg="100";
var ishb=true;
/*原费率*/
var fund_sourceRate="0";
/*现费率*/
var fund_Rate="0";
/*最小申购金额*/
var fund_minsg="100";
/*收益率*/
/*近一年收益率*/
var syl_1n="";
/*近6月收益率*/
var syl_6y="2.1475";
/*近三月收益率*/
var syl_3y="1.0864";
/*近一月收益率*/
var syl_1y="0.3617";
/* 基金收益走势图 每万份收益*/
var Data_millionCopiesIncome = [[1490284800000,1.4393],[1490371200000,1.4391],[1490457600000,1.4388],[1490544000000,1.4386],[1490630400000,1.3299],[1490716800000,1.3309],[1490803200000,1.2345],[1490889600000,1.1773],[1490976000000,1.3382],[1491062400000,1.338],[1491148800000,1.3378],[1491235200000,1.3376],[1491321600000,1.3371],[1491408000000,1.3358],[1491494400000,1.3355],[1491580800000,1.365],[1491667200000,1.3648],[1491753600000,1.039],[1491840000000,0.8768],[1491926400000,0.8543],[1492012800000,0.8608],[1492099200000,0.9363],[1492185600000,0.9309],[1492272000000,0.9308],[1492358400000,0.9974],[1492444800000,0.9925],[1492531200000,1.0228],[1492617600000,1.0577],[1492704000000,1.0672],[1492790400000,1.0819],[1492876800000,1.0819],[1492963200000,1.0444],[1493049600000,1.0502],[1493136000000,0.9514],[1493222400000,1.05],[1493308800000,1.0581],[1493395200000,1.0813],[1493481600000,1.0812],[1493568000000,1.0811],[1493654400000,1.0632],[1493740800000,1.0811],[1493827200000,1.0756],[1493913600000,0.9625],[1494000000000,1.106],[1494086400000,1.106],[1494172800000,1.0592],[1494259200000,1.114],[1494345600000,1.0792],[1494432000000,1.0673],[1494518400000,1.0745],[1494604800000,1.0821],[1494691200000,1.082],[1494777600000,0.9433],[1494864000000,1.0783],[1494950400000,1.1033],[1495036800000,0.9681],[1495123200000,1.0785],[1495209600000,1.0539],[1495296000000,1.0539],[1495382400000,1.0826],[1495468800000,0.9766],[1495555200000,1.0737],[1495641600000,0.8988],[1495728000000,1.0876],[1495814400000,1.0939],[1495900800000,1.0938],[1495987200000,1.0937],[1496073600000,1.0937],[1496160000000,1.0876],[1496246400000,1.0053],[1496332800000,1.0828],[1496419200000,1.0944],[1496505600000,1.0943],[1496592000000,0.9687],[1496678400000,1.1204],[1496764800000,0.9505],[1496851200000,0.9556],[1496937600000,0.9779],[1497024000000,1.1211],[1497110400000,1.121],[1497196800000,1.1337],[1497283200000,1.1138],[1497369600000,1.1307],[1497456000000,1.1179],[1497542400000,1.1106],[1497628800000,1.1127],[1497715200000,1.1127],[1497801600000,0.9024],[1497888000000,1.1828],[1497974400000,1.1848],[1498060800000,1.2198],[1498147200000,1.2641],[1498233600000,1.2672],[1498320000000,1.2671],[1498406400000,1.2441],[1498492800000,1.2638],[1498579200000,1.0466],[1498665600000,1.3142],[1498752000000,1.2726],[1498838400000,1.2647],[1498924800000,1.2646],[1499011200000,1.2993],[1499097600000,1.2881],[1499184000000,1.2233],[1499270400000,1.0774],[1499356800000,1.0242],[1499443200000,1.016],[1499529600000,1.0159],[1499616000000,1.0363],[1499702400000,1.0747],[1499788800000,1.0694],[1499875200000,1.0456],[1499961600000,1.0354],[1500048000000,1.0344],[1500134400000,1.0343],[1500220800000,1.062],[1500307200000,1.0791],[1500393600000,1.1123],[1500480000000,1.1138],[1500566400000,1.1327],[1500652800000,1.1323],[1500739200000,1.1322],[1500825600000,1.1466],[1500912000000,1.1542],[1500998400000,1.1905],[1501084800000,1.0266],[1501171200000,1.1429],[1501257600000,1.1334],[1501344000000,1.1334],[1501430400000,1.1546],[1501516800000,1.1597],[1501603200000,1.1433],[1501689600000,1.1208],[1501776000000,1.1171],[1501862400000,1.1059],[1501948800000,1.1058],[1502035200000,1.0883],[1502121600000,1.0684],[1502208000000,1.0374],[1502294400000,1.0275],[1502380800000,1.0239],[1502467200000,1.0049],[1502553600000,1.0048],[1502640000000,1.0173],[1502726400000,1.0224],[1502812800000,1.0229],[1502899200000,1.0482],[1502985600000,1.0901],[1503072000000,1.0992],[1503158400000,1.0991],[1503244800000,1.1128],[1503331200000,1.1028],[1503417600000,1.1225],[1503504000000,1.1241],[1503590400000,1.131],[1503676800000,1.1307],[1503763200000,1.1306],[1503849600000,1.123],[1503936000000,1.1145],[1504022400000,1.1226],[1504108800000,1.1393],[1504195200000,1.1418],[1504281600000,1.1423],[1504368000000,1.1422],[1504454400000,1.1425],[1504540800000,1.1432],[1504627200000,1.1338],[1504713600000,1.104],[1504800000000,1.0873],[1504886400000,1.0917],[1504972800000,1.0916],[1505059200000,1.1003],[1505145600000,1.0996],[1505232000000,1.1299],[1505318400000,1.1429],[1505404800000,1.1339],[1505491200000,1.1339],[1505577600000,1.1338],[1505664000000,1.1194],[1505750400000,1.1474],[1505836800000,1.177],[1505923200000,1.153],[1506009600000,1.2196],[1506096000000,1.2028],[1506182400000,1.2027],[1506268800000,1.2474],[1506355200000,1.2133],[1506441600000,1.2077],[1506528000000,1.2017],[1506614400000,1.1826],[1506700800000,1.1707],[1506787200000,1.1706],[1506873600000,1.1706],[1506960000000,1.1705],[1507046400000,1.1704],[1507132800000,1.1703],[1507219200000,1.1702],[1507305600000,1.1701],[1507392000000,1.17],[1507478400000,1.1657],[1507564800000,1.203],[1507651200000,1.2035],[1507737600000,1.1882],[1507824000000,1.1611],[1507910400000,1.1546],[1507996800000,1.1545],[1508083200000,1.1516],[1508169600000,1.1545],[1508256000000,1.1644],[1508342400000,1.1468],[1508428800000,1.2033],[1508515200000,1.1449],[1508601600000,1.1448],[1508688000000,1.1439],[1508774400000,1.1406],[1508860800000,1.1379],[1508947200000,1.1107],[1509033600000,1.13],[1509120000000,1.1193],[1509206400000,1.1192],[1509292800000,1.1386],[1509379200000,1.1471],[1509465600000,1.188],[1509552000000,1.1841],[1509638400000,1.1571],[1509724800000,1.153],[1509811200000,1.1529],[1509897600000,1.1547],[1509984000000,1.1357],[1510070400000,1.1306],[1510156800000,1.1123],[1510243200000,1.1387],[1510329600000,1.1369],[1510416000000,1.1368],[1510502400000,1.1403],[1510588800000,1.1375],[1510675200000,1.1631],[1510761600000,1.1605],[1510848000000,1.1565],[1510934400000,1.145],[1511020800000,1.1449],[1511107200000,1.1493],[1511193600000,1.1483],[1511280000000,1.1613],[1511366400000,1.1632],[1511452800000,1.1757],[1511539200000,1.1771],[1511625600000,1.177],[1511712000000,1.1696],[1511798400000,1.1697],[1511884800000,1.208],[1511971200000,1.1823],[1512057600000,1.1512],[1512144000000,1.1436],[1512230400000,1.1435],[1512316800000,1.1549],[1512403200000,1.1432],[1512489600000,1.1415],[1512576000000,1.1387],[1512662400000,1.1331],[1512748800000,1.1362],[1512835200000,1.1361],[1512921600000,1.121],[1513008000000,1.139],[1513094400000,1.1645],[1513180800000,1.1718],[1513267200000,1.1686],[1513353600000,1.1694],[1513440000000,1.1693],[1513526400000,1.1848],[1513612800000,1.1924],[1513699200000,1.1924],[1513785600000,1.1637],[1513872000000,1.1854],[1513958400000,1.1947],[1514044800000,1.1946],[1514131200000,1.1953],[1514217600000,1.2006],[1514304000000,1.2544],[1514390400000,1.2973],[1514476800000,1.2451],[1514563200000,1.2377],[1514649600000,1.2376],[1514736000000,1.2374],[1514822400000,1.2747],[1514908800000,1.3574],[1514995200000,1.3653],[1515081600000,1.2534],[1515168000000,1.2464],[1515254400000,1.2463],[1515340800000,1.2719],[1515427200000,1.2221],[1515513600000,1.2364],[1515600000000,1.1953],[1515686400000,1.2179],[1515772800000,1.2195],[1515859200000,1.2083],[1515945600000,1.2294],[1516032000000,1.1979],[1516118400000,1.1954],[1516204800000,1.1836],[1516291200000,1.1738],[1516377600000,1.1734],[1516464000000,1.1733],[1516550400000,1.1619],[1516636800000,1.153],[1516723200000,1.1317],[1516809600000,1.1303],[1516896000000,1.1217],[1516982400000,1.1133],[1517068800000,1.1132],[1517155200000,1.1283],[1517241600000,1.1246],[1517328000000,1.1496],[1517414400000,1.1003],[1517500800000,1.1249],[1517587200000,1.1088],[1517673600000,1.1087],[1517760000000,1.1013],[1517846400000,1.0863]];
/*基金收益走势图   7日年化收益率*/
var Data_sevenDaysYearIncome = [[1490284800000,5.939],[1490371200000,5.847],[1490457600000,5.782],[1490544000000,5.588],[1490630400000,5.33],[1490716800000,5.287],[1490803200000,5.161],[1490889600000,5.017],[1490976000000,4.962],[1491062400000,4.907],[1491148800000,4.852],[1491235200000,4.856],[1491321600000,4.859],[1491408000000,4.915],[1491494400000,5.001],[1491580800000,5.016],[1491667200000,5.031],[1491753600000,4.867],[1491840000000,4.616],[1491926400000,4.352],[1492012800000,4.094],[1492099200000,3.878],[1492185600000,3.643],[1492272000000,3.409],[1492358400000,3.386],[1492444800000,3.449],[1492531200000,3.54],[1492617600000,3.646],[1492704000000,3.717],[1492790400000,3.799],[1492876800000,3.88],[1492963200000,3.906],[1493049600000,3.937],[1493136000000,3.898],[1493222400000,3.894],[1493308800000,3.889],[1493395200000,3.889],[1493481600000,3.889],[1493568000000,3.908],[1493654400000,3.916],[1493740800000,3.986],[1493827200000,4.0],[1493913600000,3.948],[1494000000000,3.961],[1494086400000,3.975],[1494172800000,3.963],[1494259200000,3.99],[1494345600000,3.989],[1494432000000,3.985],[1494518400000,4.046],[1494604800000,4.033],[1494691200000,4.02],[1494777600000,3.957],[1494864000000,3.937],[1494950400000,3.95],[1495036800000,3.897],[1495123200000,3.899],[1495209600000,3.884],[1495296000000,3.868],[1495382400000,3.944],[1495468800000,3.889],[1495555200000,3.873],[1495641600000,3.835],[1495728000000,3.84],[1495814400000,3.862],[1495900800000,3.883],[1495987200000,3.889],[1496073600000,3.953],[1496160000000,3.96],[1496246400000,4.018],[1496332800000,4.016],[1496419200000,4.016],[1496505600000,4.016],[1496592000000,3.948],[1496678400000,3.963],[1496764800000,3.888],[1496851200000,3.862],[1496937600000,3.805],[1497024000000,3.819],[1497110400000,3.834],[1497196800000,3.923],[1497283200000,3.919],[1497369600000,4.017],[1497456000000,4.105],[1497542400000,4.177],[1497628800000,4.173],[1497715200000,4.168],[1497801600000,4.043],[1497888000000,4.08],[1497974400000,4.109],[1498060800000,4.165],[1498147200000,4.248],[1498233600000,4.332],[1498320000000,4.416],[1498406400000,4.602],[1498492800000,4.647],[1498579200000,4.571],[1498665600000,4.623],[1498752000000,4.627],[1498838400000,4.626],[1498924800000,4.625],[1499011200000,4.655],[1499097600000,4.668],[1499184000000,4.764],[1499270400000,4.635],[1499356800000,4.5],[1499443200000,4.364],[1499529600000,4.229],[1499616000000,4.086],[1499702400000,3.971],[1499788800000,3.887],[1499875200000,3.87],[1499961600000,3.876],[1500048000000,3.886],[1500134400000,3.896],[1500220800000,3.91],[1500307200000,3.912],[1500393600000,3.935],[1500480000000,3.972],[1500566400000,4.025],[1500652800000,4.078],[1500739200000,4.131],[1500825600000,4.177],[1500912000000,4.218],[1500998400000,4.261],[1501084800000,4.213],[1501171200000,4.219],[1501257600000,4.219],[1501344000000,4.22],[1501430400000,4.224],[1501516800000,4.227],[1501603200000,4.202],[1501689600000,4.253],[1501776000000,4.239],[1501862400000,4.224],[1501948800000,4.209],[1502035200000,4.173],[1502121600000,4.123],[1502208000000,4.066],[1502294400000,4.015],[1502380800000,3.965],[1502467200000,3.91],[1502553600000,3.855],[1502640000000,3.817],[1502726400000,3.792],[1502812800000,3.784],[1502899200000,3.795],[1502985600000,3.831],[1503072000000,3.882],[1503158400000,3.933],[1503244800000,3.985],[1503331200000,4.029],[1503417600000,4.083],[1503504000000,4.124],[1503590400000,4.146],[1503676800000,4.163],[1503763200000,4.18],[1503849600000,4.186],[1503936000000,4.192],[1504022400000,4.192],[1504108800000,4.201],[1504195200000,4.206],[1504281600000,4.213],[1504368000000,4.219],[1504454400000,4.23],[1504540800000,4.245],[1504627200000,4.251],[1504713600000,4.232],[1504800000000,4.203],[1504886400000,4.175],[1504972800000,4.148],[1505059200000,4.125],[1505145600000,4.101],[1505232000000,4.099],[1505318400000,4.12],[1505404800000,4.145],[1505491200000,4.168],[1505577600000,4.191],[1505664000000,4.201],[1505750400000,4.227],[1505836800000,4.253],[1505923200000,4.259],[1506009600000,4.305],[1506096000000,4.343],[1506182400000,4.38],[1506268800000,4.45],[1506355200000,4.486],[1506441600000,4.502],[1506528000000,4.529],[1506614400000,4.509],[1506700800000,4.491],[1506787200000,4.474],[1506873600000,4.629],[1506960000000,4.409],[1507046400000,4.388],[1507132800000,4.371],[1507219200000,4.365],[1507305600000,4.364],[1507392000000,4.364],[1507478400000,4.361],[1507564800000,4.379],[1507651200000,4.397],[1507737600000,4.407],[1507824000000,4.402],[1507910400000,4.393],[1507996800000,4.385],[1508083200000,4.377],[1508169600000,4.351],[1508256000000,4.329],[1508342400000,4.307],[1508428800000,4.33],[1508515200000,4.325],[1508601600000,4.319],[1508688000000,4.315],[1508774400000,4.308],[1508860800000,4.293],[1508947200000,4.274],[1509033600000,4.234],[1509120000000,4.22],[1509206400000,4.206],[1509292800000,4.203],[1509379200000,4.207],[1509465600000,4.234],[1509552000000,4.274],[1509638400000,4.288],[1509724800000,4.307],[1509811200000,4.325],[1509897600000,4.334],[1509984000000,4.328],[1510070400000,4.296],[1510156800000,4.257],[1510243200000,4.247],[1510329600000,4.239],[1510416000000,4.23],[1510502400000,4.222],[1510588800000,4.223],[1510675200000,4.241],[1510761600000,4.267],[1510848000000,4.277],[1510934400000,4.281],[1511020800000,4.285],[1511107200000,4.29],[1511193600000,4.296],[1511280000000,4.295],[1511366400000,4.297],[1511452800000,4.307],[1511539200000,4.325],[1511625600000,4.342],[1511712000000,4.353],[1511798400000,4.365],[1511884800000,4.39],[1511971200000,4.401],[1512057600000,4.387],[1512144000000,4.369],[1512230400000,4.351],[1512316800000,4.343],[1512403200000,4.328],[1512489600000,4.292],[1512576000000,4.268],[1512662400000,4.259],[1512748800000,4.255],[1512835200000,4.251],[1512921600000,4.232],[1513008000000,4.23],[1513094400000,4.242],[1513180800000,4.26],[1513267200000,4.28],[1513353600000,4.298],[1513440000000,4.316],[1513526400000,4.35],[1513612800000,4.379],[1513699200000,4.395],[1513785600000,4.39],[1513872000000,4.399],[1513958400000,4.413],[1514044800000,4.427],[1514131200000,4.433],[1514217600000,4.437],[1514304000000,4.471],[1514390400000,4.544],[1514476800000,4.576],[1514563200000,4.6],[1514649600000,4.623],[1514736000000,4.646],[1514822400000,4.687],[1514908800000,4.743],[1514995200000,4.78],[1515081600000,4.784],[1515168000000,4.789],[1515254400000,4.794],[1515340800000,4.813],[1515427200000,4.784],[1515513600000,4.718],[1515600000000,4.625],[1515686400000,4.606],[1515772800000,4.591],[1515859200000,4.57],[1515945600000,4.547],[1516032000000,4.534],[1516118400000,4.512],[1516204800000,4.505],[1516291200000,4.481],[1516377600000,4.456],[1516464000000,4.437],[1516550400000,4.4],[1516636800000,4.376],[1516723200000,4.341],[1516809600000,4.312],[1516896000000,4.284],[1516982400000,4.251],[1517068800000,4.219],[1517155200000,4.2],[1517241600000,4.185],[1517328000000,4.195],[1517414400000,4.178],[1517500800000,4.18],[1517587200000,4.178],[1517673600000,4.175],[1517760000000,4.161],[1517846400000,4.14]];
/*资产配置*/
var Data_assetAllocationCurrency ={"categories":["12-31","09-30","06-30","03-29"],"series":[{"name":"股票","data":[null,null,null,null]},{"name":"债券","data":[45.76,49.63,58.26,5.29]},{"name":"现金","data":[33.45,18.05,4.83,12.37]}]};
/*累计收益率走势*/
var Data_grandTotal = [{"name":"金鹰增益货币A","data":[[1501948800000,0],[1502035200000,0.01],[1502121600000,0.02],[1502208000000,0.03],[1502294400000,0.04],[1502380800000,0.05],[1502467200000,0.06],[1502553600000,0.07],[1502640000000,0.08],[1502726400000,0.09],[1502812800000,0.10],[1502899200000,0.11],[1502985600000,0.12],[1503072000000,0.14],[1503158400000,0.15],[1503244800000,0.16],[1503331200000,0.17],[1503417600000,0.18],[1503504000000,0.19],[1503590400000,0.20],[1503676800000,0.21],[1503763200000,0.23],[1503849600000,0.24],[1503936000000,0.25],[1504022400000,0.26],[1504108800000,0.27],[1504195200000,0.28],[1504281600000,0.29],[1504368000000,0.30],[1504454400000,0.32],[1504540800000,0.33],[1504627200000,0.34],[1504713600000,0.35],[1504800000000,0.36],[1504886400000,0.37],[1504972800000,0.38],[1505059200000,0.39],[1505145600000,0.41],[1505232000000,0.42],[1505318400000,0.43],[1505404800000,0.44],[1505491200000,0.45],[1505577600000,0.46],[1505664000000,0.47],[1505750400000,0.48],[1505836800000,0.50],[1505923200000,0.51],[1506009600000,0.52],[1506096000000,0.53],[1506182400000,0.54],[1506268800000,0.56],[1506355200000,0.57],[1506441600000,0.58],[1506528000000,0.59],[1506614400000,0.61],[1506700800000,0.62],[1506787200000,0.63],[1506873600000,0.64],[1506960000000,0.65],[1507046400000,0.66],[1507132800000,0.68],[1507219200000,0.69],[1507305600000,0.70],[1507392000000,0.71],[1507478400000,0.72],[1507564800000,0.74],[1507651200000,0.75],[1507737600000,0.76],[1507824000000,0.77],[1507910400000,0.78],[1507996800000,0.79],[1508083200000,0.81],[1508169600000,0.82],[1508256000000,0.83],[1508342400000,0.84],[1508428800000,0.85],[1508515200000,0.86],[1508601600000,0.88],[1508688000000,0.89],[1508774400000,0.90],[1508860800000,0.91],[1508947200000,0.92],[1509033600000,0.93],[1509120000000,0.94],[1509206400000,0.96],[1509292800000,0.97],[1509379200000,0.98],[1509465600000,0.99],[1509552000000,1.00],[1509638400000,1.01],[1509724800000,1.03],[1509811200000,1.04],[1509897600000,1.05],[1509984000000,1.06],[1510070400000,1.07],[1510156800000,1.08],[1510243200000,1.10],[1510329600000,1.11],[1510416000000,1.12],[1510502400000,1.13],[1510588800000,1.14],[1510675200000,1.15],[1510761600000,1.16],[1510848000000,1.18],[1510934400000,1.19],[1511020800000,1.20],[1511107200000,1.21],[1511193600000,1.22],[1511280000000,1.23],[1511366400000,1.25],[1511452800000,1.26],[1511539200000,1.27],[1511625600000,1.28],[1511712000000,1.29],[1511798400000,1.31],[1511884800000,1.32],[1511971200000,1.33],[1512057600000,1.34],[1512144000000,1.35],[1512230400000,1.36],[1512316800000,1.38],[1512403200000,1.39],[1512489600000,1.40],[1512576000000,1.41],[1512662400000,1.42],[1512748800000,1.43],[1512835200000,1.45],[1512921600000,1.46],[1513008000000,1.47],[1513094400000,1.48],[1513180800000,1.49],[1513267200000,1.50],[1513353600000,1.52],[1513440000000,1.53],[1513526400000,1.54],[1513612800000,1.55],[1513699200000,1.56],[1513785600000,1.58],[1513872000000,1.59],[1513958400000,1.60],[1514044800000,1.61],[1514131200000,1.62],[1514217600000,1.64],[1514304000000,1.65],[1514390400000,1.66],[1514476800000,1.68],[1514563200000,1.69],[1514649600000,1.70],[1514736000000,1.71],[1514822400000,1.73],[1514908800000,1.74],[1514995200000,1.75],[1515081600000,1.77],[1515168000000,1.78],[1515254400000,1.79],[1515340800000,1.81],[1515427200000,1.82],[1515513600000,1.83],[1515600000000,1.84],[1515686400000,1.85],[1515772800000,1.87],[1515859200000,1.88],[1515945600000,1.89],[1516032000000,1.90],[1516118400000,1.92],[1516204800000,1.93],[1516291200000,1.94],[1516377600000,1.95],[1516464000000,1.96],[1516550400000,1.98],[1516636800000,1.99],[1516723200000,2.00],[1516809600000,2.01],[1516896000000,2.02],[1516982400000,2.03],[1517068800000,2.05],[1517155200000,2.06],[1517241600000,2.07],[1517328000000,2.08],[1517414400000,2.09],[1517500800000,2.10],[1517587200000,2.11],[1517673600000,2.13],[1517760000000,2.14],[1517846400000,2.15]]},{"name":"同类平均","data":[[1502035200000,0],[1502121600000,0.01],[1502208000000,0.02],[1502294400000,0.03],[1502380800000,0.04],[1502640000000,0.07],[1502726400000,0.08],[1502812800000,0.09],[1502899200000,0.10],[1502985600000,0.11],[1503244800000,0.14],[1503331200000,0.16],[1503417600000,0.17],[1503504000000,0.18],[1503590400000,0.19],[1503849600000,0.22],[1503936000000,0.23],[1504022400000,0.24],[1504108800000,0.25],[1504195200000,0.26],[1504454400000,0.29],[1504540800000,0.30],[1504627200000,0.31],[1504713600000,0.32],[1504800000000,0.34],[1505059200000,0.37],[1505145600000,0.38],[1505232000000,0.39],[1505318400000,0.40],[1505404800000,0.41],[1505664000000,0.44],[1505750400000,0.45],[1505836800000,0.46],[1505923200000,0.47],[1506009600000,0.48],[1506268800000,0.52],[1506355200000,0.53],[1506441600000,0.54],[1506528000000,0.55],[1506614400000,0.56],[1507478400000,0.67],[1507564800000,0.68],[1507651200000,0.69],[1507737600000,0.71],[1507824000000,0.72],[1508083200000,0.75],[1508169600000,0.76],[1508256000000,0.77],[1508342400000,0.78],[1508428800000,0.79],[1508688000000,0.82],[1508774400000,0.83],[1508860800000,0.84],[1508947200000,0.85],[1509033600000,0.86],[1509292800000,0.90],[1509379200000,0.91],[1509465600000,0.92],[1509552000000,0.93],[1509638400000,0.94],[1509897600000,0.97],[1509984000000,0.98],[1510070400000,0.99],[1510156800000,1.00],[1510243200000,1.01],[1510502400000,1.04],[1510588800000,1.06],[1510675200000,1.07],[1510761600000,1.08],[1510848000000,1.09],[1511107200000,1.12],[1511193600000,1.13],[1511280000000,1.14],[1511366400000,1.15],[1511452800000,1.16],[1511712000000,1.20],[1511798400000,1.21],[1511884800000,1.22],[1511971200000,1.23],[1512057600000,1.24],[1512316800000,1.28],[1512403200000,1.29],[1512489600000,1.30],[1512576000000,1.31],[1512662400000,1.32],[1512921600000,1.35],[1513008000000,1.36],[1513094400000,1.38],[1513180800000,1.39],[1513267200000,1.40],[1513526400000,1.43],[1513612800000,1.44],[1513699200000,1.46],[1513785600000,1.47],[1513872000000,1.48],[1514131200000,1.51],[1514217600000,1.53],[1514304000000,1.54],[1514390400000,1.55],[1514476800000,1.57],[1514822400000,1.62],[1514908800000,1.64],[1514995200000,1.65],[1515081600000,1.66],[1515340800000,1.69],[1515427200000,1.71],[1515513600000,1.72],[1515600000000,1.73],[1515686400000,1.74],[1515945600000,1.77],[1516032000000,1.79],[1516118400000,1.80],[1516204800000,1.81],[1516291200000,1.82],[1516550400000,1.86],[1516636800000,1.87],[1516723200000,1.88],[1516809600000,1.89],[1516896000000,1.90],[1517155200000,1.94],[1517241600000,1.95],[1517328000000,1.96],[1517414400000,1.97],[1517500800000,1.98],[1517760000000,2.02],[1517846400000,2.03]]},{"name":"沪深300","data":[[1502035200000,0],[1502121600000,0.15],[1502208000000,0.11],[1502294400000,-0.29],[1502380800000,-2.13],[1502640000000,-0.86],[1502726400000,-0.56],[1502812800000,-0.68],[1502899200000,-0.15],[1502985600000,-0.06],[1503244800000,0.38],[1503331200000,0.68],[1503417600000,0.79],[1503504000000,0.21],[1503590400000,1.85],[1503849600000,3.11],[1503936000000,2.89],[1504022400000,2.88],[1504108800000,2.56],[1504195200000,2.78],[1504454400000,3.19],[1504540800000,3.50],[1504627200000,3.29],[1504713600000,2.77],[1504800000000,2.66],[1505059200000,2.65],[1505145600000,2.98],[1505232000000,3.11],[1505318400000,2.77],[1505404800000,2.80],[1505664000000,3.12],[1505750400000,2.83],[1505836800000,3.10],[1505923200000,2.98],[1506009600000,2.98],[1506268800000,2.44],[1506355200000,2.52],[1506441600000,2.53],[1506528000000,2.57],[1506614400000,2.94],[1507478400000,4.17],[1507564800000,4.38],[1507651200000,4.72],[1507737600000,5.00],[1507824000000,5.21],[1508083200000,5.01],[1508169600000,5.00],[1508256000000,5.83],[1508342400000,5.49],[1508428800000,5.37],[1508688000000,5.47],[1508774400000,6.24],[1508860800000,6.71],[1508947200000,7.16],[1509033600000,7.92],[1509292800000,7.59],[1509379200000,7.51],[1509465600000,7.24],[1509552000000,7.25],[1509638400000,7.13],[1509897600000,7.89],[1509984000000,8.79],[1510070400000,8.62],[1510156800000,9.37],[1510243200000,10.33],[1510502400000,10.77],[1510588800000,10.00],[1510675200000,9.31],[1510761600000,10.15],[1510848000000,10.57],[1511107200000,11.19],[1511193600000,13.17],[1511280000000,13.44],[1511366400000,10.08],[1511452800000,10.13],[1511712000000,8.67],[1511798400000,8.83],[1511884800000,8.77],[1511971200000,7.49],[1512057600000,7.28],[1512316800000,7.84],[1512403200000,8.41],[1512489600000,7.76],[1512576000000,6.55],[1512662400000,7.42],[1512921600000,9.20],[1513008000000,7.76],[1513094400000,8.67],[1513180800000,8.03],[1513267200000,6.82],[1513526400000,6.94],[1513612800000,8.28],[1513699200000,8.15],[1513785600000,9.15],[1513872000000,8.80],[1514131200000,8.45],[1514217600000,8.77],[1514304000000,7.09],[1514390400000,7.84],[1514476800000,8.16],[1514822400000,9.68],[1514908800000,10.32],[1514995200000,10.79],[1515081600000,11.05],[1515340800000,11.63],[1515427200000,12.41],[1515513600000,12.91],[1515600000000,12.85],[1515686400000,13.37],[1515945600000,13.37],[1516032000000,14.27],[1516118400000,13.99],[1516204800000,14.61],[1516291200000,14.99],[1516550400000,16.36],[1516636800000,17.60],[1516723200000,17.79],[1516809600000,17.13],[1516896000000,17.56],[1517155200000,15.43],[1517241600000,14.20],[1517328000000,14.73],[1517414400000,13.93],[1517500800000,14.61],[1517760000000,14.69],[1517846400000,11.33]]}];
/*同类排名*/
var Data_rateInSimilarType = [{"x":1498406400000,"y":133,"sc":"579"},{"x":1498492800000,"y":139,"sc":"579"},{"x":1498579200000,"y":145,"sc":"579"},{"x":1498665600000,"y":145,"sc":"579"},{"x":1498752000000,"y":152,"sc":"582"},{"x":1499011200000,"y":232,"sc":"582"},{"x":1499097600000,"y":169,"sc":"582"},{"x":1499184000000,"y":174,"sc":"583"},{"x":1499270400000,"y":183,"sc":"583"},{"x":1499356800000,"y":199,"sc":"583"},{"x":1499616000000,"y":220,"sc":"583"},{"x":1499702400000,"y":215,"sc":"583"},{"x":1499788800000,"y":211,"sc":"583"},{"x":1499875200000,"y":206,"sc":"583"},{"x":1499961600000,"y":204,"sc":"586"},{"x":1500220800000,"y":203,"sc":"586"},{"x":1500307200000,"y":204,"sc":"586"},{"x":1500393600000,"y":205,"sc":"589"},{"x":1500480000000,"y":210,"sc":"589"},{"x":1500566400000,"y":214,"sc":"593"},{"x":1500825600000,"y":215,"sc":"593"},{"x":1500912000000,"y":214,"sc":"593"},{"x":1500998400000,"y":203,"sc":"594"},{"x":1501084800000,"y":211,"sc":"594"},{"x":1501171200000,"y":206,"sc":"594"},{"x":1501430400000,"y":252,"sc":"594"},{"x":1501516800000,"y":207,"sc":"594"},{"x":1501603200000,"y":204,"sc":"594"},{"x":1501689600000,"y":205,"sc":"594"},{"x":1501776000000,"y":204,"sc":"594"},{"x":1502035200000,"y":206,"sc":"596"},{"x":1502121600000,"y":209,"sc":"596"},{"x":1502208000000,"y":214,"sc":"596"},{"x":1502294400000,"y":219,"sc":"596"},{"x":1502380800000,"y":221,"sc":"596"},{"x":1502640000000,"y":233,"sc":"596"},{"x":1502726400000,"y":234,"sc":"596"},{"x":1502812800000,"y":239,"sc":"596"},{"x":1502899200000,"y":243,"sc":"596"},{"x":1502985600000,"y":239,"sc":"596"},{"x":1503244800000,"y":239,"sc":"597"},{"x":1503331200000,"y":238,"sc":"597"},{"x":1503417600000,"y":232,"sc":"597"},{"x":1503504000000,"y":233,"sc":"596"},{"x":1503590400000,"y":233,"sc":"596"},{"x":1503849600000,"y":282,"sc":"600"},{"x":1503936000000,"y":302,"sc":"600"},{"x":1504022400000,"y":240,"sc":"600"},{"x":1504108800000,"y":239,"sc":"601"},{"x":1504195200000,"y":234,"sc":"601"},{"x":1504454400000,"y":232,"sc":"601"},{"x":1504540800000,"y":230,"sc":"601"},{"x":1504627200000,"y":230,"sc":"601"},{"x":1504713600000,"y":223,"sc":"601"},{"x":1504800000000,"y":216,"sc":"601"},{"x":1505059200000,"y":217,"sc":"603"},{"x":1505145600000,"y":216,"sc":"603"},{"x":1505232000000,"y":216,"sc":"603"},{"x":1505318400000,"y":222,"sc":"605"},{"x":1505404800000,"y":220,"sc":"605"},{"x":1505664000000,"y":214,"sc":"606"},{"x":1505750400000,"y":205,"sc":"606"},{"x":1505836800000,"y":202,"sc":"603"},{"x":1505923200000,"y":202,"sc":"603"},{"x":1506009600000,"y":200,"sc":"603"},{"x":1506268800000,"y":200,"sc":"603"},{"x":1506355200000,"y":199,"sc":"603"},{"x":1506441600000,"y":196,"sc":"604"},{"x":1506528000000,"y":188,"sc":"604"},{"x":1506614400000,"y":191,"sc":"606"},{"x":1507478400000,"y":186,"sc":"606"},{"x":1507564800000,"y":183,"sc":"607"},{"x":1507651200000,"y":182,"sc":"607"},{"x":1507737600000,"y":178,"sc":"611"},{"x":1507824000000,"y":177,"sc":"611"},{"x":1508083200000,"y":175,"sc":"612"},{"x":1508169600000,"y":166,"sc":"612"},{"x":1508256000000,"y":163,"sc":"611"},{"x":1508342400000,"y":159,"sc":"611"},{"x":1508428800000,"y":157,"sc":"611"},{"x":1508688000000,"y":152,"sc":"606"},{"x":1508774400000,"y":149,"sc":"606"},{"x":1508860800000,"y":147,"sc":"607"},{"x":1508947200000,"y":146,"sc":"607"},{"x":1509033600000,"y":143,"sc":"607"},{"x":1509292800000,"y":144,"sc":"609"},{"x":1509379200000,"y":141,"sc":"610"},{"x":1509465600000,"y":140,"sc":"610"},{"x":1509552000000,"y":140,"sc":"613"},{"x":1509638400000,"y":141,"sc":"617"},{"x":1509897600000,"y":144,"sc":"621"},{"x":1509984000000,"y":144,"sc":"621"},{"x":1510070400000,"y":142,"sc":"621"},{"x":1510156800000,"y":137,"sc":"623"},{"x":1510243200000,"y":131,"sc":"623"},{"x":1510502400000,"y":122,"sc":"633"},{"x":1510588800000,"y":116,"sc":"635"},{"x":1510675200000,"y":112,"sc":"635"},{"x":1510761600000,"y":110,"sc":"635"},{"x":1510848000000,"y":107,"sc":"636"},{"x":1511107200000,"y":101,"sc":"636"},{"x":1511193600000,"y":103,"sc":"636"},{"x":1511280000000,"y":102,"sc":"636"},{"x":1511366400000,"y":103,"sc":"636"},{"x":1511452800000,"y":101,"sc":"637"},{"x":1511712000000,"y":96,"sc":"640"},{"x":1511798400000,"y":95,"sc":"640"},{"x":1511884800000,"y":94,"sc":"640"},{"x":1511971200000,"y":93,"sc":"641"},{"x":1512057600000,"y":92,"sc":"643"},{"x":1512316800000,"y":92,"sc":"643"},{"x":1512403200000,"y":92,"sc":"643"},{"x":1512489600000,"y":92,"sc":"643"},{"x":1512576000000,"y":95,"sc":"644"},{"x":1512662400000,"y":94,"sc":"652"},{"x":1512921600000,"y":95,"sc":"652"},{"x":1513008000000,"y":96,"sc":"653"},{"x":1513094400000,"y":95,"sc":"653"},{"x":1513180800000,"y":96,"sc":"654"},{"x":1513267200000,"y":97,"sc":"656"},{"x":1513526400000,"y":99,"sc":"656"},{"x":1513612800000,"y":101,"sc":"656"},{"x":1513699200000,"y":105,"sc":"656"},{"x":1513785600000,"y":106,"sc":"655"},{"x":1513872000000,"y":106,"sc":"655"},{"x":1514131200000,"y":109,"sc":"655"},{"x":1514217600000,"y":113,"sc":"655"},{"x":1514304000000,"y":115,"sc":"654"},{"x":1514390400000,"y":115,"sc":"655"},{"x":1514476800000,"y":118,"sc":"655"},{"x":1514822400000,"y":236,"sc":"655"},{"x":1514908800000,"y":273,"sc":"655"},{"x":1514995200000,"y":299,"sc":"655"},{"x":1515081600000,"y":320,"sc":"655"},{"x":1515340800000,"y":145,"sc":"655"},{"x":1515427200000,"y":147,"sc":"655"},{"x":1515513600000,"y":150,"sc":"656"},{"x":1515600000000,"y":147,"sc":"657"},{"x":1515686400000,"y":148,"sc":"657"},{"x":1515945600000,"y":146,"sc":"657"},{"x":1516032000000,"y":147,"sc":"657"},{"x":1516118400000,"y":149,"sc":"657"},{"x":1516204800000,"y":154,"sc":"657"},{"x":1516291200000,"y":156,"sc":"657"},{"x":1516550400000,"y":166,"sc":"657"},{"x":1516636800000,"y":168,"sc":"657"},{"x":1516723200000,"y":172,"sc":"657"},{"x":1516809600000,"y":173,"sc":"657"},{"x":1516896000000,"y":175,"sc":"655"},{"x":1517155200000,"y":188,"sc":"656"},{"x":1517241600000,"y":193,"sc":"656"},{"x":1517328000000,"y":200,"sc":"656"},{"x":1517414400000,"y":205,"sc":"656"},{"x":1517500800000,"y":210,"sc":"656"},{"x":1517760000000,"y":219,"sc":"656"},{"x":1517846400000,"y":222,"sc":"656"}];
/*百分比排名*/
var Data_rateInSimilarPersent = [[1498406400000,77.0300],[1498492800000,75.9900],[1498579200000,74.9600],[1498665600000,74.9600],[1498752000000,73.8800],[1499011200000,60.1400],[1499097600000,70.9600],[1499184000000,70.1500],[1499270400000,68.6100],[1499356800000,65.8700],[1499616000000,62.2600],[1499702400000,63.1200],[1499788800000,63.8100],[1499875200000,64.6700],[1499961600000,65.1900],[1500220800000,65.3600],[1500307200000,65.1900],[1500393600000,65.2000],[1500480000000,64.3500],[1500566400000,63.9100],[1500825600000,63.7400],[1500912000000,63.9100],[1500998400000,65.8200],[1501084800000,64.4800],[1501171200000,65.3200],[1501430400000,57.5800],[1501516800000,65.1500],[1501603200000,65.6600],[1501689600000,65.4900],[1501776000000,65.6600],[1502035200000,65.4400],[1502121600000,64.9300],[1502208000000,64.0900],[1502294400000,63.2600],[1502380800000,62.9200],[1502640000000,60.9100],[1502726400000,60.7400],[1502812800000,59.9000],[1502899200000,59.2300],[1502985600000,59.9000],[1503244800000,59.9700],[1503331200000,60.1300],[1503417600000,61.1400],[1503504000000,60.9100],[1503590400000,60.9100],[1503849600000,53.00],[1503936000000,49.6700],[1504022400000,60.00],[1504108800000,60.2300],[1504195200000,61.0600],[1504454400000,61.4000],[1504540800000,61.7300],[1504627200000,61.7300],[1504713600000,62.9000],[1504800000000,64.0600],[1505059200000,64.0100],[1505145600000,64.1800],[1505232000000,64.1800],[1505318400000,63.3100],[1505404800000,63.6400],[1505664000000,64.6900],[1505750400000,66.1700],[1505836800000,66.5000],[1505923200000,66.5000],[1506009600000,66.8300],[1506268800000,66.8300],[1506355200000,67.00],[1506441600000,67.5500],[1506528000000,68.8700],[1506614400000,68.4800],[1507478400000,69.3100],[1507564800000,69.8500],[1507651200000,70.0200],[1507737600000,70.8700],[1507824000000,71.0300],[1508083200000,71.4100],[1508169600000,72.8800],[1508256000000,73.3200],[1508342400000,73.9800],[1508428800000,74.3000],[1508688000000,74.9200],[1508774400000,75.4100],[1508860800000,75.7800],[1508947200000,75.9500],[1509033600000,76.4400],[1509292800000,76.3500],[1509379200000,76.8900],[1509465600000,77.0500],[1509552000000,77.1600],[1509638400000,77.1500],[1509897600000,76.8100],[1509984000000,76.8100],[1510070400000,77.1300],[1510156800000,78.0100],[1510243200000,78.9700],[1510502400000,80.7300],[1510588800000,81.7300],[1510675200000,82.3600],[1510761600000,82.6800],[1510848000000,83.1800],[1511107200000,84.1200],[1511193600000,83.8100],[1511280000000,83.9600],[1511366400000,83.8100],[1511452800000,84.1400],[1511712000000,85.00],[1511798400000,85.1600],[1511884800000,85.3100],[1511971200000,85.4900],[1512057600000,85.6900],[1512316800000,85.6900],[1512403200000,85.6900],[1512489600000,85.6900],[1512576000000,85.2500],[1512662400000,85.5800],[1512921600000,85.4300],[1513008000000,85.3000],[1513094400000,85.4500],[1513180800000,85.3200],[1513267200000,85.2100],[1513526400000,84.9100],[1513612800000,84.6000],[1513699200000,83.9900],[1513785600000,83.8200],[1513872000000,83.8200],[1514131200000,83.3600],[1514217600000,82.7500],[1514304000000,82.4200],[1514390400000,82.4400],[1514476800000,81.9800],[1514822400000,63.9700],[1514908800000,58.3200],[1514995200000,54.3500],[1515081600000,51.1500],[1515340800000,77.8600],[1515427200000,77.5600],[1515513600000,77.1300],[1515600000000,77.6300],[1515686400000,77.4700],[1515945600000,77.7800],[1516032000000,77.6300],[1516118400000,77.3200],[1516204800000,76.5600],[1516291200000,76.2600],[1516550400000,74.7300],[1516636800000,74.4300],[1516723200000,73.8200],[1516809600000,73.6700],[1516896000000,73.2800],[1517155200000,71.3400],[1517241600000,70.5800],[1517328000000,69.5100],[1517414400000,68.7500],[1517500800000,67.9900],[1517760000000,66.6200],[1517846400000,66.1600]];
/*规模变动*/
var Data_fluctuationScale = {"categories":["2017-04-06","2017-04-07","2017-06-30","2017-09-30","2017-12-31"],"series":[{"y":0.10,"mom":"0.01%"},{"y":0.10,"mom":"0.01%"},{"y":3.91,"mom":"3733.57%"},{"y":2.67,"mom":"-31.64%"},{"y":2.82,"mom":"5.67%"}]};;
/*持有人结构*/
var Data_holderStructure = {"series":[{"name":"机构持有比例","data":[0.59]},{"name":"个人持有比例","data":[99.41]},{"name":"内部持有比例","data":[0.0]}],"categories":["2017-06-30"]};
/*申购赎回*/
var Data_assetAllocation ={"series":[{"name":"期间申购","data":[23.69,2.17,5.07]},{"name":"期间赎回","data":[19.88,3.41,4.92]},{"name":"总份额","data":[3.91,2.67,2.82]}],"categories":["2017-06-30","2017-09-30","2017-12-31"]};
/*现任基金经理*/
var Data_currentFundManager = [{"id":"30194665","pic":"https://pdf.dfcfw.com/pdf/H8_JPG30194665_1.jpg","name":"刘丽娟","star":4,"workTime":"2年又201天","fundSize":"308.62亿(22只基金)","power":{"avr":"60.37","categories":["经验值","收益率","抗风险","稳定性","管理规模"],"dsc":["反映基金经理从业年限和管理基金的经验","根据基金经理投资的阶段收益评分，反映\u003cbr\u003e基金经理投资的盈利能力","反映基金经理投资的回撤控制能力","反映基金经理投资收益的波动","根据基金经理现任管理基金资产规模评分"],"data":[47.90,62.30,50.0,68.40,62.50],"jzrq":"2018-02-06"},"profit":{"categories":["任期收益","同类平均"],"series":[{"data":[{"name":null,"color":"#7cb5ec","y":3.7121},{"name":null,"color":"#414c7b","y":3.51}]}],"jzrq":"2018-02-06"}}] ;
/*同类型基金涨幅榜（页面底部通栏）*/
var swithSameType = [['002895_华夏天利货币B_5.8750','002894_华夏天利货币A_5.6210','004398_融通现金宝货币B_5.3370','000902_国开货币B_5.3360','001478_泰康薪意保货币B_5.1400'],['002895_华夏天利货币B_5.26','004973_长城收益宝货币B_5.08','004904_人保货币B_5.05','002884_华润元大现金通货币B_5.01','002894_华夏天利货币A_5.01'],['004973_长城收益宝货币B_5.05','004770_海富通添益货币A_4.99','002884_华润元大现金通货币B_4.99','005151_红土创新优淳货币B_4.90','002895_华夏天利货币B_4.89'],['004770_海富通添益货币A_5.39','004973_长城收益宝货币B_5.13','002884_华润元大现金通货币B_5.03','002895_华夏天利货币B_5.03','004398_融通现金宝货币B_5.01'],['003679_中融现金增利货币C_4.67','003474_南方天天利货币B_4.55','000836_国投瑞银钱多宝货币A_4.52','000837_国投瑞银钱多宝货币I_4.52','003753_工银如意货币B_4.51']];