/**
 * 测试数据
 * @type {arry}
 */
/*2018-02-07 18:00:23*/
//基金或股票信息
var fS_name = "浙商日添金货币A";
var fS_code = "003874";
var fund_minsg="100";
var ishb=true;
/*原费率*/
var fund_sourceRate="0";
/*现费率*/
var fund_Rate="0";
/*最小申购金额*/
var fund_minsg="100";
/*收益率*/
/*近一年收益率*/
var syl_1n="4.0105";
/*近6月收益率*/
var syl_6y="2.034";
/*近三月收益率*/
var syl_3y="1.049";
/*近一月收益率*/
var syl_1y="0.3511";
/* 基金收益走势图 每万份收益*/
var Data_millionCopiesIncome = [[1480608000000,0.7848],[1481212800000,0.8175],[1481817600000,0.8177],[1482422400000,0.8618],[1483027200000,0.8572],[1483113600000,0.837],[1483632000000,0.852],[1484236800000,0.8475],[1484496000000,0.8466],[1484582400000,0.8465],[1484668800000,0.6904],[1484755200000,0.8454],[1484841600000,0.8418],[1485014400000,0.8105],[1485100800000,0.8285],[1485187200000,0.8753],[1485273600000,0.8756],[1485360000000,0.8785],[1485964800000,6.1498],[1486051200000,0.8767],[1486224000000,1.732],[1486310400000,0.8638],[1486396800000,0.8667],[1486483200000,0.8639],[1486569600000,0.8652],[1486656000000,0.8743],[1486828800000,1.7248],[1486915200000,0.8636],[1487001600000,0.8611],[1487088000000,0.8616],[1487174400000,0.8607],[1487260800000,0.8634],[1487433600000,1.7331],[1487520000000,0.8647],[1487606400000,0.867],[1487692800000,1.0697],[1487779200000,1.0218],[1487865600000,1.0118],[1488038400000,2.0236],[1488124800000,1.0116],[1488211200000,1.0082],[1488297600000,1.0013],[1488384000000,1.0082],[1488470400000,1.0048],[1488643200000,2.0095],[1488729600000,1.0045],[1488816000000,1.0114],[1488902400000,1.0222],[1488988800000,1.0151],[1489075200000,1.0152],[1489248000000,2.0304],[1489334400000,1.0221],[1489420800000,1.012],[1489507200000,1.0119],[1489593600000,1.0309],[1489680000000,1.0299],[1489852800000,2.0598],[1489939200000,1.0376],[1490025600000,1.0491],[1490112000000,1.0738],[1490198400000,1.0969],[1490284800000,1.1161],[1490457600000,2.2167],[1490544000000,1.1157],[1490630400000,1.1161],[1490716800000,1.1164],[1490803200000,1.1139],[1490889600000,1.1266],[1491235200000,4.4708],[1491321600000,1.13],[1491408000000,1.1254],[1491494400000,1.1281],[1491667200000,2.2487],[1491753600000,1.1207],[1491840000000,1.1211],[1491926400000,1.1171],[1492012800000,1.1093],[1492099200000,1.1097],[1492272000000,2.2194],[1492358400000,1.1055],[1492444800000,1.102],[1492531200000,1.1018],[1492617600000,1.0785],[1492704000000,1.0784],[1492876800000,2.1491],[1492963200000,1.0668],[1493049600000,1.0578],[1493136000000,1.0501],[1493222400000,1.0502],[1493308800000,1.0501],[1493568000000,3.1503],[1493654400000,1.0499],[1493740800000,1.0453],[1493827200000,1.0265],[1493913600000,1.0454],[1494086400000,2.0907],[1494172800000,1.0452],[1494259200000,1.0479],[1494345600000,1.0483],[1494432000000,1.0485],[1494518400000,1.0484],[1494691200000,2.0968],[1494777600000,1.0483],[1494864000000,1.0482],[1494950400000,1.0483],[1495036800000,1.0482],[1495123200000,1.0481],[1495296000000,2.0962],[1495382400000,1.044],[1495468800000,1.0441],[1495555200000,1.0402],[1495641600000,1.0365],[1495728000000,1.0364],[1496073600000,4.1455],[1496160000000,1.0358],[1496246400000,1.0472],[1496332800000,1.0473],[1496505600000,2.0831],[1496592000000,1.0665],[1496678400000,1.0815],[1496764800000,1.0853],[1496851200000,1.0937],[1496937600000,1.0979],[1497110400000,2.1958],[1497196800000,1.1053],[1497283200000,1.1052],[1497369600000,1.1172],[1497456000000,1.1372],[1497542400000,1.137],[1497715200000,2.2741],[1497801600000,1.1484],[1497888000000,1.1736],[1497974400000,1.1974],[1498060800000,1.2176],[1498147200000,1.2019],[1498320000000,2.4038],[1498406400000,1.2107],[1498492800000,1.2255],[1498579200000,1.2253],[1498665600000,1.2224],[1498752000000,1.2259],[1498924800000,2.4519],[1499011200000,1.2069],[1499097600000,1.2063],[1499184000000,1.1802],[1499270400000,1.1824],[1499356800000,1.1639],[1499529600000,2.3277],[1499616000000,1.1414],[1499702400000,1.1228],[1499788800000,1.1232],[1499875200000,1.101],[1499961600000,1.0902],[1500134400000,2.1877],[1500220800000,1.0676],[1500307200000,1.0566],[1500393600000,1.0454],[1500480000000,1.0341],[1500566400000,1.0154],[1500739200000,2.0308],[1500825600000,1.0151],[1500912000000,1.015],[1500998400000,1.0149],[1501084800000,1.011],[1501171200000,1.0111],[1501344000000,2.0222],[1501430400000,1.0109],[1501516800000,1.0148],[1501603200000,1.0149],[1501689600000,1.011],[1501776000000,1.0109],[1501948800000,2.0142],[1502035200000,1.0106],[1502121600000,1.0067],[1502208000000,1.0103],[1502294400000,1.0065],[1502380800000,1.0064],[1502553600000,1.9939],[1502640000000,1.0061],[1502726400000,1.0061],[1502812800000,1.006],[1502899200000,1.0096],[1502985600000,1.0058],[1503158400000,2.0115],[1503244800000,1.0018],[1503331200000,1.0018],[1503417600000,0.9903],[1503504000000,0.9902],[1503590400000,0.9863],[1503763200000,1.9725],[1503849600000,0.9898],[1503936000000,0.9904],[1504022400000,0.9941],[1504108800000,0.9978],[1504195200000,0.9977],[1504368000000,1.9954],[1504454400000,0.9975],[1504540800000,1.0013],[1504627200000,0.9973],[1504713600000,1.0011],[1504800000000,1.0044],[1504972800000,1.9782],[1505059200000,1.0097],[1505145600000,1.0193],[1505232000000,1.0276],[1505318400000,1.0405],[1505404800000,1.0488],[1505577600000,2.0892],[1505664000000,1.0525],[1505750400000,1.0776],[1505836800000,1.0906],[1505923200000,1.0947],[1506009600000,1.1078],[1506182400000,2.1902],[1506268800000,1.1117],[1506355200000,1.1122],[1506441600000,1.1419],[1506528000000,1.1588],[1506614400000,1.1587],[1507392000000,10.411],[1507478400000,1.1361],[1507564800000,1.1314],[1507651200000,1.1355],[1507737600000,1.1276],[1507824000000,1.1233],[1507996800000,2.2337],[1508083200000,1.1144],[1508169600000,1.0978],[1508256000000,1.0642],[1508342400000,1.0427],[1508428800000,1.0343],[1508601600000,2.0685],[1508688000000,1.0296],[1508774400000,1.0209],[1508860800000,1.0208],[1508947200000,1.0336],[1509033600000,1.0252],[1509206400000,2.0503],[1509292800000,1.0465],[1509379200000,1.0853],[1509465600000,1.0857],[1509552000000,1.0813],[1509638400000,1.0812],[1509811200000,2.1623],[1509897600000,1.0765],[1509984000000,1.0413],[1510070400000,1.0332],[1510156800000,1.0333],[1510243200000,1.0289],[1510416000000,2.0142],[1510502400000,1.0286],[1510588800000,1.0288],[1510675200000,1.0291],[1510761600000,1.0339],[1510848000000,1.0431],[1511020800000,2.0861],[1511107200000,1.0383],[1511193600000,1.0476],[1511280000000,1.0609],[1511366400000,1.0697],[1511452800000,1.079],[1511625600000,2.1669],[1511712000000,1.101],[1511798400000,1.1143],[1511884800000,1.1097],[1511971200000,1.1051],[1512057600000,1.096],[1512230400000,2.1921],[1512316800000,1.0778],[1512403200000,1.0732],[1512489600000,1.0857],[1512576000000,1.1033],[1512662400000,1.121],[1512835200000,2.2419],[1512921600000,1.1294],[1513008000000,1.1471],[1513094400000,1.1691],[1513180800000,1.1689],[1513267200000,1.1688],[1513440000000,2.3155],[1513526400000,1.1703],[1513612800000,1.1702],[1513699200000,1.1745],[1513785600000,1.1699],[1513872000000,1.1698],[1514044800000,2.3396],[1514131200000,1.2319],[1514217600000,1.2898],[1514304000000,1.4324],[1514390400000,1.5125],[1514476800000,1.5123],[1514649600000,3.0246],[1514736000000,1.5123],[1514822400000,1.4534],[1514908800000,1.3819],[1514995200000,1.2257],[1515081600000,1.1587],[1515254400000,2.3085],[1515340800000,1.164],[1515427200000,1.1297],[1515513600000,1.104],[1515600000000,1.0996],[1515686400000,1.1045],[1515859200000,2.179],[1515945600000,1.089],[1516032000000,1.0847],[1516118400000,1.0918],[1516204800000,1.0917],[1516291200000,1.0915],[1516464000000,2.1831],[1516550400000,1.0956],[1516636800000,1.0829],[1516723200000,1.067],[1516809600000,1.0713],[1516896000000,1.0673],[1517068800000,2.1345],[1517155200000,1.0669],[1517241600000,1.1113],[1517328000000,1.0978],[1517414400000,1.0977],[1517500800000,1.0976],[1517673600000,2.1685],[1517760000000,1.0928],[1517846400000,1.0742]];
/*基金收益走势图   7日年化收益率*/
var Data_sevenDaysYearIncome = [[1480608000000,3.898],[1481212800000,3.084],[1481817600000,3.061],[1482422400000,3.209],[1483027200000,3.179],[1483113600000,3.168],[1483632000000,3.152],[1484236800000,3.142],[1484496000000,3.141],[1484582400000,3.14],[1484668800000,3.055],[1484755200000,3.054],[1484841600000,3.051],[1485014400000,3.012],[1485100800000,3.002],[1485187200000,3.018],[1485273600000,3.117],[1485360000000,3.135],[1485964800000,3.258],[1486051200000,3.257],[1486224000000,3.244],[1486310400000,3.236],[1486396800000,3.23],[1486483200000,3.222],[1486569600000,3.215],[1486656000000,3.213],[1486828800000,3.209],[1486915200000,3.209],[1487001600000,3.206],[1487088000000,3.205],[1487174400000,3.203],[1487260800000,3.197],[1487433600000,3.201],[1487520000000,3.202],[1487606400000,3.205],[1487692800000,3.317],[1487779200000,3.404],[1487865600000,3.484],[1488038400000,3.641],[1488124800000,3.72],[1488211200000,3.797],[1488297600000,3.76],[1488384000000,3.752],[1488470400000,3.748],[1488643200000,3.741],[1488729600000,3.737],[1488816000000,3.739],[1488902400000,3.75],[1488988800000,3.754],[1489075200000,3.759],[1489248000000,3.771],[1489334400000,3.78],[1489420800000,3.781],[1489507200000,3.775],[1489593600000,3.784],[1489680000000,3.791],[1489852800000,3.807],[1489939200000,3.816],[1490025600000,3.836],[1490112000000,3.869],[1490198400000,3.905],[1490284800000,3.952],[1490457600000,4.037],[1490544000000,4.079],[1490630400000,4.116],[1490716800000,4.139],[1490803200000,4.148],[1490889600000,4.154],[1491235200000,4.166],[1491321600000,4.173],[1491408000000,4.179],[1491494400000,4.18],[1491667200000,4.184],[1491753600000,4.187],[1491840000000,4.191],[1491926400000,4.184],[1492012800000,4.175],[1492099200000,4.165],[1492272000000,4.149],[1492358400000,4.141],[1492444800000,4.131],[1492531200000,4.122],[1492617600000,4.106],[1492704000000,4.089],[1492876800000,4.05],[1492963200000,4.029],[1493049600000,4.005],[1493136000000,3.977],[1493222400000,3.962],[1493308800000,3.947],[1493568000000,3.911],[1493654400000,3.907],[1493740800000,3.904],[1493827200000,3.892],[1493913600000,3.889],[1494086400000,3.884],[1494172800000,3.881],[1494259200000,3.88],[1494345600000,3.882],[1494432000000,3.894],[1494518400000,3.895],[1494691200000,3.899],[1494777600000,3.9],[1494864000000,3.9],[1494950400000,3.9],[1495036800000,3.9],[1495123200000,3.9],[1495296000000,3.9],[1495382400000,3.897],[1495468800000,3.895],[1495555200000,3.891],[1495641600000,3.885],[1495728000000,3.878],[1496073600000,3.857],[1496160000000,3.855],[1496246400000,3.861],[1496332800000,3.867],[1496505600000,3.872],[1496592000000,3.888],[1496678400000,3.913],[1496764800000,3.94],[1496851200000,3.965],[1496937600000,3.992],[1497110400000,4.053],[1497196800000,4.074],[1497283200000,4.087],[1497369600000,4.105],[1497456000000,4.128],[1497542400000,4.149],[1497715200000,4.192],[1497801600000,4.215],[1497888000000,4.253],[1497974400000,4.296],[1498060800000,4.34],[1498147200000,4.375],[1498320000000,4.446],[1498406400000,4.48],[1498492800000,4.508],[1498579200000,4.523],[1498665600000,4.526],[1498752000000,4.539],[1498924800000,4.565],[1499011200000,4.563],[1499097600000,4.553],[1499184000000,4.528],[1499270400000,4.506],[1499356800000,4.472],[1499529600000,4.405],[1499616000000,4.369],[1499702400000,4.324],[1499788800000,4.293],[1499875200000,4.249],[1499961600000,4.209],[1500134400000,4.133],[1500220800000,4.092],[1500307200000,4.057],[1500393600000,4.014],[1500480000000,3.978],[1500566400000,3.938],[1500739200000,3.852],[1500825600000,3.824],[1500912000000,3.802],[1500998400000,3.785],[1501084800000,3.773],[1501171200000,3.77],[1501344000000,3.766],[1501430400000,3.763],[1501516800000,3.763],[1501603200000,3.763],[1501689600000,3.763],[1501776000000,3.763],[1501948800000,3.759],[1502035200000,3.759],[1502121600000,3.754],[1502208000000,3.752],[1502294400000,3.749],[1502380800000,3.747],[1502553600000,3.736],[1502640000000,3.733],[1502726400000,3.733],[1502812800000,3.731],[1502899200000,3.732],[1502985600000,3.732],[1503158400000,3.742],[1503244800000,3.739],[1503331200000,3.737],[1503417600000,3.729],[1503504000000,3.718],[1503590400000,3.708],[1503763200000,3.686],[1503849600000,3.68],[1503936000000,3.674],[1504022400000,3.676],[1504108800000,3.68],[1504195200000,3.686],[1504368000000,3.698],[1504454400000,3.703],[1504540800000,3.708],[1504627200000,3.71],[1504713600000,3.712],[1504800000000,3.716],[1504972800000,3.706],[1505059200000,3.713],[1505145600000,3.723],[1505232000000,3.739],[1505318400000,3.76],[1505404800000,3.784],[1505577600000,3.844],[1505664000000,3.868],[1505750400000,3.899],[1505836800000,3.933],[1505923200000,3.963],[1506009600000,3.995],[1506182400000,4.049],[1506268800000,4.082],[1506355200000,4.1],[1506441600000,4.128],[1506528000000,4.163],[1506614400000,4.191],[1507392000000,4.31],[1507478400000,4.298],[1507564800000,4.283],[1507651200000,4.271],[1507737600000,4.256],[1507824000000,4.239],[1507996800000,4.198],[1508083200000,4.187],[1508169600000,4.168],[1508256000000,4.13],[1508342400000,4.084],[1508428800000,4.035],[1508601600000,3.946],[1508688000000,3.9],[1508774400000,3.858],[1508860800000,3.835],[1508947200000,3.83],[1509033600000,3.825],[1509206400000,3.815],[1509292800000,3.824],[1509379200000,3.859],[1509465600000,3.894],[1509552000000,3.92],[1509638400000,3.95],[1509811200000,4.011],[1509897600000,4.027],[1509984000000,4.003],[1510070400000,3.975],[1510156800000,3.949],[1510243200000,3.921],[1510416000000,3.84],[1510502400000,3.814],[1510588800000,3.808],[1510675200000,3.805],[1510761600000,3.806],[1510848000000,3.813],[1511020800000,3.852],[1511107200000,3.858],[1511193600000,3.868],[1511280000000,3.885],[1511366400000,3.904],[1511452800000,3.924],[1511625600000,3.968],[1511712000000,4.002],[1511798400000,4.038],[1511884800000,4.064],[1511971200000,4.083],[1512057600000,4.093],[1512230400000,4.106],[1512316800000,4.094],[1512403200000,4.071],[1512489600000,4.058],[1512576000000,4.057],[1512662400000,4.071],[1512835200000,4.098],[1512921600000,4.126],[1513008000000,4.166],[1513094400000,4.212],[1513180800000,4.247],[1513267200000,4.273],[1513440000000,4.313],[1513526400000,4.335],[1513612800000,4.348],[1513699200000,4.351],[1513785600000,4.351],[1513872000000,4.352],[1514044800000,4.365],[1514131200000,4.399],[1514217600000,4.464],[1514304000000,4.604],[1514390400000,4.791],[1514476800000,4.979],[1514649600000,5.354],[1514736000000,5.508],[1514822400000,5.598],[1514908800000,5.571],[1514995200000,5.413],[1515081600000,5.219],[1515254400000,4.826],[1515340800000,4.636],[1515427200000,4.46],[1515513600000,4.309],[1515600000000,4.24],[1515686400000,4.211],[1515859200000,4.14],[1515945600000,4.1],[1516032000000,4.075],[1516118400000,4.069],[1516204800000,4.064],[1516291200000,4.057],[1516464000000,4.059],[1516550400000,4.063],[1516636800000,4.062],[1516723200000,4.049],[1516809600000,4.037],[1516896000000,4.024],[1517068800000,3.998],[1517155200000,3.983],[1517241600000,3.998],[1517328000000,4.015],[1517414400000,4.029],[1517500800000,4.045],[1517673600000,4.064],[1517760000000,4.078],[1517846400000,4.058]];
/*资产配置*/
var Data_assetAllocationCurrency ={"categories":["12-31","09-30","06-30","03-31"],"series":[{"name":"股票","data":[null,null,null,null]},{"name":"债券","data":[10.57,8.0,5.41,6.83]},{"name":"现金","data":[58.36,54.54,72.91,92.87]}]};
/*累计收益率走势*/
var Data_grandTotal = [{"name":"浙商日添金货币A","data":[[1501948800000,0],[1502035200000,0.01],[1502121600000,0.02],[1502208000000,0.03],[1502294400000,0.04],[1502380800000,0.05],[1502553600000,0.07],[1502640000000,0.08],[1502726400000,0.09],[1502812800000,0.10],[1502899200000,0.11],[1502985600000,0.12],[1503158400000,0.14],[1503244800000,0.15],[1503331200000,0.16],[1503417600000,0.17],[1503504000000,0.18],[1503590400000,0.19],[1503763200000,0.21],[1503849600000,0.22],[1503936000000,0.23],[1504022400000,0.24],[1504108800000,0.25],[1504195200000,0.26],[1504368000000,0.28],[1504454400000,0.29],[1504540800000,0.30],[1504627200000,0.31],[1504713600000,0.32],[1504800000000,0.33],[1504972800000,0.35],[1505059200000,0.36],[1505145600000,0.37],[1505232000000,0.38],[1505318400000,0.39],[1505404800000,0.40],[1505577600000,0.42],[1505664000000,0.43],[1505750400000,0.44],[1505836800000,0.46],[1505923200000,0.47],[1506009600000,0.48],[1506182400000,0.50],[1506268800000,0.51],[1506355200000,0.52],[1506441600000,0.53],[1506528000000,0.54],[1506614400000,0.56],[1507392000000,0.66],[1507478400000,0.67],[1507564800000,0.68],[1507651200000,0.70],[1507737600000,0.71],[1507824000000,0.72],[1507996800000,0.74],[1508083200000,0.75],[1508169600000,0.76],[1508256000000,0.77],[1508342400000,0.78],[1508428800000,0.79],[1508601600000,0.82],[1508688000000,0.83],[1508774400000,0.84],[1508860800000,0.85],[1508947200000,0.86],[1509033600000,0.87],[1509206400000,0.89],[1509292800000,0.90],[1509379200000,0.91],[1509465600000,0.92],[1509552000000,0.93],[1509638400000,0.94],[1509811200000,0.96],[1509897600000,0.97],[1509984000000,0.99],[1510070400000,1.00],[1510156800000,1.01],[1510243200000,1.02],[1510416000000,1.04],[1510502400000,1.05],[1510588800000,1.06],[1510675200000,1.07],[1510761600000,1.08],[1510848000000,1.09],[1511020800000,1.11],[1511107200000,1.12],[1511193600000,1.13],[1511280000000,1.14],[1511366400000,1.15],[1511452800000,1.16],[1511625600000,1.19],[1511712000000,1.20],[1511798400000,1.21],[1511884800000,1.22],[1511971200000,1.23],[1512057600000,1.24],[1512230400000,1.26],[1512316800000,1.27],[1512403200000,1.29],[1512489600000,1.30],[1512576000000,1.31],[1512662400000,1.32],[1512835200000,1.34],[1512921600000,1.35],[1513008000000,1.36],[1513094400000,1.38],[1513180800000,1.39],[1513267200000,1.40],[1513440000000,1.42],[1513526400000,1.44],[1513612800000,1.45],[1513699200000,1.46],[1513785600000,1.47],[1513872000000,1.48],[1514044800000,1.51],[1514131200000,1.52],[1514217600000,1.53],[1514304000000,1.55],[1514390400000,1.56],[1514476800000,1.58],[1514649600000,1.61],[1514736000000,1.62],[1514822400000,1.64],[1514908800000,1.65],[1514995200000,1.67],[1515081600000,1.68],[1515254400000,1.70],[1515340800000,1.71],[1515427200000,1.72],[1515513600000,1.74],[1515600000000,1.75],[1515686400000,1.76],[1515859200000,1.78],[1515945600000,1.79],[1516032000000,1.80],[1516118400000,1.81],[1516204800000,1.82],[1516291200000,1.84],[1516464000000,1.86],[1516550400000,1.87],[1516636800000,1.88],[1516723200000,1.89],[1516809600000,1.90],[1516896000000,1.91],[1517068800000,1.93],[1517155200000,1.94],[1517241600000,1.96],[1517328000000,1.97],[1517414400000,1.98],[1517500800000,1.99],[1517673600000,2.01],[1517760000000,2.02],[1517846400000,2.03]]},{"name":"同类平均","data":[[1502035200000,0],[1502121600000,0.01],[1502208000000,0.02],[1502294400000,0.03],[1502380800000,0.04],[1502640000000,0.07],[1502726400000,0.08],[1502812800000,0.09],[1502899200000,0.10],[1502985600000,0.11],[1503244800000,0.14],[1503331200000,0.16],[1503417600000,0.17],[1503504000000,0.18],[1503590400000,0.19],[1503849600000,0.22],[1503936000000,0.23],[1504022400000,0.24],[1504108800000,0.25],[1504195200000,0.26],[1504454400000,0.29],[1504540800000,0.30],[1504627200000,0.31],[1504713600000,0.32],[1504800000000,0.34],[1505059200000,0.37],[1505145600000,0.38],[1505232000000,0.39],[1505318400000,0.40],[1505404800000,0.41],[1505664000000,0.44],[1505750400000,0.45],[1505836800000,0.46],[1505923200000,0.47],[1506009600000,0.48],[1506268800000,0.52],[1506355200000,0.53],[1506441600000,0.54],[1506528000000,0.55],[1506614400000,0.56],[1507478400000,0.67],[1507564800000,0.68],[1507651200000,0.69],[1507737600000,0.71],[1507824000000,0.72],[1508083200000,0.75],[1508169600000,0.76],[1508256000000,0.77],[1508342400000,0.78],[1508428800000,0.79],[1508688000000,0.82],[1508774400000,0.83],[1508860800000,0.84],[1508947200000,0.85],[1509033600000,0.86],[1509292800000,0.90],[1509379200000,0.91],[1509465600000,0.92],[1509552000000,0.93],[1509638400000,0.94],[1509897600000,0.97],[1509984000000,0.98],[1510070400000,0.99],[1510156800000,1.00],[1510243200000,1.01],[1510502400000,1.04],[1510588800000,1.06],[1510675200000,1.07],[1510761600000,1.08],[1510848000000,1.09],[1511107200000,1.12],[1511193600000,1.13],[1511280000000,1.14],[1511366400000,1.15],[1511452800000,1.16],[1511712000000,1.20],[1511798400000,1.21],[1511884800000,1.22],[1511971200000,1.23],[1512057600000,1.24],[1512316800000,1.28],[1512403200000,1.29],[1512489600000,1.30],[1512576000000,1.31],[1512662400000,1.32],[1512921600000,1.35],[1513008000000,1.36],[1513094400000,1.38],[1513180800000,1.39],[1513267200000,1.40],[1513526400000,1.43],[1513612800000,1.44],[1513699200000,1.46],[1513785600000,1.47],[1513872000000,1.48],[1514131200000,1.51],[1514217600000,1.53],[1514304000000,1.54],[1514390400000,1.55],[1514476800000,1.57],[1514822400000,1.62],[1514908800000,1.64],[1514995200000,1.65],[1515081600000,1.66],[1515340800000,1.69],[1515427200000,1.71],[1515513600000,1.72],[1515600000000,1.73],[1515686400000,1.74],[1515945600000,1.77],[1516032000000,1.79],[1516118400000,1.80],[1516204800000,1.81],[1516291200000,1.82],[1516550400000,1.86],[1516636800000,1.87],[1516723200000,1.88],[1516809600000,1.89],[1516896000000,1.90],[1517155200000,1.94],[1517241600000,1.95],[1517328000000,1.96],[1517414400000,1.97],[1517500800000,1.98],[1517760000000,2.02],[1517846400000,2.03]]},{"name":"沪深300","data":[[1502035200000,0],[1502121600000,0.15],[1502208000000,0.11],[1502294400000,-0.29],[1502380800000,-2.13],[1502640000000,-0.86],[1502726400000,-0.56],[1502812800000,-0.68],[1502899200000,-0.15],[1502985600000,-0.06],[1503244800000,0.38],[1503331200000,0.68],[1503417600000,0.79],[1503504000000,0.21],[1503590400000,1.85],[1503849600000,3.11],[1503936000000,2.89],[1504022400000,2.88],[1504108800000,2.56],[1504195200000,2.78],[1504454400000,3.19],[1504540800000,3.50],[1504627200000,3.29],[1504713600000,2.77],[1504800000000,2.66],[1505059200000,2.65],[1505145600000,2.98],[1505232000000,3.11],[1505318400000,2.77],[1505404800000,2.80],[1505664000000,3.12],[1505750400000,2.83],[1505836800000,3.10],[1505923200000,2.98],[1506009600000,2.98],[1506268800000,2.44],[1506355200000,2.52],[1506441600000,2.53],[1506528000000,2.57],[1506614400000,2.94],[1507478400000,4.17],[1507564800000,4.38],[1507651200000,4.72],[1507737600000,5.00],[1507824000000,5.21],[1508083200000,5.01],[1508169600000,5.00],[1508256000000,5.83],[1508342400000,5.49],[1508428800000,5.37],[1508688000000,5.47],[1508774400000,6.24],[1508860800000,6.71],[1508947200000,7.16],[1509033600000,7.92],[1509292800000,7.59],[1509379200000,7.51],[1509465600000,7.24],[1509552000000,7.25],[1509638400000,7.13],[1509897600000,7.89],[1509984000000,8.79],[1510070400000,8.62],[1510156800000,9.37],[1510243200000,10.33],[1510502400000,10.77],[1510588800000,10.00],[1510675200000,9.31],[1510761600000,10.15],[1510848000000,10.57],[1511107200000,11.19],[1511193600000,13.17],[1511280000000,13.44],[1511366400000,10.08],[1511452800000,10.13],[1511712000000,8.67],[1511798400000,8.83],[1511884800000,8.77],[1511971200000,7.49],[1512057600000,7.28],[1512316800000,7.84],[1512403200000,8.41],[1512489600000,7.76],[1512576000000,6.55],[1512662400000,7.42],[1512921600000,9.20],[1513008000000,7.76],[1513094400000,8.67],[1513180800000,8.03],[1513267200000,6.82],[1513526400000,6.94],[1513612800000,8.28],[1513699200000,8.15],[1513785600000,9.15],[1513872000000,8.80],[1514131200000,8.45],[1514217600000,8.77],[1514304000000,7.09],[1514390400000,7.84],[1514476800000,8.16],[1514822400000,9.68],[1514908800000,10.32],[1514995200000,10.79],[1515081600000,11.05],[1515340800000,11.63],[1515427200000,12.41],[1515513600000,12.91],[1515600000000,12.85],[1515686400000,13.37],[1515945600000,13.37],[1516032000000,14.27],[1516118400000,13.99],[1516204800000,14.61],[1516291200000,14.99],[1516550400000,16.36],[1516636800000,17.60],[1516723200000,17.79],[1516809600000,17.13],[1516896000000,17.56],[1517155200000,15.43],[1517241600000,14.20],[1517328000000,14.73],[1517414400000,13.93],[1517500800000,14.61],[1517760000000,14.69],[1517846400000,11.33]]}];
/*同类排名*/
var Data_rateInSimilarType = [{"x":1488384000000,"y":496,"sc":"511"},{"x":1488470400000,"y":496,"sc":"511"},{"x":1488729600000,"y":495,"sc":"513"},{"x":1488816000000,"y":496,"sc":"515"},{"x":1488902400000,"y":496,"sc":"516"},{"x":1488988800000,"y":498,"sc":"518"},{"x":1489075200000,"y":498,"sc":"518"},{"x":1489334400000,"y":494,"sc":"518"},{"x":1489420800000,"y":491,"sc":"518"},{"x":1489507200000,"y":490,"sc":"518"},{"x":1489593600000,"y":492,"sc":"520"},{"x":1489680000000,"y":491,"sc":"520"},{"x":1489939200000,"y":481,"sc":"522"},{"x":1490025600000,"y":477,"sc":"522"},{"x":1490112000000,"y":476,"sc":"524"},{"x":1490198400000,"y":481,"sc":"530"},{"x":1490284800000,"y":479,"sc":"530"},{"x":1490544000000,"y":465,"sc":"534"},{"x":1490630400000,"y":452,"sc":"535"},{"x":1490716800000,"y":441,"sc":"535"},{"x":1490803200000,"y":442,"sc":"538"},{"x":1490889600000,"y":442,"sc":"538"},{"x":1491321600000,"y":387,"sc":"538"},{"x":1491408000000,"y":388,"sc":"540"},{"x":1491494400000,"y":380,"sc":"540"},{"x":1491753600000,"y":336,"sc":"540"},{"x":1491840000000,"y":320,"sc":"540"},{"x":1491926400000,"y":303,"sc":"540"},{"x":1492012800000,"y":301,"sc":"541"},{"x":1492099200000,"y":294,"sc":"541"},{"x":1492358400000,"y":252,"sc":"543"},{"x":1492444800000,"y":240,"sc":"543"},{"x":1492531200000,"y":236,"sc":"543"},{"x":1492617600000,"y":232,"sc":"545"},{"x":1492704000000,"y":221,"sc":"545"},{"x":1492963200000,"y":191,"sc":"545"},{"x":1493049600000,"y":187,"sc":"547"},{"x":1493136000000,"y":183,"sc":"549"},{"x":1493222400000,"y":178,"sc":"549"},{"x":1493308800000,"y":172,"sc":"549"},{"x":1493654400000,"y":179,"sc":"549"},{"x":1493740800000,"y":178,"sc":"550"},{"x":1493827200000,"y":174,"sc":"550"},{"x":1493913600000,"y":177,"sc":"550"},{"x":1494172800000,"y":172,"sc":"550"},{"x":1494259200000,"y":172,"sc":"550"},{"x":1494345600000,"y":168,"sc":"550"},{"x":1494432000000,"y":162,"sc":"550"},{"x":1494518400000,"y":165,"sc":"550"},{"x":1494777600000,"y":159,"sc":"554"},{"x":1494864000000,"y":156,"sc":"556"},{"x":1494950400000,"y":159,"sc":"560"},{"x":1495036800000,"y":152,"sc":"560"},{"x":1495123200000,"y":156,"sc":"560"},{"x":1495382400000,"y":146,"sc":"560"},{"x":1495468800000,"y":146,"sc":"562"},{"x":1495555200000,"y":148,"sc":"564"},{"x":1495641600000,"y":142,"sc":"564"},{"x":1495728000000,"y":149,"sc":"564"},{"x":1496160000000,"y":154,"sc":"564"},{"x":1496246400000,"y":155,"sc":"564"},{"x":1496332800000,"y":155,"sc":"564"},{"x":1496592000000,"y":163,"sc":"566"},{"x":1496678400000,"y":160,"sc":"566"},{"x":1496764800000,"y":159,"sc":"566"},{"x":1496851200000,"y":160,"sc":"566"},{"x":1496937600000,"y":160,"sc":"566"},{"x":1497196800000,"y":165,"sc":"574"},{"x":1497283200000,"y":167,"sc":"574"},{"x":1497369600000,"y":167,"sc":"575"},{"x":1497456000000,"y":169,"sc":"575"},{"x":1497542400000,"y":168,"sc":"575"},{"x":1497801600000,"y":167,"sc":"577"},{"x":1497888000000,"y":168,"sc":"577"},{"x":1497974400000,"y":166,"sc":"575"},{"x":1498060800000,"y":165,"sc":"575"},{"x":1498147200000,"y":165,"sc":"576"},{"x":1498406400000,"y":168,"sc":"579"},{"x":1498492800000,"y":167,"sc":"579"},{"x":1498579200000,"y":170,"sc":"579"},{"x":1498665600000,"y":165,"sc":"579"},{"x":1498752000000,"y":165,"sc":"582"},{"x":1499011200000,"y":136,"sc":"582"},{"x":1499097600000,"y":159,"sc":"582"},{"x":1499184000000,"y":156,"sc":"583"},{"x":1499270400000,"y":156,"sc":"583"},{"x":1499356800000,"y":156,"sc":"583"},{"x":1499616000000,"y":161,"sc":"583"},{"x":1499702400000,"y":163,"sc":"583"},{"x":1499788800000,"y":167,"sc":"583"},{"x":1499875200000,"y":170,"sc":"583"},{"x":1499961600000,"y":169,"sc":"586"},{"x":1500220800000,"y":177,"sc":"586"},{"x":1500307200000,"y":181,"sc":"586"},{"x":1500393600000,"y":184,"sc":"589"},{"x":1500480000000,"y":191,"sc":"589"},{"x":1500566400000,"y":202,"sc":"593"},{"x":1500825600000,"y":221,"sc":"593"},{"x":1500912000000,"y":224,"sc":"593"},{"x":1500998400000,"y":233,"sc":"594"},{"x":1501084800000,"y":233,"sc":"594"},{"x":1501171200000,"y":234,"sc":"594"},{"x":1501430400000,"y":221,"sc":"594"},{"x":1501516800000,"y":249,"sc":"594"},{"x":1501603200000,"y":250,"sc":"594"},{"x":1501689600000,"y":249,"sc":"594"},{"x":1501776000000,"y":252,"sc":"594"},{"x":1502035200000,"y":258,"sc":"596"},{"x":1502121600000,"y":258,"sc":"596"},{"x":1502208000000,"y":262,"sc":"596"},{"x":1502294400000,"y":266,"sc":"596"},{"x":1502380800000,"y":269,"sc":"596"},{"x":1502640000000,"y":277,"sc":"596"},{"x":1502726400000,"y":282,"sc":"596"},{"x":1502812800000,"y":285,"sc":"596"},{"x":1502899200000,"y":288,"sc":"596"},{"x":1502985600000,"y":292,"sc":"596"},{"x":1503244800000,"y":300,"sc":"597"},{"x":1503331200000,"y":304,"sc":"597"},{"x":1503417600000,"y":307,"sc":"597"},{"x":1503504000000,"y":310,"sc":"596"},{"x":1503590400000,"y":313,"sc":"596"},{"x":1503849600000,"y":300,"sc":"600"},{"x":1503936000000,"y":295,"sc":"600"},{"x":1504022400000,"y":333,"sc":"600"},{"x":1504108800000,"y":335,"sc":"601"},{"x":1504195200000,"y":337,"sc":"601"},{"x":1504454400000,"y":345,"sc":"601"},{"x":1504540800000,"y":353,"sc":"601"},{"x":1504627200000,"y":356,"sc":"601"},{"x":1504713600000,"y":360,"sc":"601"},{"x":1504800000000,"y":363,"sc":"601"},{"x":1505059200000,"y":369,"sc":"603"},{"x":1505145600000,"y":370,"sc":"603"},{"x":1505232000000,"y":375,"sc":"603"},{"x":1505318400000,"y":382,"sc":"605"},{"x":1505404800000,"y":390,"sc":"605"},{"x":1505664000000,"y":396,"sc":"606"},{"x":1505750400000,"y":392,"sc":"606"},{"x":1505836800000,"y":392,"sc":"603"},{"x":1505923200000,"y":389,"sc":"603"},{"x":1506009600000,"y":396,"sc":"603"},{"x":1506268800000,"y":405,"sc":"603"},{"x":1506355200000,"y":403,"sc":"603"},{"x":1506441600000,"y":400,"sc":"604"},{"x":1506528000000,"y":400,"sc":"604"},{"x":1506614400000,"y":404,"sc":"606"},{"x":1507478400000,"y":422,"sc":"606"},{"x":1507564800000,"y":431,"sc":"607"},{"x":1507651200000,"y":436,"sc":"607"},{"x":1507737600000,"y":440,"sc":"611"},{"x":1507824000000,"y":441,"sc":"611"},{"x":1508083200000,"y":448,"sc":"612"},{"x":1508169600000,"y":438,"sc":"612"},{"x":1508256000000,"y":436,"sc":"611"},{"x":1508342400000,"y":438,"sc":"611"},{"x":1508428800000,"y":435,"sc":"611"},{"x":1508688000000,"y":433,"sc":"606"},{"x":1508774400000,"y":436,"sc":"606"},{"x":1508860800000,"y":437,"sc":"607"},{"x":1508947200000,"y":436,"sc":"607"},{"x":1509033600000,"y":434,"sc":"607"},{"x":1509292800000,"y":428,"sc":"609"},{"x":1509379200000,"y":424,"sc":"610"},{"x":1509465600000,"y":420,"sc":"610"},{"x":1509552000000,"y":418,"sc":"613"},{"x":1509638400000,"y":415,"sc":"617"},{"x":1509897600000,"y":414,"sc":"621"},{"x":1509984000000,"y":415,"sc":"621"},{"x":1510070400000,"y":412,"sc":"621"},{"x":1510156800000,"y":413,"sc":"623"},{"x":1510243200000,"y":417,"sc":"623"},{"x":1510502400000,"y":419,"sc":"633"},{"x":1510588800000,"y":416,"sc":"635"},{"x":1510675200000,"y":415,"sc":"635"},{"x":1510761600000,"y":413,"sc":"635"},{"x":1510848000000,"y":411,"sc":"636"},{"x":1511107200000,"y":410,"sc":"636"},{"x":1511193600000,"y":413,"sc":"636"},{"x":1511280000000,"y":405,"sc":"636"},{"x":1511366400000,"y":403,"sc":"636"},{"x":1511452800000,"y":405,"sc":"637"},{"x":1511712000000,"y":401,"sc":"640"},{"x":1511798400000,"y":398,"sc":"640"},{"x":1511884800000,"y":393,"sc":"640"},{"x":1511971200000,"y":388,"sc":"641"},{"x":1512057600000,"y":383,"sc":"643"},{"x":1512316800000,"y":375,"sc":"643"},{"x":1512403200000,"y":376,"sc":"643"},{"x":1512489600000,"y":374,"sc":"643"},{"x":1512576000000,"y":372,"sc":"644"},{"x":1512662400000,"y":365,"sc":"652"},{"x":1512921600000,"y":362,"sc":"652"},{"x":1513008000000,"y":360,"sc":"653"},{"x":1513094400000,"y":356,"sc":"653"},{"x":1513180800000,"y":354,"sc":"654"},{"x":1513267200000,"y":352,"sc":"656"},{"x":1513526400000,"y":341,"sc":"656"},{"x":1513612800000,"y":339,"sc":"656"},{"x":1513699200000,"y":334,"sc":"656"},{"x":1513785600000,"y":333,"sc":"655"},{"x":1513872000000,"y":332,"sc":"655"},{"x":1514131200000,"y":333,"sc":"655"},{"x":1514217600000,"y":332,"sc":"655"},{"x":1514304000000,"y":325,"sc":"654"},{"x":1514390400000,"y":312,"sc":"655"},{"x":1514476800000,"y":301,"sc":"655"},{"x":1514822400000,"y":250,"sc":"655"},{"x":1514908800000,"y":238,"sc":"655"},{"x":1514995200000,"y":226,"sc":"655"},{"x":1515081600000,"y":220,"sc":"655"},{"x":1515340800000,"y":306,"sc":"655"},{"x":1515427200000,"y":307,"sc":"655"},{"x":1515513600000,"y":309,"sc":"656"},{"x":1515600000000,"y":312,"sc":"657"},{"x":1515686400000,"y":313,"sc":"657"},{"x":1515945600000,"y":322,"sc":"657"},{"x":1516032000000,"y":325,"sc":"657"},{"x":1516118400000,"y":325,"sc":"657"},{"x":1516204800000,"y":327,"sc":"657"},{"x":1516291200000,"y":329,"sc":"657"},{"x":1516550400000,"y":334,"sc":"657"},{"x":1516636800000,"y":336,"sc":"657"},{"x":1516723200000,"y":337,"sc":"657"},{"x":1516809600000,"y":340,"sc":"657"},{"x":1516896000000,"y":339,"sc":"655"},{"x":1517155200000,"y":345,"sc":"656"},{"x":1517241600000,"y":349,"sc":"656"},{"x":1517328000000,"y":354,"sc":"656"},{"x":1517414400000,"y":355,"sc":"656"},{"x":1517500800000,"y":359,"sc":"656"},{"x":1517760000000,"y":374,"sc":"656"},{"x":1517846400000,"y":380,"sc":"656"}];
/*百分比排名*/
var Data_rateInSimilarPersent = [[1488384000000,2.9400],[1488470400000,2.9400],[1488729600000,3.5100],[1488816000000,3.6900],[1488902400000,3.8800],[1488988800000,3.8600],[1489075200000,3.8600],[1489334400000,4.6300],[1489420800000,5.2100],[1489507200000,5.4100],[1489593600000,5.3800],[1489680000000,5.5800],[1489939200000,7.8500],[1490025600000,8.6200],[1490112000000,9.1600],[1490198400000,9.2500],[1490284800000,9.6200],[1490544000000,12.9200],[1490630400000,15.5100],[1490716800000,17.5700],[1490803200000,17.8400],[1490889600000,17.8400],[1491321600000,28.0700],[1491408000000,28.1500],[1491494400000,29.6300],[1491753600000,37.7800],[1491840000000,40.7400],[1491926400000,43.8900],[1492012800000,44.3600],[1492099200000,45.6600],[1492358400000,53.5900],[1492444800000,55.8000],[1492531200000,56.5400],[1492617600000,57.4300],[1492704000000,59.4500],[1492963200000,64.9500],[1493049600000,65.8100],[1493136000000,66.6700],[1493222400000,67.5800],[1493308800000,68.6700],[1493654400000,67.4000],[1493740800000,67.6400],[1493827200000,68.3600],[1493913600000,67.8200],[1494172800000,68.7300],[1494259200000,68.7300],[1494345600000,69.4500],[1494432000000,70.5500],[1494518400000,70.00],[1494777600000,71.3000],[1494864000000,71.9400],[1494950400000,71.6100],[1495036800000,72.8600],[1495123200000,72.1400],[1495382400000,73.9300],[1495468800000,74.0200],[1495555200000,73.7600],[1495641600000,74.8200],[1495728000000,73.5800],[1496160000000,72.7000],[1496246400000,72.5200],[1496332800000,72.5200],[1496592000000,71.2000],[1496678400000,71.7300],[1496764800000,71.9100],[1496851200000,71.7300],[1496937600000,71.7300],[1497196800000,71.2500],[1497283200000,70.9100],[1497369600000,70.9600],[1497456000000,70.6100],[1497542400000,70.7800],[1497801600000,71.0600],[1497888000000,70.8800],[1497974400000,71.1300],[1498060800000,71.3000],[1498147200000,71.3500],[1498406400000,70.9800],[1498492800000,71.1600],[1498579200000,70.6400],[1498665600000,71.5000],[1498752000000,71.6500],[1499011200000,76.6300],[1499097600000,72.6800],[1499184000000,73.2400],[1499270400000,73.2400],[1499356800000,73.2400],[1499616000000,72.3800],[1499702400000,72.0400],[1499788800000,71.3600],[1499875200000,70.8400],[1499961600000,71.1600],[1500220800000,69.8000],[1500307200000,69.1100],[1500393600000,68.7600],[1500480000000,67.5700],[1500566400000,65.9400],[1500825600000,62.7300],[1500912000000,62.2300],[1500998400000,60.7700],[1501084800000,60.7700],[1501171200000,60.6100],[1501430400000,62.7900],[1501516800000,58.0800],[1501603200000,57.9100],[1501689600000,58.0800],[1501776000000,57.5800],[1502035200000,56.7100],[1502121600000,56.7100],[1502208000000,56.0400],[1502294400000,55.3700],[1502380800000,54.8700],[1502640000000,53.5200],[1502726400000,52.6800],[1502812800000,52.1800],[1502899200000,51.6800],[1502985600000,51.0100],[1503244800000,49.7500],[1503331200000,49.0800],[1503417600000,48.5800],[1503504000000,47.9900],[1503590400000,47.4800],[1503849600000,50.00],[1503936000000,50.8300],[1504022400000,44.5000],[1504108800000,44.2600],[1504195200000,43.9300],[1504454400000,42.6000],[1504540800000,41.2600],[1504627200000,40.7700],[1504713600000,40.1000],[1504800000000,39.6000],[1505059200000,38.8100],[1505145600000,38.6400],[1505232000000,37.8100],[1505318400000,36.8600],[1505404800000,35.5400],[1505664000000,34.6500],[1505750400000,35.3100],[1505836800000,34.9900],[1505923200000,35.4900],[1506009600000,34.3300],[1506268800000,32.8400],[1506355200000,33.1700],[1506441600000,33.7700],[1506528000000,33.7700],[1506614400000,33.3300],[1507478400000,30.3600],[1507564800000,29.00],[1507651200000,28.1700],[1507737600000,27.9900],[1507824000000,27.8200],[1508083200000,26.8000],[1508169600000,28.4300],[1508256000000,28.6400],[1508342400000,28.3100],[1508428800000,28.8100],[1508688000000,28.5500],[1508774400000,28.0500],[1508860800000,28.0100],[1508947200000,28.1700],[1509033600000,28.5000],[1509292800000,29.7200],[1509379200000,30.4900],[1509465600000,31.1500],[1509552000000,31.8100],[1509638400000,32.7400],[1509897600000,33.3300],[1509984000000,33.1700],[1510070400000,33.6600],[1510156800000,33.7100],[1510243200000,33.0700],[1510502400000,33.8100],[1510588800000,34.4900],[1510675200000,34.6500],[1510761600000,34.9600],[1510848000000,35.3800],[1511107200000,35.5300],[1511193600000,35.0600],[1511280000000,36.3200],[1511366400000,36.6400],[1511452800000,36.4200],[1511712000000,37.3400],[1511798400000,37.8100],[1511884800000,38.5900],[1511971200000,39.4700],[1512057600000,40.4400],[1512316800000,41.6800],[1512403200000,41.5200],[1512489600000,41.8400],[1512576000000,42.2400],[1512662400000,44.0200],[1512921600000,44.4800],[1513008000000,44.8700],[1513094400000,45.4800],[1513180800000,45.8700],[1513267200000,46.3400],[1513526400000,48.0200],[1513612800000,48.3200],[1513699200000,49.0900],[1513785600000,49.1600],[1513872000000,49.3100],[1514131200000,49.1600],[1514217600000,49.3100],[1514304000000,50.3100],[1514390400000,52.3700],[1514476800000,54.0500],[1514822400000,61.8300],[1514908800000,63.6600],[1514995200000,65.5000],[1515081600000,66.4100],[1515340800000,53.2800],[1515427200000,53.1300],[1515513600000,52.9000],[1515600000000,52.5100],[1515686400000,52.3600],[1515945600000,50.9900],[1516032000000,50.5300],[1516118400000,50.5300],[1516204800000,50.2300],[1516291200000,49.9200],[1516550400000,49.1600],[1516636800000,48.8600],[1516723200000,48.7100],[1516809600000,48.2500],[1516896000000,48.2400],[1517155200000,47.4100],[1517241600000,46.8000],[1517328000000,46.0400],[1517414400000,45.8800],[1517500800000,45.2700],[1517760000000,42.9900],[1517846400000,42.0700]];
/*规模变动*/
var Data_fluctuationScale = {"categories":["2017-01-13","2017-03-31","2017-06-30","2017-09-30","2017-12-31"],"series":[{"y":0.00,"mom":"0.06%"},{"y":0.00,"mom":"-83.00%"},{"y":0.00,"mom":"6.78%"},{"y":0.00,"mom":"-12.79%"},{"y":0.00,"mom":"-4.51%"}]};;
/*持有人结构*/
var Data_holderStructure = {"series":[{"name":"机构持有比例","data":[0.38]},{"name":"个人持有比例","data":[99.62]},{"name":"内部持有比例","data":[11.1934]}],"categories":["2017-06-30"]};
/*申购赎回*/
var Data_assetAllocation ={"series":[{"name":"期间申购","data":[0.00,0.00,0.00,0.00]},{"name":"期间赎回","data":[0.00,0.00,0.00,0.00]},{"name":"总份额","data":[0.00,0.00,0.00,0.00]}],"categories":["2017-03-31","2017-06-30","2017-09-30","2017-12-31"]};
/*现任基金经理*/
var Data_currentFundManager = [{"id":"30189437","pic":"https://pdf.dfcfw.com/pdf/H8_JPG30189437_1.jpg","name":"周锦程","star":0,"workTime":"355天","fundSize":"345.92亿(14只基金)","power":{"avr":"暂无数据","categories":["经验值","收益率","抗风险","稳定性","管理规模"],"dsc":["反映基金经理从业年限和管理基金的经验","根据基金经理投资的阶段收益评分，反映\u003cbr\u003e基金经理投资的盈利能力","反映基金经理投资的回撤控制能力","反映基金经理投资收益的波动","根据基金经理现任管理基金资产规模评分"],"data":[null,null,null,null,null],"jzrq":"2018-02-06"},"profit":{"categories":["任期收益","同类平均"],"series":[{"data":[{"name":null,"color":"#7cb5ec","y":3.9116},{"name":null,"color":"#414c7b","y":3.85}]}],"jzrq":"2018-02-06"}},{"id":"30567663","pic":"http://j5.dfcfw.com/avatar/nopic.gif","name":"刘爱民","star":0,"workTime":"23天","fundSize":"343.36亿(10只基金)","power":{"avr":"暂无数据","categories":["经验值","收益率","抗风险","稳定性","管理规模"],"dsc":["反映基金经理从业年限和管理基金的经验","根据基金经理投资的阶段收益评分，反映\u003cbr\u003e基金经理投资的盈利能力","反映基金经理投资的回撤控制能力","反映基金经理投资收益的波动","根据基金经理现任管理基金资产规模评分"],"data":[null,null,null,null,null],"jzrq":"2018-02-06"},"profit":{"categories":["任期收益","同类平均"],"series":[{"data":[{"name":null,"color":"#7cb5ec","y":0.239},{"name":null,"color":"#414c7b","y":0.25}]}],"jzrq":"2018-02-06"}}] ;
/*同类型基金涨幅榜（页面底部通栏）*/
var swithSameType = [['002895_华夏天利货币B_5.8750','002894_华夏天利货币A_5.6210','004398_融通现金宝货币B_5.3370','000902_国开货币B_5.3360','001478_泰康薪意保货币B_5.1400'],['002895_华夏天利货币B_5.26','004973_长城收益宝货币B_5.08','004904_人保货币B_5.05','002884_华润元大现金通货币B_5.01','002894_华夏天利货币A_5.01'],['004973_长城收益宝货币B_5.05','004770_海富通添益货币A_4.99','002884_华润元大现金通货币B_4.99','005151_红土创新优淳货币B_4.90','002895_华夏天利货币B_4.89'],['004770_海富通添益货币A_5.39','004973_长城收益宝货币B_5.13','002884_华润元大现金通货币B_5.03','002895_华夏天利货币B_5.03','004398_融通现金宝货币B_5.01'],['003679_中融现金增利货币C_4.67','003474_南方天天利货币B_4.55','000836_国投瑞银钱多宝货币A_4.52','000837_国投瑞银钱多宝货币I_4.52','003753_工银如意货币B_4.51']];