/**
 * 测试数据
 * @type {arry}
 */
/*2018-02-07 18:01:15*/
//基金或股票信息
var fS_name = "万家现金增利货币A";
var fS_code = "004169";
var fund_minsg="";
var ishb=true;
/*原费率*/
var fund_sourceRate="0";
/*现费率*/
var fund_Rate="0";
/*最小申购金额*/
var fund_minsg="";
/*收益率*/
/*近一年收益率*/
var syl_1n="";
/*近6月收益率*/
var syl_6y="1.9436";
/*近三月收益率*/
var syl_3y="0.9401";
/*近一月收益率*/
var syl_1y="0.3464";
/* 基金收益走势图 每万份收益*/
var Data_millionCopiesIncome = [[1487088000000,0.7488],[1487174400000,0.9851],[1487260800000,0.8747],[1487433600000,1.7394],[1487520000000,0.8614],[1487606400000,0.7585],[1487692800000,1.1055],[1487779200000,1.1019],[1487865600000,1.1195],[1488038400000,2.1983],[1488124800000,1.1022],[1488211200000,1.1136],[1488297600000,0.9615],[1488384000000,1.024],[1488470400000,0.9867],[1488643200000,1.9731],[1488729600000,0.9875],[1488816000000,0.9864],[1488902400000,0.9074],[1488988800000,0.8657],[1489075200000,0.8603],[1489248000000,1.7204],[1489334400000,0.8612],[1489420800000,0.8549],[1489507200000,0.7986],[1489593600000,0.8429],[1489680000000,0.8507],[1489852800000,1.7013],[1489939200000,0.6768],[1490025600000,0.6897],[1490112000000,0.4069],[1490198400000,0.7035],[1490284800000,0.772],[1490457600000,1.5588],[1490544000000,0.7793],[1490630400000,0.8081],[1490716800000,0.8851],[1490803200000,0.9014],[1490889600000,1.0432],[1491235200000,4.1719],[1491321600000,0.9761],[1491408000000,0.9801],[1491494400000,0.98],[1491667200000,1.9597],[1491753600000,1.0156],[1491840000000,0.9788],[1491926400000,0.9787],[1492012800000,0.9959],[1492099200000,0.9765],[1492272000000,1.9528],[1492358400000,0.982],[1492444800000,0.98],[1492531200000,0.9127],[1492617600000,0.8596],[1492704000000,0.8004],[1492876800000,1.6073],[1492963200000,0.7459],[1493049600000,0.9473],[1493136000000,1.1281],[1493222400000,0.9959],[1493308800000,1.1326],[1493568000000,3.4004],[1493654400000,1.1344],[1493740800000,1.1145],[1493827200000,1.1144],[1493913600000,1.1143],[1494086400000,2.2282],[1494172800000,1.1139],[1494259200000,1.0408],[1494345600000,1.0315],[1494432000000,1.0325],[1494518400000,1.0243],[1494691200000,2.0483],[1494777600000,1.0159],[1494864000000,1.3332],[1494950400000,1.0451],[1495036800000,1.0457],[1495123200000,1.0816],[1495296000000,2.0882],[1495382400000,1.0345],[1495468800000,1.0473],[1495555200000,1.0374],[1495641600000,1.0335],[1495728000000,1.0314],[1496073600000,4.0765],[1496160000000,0.8918],[1496246400000,1.0646],[1496332800000,1.056],[1496505600000,2.112],[1496592000000,1.0667],[1496678400000,1.073],[1496764800000,1.0796],[1496851200000,1.0751],[1496937600000,1.0756],[1497110400000,2.0295],[1497196800000,1.0368],[1497283200000,0.9982],[1497369600000,0.9849],[1497456000000,0.9559],[1497542400000,0.8872],[1497715200000,1.7757],[1497801600000,0.8752],[1497888000000,0.8764],[1497974400000,0.8716],[1498060800000,0.8027],[1498147200000,0.7242],[1498320000000,1.449],[1498406400000,0.7958],[1498492800000,0.8851],[1498579200000,0.9031],[1498665600000,1.1184],[1498752000000,1.136],[1498924800000,2.2722],[1499011200000,1.1356],[1499097600000,1.1247],[1499184000000,1.1249],[1499270400000,1.0612],[1499356800000,1.0636],[1499529600000,2.1275],[1499616000000,1.0636],[1499702400000,1.0635],[1499788800000,1.0682],[1499875200000,1.0299],[1499961600000,1.0252],[1500134400000,2.0502],[1500220800000,1.0253],[1500307200000,1.0259],[1500393600000,1.0258],[1500480000000,1.0605],[1500566400000,1.0547],[1500739200000,2.1295],[1500825600000,1.0646],[1500912000000,1.0641],[1500998400000,1.0665],[1501084800000,1.0527],[1501171200000,1.0522],[1501344000000,2.1048],[1501430400000,1.0522],[1501516800000,1.0518],[1501603200000,1.052],[1501689600000,1.0519],[1501776000000,1.0286],[1501948800000,2.0576],[1502035200000,1.0304],[1502121600000,1.0282],[1502208000000,1.0225],[1502294400000,1.0269],[1502380800000,0.9839],[1502553600000,1.9853],[1502640000000,0.9925],[1502726400000,0.9922],[1502812800000,0.9924],[1502899200000,1.0454],[1502985600000,1.0596],[1503158400000,2.1199],[1503244800000,1.0502],[1503331200000,1.0642],[1503417600000,1.0726],[1503504000000,1.063],[1503590400000,1.057],[1503763200000,2.1154],[1503849600000,1.0573],[1503936000000,1.0583],[1504022400000,1.0614],[1504108800000,1.0791],[1504195200000,1.0817],[1504368000000,2.1634],[1504454400000,1.0812],[1504540800000,1.0812],[1504627200000,1.0811],[1504713600000,1.0529],[1504800000000,0.9882],[1504972800000,1.9693],[1505059200000,0.9843],[1505145600000,0.9833],[1505232000000,1.1408],[1505318400000,0.9436],[1505404800000,0.983],[1505577600000,1.9628],[1505664000000,1.6379],[1505750400000,0.8787],[1505836800000,0.9961],[1505923200000,1.0976],[1506009600000,1.0743],[1506182400000,2.1257],[1506268800000,0.895],[1506355200000,1.0946],[1506441600000,1.1086],[1506528000000,1.1762],[1506614400000,1.1775],[1507392000000,10.5903],[1507478400000,1.177],[1507564800000,1.175],[1507651200000,1.1749],[1507737600000,1.0975],[1507824000000,1.0978],[1507996800000,2.1952],[1508083200000,1.0976],[1508169600000,1.0977],[1508256000000,1.0978],[1508342400000,1.0871],[1508428800000,1.0889],[1508601600000,2.1778],[1508688000000,1.0889],[1508774400000,1.0917],[1508860800000,1.0848],[1508947200000,1.095],[1509033600000,1.0399],[1509206400000,2.0798],[1509292800000,1.0105],[1509379200000,1.0367],[1509465600000,1.0898],[1509552000000,1.0764],[1509638400000,1.083],[1509811200000,2.1661],[1509897600000,1.1207],[1509984000000,1.1242],[1510070400000,1.0967],[1510156800000,1.0943],[1510243200000,1.0865],[1510416000000,2.1728],[1510502400000,1.1],[1510588800000,1.0835],[1510675200000,1.0937],[1510761600000,1.0956],[1510848000000,1.0957],[1511020800000,2.1912],[1511107200000,1.0938],[1511193600000,1.0933],[1511280000000,1.0987],[1511366400000,1.0977],[1511452800000,1.0977],[1511625600000,2.195],[1511712000000,1.1015],[1511798400000,1.11],[1511884800000,1.1099],[1511971200000,1.1099],[1512057600000,1.1106],[1512230400000,2.221],[1512316800000,1.1067],[1512403200000,1.0946],[1512489600000,1.0849],[1512576000000,1.0561],[1512662400000,1.0386],[1512835200000,2.061],[1512921600000,1.0222],[1513008000000,1.0221],[1513094400000,1.0273],[1513180800000,0.9214],[1513267200000,0.731],[1513440000000,1.4637],[1513526400000,0.5499],[1513612800000,0.5459],[1513699200000,0.4819],[1513785600000,0.4767],[1513872000000,0.4728],[1514044800000,0.9455],[1514131200000,0.4727],[1514217600000,0.4727],[1514304000000,0.3666],[1514390400000,0.3666],[1514476800000,1.0603],[1514649600000,2.121],[1514736000000,1.0653],[1514822400000,1.9235],[1514908800000,1.5748],[1514995200000,1.531],[1515081600000,1.2694],[1515254400000,2.5407],[1515340800000,1.1048],[1515427200000,1.1097],[1515513600000,1.1092],[1515600000000,1.1098],[1515686400000,0.9983],[1515859200000,2.0359],[1515945600000,1.2173],[1516032000000,1.0328],[1516118400000,1.0403],[1516204800000,0.8996],[1516291200000,1.0705],[1516464000000,2.1419],[1516550400000,1.0911],[1516636800000,1.0899],[1516723200000,1.0802],[1516809600000,1.0903],[1516896000000,1.0874],[1517068800000,2.1756],[1517155200000,1.0876],[1517241600000,1.0897],[1517328000000,1.0868],[1517414400000,1.0833],[1517500800000,1.0617],[1517673600000,2.123],[1517760000000,1.0069],[1517846400000,1.0212]];
/*基金收益走势图   7日年化收益率*/
var Data_sevenDaysYearIncome = [[1487088000000,3.604],[1487174400000,3.618],[1487260800000,3.543],[1487433600000,3.452],[1487520000000,2.96],[1487606400000,3.161],[1487692800000,3.353],[1487779200000,3.416],[1487865600000,3.548],[1488038400000,3.796],[1488124800000,3.926],[1488211200000,4.119],[1488297600000,4.041],[1488384000000,3.998],[1488470400000,3.926],[1488643200000,3.804],[1488729600000,3.742],[1488816000000,3.674],[1488902400000,3.644],[1488988800000,3.559],[1489075200000,3.491],[1489248000000,3.354],[1489334400000,3.286],[1489420800000,3.215],[1489507200000,3.157],[1489593600000,3.145],[1489680000000,3.14],[1489852800000,3.129],[1489939200000,3.03],[1490025600000,2.941],[1490112000000,2.731],[1490198400000,2.657],[1490284800000,2.615],[1490457600000,2.538],[1490544000000,2.593],[1490630400000,2.657],[1490716800000,2.913],[1490803200000,3.019],[1490889600000,3.165],[1491235200000,3.718],[1491321600000,3.767],[1491408000000,3.81],[1491494400000,3.776],[1491667200000,3.707],[1491753600000,3.693],[1491840000000,3.658],[1491926400000,3.659],[1492012800000,3.668],[1492099200000,3.666],[1492272000000,3.662],[1492358400000,3.644],[1492444800000,3.645],[1492531200000,3.609],[1492617600000,3.536],[1492704000000,3.441],[1492876800000,3.254],[1492963200000,3.127],[1493049600000,3.11],[1493136000000,3.226],[1493222400000,3.299],[1493308800000,3.478],[1493568000000,4.045],[1493654400000,4.146],[1493740800000,4.139],[1493827200000,4.203],[1493913600000,4.193],[1494086400000,4.172],[1494172800000,4.161],[1494259200000,4.111],[1494345600000,4.066],[1494432000000,4.021],[1494518400000,3.972],[1494691200000,3.875],[1494777600000,3.822],[1494864000000,3.98],[1494950400000,3.988],[1495036800000,3.995],[1495123200000,4.026],[1495296000000,4.047],[1495382400000,4.057],[1495468800000,3.903],[1495555200000,3.898],[1495641600000,3.892],[1495728000000,3.865],[1496073600000,3.814],[1496160000000,3.735],[1496246400000,3.752],[1496332800000,3.765],[1496505600000,3.802],[1496592000000,3.829],[1496678400000,3.86],[1496764800000,3.962],[1496851200000,3.968],[1496937600000,3.978],[1497110400000,3.933],[1497196800000,3.917],[1497283200000,3.877],[1497369600000,3.826],[1497456000000,3.761],[1497542400000,3.659],[1497715200000,3.522],[1497801600000,3.435],[1497888000000,3.369],[1497974400000,3.308],[1498060800000,3.226],[1498147200000,3.138],[1498320000000,2.962],[1498406400000,2.92],[1498492800000,2.924],[1498579200000,2.941],[1498665600000,3.111],[1498752000000,3.333],[1498924800000,3.777],[1499011200000,3.961],[1499097600000,4.091],[1499184000000,4.211],[1499270400000,4.18],[1499356800000,4.141],[1499529600000,4.063],[1499616000000,4.023],[1499702400000,3.99],[1499788800000,3.96],[1499875200000,3.943],[1499961600000,3.922],[1500134400000,3.88],[1500220800000,3.859],[1500307200000,3.839],[1500393600000,3.816],[1500480000000,3.832],[1500566400000,3.848],[1500739200000,3.891],[1500825600000,3.913],[1500912000000,3.933],[1500998400000,3.955],[1501084800000,3.951],[1501171200000,3.95],[1501344000000,3.936],[1501430400000,3.93],[1501516800000,3.923],[1501603200000,3.915],[1501689600000,3.915],[1501776000000,3.902],[1501948800000,3.876],[1502035200000,3.865],[1502121600000,3.852],[1502208000000,3.836],[1502294400000,3.822],[1502380800000,3.798],[1502553600000,3.759],[1502640000000,3.738],[1502726400000,3.719],[1502812800000,3.703],[1502899200000,3.713],[1502985600000,3.754],[1503158400000,3.827],[1503244800000,3.858],[1503331200000,3.897],[1503417600000,3.94],[1503504000000,3.95],[1503590400000,3.948],[1503763200000,3.946],[1503849600000,3.95],[1503936000000,3.947],[1504022400000,3.94],[1504108800000,3.949],[1504195200000,3.963],[1504368000000,3.989],[1504454400000,4.002],[1504540800000,4.014],[1504627200000,4.025],[1504713600000,4.011],[1504800000000,3.96],[1504972800000,3.855],[1505059200000,3.802],[1505145600000,3.749],[1505232000000,3.782],[1505318400000,3.722],[1505404800000,3.72],[1505577600000,3.716],[1505664000000,4.07],[1505750400000,4.013],[1505836800000,3.935],[1505923200000,4.018],[1506009600000,4.068],[1506182400000,4.156],[1506268800000,3.754],[1506355200000,3.871],[1506441600000,3.931],[1506528000000,3.974],[1506614400000,4.03],[1507392000000,4.388],[1507478400000,4.388],[1507564800000,4.387],[1507651200000,4.386],[1507737600000,4.343],[1507824000000,4.3],[1507996800000,4.215],[1508083200000,4.171],[1508169600000,4.129],[1508256000000,4.088],[1508342400000,4.082],[1508428800000,4.077],[1508601600000,4.068],[1508688000000,4.063],[1508774400000,4.06],[1508860800000,4.053],[1508947200000,4.057],[1509033600000,4.03],[1509206400000,3.977],[1509292800000,3.935],[1509379200000,3.905],[1509465600000,3.908],[1509552000000,3.898],[1509638400000,3.921],[1509811200000,3.968],[1509897600000,4.027],[1509984000000,4.075],[1510070400000,4.079],[1510156800000,4.088],[1510243200000,4.09],[1510416000000,4.094],[1510502400000,4.083],[1510588800000,4.061],[1510675200000,4.059],[1510761600000,4.06],[1510848000000,4.065],[1511020800000,4.075],[1511107200000,4.071],[1511193600000,4.077],[1511280000000,4.079],[1511366400000,4.08],[1511452800000,4.081],[1511625600000,4.083],[1511712000000,4.088],[1511798400000,4.097],[1511884800000,4.103],[1511971200000,4.109],[1512057600000,4.116],[1512230400000,4.131],[1512316800000,4.133],[1512403200000,4.125],[1512489600000,4.111],[1512576000000,4.082],[1512662400000,4.043],[1512835200000,3.956],[1512921600000,3.911],[1513008000000,3.871],[1513094400000,3.84],[1513180800000,3.767],[1513267200000,3.601],[1513440000000,3.279],[1513526400000,3.025],[1513612800000,2.769],[1513699200000,2.478],[1513785600000,2.24],[1513872000000,2.103],[1514044800000,1.827],[1514131200000,1.786],[1514217600000,1.747],[1514304000000,1.686],[1514390400000,1.628],[1514476800000,1.94],[1514649600000,2.566],[1514736000000,2.884],[1514822400000,3.665],[1514908800000,4.32],[1514995200000,4.955],[1515081600000,5.07],[1515254400000,5.3],[1515340800000,5.322],[1515427200000,4.876],[1515513600000,4.621],[1515600000000,4.392],[1515686400000,4.244],[1515859200000,3.97],[1515945600000,4.031],[1516032000000,3.99],[1516118400000,3.952],[1516204800000,3.839],[1516291200000,3.878],[1516464000000,3.935],[1516550400000,3.867],[1516636800000,3.898],[1516723200000,3.919],[1516809600000,4.023],[1516896000000,4.032],[1517068800000,4.05],[1517155200000,4.048],[1517241600000,4.048],[1517328000000,4.052],[1517414400000,4.048],[1517500800000,4.034],[1517673600000,4.005],[1517760000000,3.962],[1517846400000,3.925]];
/*资产配置*/
var Data_assetAllocationCurrency ={"categories":["12-31","09-30","06-30"],"series":[{"name":"股票","data":[null,null,null]},{"name":"债券","data":[5.12,32.55,25.94]},{"name":"现金","data":[56.97,59.93,34.65]}]};
/*累计收益率走势*/
var Data_grandTotal = [{"name":"万家现金增利货币A","data":[[1501948800000,0],[1502035200000,0.01],[1502121600000,0.02],[1502208000000,0.03],[1502294400000,0.04],[1502380800000,0.05],[1502553600000,0.07],[1502640000000,0.08],[1502726400000,0.09],[1502812800000,0.10],[1502899200000,0.11],[1502985600000,0.12],[1503158400000,0.14],[1503244800000,0.15],[1503331200000,0.16],[1503417600000,0.17],[1503504000000,0.19],[1503590400000,0.20],[1503763200000,0.22],[1503849600000,0.23],[1503936000000,0.24],[1504022400000,0.25],[1504108800000,0.26],[1504195200000,0.27],[1504368000000,0.29],[1504454400000,0.30],[1504540800000,0.31],[1504627200000,0.32],[1504713600000,0.34],[1504800000000,0.35],[1504972800000,0.37],[1505059200000,0.38],[1505145600000,0.38],[1505232000000,0.40],[1505318400000,0.41],[1505404800000,0.42],[1505577600000,0.44],[1505664000000,0.45],[1505750400000,0.46],[1505836800000,0.47],[1505923200000,0.48],[1506009600000,0.49],[1506182400000,0.51],[1506268800000,0.52],[1506355200000,0.53],[1506441600000,0.55],[1506528000000,0.56],[1506614400000,0.57],[1507392000000,0.68],[1507478400000,0.69],[1507564800000,0.70],[1507651200000,0.71],[1507737600000,0.72],[1507824000000,0.73],[1507996800000,0.75],[1508083200000,0.77],[1508169600000,0.78],[1508256000000,0.79],[1508342400000,0.80],[1508428800000,0.81],[1508601600000,0.83],[1508688000000,0.84],[1508774400000,0.85],[1508860800000,0.86],[1508947200000,0.88],[1509033600000,0.89],[1509206400000,0.91],[1509292800000,0.92],[1509379200000,0.93],[1509465600000,0.94],[1509552000000,0.95],[1509638400000,0.96],[1509811200000,0.98],[1509897600000,0.99],[1509984000000,1.01],[1510070400000,1.02],[1510156800000,1.03],[1510243200000,1.04],[1510416000000,1.06],[1510502400000,1.07],[1510588800000,1.08],[1510675200000,1.09],[1510761600000,1.10],[1510848000000,1.12],[1511020800000,1.14],[1511107200000,1.15],[1511193600000,1.16],[1511280000000,1.17],[1511366400000,1.18],[1511452800000,1.19],[1511625600000,1.22],[1511712000000,1.23],[1511798400000,1.24],[1511884800000,1.25],[1511971200000,1.26],[1512057600000,1.27],[1512230400000,1.29],[1512316800000,1.31],[1512403200000,1.32],[1512489600000,1.33],[1512576000000,1.34],[1512662400000,1.35],[1512835200000,1.37],[1512921600000,1.38],[1513008000000,1.39],[1513094400000,1.40],[1513180800000,1.41],[1513267200000,1.42],[1513440000000,1.43],[1513526400000,1.44],[1513612800000,1.44],[1513699200000,1.45],[1513785600000,1.45],[1513872000000,1.46],[1514044800000,1.47],[1514131200000,1.47],[1514217600000,1.48],[1514304000000,1.48],[1514390400000,1.48],[1514476800000,1.50],[1514649600000,1.52],[1514736000000,1.53],[1514822400000,1.55],[1514908800000,1.56],[1514995200000,1.58],[1515081600000,1.59],[1515254400000,1.62],[1515340800000,1.63],[1515427200000,1.64],[1515513600000,1.65],[1515600000000,1.66],[1515686400000,1.67],[1515859200000,1.69],[1515945600000,1.71],[1516032000000,1.72],[1516118400000,1.73],[1516204800000,1.74],[1516291200000,1.75],[1516464000000,1.77],[1516550400000,1.78],[1516636800000,1.79],[1516723200000,1.80],[1516809600000,1.81],[1516896000000,1.82],[1517068800000,1.85],[1517155200000,1.86],[1517241600000,1.87],[1517328000000,1.88],[1517414400000,1.89],[1517500800000,1.90],[1517673600000,1.92],[1517760000000,1.93],[1517846400000,1.94]]},{"name":"同类平均","data":[[1502035200000,0],[1502121600000,0.01],[1502208000000,0.02],[1502294400000,0.03],[1502380800000,0.04],[1502640000000,0.07],[1502726400000,0.08],[1502812800000,0.09],[1502899200000,0.10],[1502985600000,0.11],[1503244800000,0.14],[1503331200000,0.16],[1503417600000,0.17],[1503504000000,0.18],[1503590400000,0.19],[1503849600000,0.22],[1503936000000,0.23],[1504022400000,0.24],[1504108800000,0.25],[1504195200000,0.26],[1504454400000,0.29],[1504540800000,0.30],[1504627200000,0.31],[1504713600000,0.32],[1504800000000,0.34],[1505059200000,0.37],[1505145600000,0.38],[1505232000000,0.39],[1505318400000,0.40],[1505404800000,0.41],[1505664000000,0.44],[1505750400000,0.45],[1505836800000,0.46],[1505923200000,0.47],[1506009600000,0.48],[1506268800000,0.52],[1506355200000,0.53],[1506441600000,0.54],[1506528000000,0.55],[1506614400000,0.56],[1507478400000,0.67],[1507564800000,0.68],[1507651200000,0.69],[1507737600000,0.71],[1507824000000,0.72],[1508083200000,0.75],[1508169600000,0.76],[1508256000000,0.77],[1508342400000,0.78],[1508428800000,0.79],[1508688000000,0.82],[1508774400000,0.83],[1508860800000,0.84],[1508947200000,0.85],[1509033600000,0.86],[1509292800000,0.90],[1509379200000,0.91],[1509465600000,0.92],[1509552000000,0.93],[1509638400000,0.94],[1509897600000,0.97],[1509984000000,0.98],[1510070400000,0.99],[1510156800000,1.00],[1510243200000,1.01],[1510502400000,1.04],[1510588800000,1.06],[1510675200000,1.07],[1510761600000,1.08],[1510848000000,1.09],[1511107200000,1.12],[1511193600000,1.13],[1511280000000,1.14],[1511366400000,1.15],[1511452800000,1.16],[1511712000000,1.20],[1511798400000,1.21],[1511884800000,1.22],[1511971200000,1.23],[1512057600000,1.24],[1512316800000,1.28],[1512403200000,1.29],[1512489600000,1.30],[1512576000000,1.31],[1512662400000,1.32],[1512921600000,1.35],[1513008000000,1.36],[1513094400000,1.38],[1513180800000,1.39],[1513267200000,1.40],[1513526400000,1.43],[1513612800000,1.44],[1513699200000,1.46],[1513785600000,1.47],[1513872000000,1.48],[1514131200000,1.51],[1514217600000,1.53],[1514304000000,1.54],[1514390400000,1.55],[1514476800000,1.57],[1514822400000,1.62],[1514908800000,1.64],[1514995200000,1.65],[1515081600000,1.66],[1515340800000,1.69],[1515427200000,1.71],[1515513600000,1.72],[1515600000000,1.73],[1515686400000,1.74],[1515945600000,1.77],[1516032000000,1.79],[1516118400000,1.80],[1516204800000,1.81],[1516291200000,1.82],[1516550400000,1.86],[1516636800000,1.87],[1516723200000,1.88],[1516809600000,1.89],[1516896000000,1.90],[1517155200000,1.94],[1517241600000,1.95],[1517328000000,1.96],[1517414400000,1.97],[1517500800000,1.98],[1517760000000,2.02],[1517846400000,2.03]]},{"name":"沪深300","data":[[1502035200000,0],[1502121600000,0.15],[1502208000000,0.11],[1502294400000,-0.29],[1502380800000,-2.13],[1502640000000,-0.86],[1502726400000,-0.56],[1502812800000,-0.68],[1502899200000,-0.15],[1502985600000,-0.06],[1503244800000,0.38],[1503331200000,0.68],[1503417600000,0.79],[1503504000000,0.21],[1503590400000,1.85],[1503849600000,3.11],[1503936000000,2.89],[1504022400000,2.88],[1504108800000,2.56],[1504195200000,2.78],[1504454400000,3.19],[1504540800000,3.50],[1504627200000,3.29],[1504713600000,2.77],[1504800000000,2.66],[1505059200000,2.65],[1505145600000,2.98],[1505232000000,3.11],[1505318400000,2.77],[1505404800000,2.80],[1505664000000,3.12],[1505750400000,2.83],[1505836800000,3.10],[1505923200000,2.98],[1506009600000,2.98],[1506268800000,2.44],[1506355200000,2.52],[1506441600000,2.53],[1506528000000,2.57],[1506614400000,2.94],[1507478400000,4.17],[1507564800000,4.38],[1507651200000,4.72],[1507737600000,5.00],[1507824000000,5.21],[1508083200000,5.01],[1508169600000,5.00],[1508256000000,5.83],[1508342400000,5.49],[1508428800000,5.37],[1508688000000,5.47],[1508774400000,6.24],[1508860800000,6.71],[1508947200000,7.16],[1509033600000,7.92],[1509292800000,7.59],[1509379200000,7.51],[1509465600000,7.24],[1509552000000,7.25],[1509638400000,7.13],[1509897600000,7.89],[1509984000000,8.79],[1510070400000,8.62],[1510156800000,9.37],[1510243200000,10.33],[1510502400000,10.77],[1510588800000,10.00],[1510675200000,9.31],[1510761600000,10.15],[1510848000000,10.57],[1511107200000,11.19],[1511193600000,13.17],[1511280000000,13.44],[1511366400000,10.08],[1511452800000,10.13],[1511712000000,8.67],[1511798400000,8.83],[1511884800000,8.77],[1511971200000,7.49],[1512057600000,7.28],[1512316800000,7.84],[1512403200000,8.41],[1512489600000,7.76],[1512576000000,6.55],[1512662400000,7.42],[1512921600000,9.20],[1513008000000,7.76],[1513094400000,8.67],[1513180800000,8.03],[1513267200000,6.82],[1513526400000,6.94],[1513612800000,8.28],[1513699200000,8.15],[1513785600000,9.15],[1513872000000,8.80],[1514131200000,8.45],[1514217600000,8.77],[1514304000000,7.09],[1514390400000,7.84],[1514476800000,8.16],[1514822400000,9.68],[1514908800000,10.32],[1514995200000,10.79],[1515081600000,11.05],[1515340800000,11.63],[1515427200000,12.41],[1515513600000,12.91],[1515600000000,12.85],[1515686400000,13.37],[1515945600000,13.37],[1516032000000,14.27],[1516118400000,13.99],[1516204800000,14.61],[1516291200000,14.99],[1516550400000,16.36],[1516636800000,17.60],[1516723200000,17.79],[1516809600000,17.13],[1516896000000,17.56],[1517155200000,15.43],[1517241600000,14.20],[1517328000000,14.73],[1517414400000,13.93],[1517500800000,14.61],[1517760000000,14.69],[1517846400000,11.33]]}];
/*同类排名*/
var Data_rateInSimilarType = [{"x":1494777600000,"y":367,"sc":"554"},{"x":1494864000000,"y":362,"sc":"556"},{"x":1494950400000,"y":362,"sc":"560"},{"x":1495036800000,"y":353,"sc":"560"},{"x":1495123200000,"y":363,"sc":"560"},{"x":1495382400000,"y":359,"sc":"560"},{"x":1495468800000,"y":359,"sc":"562"},{"x":1495555200000,"y":367,"sc":"564"},{"x":1495641600000,"y":359,"sc":"564"},{"x":1495728000000,"y":378,"sc":"564"},{"x":1496160000000,"y":388,"sc":"564"},{"x":1496246400000,"y":387,"sc":"564"},{"x":1496332800000,"y":391,"sc":"564"},{"x":1496592000000,"y":394,"sc":"566"},{"x":1496678400000,"y":389,"sc":"566"},{"x":1496764800000,"y":390,"sc":"566"},{"x":1496851200000,"y":390,"sc":"566"},{"x":1496937600000,"y":389,"sc":"566"},{"x":1497196800000,"y":392,"sc":"574"},{"x":1497283200000,"y":390,"sc":"574"},{"x":1497369600000,"y":386,"sc":"575"},{"x":1497456000000,"y":386,"sc":"575"},{"x":1497542400000,"y":389,"sc":"575"},{"x":1497801600000,"y":402,"sc":"577"},{"x":1497888000000,"y":400,"sc":"577"},{"x":1497974400000,"y":395,"sc":"575"},{"x":1498060800000,"y":391,"sc":"575"},{"x":1498147200000,"y":399,"sc":"576"},{"x":1498406400000,"y":412,"sc":"579"},{"x":1498492800000,"y":416,"sc":"579"},{"x":1498579200000,"y":417,"sc":"579"},{"x":1498665600000,"y":414,"sc":"579"},{"x":1498752000000,"y":411,"sc":"582"},{"x":1499011200000,"y":382,"sc":"582"},{"x":1499097600000,"y":405,"sc":"582"},{"x":1499184000000,"y":405,"sc":"583"},{"x":1499270400000,"y":403,"sc":"583"},{"x":1499356800000,"y":402,"sc":"583"},{"x":1499616000000,"y":400,"sc":"583"},{"x":1499702400000,"y":395,"sc":"583"},{"x":1499788800000,"y":394,"sc":"583"},{"x":1499875200000,"y":392,"sc":"583"},{"x":1499961600000,"y":392,"sc":"586"},{"x":1500220800000,"y":394,"sc":"586"},{"x":1500307200000,"y":395,"sc":"586"},{"x":1500393600000,"y":399,"sc":"589"},{"x":1500480000000,"y":400,"sc":"589"},{"x":1500566400000,"y":397,"sc":"593"},{"x":1500825600000,"y":384,"sc":"593"},{"x":1500912000000,"y":386,"sc":"593"},{"x":1500998400000,"y":395,"sc":"594"},{"x":1501084800000,"y":395,"sc":"594"},{"x":1501171200000,"y":397,"sc":"594"},{"x":1501430400000,"y":390,"sc":"594"},{"x":1501516800000,"y":409,"sc":"594"},{"x":1501603200000,"y":411,"sc":"594"},{"x":1501689600000,"y":412,"sc":"594"},{"x":1501776000000,"y":416,"sc":"594"},{"x":1502035200000,"y":425,"sc":"596"},{"x":1502121600000,"y":427,"sc":"596"},{"x":1502208000000,"y":432,"sc":"596"},{"x":1502294400000,"y":434,"sc":"596"},{"x":1502380800000,"y":436,"sc":"596"},{"x":1502640000000,"y":439,"sc":"596"},{"x":1502726400000,"y":441,"sc":"596"},{"x":1502812800000,"y":448,"sc":"596"},{"x":1502899200000,"y":451,"sc":"596"},{"x":1502985600000,"y":451,"sc":"596"},{"x":1503244800000,"y":456,"sc":"597"},{"x":1503331200000,"y":456,"sc":"597"},{"x":1503417600000,"y":453,"sc":"597"},{"x":1503504000000,"y":455,"sc":"596"},{"x":1503590400000,"y":456,"sc":"596"},{"x":1503849600000,"y":456,"sc":"600"},{"x":1503936000000,"y":450,"sc":"600"},{"x":1504022400000,"y":466,"sc":"600"},{"x":1504108800000,"y":464,"sc":"601"},{"x":1504195200000,"y":468,"sc":"601"},{"x":1504454400000,"y":471,"sc":"601"},{"x":1504540800000,"y":471,"sc":"601"},{"x":1504627200000,"y":468,"sc":"601"},{"x":1504713600000,"y":468,"sc":"601"},{"x":1504800000000,"y":474,"sc":"601"},{"x":1505059200000,"y":481,"sc":"603"},{"x":1505145600000,"y":481,"sc":"603"},{"x":1505232000000,"y":480,"sc":"603"},{"x":1505318400000,"y":483,"sc":"605"},{"x":1505404800000,"y":485,"sc":"605"},{"x":1505664000000,"y":467,"sc":"606"},{"x":1505750400000,"y":468,"sc":"606"},{"x":1505836800000,"y":465,"sc":"603"},{"x":1505923200000,"y":457,"sc":"603"},{"x":1506009600000,"y":449,"sc":"603"},{"x":1506268800000,"y":423,"sc":"603"},{"x":1506355200000,"y":413,"sc":"603"},{"x":1506441600000,"y":400,"sc":"604"},{"x":1506528000000,"y":390,"sc":"604"},{"x":1506614400000,"y":387,"sc":"606"},{"x":1507478400000,"y":378,"sc":"606"},{"x":1507564800000,"y":375,"sc":"607"},{"x":1507651200000,"y":372,"sc":"607"},{"x":1507737600000,"y":377,"sc":"611"},{"x":1507824000000,"y":375,"sc":"611"},{"x":1508083200000,"y":380,"sc":"612"},{"x":1508169600000,"y":378,"sc":"612"},{"x":1508256000000,"y":375,"sc":"611"},{"x":1508342400000,"y":369,"sc":"611"},{"x":1508428800000,"y":372,"sc":"611"},{"x":1508688000000,"y":365,"sc":"606"},{"x":1508774400000,"y":361,"sc":"606"},{"x":1508860800000,"y":359,"sc":"607"},{"x":1508947200000,"y":360,"sc":"607"},{"x":1509033600000,"y":359,"sc":"607"},{"x":1509292800000,"y":358,"sc":"609"},{"x":1509379200000,"y":357,"sc":"610"},{"x":1509465600000,"y":358,"sc":"610"},{"x":1509552000000,"y":358,"sc":"613"},{"x":1509638400000,"y":359,"sc":"617"},{"x":1509897600000,"y":350,"sc":"621"},{"x":1509984000000,"y":347,"sc":"621"},{"x":1510070400000,"y":343,"sc":"621"},{"x":1510156800000,"y":343,"sc":"623"},{"x":1510243200000,"y":340,"sc":"623"},{"x":1510502400000,"y":328,"sc":"633"},{"x":1510588800000,"y":325,"sc":"635"},{"x":1510675200000,"y":313,"sc":"635"},{"x":1510761600000,"y":309,"sc":"635"},{"x":1510848000000,"y":306,"sc":"636"},{"x":1511107200000,"y":303,"sc":"636"},{"x":1511193600000,"y":299,"sc":"636"},{"x":1511280000000,"y":300,"sc":"636"},{"x":1511366400000,"y":300,"sc":"636"},{"x":1511452800000,"y":299,"sc":"637"},{"x":1511712000000,"y":299,"sc":"640"},{"x":1511798400000,"y":296,"sc":"640"},{"x":1511884800000,"y":297,"sc":"640"},{"x":1511971200000,"y":296,"sc":"641"},{"x":1512057600000,"y":293,"sc":"643"},{"x":1512316800000,"y":292,"sc":"643"},{"x":1512403200000,"y":290,"sc":"643"},{"x":1512489600000,"y":292,"sc":"643"},{"x":1512576000000,"y":296,"sc":"644"},{"x":1512662400000,"y":295,"sc":"652"},{"x":1512921600000,"y":299,"sc":"652"},{"x":1513008000000,"y":303,"sc":"653"},{"x":1513094400000,"y":312,"sc":"653"},{"x":1513180800000,"y":311,"sc":"654"},{"x":1513267200000,"y":334,"sc":"656"},{"x":1513526400000,"y":406,"sc":"656"},{"x":1513612800000,"y":421,"sc":"656"},{"x":1513699200000,"y":436,"sc":"656"},{"x":1513785600000,"y":471,"sc":"655"},{"x":1513872000000,"y":485,"sc":"655"},{"x":1514131200000,"y":529,"sc":"655"},{"x":1514217600000,"y":546,"sc":"655"},{"x":1514304000000,"y":567,"sc":"654"},{"x":1514390400000,"y":586,"sc":"655"},{"x":1514476800000,"y":594,"sc":"655"},{"x":1514822400000,"y":578,"sc":"655"},{"x":1514908800000,"y":562,"sc":"655"},{"x":1514995200000,"y":550,"sc":"655"},{"x":1515081600000,"y":524,"sc":"655"},{"x":1515340800000,"y":593,"sc":"655"},{"x":1515427200000,"y":595,"sc":"655"},{"x":1515513600000,"y":596,"sc":"656"},{"x":1515600000000,"y":596,"sc":"657"},{"x":1515686400000,"y":597,"sc":"657"},{"x":1515945600000,"y":594,"sc":"657"},{"x":1516032000000,"y":594,"sc":"657"},{"x":1516118400000,"y":594,"sc":"657"},{"x":1516204800000,"y":598,"sc":"657"},{"x":1516291200000,"y":598,"sc":"657"},{"x":1516550400000,"y":601,"sc":"657"},{"x":1516636800000,"y":601,"sc":"657"},{"x":1516723200000,"y":602,"sc":"657"},{"x":1516809600000,"y":601,"sc":"657"},{"x":1516896000000,"y":603,"sc":"655"},{"x":1517155200000,"y":606,"sc":"656"},{"x":1517241600000,"y":607,"sc":"656"},{"x":1517328000000,"y":607,"sc":"656"},{"x":1517414400000,"y":607,"sc":"656"},{"x":1517500800000,"y":606,"sc":"656"},{"x":1517760000000,"y":608,"sc":"656"},{"x":1517846400000,"y":608,"sc":"656"}];
/*百分比排名*/
var Data_rateInSimilarPersent = [[1494777600000,33.7500],[1494864000000,34.8900],[1494950400000,35.3600],[1495036800000,36.9600],[1495123200000,35.1800],[1495382400000,35.8900],[1495468800000,36.1200],[1495555200000,34.9300],[1495641600000,36.3500],[1495728000000,32.9800],[1496160000000,31.2100],[1496246400000,31.3800],[1496332800000,30.6700],[1496592000000,30.3900],[1496678400000,31.2700],[1496764800000,31.1000],[1496851200000,31.1000],[1496937600000,31.2700],[1497196800000,31.7100],[1497283200000,32.0600],[1497369600000,32.8700],[1497456000000,32.8700],[1497542400000,32.3500],[1497801600000,30.3300],[1497888000000,30.6800],[1497974400000,31.3000],[1498060800000,32.00],[1498147200000,30.7300],[1498406400000,28.8400],[1498492800000,28.1500],[1498579200000,27.9800],[1498665600000,28.5000],[1498752000000,29.3800],[1499011200000,34.3600],[1499097600000,30.4100],[1499184000000,30.5300],[1499270400000,30.8700],[1499356800000,31.0500],[1499616000000,31.3900],[1499702400000,32.2500],[1499788800000,32.4200],[1499875200000,32.7600],[1499961600000,33.1100],[1500220800000,32.7600],[1500307200000,32.5900],[1500393600000,32.2600],[1500480000000,32.0900],[1500566400000,33.0500],[1500825600000,35.2400],[1500912000000,34.9100],[1500998400000,33.5000],[1501084800000,33.5000],[1501171200000,33.1600],[1501430400000,34.3400],[1501516800000,31.1400],[1501603200000,30.8100],[1501689600000,30.6400],[1501776000000,29.9700],[1502035200000,28.6900],[1502121600000,28.3600],[1502208000000,27.5200],[1502294400000,27.1800],[1502380800000,26.8500],[1502640000000,26.3400],[1502726400000,26.0100],[1502812800000,24.8300],[1502899200000,24.3300],[1502985600000,24.3300],[1503244800000,23.6200],[1503331200000,23.6200],[1503417600000,24.1200],[1503504000000,23.6600],[1503590400000,23.4900],[1503849600000,24.00],[1503936000000,25.00],[1504022400000,22.3300],[1504108800000,22.8000],[1504195200000,22.1300],[1504454400000,21.6300],[1504540800000,21.6300],[1504627200000,22.1300],[1504713600000,22.1300],[1504800000000,21.1300],[1505059200000,20.2300],[1505145600000,20.2300],[1505232000000,20.4000],[1505318400000,20.1700],[1505404800000,19.8300],[1505664000000,22.9400],[1505750400000,22.7700],[1505836800000,22.8900],[1505923200000,24.2100],[1506009600000,25.5400],[1506268800000,29.8500],[1506355200000,31.5100],[1506441600000,33.7700],[1506528000000,35.4300],[1506614400000,36.1400],[1507478400000,37.6200],[1507564800000,38.2200],[1507651200000,38.7100],[1507737600000,38.3000],[1507824000000,38.6300],[1508083200000,37.9100],[1508169600000,38.2400],[1508256000000,38.6300],[1508342400000,39.6100],[1508428800000,39.1200],[1508688000000,39.7700],[1508774400000,40.4300],[1508860800000,40.8600],[1508947200000,40.6900],[1509033600000,40.8600],[1509292800000,41.2200],[1509379200000,41.4800],[1509465600000,41.3100],[1509552000000,41.6000],[1509638400000,41.8200],[1509897600000,43.6400],[1509984000000,44.1200],[1510070400000,44.7700],[1510156800000,44.9400],[1510243200000,45.4300],[1510502400000,48.1800],[1510588800000,48.8200],[1510675200000,50.7100],[1510761600000,51.3400],[1510848000000,51.8900],[1511107200000,52.3600],[1511193600000,52.9900],[1511280000000,52.8300],[1511366400000,52.8300],[1511452800000,53.0600],[1511712000000,53.2800],[1511798400000,53.7500],[1511884800000,53.5900],[1511971200000,53.8200],[1512057600000,54.4300],[1512316800000,54.5900],[1512403200000,54.9000],[1512489600000,54.5900],[1512576000000,54.0400],[1512662400000,54.7500],[1512921600000,54.1400],[1513008000000,53.6000],[1513094400000,52.2200],[1513180800000,52.4500],[1513267200000,49.0900],[1513526400000,38.1100],[1513612800000,35.8200],[1513699200000,33.5400],[1513785600000,28.0900],[1513872000000,25.9500],[1514131200000,19.2400],[1514217600000,16.6400],[1514304000000,13.3000],[1514390400000,10.5300],[1514476800000,9.3100],[1514822400000,11.7600],[1514908800000,14.2000],[1514995200000,16.0300],[1515081600000,20.00],[1515340800000,9.4700],[1515427200000,9.1600],[1515513600000,9.1500],[1515600000000,9.2800],[1515686400000,9.1300],[1515945600000,9.5900],[1516032000000,9.5900],[1516118400000,9.5900],[1516204800000,8.9800],[1516291200000,8.9800],[1516550400000,8.5200],[1516636800000,8.5200],[1516723200000,8.3700],[1516809600000,8.5200],[1516896000000,7.9400],[1517155200000,7.6200],[1517241600000,7.4700],[1517328000000,7.4700],[1517414400000,7.4700],[1517500800000,7.6200],[1517760000000,7.3200],[1517846400000,7.3200]];
/*规模变动*/
var Data_fluctuationScale = {"categories":["2017-02-13","2017-06-30","2017-09-30","2017-12-31"],"series":[{"y":0.00,"mom":"--"},{"y":0.00,"mom":"6058.41%"},{"y":0.01,"mom":"84.18%"},{"y":0.01,"mom":"22.89%"}]};;
/*持有人结构*/
var Data_holderStructure = {"series":[{"name":"机构持有比例","data":[23.24]},{"name":"个人持有比例","data":[76.76]},{"name":"内部持有比例","data":[71.2108]}],"categories":["2017-06-30"]};
/*申购赎回*/
var Data_assetAllocation ={"series":[{"name":"期间申购","data":[0.01,0.00,0.01]},{"name":"期间赎回","data":[0.01,0.00,0.01]},{"name":"总份额","data":[0.00,0.01,0.01]}],"categories":["2017-06-30","2017-09-30","2017-12-31"]};
/*现任基金经理*/
var Data_currentFundManager = [{"id":"30200192","pic":"https://pdf.dfcfw.com/pdf/H8_JPG30200192_1.jpg","name":"苏谋东","star":3,"workTime":"4年又255天","fundSize":"131.85亿(24只基金)","power":{"avr":"53.76","categories":["经验值","收益率","抗风险","稳定性","管理规模"],"dsc":["反映基金经理从业年限和管理基金的经验","根据基金经理投资的阶段收益评分，反映\u003cbr\u003e基金经理投资的盈利能力","反映基金经理投资的回撤控制能力","反映基金经理投资收益的波动","根据基金经理现任管理基金资产规模评分"],"data":[72.20,32.90,68.40,81.60,46.60],"jzrq":"2018-02-06"},"profit":{"categories":["任期收益","同类平均"],"series":[{"data":[{"name":null,"color":"#7cb5ec","y":3.6942},{"name":null,"color":"#414c7b","y":3.87}]}],"jzrq":"2018-02-06"}}] ;
/*同类型基金涨幅榜（页面底部通栏）*/
var swithSameType = [['002895_华夏天利货币B_5.8750','002894_华夏天利货币A_5.6210','004398_融通现金宝货币B_5.3370','000902_国开货币B_5.3360','001478_泰康薪意保货币B_5.1400'],['002895_华夏天利货币B_5.26','004973_长城收益宝货币B_5.08','004904_人保货币B_5.05','002884_华润元大现金通货币B_5.01','002894_华夏天利货币A_5.01'],['004973_长城收益宝货币B_5.05','004770_海富通添益货币A_4.99','002884_华润元大现金通货币B_4.99','005151_红土创新优淳货币B_4.90','002895_华夏天利货币B_4.89'],['004770_海富通添益货币A_5.39','004973_长城收益宝货币B_5.13','002884_华润元大现金通货币B_5.03','002895_华夏天利货币B_5.03','004398_融通现金宝货币B_5.01'],['003679_中融现金增利货币C_4.67','003474_南方天天利货币B_4.55','000836_国投瑞银钱多宝货币A_4.52','000837_国投瑞银钱多宝货币I_4.52','003753_工银如意货币B_4.51']];