/**
 * 测试数据
 * @type {arry}
 */
/*2018-02-07 18:01:20*/
//基金或股票信息
var fS_name = "华夏财富宝货币B";
var fS_code = "004201";
var fund_minsg="";
var ishb=true;
/*原费率*/
var fund_sourceRate="0";
/*现费率*/
var fund_Rate="0";
/*最小申购金额*/
var fund_minsg="";
/*收益率*/
/*近一年收益率*/
var syl_1n="4.3258";
/*近6月收益率*/
var syl_6y="2.2308";
/*近三月收益率*/
var syl_3y="1.1535";
/*近一月收益率*/
var syl_1y="0.4107";
/* 基金收益走势图 每万份收益*/
var Data_millionCopiesIncome = [[1482854400000,0.6726],[1482940800000,0.7912],[1483027200000,0.8112],[1483113600000,0.8073],[1483200000000,0.807],[1483286400000,0.807],[1483372800000,0.6555],[1483459200000,0.6379],[1483545600000,0.8166],[1483632000000,1.1884],[1483718400000,0.7643],[1483804800000,0.7624],[1483891200000,0.9263],[1483977600000,0.765],[1484064000000,0.779],[1484150400000,0.8878],[1484236800000,0.9095],[1484323200000,0.9099],[1484409600000,0.9098],[1484496000000,0.9001],[1484582400000,0.4746],[1484668800000,0.8986],[1484755200000,0.3937],[1484841600000,0.6163],[1484928000000,0.8885],[1485014400000,0.8884],[1485100800000,0.8463],[1485187200000,1.0025],[1485273600000,0.7309],[1485360000000,0.8452],[1485446400000,0.8437],[1485532800000,0.8437],[1485619200000,0.8436],[1485705600000,0.8436],[1485792000000,0.8436],[1485878400000,0.8468],[1485964800000,0.8468],[1486051200000,0.848],[1486137600000,0.8478],[1486224000000,0.8478],[1486310400000,0.8644],[1486396800000,0.4985],[1486483200000,0.9033],[1486569600000,0.8157],[1486656000000,0.8422],[1486742400000,0.8424],[1486828800000,0.8424],[1486915200000,0.5692],[1487001600000,0.619],[1487088000000,0.8936],[1487174400000,0.9002],[1487260800000,0.8947],[1487347200000,0.8953],[1487433600000,0.8953],[1487520000000,0.8955],[1487606400000,0.8522],[1487692800000,0.8617],[1487779200000,0.8859],[1487865600000,0.9258],[1487952000000,0.8706],[1488038400000,0.7775],[1488124800000,0.8731],[1488211200000,0.6683],[1488297600000,0.8702],[1488384000000,0.8697],[1488470400000,0.6486],[1488556800000,0.98],[1488643200000,0.9799],[1488729600000,0.9779],[1488816000000,0.971],[1488902400000,1.0153],[1488988800000,1.1069],[1489075200000,2.6659],[1489161600000,1.0134],[1489248000000,1.0133],[1489334400000,1.0277],[1489420800000,1.0288],[1489507200000,1.5369],[1489593600000,1.1838],[1489680000000,2.6179],[1489766400000,1.0022],[1489852800000,1.0021],[1489939200000,1.0179],[1490025600000,0.9904],[1490112000000,2.3542],[1490198400000,1.0089],[1490284800000,1.032],[1490371200000,1.029],[1490457600000,1.0289],[1490544000000,1.0582],[1490630400000,1.064],[1490716800000,1.0667],[1490803200000,1.0501],[1490889600000,1.0602],[1490976000000,1.0581],[1491062400000,1.058],[1491148800000,1.058],[1491235200000,1.0579],[1491321600000,1.0609],[1491408000000,1.0788],[1491494400000,1.0758],[1491580800000,1.076],[1491667200000,1.0759],[1491753600000,1.0446],[1491840000000,1.093],[1491926400000,1.1022],[1492012800000,1.0999],[1492099200000,1.0941],[1492185600000,1.0928],[1492272000000,1.0927],[1492358400000,1.0685],[1492444800000,1.0735],[1492531200000,1.0699],[1492617600000,1.0716],[1492704000000,1.0696],[1492790400000,1.0686],[1492876800000,1.0685],[1492963200000,1.0665],[1493049600000,1.0669],[1493136000000,1.0703],[1493222400000,1.087],[1493308800000,1.0892],[1493395200000,1.0883],[1493481600000,1.0605],[1493568000000,1.0617],[1493654400000,1.0876],[1493740800000,1.0777],[1493827200000,1.0934],[1493913600000,0.6175],[1494000000000,1.0895],[1494086400000,1.0895],[1494172800000,0.6021],[1494259200000,1.1492],[1494345600000,1.1537],[1494432000000,1.2098],[1494518400000,1.2337],[1494604800000,1.1552],[1494691200000,1.135],[1494777600000,1.1555],[1494864000000,0.8373],[1494950400000,1.1613],[1495036800000,1.193],[1495123200000,1.1814],[1495209600000,1.1812],[1495296000000,1.1811],[1495382400000,1.1834],[1495468800000,1.3979],[1495555200000,1.2094],[1495641600000,1.156],[1495728000000,1.1699],[1495814400000,1.1684],[1495900800000,1.1683],[1495987200000,1.1683],[1496073600000,1.1682],[1496160000000,1.178],[1496246400000,1.1758],[1496332800000,1.0497],[1496419200000,1.1563],[1496505600000,1.1563],[1496592000000,1.1578],[1496678400000,1.1906],[1496764800000,1.2],[1496851200000,1.195],[1496937600000,1.1962],[1497024000000,1.1957],[1497110400000,1.1956],[1497196800000,1.1936],[1497283200000,1.1944],[1497369600000,1.1232],[1497456000000,1.1979],[1497542400000,1.1715],[1497628800000,1.1709],[1497715200000,1.1708],[1497801600000,1.1709],[1497888000000,1.216],[1497974400000,1.2246],[1498060800000,1.2202],[1498147200000,1.2343],[1498233600000,1.2152],[1498320000000,1.2152],[1498406400000,1.2198],[1498492800000,1.2463],[1498579200000,1.179],[1498665600000,1.341],[1498752000000,1.9161],[1498838400000,1.1621],[1498924800000,1.162],[1499011200000,1.1625],[1499097600000,1.7374],[1499184000000,1.544],[1499270400000,1.4319],[1499356800000,1.2128],[1499443200000,1.2096],[1499529600000,1.2095],[1499616000000,1.6119],[1499702400000,1.2378],[1499788800000,1.2412],[1499875200000,1.2158],[1499961600000,1.2025],[1500048000000,1.1997],[1500134400000,1.1996],[1500220800000,1.195],[1500307200000,1.1873],[1500393600000,1.1628],[1500480000000,1.1598],[1500566400000,1.2339],[1500652800000,1.1551],[1500739200000,1.155],[1500825600000,1.2511],[1500912000000,1.1569],[1500998400000,1.1215],[1501084800000,1.1679],[1501171200000,1.3415],[1501257600000,1.0542],[1501344000000,1.0542],[1501430400000,1.1335],[1501516800000,1.259],[1501603200000,1.1999],[1501689600000,1.1253],[1501776000000,1.1698],[1501862400000,1.1088],[1501948800000,1.1087],[1502035200000,1.1428],[1502121600000,1.1699],[1502208000000,1.1677],[1502294400000,1.1737],[1502380800000,1.1698],[1502467200000,1.1689],[1502553600000,1.1688],[1502640000000,1.1718],[1502726400000,1.1663],[1502812800000,1.1527],[1502899200000,1.0333],[1502985600000,1.1554],[1503072000000,1.1499],[1503158400000,1.1498],[1503244800000,1.1463],[1503331200000,1.0586],[1503417600000,1.0043],[1503504000000,1.0542],[1503590400000,1.5426],[1503676800000,1.0703],[1503763200000,1.0701],[1503849600000,1.1525],[1503936000000,1.0755],[1504022400000,1.3046],[1504108800000,1.1794],[1504195200000,1.1918],[1504281600000,1.1645],[1504368000000,1.1644],[1504454400000,1.1611],[1504540800000,1.1695],[1504627200000,1.1841],[1504713600000,1.1831],[1504800000000,1.179],[1504886400000,1.1786],[1504972800000,1.1785],[1505059200000,1.1946],[1505145600000,1.2027],[1505232000000,1.2006],[1505318400000,1.1796],[1505404800000,1.1502],[1505491200000,1.1494],[1505577600000,1.1493],[1505664000000,1.165],[1505750400000,1.1687],[1505836800000,1.1742],[1505923200000,1.1742],[1506009600000,1.1797],[1506096000000,1.1799],[1506182400000,1.1799],[1506268800000,1.169],[1506355200000,1.1599],[1506441600000,1.1582],[1506528000000,1.1495],[1506614400000,2.46],[1506700800000,1.0887],[1506787200000,1.0887],[1506873600000,1.0886],[1506960000000,1.0886],[1507046400000,1.0886],[1507132800000,1.0885],[1507219200000,1.0885],[1507305600000,1.0885],[1507392000000,1.0884],[1507478400000,1.0931],[1507564800000,0.9546],[1507651200000,0.9207],[1507737600000,1.2068],[1507824000000,0.9102],[1507910400000,1.2006],[1507996800000,1.2005],[1508083200000,0.8706],[1508169600000,0.9715],[1508256000000,0.8723],[1508342400000,0.8845],[1508428800000,1.2031],[1508515200000,1.1755],[1508601600000,1.1755],[1508688000000,1.1908],[1508774400000,1.1592],[1508860800000,1.1919],[1508947200000,1.1605],[1509033600000,1.2126],[1509120000000,1.1462],[1509206400000,1.1462],[1509292800000,1.137],[1509379200000,1.2092],[1509465600000,1.1392],[1509552000000,1.2144],[1509638400000,1.1105],[1509724800000,1.1098],[1509811200000,1.1097],[1509897600000,1.1642],[1509984000000,1.2041],[1510070400000,1.0213],[1510156800000,1.2205],[1510243200000,1.1052],[1510329600000,1.2002],[1510416000000,1.2113],[1510502400000,1.1056],[1510588800000,1.0765],[1510675200000,1.1019],[1510761600000,1.205],[1510848000000,1.1279],[1510934400000,1.2288],[1511020800000,1.2287],[1511107200000,1.2249],[1511193600000,1.221],[1511280000000,1.214],[1511366400000,1.1519],[1511452800000,1.1986],[1511539200000,1.1979],[1511625600000,1.1979],[1511712000000,1.1965],[1511798400000,1.1594],[1511884800000,1.1853],[1511971200000,1.1868],[1512057600000,1.2048],[1512144000000,1.2047],[1512230400000,1.2046],[1512316800000,1.2025],[1512403200000,1.0872],[1512489600000,1.1659],[1512576000000,1.1646],[1512662400000,1.1909],[1512748800000,1.1941],[1512835200000,1.1928],[1512921600000,1.2056],[1513008000000,1.1911],[1513094400000,1.186],[1513180800000,1.1061],[1513267200000,1.1834],[1513353600000,1.1895],[1513440000000,1.1895],[1513526400000,1.0116],[1513612800000,1.2239],[1513699200000,2.463],[1513785600000,1.3564],[1513872000000,1.2353],[1513958400000,1.232],[1514044800000,1.2319],[1514131200000,1.0973],[1514217600000,1.1084],[1514304000000,1.089],[1514390400000,1.0193],[1514476800000,1.2641],[1514563200000,1.1748],[1514649600000,1.1747],[1514736000000,1.1716],[1514822400000,1.2265],[1514908800000,1.2527],[1514995200000,1.2797],[1515081600000,1.5771],[1515168000000,1.2966],[1515254400000,1.2965],[1515340800000,1.2819],[1515427200000,1.5502],[1515513600000,1.1089],[1515600000000,1.2138],[1515686400000,1.2206],[1515772800000,1.2322],[1515859200000,1.2322],[1515945600000,1.2259],[1516032000000,1.2231],[1516118400000,1.6216],[1516204800000,1.2382],[1516291200000,1.3242],[1516377600000,1.2307],[1516464000000,1.2306],[1516550400000,1.4893],[1516636800000,1.2314],[1516723200000,1.2262],[1516809600000,1.358],[1516896000000,1.2948],[1516982400000,1.2318],[1517068800000,1.2317],[1517155200000,1.2325],[1517241600000,1.2264],[1517328000000,1.2262],[1517414400000,1.5217],[1517500800000,1.6838],[1517587200000,1.2477],[1517673600000,1.2476],[1517760000000,1.4961],[1517846400000,1.8018]];
/*基金收益走势图   7日年化收益率*/
var Data_sevenDaysYearIncome = [[1482854400000,2.485],[1482940800000,2.707],[1483027200000,2.806],[1483113600000,2.852],[1483200000000,2.88],[1483286400000,2.898],[1483372800000,2.83],[1483459200000,2.811],[1483545600000,2.825],[1483632000000,3.027],[1483718400000,3.004],[1483804800000,2.98],[1483891200000,3.044],[1483977600000,3.103],[1484064000000,3.179],[1484150400000,3.217],[1484236800000,3.067],[1484323200000,3.146],[1484409600000,3.225],[1484496000000,3.211],[1484582400000,3.055],[1484668800000,3.119],[1484755200000,2.854],[1484841600000,2.696],[1484928000000,2.685],[1485014400000,2.674],[1485100800000,2.645],[1485187200000,2.928],[1485273600000,2.838],[1485360000000,3.08],[1485446400000,3.202],[1485532800000,3.178],[1485619200000,3.154],[1485705600000,3.153],[1485792000000,3.067],[1485878400000,3.13],[1485964800000,3.13],[1486051200000,3.133],[1486137600000,3.135],[1486224000000,3.137],[1486310400000,3.148],[1486396800000,2.963],[1486483200000,2.993],[1486569600000,2.977],[1486656000000,2.974],[1486742400000,2.971],[1486828800000,2.968],[1486915200000,2.809],[1487001600000,2.874],[1487088000000,2.869],[1487174400000,2.914],[1487260800000,2.942],[1487347200000,2.971],[1487433600000,2.999],[1487520000000,3.174],[1487606400000,3.3],[1487692800000,3.283],[1487779200000,3.275],[1487865600000,3.292],[1487952000000,3.279],[1488038400000,3.215],[1488124800000,3.203],[1488211200000,3.104],[1488297600000,3.109],[1488384000000,3.1],[1488470400000,2.951],[1488556800000,3.01],[1488643200000,3.119],[1488729600000,3.175],[1488816000000,3.338],[1488902400000,3.416],[1488988800000,3.544],[1489075200000,4.639],[1489161600000,4.657],[1489248000000,4.675],[1489334400000,4.702],[1489420800000,4.734],[1489507200000,5.019],[1489593600000,5.061],[1489680000000,5.035],[1489766400000,5.029],[1489852800000,5.023],[1489939200000,5.017],[1490025600000,4.996],[1490112000000,5.445],[1490198400000,5.349],[1490284800000,4.481],[1490371200000,4.496],[1490457600000,4.51],[1490544000000,4.532],[1490630400000,4.572],[1490716800000,3.873],[1490803200000,3.895],[1490889600000,3.911],[1490976000000,3.926],[1491062400000,3.942],[1491148800000,3.942],[1491235200000,3.939],[1491321600000,3.936],[1491408000000,3.951],[1491494400000,3.96],[1491580800000,3.969],[1491667200000,3.979],[1491753600000,3.972],[1491840000000,3.991],[1491926400000,4.013],[1492012800000,4.025],[1492099200000,4.034],[1492185600000,4.044],[1492272000000,4.053],[1492358400000,4.066],[1492444800000,4.055],[1492531200000,4.038],[1492617600000,4.022],[1492704000000,4.009],[1492790400000,3.996],[1492876800000,3.983],[1492963200000,3.982],[1493049600000,3.978],[1493136000000,3.978],[1493222400000,3.987],[1493308800000,3.997],[1493395200000,4.008],[1493481600000,4.004],[1493568000000,4.001],[1493654400000,4.012],[1493740800000,4.016],[1493827200000,4.02],[1493913600000,3.764],[1494000000000,3.765],[1494086400000,3.78],[1494172800000,3.532],[1494259200000,3.565],[1494345600000,3.606],[1494432000000,3.669],[1494518400000,4.003],[1494604800000,4.039],[1494691200000,4.063],[1494777600000,4.364],[1494864000000,4.194],[1494950400000,4.198],[1495036800000,4.189],[1495123200000,4.161],[1495209600000,4.175],[1495296000000,4.2],[1495382400000,4.215],[1495468800000,4.52],[1495555200000,4.546],[1495641600000,4.526],[1495728000000,4.52],[1495814400000,4.513],[1495900800000,4.506],[1495987200000,4.498],[1496073600000,4.373],[1496160000000,4.356],[1496246400000,4.366],[1496332800000,4.301],[1496419200000,4.295],[1496505600000,4.288],[1496592000000,4.282],[1496678400000,4.294],[1496764800000,4.306],[1496851200000,4.317],[1496937600000,4.397],[1497024000000,4.418],[1497110400000,4.439],[1497196800000,4.459],[1497283200000,4.461],[1497369600000,4.419],[1497456000000,4.421],[1497542400000,4.407],[1497628800000,4.394],[1497715200000,4.38],[1497801600000,4.368],[1497888000000,4.38],[1497974400000,4.435],[1498060800000,4.447],[1498147200000,4.481],[1498233600000,4.505],[1498320000000,4.53],[1498406400000,4.556],[1498492800000,4.573],[1498579200000,4.548],[1498665600000,4.614],[1498752000000,4.986],[1498838400000,4.957],[1498924800000,4.928],[1499011200000,4.897],[1499097600000,5.166],[1499184000000,5.366],[1499270400000,5.416],[1499356800000,5.03],[1499443200000,5.056],[1499529600000,5.082],[1499616000000,5.329],[1499702400000,5.055],[1499788800000,4.889],[1499875200000,4.771],[1499961600000,4.765],[1500048000000,4.76],[1500134400000,4.754],[1500220800000,4.527],[1500307200000,4.499],[1500393600000,4.457],[1500480000000,4.426],[1500566400000,4.443],[1500652800000,4.419],[1500739200000,4.395],[1500825600000,4.425],[1500912000000,4.409],[1500998400000,4.386],[1501084800000,4.391],[1501171200000,4.449],[1501257600000,4.394],[1501344000000,4.34],[1501430400000,4.276],[1501516800000,4.331],[1501603200000,4.374],[1501689600000,4.351],[1501776000000,4.257],[1501862400000,4.287],[1501948800000,4.316],[1502035200000,4.322],[1502121600000,4.273],[1502208000000,4.256],[1502294400000,4.282],[1502380800000,4.282],[1502467200000,4.315],[1502553600000,4.347],[1502640000000,4.363],[1502726400000,4.361],[1502812800000,4.353],[1502899200000,4.277],[1502985600000,4.269],[1503072000000,4.258],[1503158400000,4.248],[1503244800000,4.234],[1503331200000,4.176],[1503417600000,4.095],[1503504000000,4.107],[1503590400000,4.317],[1503676800000,4.274],[1503763200000,4.23],[1503849600000,4.234],[1503936000000,4.243],[1504022400000,4.406],[1504108800000,4.474],[1504195200000,4.283],[1504281600000,4.335],[1504368000000,4.386],[1504454400000,4.391],[1504540800000,4.442],[1504627200000,4.376],[1504713600000,4.378],[1504800000000,4.371],[1504886400000,4.379],[1504972800000,4.387],[1505059200000,4.405],[1505145600000,4.423],[1505232000000,4.432],[1505318400000,4.43],[1505404800000,4.414],[1505491200000,4.398],[1505577600000,4.383],[1505664000000,4.366],[1505750400000,4.348],[1505836800000,4.334],[1505923200000,4.331],[1506009600000,4.347],[1506096000000,4.363],[1506182400000,4.38],[1506268800000,4.382],[1506355200000,4.377],[1506441600000,4.369],[1506528000000,4.355],[1506614400000,5.054],[1506700800000,5.004],[1506787200000,4.954],[1506873600000,4.91],[1506960000000,4.871],[1507046400000,4.833],[1507132800000,4.8],[1507219200000,4.053],[1507305600000,4.053],[1507392000000,4.053],[1507478400000,4.055],[1507564800000,3.983],[1507651200000,3.892],[1507737600000,3.956],[1507824000000,3.859],[1507910400000,3.92],[1507996800000,3.981],[1508083200000,3.86],[1508169600000,3.869],[1508256000000,3.843],[1508342400000,3.669],[1508428800000,3.827],[1508515200000,3.814],[1508601600000,3.8],[1508688000000,3.973],[1508774400000,4.075],[1508860800000,4.249],[1508947200000,4.399],[1509033600000,4.404],[1509120000000,4.388],[1509206400000,4.372],[1509292800000,4.343],[1509379200000,4.37],[1509465600000,4.341],[1509552000000,4.371],[1509638400000,4.315],[1509724800000,4.295],[1509811200000,4.276],[1509897600000,4.29],[1509984000000,4.288],[1510070400000,4.224],[1510156800000,4.227],[1510243200000,4.224],[1510329600000,4.273],[1510416000000,4.328],[1510502400000,4.296],[1510588800000,4.227],[1510675200000,4.271],[1510761600000,4.263],[1510848000000,4.275],[1510934400000,4.29],[1511020800000,4.3],[1511107200000,4.365],[1511193600000,4.443],[1511280000000,4.504],[1511366400000,4.476],[1511452800000,4.514],[1511539200000,4.497],[1511625600000,4.48],[1511712000000,4.465],[1511798400000,4.431],[1511884800000,4.416],[1511971200000,4.435],[1512057600000,4.438],[1512144000000,4.442],[1512230400000,4.446],[1512316800000,4.449],[1512403200000,4.409],[1512489600000,4.399],[1512576000000,4.387],[1512662400000,4.379],[1512748800000,4.374],[1512835200000,4.367],[1512921600000,4.369],[1513008000000,4.425],[1513094400000,4.436],[1513180800000,4.404],[1513267200000,4.4],[1513353600000,4.398],[1513440000000,4.396],[1513526400000,4.291],[1513612800000,4.308],[1513699200000,5.005],[1513785600000,5.142],[1513872000000,5.171],[1513958400000,5.194],[1514044800000,5.217],[1514131200000,5.264],[1514217600000,5.201],[1514304000000,4.45],[1514390400000,4.267],[1514476800000,4.282],[1514563200000,4.251],[1514649600000,4.22],[1514736000000,4.26],[1514822400000,4.325],[1514908800000,4.414],[1514995200000,4.556],[1515081600000,4.726],[1515168000000,4.793],[1515254400000,4.859],[1515340800000,4.92],[1515427200000,5.097],[1515513600000,5.018],[1515600000000,4.982],[1515686400000,4.787],[1515772800000,4.752],[1515859200000,4.717],[1515945600000,4.686],[1516032000000,4.508],[1516118400000,4.788],[1516204800000,4.801],[1516291200000,4.858],[1516377600000,4.857],[1516464000000,4.856],[1516550400000,5.0],[1516636800000,5.005],[1516723200000,4.788],[1516809600000,4.854],[1516896000000,4.838],[1516982400000,4.838],[1517068800000,4.839],[1517155200000,4.699],[1517241600000,4.696],[1517328000000,4.696],[1517414400000,4.785],[1517500800000,4.998],[1517587200000,5.007],[1517673600000,5.015],[1517760000000,5.16],[1517846400000,5.476]];
/*资产配置*/
var Data_assetAllocationCurrency ={"categories":["12-31","09-30","06-30","03-31"],"series":[{"name":"股票","data":[null,null,null,null]},{"name":"债券","data":[74.6,70.2,55.49,60.79]},{"name":"现金","data":[35.57,33.1,47.66,41.16]}]};
/*累计收益率走势*/
var Data_grandTotal = [{"name":"华夏财富宝货币B","data":[[1501948800000,0],[1502035200000,0.01],[1502121600000,0.02],[1502208000000,0.03],[1502294400000,0.05],[1502380800000,0.06],[1502467200000,0.07],[1502553600000,0.08],[1502640000000,0.09],[1502726400000,0.11],[1502812800000,0.12],[1502899200000,0.13],[1502985600000,0.14],[1503072000000,0.15],[1503158400000,0.16],[1503244800000,0.17],[1503331200000,0.18],[1503417600000,0.19],[1503504000000,0.20],[1503590400000,0.22],[1503676800000,0.23],[1503763200000,0.24],[1503849600000,0.25],[1503936000000,0.26],[1504022400000,0.28],[1504108800000,0.29],[1504195200000,0.30],[1504281600000,0.31],[1504368000000,0.32],[1504454400000,0.34],[1504540800000,0.35],[1504627200000,0.36],[1504713600000,0.37],[1504800000000,0.38],[1504886400000,0.39],[1504972800000,0.41],[1505059200000,0.42],[1505145600000,0.43],[1505232000000,0.44],[1505318400000,0.45],[1505404800000,0.47],[1505491200000,0.48],[1505577600000,0.49],[1505664000000,0.50],[1505750400000,0.51],[1505836800000,0.52],[1505923200000,0.54],[1506009600000,0.55],[1506096000000,0.56],[1506182400000,0.57],[1506268800000,0.58],[1506355200000,0.60],[1506441600000,0.61],[1506528000000,0.62],[1506614400000,0.64],[1506700800000,0.65],[1506787200000,0.66],[1506873600000,0.68],[1506960000000,0.69],[1507046400000,0.70],[1507132800000,0.71],[1507219200000,0.72],[1507305600000,0.73],[1507392000000,0.74],[1507478400000,0.75],[1507564800000,0.76],[1507651200000,0.77],[1507737600000,0.78],[1507824000000,0.79],[1507910400000,0.80],[1507996800000,0.82],[1508083200000,0.83],[1508169600000,0.84],[1508256000000,0.84],[1508342400000,0.85],[1508428800000,0.87],[1508515200000,0.88],[1508601600000,0.89],[1508688000000,0.90],[1508774400000,0.91],[1508860800000,0.92],[1508947200000,0.94],[1509033600000,0.95],[1509120000000,0.96],[1509206400000,0.97],[1509292800000,0.98],[1509379200000,1.00],[1509465600000,1.01],[1509552000000,1.02],[1509638400000,1.03],[1509724800000,1.04],[1509811200000,1.05],[1509897600000,1.06],[1509984000000,1.08],[1510070400000,1.09],[1510156800000,1.10],[1510243200000,1.11],[1510329600000,1.12],[1510416000000,1.14],[1510502400000,1.15],[1510588800000,1.16],[1510675200000,1.17],[1510761600000,1.18],[1510848000000,1.19],[1510934400000,1.20],[1511020800000,1.22],[1511107200000,1.23],[1511193600000,1.24],[1511280000000,1.25],[1511366400000,1.27],[1511452800000,1.28],[1511539200000,1.29],[1511625600000,1.30],[1511712000000,1.31],[1511798400000,1.33],[1511884800000,1.34],[1511971200000,1.35],[1512057600000,1.36],[1512144000000,1.37],[1512230400000,1.39],[1512316800000,1.40],[1512403200000,1.41],[1512489600000,1.42],[1512576000000,1.43],[1512662400000,1.45],[1512748800000,1.46],[1512835200000,1.47],[1512921600000,1.48],[1513008000000,1.49],[1513094400000,1.51],[1513180800000,1.52],[1513267200000,1.53],[1513353600000,1.54],[1513440000000,1.55],[1513526400000,1.56],[1513612800000,1.58],[1513699200000,1.60],[1513785600000,1.62],[1513872000000,1.63],[1513958400000,1.64],[1514044800000,1.65],[1514131200000,1.66],[1514217600000,1.68],[1514304000000,1.69],[1514390400000,1.70],[1514476800000,1.71],[1514563200000,1.72],[1514649600000,1.73],[1514736000000,1.75],[1514822400000,1.76],[1514908800000,1.77],[1514995200000,1.78],[1515081600000,1.80],[1515168000000,1.81],[1515254400000,1.83],[1515340800000,1.84],[1515427200000,1.85],[1515513600000,1.87],[1515600000000,1.88],[1515686400000,1.89],[1515772800000,1.90],[1515859200000,1.92],[1515945600000,1.93],[1516032000000,1.94],[1516118400000,1.96],[1516204800000,1.97],[1516291200000,1.98],[1516377600000,2.00],[1516464000000,2.01],[1516550400000,2.02],[1516636800000,2.04],[1516723200000,2.05],[1516809600000,2.06],[1516896000000,2.08],[1516982400000,2.09],[1517068800000,2.10],[1517155200000,2.11],[1517241600000,2.13],[1517328000000,2.14],[1517414400000,2.15],[1517500800000,2.17],[1517587200000,2.18],[1517673600000,2.20],[1517760000000,2.21],[1517846400000,2.23]]},{"name":"同类平均","data":[[1502035200000,0],[1502121600000,0.01],[1502208000000,0.02],[1502294400000,0.03],[1502380800000,0.04],[1502640000000,0.07],[1502726400000,0.08],[1502812800000,0.09],[1502899200000,0.10],[1502985600000,0.11],[1503244800000,0.14],[1503331200000,0.16],[1503417600000,0.17],[1503504000000,0.18],[1503590400000,0.19],[1503849600000,0.22],[1503936000000,0.23],[1504022400000,0.24],[1504108800000,0.25],[1504195200000,0.26],[1504454400000,0.29],[1504540800000,0.30],[1504627200000,0.31],[1504713600000,0.32],[1504800000000,0.34],[1505059200000,0.37],[1505145600000,0.38],[1505232000000,0.39],[1505318400000,0.40],[1505404800000,0.41],[1505664000000,0.44],[1505750400000,0.45],[1505836800000,0.46],[1505923200000,0.47],[1506009600000,0.48],[1506268800000,0.52],[1506355200000,0.53],[1506441600000,0.54],[1506528000000,0.55],[1506614400000,0.56],[1507478400000,0.67],[1507564800000,0.68],[1507651200000,0.69],[1507737600000,0.71],[1507824000000,0.72],[1508083200000,0.75],[1508169600000,0.76],[1508256000000,0.77],[1508342400000,0.78],[1508428800000,0.79],[1508688000000,0.82],[1508774400000,0.83],[1508860800000,0.84],[1508947200000,0.85],[1509033600000,0.86],[1509292800000,0.90],[1509379200000,0.91],[1509465600000,0.92],[1509552000000,0.93],[1509638400000,0.94],[1509897600000,0.97],[1509984000000,0.98],[1510070400000,0.99],[1510156800000,1.00],[1510243200000,1.01],[1510502400000,1.04],[1510588800000,1.06],[1510675200000,1.07],[1510761600000,1.08],[1510848000000,1.09],[1511107200000,1.12],[1511193600000,1.13],[1511280000000,1.14],[1511366400000,1.15],[1511452800000,1.16],[1511712000000,1.20],[1511798400000,1.21],[1511884800000,1.22],[1511971200000,1.23],[1512057600000,1.24],[1512316800000,1.28],[1512403200000,1.29],[1512489600000,1.30],[1512576000000,1.31],[1512662400000,1.32],[1512921600000,1.35],[1513008000000,1.36],[1513094400000,1.38],[1513180800000,1.39],[1513267200000,1.40],[1513526400000,1.43],[1513612800000,1.44],[1513699200000,1.46],[1513785600000,1.47],[1513872000000,1.48],[1514131200000,1.51],[1514217600000,1.53],[1514304000000,1.54],[1514390400000,1.55],[1514476800000,1.57],[1514822400000,1.62],[1514908800000,1.64],[1514995200000,1.65],[1515081600000,1.66],[1515340800000,1.69],[1515427200000,1.71],[1515513600000,1.72],[1515600000000,1.73],[1515686400000,1.74],[1515945600000,1.77],[1516032000000,1.79],[1516118400000,1.80],[1516204800000,1.81],[1516291200000,1.82],[1516550400000,1.86],[1516636800000,1.87],[1516723200000,1.88],[1516809600000,1.89],[1516896000000,1.90],[1517155200000,1.94],[1517241600000,1.95],[1517328000000,1.96],[1517414400000,1.97],[1517500800000,1.98],[1517760000000,2.02],[1517846400000,2.03]]},{"name":"沪深300","data":[[1502035200000,0],[1502121600000,0.15],[1502208000000,0.11],[1502294400000,-0.29],[1502380800000,-2.13],[1502640000000,-0.86],[1502726400000,-0.56],[1502812800000,-0.68],[1502899200000,-0.15],[1502985600000,-0.06],[1503244800000,0.38],[1503331200000,0.68],[1503417600000,0.79],[1503504000000,0.21],[1503590400000,1.85],[1503849600000,3.11],[1503936000000,2.89],[1504022400000,2.88],[1504108800000,2.56],[1504195200000,2.78],[1504454400000,3.19],[1504540800000,3.50],[1504627200000,3.29],[1504713600000,2.77],[1504800000000,2.66],[1505059200000,2.65],[1505145600000,2.98],[1505232000000,3.11],[1505318400000,2.77],[1505404800000,2.80],[1505664000000,3.12],[1505750400000,2.83],[1505836800000,3.10],[1505923200000,2.98],[1506009600000,2.98],[1506268800000,2.44],[1506355200000,2.52],[1506441600000,2.53],[1506528000000,2.57],[1506614400000,2.94],[1507478400000,4.17],[1507564800000,4.38],[1507651200000,4.72],[1507737600000,5.00],[1507824000000,5.21],[1508083200000,5.01],[1508169600000,5.00],[1508256000000,5.83],[1508342400000,5.49],[1508428800000,5.37],[1508688000000,5.47],[1508774400000,6.24],[1508860800000,6.71],[1508947200000,7.16],[1509033600000,7.92],[1509292800000,7.59],[1509379200000,7.51],[1509465600000,7.24],[1509552000000,7.25],[1509638400000,7.13],[1509897600000,7.89],[1509984000000,8.79],[1510070400000,8.62],[1510156800000,9.37],[1510243200000,10.33],[1510502400000,10.77],[1510588800000,10.00],[1510675200000,9.31],[1510761600000,10.15],[1510848000000,10.57],[1511107200000,11.19],[1511193600000,13.17],[1511280000000,13.44],[1511366400000,10.08],[1511452800000,10.13],[1511712000000,8.67],[1511798400000,8.83],[1511884800000,8.77],[1511971200000,7.49],[1512057600000,7.28],[1512316800000,7.84],[1512403200000,8.41],[1512489600000,7.76],[1512576000000,6.55],[1512662400000,7.42],[1512921600000,9.20],[1513008000000,7.76],[1513094400000,8.67],[1513180800000,8.03],[1513267200000,6.82],[1513526400000,6.94],[1513612800000,8.28],[1513699200000,8.15],[1513785600000,9.15],[1513872000000,8.80],[1514131200000,8.45],[1514217600000,8.77],[1514304000000,7.09],[1514390400000,7.84],[1514476800000,8.16],[1514822400000,9.68],[1514908800000,10.32],[1514995200000,10.79],[1515081600000,11.05],[1515340800000,11.63],[1515427200000,12.41],[1515513600000,12.91],[1515600000000,12.85],[1515686400000,13.37],[1515945600000,13.37],[1516032000000,14.27],[1516118400000,13.99],[1516204800000,14.61],[1516291200000,14.99],[1516550400000,16.36],[1516636800000,17.60],[1516723200000,17.79],[1516809600000,17.13],[1516896000000,17.56],[1517155200000,15.43],[1517241600000,14.20],[1517328000000,14.73],[1517414400000,13.93],[1517500800000,14.61],[1517760000000,14.69],[1517846400000,11.33]]}];
/*同类排名*/
var Data_rateInSimilarType = [{"x":1490630400000,"y":257,"sc":"535"},{"x":1490716800000,"y":258,"sc":"535"},{"x":1490803200000,"y":254,"sc":"538"},{"x":1490889600000,"y":252,"sc":"538"},{"x":1491321600000,"y":237,"sc":"538"},{"x":1491408000000,"y":243,"sc":"540"},{"x":1491494400000,"y":254,"sc":"540"},{"x":1491753600000,"y":243,"sc":"540"},{"x":1491840000000,"y":239,"sc":"540"},{"x":1491926400000,"y":237,"sc":"540"},{"x":1492012800000,"y":236,"sc":"541"},{"x":1492099200000,"y":254,"sc":"541"},{"x":1492358400000,"y":222,"sc":"543"},{"x":1492444800000,"y":219,"sc":"543"},{"x":1492531200000,"y":200,"sc":"543"},{"x":1492617600000,"y":191,"sc":"545"},{"x":1492704000000,"y":200,"sc":"545"},{"x":1492963200000,"y":179,"sc":"545"},{"x":1493049600000,"y":171,"sc":"547"},{"x":1493136000000,"y":170,"sc":"549"},{"x":1493222400000,"y":184,"sc":"549"},{"x":1493308800000,"y":192,"sc":"549"},{"x":1493654400000,"y":160,"sc":"549"},{"x":1493740800000,"y":155,"sc":"550"},{"x":1493827200000,"y":169,"sc":"550"},{"x":1493913600000,"y":159,"sc":"550"},{"x":1494172800000,"y":153,"sc":"550"},{"x":1494259200000,"y":149,"sc":"550"},{"x":1494345600000,"y":144,"sc":"550"},{"x":1494432000000,"y":153,"sc":"550"},{"x":1494518400000,"y":125,"sc":"550"},{"x":1494777600000,"y":102,"sc":"554"},{"x":1494864000000,"y":108,"sc":"556"},{"x":1494950400000,"y":104,"sc":"560"},{"x":1495036800000,"y":117,"sc":"560"},{"x":1495123200000,"y":97,"sc":"560"},{"x":1495382400000,"y":82,"sc":"560"},{"x":1495468800000,"y":75,"sc":"562"},{"x":1495555200000,"y":73,"sc":"564"},{"x":1495641600000,"y":77,"sc":"564"},{"x":1495728000000,"y":66,"sc":"564"},{"x":1496160000000,"y":52,"sc":"564"},{"x":1496246400000,"y":46,"sc":"564"},{"x":1496332800000,"y":46,"sc":"564"},{"x":1496592000000,"y":37,"sc":"566"},{"x":1496678400000,"y":35,"sc":"566"},{"x":1496764800000,"y":36,"sc":"566"},{"x":1496851200000,"y":36,"sc":"566"},{"x":1496937600000,"y":35,"sc":"566"},{"x":1497196800000,"y":51,"sc":"574"},{"x":1497283200000,"y":53,"sc":"574"},{"x":1497369600000,"y":53,"sc":"575"},{"x":1497456000000,"y":58,"sc":"575"},{"x":1497542400000,"y":61,"sc":"575"},{"x":1497801600000,"y":85,"sc":"577"},{"x":1497888000000,"y":85,"sc":"577"},{"x":1497974400000,"y":82,"sc":"575"},{"x":1498060800000,"y":101,"sc":"575"},{"x":1498147200000,"y":102,"sc":"576"},{"x":1498406400000,"y":102,"sc":"579"},{"x":1498492800000,"y":99,"sc":"579"},{"x":1498579200000,"y":100,"sc":"579"},{"x":1498665600000,"y":98,"sc":"579"},{"x":1498752000000,"y":76,"sc":"582"},{"x":1499011200000,"y":117,"sc":"582"},{"x":1499097600000,"y":61,"sc":"582"},{"x":1499184000000,"y":56,"sc":"583"},{"x":1499270400000,"y":54,"sc":"583"},{"x":1499356800000,"y":52,"sc":"583"},{"x":1499616000000,"y":40,"sc":"583"},{"x":1499702400000,"y":38,"sc":"583"},{"x":1499788800000,"y":37,"sc":"583"},{"x":1499875200000,"y":37,"sc":"583"},{"x":1499961600000,"y":38,"sc":"586"},{"x":1500220800000,"y":36,"sc":"586"},{"x":1500307200000,"y":38,"sc":"586"},{"x":1500393600000,"y":37,"sc":"589"},{"x":1500480000000,"y":36,"sc":"589"},{"x":1500566400000,"y":36,"sc":"593"},{"x":1500825600000,"y":34,"sc":"593"},{"x":1500912000000,"y":33,"sc":"593"},{"x":1500998400000,"y":35,"sc":"594"},{"x":1501084800000,"y":35,"sc":"594"},{"x":1501171200000,"y":33,"sc":"594"},{"x":1501430400000,"y":59,"sc":"594"},{"x":1501516800000,"y":34,"sc":"594"},{"x":1501603200000,"y":33,"sc":"594"},{"x":1501689600000,"y":32,"sc":"594"},{"x":1501776000000,"y":33,"sc":"594"},{"x":1502035200000,"y":28,"sc":"596"},{"x":1502121600000,"y":25,"sc":"596"},{"x":1502208000000,"y":26,"sc":"596"},{"x":1502294400000,"y":25,"sc":"596"},{"x":1502380800000,"y":25,"sc":"596"},{"x":1502640000000,"y":26,"sc":"596"},{"x":1502726400000,"y":27,"sc":"596"},{"x":1502812800000,"y":26,"sc":"596"},{"x":1502899200000,"y":27,"sc":"596"},{"x":1502985600000,"y":29,"sc":"596"},{"x":1503244800000,"y":32,"sc":"597"},{"x":1503331200000,"y":33,"sc":"597"},{"x":1503417600000,"y":35,"sc":"597"},{"x":1503504000000,"y":38,"sc":"596"},{"x":1503590400000,"y":35,"sc":"596"},{"x":1503849600000,"y":64,"sc":"600"},{"x":1503936000000,"y":76,"sc":"600"},{"x":1504022400000,"y":45,"sc":"600"},{"x":1504108800000,"y":44,"sc":"601"},{"x":1504195200000,"y":46,"sc":"601"},{"x":1504454400000,"y":45,"sc":"601"},{"x":1504540800000,"y":46,"sc":"601"},{"x":1504627200000,"y":45,"sc":"601"},{"x":1504713600000,"y":45,"sc":"601"},{"x":1504800000000,"y":46,"sc":"601"},{"x":1505059200000,"y":47,"sc":"603"},{"x":1505145600000,"y":46,"sc":"603"},{"x":1505232000000,"y":47,"sc":"603"},{"x":1505318400000,"y":46,"sc":"605"},{"x":1505404800000,"y":46,"sc":"605"},{"x":1505664000000,"y":47,"sc":"606"},{"x":1505750400000,"y":47,"sc":"606"},{"x":1505836800000,"y":47,"sc":"603"},{"x":1505923200000,"y":47,"sc":"603"},{"x":1506009600000,"y":48,"sc":"603"},{"x":1506268800000,"y":48,"sc":"603"},{"x":1506355200000,"y":48,"sc":"603"},{"x":1506441600000,"y":49,"sc":"604"},{"x":1506528000000,"y":48,"sc":"604"},{"x":1506614400000,"y":38,"sc":"606"},{"x":1507478400000,"y":62,"sc":"606"},{"x":1507564800000,"y":78,"sc":"607"},{"x":1507651200000,"y":81,"sc":"607"},{"x":1507737600000,"y":82,"sc":"611"},{"x":1507824000000,"y":87,"sc":"611"},{"x":1508083200000,"y":96,"sc":"612"},{"x":1508169600000,"y":98,"sc":"612"},{"x":1508256000000,"y":102,"sc":"611"},{"x":1508342400000,"y":109,"sc":"611"},{"x":1508428800000,"y":107,"sc":"611"},{"x":1508688000000,"y":108,"sc":"606"},{"x":1508774400000,"y":105,"sc":"606"},{"x":1508860800000,"y":105,"sc":"607"},{"x":1508947200000,"y":103,"sc":"607"},{"x":1509033600000,"y":100,"sc":"607"},{"x":1509292800000,"y":95,"sc":"609"},{"x":1509379200000,"y":95,"sc":"610"},{"x":1509465600000,"y":94,"sc":"610"},{"x":1509552000000,"y":93,"sc":"613"},{"x":1509638400000,"y":96,"sc":"617"},{"x":1509897600000,"y":95,"sc":"621"},{"x":1509984000000,"y":97,"sc":"621"},{"x":1510070400000,"y":102,"sc":"621"},{"x":1510156800000,"y":99,"sc":"623"},{"x":1510243200000,"y":99,"sc":"623"},{"x":1510502400000,"y":99,"sc":"633"},{"x":1510588800000,"y":105,"sc":"635"},{"x":1510675200000,"y":104,"sc":"635"},{"x":1510761600000,"y":103,"sc":"635"},{"x":1510848000000,"y":100,"sc":"636"},{"x":1511107200000,"y":93,"sc":"636"},{"x":1511193600000,"y":93,"sc":"636"},{"x":1511280000000,"y":90,"sc":"636"},{"x":1511366400000,"y":85,"sc":"636"},{"x":1511452800000,"y":83,"sc":"637"},{"x":1511712000000,"y":86,"sc":"640"},{"x":1511798400000,"y":88,"sc":"640"},{"x":1511884800000,"y":84,"sc":"640"},{"x":1511971200000,"y":90,"sc":"641"},{"x":1512057600000,"y":89,"sc":"643"},{"x":1512316800000,"y":88,"sc":"643"},{"x":1512403200000,"y":88,"sc":"643"},{"x":1512489600000,"y":89,"sc":"643"},{"x":1512576000000,"y":91,"sc":"644"},{"x":1512662400000,"y":91,"sc":"652"},{"x":1512921600000,"y":93,"sc":"652"},{"x":1513008000000,"y":98,"sc":"653"},{"x":1513094400000,"y":99,"sc":"653"},{"x":1513180800000,"y":104,"sc":"654"},{"x":1513267200000,"y":105,"sc":"656"},{"x":1513526400000,"y":114,"sc":"656"},{"x":1513612800000,"y":111,"sc":"656"},{"x":1513699200000,"y":79,"sc":"656"},{"x":1513785600000,"y":76,"sc":"655"},{"x":1513872000000,"y":74,"sc":"655"},{"x":1514131200000,"y":83,"sc":"655"},{"x":1514217600000,"y":87,"sc":"655"},{"x":1514304000000,"y":90,"sc":"654"},{"x":1514390400000,"y":96,"sc":"655"},{"x":1514476800000,"y":141,"sc":"655"},{"x":1514822400000,"y":260,"sc":"655"},{"x":1514908800000,"y":292,"sc":"655"},{"x":1514995200000,"y":315,"sc":"655"},{"x":1515081600000,"y":321,"sc":"655"},{"x":1515340800000,"y":138,"sc":"655"},{"x":1515427200000,"y":125,"sc":"655"},{"x":1515513600000,"y":118,"sc":"656"},{"x":1515600000000,"y":109,"sc":"657"},{"x":1515686400000,"y":113,"sc":"657"},{"x":1515945600000,"y":102,"sc":"657"},{"x":1516032000000,"y":94,"sc":"657"},{"x":1516118400000,"y":78,"sc":"657"},{"x":1516204800000,"y":74,"sc":"657"},{"x":1516291200000,"y":69,"sc":"657"},{"x":1516550400000,"y":70,"sc":"657"},{"x":1516636800000,"y":72,"sc":"657"},{"x":1516723200000,"y":70,"sc":"657"},{"x":1516809600000,"y":66,"sc":"657"},{"x":1516896000000,"y":68,"sc":"655"},{"x":1517155200000,"y":68,"sc":"656"},{"x":1517241600000,"y":70,"sc":"656"},{"x":1517328000000,"y":69,"sc":"656"},{"x":1517414400000,"y":61,"sc":"656"},{"x":1517500800000,"y":53,"sc":"656"},{"x":1517760000000,"y":50,"sc":"656"},{"x":1517846400000,"y":43,"sc":"656"}];
/*百分比排名*/
var Data_rateInSimilarPersent = [[1490630400000,51.9600],[1490716800000,51.7800],[1490803200000,52.7900],[1490889600000,53.1600],[1491321600000,55.9500],[1491408000000,55.00],[1491494400000,52.9600],[1491753600000,55.00],[1491840000000,55.7400],[1491926400000,56.1100],[1492012800000,56.3800],[1492099200000,53.0500],[1492358400000,59.1200],[1492444800000,59.6700],[1492531200000,63.1700],[1492617600000,64.9500],[1492704000000,63.3000],[1492963200000,67.1600],[1493049600000,68.7400],[1493136000000,69.0300],[1493222400000,66.4800],[1493308800000,65.0300],[1493654400000,70.8600],[1493740800000,71.8200],[1493827200000,69.2700],[1493913600000,71.0900],[1494172800000,72.1800],[1494259200000,72.9100],[1494345600000,73.8200],[1494432000000,72.1800],[1494518400000,77.2700],[1494777600000,81.5900],[1494864000000,80.5800],[1494950400000,81.4300],[1495036800000,79.1100],[1495123200000,82.6800],[1495382400000,85.3600],[1495468800000,86.6500],[1495555200000,87.0600],[1495641600000,86.3500],[1495728000000,88.3000],[1496160000000,90.7800],[1496246400000,91.8400],[1496332800000,91.8400],[1496592000000,93.4600],[1496678400000,93.8200],[1496764800000,93.6400],[1496851200000,93.6400],[1496937600000,93.8200],[1497196800000,91.1100],[1497283200000,90.7700],[1497369600000,90.7800],[1497456000000,89.9100],[1497542400000,89.3900],[1497801600000,85.2700],[1497888000000,85.2700],[1497974400000,85.7400],[1498060800000,82.4300],[1498147200000,82.2900],[1498406400000,82.3800],[1498492800000,82.9000],[1498579200000,82.7300],[1498665600000,83.0700],[1498752000000,86.9400],[1499011200000,79.9000],[1499097600000,89.5200],[1499184000000,90.3900],[1499270400000,90.7400],[1499356800000,91.0800],[1499616000000,93.1400],[1499702400000,93.4800],[1499788800000,93.6500],[1499875200000,93.6500],[1499961600000,93.5200],[1500220800000,93.8600],[1500307200000,93.5200],[1500393600000,93.7200],[1500480000000,93.8900],[1500566400000,93.9300],[1500825600000,94.2700],[1500912000000,94.4400],[1500998400000,94.1100],[1501084800000,94.1100],[1501171200000,94.4400],[1501430400000,90.0700],[1501516800000,94.2800],[1501603200000,94.4400],[1501689600000,94.6100],[1501776000000,94.4400],[1502035200000,95.3000],[1502121600000,95.8100],[1502208000000,95.6400],[1502294400000,95.8100],[1502380800000,95.8100],[1502640000000,95.6400],[1502726400000,95.4700],[1502812800000,95.6400],[1502899200000,95.4700],[1502985600000,95.1300],[1503244800000,94.6400],[1503331200000,94.4700],[1503417600000,94.1400],[1503504000000,93.6200],[1503590400000,94.1300],[1503849600000,89.3300],[1503936000000,87.3300],[1504022400000,92.5000],[1504108800000,92.6800],[1504195200000,92.3500],[1504454400000,92.5100],[1504540800000,92.3500],[1504627200000,92.5100],[1504713600000,92.5100],[1504800000000,92.3500],[1505059200000,92.2100],[1505145600000,92.3700],[1505232000000,92.2100],[1505318400000,92.4000],[1505404800000,92.4000],[1505664000000,92.2400],[1505750400000,92.2400],[1505836800000,92.2100],[1505923200000,92.2100],[1506009600000,92.0400],[1506268800000,92.0400],[1506355200000,92.0400],[1506441600000,91.8900],[1506528000000,92.0500],[1506614400000,93.7300],[1507478400000,89.7700],[1507564800000,87.1500],[1507651200000,86.6600],[1507737600000,86.5800],[1507824000000,85.7600],[1508083200000,84.3100],[1508169600000,83.9900],[1508256000000,83.3100],[1508342400000,82.1600],[1508428800000,82.4900],[1508688000000,82.1800],[1508774400000,82.6700],[1508860800000,82.7000],[1508947200000,83.0300],[1509033600000,83.5300],[1509292800000,84.4000],[1509379200000,84.4300],[1509465600000,84.5900],[1509552000000,84.8300],[1509638400000,84.4400],[1509897600000,84.7000],[1509984000000,84.3800],[1510070400000,83.5700],[1510156800000,84.1100],[1510243200000,84.1100],[1510502400000,84.3600],[1510588800000,83.4600],[1510675200000,83.6200],[1510761600000,83.7800],[1510848000000,84.2800],[1511107200000,85.3800],[1511193600000,85.3800],[1511280000000,85.8500],[1511366400000,86.6400],[1511452800000,86.9700],[1511712000000,86.5600],[1511798400000,86.2500],[1511884800000,86.8700],[1511971200000,85.9600],[1512057600000,86.1600],[1512316800000,86.3100],[1512403200000,86.3100],[1512489600000,86.1600],[1512576000000,85.8700],[1512662400000,86.0400],[1512921600000,85.7400],[1513008000000,84.9900],[1513094400000,84.8400],[1513180800000,84.1000],[1513267200000,83.9900],[1513526400000,82.6200],[1513612800000,83.0800],[1513699200000,87.9600],[1513785600000,88.4000],[1513872000000,88.7000],[1514131200000,87.3300],[1514217600000,86.7200],[1514304000000,86.2400],[1514390400000,85.3400],[1514476800000,78.4700],[1514822400000,60.3100],[1514908800000,55.4200],[1514995200000,51.9100],[1515081600000,50.9900],[1515340800000,78.9300],[1515427200000,80.9200],[1515513600000,82.0100],[1515600000000,83.4100],[1515686400000,82.8000],[1515945600000,84.4700],[1516032000000,85.6900],[1516118400000,88.1300],[1516204800000,88.7400],[1516291200000,89.5000],[1516550400000,89.3500],[1516636800000,89.0400],[1516723200000,89.3500],[1516809600000,89.9500],[1516896000000,89.6200],[1517155200000,89.6300],[1517241600000,89.3300],[1517328000000,89.4800],[1517414400000,90.7000],[1517500800000,91.9200],[1517760000000,92.3800],[1517846400000,93.4500]];
/*规模变动*/
var Data_fluctuationScale = {"categories":["2016-12-31","2017-03-31","2017-06-30","2017-09-30","2017-12-31"],"series":[{"y":46.95,"mom":"--"},{"y":26.26,"mom":"-44.07%"},{"y":9.66,"mom":"-63.21%"},{"y":222.28,"mom":"2200.58%"},{"y":192.59,"mom":"-13.36%"}]};;
/*持有人结构*/
var Data_holderStructure = {"series":[{"name":"机构持有比例","data":[]},{"name":"个人持有比例","data":[]},{"name":"内部持有比例","data":[]}],"categories":[]};
/*申购赎回*/
var Data_assetAllocation ={"series":[{"name":"期间申购","data":[43.80,35.18,287.17,125.02]},{"name":"期间赎回","data":[64.49,51.78,74.55,154.71]},{"name":"总份额","data":[26.26,9.66,222.28,192.59]}],"categories":["2017-03-31","2017-06-30","2017-09-30","2017-12-31"]};
/*现任基金经理*/
var Data_currentFundManager = [{"id":"30041301","pic":"https://pdf.dfcfw.com/pdf/H8_JPG30041301_1.jpg","name":"曲波","star":4,"workTime":"10年又23天","fundSize":"1340.78亿(12只基金)","power":{"avr":"63.13","categories":["经验值","收益率","影响力","稳定性","管理规模"],"dsc":["反映基金经理从业年限和管理基金的经验","根据基金经理投资的阶段收益评分，反映\u003cbr\u003e基金经理投资的盈利能力","根据基金经理所管理基金的机构和个人投\u003cbr\u003e资者持有比例评分","反映基金经理投资收益的波动","根据基金经理现任管理基金资产规模评分"],"data":[97.70,85.30,52.30,22.10,90.20],"jzrq":"2018-02-06"},"profit":{"categories":["任期收益","同类平均"],"series":[{"data":[{"name":null,"color":"#7cb5ec","y":4.675},{"name":null,"color":"#414c7b","y":4.32}]}],"jzrq":"2018-02-06"}}] ;
/*同类型基金涨幅榜（页面底部通栏）*/
var swithSameType = [['002895_华夏天利货币B_5.8750','002894_华夏天利货币A_5.6210','004398_融通现金宝货币B_5.3370','000902_国开货币B_5.3360','001478_泰康薪意保货币B_5.1400'],['002895_华夏天利货币B_5.26','004973_长城收益宝货币B_5.08','004904_人保货币B_5.05','002884_华润元大现金通货币B_5.01','002894_华夏天利货币A_5.01'],['004973_长城收益宝货币B_5.05','004770_海富通添益货币A_4.99','002884_华润元大现金通货币B_4.99','005151_红土创新优淳货币B_4.90','002895_华夏天利货币B_4.89'],['004770_海富通添益货币A_5.39','004973_长城收益宝货币B_5.13','002884_华润元大现金通货币B_5.03','002895_华夏天利货币B_5.03','004398_融通现金宝货币B_5.01'],['003679_中融现金增利货币C_4.67','003474_南方天天利货币B_4.55','000836_国投瑞银钱多宝货币A_4.52','000837_国投瑞银钱多宝货币I_4.52','003753_工银如意货币B_4.51']];