/**
 * 测试数据
 * @type {arry}
 */
/*2018-02-07 18:03:43*/
//基金或股票信息
var fS_name = "鹏扬现金通利货币B";
var fS_code = "004984";
var fund_minsg="5000000";
var ishb=true;
/*原费率*/
var fund_sourceRate="0";
/*现费率*/
var fund_Rate="0";
/*最小申购金额*/
var fund_minsg="5000000";
/*收益率*/
/*近一年收益率*/
var syl_1n="";
/*近6月收益率*/
var syl_6y="";
/*近三月收益率*/
var syl_3y="1.1246";
/*近一月收益率*/
var syl_1y="0.4015";
/* 基金收益走势图 每万份收益*/
var Data_millionCopiesIncome = [[1502380800000,1.0185],[1502985600000,1.0305],[1503590400000,1.0297],[1504195200000,1.0289],[1504800000000,1.0281],[1505404800000,1.0272],[1506009600000,1.0512],[1506614400000,1.0481],[1507824000000,1.1658],[1507996800000,2.3318],[1508083200000,1.4246],[1508169600000,1.1143],[1508256000000,1.4117],[1508342400000,1.158],[1508428800000,1.1477],[1508601600000,2.2849],[1508688000000,1.1828],[1508774400000,1.1814],[1508860800000,1.182],[1508947200000,1.1486],[1509033600000,1.1336],[1509206400000,2.2528],[1509292800000,1.1495],[1509379200000,1.1725],[1509465600000,1.2107],[1509552000000,1.1324],[1509638400000,1.158],[1509811200000,2.3164],[1509897600000,1.149],[1509984000000,1.1519],[1510070400000,1.2069],[1510156800000,1.1585],[1510243200000,1.168],[1510416000000,2.3371],[1510502400000,1.1704],[1510588800000,1.1506],[1510675200000,1.1818],[1510761600000,1.1764],[1510848000000,1.1773],[1511020800000,2.3549],[1511107200000,1.1962],[1511193600000,1.2068],[1511280000000,1.1819],[1511366400000,1.1221],[1511452800000,1.1914],[1511625600000,2.3712],[1511712000000,1.0595],[1511798400000,1.1763],[1511884800000,1.2159],[1511971200000,1.2023],[1512057600000,1.1989],[1512230400000,2.3869],[1512316800000,1.0961],[1512403200000,1.1605],[1512489600000,1.0908],[1512576000000,1.2083],[1512662400000,1.2219],[1512835200000,2.4442],[1512921600000,0.9969],[1513008000000,1.1489],[1513094400000,1.0692],[1513180800000,1.1097],[1513267200000,1.1257],[1513440000000,2.5022],[1513526400000,1.1592],[1513612800000,1.0953],[1513699200000,1.2692],[1513785600000,1.0921],[1513872000000,1.0996],[1514044800000,2.4669],[1514131200000,1.1639],[1514217600000,1.3001],[1514304000000,1.302],[1514390400000,1.1838],[1514476800000,1.3296],[1514649600000,2.6609],[1514736000000,1.3292],[1514822400000,1.3459],[1514908800000,1.4139],[1514995200000,1.3],[1515081600000,1.3414],[1515254400000,2.6999],[1515340800000,1.1316],[1515427200000,1.2589],[1515513600000,1.2457],[1515600000000,1.2434],[1515686400000,1.2338],[1515859200000,2.4663],[1515945600000,1.2326],[1516032000000,1.216],[1516118400000,1.2428],[1516204800000,1.2882],[1516291200000,1.2529],[1516464000000,2.4638],[1516550400000,1.2393],[1516636800000,1.2396],[1516723200000,1.2996],[1516809600000,1.4691],[1516896000000,1.3127],[1517068800000,2.4978],[1517155200000,1.2324],[1517241600000,1.1981],[1517328000000,1.2379],[1517414400000,1.2397],[1517500800000,1.2274],[1517673600000,2.462],[1517760000000,1.2276],[1517846400000,1.2068]];
/*基金收益走势图   7日年化收益率*/
var Data_sevenDaysYearIncome = [[1502380800000,2.974],[1502985600000,3.834],[1503590400000,3.831],[1504195200000,3.828],[1504800000000,3.825],[1505404800000,3.822],[1506009600000,3.842],[1506614400000,4.19],[1507824000000,4.87],[1507996800000,5.0],[1508083200000,4.82],[1508169600000,4.456],[1508256000000,4.594],[1508342400000,4.589],[1508428800000,4.58],[1508601600000,4.554],[1508688000000,4.422],[1508774400000,4.459],[1508860800000,4.334],[1508947200000,4.329],[1509033600000,4.321],[1509206400000,4.303],[1509292800000,4.285],[1509379200000,4.281],[1509465600000,4.296],[1509552000000,4.287],[1509638400000,4.301],[1509811200000,4.335],[1509897600000,4.335],[1509984000000,4.324],[1510070400000,4.322],[1510156800000,4.336],[1510243200000,4.341],[1510416000000,4.353],[1510502400000,4.364],[1510588800000,4.364],[1510675200000,4.35],[1510761600000,4.36],[1510848000000,4.365],[1511020800000,4.374],[1511107200000,4.388],[1511193600000,4.419],[1511280000000,4.419],[1511366400000,4.39],[1511452800000,4.397],[1511625600000,4.406],[1511712000000,4.332],[1511798400000,4.315],[1511884800000,4.334],[1511971200000,4.377],[1512057600000,4.381],[1512230400000,4.39],[1512316800000,4.41],[1512403200000,4.401],[1512489600000,4.333],[1512576000000,4.336],[1512662400000,4.349],[1512835200000,4.38],[1512921600000,4.326],[1513008000000,4.32],[1513094400000,4.308],[1513180800000,4.254],[1513267200000,4.202],[1513440000000,4.234],[1513526400000,4.322],[1513612800000,4.293],[1513699200000,4.401],[1513785600000,4.392],[1513872000000,4.378],[1514044800000,4.359],[1514131200000,4.361],[1514217600000,4.473],[1514304000000,4.49],[1514390400000,4.54],[1514476800000,4.666],[1514649600000,4.772],[1514736000000,4.862],[1514822400000,4.887],[1514908800000,4.948],[1514995200000,5.012],[1515081600000,5.018],[1515254400000,5.04],[1515340800000,4.932],[1515427200000,4.884],[1515513600000,4.792],[1515600000000,4.761],[1515686400000,4.702],[1515859200000,4.575],[1515945600000,4.63],[1516032000000,4.607],[1516118400000,4.605],[1516204800000,4.63],[1516291200000,4.64],[1516464000000,4.639],[1516550400000,4.642],[1516636800000,4.655],[1516723200000,4.686],[1516809600000,4.785],[1516896000000,4.818],[1517068800000,4.836],[1517155200000,4.832],[1517241600000,4.81],[1517328000000,4.776],[1517414400000,4.651],[1517500800000,4.604],[1517673600000,4.585],[1517760000000,4.582],[1517846400000,4.587]];
/*资产配置*/
var Data_assetAllocationCurrency ={"categories":["12-31"],"series":[{"name":"股票","data":[null]},{"name":"债券","data":[48.25]},{"name":"现金","data":[9.97]}]};
/*累计收益率走势*/
var Data_grandTotal = [{"name":"鹏扬现金通利货币B","data":[[1502380800000,0],[1502985600000,0.01],[1503590400000,0.02],[1504195200000,0.03],[1504800000000,0.04],[1505404800000,0.05],[1506009600000,0.06],[1506614400000,0.07],[1507824000000,0.08],[1507996800000,0.11],[1508083200000,0.12],[1508169600000,0.13],[1508256000000,0.15],[1508342400000,0.16],[1508428800000,0.17],[1508601600000,0.19],[1508688000000,0.20],[1508774400000,0.22],[1508860800000,0.23],[1508947200000,0.24],[1509033600000,0.25],[1509206400000,0.27],[1509292800000,0.29],[1509379200000,0.30],[1509465600000,0.31],[1509552000000,0.32],[1509638400000,0.33],[1509811200000,0.36],[1509897600000,0.37],[1509984000000,0.38],[1510070400000,0.39],[1510156800000,0.40],[1510243200000,0.41],[1510416000000,0.44],[1510502400000,0.45],[1510588800000,0.46],[1510675200000,0.47],[1510761600000,0.48],[1510848000000,0.50],[1511020800000,0.52],[1511107200000,0.53],[1511193600000,0.54],[1511280000000,0.56],[1511366400000,0.57],[1511452800000,0.58],[1511625600000,0.60],[1511712000000,0.61],[1511798400000,0.63],[1511884800000,0.64],[1511971200000,0.65],[1512057600000,0.66],[1512230400000,0.69],[1512316800000,0.70],[1512403200000,0.71],[1512489600000,0.72],[1512576000000,0.73],[1512662400000,0.74],[1512835200000,0.77],[1512921600000,0.78],[1513008000000,0.79],[1513094400000,0.80],[1513180800000,0.81],[1513267200000,0.82],[1513440000000,0.85],[1513526400000,0.86],[1513612800000,0.87],[1513699200000,0.88],[1513785600000,0.90],[1513872000000,0.91],[1514044800000,0.93],[1514131200000,0.94],[1514217600000,0.96],[1514304000000,0.97],[1514390400000,0.98],[1514476800000,1.00],[1514649600000,1.02],[1514736000000,1.04],[1514822400000,1.05],[1514908800000,1.06],[1514995200000,1.08],[1515081600000,1.09],[1515254400000,1.12],[1515340800000,1.13],[1515427200000,1.14],[1515513600000,1.15],[1515600000000,1.17],[1515686400000,1.18],[1515859200000,1.20],[1515945600000,1.22],[1516032000000,1.23],[1516118400000,1.24],[1516204800000,1.25],[1516291200000,1.27],[1516464000000,1.29],[1516550400000,1.30],[1516636800000,1.32],[1516723200000,1.33],[1516809600000,1.35],[1516896000000,1.36],[1517068800000,1.38],[1517155200000,1.40],[1517241600000,1.41],[1517328000000,1.42],[1517414400000,1.43],[1517500800000,1.45],[1517673600000,1.47],[1517760000000,1.48],[1517846400000,1.50]]},{"name":"同类平均","data":[[1502294400000,0],[1502380800000,0.01],[1502640000000,0.04],[1502726400000,0.05],[1502812800000,0.06],[1502899200000,0.07],[1502985600000,0.08],[1503244800000,0.11],[1503331200000,0.12],[1503417600000,0.13],[1503504000000,0.15],[1503590400000,0.16],[1503849600000,0.19],[1503936000000,0.20],[1504022400000,0.21],[1504108800000,0.22],[1504195200000,0.23],[1504454400000,0.26],[1504540800000,0.27],[1504627200000,0.28],[1504713600000,0.29],[1504800000000,0.30],[1505059200000,0.34],[1505145600000,0.35],[1505232000000,0.36],[1505318400000,0.37],[1505404800000,0.38],[1505664000000,0.41],[1505750400000,0.42],[1505836800000,0.43],[1505923200000,0.44],[1506009600000,0.45],[1506268800000,0.49],[1506355200000,0.50],[1506441600000,0.51],[1506528000000,0.52],[1506614400000,0.53],[1507478400000,0.64],[1507564800000,0.65],[1507651200000,0.66],[1507737600000,0.67],[1507824000000,0.69],[1508083200000,0.72],[1508169600000,0.73],[1508256000000,0.74],[1508342400000,0.75],[1508428800000,0.76],[1508688000000,0.79],[1508774400000,0.80],[1508860800000,0.81],[1508947200000,0.82],[1509033600000,0.83],[1509292800000,0.86],[1509379200000,0.88],[1509465600000,0.89],[1509552000000,0.90],[1509638400000,0.91],[1509897600000,0.94],[1509984000000,0.95],[1510070400000,0.96],[1510156800000,0.97],[1510243200000,0.98],[1510502400000,1.01],[1510588800000,1.02],[1510675200000,1.03],[1510761600000,1.05],[1510848000000,1.06],[1511107200000,1.09],[1511193600000,1.10],[1511280000000,1.11],[1511366400000,1.12],[1511452800000,1.13],[1511712000000,1.17],[1511798400000,1.18],[1511884800000,1.19],[1511971200000,1.20],[1512057600000,1.21],[1512316800000,1.24],[1512403200000,1.26],[1512489600000,1.27],[1512576000000,1.28],[1512662400000,1.29],[1512921600000,1.32],[1513008000000,1.33],[1513094400000,1.35],[1513180800000,1.36],[1513267200000,1.37],[1513526400000,1.40],[1513612800000,1.41],[1513699200000,1.42],[1513785600000,1.44],[1513872000000,1.45],[1514131200000,1.48],[1514217600000,1.50],[1514304000000,1.51],[1514390400000,1.52],[1514476800000,1.53],[1514822400000,1.59],[1514908800000,1.60],[1514995200000,1.62],[1515081600000,1.63],[1515340800000,1.66],[1515427200000,1.68],[1515513600000,1.69],[1515600000000,1.70],[1515686400000,1.71],[1515945600000,1.74],[1516032000000,1.75],[1516118400000,1.77],[1516204800000,1.78],[1516291200000,1.79],[1516550400000,1.82],[1516636800000,1.84],[1516723200000,1.85],[1516809600000,1.86],[1516896000000,1.87],[1517155200000,1.90],[1517241600000,1.92],[1517328000000,1.93],[1517414400000,1.94],[1517500800000,1.95],[1517760000000,1.99],[1517846400000,2.00]]},{"name":"沪深300","data":[[1502294400000,0],[1502380800000,-1.85],[1502640000000,-0.57],[1502726400000,-0.27],[1502812800000,-0.39],[1502899200000,0.14],[1502985600000,0.24],[1503244800000,0.67],[1503331200000,0.98],[1503417600000,1.08],[1503504000000,0.50],[1503590400000,2.15],[1503849600000,3.41],[1503936000000,3.19],[1504022400000,3.19],[1504108800000,2.86],[1504195200000,3.08],[1504454400000,3.49],[1504540800000,3.80],[1504627200000,3.59],[1504713600000,3.07],[1504800000000,2.96],[1505059200000,2.95],[1505145600000,3.28],[1505232000000,3.41],[1505318400000,3.07],[1505404800000,3.10],[1505664000000,3.42],[1505750400000,3.13],[1505836800000,3.40],[1505923200000,3.28],[1506009600000,3.28],[1506268800000,2.74],[1506355200000,2.82],[1506441600000,2.83],[1506528000000,2.87],[1506614400000,3.24],[1507478400000,4.47],[1507564800000,4.68],[1507651200000,5.03],[1507737600000,5.30],[1507824000000,5.52],[1508083200000,5.32],[1508169600000,5.31],[1508256000000,6.14],[1508342400000,5.79],[1508428800000,5.68],[1508688000000,5.78],[1508774400000,6.55],[1508860800000,7.02],[1508947200000,7.47],[1509033600000,8.24],[1509292800000,7.91],[1509379200000,7.83],[1509465600000,7.55],[1509552000000,7.57],[1509638400000,7.45],[1509897600000,8.21],[1509984000000,9.10],[1510070400000,8.94],[1510156800000,9.69],[1510243200000,10.66],[1510502400000,11.09],[1510588800000,10.32],[1510675200000,9.63],[1510761600000,10.47],[1510848000000,10.90],[1511107200000,11.52],[1511193600000,13.50],[1511280000000,13.77],[1511366400000,10.40],[1511452800000,10.45],[1511712000000,8.99],[1511798400000,9.15],[1511884800000,9.09],[1511971200000,7.81],[1512057600000,7.59],[1512316800000,8.15],[1512403200000,8.73],[1512489600000,8.07],[1512576000000,6.87],[1512662400000,7.74],[1512921600000,9.52],[1513008000000,8.08],[1513094400000,8.99],[1513180800000,8.35],[1513267200000,7.13],[1513526400000,7.25],[1513612800000,8.60],[1513699200000,8.47],[1513785600000,9.47],[1513872000000,9.11],[1514131200000,8.76],[1514217600000,9.09],[1514304000000,7.41],[1514390400000,8.15],[1514476800000,8.48],[1514822400000,10.00],[1514908800000,10.64],[1514995200000,11.11],[1515081600000,11.38],[1515340800000,11.96],[1515427200000,12.74],[1515513600000,13.24],[1515600000000,13.18],[1515686400000,13.70],[1515945600000,13.71],[1516032000000,14.60],[1516118400000,14.32],[1516204800000,14.95],[1516291200000,15.33],[1516550400000,16.70],[1516636800000,17.94],[1516723200000,18.14],[1516809600000,17.47],[1516896000000,17.91],[1517155200000,15.77],[1517241600000,14.54],[1517328000000,15.07],[1517414400000,14.26],[1517500800000,14.94],[1517760000000,15.02],[1517846400000,11.65]]}];
/*同类排名*/
var Data_rateInSimilarType = [{"x":1510502400000,"y":629,"sc":"633"},{"x":1510588800000,"y":631,"sc":"635"},{"x":1510675200000,"y":631,"sc":"635"},{"x":1510761600000,"y":631,"sc":"635"},{"x":1510848000000,"y":632,"sc":"636"},{"x":1511107200000,"y":631,"sc":"636"},{"x":1511193600000,"y":629,"sc":"636"},{"x":1511280000000,"y":629,"sc":"636"},{"x":1511366400000,"y":628,"sc":"636"},{"x":1511452800000,"y":629,"sc":"637"},{"x":1511712000000,"y":631,"sc":"640"},{"x":1511798400000,"y":630,"sc":"640"},{"x":1511884800000,"y":630,"sc":"640"},{"x":1511971200000,"y":631,"sc":"641"},{"x":1512057600000,"y":632,"sc":"643"},{"x":1512316800000,"y":632,"sc":"643"},{"x":1512403200000,"y":631,"sc":"643"},{"x":1512489600000,"y":631,"sc":"643"},{"x":1512576000000,"y":632,"sc":"644"},{"x":1512662400000,"y":640,"sc":"652"},{"x":1512921600000,"y":640,"sc":"652"},{"x":1513008000000,"y":641,"sc":"653"},{"x":1513094400000,"y":639,"sc":"653"},{"x":1513180800000,"y":638,"sc":"654"},{"x":1513267200000,"y":639,"sc":"656"},{"x":1513526400000,"y":636,"sc":"656"},{"x":1513612800000,"y":633,"sc":"656"},{"x":1513699200000,"y":630,"sc":"656"},{"x":1513785600000,"y":628,"sc":"655"},{"x":1513872000000,"y":628,"sc":"655"},{"x":1514131200000,"y":613,"sc":"655"},{"x":1514217600000,"y":610,"sc":"655"},{"x":1514304000000,"y":603,"sc":"654"},{"x":1514390400000,"y":591,"sc":"655"},{"x":1514476800000,"y":592,"sc":"655"},{"x":1514822400000,"y":570,"sc":"655"},{"x":1514908800000,"y":560,"sc":"655"},{"x":1514995200000,"y":551,"sc":"655"},{"x":1515081600000,"y":526,"sc":"655"},{"x":1515340800000,"y":250,"sc":"655"},{"x":1515427200000,"y":212,"sc":"655"},{"x":1515513600000,"y":173,"sc":"656"},{"x":1515600000000,"y":124,"sc":"657"},{"x":1515686400000,"y":88,"sc":"657"},{"x":1515945600000,"y":87,"sc":"657"},{"x":1516032000000,"y":95,"sc":"657"},{"x":1516118400000,"y":95,"sc":"657"},{"x":1516204800000,"y":97,"sc":"657"},{"x":1516291200000,"y":97,"sc":"657"},{"x":1516550400000,"y":98,"sc":"657"},{"x":1516636800000,"y":99,"sc":"657"},{"x":1516723200000,"y":98,"sc":"657"},{"x":1516809600000,"y":91,"sc":"657"},{"x":1516896000000,"y":90,"sc":"655"},{"x":1517155200000,"y":90,"sc":"656"},{"x":1517241600000,"y":90,"sc":"656"},{"x":1517328000000,"y":91,"sc":"656"},{"x":1517414400000,"y":94,"sc":"656"},{"x":1517500800000,"y":95,"sc":"656"},{"x":1517760000000,"y":94,"sc":"656"},{"x":1517846400000,"y":93,"sc":"656"}];
/*百分比排名*/
var Data_rateInSimilarPersent = [[1510502400000,0.6300],[1510588800000,0.6300],[1510675200000,0.6300],[1510761600000,0.6300],[1510848000000,0.6300],[1511107200000,0.7900],[1511193600000,1.1000],[1511280000000,1.1000],[1511366400000,1.2600],[1511452800000,1.2600],[1511712000000,1.4100],[1511798400000,1.5600],[1511884800000,1.5600],[1511971200000,1.5600],[1512057600000,1.7100],[1512316800000,1.7100],[1512403200000,1.8700],[1512489600000,1.8700],[1512576000000,1.8600],[1512662400000,1.8400],[1512921600000,1.8400],[1513008000000,1.8400],[1513094400000,2.1400],[1513180800000,2.4500],[1513267200000,2.5900],[1513526400000,3.0500],[1513612800000,3.5100],[1513699200000,3.9600],[1513785600000,4.1200],[1513872000000,4.1200],[1514131200000,6.4100],[1514217600000,6.8700],[1514304000000,7.8000],[1514390400000,9.7700],[1514476800000,9.6200],[1514822400000,12.9800],[1514908800000,14.5000],[1514995200000,15.8800],[1515081600000,19.6900],[1515340800000,61.8300],[1515427200000,67.6300],[1515513600000,73.6300],[1515600000000,81.1300],[1515686400000,86.6100],[1515945600000,86.7600],[1516032000000,85.5400],[1516118400000,85.5400],[1516204800000,85.2400],[1516291200000,85.2400],[1516550400000,85.0800],[1516636800000,84.9300],[1516723200000,85.0800],[1516809600000,86.1500],[1516896000000,86.2600],[1517155200000,86.2800],[1517241600000,86.2800],[1517328000000,86.1300],[1517414400000,85.6700],[1517500800000,85.5200],[1517760000000,85.6700],[1517846400000,85.8200]];
/*规模变动*/
var Data_fluctuationScale = {"categories":["2017-09-15","2017-09-22","2017-09-29","2017-10-13","2017-12-31"],"series":[{"y":7.73,"mom":"0.07%"},{"y":7.73,"mom":"0.07%"},{"y":7.74,"mom":"0.08%"},{"y":7.75,"mom":"0.16%"},{"y":33.74,"mom":"335.21%"}]};;
/*持有人结构*/
var Data_holderStructure = {"series":[{"name":"机构持有比例","data":[]},{"name":"个人持有比例","data":[]},{"name":"内部持有比例","data":[]}],"categories":[]};
/*申购赎回*/
var Data_assetAllocation ={"series":[{"name":"期间申购","data":[0.00,58.26]},{"name":"期间赎回","data":[0.00,32.25]},{"name":"总份额","data":[7.70,33.74]}],"categories":["2017-08-10","2017-12-31"]};
/*现任基金经理*/
var Data_currentFundManager = [{"id":"30414756","pic":"http://j5.dfcfw.com/avatar/nopic.gif","name":"陈钟闻","star":0,"workTime":"181天","fundSize":"51.82亿(5只基金)","power":{"avr":"暂无数据","categories":["经验值","收益率","影响力","稳定性","管理规模"],"dsc":["反映基金经理从业年限和管理基金的经验","根据基金经理投资的阶段收益评分，反映\u003cbr\u003e基金经理投资的盈利能力","根据基金经理所管理基金的机构和个人投\u003cbr\u003e资者持有比例评分","反映基金经理投资收益的波动","根据基金经理现任管理基金资产规模评分"],"data":[null,null,null,null,null],"jzrq":"2018-02-06"},"profit":{"categories":["任期收益","同类平均"],"series":[{"data":[{"name":null,"color":"#7cb5ec","y":1.5062},{"name":null,"color":"#414c7b","y":2.0}]}],"jzrq":"2018-02-06"}}] ;
/*同类型基金涨幅榜（页面底部通栏）*/
var swithSameType = [['002895_华夏天利货币B_5.8750','002894_华夏天利货币A_5.6210','004398_融通现金宝货币B_5.3370','000902_国开货币B_5.3360','001478_泰康薪意保货币B_5.1400'],['002895_华夏天利货币B_5.26','004973_长城收益宝货币B_5.08','004904_人保货币B_5.05','002884_华润元大现金通货币B_5.01','002894_华夏天利货币A_5.01'],['004973_长城收益宝货币B_5.05','004770_海富通添益货币A_4.99','002884_华润元大现金通货币B_4.99','005151_红土创新优淳货币B_4.90','002895_华夏天利货币B_4.89'],['004770_海富通添益货币A_5.39','004973_长城收益宝货币B_5.13','002884_华润元大现金通货币B_5.03','002895_华夏天利货币B_5.03','004398_融通现金宝货币B_5.01'],['003679_中融现金增利货币C_4.67','003474_南方天天利货币B_4.55','000836_国投瑞银钱多宝货币A_4.52','000837_国投瑞银钱多宝货币I_4.52','003753_工银如意货币B_4.51']];