/**
 * 测试数据
 * @type {arry}
 */
/*2018-02-07 18:02:15*/
//基金或股票信息
var fS_name = "永赢天天利货币";
var fS_code = "004545";
var fund_minsg="";
var ishb=true;
/*原费率*/
var fund_sourceRate="0";
/*现费率*/
var fund_Rate="0";
/*最小申购金额*/
var fund_minsg="";
/*收益率*/
/*近一年收益率*/
var syl_1n="";
/*近6月收益率*/
var syl_6y="2.3367";
/*近三月收益率*/
var syl_3y="1.1659";
/*近一月收益率*/
var syl_1y="0.3977";
/* 基金收益走势图 每万份收益*/
var Data_millionCopiesIncome = [[1492704000000,1.0404],[1492876800000,2.1809],[1492963200000,1.1337],[1493049600000,1.1337],[1493136000000,1.1537],[1493222400000,1.1539],[1493308800000,1.1537],[1493568000000,3.4587],[1493654400000,1.151],[1493740800000,1.1513],[1493827200000,1.1505],[1493913600000,1.1512],[1494086400000,2.3025],[1494172800000,1.1512],[1494259200000,1.1455],[1494345600000,1.1455],[1494432000000,1.1458],[1494518400000,1.1458],[1494691200000,2.2916],[1494777600000,1.1455],[1494864000000,1.1361],[1494950400000,1.1361],[1495036800000,1.1344],[1495123200000,1.1368],[1495296000000,2.2635],[1495382400000,1.1504],[1495468800000,1.1845],[1495555200000,1.1856],[1495641600000,1.1856],[1495728000000,1.1855],[1496073600000,4.7422],[1496160000000,1.1856],[1496246400000,1.1799],[1496332800000,1.1801],[1496505600000,2.3607],[1496592000000,1.1784],[1496678400000,1.179],[1496764800000,1.1786],[1496851200000,1.1826],[1496937600000,1.182],[1497110400000,2.3646],[1497196800000,1.1825],[1497283200000,1.1828],[1497369600000,1.1826],[1497456000000,1.1819],[1497542400000,1.1821],[1497715200000,2.3644],[1497801600000,1.1774],[1497888000000,1.3951],[1497974400000,1.3369],[1498060800000,1.3491],[1498147200000,1.3359],[1498320000000,2.6671],[1498406400000,1.3384],[1498492800000,1.3527],[1498579200000,1.3603],[1498665600000,1.356],[1498752000000,1.3558],[1498924800000,2.7116],[1499011200000,1.3558],[1499097600000,1.3521],[1499184000000,1.3235],[1499270400000,1.3079],[1499356800000,1.3069],[1499529600000,2.6143],[1499616000000,1.307],[1499702400000,1.2777],[1499788800000,1.2788],[1499875200000,1.2798],[1499961600000,1.2779],[1500134400000,2.5564],[1500220800000,1.2863],[1500307200000,1.2808],[1500393600000,1.2811],[1500480000000,1.2813],[1500566400000,1.2819],[1500739200000,2.5641],[1500825600000,1.2826],[1500912000000,1.2826],[1500998400000,1.2803],[1501084800000,1.2801],[1501171200000,1.2805],[1501344000000,2.5527],[1501430400000,1.2751999999999999],[1501516800000,1.2704],[1501603200000,1.267],[1501689600000,1.2636],[1501776000000,1.264],[1501948800000,2.523],[1502035200000,1.2626],[1502121600000,1.2623],[1502208000000,1.2603],[1502294400000,1.2607],[1502380800000,1.2621],[1502553600000,2.5246],[1502640000000,1.2606],[1502726400000,1.2602],[1502812800000,1.2602],[1502899200000,1.2574],[1502985600000,1.2495],[1503158400000,2.4995],[1503244800000,1.2442],[1503331200000,1.2417],[1503417600000,1.243],[1503504000000,1.2441],[1503590400000,1.2439],[1503763200000,2.4878999999999998],[1503849600000,1.2452],[1503936000000,1.2432],[1504022400000,1.2455],[1504108800000,1.2477],[1504195200000,1.2471],[1504368000000,2.4943],[1504454400000,1.2475],[1504540800000,1.2474],[1504627200000,1.25],[1504713600000,1.2599],[1504800000000,1.2578],[1504972800000,2.5094],[1505059200000,1.257],[1505145600000,1.2587],[1505232000000,1.2611],[1505318400000,1.2612],[1505404800000,1.2678],[1505577600000,2.5358],[1505664000000,1.2645],[1505750400000,1.2672],[1505836800000,1.2697],[1505923200000,1.2381],[1506009600000,1.2476],[1506182400000,2.4958],[1506268800000,1.2675],[1506355200000,1.2679],[1506441600000,1.2687],[1506528000000,1.2745],[1506614400000,1.2592],[1507392000000,11.3325],[1507478400000,1.2573],[1507564800000,1.2566],[1507651200000,1.2544],[1507737600000,1.2523],[1507824000000,1.2485],[1507996800000,2.4975],[1508083200000,1.2442],[1508169600000,1.2389],[1508256000000,1.2288],[1508342400000,1.2366],[1508428800000,1.2354],[1508601600000,2.4491],[1508688000000,1.2336],[1508774400000,1.2341],[1508860800000,1.2331],[1508947200000,1.2337],[1509033600000,1.2323],[1509206400000,2.4649],[1509292800000,1.2335],[1509379200000,1.2436],[1509465600000,1.248],[1509552000000,1.2427],[1509638400000,1.242],[1509811200000,2.4844],[1509897600000,1.2427],[1509984000000,1.2314],[1510070400000,1.2295],[1510156800000,1.2276],[1510243200000,1.2287],[1510416000000,2.4579],[1510502400000,1.2283],[1510588800000,1.2317],[1510675200000,1.2346],[1510761600000,1.2398],[1510848000000,1.2406],[1511020800000,2.4814],[1511107200000,1.2369],[1511193600000,1.2415],[1511280000000,1.2433],[1511366400000,1.2469],[1511452800000,1.2492],[1511625600000,2.4986],[1511712000000,1.2514],[1511798400000,1.2504],[1511884800000,1.252],[1511971200000,1.2496],[1512057600000,1.2663],[1512230400000,2.5288],[1512316800000,1.2655],[1512403200000,1.2621],[1512489600000,1.26],[1512576000000,1.261],[1512662400000,1.2604],[1512835200000,2.5212],[1512921600000,1.2643],[1513008000000,1.2682],[1513094400000,1.2679],[1513180800000,1.2715],[1513267200000,1.2783],[1513440000000,2.5348],[1513526400000,1.2813],[1513612800000,1.2716],[1513699200000,1.2527],[1513785600000,1.2739],[1513872000000,1.2716],[1514044800000,2.5315],[1514131200000,1.281],[1514217600000,1.2684],[1514304000000,1.3299],[1514390400000,1.36],[1514476800000,1.3713],[1514649600000,2.7419],[1514736000000,1.371],[1514822400000,1.3689],[1514908800000,1.3645],[1514995200000,1.3188],[1515081600000,1.3051],[1515254400000,2.5989],[1515340800000,1.3014],[1515427200000,1.301],[1515513600000,1.2539],[1515600000000,1.2368],[1515686400000,1.2337],[1515859200000,2.465],[1515945600000,1.2423],[1516032000000,1.2438],[1516118400000,1.2449],[1516204800000,1.2376],[1516291200000,1.2422],[1516464000000,2.4828],[1516550400000,1.2439],[1516636800000,1.2443],[1516723200000,1.2236],[1516809600000,1.2272],[1516896000000,1.2262],[1517068800000,2.4513],[1517155200000,1.2193],[1517241600000,1.2356],[1517328000000,1.2366],[1517414400000,1.228],[1517500800000,1.2193],[1517673600000,2.4391],[1517760000000,1.2104],[1517846400000,1.2069]];
/*基金收益走势图   7日年化收益率*/
var Data_sevenDaysYearIncome = [[1492704000000,5.141],[1492876800000,4.56],[1492963200000,4.476],[1493049600000,4.42],[1493136000000,4.39],[1493222400000,4.065],[1493308800000,4.124],[1493568000000,4.199],[1493654400000,4.208],[1493740800000,4.207],[1493827200000,4.205],[1493913600000,4.204],[1494086400000,4.201],[1494172800000,4.201],[1494259200000,4.199],[1494345600000,4.196],[1494432000000,4.193],[1494518400000,4.19],[1494691200000,4.185],[1494777600000,4.182],[1494864000000,4.177],[1494950400000,4.172],[1495036800000,4.166],[1495123200000,4.161],[1495296000000,4.147],[1495382400000,4.149],[1495468800000,4.174],[1495555200000,4.2],[1495641600000,4.227],[1495728000000,4.252],[1496073600000,4.327],[1496160000000,4.327],[1496246400000,4.324],[1496332800000,4.321],[1496505600000,4.316],[1496592000000,4.312],[1496678400000,4.309],[1496764800000,4.305],[1496851200000,4.307],[1496937600000,4.308],[1497110400000,4.31],[1497196800000,4.312],[1497283200000,4.314],[1497369600000,4.316],[1497456000000,4.316],[1497542400000,4.316],[1497715200000,4.315],[1497801600000,4.313],[1497888000000,4.424],[1497974400000,4.504],[1498060800000,4.591],[1498147200000,4.671],[1498320000000,4.829],[1498406400000,4.913],[1498492800000,4.891],[1498579200000,4.903],[1498665600000,4.907],[1498752000000,4.917],[1498924800000,4.94],[1499011200000,4.95],[1499097600000,4.949],[1499184000000,4.93],[1499270400000,4.905],[1499356800000,4.879],[1499529600000,4.829],[1499616000000,4.803],[1499702400000,4.764],[1499788800000,4.741],[1499875200000,4.726],[1499961600000,4.711],[1500134400000,4.681],[1500220800000,4.67],[1500307200000,4.672],[1500393600000,4.673],[1500480000000,4.674],[1500566400000,4.676],[1500739200000,4.68],[1500825600000,4.678],[1500912000000,4.679],[1500998400000,4.679],[1501084800000,4.678],[1501171200000,4.677],[1501344000000,4.671],[1501430400000,4.667],[1501516800000,4.661],[1501603200000,4.654],[1501689600000,4.646],[1501776000000,4.637],[1501948800000,4.622],[1502035200000,4.615],[1502121600000,4.611],[1502208000000,4.607],[1502294400000,4.606],[1502380800000,4.605],[1502553600000,4.606],[1502640000000,4.605],[1502726400000,4.603],[1502812800000,4.603],[1502899200000,4.602],[1502985600000,4.595],[1503158400000,4.582],[1503244800000,4.573],[1503331200000,4.564],[1503417600000,4.555],[1503504000000,4.548],[1503590400000,4.545],[1503763200000,4.539],[1503849600000,4.539],[1503936000000,4.54],[1504022400000,4.541],[1504108800000,4.543],[1504195200000,4.545],[1504368000000,4.548],[1504454400000,4.55],[1504540800000,4.552],[1504627200000,4.554],[1504713600000,4.56],[1504800000000,4.566],[1504972800000,4.574],[1505059200000,4.579],[1505145600000,4.585],[1505232000000,4.591],[1505318400000,4.591],[1505404800000,4.596],[1505577600000,4.61],[1505664000000,4.614],[1505750400000,4.619],[1505836800000,4.623],[1505923200000,4.611],[1506009600000,4.601],[1506182400000,4.58],[1506268800000,4.581],[1506355200000,4.582],[1506441600000,4.581],[1506528000000,4.6],[1506614400000,4.606],[1507392000000,4.596],[1507478400000,4.595],[1507564800000,4.594],[1507651200000,4.591],[1507737600000,4.588],[1507824000000,4.582],[1507996800000,4.571],[1508083200000,4.564],[1508169600000,4.555],[1508256000000,4.542],[1508342400000,4.534],[1508428800000,4.527],[1508601600000,4.501],[1508688000000,4.496],[1508774400000,4.493],[1508860800000,4.496],[1508947200000,4.494],[1509033600000,4.493],[1509206400000,4.501],[1509292800000,4.501],[1509379200000,4.506],[1509465600000,4.513],[1509552000000,4.518],[1509638400000,4.523],[1509811200000,4.533],[1509897600000,4.538],[1509984000000,4.532],[1510070400000,4.522],[1510156800000,4.514],[1510243200000,4.507],[1510416000000,4.494],[1510502400000,4.486],[1510588800000,4.486],[1510675200000,4.489],[1510761600000,4.495],[1510848000000,4.501],[1511020800000,4.514],[1511107200000,4.518],[1511193600000,4.523],[1511280000000,4.528],[1511366400000,4.532],[1511452800000,4.536],[1511625600000,4.545],[1511712000000,4.553],[1511798400000,4.557],[1511884800000,4.562],[1511971200000,4.563],[1512057600000,4.572],[1512230400000,4.588],[1512316800000,4.595],[1512403200000,4.601],[1512489600000,4.605],[1512576000000,4.611],[1512662400000,4.608],[1512835200000,4.604],[1512921600000,4.604],[1513008000000,4.607],[1513094400000,4.611],[1513180800000,4.616],[1513267200000,4.626],[1513440000000,4.633],[1513526400000,4.642],[1513612800000,4.644],[1513699200000,4.636],[1513785600000,4.637],[1513872000000,4.633],[1514044800000,4.632],[1514131200000,4.631],[1514217600000,4.63],[1514304000000,4.67],[1514390400000,4.715],[1514476800000,4.767],[1514649600000,4.877],[1514736000000,4.923],[1514822400000,4.976],[1514908800000,4.994],[1514995200000,4.972],[1515081600000,4.938],[1515254400000,4.863],[1515340800000,4.827],[1515427200000,4.792],[1515513600000,4.734],[1515600000000,4.691],[1515686400000,4.654],[1515859200000,4.584],[1515945600000,4.553],[1516032000000,4.524],[1516118400000,4.519],[1516204800000,4.519],[1516291200000,4.524],[1516464000000,4.533],[1516550400000,4.534],[1516636800000,4.534],[1516723200000,4.523],[1516809600000,4.518],[1516896000000,4.509],[1517068800000,4.493],[1517155200000,4.48],[1517241600000,4.476],[1517328000000,4.482],[1517414400000,4.483],[1517500800000,4.479],[1517673600000,4.473],[1517760000000,4.468],[1517846400000,4.453]];
/*资产配置*/
var Data_assetAllocationCurrency ={"categories":["12-31","09-30","06-30"],"series":[{"name":"股票","data":[null,null,null]},{"name":"债券","data":[21.83,17.98,7.57]},{"name":"现金","data":[69.8,65.09,68.11]}]};
/*累计收益率走势*/
var Data_grandTotal = [{"name":"永赢天天利货币","data":[[1501948800000,0],[1502035200000,0.01],[1502121600000,0.03],[1502208000000,0.04],[1502294400000,0.05],[1502380800000,0.06],[1502553600000,0.09],[1502640000000,0.10],[1502726400000,0.11],[1502812800000,0.13],[1502899200000,0.14],[1502985600000,0.15],[1503158400000,0.18],[1503244800000,0.19],[1503331200000,0.20],[1503417600000,0.21],[1503504000000,0.23],[1503590400000,0.24],[1503763200000,0.26],[1503849600000,0.28],[1503936000000,0.29],[1504022400000,0.30],[1504108800000,0.31],[1504195200000,0.33],[1504368000000,0.35],[1504454400000,0.36],[1504540800000,0.38],[1504627200000,0.39],[1504713600000,0.40],[1504800000000,0.41],[1504972800000,0.44],[1505059200000,0.45],[1505145600000,0.46],[1505232000000,0.48],[1505318400000,0.49],[1505404800000,0.50],[1505577600000,0.53],[1505664000000,0.54],[1505750400000,0.55],[1505836800000,0.57],[1505923200000,0.58],[1506009600000,0.59],[1506182400000,0.62],[1506268800000,0.63],[1506355200000,0.64],[1506441600000,0.65],[1506528000000,0.67],[1506614400000,0.68],[1507392000000,0.79],[1507478400000,0.81],[1507564800000,0.82],[1507651200000,0.83],[1507737600000,0.84],[1507824000000,0.86],[1507996800000,0.88],[1508083200000,0.90],[1508169600000,0.91],[1508256000000,0.92],[1508342400000,0.93],[1508428800000,0.94],[1508601600000,0.97],[1508688000000,0.98],[1508774400000,0.99],[1508860800000,1.01],[1508947200000,1.02],[1509033600000,1.03],[1509206400000,1.06],[1509292800000,1.07],[1509379200000,1.08],[1509465600000,1.09],[1509552000000,1.11],[1509638400000,1.12],[1509811200000,1.14],[1509897600000,1.16],[1509984000000,1.17],[1510070400000,1.18],[1510156800000,1.19],[1510243200000,1.21],[1510416000000,1.23],[1510502400000,1.24],[1510588800000,1.26],[1510675200000,1.27],[1510761600000,1.28],[1510848000000,1.29],[1511020800000,1.32],[1511107200000,1.33],[1511193600000,1.34],[1511280000000,1.36],[1511366400000,1.37],[1511452800000,1.38],[1511625600000,1.41],[1511712000000,1.42],[1511798400000,1.43],[1511884800000,1.45],[1511971200000,1.46],[1512057600000,1.47],[1512230400000,1.50],[1512316800000,1.51],[1512403200000,1.52],[1512489600000,1.54],[1512576000000,1.55],[1512662400000,1.56],[1512835200000,1.59],[1512921600000,1.60],[1513008000000,1.61],[1513094400000,1.63],[1513180800000,1.64],[1513267200000,1.65],[1513440000000,1.68],[1513526400000,1.69],[1513612800000,1.70],[1513699200000,1.72],[1513785600000,1.73],[1513872000000,1.74],[1514044800000,1.77],[1514131200000,1.78],[1514217600000,1.79],[1514304000000,1.81],[1514390400000,1.82],[1514476800000,1.83],[1514649600000,1.86],[1514736000000,1.88],[1514822400000,1.89],[1514908800000,1.90],[1514995200000,1.92],[1515081600000,1.93],[1515254400000,1.96],[1515340800000,1.97],[1515427200000,1.98],[1515513600000,2.00],[1515600000000,2.01],[1515686400000,2.02],[1515859200000,2.05],[1515945600000,2.06],[1516032000000,2.07],[1516118400000,2.09],[1516204800000,2.10],[1516291200000,2.11],[1516464000000,2.14],[1516550400000,2.15],[1516636800000,2.16],[1516723200000,2.17],[1516809600000,2.19],[1516896000000,2.20],[1517068800000,2.22],[1517155200000,2.24],[1517241600000,2.25],[1517328000000,2.26],[1517414400000,2.27],[1517500800000,2.29],[1517673600000,2.31],[1517760000000,2.32],[1517846400000,2.34]]},{"name":"同类平均","data":[[1502035200000,0],[1502121600000,0.01],[1502208000000,0.02],[1502294400000,0.03],[1502380800000,0.04],[1502640000000,0.07],[1502726400000,0.08],[1502812800000,0.09],[1502899200000,0.10],[1502985600000,0.11],[1503244800000,0.14],[1503331200000,0.16],[1503417600000,0.17],[1503504000000,0.18],[1503590400000,0.19],[1503849600000,0.22],[1503936000000,0.23],[1504022400000,0.24],[1504108800000,0.25],[1504195200000,0.26],[1504454400000,0.29],[1504540800000,0.30],[1504627200000,0.31],[1504713600000,0.32],[1504800000000,0.34],[1505059200000,0.37],[1505145600000,0.38],[1505232000000,0.39],[1505318400000,0.40],[1505404800000,0.41],[1505664000000,0.44],[1505750400000,0.45],[1505836800000,0.46],[1505923200000,0.47],[1506009600000,0.48],[1506268800000,0.52],[1506355200000,0.53],[1506441600000,0.54],[1506528000000,0.55],[1506614400000,0.56],[1507478400000,0.67],[1507564800000,0.68],[1507651200000,0.69],[1507737600000,0.71],[1507824000000,0.72],[1508083200000,0.75],[1508169600000,0.76],[1508256000000,0.77],[1508342400000,0.78],[1508428800000,0.79],[1508688000000,0.82],[1508774400000,0.83],[1508860800000,0.84],[1508947200000,0.85],[1509033600000,0.86],[1509292800000,0.90],[1509379200000,0.91],[1509465600000,0.92],[1509552000000,0.93],[1509638400000,0.94],[1509897600000,0.97],[1509984000000,0.98],[1510070400000,0.99],[1510156800000,1.00],[1510243200000,1.01],[1510502400000,1.04],[1510588800000,1.06],[1510675200000,1.07],[1510761600000,1.08],[1510848000000,1.09],[1511107200000,1.12],[1511193600000,1.13],[1511280000000,1.14],[1511366400000,1.15],[1511452800000,1.16],[1511712000000,1.20],[1511798400000,1.21],[1511884800000,1.22],[1511971200000,1.23],[1512057600000,1.24],[1512316800000,1.28],[1512403200000,1.29],[1512489600000,1.30],[1512576000000,1.31],[1512662400000,1.32],[1512921600000,1.35],[1513008000000,1.36],[1513094400000,1.38],[1513180800000,1.39],[1513267200000,1.40],[1513526400000,1.43],[1513612800000,1.44],[1513699200000,1.46],[1513785600000,1.47],[1513872000000,1.48],[1514131200000,1.51],[1514217600000,1.53],[1514304000000,1.54],[1514390400000,1.55],[1514476800000,1.57],[1514822400000,1.62],[1514908800000,1.64],[1514995200000,1.65],[1515081600000,1.66],[1515340800000,1.69],[1515427200000,1.71],[1515513600000,1.72],[1515600000000,1.73],[1515686400000,1.74],[1515945600000,1.77],[1516032000000,1.79],[1516118400000,1.80],[1516204800000,1.81],[1516291200000,1.82],[1516550400000,1.86],[1516636800000,1.87],[1516723200000,1.88],[1516809600000,1.89],[1516896000000,1.90],[1517155200000,1.94],[1517241600000,1.95],[1517328000000,1.96],[1517414400000,1.97],[1517500800000,1.98],[1517760000000,2.02],[1517846400000,2.03]]},{"name":"沪深300","data":[[1502035200000,0],[1502121600000,0.15],[1502208000000,0.11],[1502294400000,-0.29],[1502380800000,-2.13],[1502640000000,-0.86],[1502726400000,-0.56],[1502812800000,-0.68],[1502899200000,-0.15],[1502985600000,-0.06],[1503244800000,0.38],[1503331200000,0.68],[1503417600000,0.79],[1503504000000,0.21],[1503590400000,1.85],[1503849600000,3.11],[1503936000000,2.89],[1504022400000,2.88],[1504108800000,2.56],[1504195200000,2.78],[1504454400000,3.19],[1504540800000,3.50],[1504627200000,3.29],[1504713600000,2.77],[1504800000000,2.66],[1505059200000,2.65],[1505145600000,2.98],[1505232000000,3.11],[1505318400000,2.77],[1505404800000,2.80],[1505664000000,3.12],[1505750400000,2.83],[1505836800000,3.10],[1505923200000,2.98],[1506009600000,2.98],[1506268800000,2.44],[1506355200000,2.52],[1506441600000,2.53],[1506528000000,2.57],[1506614400000,2.94],[1507478400000,4.17],[1507564800000,4.38],[1507651200000,4.72],[1507737600000,5.00],[1507824000000,5.21],[1508083200000,5.01],[1508169600000,5.00],[1508256000000,5.83],[1508342400000,5.49],[1508428800000,5.37],[1508688000000,5.47],[1508774400000,6.24],[1508860800000,6.71],[1508947200000,7.16],[1509033600000,7.92],[1509292800000,7.59],[1509379200000,7.51],[1509465600000,7.24],[1509552000000,7.25],[1509638400000,7.13],[1509897600000,7.89],[1509984000000,8.79],[1510070400000,8.62],[1510156800000,9.37],[1510243200000,10.33],[1510502400000,10.77],[1510588800000,10.00],[1510675200000,9.31],[1510761600000,10.15],[1510848000000,10.57],[1511107200000,11.19],[1511193600000,13.17],[1511280000000,13.44],[1511366400000,10.08],[1511452800000,10.13],[1511712000000,8.67],[1511798400000,8.83],[1511884800000,8.77],[1511971200000,7.49],[1512057600000,7.28],[1512316800000,7.84],[1512403200000,8.41],[1512489600000,7.76],[1512576000000,6.55],[1512662400000,7.42],[1512921600000,9.20],[1513008000000,7.76],[1513094400000,8.67],[1513180800000,8.03],[1513267200000,6.82],[1513526400000,6.94],[1513612800000,8.28],[1513699200000,8.15],[1513785600000,9.15],[1513872000000,8.80],[1514131200000,8.45],[1514217600000,8.77],[1514304000000,7.09],[1514390400000,7.84],[1514476800000,8.16],[1514822400000,9.68],[1514908800000,10.32],[1514995200000,10.79],[1515081600000,11.05],[1515340800000,11.63],[1515427200000,12.41],[1515513600000,12.91],[1515600000000,12.85],[1515686400000,13.37],[1515945600000,13.37],[1516032000000,14.27],[1516118400000,13.99],[1516204800000,14.61],[1516291200000,14.99],[1516550400000,16.36],[1516636800000,17.60],[1516723200000,17.79],[1516809600000,17.13],[1516896000000,17.56],[1517155200000,15.43],[1517241600000,14.20],[1517328000000,14.73],[1517414400000,13.93],[1517500800000,14.61],[1517760000000,14.69],[1517846400000,11.33]]}];
/*同类排名*/
var Data_rateInSimilarType = [{"x":1500566400000,"y":13,"sc":"593"},{"x":1500825600000,"y":11,"sc":"593"},{"x":1500912000000,"y":11,"sc":"593"},{"x":1500998400000,"y":11,"sc":"594"},{"x":1501084800000,"y":11,"sc":"594"},{"x":1501171200000,"y":10,"sc":"594"},{"x":1501430400000,"y":9,"sc":"594"},{"x":1501516800000,"y":9,"sc":"594"},{"x":1501603200000,"y":9,"sc":"594"},{"x":1501689600000,"y":9,"sc":"594"},{"x":1501776000000,"y":9,"sc":"594"},{"x":1502035200000,"y":9,"sc":"596"},{"x":1502121600000,"y":9,"sc":"596"},{"x":1502208000000,"y":8,"sc":"596"},{"x":1502294400000,"y":8,"sc":"596"},{"x":1502380800000,"y":9,"sc":"596"},{"x":1502640000000,"y":9,"sc":"596"},{"x":1502726400000,"y":8,"sc":"596"},{"x":1502812800000,"y":8,"sc":"596"},{"x":1502899200000,"y":8,"sc":"596"},{"x":1502985600000,"y":8,"sc":"596"},{"x":1503244800000,"y":8,"sc":"597"},{"x":1503331200000,"y":8,"sc":"597"},{"x":1503417600000,"y":8,"sc":"597"},{"x":1503504000000,"y":8,"sc":"596"},{"x":1503590400000,"y":8,"sc":"596"},{"x":1503849600000,"y":6,"sc":"600"},{"x":1503936000000,"y":6,"sc":"600"},{"x":1504022400000,"y":10,"sc":"600"},{"x":1504108800000,"y":7,"sc":"601"},{"x":1504195200000,"y":9,"sc":"601"},{"x":1504454400000,"y":9,"sc":"601"},{"x":1504540800000,"y":9,"sc":"601"},{"x":1504627200000,"y":9,"sc":"601"},{"x":1504713600000,"y":9,"sc":"601"},{"x":1504800000000,"y":10,"sc":"601"},{"x":1505059200000,"y":8,"sc":"603"},{"x":1505145600000,"y":8,"sc":"603"},{"x":1505232000000,"y":8,"sc":"603"},{"x":1505318400000,"y":8,"sc":"605"},{"x":1505404800000,"y":8,"sc":"605"},{"x":1505664000000,"y":7,"sc":"606"},{"x":1505750400000,"y":6,"sc":"606"},{"x":1505836800000,"y":7,"sc":"603"},{"x":1505923200000,"y":6,"sc":"603"},{"x":1506009600000,"y":6,"sc":"603"},{"x":1506268800000,"y":7,"sc":"603"},{"x":1506355200000,"y":6,"sc":"603"},{"x":1506441600000,"y":5,"sc":"604"},{"x":1506528000000,"y":5,"sc":"604"},{"x":1506614400000,"y":5,"sc":"606"},{"x":1507478400000,"y":4,"sc":"606"},{"x":1507564800000,"y":4,"sc":"607"},{"x":1507651200000,"y":4,"sc":"607"},{"x":1507737600000,"y":4,"sc":"611"},{"x":1507824000000,"y":4,"sc":"611"},{"x":1508083200000,"y":3,"sc":"612"},{"x":1508169600000,"y":2,"sc":"612"},{"x":1508256000000,"y":3,"sc":"611"},{"x":1508342400000,"y":3,"sc":"611"},{"x":1508428800000,"y":2,"sc":"611"},{"x":1508688000000,"y":1,"sc":"606"},{"x":1508774400000,"y":1,"sc":"606"},{"x":1508860800000,"y":1,"sc":"607"},{"x":1508947200000,"y":1,"sc":"607"},{"x":1509033600000,"y":1,"sc":"607"},{"x":1509292800000,"y":2,"sc":"609"},{"x":1509379200000,"y":2,"sc":"610"},{"x":1509465600000,"y":2,"sc":"610"},{"x":1509552000000,"y":1,"sc":"613"},{"x":1509638400000,"y":1,"sc":"617"},{"x":1509897600000,"y":1,"sc":"621"},{"x":1509984000000,"y":1,"sc":"621"},{"x":1510070400000,"y":1,"sc":"621"},{"x":1510156800000,"y":1,"sc":"623"},{"x":1510243200000,"y":1,"sc":"623"},{"x":1510502400000,"y":1,"sc":"633"},{"x":1510588800000,"y":1,"sc":"635"},{"x":1510675200000,"y":1,"sc":"635"},{"x":1510761600000,"y":1,"sc":"635"},{"x":1510848000000,"y":1,"sc":"636"},{"x":1511107200000,"y":3,"sc":"636"},{"x":1511193600000,"y":2,"sc":"636"},{"x":1511280000000,"y":2,"sc":"636"},{"x":1511366400000,"y":2,"sc":"636"},{"x":1511452800000,"y":2,"sc":"637"},{"x":1511712000000,"y":3,"sc":"640"},{"x":1511798400000,"y":2,"sc":"640"},{"x":1511884800000,"y":2,"sc":"640"},{"x":1511971200000,"y":2,"sc":"641"},{"x":1512057600000,"y":2,"sc":"643"},{"x":1512316800000,"y":2,"sc":"643"},{"x":1512403200000,"y":2,"sc":"643"},{"x":1512489600000,"y":2,"sc":"643"},{"x":1512576000000,"y":2,"sc":"644"},{"x":1512662400000,"y":2,"sc":"652"},{"x":1512921600000,"y":2,"sc":"652"},{"x":1513008000000,"y":2,"sc":"653"},{"x":1513094400000,"y":2,"sc":"653"},{"x":1513180800000,"y":2,"sc":"654"},{"x":1513267200000,"y":2,"sc":"656"},{"x":1513526400000,"y":2,"sc":"656"},{"x":1513612800000,"y":2,"sc":"656"},{"x":1513699200000,"y":2,"sc":"656"},{"x":1513785600000,"y":2,"sc":"655"},{"x":1513872000000,"y":2,"sc":"655"},{"x":1514131200000,"y":3,"sc":"655"},{"x":1514217600000,"y":3,"sc":"655"},{"x":1514304000000,"y":3,"sc":"654"},{"x":1514390400000,"y":3,"sc":"655"},{"x":1514476800000,"y":3,"sc":"655"},{"x":1514822400000,"y":6,"sc":"655"},{"x":1514908800000,"y":6,"sc":"655"},{"x":1514995200000,"y":6,"sc":"655"},{"x":1515081600000,"y":6,"sc":"655"},{"x":1515340800000,"y":5,"sc":"655"},{"x":1515427200000,"y":5,"sc":"655"},{"x":1515513600000,"y":6,"sc":"656"},{"x":1515600000000,"y":5,"sc":"657"},{"x":1515686400000,"y":5,"sc":"657"},{"x":1515945600000,"y":8,"sc":"657"},{"x":1516032000000,"y":8,"sc":"657"},{"x":1516118400000,"y":9,"sc":"657"},{"x":1516204800000,"y":10,"sc":"657"},{"x":1516291200000,"y":9,"sc":"657"},{"x":1516550400000,"y":10,"sc":"657"},{"x":1516636800000,"y":11,"sc":"657"},{"x":1516723200000,"y":14,"sc":"657"},{"x":1516809600000,"y":17,"sc":"657"},{"x":1516896000000,"y":20,"sc":"655"},{"x":1517155200000,"y":20,"sc":"656"},{"x":1517241600000,"y":20,"sc":"656"},{"x":1517328000000,"y":22,"sc":"656"},{"x":1517414400000,"y":22,"sc":"656"},{"x":1517500800000,"y":22,"sc":"656"},{"x":1517760000000,"y":22,"sc":"656"},{"x":1517846400000,"y":22,"sc":"656"}];
/*百分比排名*/
var Data_rateInSimilarPersent = [[1500566400000,97.8100],[1500825600000,98.1500],[1500912000000,98.1500],[1500998400000,98.1500],[1501084800000,98.1500],[1501171200000,98.3200],[1501430400000,98.4800],[1501516800000,98.4800],[1501603200000,98.4800],[1501689600000,98.4800],[1501776000000,98.4800],[1502035200000,98.4900],[1502121600000,98.4900],[1502208000000,98.6600],[1502294400000,98.6600],[1502380800000,98.4900],[1502640000000,98.4900],[1502726400000,98.6600],[1502812800000,98.6600],[1502899200000,98.6600],[1502985600000,98.6600],[1503244800000,98.6600],[1503331200000,98.6600],[1503417600000,98.6600],[1503504000000,98.6600],[1503590400000,98.6600],[1503849600000,99.00],[1503936000000,99.00],[1504022400000,98.3300],[1504108800000,98.8400],[1504195200000,98.5000],[1504454400000,98.5000],[1504540800000,98.5000],[1504627200000,98.5000],[1504713600000,98.5000],[1504800000000,98.3400],[1505059200000,98.6700],[1505145600000,98.6700],[1505232000000,98.6700],[1505318400000,98.6800],[1505404800000,98.6800],[1505664000000,98.8400],[1505750400000,99.0100],[1505836800000,98.8400],[1505923200000,99.00],[1506009600000,99.00],[1506268800000,98.8400],[1506355200000,99.00],[1506441600000,99.1700],[1506528000000,99.1700],[1506614400000,99.1700],[1507478400000,99.3400],[1507564800000,99.3400],[1507651200000,99.3400],[1507737600000,99.3500],[1507824000000,99.3500],[1508083200000,99.5100],[1508169600000,99.6700],[1508256000000,99.5100],[1508342400000,99.5100],[1508428800000,99.6700],[1508688000000,99.8300],[1508774400000,99.8300],[1508860800000,99.8400],[1508947200000,99.8400],[1509033600000,99.8400],[1509292800000,99.6700],[1509379200000,99.6700],[1509465600000,99.6700],[1509552000000,99.8400],[1509638400000,99.8400],[1509897600000,99.8400],[1509984000000,99.8400],[1510070400000,99.8400],[1510156800000,99.8400],[1510243200000,99.8400],[1510502400000,99.8400],[1510588800000,99.8400],[1510675200000,99.8400],[1510761600000,99.8400],[1510848000000,99.8400],[1511107200000,99.5300],[1511193600000,99.6900],[1511280000000,99.6900],[1511366400000,99.6900],[1511452800000,99.6900],[1511712000000,99.5300],[1511798400000,99.6900],[1511884800000,99.6900],[1511971200000,99.6900],[1512057600000,99.6900],[1512316800000,99.6900],[1512403200000,99.6900],[1512489600000,99.6900],[1512576000000,99.6900],[1512662400000,99.6900],[1512921600000,99.6900],[1513008000000,99.6900],[1513094400000,99.6900],[1513180800000,99.6900],[1513267200000,99.7000],[1513526400000,99.7000],[1513612800000,99.7000],[1513699200000,99.7000],[1513785600000,99.6900],[1513872000000,99.6900],[1514131200000,99.5400],[1514217600000,99.5400],[1514304000000,99.5400],[1514390400000,99.5400],[1514476800000,99.5400],[1514822400000,99.0800],[1514908800000,99.0800],[1514995200000,99.0800],[1515081600000,99.0800],[1515340800000,99.2400],[1515427200000,99.2400],[1515513600000,99.0900],[1515600000000,99.2400],[1515686400000,99.2400],[1515945600000,98.7800],[1516032000000,98.7800],[1516118400000,98.6300],[1516204800000,98.4800],[1516291200000,98.6300],[1516550400000,98.4800],[1516636800000,98.3300],[1516723200000,97.8700],[1516809600000,97.4100],[1516896000000,96.9500],[1517155200000,96.9500],[1517241600000,96.9500],[1517328000000,96.6500],[1517414400000,96.6500],[1517500800000,96.6500],[1517760000000,96.6500],[1517846400000,96.6500]];
/*规模变动*/
var Data_fluctuationScale = {"categories":["2017-04-20","2017-06-30","2017-09-30","2017-12-31"],"series":[{"y":2.00,"mom":"--"},{"y":167.02,"mom":"8250.28%"},{"y":233.64,"mom":"39.89%"},{"y":264.41,"mom":"13.17%"}]};;
/*持有人结构*/
var Data_holderStructure = {"series":[{"name":"机构持有比例","data":[100.0]},{"name":"个人持有比例","data":[0.0]},{"name":"内部持有比例","data":[0.0]}],"categories":["2017-06-30"]};
/*申购赎回*/
var Data_assetAllocation ={"series":[{"name":"期间申购","data":[165.02,71.83,122.34]},{"name":"期间赎回","data":[0.00,5.21,91.56]},{"name":"总份额","data":[167.02,233.64,264.41]}],"categories":["2017-06-30","2017-09-30","2017-12-31"]};
/*现任基金经理*/
var Data_currentFundManager = [{"id":"30347619","pic":"https://pdf.dfcfw.com/pdf/H8_JPG30347619_1.jpg","name":"祁洁萍","star":4,"workTime":"2年又264天","fundSize":"796.49亿(8只基金)","power":{"avr":"76.79","categories":["经验值","收益率","抗风险","稳定性","管理规模"],"dsc":["反映基金经理从业年限和管理基金的经验","根据基金经理投资的阶段收益评分，反映\u003cbr\u003e基金经理投资的盈利能力","反映基金经理投资的回撤控制能力","反映基金经理投资收益的波动","根据基金经理现任管理基金资产规模评分"],"data":[53.10,75.30,76.20,72.30,95.40],"jzrq":"2018-02-06"},"profit":{"categories":["任期收益","同类平均"],"series":[{"data":[{"name":null,"color":"#7cb5ec","y":3.6979},{"name":null,"color":"#414c7b","y":3.22}]}],"jzrq":"2018-02-06"}},{"id":"30538860","pic":"https://pdf.dfcfw.com/pdf/H8_JPG30538860_1.jpg","name":"乔嘉麒","star":0,"workTime":"257天","fundSize":"868.72亿(12只基金)","power":{"avr":"暂无数据","categories":["经验值","收益率","抗风险","稳定性","管理规模"],"dsc":["反映基金经理从业年限和管理基金的经验","根据基金经理投资的阶段收益评分，反映\u003cbr\u003e基金经理投资的盈利能力","反映基金经理投资的回撤控制能力","反映基金经理投资收益的波动","根据基金经理现任管理基金资产规模评分"],"data":[null,null,null,null,null],"jzrq":"2018-02-06"},"profit":{"categories":["任期收益","同类平均"],"series":[{"data":[{"name":null,"color":"#7cb5ec","y":3.2717},{"name":null,"color":"#414c7b","y":2.86}]}],"jzrq":"2018-02-06"}}] ;
/*同类型基金涨幅榜（页面底部通栏）*/
var swithSameType = [['002895_华夏天利货币B_5.8750','002894_华夏天利货币A_5.6210','004398_融通现金宝货币B_5.3370','000902_国开货币B_5.3360','001478_泰康薪意保货币B_5.1400'],['002895_华夏天利货币B_5.26','004973_长城收益宝货币B_5.08','004904_人保货币B_5.05','002884_华润元大现金通货币B_5.01','002894_华夏天利货币A_5.01'],['004973_长城收益宝货币B_5.05','004770_海富通添益货币A_4.99','002884_华润元大现金通货币B_4.99','005151_红土创新优淳货币B_4.90','002895_华夏天利货币B_4.89'],['004770_海富通添益货币A_5.39','004973_长城收益宝货币B_5.13','002884_华润元大现金通货币B_5.03','002895_华夏天利货币B_5.03','004398_融通现金宝货币B_5.01'],['003679_中融现金增利货币C_4.67','003474_南方天天利货币B_4.55','000836_国投瑞银钱多宝货币A_4.52','000837_国投瑞银钱多宝货币I_4.52','003753_工银如意货币B_4.51']];