/**
 * 测试数据
 * @type {arry}
 */
/*2018-02-07 15:31:26*/
//基金或股票信息
var fS_name = "嘉合货币A";
var fS_code = "001232";
var fund_minsg="200";
var ishb=true;
/*原费率*/
var fund_sourceRate="0";
/*现费率*/
var fund_Rate="0";
/*最小申购金额*/
var fund_minsg="200";
/*收益率*/
/*近一年收益率*/
var syl_1n="4.2188";
/*近6月收益率*/
var syl_6y="2.079";
/*近三月收益率*/
var syl_3y="1.0074";
/*近一月收益率*/
var syl_1y="0.3718";
/* 基金收益走势图 每万份收益*/
var Data_millionCopiesIncome = [[1431014400000,1.5987],[1431619200000,4.9531],[1432224000000,4.9011],[1432396800000,12.8283],[1432483200000,0.6876],[1432569600000,0.1656],[1432656000000,0.639],[1432742400000,0.6339],[1432828800000,0.6336],[1433001600000,1.4615],[1433088000000,0.7144],[1433174400000,0.7129],[1433260800000,0.7366],[1433347200000,0.7375],[1433433600000,0.7327],[1433606400000,1.3053],[1433692800000,0.5775],[1433779200000,0.6015],[1433865600000,0.5788],[1433952000000,0.5073],[1434038400000,0.5714],[1434211200000,1.228],[1434297600000,0.604],[1434384000000,0.6013],[1434470400000,0.7235],[1434556800000,0.7608],[1434643200000,1.1069],[1434902400000,1.9017],[1434988800000,0.726],[1435075200000,0.7983],[1435161600000,0.7817],[1435248000000,0.8022],[1435420800000,1.6042],[1435507200000,0.8021],[1435593600000,0.6795],[1435680000000,0.6512],[1435766400000,0.523],[1435852800000,0.9623],[1436025600000,1.2098],[1436112000000,1.6032],[1436198400000,0.665],[1436284800000,0.4916],[1436371200000,0.3551],[1436457600000,0.8757],[1436630400000,0.6847],[1436716800000,1.0371],[1436803200000,1.8695],[1436889600000,2.9085],[1436976000000,0.4924],[1437062400000,0.6674],[1437235200000,0.1266],[1437321600000,0.307],[1437408000000,0.5132],[1437494400000,1.2719],[1437580800000,0.5974],[1437667200000,1.0195],[1437840000000,0.133],[1437926400000,1.4136],[1438012800000,0.8806],[1438099200000,0.4167],[1438185600000,1.903],[1438272000000,3.1203],[1438444800000,0.5264],[1438531200000,1.4416],[1438617600000,0.0675],[1438704000000,0.8517],[1438790400000,0.9687],[1438876800000,0.9744],[1439049600000,0.6267],[1439136000000,1.1738],[1439222400000,0.6091],[1439308800000,0.4532],[1439395200000,0.4607],[1439481600000,0.4604],[1439654400000,0.6903],[1439740800000,0.4157],[1439827200000,0.3178],[1439913600000,1.078],[1440000000000,0.7562],[1440086400000,1.1373],[1440259200000,0.5901],[1440345600000,0.2537],[1440432000000,1.0491],[1440518400000,0.5485],[1440604800000,0.3691],[1440691200000,1.54],[1440864000000,0.6344],[1440950400000,2.9236],[1441036800000,0.4364],[1441123200000,0.5742],[1441468800000,1.8609],[1441555200000,0.6875],[1441641600000,0.3988],[1441728000000,2.285],[1441814400000,1.2229],[1441900800000,1.509],[1442073600000,0.6805],[1442160000000,0.4647],[1442246400000,1.1775],[1442332800000,0.4192],[1442419200000,0.6002],[1442505600000,0.6853],[1442678400000,0.6516],[1442764800000,1.1531],[1442851200000,0.8681],[1442937600000,0.9486],[1443024000000,0.8313],[1443110400000,1.6549],[1443283200000,0.5389],[1443369600000,2.5511],[1443456000000,2.5382],[1443542400000,1.5561],[1444147200000,2.7258],[1444233600000,0.9903],[1444320000000,0.6198],[1444492800000,0.8039],[1444579200000,2.5868],[1444665600000,0.8454],[1444752000000,0.8998],[1444838400000,1.3131],[1444924800000,0.7395],[1445097600000,0.9109],[1445184000000,1.2415],[1445270400000,0.5931],[1445356800000,0.5772],[1445443200000,0.547],[1445529600000,1.1187],[1445702400000,0.9526],[1445788800000,1.0625],[1445875200000,0.892],[1445961600000,2.7224],[1446048000000,1.2781],[1446134400000,0.9483],[1446307200000,0.8741],[1446393600000,0.5377],[1446480000000,0.4305],[1446566400000,0.7246],[1446652800000,1.4472],[1446739200000,0.3793],[1446912000000,0.7048],[1446998400000,0.5087],[1447084800000,0.4069],[1447171200000,1.2017],[1447257600000,3.1486],[1447344000000,0.5042],[1447516800000,0.7987],[1447603200000,0.3964],[1447689600000,0.7644],[1447776000000,0.5271],[1447862400000,0.5727],[1447948800000,0.5157],[1448121600000,0.8824],[1448208000000,0.4115],[1448294400000,0.4074],[1448380800000,0.4424],[1448467200000,0.6195],[1448553600000,2.4792],[1448726400000,0.848],[1448812800000,5.0568],[1448899200000,0.9012],[1448985600000,1.1814],[1449072000000,0.6553],[1449158400000,1.1],[1449331200000,1.0203],[1449417600000,0.5751],[1449504000000,0.4839],[1449590400000,0.4463],[1449676800000,0.4299],[1449763200000,0.5421],[1449936000000,0.8763],[1450022400000,0.3901],[1450108800000,1.2435],[1450195200000,0.6541],[1450281600000,0.8539],[1450368000000,1.3451],[1450540800000,0.8909],[1450627200000,2.889],[1450713600000,1.0709],[1450800000000,1.9325],[1450886400000,1.1091],[1450972800000,1.3302],[1451145600000,0.9843],[1451232000000,0.7749],[1451318400000,2.2422],[1451404800000,1.9113],[1451491200000,0.9606],[1451750400000,1.5426],[1451836800000,3.6494],[1451923200000,0.8105],[1452009600000,0.6734],[1452096000000,1.4304],[1452182400000,0.7861],[1452355200000,1.0246],[1452441600000,0.4839],[1452528000000,0.5258],[1452614400000,0.8745],[1452700800000,0.6505],[1452787200000,0.8352],[1452960000000,0.6381],[1453046400000,2.0697],[1453132800000,0.6702],[1453219200000,0.594],[1453305600000,0.6294],[1453392000000,1.4953],[1453564800000,0.7837],[1453651200000,0.408],[1453737600000,1.0227],[1453824000000,2.7358],[1453910400000,0.4273],[1453996800000,0.43],[1454169600000,0.7596],[1454256000000,2.9844],[1454342400000,1.4993],[1454428800000,0.5662],[1454515200000,0.5196],[1454601600000,0.4835],[1455379200000,4.0548],[1455465600000,0.5258],[1455552000000,0.5101],[1455638400000,1.2115],[1455724800000,0.963],[1455811200000,0.9266],[1455984000000,0.8471],[1456070400000,0.7084],[1456156800000,0.9723],[1456243200000,0.8126],[1456329600000,0.608],[1456416000000,0.4791],[1456588800000,0.8138],[1456675200000,1.8122],[1456761600000,0.5826],[1456848000000,0.6869],[1456934400000,1.5875],[1457020800000,1.3988],[1457193600000,0.8741],[1457280000000,0.6666],[1457366400000,0.9778],[1457452800000,0.5176],[1457539200000,1.0755],[1457625600000,1.0095],[1457798400000,0.6145],[1457884800000,0.3766],[1457971200000,0.2801],[1458057600000,1.2011],[1458144000000,0.9318],[1458230400000,1.3616],[1458403200000,0.6111],[1458489600000,0.5501],[1458576000000,0.3868],[1458662400000,0.9218],[1458748800000,0.7959],[1458835200000,1.4651],[1459008000000,0.8523],[1459094400000,0.5465],[1459180800000,1.3373],[1459267200000,0.764],[1459353600000,1.6831],[1459440000000,1.4102],[1459699200000,1.052],[1459785600000,1.8424],[1459872000000,0.3152],[1459958400000,0.3085],[1460044800000,1.0563],[1460217600000,0.5997],[1460304000000,0.314],[1460390400000,1.2571],[1460476800000,1.1413],[1460563200000,0.2912],[1460649600000,0.3634],[1460822400000,0.5913],[1460908800000,0.8431],[1460995200000,0.9793],[1461081600000,1.5362],[1461168000000,0.358],[1461254400000,0.3983],[1461427200000,0.6061],[1461513600000,1.2026],[1461600000000,0.9144],[1461686400000,0.7638],[1461772800000,1.385],[1461859200000,0.6944],[1462118400000,0.2053],[1462204800000,0.7335],[1462291200000,1.6522],[1462377600000,0.3019],[1462464000000,1.8455],[1462636800000,0.6221],[1462723200000,0.3304],[1462809600000,0.3796],[1462896000000,1.3597],[1462982400000,0.3207],[1463068800000,1.6096],[1463241600000,0.7831],[1463328000000,0.4336],[1463414400000,0.3501],[1463500800000,0.9527],[1463587200000,0.361],[1463673600000,0.7973],[1463846400000,0.6551],[1463932800000,1.6965],[1464019200000,0.4979],[1464105600000,1.4433],[1464192000000,0.3637],[1464278400000,1.2588],[1464451200000,0.7861],[1464537600000,1.1565],[1464624000000,0.4361],[1464710400000,0.6096],[1464796800000,4.3066],[1464883200000,0.4311],[1465056000000,0.8647],[1465142400000,1.3941],[1465228800000,0.664],[1465315200000,0.1733],[1465660800000,1.6129],[1465747200000,0.4008],[1465833600000,1.1253],[1465920000000,0.2386],[1466006400000,1.3584],[1466092800000,0.3971],[1466265600000,0.6632],[1466352000000,0.8518],[1466438400000,3.0159],[1466524800000,0.4439],[1466611200000,0.4148],[1466697600000,0.9837],[1466870400000,0.7414],[1466956800000,0.608],[1467043200000,1.3855],[1467129600000,1.0669],[1467216000000,2.1129],[1467302400000,0.6295],[1467475200000,1.2609],[1467561600000,0.6467],[1467648000000,0.4621],[1467734400000,0.5523],[1467820800000,0.7227],[1467907200000,1.1916],[1468080000000,0.9489],[1468166400000,1.8028],[1468252800000,0.5562],[1468339200000,1.3205],[1468425600000,0.3858],[1468512000000,0.4392],[1468684800000,0.7245],[1468771200000,0.8974],[1468857600000,0.5999],[1468944000000,0.5932],[1469030400000,1.203],[1469116800000,1.3393],[1469289600000,0.7146],[1469376000000,0.6569],[1469462400000,0.3498],[1469548800000,0.5295],[1469635200000,0.496],[1469721600000,2.2035],[1469894400000,0.757],[1469980800000,0.5199],[1470067200000,1.9291],[1470153600000,0.5308],[1470240000000,0.2953],[1470326400000,0.6648],[1470499200000,0.5639],[1470585600000,1.8131],[1470672000000,0.2181],[1470758400000,1.2481],[1470844800000,0.4301],[1470931200000,0.5272],[1471104000000,0.5166],[1471190400000,0.4397],[1471276800000,1.7175],[1471363200000,0.3183],[1471449600000,1.9485],[1471536000000,0.8605],[1471708800000,0.7592],[1471795200000,1.1666],[1471881600000,0.875],[1471968000000,0.5414],[1472054400000,0.3823],[1472140800000,1.7622],[1472313600000,0.6827],[1472400000000,1.647],[1472486400000,0.4037],[1472572800000,0.9639],[1472659200000,0.3073],[1472745600000,0.5317],[1472918400000,0.6248],[1473004800000,1.1888],[1473091200000,1.3198],[1473177600000,0.7862],[1473264000000,0.6607],[1473350400000,1.3831],[1473523200000,0.6958],[1473609600000,1.9606],[1473696000000,0.9647],[1473782400000,0.8959],[1474128000000,2.227],[1474214400000,1.4093],[1474300800000,0.2511],[1474387200000,1.1197],[1474473600000,0.5082],[1474560000000,1.3464],[1474732800000,0.3299],[1474819200000,4.1771],[1474905600000,0.3283],[1474992000000,4.415],[1475078400000,2.8191],[1475164800000,2.0005],[1475942400000,8.3789],[1476028800000,6.5184],[1476115200000,0.4784],[1476201600000,0.4826],[1476288000000,0.3764],[1476374400000,0.2887],[1476547200000,0.5492],[1476633600000,1.8556],[1476720000000,1.7315],[1476806400000,0.3327],[1476892800000,0.3405],[1476979200000,0.8687],[1477152000000,0.7401],[1477238400000,1.704],[1477324800000,0.1063],[1477411200000,2.2623],[1477497600000,0.2755],[1477584000000,0.2885],[1477756800000,0.6619],[1477843200000,0.9986],[1477929600000,0.6551],[1478016000000,0.5288],[1478102400000,1.297],[1478188800000,0.3075],[1478361600000,0.4333],[1478448000000,0.232],[1478534400000,1.5466],[1478620800000,0.3571],[1478707200000,1.8286],[1478793600000,0.3471],[1478966400000,0.3957],[1479052800000,0.3082],[1479139200000,0.3125],[1479225600000,1.3207],[1479312000000,0.684],[1479398400000,1.9603],[1479571200000,0.2285],[1479657600000,0.2671],[1479744000000,0.4855],[1479830400000,0.1565],[1479916800000,2.0066],[1480003200000,0.1639],[1480176000000,0.3413],[1480262400000,2.6137],[1480348800000,0.7514],[1480435200000,1.4541],[1480521600000,0.777],[1480608000000,0.3828],[1480780800000,0.3706],[1480867200000,1.3275],[1480953600000,0.8923],[1481040000000,0.1759],[1481126400000,1.6839],[1481212800000,3.0561],[1481385600000,0.5501],[1481472000000,2.4734],[1481558400000,2.2149],[1481644800000,0.6951],[1481731200000,0.3382],[1481817600000,0.3616],[1481990400000,0.7582],[1482076800000,1.2685],[1482163200000,1.4017],[1482249600000,1.1438],[1482336000000,0.7918],[1482422400000,11.003],[1482595200000,0.975],[1482681600000,13.1585],[1482768000000,8.8868],[1482854400000,6.4855],[1482940800000,8.5755],[1483027200000,9.223],[1483113600000,0.6864],[1483286400000,1.3753],[1483372800000,0.7212],[1483459200000,0.5948],[1483545600000,1.0106],[1483632000000,3.2036],[1483804800000,1.4084],[1483891200000,1.0728],[1483977600000,0.738],[1484064000000,1.5988],[1484150400000,1.972],[1484236800000,1.5239],[1484409600000,1.4976],[1484496000000,0.8529],[1484582400000,0.7481],[1484668800000,0.3084],[1484755200000,0.4016],[1484841600000,0.9495],[1485014400000,1.6672],[1485100800000,1.3133],[1485187200000,1.1756],[1485273600000,1.0718],[1485360000000,0.8448],[1485964800000,5.6926],[1486051200000,0.8184],[1486224000000,1.6361],[1486310400000,0.9284],[1486396800000,0.9199],[1486483200000,0.8255],[1486569600000,0.7163],[1486656000000,0.7156],[1486828800000,1.4632],[1486915200000,1.027],[1487001600000,0.4369],[1487088000000,0.867],[1487174400000,0.4897],[1487260800000,0.5524],[1487433600000,1.385],[1487520000000,0.4021],[1487606400000,1.6632],[1487692800000,0.8138],[1487779200000,0.9671],[1487865600000,0.7607],[1488038400000,1.6144],[1488124800000,2.6613],[1488211200000,2.9836],[1488297600000,1.0227],[1488384000000,0.9558],[1488470400000,1.0427],[1488643200000,1.4938],[1488729600000,2.6476],[1488816000000,0.6023],[1488902400000,0.5904],[1488988800000,0.5428],[1489075200000,0.5472],[1489248000000,1.0547],[1489334400000,1.0629],[1489420800000,0.5864],[1489507200000,0.4503],[1489593600000,0.2371],[1489680000000,0.2913],[1489852800000,0.8105],[1489939200000,0.3701],[1490025600000,0.5623],[1490112000000,0.3932],[1490198400000,0.3395],[1490284800000,2.3431],[1490457600000,1.2319],[1490544000000,2.9623],[1490630400000,6.2801],[1490716800000,2.6978],[1490803200000,1.5928],[1490889600000,4.9777],[1491235200000,3.4489],[1491321600000,0.9106],[1491408000000,0.8536],[1491494400000,1.6463],[1491667200000,1.7778],[1491753600000,2.6651],[1491840000000,0.9581],[1491926400000,1.4139],[1492012800000,0.9857],[1492099200000,0.8997],[1492272000000,1.5453],[1492358400000,0.9653],[1492444800000,0.823],[1492531200000,0.7596],[1492617600000,0.9118],[1492704000000,0.719],[1492876800000,1.4101],[1492963200000,0.7849],[1493049600000,0.447],[1493136000000,0.6092],[1493222400000,0.7648],[1493308800000,5.7443],[1493568000000,2.2722],[1493654400000,0.8131],[1493740800000,0.8937],[1493827200000,1.2668],[1493913600000,0.8046],[1494086400000,1.6036],[1494172800000,0.7986],[1494259200000,1.5272],[1494345600000,0.9843],[1494432000000,0.9198],[1494518400000,0.6963],[1494691200000,1.3949],[1494777600000,0.7062],[1494864000000,1.9644],[1494950400000,0.986],[1495036800000,0.6572],[1495123200000,1.1709],[1495296000000,1.3509],[1495382400000,0.653],[1495468800000,2.0527],[1495555200000,0.7797],[1495641600000,1.1582],[1495728000000,0.6287],[1496073600000,2.2667],[1496160000000,3.311],[1496246400000,0.9496],[1496332800000,0.5626],[1496505600000,1.1442],[1496592000000,0.6485],[1496678400000,0.5927],[1496764800000,3.2299],[1496851200000,0.9751],[1496937600000,0.8159],[1497110400000,1.0755],[1497196800000,0.8588],[1497283200000,1.0221],[1497369600000,1.9993],[1497456000000,1.4311],[1497542400000,0.8586],[1497715200000,1.3319],[1497801600000,2.2255],[1497888000000,2.4311],[1497974400000,2.3582],[1498060800000,1.6646],[1498147200000,1.8815],[1498320000000,1.4425],[1498406400000,2.5678],[1498492800000,6.9086],[1498579200000,1.6345],[1498665600000,2.1895],[1498752000000,3.524],[1498924800000,1.8404],[1499011200000,0.9142],[1499097600000,0.998],[1499184000000,1.1178],[1499270400000,1.0873],[1499356800000,0.9532],[1499529600000,1.6457],[1499616000000,1.1988],[1499702400000,0.8828],[1499788800000,2.5613],[1499875200000,2.2788],[1499961600000,1.1017],[1500134400000,1.6991],[1500220800000,1.7072],[1500307200000,0.8547],[1500393600000,1.1651],[1500480000000,0.9616],[1500566400000,0.8015],[1500739200000,1.591],[1500825600000,1.5409],[1500912000000,0.9788],[1500998400000,1.2834],[1501084800000,1.1104],[1501171200000,1.2461],[1501344000000,1.6884],[1501430400000,0.9289],[1501516800000,0.9003],[1501603200000,1.5562],[1501689600000,0.8569],[1501776000000,0.7975],[1501948800000,1.2479],[1502035200000,1.2537],[1502121600000,1.3568],[1502208000000,0.8984],[1502294400000,0.7429],[1502380800000,1.0788],[1502553600000,1.5424],[1502640000000,1.7874],[1502726400000,1.2648],[1502812800000,0.7349],[1502899200000,1.4894],[1502985600000,0.9759],[1503158400000,1.5199],[1503244800000,2.2967],[1503331200000,1.6042],[1503417600000,0.8222],[1503504000000,0.7954],[1503590400000,1.0474],[1503763200000,1.5692],[1503849600000,2.374],[1503936000000,0.8388],[1504022400000,1.5851],[1504108800000,0.7235],[1504195200000,2.1345],[1504368000000,1.6986],[1504454400000,1.1596],[1504540800000,2.4565],[1504627200000,1.7777],[1504713600000,0.6666],[1504800000000,1.1703],[1504972800000,1.5256],[1505059200000,1.7766],[1505145600000,0.9307],[1505232000000,1.3646],[1505318400000,2.1575],[1505404800000,1.6031],[1505577600000,1.98],[1505664000000,1.2784],[1505750400000,1.0629],[1505836800000,1.1856],[1505923200000,1.0578],[1506009600000,2.0148],[1506182400000,1.9873],[1506268800000,2.0936],[1506355200000,1.3006],[1506441600000,0.721],[1506528000000,0.9367],[1506614400000,1.8732],[1507392000000,8.6177],[1507478400000,0.965],[1507564800000,1.035],[1507651200000,1.0935],[1507737600000,1.0787],[1507824000000,1.207],[1507996800000,1.9365],[1508083200000,1.0021],[1508169600000,1.0207],[1508256000000,1.2274],[1508342400000,1.1809],[1508428800000,1.1006],[1508601600000,1.9016],[1508688000000,1.1224],[1508774400000,1.5698],[1508860800000,1.1164],[1508947200000,0.9093],[1509033600000,1.0899],[1509206400000,1.7647],[1509292800000,1.0217],[1509379200000,1.739],[1509465600000,0.9153],[1509552000000,0.9652],[1509638400000,1.0354],[1509811200000,1.7892],[1509897600000,0.9259],[1509984000000,1.957],[1510070400000,0.9795],[1510156800000,1.0481],[1510243200000,1.0286],[1510416000000,1.895],[1510502400000,0.9159],[1510588800000,1.6063],[1510675200000,0.9716],[1510761600000,0.9859],[1510848000000,1.1152],[1511020800000,2.06],[1511107200000,1.1417],[1511193600000,1.0927],[1511280000000,0.969],[1511366400000,0.7737],[1511452800000,0.8126],[1511625600000,2.0358],[1511712000000,1.2221],[1511798400000,1.1133],[1511884800000,1.01],[1511971200000,0.9147],[1512057600000,1.0506],[1512230400000,1.9814],[1512316800000,1.2015],[1512403200000,1.2667],[1512489600000,0.9593],[1512576000000,0.9706],[1512662400000,1.1495],[1512835200000,2.0847],[1512921600000,1.0399],[1513008000000,1.0092],[1513094400000,1.1031],[1513180800000,0.8276],[1513267200000,1.2442],[1513440000000,2.0444],[1513526400000,0.9187],[1513612800000,0.9314],[1513699200000,1.2674],[1513785600000,1.1371],[1513872000000,1.2201],[1514044800000,1.9427],[1514131200000,1.1464],[1514217600000,0.8951],[1514304000000,1.0699],[1514390400000,0.9331],[1514476800000,0.5814],[1514649600000,1.6417],[1514736000000,0.8162],[1514822400000,1.972],[1514908800000,1.1341],[1514995200000,0.9192],[1515081600000,1.0231],[1515254400000,1.5311],[1515340800000,1.3635],[1515427200000,1.8984],[1515513600000,0.9547],[1515600000000,0.9629],[1515686400000,1.1455],[1515859200000,1.4719],[1515945600000,1.0769],[1516032000000,2.0035],[1516118400000,0.8031],[1516204800000,1.188],[1516291200000,1.0582],[1516464000000,1.4182],[1516550400000,1.0351],[1516636800000,2.417],[1516723200000,0.7209],[1516809600000,0.9125],[1516896000000,1.0515],[1517068800000,1.7156],[1517155200000,1.5055],[1517241600000,2.0735],[1517328000000,1.0037],[1517414400000,2.1845],[1517500800000,1.0675],[1517673600000,1.7251],[1517760000000,1.7526],[1517846400000,1.0653]];
/*基金收益走势图   7日年化收益率*/
var Data_sevenDaysYearIncome = [[1431014400000,1.964],[1431619200000,2.616],[1432224000000,2.588],[1432396800000,2.573],[1432483200000,2.565],[1432569600000,2.278],[1432656000000,2.245],[1432742400000,2.208],[1432828800000,2.18],[1433001600000,2.225],[1433088000000,2.24],[1433174400000,2.532],[1433260800000,2.584],[1433347200000,2.639],[1433433600000,2.693],[1433606400000,2.609],[1433692800000,2.536],[1433779200000,2.476],[1433865600000,2.392],[1433952000000,2.269],[1434038400000,2.183],[1434211200000,2.142],[1434297600000,2.156],[1434384000000,2.156],[1434470400000,2.233],[1434556800000,2.368],[1434643200000,2.654],[1434902400000,2.692],[1434988800000,2.759],[1435075200000,2.799],[1435161600000,2.81],[1435248000000,2.647],[1435420800000,2.827],[1435507200000,2.917],[1435593600000,2.892],[1435680000000,2.813],[1435766400000,2.675],[1435852800000,2.76],[1436025600000,2.549],[1436112000000,2.978],[1436198400000,2.971],[1436284800000,2.885],[1436371200000,2.795],[1436457600000,2.749],[1436630400000,2.468],[1436716800000,2.166],[1436803200000,2.809],[1436889600000,4.113],[1436976000000,4.187],[1437062400000,4.074],[1437235200000,3.772],[1437321600000,3.378],[1437408000000,2.649],[1437494400000,1.777],[1437580800000,1.833],[1437667200000,2.02],[1437840000000,2.023],[1437926400000,2.614],[1438012800000,2.811],[1438099200000,2.353],[1438185600000,3.052],[1438272000000,4.187],[1438444800000,4.401],[1438531200000,4.416],[1438617600000,3.974],[1438704000000,4.211],[1438790400000,3.704],[1438876800000,2.551],[1439049600000,2.604],[1439136000000,2.461],[1439222400000,2.751],[1439308800000,2.537],[1439395200000,2.266],[1439481600000,1.993],[1439654400000,2.026],[1439740800000,1.624],[1439827200000,1.47],[1439913600000,1.801],[1440000000000,1.958],[1440086400000,2.318],[1440259200000,2.265],[1440345600000,2.178],[1440432000000,2.569],[1440518400000,2.286],[1440604800000,2.08],[1440691200000,2.294],[1440864000000,2.318],[1440950400000,3.752],[1441036800000,3.421],[1441123200000,3.435],[1441468800000,3.068],[1441555200000,1.873],[1441641600000,1.853],[1441728000000,2.766],[1441814400000,3.234],[1441900800000,3.858],[1442073600000,3.6],[1442160000000,3.48],[1442246400000,3.901],[1442332800000,2.895],[1442419200000,2.562],[1442505600000,2.122],[1442678400000,2.107],[1442764800000,2.474],[1442851200000,2.309],[1442937600000,2.592],[1443024000000,2.715],[1443110400000,3.236],[1443283200000,3.175],[1443369600000,3.93],[1443456000000,4.839],[1443542400000,5.171],[1444147200000,1.431],[1444233600000,1.75],[1444320000000,1.872],[1444492800000,1.885],[1444579200000,3.059],[1444665600000,3.305],[1444752000000,3.58],[1444838400000,3.754],[1444924800000,3.819],[1445097600000,3.877],[1445184000000,3.151],[1445270400000,3.016],[1445356800000,2.842],[1445443200000,2.432],[1445529600000,2.635],[1445702400000,2.657],[1445788800000,2.562],[1445875200000,2.722],[1445961600000,3.877],[1446048000000,4.274],[1446134400000,4.181],[1446307200000,4.138],[1446393600000,3.854],[1446480000000,3.604],[1446566400000,2.531],[1446652800000,2.621],[1446739200000,2.317],[1446912000000,2.227],[1446998400000,2.211],[1447084800000,2.199],[1447171200000,2.453],[1447257600000,3.366],[1447344000000,3.434],[1447516800000,3.484],[1447603200000,3.424],[1447689600000,3.616],[1447776000000,3.253],[1447862400000,1.875],[1447948800000,1.881],[1448121600000,1.926],[1448208000000,1.934],[1448294400000,1.744],[1448380800000,1.7],[1448467200000,1.724],[1448553600000,2.771],[1448726400000,2.753],[1448812800000,5.271],[1448899200000,5.543],[1448985600000,5.95],[1449072000000,5.97],[1449158400000,5.211],[1449331200000,5.305],[1449417600000,2.873],[1449504000000,2.65],[1449590400000,2.257],[1449676800000,2.137],[1449763200000,1.84],[1449936000000,1.764],[1450022400000,1.666],[1450108800000,2.069],[1450195200000,2.18],[1450281600000,2.406],[1450368000000,2.836],[1450540800000,2.844],[1450627200000,4.192],[1450713600000,4.098],[1450800000000,4.795],[1450886400000,4.934],[1450972800000,4.926],[1451145600000,4.977],[1451232000000,3.826],[1451318400000,4.462],[1451404800000,4.451],[1451491200000,4.37],[1451750400000,3.951],[1451836800000,5.52],[1451923200000,4.736],[1452009600000,4.062],[1452096000000,4.317],[1452182400000,4.465],[1452355200000,4.463],[1452441600000,2.753],[1452528000000,2.601],[1452614400000,2.708],[1452700800000,2.292],[1452787200000,2.318],[1452960000000,2.112],[1453046400000,2.959],[1453132800000,3.037],[1453219200000,2.886],[1453305600000,2.875],[1453392000000,3.23],[1453564800000,3.308],[1453651200000,2.417],[1453737600000,2.606],[1453824000000,3.758],[1453910400000,3.648],[1453996800000,3.074],[1454169600000,3.061],[1454256000000,4.455],[1454342400000,4.715],[1454428800000,3.537],[1454515200000,3.587],[1454601600000,3.616],[1455379200000,1.701],[1455465600000,1.762],[1455552000000,1.815],[1455638400000,2.242],[1455724800000,2.537],[1455811200000,2.814],[1455984000000,2.633],[1456070400000,2.731],[1456156800000,2.978],[1456243200000,2.765],[1456329600000,2.575],[1456416000000,2.335],[1456588800000,2.318],[1456675200000,2.908],[1456761600000,2.699],[1456848000000,2.632],[1456934400000,3.157],[1457020800000,3.653],[1457193600000,3.686],[1457280000000,3.068],[1457366400000,3.281],[1457452800000,3.19],[1457539200000,2.915],[1457625600000,2.706],[1457798400000,2.567],[1457884800000,2.412],[1457971200000,2.04],[1458057600000,2.405],[1458144000000,2.328],[1458230400000,2.516],[1458403200000,2.514],[1458489600000,2.607],[1458576000000,2.664],[1458662400000,2.515],[1458748800000,2.442],[1458835200000,2.497],[1459008000000,2.626],[1459094400000,2.624],[1459180800000,3.134],[1459267200000,3.049],[1459353600000,3.527],[1459440000000,3.498],[1459699200000,3.311],[1459785600000,3.583],[1459872000000,3.341],[1459958400000,2.603],[1460044800000,2.414],[1460217600000,2.36],[1460304000000,2.34],[1460390400000,2.028],[1460476800000,2.469],[1460563200000,2.459],[1460649600000,2.09],[1460822400000,2.085],[1460908800000,2.367],[1460995200000,2.219],[1461081600000,2.43],[1461168000000,2.466],[1461254400000,2.484],[1461427200000,2.492],[1461513600000,2.684],[1461600000000,2.65],[1461686400000,2.237],[1461772800000,2.786],[1461859200000,2.945],[1462118400000,2.088],[1462204800000,1.992],[1462291200000,2.465],[1462377600000,1.888],[1462464000000,2.501],[1462636800000,2.761],[1462723200000,2.901],[1462809600000,2.712],[1462896000000,2.555],[1462982400000,2.565],[1463068800000,2.439],[1463241600000,2.525],[1463328000000,2.58],[1463414400000,2.565],[1463500800000,2.347],[1463587200000,2.369],[1463673600000,1.936],[1463846400000,1.868],[1463932800000,2.541],[1464019200000,2.62],[1464105600000,2.883],[1464192000000,2.884],[1464278400000,3.132],[1464451200000,3.203],[1464537600000,2.913],[1464624000000,2.879],[1464710400000,2.433],[1464796800000,4.56],[1464883200000,4.11],[1465056000000,4.153],[1465142400000,4.282],[1465228800000,4.406],[1465315200000,4.169],[1465660800000,2.025],[1465747200000,1.498],[1465833600000,1.742],[1465920000000,1.777],[1466006400000,2.413],[1466092800000,2.538],[1466265600000,2.205],[1466352000000,2.446],[1466438400000,3.461],[1466524800000,3.571],[1466611200000,3.063],[1466697600000,3.379],[1466870400000,3.421],[1466956800000,3.29],[1467043200000,2.415],[1467129600000,2.749],[1467216000000,3.662],[1467302400000,3.471],[1467475200000,3.752],[1467561600000,3.773],[1467648000000,3.274],[1467734400000,2.997],[1467820800000,2.254],[1467907200000,2.554],[1468080000000,2.387],[1468166400000,3.006],[1468252800000,3.057],[1468339200000,3.47],[1468425600000,3.289],[1468512000000,2.885],[1468684800000,2.764],[1468771200000,2.281],[1468857600000,2.304],[1468944000000,1.917],[1469030400000,2.351],[1469116800000,2.833],[1469289600000,2.827],[1469376000000,2.699],[1469462400000,2.565],[1469548800000,2.531],[1469635200000,2.153],[1469721600000,2.615],[1469894400000,2.637],[1469980800000,2.564],[1470067200000,3.412],[1470153600000,3.413],[1470240000000,3.305],[1470326400000,2.479],[1470499200000,2.376],[1470585600000,3.069],[1470672000000,2.153],[1470758400000,2.536],[1470844800000,2.608],[1470931200000,2.535],[1471104000000,2.509],[1471190400000,1.778],[1471276800000,2.577],[1471363200000,2.081],[1471449600000,2.892],[1471536000000,3.071],[1471708800000,3.201],[1471795200000,3.593],[1471881600000,3.139],[1471968000000,3.259],[1472054400000,2.419],[1472140800000,2.902],[1472313600000,2.861],[1472400000000,3.119],[1472486400000,2.866],[1472572800000,3.093],[1472659200000,3.052],[1472745600000,2.393],[1472918400000,2.362],[1473004800000,2.118],[1473091200000,2.607],[1473177600000,2.512],[1473264000000,2.701],[1473350400000,3.158],[1473523200000,3.196],[1473609600000,3.612],[1473696000000,3.421],[1473782400000,3.48],[1474128000000,3.204],[1474214400000,2.908],[1474300800000,2.525],[1474387200000,2.645],[1474473600000,2.73],[1474560000000,3.265],[1474732800000,2.622],[1474819200000,4.114],[1474905600000,4.156],[1474992000000,5.96],[1475078400000,7.245],[1475164800000,7.611],[1475942400000,3.833],[1476028800000,7.096],[1476115200000,7.039],[1476201600000,6.983],[1476288000000,6.869],[1476374400000,6.705],[1476547200000,4.636],[1476633600000,2.124],[1476720000000,2.793],[1476806400000,2.713],[1476892800000,2.694],[1476979200000,3.005],[1477152000000,3.107],[1477238400000,3.026],[1477324800000,2.157],[1477411200000,3.19],[1477497600000,3.155],[1477584000000,2.843],[1477756800000,2.801],[1477843200000,2.424],[1477929600000,2.717],[1478016000000,1.793],[1478102400000,2.337],[1478188800000,2.347],[1478361600000,2.225],[1478448000000,1.817],[1478534400000,2.291],[1478620800000,2.2],[1478707200000,2.484],[1478793600000,2.505],[1478966400000,2.485],[1479052800000,2.525],[1479139200000,1.868],[1479225600000,2.381],[1479312000000,1.772],[1479398400000,2.631],[1479571200000,2.542],[1479657600000,2.52],[1479744000000,2.612],[1479830400000,1.991],[1479916800000,2.697],[1480003200000,1.74],[1480176000000,1.8],[1480262400000,3.053],[1480348800000,3.196],[1480435200000,3.896],[1480521600000,3.232],[1480608000000,3.35],[1480780800000,3.366],[1480867200000,2.675],[1480953600000,2.751],[1481040000000,2.068],[1481126400000,2.552],[1481212800000,3.991],[1481385600000,4.089],[1481472000000,4.712],[1481558400000,5.437],[1481644800000,5.723],[1481731200000,4.983],[1481817600000,3.519],[1481990400000,3.631],[1482076800000,2.982],[1482163200000,2.547],[1482249600000,2.787],[1482336000000,3.03],[1482422400000,8.905],[1482595200000,9.029],[1482681600000,15.997],[1482768000000,20.611],[1482854400000,24.017],[1482940800000,29.151],[1483027200000,27.959],[1483113600000,28.095],[1483286400000,20.158],[1483372800000,15.152],[1483459200000,11.67],[1483545600000,7.353],[1483632000000,4.038],[1483804800000,4.056],[1483891200000,4.265],[1483977600000,4.275],[1484064000000,4.822],[1484150400000,5.349],[1484236800000,4.43],[1484409600000,4.479],[1484496000000,4.359],[1484582400000,4.364],[1484668800000,3.665],[1484755200000,2.819],[1484841600000,2.512],[1485014400000,2.603],[1485100800000,2.849],[1485187200000,3.079],[1485273600000,3.49],[1485360000000,3.729],[1485964800000,3.013],[1486051200000,3.015],[1486224000000,3.021],[1486310400000,3.083],[1486396800000,3.14],[1486483200000,3.146],[1486569600000,3.094],[1486656000000,3.039],[1486828800000,2.946],[1486915200000,2.999],[1487001600000,2.74],[1487088000000,2.762],[1487174400000,2.641],[1487260800000,2.554],[1487433600000,2.512],[1487520000000,2.178],[1487606400000,2.834],[1487692800000,2.805],[1487779200000,3.062],[1487865600000,3.174],[1488038400000,3.297],[1488124800000,4.521],[1488211200000,5.243],[1488297600000,5.357],[1488384000000,5.351],[1488470400000,5.506],[1488643200000,5.44],[1488729600000,5.432],[1488816000000,4.132],[1488902400000,3.897],[1488988800000,3.674],[1489075200000,3.406],[1489248000000,3.17],[1489334400000,2.321],[1489420800000,2.312],[1489507200000,2.238],[1489593600000,2.075],[1489680000000,1.939],[1489852800000,1.809],[1489939200000,1.442],[1490025600000,1.429],[1490112000000,1.399],[1490198400000,1.453],[1490284800000,2.544],[1490457600000,2.77],[1490544000000,4.168],[1490630400000,7.319],[1490716800000,8.617],[1490803200000,9.329],[1490889600000,10.84],[1491235200000,6.855],[1491321600000,5.864],[1491408000000,5.457],[1491494400000,3.641],[1491667200000,3.67],[1491753600000,4.649],[1491840000000,4.701],[1491926400000,4.976],[1492012800000,5.049],[1492099200000,4.641],[1492272000000,4.514],[1492358400000,3.592],[1492444800000,3.519],[1492531200000,3.166],[1492617600000,3.127],[1492704000000,3.029],[1492876800000,2.957],[1492963200000,2.86],[1493049600000,2.659],[1493136000000,2.578],[1493222400000,2.5],[1493308800000,5.22],[1493568000000,5.262],[1493654400000,5.464],[1493740800000,5.62],[1493827200000,5.897],[1493913600000,3.205],[1494086400000,3.253],[1494172800000,3.275],[1494259200000,3.66],[1494345600000,3.709],[1494432000000,3.522],[1494518400000,3.463],[1494691200000,3.351],[1494777600000,3.301],[1494864000000,3.537],[1494950400000,3.538],[1495036800000,3.396],[1495123200000,3.652],[1495296000000,3.628],[1495382400000,3.6],[1495468800000,3.647],[1495555200000,3.536],[1495641600000,3.807],[1495728000000,3.514],[1496073600000,2.552],[1496160000000,3.914],[1496246400000,3.802],[1496332800000,3.766],[1496505600000,3.772],[1496592000000,3.816],[1496678400000,3.83],[1496764800000,3.786],[1496851200000,3.8],[1496937600000,3.937],[1497110400000,3.9],[1497196800000,4.014],[1497283200000,4.247],[1497369600000,3.58],[1497456000000,3.827],[1497542400000,3.85],[1497715200000,3.989],[1497801600000,4.733],[1497888000000,5.505],[1497974400000,5.702],[1498060800000,5.831],[1498147200000,6.397],[1498320000000,6.458],[1498406400000,6.648],[1498492800000,9.166],[1498579200000,8.755],[1498665600000,9.053],[1498752000000,9.991],[1498924800000,10.22],[1499011200000,9.273],[1499097600000,5.958],[1499184000000,5.673],[1499270400000,5.068],[1499356800000,3.669],[1499529600000,3.564],[1499616000000,3.718],[1499702400000,3.655],[1499788800000,4.438],[1499875200000,5.089],[1499961600000,5.17],[1500134400000,5.2],[1500220800000,5.479],[1500307200000,5.464],[1500393600000,4.699],[1500480000000,3.982],[1500566400000,3.82],[1500739200000,3.761],[1500825600000,3.671],[1500912000000,3.738],[1500998400000,3.802],[1501084800000,3.883],[1501171200000,4.124],[1501344000000,4.177],[1501430400000,3.845],[1501516800000,3.802],[1501603200000,3.95],[1501689600000,3.813],[1501776000000,3.57],[1501948800000,3.333],[1502035200000,3.508],[1502121600000,3.755],[1502208000000,3.399],[1502294400000,3.338],[1502380800000,3.49],[1502553600000,3.649],[1502640000000,3.937],[1502726400000,3.888],[1502812800000,3.799],[1502899200000,4.204],[1502985600000,4.148],[1503158400000,4.136],[1503244800000,4.413],[1503331200000,4.597],[1503417600000,4.645],[1503504000000,4.267],[1503590400000,4.306],[1503763200000,4.333],[1503849600000,4.375],[1503936000000,3.959],[1504022400000,4.374],[1504108800000,4.334],[1504195200000,4.927],[1504368000000,4.998],[1504454400000,4.336],[1504540800000,5.219],[1504627200000,5.325],[1504713600000,5.294],[1504800000000,4.766],[1504972800000,4.671],[1505059200000,5.009],[1505145600000,4.177],[1505232000000,3.952],[1505318400000,4.764],[1505404800000,5.0],[1505577600000,5.249],[1505664000000,4.976],[1505750400000,5.049],[1505836800000,4.951],[1505923200000,4.351],[1506009600000,4.575],[1506182400000,4.579],[1506268800000,5.024],[1506355200000,5.154],[1506441600000,4.9],[1506528000000,4.834],[1506614400000,4.756],[1507392000000,3.556],[1507478400000,3.561],[1507564800000,3.602],[1507651200000,3.676],[1507737600000,3.741],[1507824000000,3.876],[1507996800000,3.888],[1508083200000,3.908],[1508169600000,3.9],[1508256000000,3.973],[1508342400000,4.028],[1508428800000,3.971],[1508601600000,3.952],[1508688000000,4.017],[1508774400000,4.315],[1508860800000,4.255],[1508947200000,4.107],[1509033600000,4.102],[1509206400000,4.027],[1509292800000,3.973],[1509379200000,4.064],[1509465600000,3.955],[1509552000000,3.986],[1509638400000,3.956],[1509811200000,3.969],[1509897600000,3.917],[1509984000000,4.036],[1510070400000,4.07],[1510156800000,4.115],[1510243200000,4.112],[1510416000000,4.169],[1510502400000,4.164],[1510588800000,3.974],[1510675200000,3.969],[1510761600000,3.936],[1510848000000,3.982],[1511020800000,4.072],[1511107200000,4.195],[1511193600000,3.916],[1511280000000,3.915],[1511366400000,3.8],[1511452800000,3.636],[1511625600000,3.623],[1511712000000,3.666],[1511798400000,3.677],[1511884800000,3.7],[1511971200000,3.776],[1512057600000,3.905],[1512230400000,3.875],[1512316800000,3.864],[1512403200000,3.947],[1512489600000,3.92],[1512576000000,3.95],[1512662400000,4.004],[1512835200000,4.06],[1512921600000,3.972],[1513008000000,3.833],[1513094400000,3.91],[1513180800000,3.833],[1513267200000,3.884],[1513440000000,3.862],[1513526400000,3.797],[1513612800000,3.755],[1513699200000,3.844],[1513785600000,4.011],[1513872000000,3.998],[1514044800000,3.943],[1514131200000,4.067],[1514217600000,4.047],[1514304000000,3.94],[1514390400000,3.829],[1514476800000,3.484],[1514649600000,3.322],[1514736000000,3.144],[1514822400000,3.725],[1514908800000,3.76],[1514995200000,3.752],[1515081600000,3.991],[1515254400000,3.931],[1515340800000,4.228],[1515427200000,4.188],[1515513600000,4.091],[1515600000000,4.115],[1515686400000,4.181],[1515859200000,4.149],[1515945600000,3.994],[1516032000000,4.051],[1516118400000,3.968],[1516204800000,4.09],[1516291200000,4.043],[1516464000000,4.014],[1516550400000,3.991],[1516636800000,4.216],[1516723200000,4.171],[1516809600000,4.021],[1516896000000,4.018],[1517068800000,4.179],[1517155200000,4.435],[1517241600000,4.248],[1517328000000,4.402],[1517414400000,5.097],[1517500800000,5.105],[1517673600000,5.111],[1517760000000,5.246],[1517846400000,4.694]];
/*资产配置*/
var Data_assetAllocationCurrency ={"categories":["12-31","09-30","06-30","03-31"],"series":[{"name":"股票","data":[null,null,null,null]},{"name":"债券","data":[92.11,102.32,97.94,85.68]},{"name":"现金","data":[6.34,4.83,1.94,15.14]}]};
/*累计收益率走势*/
var Data_grandTotal = [{"name":"嘉合货币A","data":[[1501948800000,0],[1502035200000,0.01],[1502121600000,0.03],[1502208000000,0.04],[1502294400000,0.04],[1502380800000,0.05],[1502553600000,0.07],[1502640000000,0.09],[1502726400000,0.10],[1502812800000,0.11],[1502899200000,0.12],[1502985600000,0.13],[1503158400000,0.15],[1503244800000,0.17],[1503331200000,0.19],[1503417600000,0.19],[1503504000000,0.20],[1503590400000,0.21],[1503763200000,0.23],[1503849600000,0.25],[1503936000000,0.26],[1504022400000,0.28],[1504108800000,0.28],[1504195200000,0.30],[1504368000000,0.32],[1504454400000,0.33],[1504540800000,0.36],[1504627200000,0.38],[1504713600000,0.38],[1504800000000,0.39],[1504972800000,0.41],[1505059200000,0.43],[1505145600000,0.44],[1505232000000,0.45],[1505318400000,0.47],[1505404800000,0.49],[1505577600000,0.51],[1505664000000,0.52],[1505750400000,0.53],[1505836800000,0.54],[1505923200000,0.55],[1506009600000,0.57],[1506182400000,0.59],[1506268800000,0.62],[1506355200000,0.63],[1506441600000,0.64],[1506528000000,0.65],[1506614400000,0.66],[1507392000000,0.75],[1507478400000,0.76],[1507564800000,0.77],[1507651200000,0.78],[1507737600000,0.79],[1507824000000,0.81],[1507996800000,0.82],[1508083200000,0.83],[1508169600000,0.85],[1508256000000,0.86],[1508342400000,0.87],[1508428800000,0.88],[1508601600000,0.90],[1508688000000,0.91],[1508774400000,0.93],[1508860800000,0.94],[1508947200000,0.95],[1509033600000,0.96],[1509206400000,0.98],[1509292800000,0.99],[1509379200000,1.00],[1509465600000,1.01],[1509552000000,1.02],[1509638400000,1.03],[1509811200000,1.05],[1509897600000,1.06],[1509984000000,1.08],[1510070400000,1.09],[1510156800000,1.10],[1510243200000,1.11],[1510416000000,1.13],[1510502400000,1.14],[1510588800000,1.16],[1510675200000,1.17],[1510761600000,1.18],[1510848000000,1.19],[1511020800000,1.21],[1511107200000,1.22],[1511193600000,1.23],[1511280000000,1.24],[1511366400000,1.25],[1511452800000,1.26],[1511625600000,1.28],[1511712000000,1.29],[1511798400000,1.30],[1511884800000,1.31],[1511971200000,1.32],[1512057600000,1.33],[1512230400000,1.35],[1512316800000,1.36],[1512403200000,1.38],[1512489600000,1.39],[1512576000000,1.40],[1512662400000,1.41],[1512835200000,1.43],[1512921600000,1.44],[1513008000000,1.45],[1513094400000,1.46],[1513180800000,1.47],[1513267200000,1.48],[1513440000000,1.50],[1513526400000,1.51],[1513612800000,1.52],[1513699200000,1.53],[1513785600000,1.55],[1513872000000,1.56],[1514044800000,1.58],[1514131200000,1.59],[1514217600000,1.60],[1514304000000,1.61],[1514390400000,1.62],[1514476800000,1.62],[1514649600000,1.64],[1514736000000,1.65],[1514822400000,1.67],[1514908800000,1.68],[1514995200000,1.69],[1515081600000,1.70],[1515254400000,1.72],[1515340800000,1.73],[1515427200000,1.75],[1515513600000,1.76],[1515600000000,1.77],[1515686400000,1.78],[1515859200000,1.80],[1515945600000,1.81],[1516032000000,1.83],[1516118400000,1.84],[1516204800000,1.85],[1516291200000,1.86],[1516464000000,1.87],[1516550400000,1.88],[1516636800000,1.91],[1516723200000,1.92],[1516809600000,1.92],[1516896000000,1.94],[1517068800000,1.95],[1517155200000,1.97],[1517241600000,1.99],[1517328000000,2.00],[1517414400000,2.02],[1517500800000,2.03],[1517673600000,2.05],[1517760000000,2.07],[1517846400000,2.08]]},{"name":"同类平均","data":[[1502035200000,0],[1502121600000,0.01],[1502208000000,0.02],[1502294400000,0.03],[1502380800000,0.04],[1502640000000,0.07],[1502726400000,0.08],[1502812800000,0.09],[1502899200000,0.10],[1502985600000,0.11],[1503244800000,0.14],[1503331200000,0.16],[1503417600000,0.17],[1503504000000,0.18],[1503590400000,0.19],[1503849600000,0.22],[1503936000000,0.23],[1504022400000,0.24],[1504108800000,0.25],[1504195200000,0.26],[1504454400000,0.29],[1504540800000,0.30],[1504627200000,0.31],[1504713600000,0.32],[1504800000000,0.34],[1505059200000,0.37],[1505145600000,0.38],[1505232000000,0.39],[1505318400000,0.40],[1505404800000,0.41],[1505664000000,0.44],[1505750400000,0.45],[1505836800000,0.46],[1505923200000,0.47],[1506009600000,0.48],[1506268800000,0.52],[1506355200000,0.53],[1506441600000,0.54],[1506528000000,0.55],[1506614400000,0.56],[1507478400000,0.67],[1507564800000,0.68],[1507651200000,0.69],[1507737600000,0.71],[1507824000000,0.72],[1508083200000,0.75],[1508169600000,0.76],[1508256000000,0.77],[1508342400000,0.78],[1508428800000,0.79],[1508688000000,0.82],[1508774400000,0.83],[1508860800000,0.84],[1508947200000,0.85],[1509033600000,0.86],[1509292800000,0.90],[1509379200000,0.91],[1509465600000,0.92],[1509552000000,0.93],[1509638400000,0.94],[1509897600000,0.97],[1509984000000,0.98],[1510070400000,0.99],[1510156800000,1.00],[1510243200000,1.01],[1510502400000,1.04],[1510588800000,1.06],[1510675200000,1.07],[1510761600000,1.08],[1510848000000,1.09],[1511107200000,1.12],[1511193600000,1.13],[1511280000000,1.14],[1511366400000,1.15],[1511452800000,1.16],[1511712000000,1.20],[1511798400000,1.21],[1511884800000,1.22],[1511971200000,1.23],[1512057600000,1.24],[1512316800000,1.28],[1512403200000,1.29],[1512489600000,1.30],[1512576000000,1.31],[1512662400000,1.32],[1512921600000,1.35],[1513008000000,1.36],[1513094400000,1.38],[1513180800000,1.39],[1513267200000,1.40],[1513526400000,1.43],[1513612800000,1.44],[1513699200000,1.46],[1513785600000,1.47],[1513872000000,1.48],[1514131200000,1.51],[1514217600000,1.53],[1514304000000,1.54],[1514390400000,1.55],[1514476800000,1.57],[1514822400000,1.62],[1514908800000,1.64],[1514995200000,1.65],[1515081600000,1.66],[1515340800000,1.69],[1515427200000,1.71],[1515513600000,1.72],[1515600000000,1.73],[1515686400000,1.74],[1515945600000,1.77],[1516032000000,1.79],[1516118400000,1.80],[1516204800000,1.81],[1516291200000,1.82],[1516550400000,1.86],[1516636800000,1.87],[1516723200000,1.88],[1516809600000,1.89],[1516896000000,1.90],[1517155200000,1.94],[1517241600000,1.95],[1517328000000,1.96],[1517414400000,1.97],[1517500800000,1.98],[1517760000000,2.02],[1517846400000,2.03]]},{"name":"沪深300","data":[[1502035200000,0],[1502121600000,0.15],[1502208000000,0.11],[1502294400000,-0.29],[1502380800000,-2.13],[1502640000000,-0.86],[1502726400000,-0.56],[1502812800000,-0.68],[1502899200000,-0.15],[1502985600000,-0.06],[1503244800000,0.38],[1503331200000,0.68],[1503417600000,0.79],[1503504000000,0.21],[1503590400000,1.85],[1503849600000,3.11],[1503936000000,2.89],[1504022400000,2.88],[1504108800000,2.56],[1504195200000,2.78],[1504454400000,3.19],[1504540800000,3.50],[1504627200000,3.29],[1504713600000,2.77],[1504800000000,2.66],[1505059200000,2.65],[1505145600000,2.98],[1505232000000,3.11],[1505318400000,2.77],[1505404800000,2.80],[1505664000000,3.12],[1505750400000,2.83],[1505836800000,3.10],[1505923200000,2.98],[1506009600000,2.98],[1506268800000,2.44],[1506355200000,2.52],[1506441600000,2.53],[1506528000000,2.57],[1506614400000,2.94],[1507478400000,4.17],[1507564800000,4.38],[1507651200000,4.72],[1507737600000,5.00],[1507824000000,5.21],[1508083200000,5.01],[1508169600000,5.00],[1508256000000,5.83],[1508342400000,5.49],[1508428800000,5.37],[1508688000000,5.47],[1508774400000,6.24],[1508860800000,6.71],[1508947200000,7.16],[1509033600000,7.92],[1509292800000,7.59],[1509379200000,7.51],[1509465600000,7.24],[1509552000000,7.25],[1509638400000,7.13],[1509897600000,7.89],[1509984000000,8.79],[1510070400000,8.62],[1510156800000,9.37],[1510243200000,10.33],[1510502400000,10.77],[1510588800000,10.00],[1510675200000,9.31],[1510761600000,10.15],[1510848000000,10.57],[1511107200000,11.19],[1511193600000,13.17],[1511280000000,13.44],[1511366400000,10.08],[1511452800000,10.13],[1511712000000,8.67],[1511798400000,8.83],[1511884800000,8.77],[1511971200000,7.49],[1512057600000,7.28],[1512316800000,7.84],[1512403200000,8.41],[1512489600000,7.76],[1512576000000,6.55],[1512662400000,7.42],[1512921600000,9.20],[1513008000000,7.76],[1513094400000,8.67],[1513180800000,8.03],[1513267200000,6.82],[1513526400000,6.94],[1513612800000,8.28],[1513699200000,8.15],[1513785600000,9.15],[1513872000000,8.80],[1514131200000,8.45],[1514217600000,8.77],[1514304000000,7.09],[1514390400000,7.84],[1514476800000,8.16],[1514822400000,9.68],[1514908800000,10.32],[1514995200000,10.79],[1515081600000,11.05],[1515340800000,11.63],[1515427200000,12.41],[1515513600000,12.91],[1515600000000,12.85],[1515686400000,13.37],[1515945600000,13.37],[1516032000000,14.27],[1516118400000,13.99],[1516204800000,14.61],[1516291200000,14.99],[1516550400000,16.36],[1516636800000,17.60],[1516723200000,17.79],[1516809600000,17.13],[1516896000000,17.56],[1517155200000,15.43],[1517241600000,14.20],[1517328000000,14.73],[1517414400000,13.93],[1517500800000,14.61],[1517760000000,14.69],[1517846400000,11.33]]}];
/*同类排名*/
var Data_rateInSimilarType = [{"x":1439136000000,"y":225,"sc":"328"},{"x":1439222400000,"y":219,"sc":"328"},{"x":1439308800000,"y":214,"sc":"328"},{"x":1439395200000,"y":208,"sc":"328"},{"x":1439481600000,"y":205,"sc":"330"},{"x":1439740800000,"y":218,"sc":"330"},{"x":1439827200000,"y":213,"sc":"331"},{"x":1439913600000,"y":195,"sc":"331"},{"x":1440000000000,"y":186,"sc":"331"},{"x":1440086400000,"y":176,"sc":"331"},{"x":1440345600000,"y":276,"sc":"331"},{"x":1440432000000,"y":276,"sc":"331"},{"x":1440518400000,"y":273,"sc":"332"},{"x":1440604800000,"y":275,"sc":"332"},{"x":1440691200000,"y":271,"sc":"334"},{"x":1440950400000,"y":263,"sc":"332"},{"x":1441036800000,"y":263,"sc":"332"},{"x":1441123200000,"y":261,"sc":"332"},{"x":1441555200000,"y":259,"sc":"332"},{"x":1441641600000,"y":259,"sc":"332"},{"x":1441728000000,"y":247,"sc":"332"},{"x":1441814400000,"y":240,"sc":"331"},{"x":1441900800000,"y":235,"sc":"331"},{"x":1442160000000,"y":239,"sc":"332"},{"x":1442246400000,"y":236,"sc":"332"},{"x":1442332800000,"y":236,"sc":"332"},{"x":1442419200000,"y":236,"sc":"332"},{"x":1442505600000,"y":236,"sc":"332"},{"x":1442764800000,"y":235,"sc":"335"},{"x":1442851200000,"y":234,"sc":"335"},{"x":1442937600000,"y":233,"sc":"335"},{"x":1443024000000,"y":225,"sc":"335"},{"x":1443110400000,"y":214,"sc":"337"},{"x":1443369600000,"y":207,"sc":"342"},{"x":1443456000000,"y":183,"sc":"342"},{"x":1443542400000,"y":170,"sc":"342"},{"x":1444233600000,"y":182,"sc":"344"},{"x":1444320000000,"y":175,"sc":"344"},{"x":1444579200000,"y":155,"sc":"342"},{"x":1444665600000,"y":152,"sc":"340"},{"x":1444752000000,"y":161,"sc":"342"},{"x":1444838400000,"y":187,"sc":"341"},{"x":1444924800000,"y":183,"sc":"343"},{"x":1445184000000,"y":166,"sc":"342"},{"x":1445270400000,"y":162,"sc":"342"},{"x":1445356800000,"y":163,"sc":"344"},{"x":1445443200000,"y":172,"sc":"345"},{"x":1445529600000,"y":164,"sc":"345"},{"x":1445788800000,"y":143,"sc":"345"},{"x":1445875200000,"y":152,"sc":"345"},{"x":1445961600000,"y":131,"sc":"345"},{"x":1446048000000,"y":124,"sc":"345"},{"x":1446134400000,"y":133,"sc":"347"},{"x":1446393600000,"y":167,"sc":"345"},{"x":1446480000000,"y":179,"sc":"345"},{"x":1446566400000,"y":168,"sc":"345"},{"x":1446652800000,"y":160,"sc":"345"},{"x":1446739200000,"y":171,"sc":"345"},{"x":1446998400000,"y":174,"sc":"348"},{"x":1447084800000,"y":184,"sc":"350"},{"x":1447171200000,"y":173,"sc":"348"},{"x":1447257600000,"y":130,"sc":"348"},{"x":1447344000000,"y":133,"sc":"350"},{"x":1447603200000,"y":133,"sc":"350"},{"x":1447689600000,"y":126,"sc":"350"},{"x":1447776000000,"y":121,"sc":"350"},{"x":1447862400000,"y":130,"sc":"352"},{"x":1447948800000,"y":132,"sc":"350"},{"x":1448208000000,"y":144,"sc":"353"},{"x":1448294400000,"y":139,"sc":"353"},{"x":1448380800000,"y":146,"sc":"351"},{"x":1448467200000,"y":145,"sc":"351"},{"x":1448553600000,"y":118,"sc":"353"},{"x":1448812800000,"y":97,"sc":"353"},{"x":1448899200000,"y":93,"sc":"353"},{"x":1448985600000,"y":84,"sc":"351"},{"x":1449072000000,"y":85,"sc":"351"},{"x":1449158400000,"y":76,"sc":"353"},{"x":1449417600000,"y":76,"sc":"353"},{"x":1449504000000,"y":72,"sc":"353"},{"x":1449590400000,"y":98,"sc":"353"},{"x":1449676800000,"y":109,"sc":"353"},{"x":1449763200000,"y":125,"sc":"353"},{"x":1450022400000,"y":123,"sc":"352"},{"x":1450108800000,"y":124,"sc":"352"},{"x":1450195200000,"y":119,"sc":"352"},{"x":1450281600000,"y":112,"sc":"352"},{"x":1450368000000,"y":97,"sc":"351"},{"x":1450627200000,"y":72,"sc":"351"},{"x":1450713600000,"y":70,"sc":"351"},{"x":1450800000000,"y":64,"sc":"351"},{"x":1450886400000,"y":60,"sc":"351"},{"x":1450972800000,"y":66,"sc":"352"},{"x":1451232000000,"y":82,"sc":"354"},{"x":1451318400000,"y":87,"sc":"354"},{"x":1451404800000,"y":83,"sc":"356"},{"x":1451491200000,"y":79,"sc":"356"},{"x":1451836800000,"y":47,"sc":"356"},{"x":1451923200000,"y":50,"sc":"356"},{"x":1452009600000,"y":48,"sc":"356"},{"x":1452096000000,"y":35,"sc":"356"},{"x":1452182400000,"y":33,"sc":"356"},{"x":1452441600000,"y":33,"sc":"356"},{"x":1452528000000,"y":50,"sc":"356"},{"x":1452614400000,"y":47,"sc":"356"},{"x":1452700800000,"y":52,"sc":"356"},{"x":1452787200000,"y":52,"sc":"356"},{"x":1453046400000,"y":42,"sc":"356"},{"x":1453132800000,"y":45,"sc":"356"},{"x":1453219200000,"y":42,"sc":"356"},{"x":1453305600000,"y":42,"sc":"357"},{"x":1453392000000,"y":34,"sc":"358"},{"x":1453651200000,"y":41,"sc":"360"},{"x":1453737600000,"y":40,"sc":"360"},{"x":1453824000000,"y":30,"sc":"360"},{"x":1453910400000,"y":44,"sc":"360"},{"x":1453996800000,"y":50,"sc":"360"},{"x":1454256000000,"y":33,"sc":"360"},{"x":1454342400000,"y":31,"sc":"360"},{"x":1454428800000,"y":29,"sc":"360"},{"x":1454515200000,"y":29,"sc":"365"},{"x":1454601600000,"y":33,"sc":"366"},{"x":1455465600000,"y":51,"sc":"369"},{"x":1455552000000,"y":53,"sc":"369"},{"x":1455638400000,"y":48,"sc":"369"},{"x":1455724800000,"y":47,"sc":"369"},{"x":1455811200000,"y":40,"sc":"369"},{"x":1456070400000,"y":40,"sc":"369"},{"x":1456156800000,"y":34,"sc":"370"},{"x":1456243200000,"y":33,"sc":"373"},{"x":1456329600000,"y":31,"sc":"373"},{"x":1456416000000,"y":32,"sc":"375"},{"x":1456675200000,"y":81,"sc":"375"},{"x":1456761600000,"y":82,"sc":"376"},{"x":1456848000000,"y":88,"sc":"376"},{"x":1456934400000,"y":77,"sc":"376"},{"x":1457020800000,"y":66,"sc":"376"},{"x":1457280000000,"y":66,"sc":"376"},{"x":1457366400000,"y":61,"sc":"380"},{"x":1457452800000,"y":59,"sc":"380"},{"x":1457539200000,"y":52,"sc":"380"},{"x":1457625600000,"y":46,"sc":"381"},{"x":1457884800000,"y":47,"sc":"381"},{"x":1457971200000,"y":59,"sc":"380"},{"x":1458057600000,"y":54,"sc":"382"},{"x":1458144000000,"y":50,"sc":"383"},{"x":1458230400000,"y":51,"sc":"383"},{"x":1458489600000,"y":74,"sc":"383"},{"x":1458576000000,"y":79,"sc":"385"},{"x":1458662400000,"y":92,"sc":"385"},{"x":1458748800000,"y":95,"sc":"385"},{"x":1458835200000,"y":92,"sc":"391"},{"x":1459094400000,"y":93,"sc":"391"},{"x":1459180800000,"y":100,"sc":"391"},{"x":1459267200000,"y":125,"sc":"391"},{"x":1459353600000,"y":107,"sc":"392"},{"x":1459440000000,"y":93,"sc":"392"},{"x":1459785600000,"y":137,"sc":"392"},{"x":1459872000000,"y":149,"sc":"392"},{"x":1459958400000,"y":170,"sc":"392"},{"x":1460044800000,"y":158,"sc":"392"},{"x":1460304000000,"y":166,"sc":"394"},{"x":1460390400000,"y":151,"sc":"394"},{"x":1460476800000,"y":141,"sc":"394"},{"x":1460563200000,"y":147,"sc":"394"},{"x":1460649600000,"y":158,"sc":"394"},{"x":1460908800000,"y":181,"sc":"394"},{"x":1460995200000,"y":175,"sc":"394"},{"x":1461081600000,"y":146,"sc":"394"},{"x":1461168000000,"y":153,"sc":"394"},{"x":1461254400000,"y":174,"sc":"394"},{"x":1461513600000,"y":158,"sc":"394"},{"x":1461600000000,"y":163,"sc":"394"},{"x":1461686400000,"y":205,"sc":"394"},{"x":1461772800000,"y":177,"sc":"394"},{"x":1461859200000,"y":174,"sc":"394"},{"x":1462204800000,"y":253,"sc":"394"},{"x":1462291200000,"y":228,"sc":"394"},{"x":1462377600000,"y":231,"sc":"400"},{"x":1462464000000,"y":204,"sc":"400"},{"x":1462723200000,"y":210,"sc":"400"},{"x":1462809600000,"y":212,"sc":"400"},{"x":1462896000000,"y":199,"sc":"400"},{"x":1462982400000,"y":195,"sc":"400"},{"x":1463068800000,"y":169,"sc":"400"},{"x":1463328000000,"y":169,"sc":"400"},{"x":1463414400000,"y":190,"sc":"400"},{"x":1463500800000,"y":190,"sc":"400"},{"x":1463587200000,"y":203,"sc":"400"},{"x":1463673600000,"y":196,"sc":"400"},{"x":1463932800000,"y":185,"sc":"400"},{"x":1464019200000,"y":191,"sc":"400"},{"x":1464105600000,"y":165,"sc":"400"},{"x":1464192000000,"y":164,"sc":"400"},{"x":1464278400000,"y":144,"sc":"400"},{"x":1464537600000,"y":166,"sc":"400"},{"x":1464624000000,"y":173,"sc":"400"},{"x":1464710400000,"y":169,"sc":"400"},{"x":1464796800000,"y":78,"sc":"400"},{"x":1464883200000,"y":100,"sc":"400"},{"x":1465142400000,"y":99,"sc":"402"},{"x":1465228800000,"y":96,"sc":"402"},{"x":1465315200000,"y":104,"sc":"402"},{"x":1465747200000,"y":137,"sc":"402"},{"x":1465833600000,"y":114,"sc":"402"},{"x":1465920000000,"y":110,"sc":"403"},{"x":1466006400000,"y":105,"sc":"403"},{"x":1466092800000,"y":121,"sc":"403"},{"x":1466352000000,"y":138,"sc":"403"},{"x":1466438400000,"y":70,"sc":"404"},{"x":1466524800000,"y":66,"sc":"404"},{"x":1466611200000,"y":84,"sc":"404"},{"x":1466697600000,"y":77,"sc":"404"},{"x":1466956800000,"y":100,"sc":"404"},{"x":1467043200000,"y":75,"sc":"404"},{"x":1467129600000,"y":83,"sc":"404"},{"x":1467216000000,"y":70,"sc":"404"},{"x":1467302400000,"y":85,"sc":"404"},{"x":1467561600000,"y":69,"sc":"404"},{"x":1467648000000,"y":102,"sc":"404"},{"x":1467734400000,"y":91,"sc":"404"},{"x":1467820800000,"y":81,"sc":"404"},{"x":1467907200000,"y":79,"sc":"404"},{"x":1468166400000,"y":58,"sc":"404"},{"x":1468252800000,"y":66,"sc":"404"},{"x":1468339200000,"y":64,"sc":"404"},{"x":1468425600000,"y":62,"sc":"404"},{"x":1468512000000,"y":62,"sc":"404"},{"x":1468771200000,"y":60,"sc":"404"},{"x":1468857600000,"y":65,"sc":"404"},{"x":1468944000000,"y":85,"sc":"405"},{"x":1469030400000,"y":71,"sc":"405"},{"x":1469116800000,"y":56,"sc":"405"},{"x":1469376000000,"y":66,"sc":"405"},{"x":1469462400000,"y":72,"sc":"405"},{"x":1469548800000,"y":74,"sc":"405"},{"x":1469635200000,"y":94,"sc":"407"},{"x":1469721600000,"y":68,"sc":"407"},{"x":1469980800000,"y":75,"sc":"407"},{"x":1470067200000,"y":41,"sc":"407"},{"x":1470153600000,"y":41,"sc":"407"},{"x":1470240000000,"y":63,"sc":"409"},{"x":1470326400000,"y":52,"sc":"409"},{"x":1470585600000,"y":55,"sc":"412"},{"x":1470672000000,"y":56,"sc":"413"},{"x":1470758400000,"y":43,"sc":"413"},{"x":1470844800000,"y":56,"sc":"413"},{"x":1470931200000,"y":54,"sc":"413"},{"x":1471190400000,"y":74,"sc":"413"},{"x":1471276800000,"y":55,"sc":"413"},{"x":1471363200000,"y":56,"sc":"414"},{"x":1471449600000,"y":40,"sc":"415"},{"x":1471536000000,"y":32,"sc":"415"},{"x":1471795200000,"y":26,"sc":"416"},{"x":1471881600000,"y":40,"sc":"416"},{"x":1471968000000,"y":35,"sc":"416"},{"x":1472054400000,"y":55,"sc":"416"},{"x":1472140800000,"y":31,"sc":"416"},{"x":1472400000000,"y":31,"sc":"416"},{"x":1472486400000,"y":42,"sc":"416"},{"x":1472572800000,"y":33,"sc":"416"},{"x":1472659200000,"y":39,"sc":"416"},{"x":1472745600000,"y":97,"sc":"417"},{"x":1473004800000,"y":87,"sc":"421"},{"x":1473091200000,"y":89,"sc":"421"},{"x":1473177600000,"y":86,"sc":"421"},{"x":1473264000000,"y":77,"sc":"423"},{"x":1473350400000,"y":59,"sc":"424"},{"x":1473609600000,"y":42,"sc":"424"},{"x":1473696000000,"y":34,"sc":"424"},{"x":1473782400000,"y":36,"sc":"424"},{"x":1474214400000,"y":23,"sc":"424"},{"x":1474300800000,"y":33,"sc":"424"},{"x":1474387200000,"y":65,"sc":"424"},{"x":1474473600000,"y":64,"sc":"427"},{"x":1474560000000,"y":43,"sc":"427"},{"x":1474819200000,"y":23,"sc":"430"},{"x":1474905600000,"y":24,"sc":"430"},{"x":1474992000000,"y":12,"sc":"430"},{"x":1475078400000,"y":9,"sc":"432"},{"x":1475164800000,"y":9,"sc":"432"},{"x":1476028800000,"y":3,"sc":"434"},{"x":1476115200000,"y":3,"sc":"434"},{"x":1476201600000,"y":3,"sc":"435"},{"x":1476288000000,"y":4,"sc":"437"},{"x":1476374400000,"y":4,"sc":"435"},{"x":1476633600000,"y":4,"sc":"436"},{"x":1476720000000,"y":4,"sc":"438"},{"x":1476806400000,"y":4,"sc":"437"},{"x":1476892800000,"y":4,"sc":"437"},{"x":1476979200000,"y":4,"sc":"437"},{"x":1477238400000,"y":4,"sc":"440"},{"x":1477324800000,"y":4,"sc":"440"},{"x":1477411200000,"y":3,"sc":"441"},{"x":1477497600000,"y":3,"sc":"441"},{"x":1477584000000,"y":3,"sc":"445"},{"x":1477843200000,"y":3,"sc":"447"},{"x":1477929600000,"y":2,"sc":"447"},{"x":1478016000000,"y":2,"sc":"447"},{"x":1478102400000,"y":2,"sc":"447"},{"x":1478188800000,"y":2,"sc":"448"},{"x":1478448000000,"y":2,"sc":"450"},{"x":1478534400000,"y":2,"sc":"450"},{"x":1478620800000,"y":2,"sc":"450"},{"x":1478707200000,"y":2,"sc":"450"},{"x":1478793600000,"y":2,"sc":"450"},{"x":1479052800000,"y":3,"sc":"450"},{"x":1479139200000,"y":3,"sc":"450"},{"x":1479225600000,"y":3,"sc":"450"},{"x":1479312000000,"y":2,"sc":"450"},{"x":1479398400000,"y":2,"sc":"450"},{"x":1479657600000,"y":2,"sc":"451"},{"x":1479744000000,"y":2,"sc":"451"},{"x":1479830400000,"y":2,"sc":"451"},{"x":1479916800000,"y":2,"sc":"451"},{"x":1480003200000,"y":3,"sc":"451"},{"x":1480262400000,"y":3,"sc":"451"},{"x":1480348800000,"y":3,"sc":"452"},{"x":1480435200000,"y":3,"sc":"452"},{"x":1480521600000,"y":2,"sc":"452"},{"x":1480608000000,"y":2,"sc":"455"},{"x":1480867200000,"y":3,"sc":"455"},{"x":1480953600000,"y":3,"sc":"455"},{"x":1481040000000,"y":2,"sc":"455"},{"x":1481126400000,"y":2,"sc":"455"},{"x":1481212800000,"y":2,"sc":"456"},{"x":1481472000000,"y":2,"sc":"457"},{"x":1481558400000,"y":2,"sc":"458"},{"x":1481644800000,"y":2,"sc":"458"},{"x":1481731200000,"y":2,"sc":"458"},{"x":1481817600000,"y":3,"sc":"458"},{"x":1482076800000,"y":3,"sc":"458"},{"x":1482163200000,"y":2,"sc":"458"},{"x":1482249600000,"y":2,"sc":"458"},{"x":1482336000000,"y":2,"sc":"459"},{"x":1482422400000,"y":2,"sc":"463"},{"x":1482681600000,"y":2,"sc":"464"},{"x":1482768000000,"y":2,"sc":"464"},{"x":1482854400000,"y":2,"sc":"466"},{"x":1482940800000,"y":2,"sc":"466"},{"x":1483027200000,"y":2,"sc":"469"},{"x":1483372800000,"y":2,"sc":"469"},{"x":1483459200000,"y":2,"sc":"468"},{"x":1483545600000,"y":2,"sc":"469"},{"x":1483632000000,"y":2,"sc":"469"},{"x":1483891200000,"y":2,"sc":"469"},{"x":1483977600000,"y":2,"sc":"469"},{"x":1484064000000,"y":2,"sc":"469"},{"x":1484150400000,"y":2,"sc":"469"},{"x":1484236800000,"y":2,"sc":"469"},{"x":1484496000000,"y":2,"sc":"472"},{"x":1484582400000,"y":2,"sc":"474"},{"x":1484668800000,"y":2,"sc":"476"},{"x":1484755200000,"y":2,"sc":"476"},{"x":1484841600000,"y":2,"sc":"476"},{"x":1485100800000,"y":2,"sc":"481"},{"x":1485187200000,"y":2,"sc":"482"},{"x":1485273600000,"y":2,"sc":"484"},{"x":1485360000000,"y":2,"sc":"485"},{"x":1486051200000,"y":2,"sc":"489"},{"x":1486310400000,"y":2,"sc":"491"},{"x":1486396800000,"y":2,"sc":"491"},{"x":1486483200000,"y":2,"sc":"491"},{"x":1486569600000,"y":2,"sc":"491"},{"x":1486656000000,"y":2,"sc":"494"},{"x":1486915200000,"y":2,"sc":"496"},{"x":1487001600000,"y":2,"sc":"496"},{"x":1487088000000,"y":2,"sc":"496"},{"x":1487174400000,"y":2,"sc":"496"},{"x":1487260800000,"y":2,"sc":"496"},{"x":1487520000000,"y":2,"sc":"496"},{"x":1487606400000,"y":2,"sc":"496"},{"x":1487692800000,"y":2,"sc":"496"},{"x":1487779200000,"y":2,"sc":"498"},{"x":1487865600000,"y":2,"sc":"500"},{"x":1488124800000,"y":2,"sc":"503"},{"x":1488211200000,"y":2,"sc":"503"},{"x":1488297600000,"y":2,"sc":"503"},{"x":1488384000000,"y":2,"sc":"511"},{"x":1488470400000,"y":2,"sc":"511"},{"x":1488729600000,"y":2,"sc":"513"},{"x":1488816000000,"y":2,"sc":"515"},{"x":1488902400000,"y":2,"sc":"516"},{"x":1488988800000,"y":2,"sc":"518"},{"x":1489075200000,"y":2,"sc":"518"},{"x":1489334400000,"y":2,"sc":"518"},{"x":1489420800000,"y":2,"sc":"518"},{"x":1489507200000,"y":2,"sc":"518"},{"x":1489593600000,"y":2,"sc":"520"},{"x":1489680000000,"y":2,"sc":"520"},{"x":1489939200000,"y":2,"sc":"522"},{"x":1490025600000,"y":2,"sc":"522"},{"x":1490112000000,"y":2,"sc":"524"},{"x":1490198400000,"y":2,"sc":"530"},{"x":1490284800000,"y":2,"sc":"530"},{"x":1490544000000,"y":14,"sc":"534"},{"x":1490630400000,"y":15,"sc":"535"},{"x":1490716800000,"y":38,"sc":"535"},{"x":1490803200000,"y":158,"sc":"538"},{"x":1490889600000,"y":73,"sc":"538"},{"x":1491321600000,"y":73,"sc":"538"},{"x":1491408000000,"y":123,"sc":"540"},{"x":1491494400000,"y":106,"sc":"540"},{"x":1491753600000,"y":69,"sc":"540"},{"x":1491840000000,"y":94,"sc":"540"},{"x":1491926400000,"y":101,"sc":"540"},{"x":1492012800000,"y":121,"sc":"541"},{"x":1492099200000,"y":119,"sc":"541"},{"x":1492358400000,"y":125,"sc":"543"},{"x":1492444800000,"y":111,"sc":"543"},{"x":1492531200000,"y":100,"sc":"543"},{"x":1492617600000,"y":103,"sc":"545"},{"x":1492704000000,"y":105,"sc":"545"},{"x":1492963200000,"y":143,"sc":"545"},{"x":1493049600000,"y":151,"sc":"547"},{"x":1493136000000,"y":157,"sc":"549"},{"x":1493222400000,"y":158,"sc":"549"},{"x":1493308800000,"y":52,"sc":"549"},{"x":1493654400000,"y":65,"sc":"549"},{"x":1493740800000,"y":64,"sc":"550"},{"x":1493827200000,"y":60,"sc":"550"},{"x":1493913600000,"y":63,"sc":"550"},{"x":1494172800000,"y":73,"sc":"550"},{"x":1494259200000,"y":62,"sc":"550"},{"x":1494345600000,"y":60,"sc":"550"},{"x":1494432000000,"y":56,"sc":"550"},{"x":1494518400000,"y":59,"sc":"550"},{"x":1494777600000,"y":72,"sc":"554"},{"x":1494864000000,"y":46,"sc":"556"},{"x":1494950400000,"y":43,"sc":"560"},{"x":1495036800000,"y":45,"sc":"560"},{"x":1495123200000,"y":40,"sc":"560"},{"x":1495382400000,"y":54,"sc":"560"},{"x":1495468800000,"y":41,"sc":"562"},{"x":1495555200000,"y":41,"sc":"564"},{"x":1495641600000,"y":38,"sc":"564"},{"x":1495728000000,"y":40,"sc":"564"},{"x":1496160000000,"y":100,"sc":"564"},{"x":1496246400000,"y":100,"sc":"564"},{"x":1496332800000,"y":107,"sc":"564"},{"x":1496592000000,"y":131,"sc":"566"},{"x":1496678400000,"y":186,"sc":"566"},{"x":1496764800000,"y":118,"sc":"566"},{"x":1496851200000,"y":106,"sc":"566"},{"x":1496937600000,"y":101,"sc":"566"},{"x":1497196800000,"y":101,"sc":"574"},{"x":1497283200000,"y":110,"sc":"574"},{"x":1497369600000,"y":83,"sc":"575"},{"x":1497456000000,"y":71,"sc":"575"},{"x":1497542400000,"y":64,"sc":"575"},{"x":1497801600000,"y":34,"sc":"577"},{"x":1497888000000,"y":19,"sc":"577"},{"x":1497974400000,"y":8,"sc":"575"},{"x":1498060800000,"y":7,"sc":"575"},{"x":1498147200000,"y":6,"sc":"576"},{"x":1498406400000,"y":6,"sc":"579"},{"x":1498492800000,"y":3,"sc":"579"},{"x":1498579200000,"y":6,"sc":"579"},{"x":1498665600000,"y":6,"sc":"579"},{"x":1498752000000,"y":12,"sc":"582"},{"x":1499011200000,"y":13,"sc":"582"},{"x":1499097600000,"y":11,"sc":"582"},{"x":1499184000000,"y":11,"sc":"583"},{"x":1499270400000,"y":10,"sc":"583"},{"x":1499356800000,"y":15,"sc":"583"},{"x":1499616000000,"y":24,"sc":"583"},{"x":1499702400000,"y":25,"sc":"583"},{"x":1499788800000,"y":18,"sc":"583"},{"x":1499875200000,"y":13,"sc":"583"},{"x":1499961600000,"y":11,"sc":"586"},{"x":1500220800000,"y":8,"sc":"586"},{"x":1500307200000,"y":9,"sc":"586"},{"x":1500393600000,"y":8,"sc":"589"},{"x":1500480000000,"y":8,"sc":"589"},{"x":1500566400000,"y":8,"sc":"593"},{"x":1500825600000,"y":8,"sc":"593"},{"x":1500912000000,"y":7,"sc":"593"},{"x":1500998400000,"y":6,"sc":"594"},{"x":1501084800000,"y":4,"sc":"594"},{"x":1501171200000,"y":21,"sc":"594"},{"x":1501430400000,"y":26,"sc":"594"},{"x":1501516800000,"y":21,"sc":"594"},{"x":1501603200000,"y":19,"sc":"594"},{"x":1501689600000,"y":19,"sc":"594"},{"x":1501776000000,"y":22,"sc":"594"},{"x":1502035200000,"y":23,"sc":"596"},{"x":1502121600000,"y":20,"sc":"596"},{"x":1502208000000,"y":24,"sc":"596"},{"x":1502294400000,"y":26,"sc":"596"},{"x":1502380800000,"y":26,"sc":"596"},{"x":1502640000000,"y":20,"sc":"596"},{"x":1502726400000,"y":17,"sc":"596"},{"x":1502812800000,"y":24,"sc":"596"},{"x":1502899200000,"y":22,"sc":"596"},{"x":1502985600000,"y":19,"sc":"596"},{"x":1503244800000,"y":14,"sc":"597"},{"x":1503331200000,"y":12,"sc":"597"},{"x":1503417600000,"y":16,"sc":"597"},{"x":1503504000000,"y":16,"sc":"596"},{"x":1503590400000,"y":16,"sc":"596"},{"x":1503849600000,"y":12,"sc":"600"},{"x":1503936000000,"y":12,"sc":"600"},{"x":1504022400000,"y":7,"sc":"600"},{"x":1504108800000,"y":14,"sc":"601"},{"x":1504195200000,"y":13,"sc":"601"},{"x":1504454400000,"y":10,"sc":"601"},{"x":1504540800000,"y":3,"sc":"601"},{"x":1504627200000,"y":3,"sc":"601"},{"x":1504713600000,"y":8,"sc":"601"},{"x":1504800000000,"y":8,"sc":"601"},{"x":1505059200000,"y":3,"sc":"603"},{"x":1505145600000,"y":3,"sc":"603"},{"x":1505232000000,"y":3,"sc":"603"},{"x":1505318400000,"y":2,"sc":"605"},{"x":1505404800000,"y":2,"sc":"605"},{"x":1505664000000,"y":2,"sc":"606"},{"x":1505750400000,"y":2,"sc":"606"},{"x":1505836800000,"y":4,"sc":"603"},{"x":1505923200000,"y":10,"sc":"603"},{"x":1506009600000,"y":9,"sc":"603"},{"x":1506268800000,"y":4,"sc":"603"},{"x":1506355200000,"y":11,"sc":"603"},{"x":1506441600000,"y":48,"sc":"604"},{"x":1506528000000,"y":55,"sc":"604"},{"x":1506614400000,"y":59,"sc":"606"},{"x":1507478400000,"y":92,"sc":"606"},{"x":1507564800000,"y":95,"sc":"607"},{"x":1507651200000,"y":94,"sc":"607"},{"x":1507737600000,"y":132,"sc":"611"},{"x":1507824000000,"y":152,"sc":"611"},{"x":1508083200000,"y":156,"sc":"612"},{"x":1508169600000,"y":180,"sc":"612"},{"x":1508256000000,"y":165,"sc":"611"},{"x":1508342400000,"y":161,"sc":"611"},{"x":1508428800000,"y":157,"sc":"611"},{"x":1508688000000,"y":133,"sc":"606"},{"x":1508774400000,"y":131,"sc":"606"},{"x":1508860800000,"y":126,"sc":"607"},{"x":1508947200000,"y":134,"sc":"607"},{"x":1509033600000,"y":134,"sc":"607"},{"x":1509292800000,"y":134,"sc":"609"},{"x":1509379200000,"y":111,"sc":"610"},{"x":1509465600000,"y":109,"sc":"610"},{"x":1509552000000,"y":131,"sc":"613"},{"x":1509638400000,"y":127,"sc":"617"},{"x":1509897600000,"y":110,"sc":"621"},{"x":1509984000000,"y":87,"sc":"621"},{"x":1510070400000,"y":99,"sc":"621"},{"x":1510156800000,"y":92,"sc":"623"},{"x":1510243200000,"y":89,"sc":"623"},{"x":1510502400000,"y":80,"sc":"633"},{"x":1510588800000,"y":89,"sc":"635"},{"x":1510675200000,"y":94,"sc":"635"},{"x":1510761600000,"y":88,"sc":"635"},{"x":1510848000000,"y":97,"sc":"636"},{"x":1511107200000,"y":79,"sc":"636"},{"x":1511193600000,"y":117,"sc":"636"},{"x":1511280000000,"y":132,"sc":"636"},{"x":1511366400000,"y":132,"sc":"636"},{"x":1511452800000,"y":133,"sc":"637"},{"x":1511712000000,"y":117,"sc":"640"},{"x":1511798400000,"y":166,"sc":"640"},{"x":1511884800000,"y":159,"sc":"640"},{"x":1511971200000,"y":174,"sc":"641"},{"x":1512057600000,"y":208,"sc":"643"},{"x":1512316800000,"y":205,"sc":"643"},{"x":1512403200000,"y":244,"sc":"643"},{"x":1512489600000,"y":270,"sc":"643"},{"x":1512576000000,"y":263,"sc":"644"},{"x":1512662400000,"y":269,"sc":"652"},{"x":1512921600000,"y":275,"sc":"652"},{"x":1513008000000,"y":277,"sc":"653"},{"x":1513094400000,"y":287,"sc":"653"},{"x":1513180800000,"y":362,"sc":"654"},{"x":1513267200000,"y":373,"sc":"656"},{"x":1513526400000,"y":401,"sc":"656"},{"x":1513612800000,"y":402,"sc":"656"},{"x":1513699200000,"y":402,"sc":"656"},{"x":1513785600000,"y":399,"sc":"655"},{"x":1513872000000,"y":424,"sc":"655"},{"x":1514131200000,"y":469,"sc":"655"},{"x":1514217600000,"y":484,"sc":"655"},{"x":1514304000000,"y":478,"sc":"654"},{"x":1514390400000,"y":481,"sc":"655"},{"x":1514476800000,"y":519,"sc":"655"},{"x":1514822400000,"y":523,"sc":"655"},{"x":1514908800000,"y":515,"sc":"655"},{"x":1514995200000,"y":501,"sc":"655"},{"x":1515081600000,"y":495,"sc":"655"},{"x":1515340800000,"y":550,"sc":"655"},{"x":1515427200000,"y":530,"sc":"655"},{"x":1515513600000,"y":528,"sc":"656"},{"x":1515600000000,"y":533,"sc":"657"},{"x":1515686400000,"y":531,"sc":"657"},{"x":1515945600000,"y":541,"sc":"657"},{"x":1516032000000,"y":523,"sc":"657"},{"x":1516118400000,"y":523,"sc":"657"},{"x":1516204800000,"y":528,"sc":"657"},{"x":1516291200000,"y":532,"sc":"657"},{"x":1516550400000,"y":548,"sc":"657"},{"x":1516636800000,"y":517,"sc":"657"},{"x":1516723200000,"y":542,"sc":"657"},{"x":1516809600000,"y":547,"sc":"657"},{"x":1516896000000,"y":546,"sc":"655"},{"x":1517155200000,"y":541,"sc":"656"},{"x":1517241600000,"y":519,"sc":"656"},{"x":1517328000000,"y":539,"sc":"656"},{"x":1517414400000,"y":506,"sc":"656"},{"x":1517500800000,"y":503,"sc":"656"},{"x":1517760000000,"y":492,"sc":"656"},{"x":1517846400000,"y":489,"sc":"656"}];
/*百分比排名*/
var Data_rateInSimilarPersent = [[1439136000000,31.4000],[1439222400000,33.2300],[1439308800000,34.7600],[1439395200000,36.5900],[1439481600000,37.8800],[1439740800000,33.9400],[1439827200000,35.6500],[1439913600000,41.0900],[1440000000000,43.8100],[1440086400000,46.8300],[1440345600000,16.6200],[1440432000000,16.6200],[1440518400000,17.7700],[1440604800000,17.1700],[1440691200000,18.8600],[1440950400000,20.7800],[1441036800000,20.7800],[1441123200000,21.3900],[1441555200000,21.9900],[1441641600000,21.9900],[1441728000000,25.6000],[1441814400000,27.4900],[1441900800000,29.00],[1442160000000,28.0100],[1442246400000,28.9200],[1442332800000,28.9200],[1442419200000,28.9200],[1442505600000,28.9200],[1442764800000,29.8500],[1442851200000,30.1500],[1442937600000,30.4500],[1443024000000,32.8400],[1443110400000,36.5000],[1443369600000,39.4700],[1443456000000,46.4900],[1443542400000,50.2900],[1444233600000,47.0900],[1444320000000,49.1300],[1444579200000,54.6800],[1444665600000,55.2900],[1444752000000,52.9200],[1444838400000,45.1600],[1444924800000,46.6500],[1445184000000,51.4600],[1445270400000,52.6300],[1445356800000,52.6200],[1445443200000,50.1400],[1445529600000,52.4600],[1445788800000,58.5500],[1445875200000,55.9400],[1445961600000,62.0300],[1446048000000,64.0600],[1446134400000,61.6700],[1446393600000,51.5900],[1446480000000,48.1200],[1446566400000,51.3000],[1446652800000,53.6200],[1446739200000,50.4300],[1446998400000,50.00],[1447084800000,47.4300],[1447171200000,50.2900],[1447257600000,62.6400],[1447344000000,62.00],[1447603200000,62.00],[1447689600000,64.00],[1447776000000,65.4300],[1447862400000,63.0700],[1447948800000,62.2900],[1448208000000,59.2100],[1448294400000,60.6200],[1448380800000,58.4000],[1448467200000,58.6900],[1448553600000,66.5700],[1448812800000,72.5200],[1448899200000,73.6500],[1448985600000,76.0700],[1449072000000,75.7800],[1449158400000,78.4700],[1449417600000,78.4700],[1449504000000,79.6000],[1449590400000,72.2400],[1449676800000,69.1200],[1449763200000,64.5900],[1450022400000,65.0600],[1450108800000,64.7700],[1450195200000,66.1900],[1450281600000,68.1800],[1450368000000,72.3600],[1450627200000,79.4900],[1450713600000,80.0600],[1450800000000,81.7700],[1450886400000,82.9100],[1450972800000,81.2500],[1451232000000,76.8400],[1451318400000,75.4200],[1451404800000,76.6900],[1451491200000,77.8100],[1451836800000,86.8000],[1451923200000,85.9600],[1452009600000,86.5200],[1452096000000,90.1700],[1452182400000,90.7300],[1452441600000,90.7300],[1452528000000,85.9600],[1452614400000,86.8000],[1452700800000,85.3900],[1452787200000,85.3900],[1453046400000,88.2000],[1453132800000,87.3600],[1453219200000,88.2000],[1453305600000,88.2400],[1453392000000,90.5000],[1453651200000,88.6100],[1453737600000,88.8900],[1453824000000,91.6700],[1453910400000,87.7800],[1453996800000,86.1100],[1454256000000,90.8300],[1454342400000,91.3900],[1454428800000,91.9400],[1454515200000,92.0500],[1454601600000,90.9800],[1455465600000,86.1800],[1455552000000,85.6400],[1455638400000,86.9900],[1455724800000,87.2600],[1455811200000,89.1600],[1456070400000,89.1600],[1456156800000,90.8100],[1456243200000,91.1500],[1456329600000,91.6900],[1456416000000,91.4700],[1456675200000,78.4000],[1456761600000,78.1900],[1456848000000,76.6000],[1456934400000,79.5200],[1457020800000,82.4500],[1457280000000,82.4500],[1457366400000,83.9500],[1457452800000,84.4700],[1457539200000,86.3200],[1457625600000,87.9300],[1457884800000,87.6600],[1457971200000,84.4700],[1458057600000,85.8600],[1458144000000,86.9500],[1458230400000,86.6800],[1458489600000,80.6800],[1458576000000,79.4800],[1458662400000,76.1000],[1458748800000,75.3200],[1458835200000,76.4700],[1459094400000,76.2100],[1459180800000,74.4200],[1459267200000,68.0300],[1459353600000,72.7000],[1459440000000,76.2800],[1459785600000,65.0500],[1459872000000,61.9900],[1459958400000,56.6300],[1460044800000,59.6900],[1460304000000,57.8700],[1460390400000,61.6800],[1460476800000,64.2100],[1460563200000,62.6900],[1460649600000,59.9000],[1460908800000,54.0600],[1460995200000,55.5800],[1461081600000,62.9400],[1461168000000,61.1700],[1461254400000,55.8400],[1461513600000,59.9000],[1461600000000,58.6300],[1461686400000,47.9700],[1461772800000,55.0800],[1461859200000,55.8400],[1462204800000,35.7900],[1462291200000,42.1300],[1462377600000,42.2500],[1462464000000,49.00],[1462723200000,47.5000],[1462809600000,47.00],[1462896000000,50.2500],[1462982400000,51.2500],[1463068800000,57.7500],[1463328000000,57.7500],[1463414400000,52.5000],[1463500800000,52.5000],[1463587200000,49.2500],[1463673600000,51.00],[1463932800000,53.7500],[1464019200000,52.2500],[1464105600000,58.7500],[1464192000000,59.00],[1464278400000,64.00],[1464537600000,58.5000],[1464624000000,56.7500],[1464710400000,57.7500],[1464796800000,80.5000],[1464883200000,75.00],[1465142400000,75.3700],[1465228800000,76.1200],[1465315200000,74.1300],[1465747200000,65.9200],[1465833600000,71.6400],[1465920000000,72.7000],[1466006400000,73.9500],[1466092800000,69.9800],[1466352000000,65.7600],[1466438400000,82.6700],[1466524800000,83.6600],[1466611200000,79.2100],[1466697600000,80.9400],[1466956800000,75.2500],[1467043200000,81.4400],[1467129600000,79.4600],[1467216000000,82.6700],[1467302400000,78.9600],[1467561600000,82.9200],[1467648000000,74.7500],[1467734400000,77.4800],[1467820800000,79.9500],[1467907200000,80.4500],[1468166400000,85.6400],[1468252800000,83.6600],[1468339200000,84.1600],[1468425600000,84.6500],[1468512000000,84.6500],[1468771200000,85.1500],[1468857600000,83.9100],[1468944000000,79.0100],[1469030400000,82.4700],[1469116800000,86.1700],[1469376000000,83.7000],[1469462400000,82.2200],[1469548800000,81.7300],[1469635200000,76.9000],[1469721600000,83.2900],[1469980800000,81.5700],[1470067200000,89.9300],[1470153600000,89.9300],[1470240000000,84.6000],[1470326400000,87.2900],[1470585600000,86.6500],[1470672000000,86.4400],[1470758400000,89.5900],[1470844800000,86.4400],[1470931200000,86.9200],[1471190400000,82.0800],[1471276800000,86.6800],[1471363200000,86.4700],[1471449600000,90.3600],[1471536000000,92.2900],[1471795200000,93.7500],[1471881600000,90.3800],[1471968000000,91.5900],[1472054400000,86.7800],[1472140800000,92.5500],[1472400000000,92.5500],[1472486400000,89.9000],[1472572800000,92.0700],[1472659200000,90.6200],[1472745600000,76.7400],[1473004800000,79.3300],[1473091200000,78.8600],[1473177600000,79.5700],[1473264000000,81.8000],[1473350400000,86.0800],[1473609600000,90.0900],[1473696000000,91.9800],[1473782400000,91.5100],[1474214400000,94.5800],[1474300800000,92.2200],[1474387200000,84.6700],[1474473600000,85.0100],[1474560000000,89.9300],[1474819200000,94.6500],[1474905600000,94.4200],[1474992000000,97.2100],[1475078400000,97.9200],[1475164800000,97.9200],[1476028800000,99.3100],[1476115200000,99.3100],[1476201600000,99.3100],[1476288000000,99.0800],[1476374400000,99.0800],[1476633600000,99.0800],[1476720000000,99.0900],[1476806400000,99.0800],[1476892800000,99.0800],[1476979200000,99.0800],[1477238400000,99.0900],[1477324800000,99.0900],[1477411200000,99.3200],[1477497600000,99.3200],[1477584000000,99.3300],[1477843200000,99.3300],[1477929600000,99.5500],[1478016000000,99.5500],[1478102400000,99.5500],[1478188800000,99.5500],[1478448000000,99.5600],[1478534400000,99.5600],[1478620800000,99.5600],[1478707200000,99.5600],[1478793600000,99.5600],[1479052800000,99.3300],[1479139200000,99.3300],[1479225600000,99.3300],[1479312000000,99.5600],[1479398400000,99.5600],[1479657600000,99.5600],[1479744000000,99.5600],[1479830400000,99.5600],[1479916800000,99.5600],[1480003200000,99.3300],[1480262400000,99.3300],[1480348800000,99.3400],[1480435200000,99.3400],[1480521600000,99.5600],[1480608000000,99.5600],[1480867200000,99.3400],[1480953600000,99.3400],[1481040000000,99.5600],[1481126400000,99.5600],[1481212800000,99.5600],[1481472000000,99.5600],[1481558400000,99.5600],[1481644800000,99.5600],[1481731200000,99.5600],[1481817600000,99.3400],[1482076800000,99.3400],[1482163200000,99.5600],[1482249600000,99.5600],[1482336000000,99.5600],[1482422400000,99.5700],[1482681600000,99.5700],[1482768000000,99.5700],[1482854400000,99.5700],[1482940800000,99.5700],[1483027200000,99.5700],[1483372800000,99.5700],[1483459200000,99.5700],[1483545600000,99.5700],[1483632000000,99.5700],[1483891200000,99.5700],[1483977600000,99.5700],[1484064000000,99.5700],[1484150400000,99.5700],[1484236800000,99.5700],[1484496000000,99.5800],[1484582400000,99.5800],[1484668800000,99.5800],[1484755200000,99.5800],[1484841600000,99.5800],[1485100800000,99.5800],[1485187200000,99.5900],[1485273600000,99.5900],[1485360000000,99.5900],[1486051200000,99.5900],[1486310400000,99.5900],[1486396800000,99.5900],[1486483200000,99.5900],[1486569600000,99.5900],[1486656000000,99.6000],[1486915200000,99.6000],[1487001600000,99.6000],[1487088000000,99.6000],[1487174400000,99.6000],[1487260800000,99.6000],[1487520000000,99.6000],[1487606400000,99.6000],[1487692800000,99.6000],[1487779200000,99.6000],[1487865600000,99.6000],[1488124800000,99.6000],[1488211200000,99.6000],[1488297600000,99.6000],[1488384000000,99.6100],[1488470400000,99.6100],[1488729600000,99.6100],[1488816000000,99.6100],[1488902400000,99.6100],[1488988800000,99.6100],[1489075200000,99.6100],[1489334400000,99.6100],[1489420800000,99.6100],[1489507200000,99.6100],[1489593600000,99.6200],[1489680000000,99.6200],[1489939200000,99.6200],[1490025600000,99.6200],[1490112000000,99.6200],[1490198400000,99.6200],[1490284800000,99.6200],[1490544000000,97.3800],[1490630400000,97.2000],[1490716800000,92.9000],[1490803200000,70.6300],[1490889600000,86.4300],[1491321600000,86.4300],[1491408000000,77.2200],[1491494400000,80.3700],[1491753600000,87.2200],[1491840000000,82.5900],[1491926400000,81.3000],[1492012800000,77.6300],[1492099200000,78.00],[1492358400000,76.9800],[1492444800000,79.5600],[1492531200000,81.5800],[1492617600000,81.1000],[1492704000000,80.7300],[1492963200000,73.7600],[1493049600000,72.3900],[1493136000000,71.4000],[1493222400000,71.2200],[1493308800000,90.5300],[1493654400000,88.1600],[1493740800000,88.3600],[1493827200000,89.0900],[1493913600000,88.5500],[1494172800000,86.7300],[1494259200000,88.7300],[1494345600000,89.0900],[1494432000000,89.8200],[1494518400000,89.2700],[1494777600000,87.00],[1494864000000,91.7300],[1494950400000,92.3200],[1495036800000,91.9600],[1495123200000,92.8600],[1495382400000,90.3600],[1495468800000,92.7000],[1495555200000,92.7300],[1495641600000,93.2600],[1495728000000,92.9100],[1496160000000,82.2700],[1496246400000,82.2700],[1496332800000,81.0300],[1496592000000,76.8600],[1496678400000,67.1400],[1496764800000,79.1500],[1496851200000,81.2700],[1496937600000,82.1600],[1497196800000,82.4000],[1497283200000,80.8400],[1497369600000,85.5700],[1497456000000,87.6500],[1497542400000,88.8700],[1497801600000,94.1100],[1497888000000,96.7100],[1497974400000,98.6100],[1498060800000,98.7800],[1498147200000,98.9600],[1498406400000,98.9600],[1498492800000,99.4800],[1498579200000,98.9600],[1498665600000,98.9600],[1498752000000,97.9400],[1499011200000,97.7700],[1499097600000,98.1100],[1499184000000,98.1100],[1499270400000,98.2800],[1499356800000,97.4300],[1499616000000,95.8800],[1499702400000,95.7100],[1499788800000,96.9100],[1499875200000,97.7700],[1499961600000,98.1200],[1500220800000,98.6300],[1500307200000,98.4600],[1500393600000,98.6400],[1500480000000,98.6400],[1500566400000,98.6500],[1500825600000,98.6500],[1500912000000,98.8200],[1500998400000,98.9900],[1501084800000,99.3300],[1501171200000,96.4600],[1501430400000,95.6200],[1501516800000,96.4600],[1501603200000,96.8000],[1501689600000,96.8000],[1501776000000,96.3000],[1502035200000,96.1400],[1502121600000,96.6400],[1502208000000,95.9700],[1502294400000,95.6400],[1502380800000,95.6400],[1502640000000,96.6400],[1502726400000,97.1500],[1502812800000,95.9700],[1502899200000,96.3100],[1502985600000,96.8100],[1503244800000,97.6500],[1503331200000,97.9900],[1503417600000,97.3200],[1503504000000,97.3200],[1503590400000,97.3200],[1503849600000,98.00],[1503936000000,98.00],[1504022400000,98.8300],[1504108800000,97.6700],[1504195200000,97.8400],[1504454400000,98.3400],[1504540800000,99.5000],[1504627200000,99.5000],[1504713600000,98.6700],[1504800000000,98.6700],[1505059200000,99.5000],[1505145600000,99.5000],[1505232000000,99.5000],[1505318400000,99.6700],[1505404800000,99.6700],[1505664000000,99.6700],[1505750400000,99.6700],[1505836800000,99.3400],[1505923200000,98.3400],[1506009600000,98.5100],[1506268800000,99.3400],[1506355200000,98.1800],[1506441600000,92.0500],[1506528000000,90.8900],[1506614400000,90.2600],[1507478400000,84.8200],[1507564800000,84.3500],[1507651200000,84.5100],[1507737600000,78.4000],[1507824000000,75.1200],[1508083200000,74.5100],[1508169600000,70.5900],[1508256000000,73.00],[1508342400000,73.6500],[1508428800000,74.3000],[1508688000000,78.0500],[1508774400000,78.3800],[1508860800000,79.2400],[1508947200000,77.9200],[1509033600000,77.9200],[1509292800000,78.00],[1509379200000,81.8000],[1509465600000,82.1300],[1509552000000,78.6300],[1509638400000,79.4200],[1509897600000,82.2900],[1509984000000,85.9900],[1510070400000,84.0600],[1510156800000,85.2300],[1510243200000,85.7100],[1510502400000,87.3600],[1510588800000,85.9800],[1510675200000,85.2000],[1510761600000,86.1400],[1510848000000,84.7500],[1511107200000,87.5800],[1511193600000,81.6000],[1511280000000,79.2500],[1511366400000,79.2500],[1511452800000,79.1200],[1511712000000,81.7200],[1511798400000,74.0600],[1511884800000,75.1600],[1511971200000,72.8500],[1512057600000,67.6500],[1512316800000,68.1200],[1512403200000,62.0500],[1512489600000,58.0100],[1512576000000,59.1600],[1512662400000,58.7400],[1512921600000,57.8200],[1513008000000,57.5800],[1513094400000,56.0500],[1513180800000,44.6500],[1513267200000,43.1400],[1513526400000,38.8700],[1513612800000,38.7200],[1513699200000,38.7200],[1513785600000,39.0800],[1513872000000,35.2700],[1514131200000,28.4000],[1514217600000,26.1100],[1514304000000,26.9100],[1514390400000,26.5600],[1514476800000,20.7600],[1514822400000,20.1500],[1514908800000,21.3700],[1514995200000,23.5100],[1515081600000,24.4300],[1515340800000,16.0300],[1515427200000,19.0800],[1515513600000,19.5100],[1515600000000,18.8700],[1515686400000,19.1800],[1515945600000,17.6600],[1516032000000,20.4000],[1516118400000,20.4000],[1516204800000,19.6300],[1516291200000,19.0300],[1516550400000,16.5900],[1516636800000,21.3100],[1516723200000,17.5000],[1516809600000,16.7400],[1516896000000,16.6400],[1517155200000,17.5300],[1517241600000,20.8800],[1517328000000,17.8400],[1517414400000,22.8700],[1517500800000,23.3200],[1517760000000,25.00],[1517846400000,25.4600]];
/*规模变动*/
var Data_fluctuationScale = {"categories":["2016-12-31","2017-03-31","2017-06-30","2017-09-30","2017-12-31"],"series":[{"y":3.37,"mom":"218.72%"},{"y":2.52,"mom":"-25.34%"},{"y":7.52,"mom":"198.70%"},{"y":9.42,"mom":"25.31%"},{"y":5.87,"mom":"-37.76%"}]};;
/*持有人结构*/
var Data_holderStructure = {"series":[{"name":"机构持有比例","data":[81.79,45.91,12.54,6.86]},{"name":"个人持有比例","data":[18.21,54.09,87.46,93.14]},{"name":"内部持有比例","data":[4.86,4.83,0.72,0.88]}],"categories":["2015-12-31","2016-06-30","2016-12-31","2017-06-30"]};
/*申购赎回*/
var Data_assetAllocation ={"series":[{"name":"期间申购","data":[5.60,10.45,16.93,3.64]},{"name":"期间赎回","data":[6.45,5.45,15.03,7.20]},{"name":"总份额","data":[2.52,7.52,9.42,5.87]}],"categories":["2017-03-31","2017-06-30","2017-09-30","2017-12-31"]};
/*现任基金经理*/
var Data_currentFundManager = [{"id":"30358177","pic":"https://pdf.dfcfw.com/pdf/H8_JPG30358177_1.jpg","name":"季慧娟","star":3,"workTime":"2年又215天","fundSize":"121.22亿(6只基金)","power":{"avr":"43.58","categories":["经验值","收益率","影响力","稳定性","管理规模"],"dsc":["反映基金经理从业年限和管理基金的经验","根据基金经理投资的阶段收益评分，反映\u003cbr\u003e基金经理投资的盈利能力","根据基金经理所管理基金的机构和个人投\u003cbr\u003e资者持有比例评分","反映基金经理投资收益的波动","根据基金经理现任管理基金资产规模评分"],"data":[55.60,84.20,71.20,2.30,34.80],"jzrq":"2018-02-06"},"profit":{"categories":["任期收益","同类平均"],"series":[{"data":[{"name":null,"color":"#7cb5ec","y":9.8714},{"name":null,"color":"#414c7b","y":8.45}]}],"jzrq":"2018-02-06"}},{"id":"30176648","pic":"https://pdf.dfcfw.com/pdf/H8_JPG30176648_1.jpg","name":"于启明","star":3,"workTime":"4年又359天","fundSize":"118.62亿(4只基金)","power":{"avr":"45.20","categories":["经验值","收益率","影响力","稳定性","管理规模"],"dsc":["反映基金经理从业年限和管理基金的经验","根据基金经理投资的阶段收益评分，反映\u003cbr\u003e基金经理投资的盈利能力","根据基金经理所管理基金的机构和个人投\u003cbr\u003e资者持有比例评分","反映基金经理投资收益的波动","根据基金经理现任管理基金资产规模评分"],"data":[88.0,84.20,71.20,2.30,34.80],"jzrq":"2018-02-06"},"profit":{"categories":["任期收益","同类平均"],"series":[{"data":[{"name":null,"color":"#7cb5ec","y":8.0634},{"name":null,"color":"#414c7b","y":6.8}]}],"jzrq":"2018-02-06"}}] ;
/*同类型基金涨幅榜（页面底部通栏）*/
var swithSameType = [['002895_华夏天利货币B_5.8750','002894_华夏天利货币A_5.6210','004398_融通现金宝货币B_5.3370','000902_国开货币B_5.3360','001478_泰康薪意保货币B_5.1400'],['002895_华夏天利货币B_5.26','004973_长城收益宝货币B_5.08','004904_人保货币B_5.05','002884_华润元大现金通货币B_5.01','002894_华夏天利货币A_5.01'],['004973_长城收益宝货币B_5.05','004770_海富通添益货币A_4.99','002884_华润元大现金通货币B_4.99','005151_红土创新优淳货币B_4.90','002895_华夏天利货币B_4.89'],['004770_海富通添益货币A_5.39','004973_长城收益宝货币B_5.13','002884_华润元大现金通货币B_5.03','002895_华夏天利货币B_5.03','004398_融通现金宝货币B_5.01'],['003679_中融现金增利货币C_4.67','003474_南方天天利货币B_4.55','000836_国投瑞银钱多宝货币A_4.52','000837_国投瑞银钱多宝货币I_4.52','003753_工银如意货币B_4.51']];