/**
 * 测试数据
 * @type {arry}
 */
/*2018-02-07 16:10:10*/
//基金或股票信息
var fS_name = "中科沃土货币B";
var fS_code = "002647";
var fund_minsg="5000000";
var ishb=true;
/*原费率*/
var fund_sourceRate="0";
/*现费率*/
var fund_Rate="0";
/*最小申购金额*/
var fund_minsg="5000000";
/*收益率*/
/*近一年收益率*/
var syl_1n="4.0948";
/*近6月收益率*/
var syl_6y="2.0906";
/*近三月收益率*/
var syl_3y="1.072";
/*近一月收益率*/
var syl_1y="0.3787";
/* 基金收益走势图 每万份收益*/
var Data_millionCopiesIncome = [[1465315200000,0.4992],[1466092800000,0.5259],[1466352000000,0.5258],[1466438400000,0.5008],[1466524800000,0.5149],[1466611200000,0.5884],[1466697600000,0.6021],[1466870400000,1.2068],[1466956800000,0.62],[1467043200000,0.618],[1467129600000,0.6291],[1467216000000,0.6442],[1467302400000,0.6406],[1467475200000,1.2843],[1467561600000,0.6474],[1467648000000,0.6487],[1467734400000,0.6311],[1467820800000,0.6275],[1467907200000,0.62],[1468080000000,1.2516],[1468166400000,0.6154],[1468252800000,0.6137],[1468339200000,0.6019],[1468425600000,0.6154],[1468512000000,0.5623],[1468684800000,1.106],[1468771200000,0.6106],[1468857600000,0.6141],[1468944000000,0.6172],[1469030400000,0.6237],[1469116800000,0.6221],[1469289600000,1.2469],[1469376000000,0.6048],[1469462400000,0.6179],[1469548800000,0.6508],[1469635200000,0.6571],[1469721600000,0.6406],[1469894400000,1.2811],[1469980800000,0.6439],[1470067200000,0.6457],[1470153600000,0.6514],[1470240000000,0.6502],[1470326400000,0.6375],[1470499200000,1.275],[1470585600000,0.6498],[1470672000000,0.6435],[1470758400000,0.6427],[1470844800000,0.6367],[1470931200000,0.63],[1471104000000,1.2599],[1471190400000,0.6304],[1471276800000,0.6303],[1471363200000,0.6292],[1471449600000,0.6296],[1471536000000,0.6292],[1471708800000,1.2583],[1471795200000,0.6268],[1471881600000,0.6344],[1471968000000,0.6388],[1472054400000,0.6437],[1472140800000,0.6432],[1472313600000,1.2964],[1472400000000,0.6811],[1472486400000,0.6525],[1472572800000,0.6553],[1472659200000,0.6517],[1472745600000,0.6636],[1472918400000,1.3003],[1473004800000,0.6513],[1473091200000,0.6559],[1473177600000,0.6586],[1473264000000,0.6515],[1473350400000,0.6497],[1473523200000,1.2992],[1473609600000,0.6523],[1473696000000,0.659],[1473782400000,0.6545],[1474128000000,2.625],[1474214400000,0.6706],[1474300800000,0.6869],[1474387200000,0.6831],[1474473600000,0.7162],[1474560000000,0.7252],[1474732800000,1.424],[1474819200000,0.7031],[1474905600000,0.7096],[1474992000000,0.7114],[1475078400000,0.7172],[1475164800000,0.7201],[1475942400000,6.4807],[1476028800000,0.7198],[1476115200000,0.7049],[1476201600000,0.718],[1476288000000,0.7092],[1476374400000,0.7089],[1476547200000,1.4176],[1476633600000,0.7167],[1476720000000,0.7278],[1476806400000,0.7053],[1476892800000,0.7108],[1476979200000,0.7123],[1477152000000,1.4169],[1477238400000,0.703],[1477324800000,0.7049],[1477411200000,0.6974],[1477497600000,0.7059],[1477584000000,0.7024],[1477756800000,1.4047],[1477843200000,0.6688],[1477929600000,0.6637],[1478016000000,0.661],[1478102400000,0.6638],[1478188800000,0.6908],[1478361600000,1.3456],[1478448000000,0.6756],[1478534400000,0.7037],[1478620800000,0.6807],[1478707200000,0.6737],[1478793600000,0.6737],[1478966400000,1.3472],[1479052800000,0.6721],[1479139200000,0.6751],[1479225600000,0.676],[1479312000000,0.664],[1479398400000,0.6821],[1479571200000,1.3641],[1479657600000,0.6907],[1479744000000,0.7103],[1479830400000,0.7015],[1479916800000,0.719],[1480003200000,0.7217],[1480176000000,1.4434],[1480262400000,0.7241],[1480348800000,0.7268],[1480435200000,0.7299],[1480521600000,0.7259],[1480608000000,0.727],[1480780800000,1.454],[1480867200000,0.7206],[1480953600000,0.721],[1481040000000,0.7215],[1481126400000,0.7146],[1481212800000,0.7524],[1481385600000,1.5045],[1481472000000,0.7454],[1481558400000,0.7449],[1481644800000,0.7477],[1481731200000,0.7556],[1481817600000,0.8062],[1481990400000,1.6043],[1482076800000,0.8336],[1482163200000,0.8372],[1482249600000,0.8243],[1482336000000,0.9345],[1482422400000,0.9244],[1482595200000,1.8419],[1482681600000,0.9312],[1482768000000,0.9437],[1482854400000,0.9954],[1482940800000,1.0952],[1483027200000,1.103],[1483113600000,1.1031],[1483200000000,1.1029],[1483286400000,1.1028],[1483372800000,1.0982],[1483459200000,0.9334],[1483545600000,0.8847],[1483632000000,0.8954],[1483718400000,0.8953],[1483804800000,0.8953],[1483891200000,0.9043],[1483977600000,0.9272],[1484064000000,0.9293],[1484150400000,0.9125],[1484236800000,0.9259],[1484323200000,0.9277],[1484409600000,0.9276],[1484496000000,0.9551],[1484582400000,0.9649],[1484668800000,1.0198],[1484755200000,1.0138],[1484841600000,0.9884],[1484928000000,0.9918],[1485014400000,0.9917],[1485100800000,0.9897],[1485187200000,1.01],[1485273600000,1.0087],[1485360000000,1.0207],[1485446400000,1.0095],[1485532800000,1.0094],[1485619200000,1.0093],[1485705600000,1.0091],[1485792000000,1.009],[1485878400000,1.0089],[1485964800000,1.0088],[1486051200000,1.0088],[1486137600000,1.0103],[1486224000000,1.0102],[1486310400000,0.9706],[1486396800000,0.9728],[1486483200000,0.9935],[1486569600000,0.9983],[1486656000000,0.9721],[1486742400000,0.9726],[1486828800000,0.9725],[1486915200000,0.9761],[1487001600000,0.9886],[1487088000000,1.0032],[1487174400000,1.009],[1487260800000,0.9646],[1487347200000,0.9614],[1487433600000,0.9613],[1487520000000,0.9468],[1487606400000,0.9492],[1487692800000,0.9588],[1487779200000,0.9714],[1487865600000,0.98],[1487952000000,0.9799],[1488038400000,0.9798],[1488124800000,0.9811],[1488211200000,0.9838],[1488297600000,0.9822],[1488384000000,1.031],[1488470400000,0.9982],[1488556800000,0.9762],[1488643200000,0.9761],[1488729600000,0.9905],[1488816000000,0.985],[1488902400000,0.9852],[1488988800000,1.148],[1489075200000,1.0126],[1489161600000,1.0225],[1489248000000,1.0224],[1489334400000,0.9451],[1489420800000,1.0035],[1489507200000,1.0176],[1489593600000,1.0252],[1489680000000,1.0279],[1489766400000,1.0277],[1489852800000,1.0276],[1489939200000,1.0483],[1490025600000,1.0865],[1490112000000,1.1104],[1490198400000,1.1338],[1490284800000,1.1407],[1490371200000,1.1404],[1490457600000,1.1403],[1490544000000,1.1424],[1490630400000,1.1094],[1490716800000,1.1031],[1490803200000,1.1011],[1490889600000,1.1012],[1490976000000,1.1011],[1491062400000,1.101],[1491148800000,1.1009],[1491235200000,1.1008],[1491321600000,1.1009],[1491408000000,1.099],[1491494400000,1.099],[1491580800000,1.0989],[1491667200000,1.0988],[1491753600000,1.0951],[1491840000000,1.0923],[1491926400000,1.0845],[1492012800000,1.0754],[1492099200000,1.0818],[1492185600000,1.0817],[1492272000000,1.0816],[1492358400000,1.0751],[1492444800000,1.0918],[1492531200000,1.0707],[1492617600000,1.0485],[1492704000000,1.8702],[1492790400000,1.0791],[1492876800000,1.079],[1492963200000,1.0508],[1493049600000,1.0662],[1493136000000,1.0722],[1493222400000,1.0744],[1493308800000,1.0752],[1493395200000,1.0751],[1493481600000,1.075],[1493568000000,1.0749],[1493654400000,1.075],[1493740800000,1.0743],[1493827200000,1.0688],[1493913600000,1.0687],[1494000000000,1.0686],[1494086400000,1.0685],[1494172800000,1.057],[1494259200000,1.0584],[1494345600000,1.0585],[1494432000000,1.0469],[1494518400000,1.0545],[1494604800000,1.0548],[1494691200000,1.0547],[1494777600000,1.0481],[1494864000000,1.0482],[1494950400000,1.0481],[1495036800000,1.0391],[1495123200000,1.0621],[1495209600000,1.062],[1495296000000,1.0619],[1495382400000,1.0455],[1495468800000,1.0498],[1495555200000,1.0314],[1495641600000,1.0456],[1495728000000,1.0682],[1495814400000,1.0681],[1495900800000,1.068],[1495987200000,1.0678],[1496073600000,1.0677],[1496160000000,1.0695],[1496246400000,1.0703],[1496332800000,1.0684],[1496419200000,1.0681],[1496505600000,1.068],[1496592000000,1.0682],[1496678400000,1.0665],[1496764800000,1.072],[1496851200000,1.0701],[1496937600000,1.0687],[1497024000000,1.0684],[1497110400000,1.0683],[1497196800000,1.0685],[1497283200000,1.052],[1497369600000,1.1118],[1497456000000,1.0962],[1497542400000,1.0984],[1497628800000,1.0985],[1497715200000,1.0984],[1497801600000,1.1118],[1497888000000,1.1157],[1497974400000,1.1146],[1498060800000,1.1064],[1498147200000,1.1173],[1498233600000,1.1172],[1498320000000,1.1171],[1498406400000,1.0622],[1498492800000,1.1486],[1498579200000,1.8006],[1498665600000,1.1249],[1498752000000,1.1149],[1498838400000,1.1213],[1498924800000,1.1212],[1499011200000,1.1255],[1499097600000,1.124],[1499184000000,1.0923],[1499270400000,1.0924],[1499356800000,1.0993],[1499443200000,1.0926],[1499529600000,1.0925],[1499616000000,1.0903],[1499702400000,1.0876],[1499788800000,1.0913],[1499875200000,1.0862],[1499961600000,1.1017],[1500048000000,1.0995],[1500134400000,1.0995],[1500220800000,1.0946],[1500307200000,1.0852],[1500393600000,1.1022],[1500480000000,1.1026],[1500566400000,1.0851],[1500652800000,1.091],[1500739200000,1.0909],[1500825600000,1.081],[1500912000000,1.0781],[1500998400000,1.0852],[1501084800000,1.1277],[1501171200000,1.1299],[1501257600000,1.1299],[1501344000000,1.1298],[1501430400000,1.1359],[1501516800000,1.1258],[1501603200000,1.1257],[1501689600000,1.1122],[1501776000000,1.1048],[1501862400000,1.0991],[1501948800000,1.099],[1502035200000,1.0815],[1502121600000,1.0757],[1502208000000,1.0824],[1502294400000,1.0784],[1502380800000,1.0615],[1502467200000,1.0614],[1502553600000,1.0614],[1502640000000,1.0637],[1502726400000,1.0718],[1502812800000,1.0725],[1502899200000,1.0991],[1502985600000,1.105],[1503072000000,1.105],[1503158400000,1.1049],[1503244800000,1.1118],[1503331200000,1.1166],[1503417600000,1.1188],[1503504000000,1.1296],[1503590400000,1.1013],[1503676800000,1.1009],[1503763200000,1.1008],[1503849600000,1.0942],[1503936000000,1.1108],[1504022400000,1.126],[1504108800000,1.1261],[1504195200000,1.1256],[1504281600000,1.1255],[1504368000000,1.1254],[1504454400000,1.1253],[1504540800000,1.112],[1504627200000,1.1118],[1504713600000,1.0703],[1504800000000,1.0737],[1504886400000,1.0741],[1504972800000,1.074],[1505059200000,1.0786],[1505145600000,1.1121],[1505232000000,1.1371],[1505318400000,1.112],[1505404800000,1.1046],[1505491200000,1.1047],[1505577600000,1.1046],[1505664000000,1.1045],[1505750400000,1.1102],[1505836800000,1.0935],[1505923200000,1.1011],[1506009600000,1.0928],[1506096000000,1.0947],[1506182400000,1.0946],[1506268800000,1.0946],[1506355200000,1.0885],[1506441600000,1.0879],[1506528000000,1.133],[1506614400000,1.1319],[1506700800000,1.1318],[1506787200000,1.1317],[1506873600000,1.1316],[1506960000000,1.1315],[1507046400000,1.1315],[1507132800000,1.1314],[1507219200000,1.1313],[1507305600000,1.1312],[1507392000000,1.1311],[1507478400000,1.1312],[1507564800000,1.135],[1507651200000,1.1374],[1507737600000,1.1003],[1507824000000,1.0959],[1507910400000,1.0954],[1507996800000,1.0954],[1508083200000,1.0702],[1508169600000,1.0479],[1508256000000,1.0458],[1508342400000,0.9909],[1508428800000,1.0201],[1508515200000,1.0131],[1508601600000,1.0131],[1508688000000,1.0115],[1508774400000,1.0191],[1508860800000,1.0127],[1508947200000,1.0327],[1509033600000,1.0676],[1509120000000,1.0675],[1509206400000,1.0674],[1509292800000,1.0687],[1509379200000,1.0768],[1509465600000,1.074],[1509552000000,1.0694],[1509638400000,1.0371],[1509724800000,1.0382],[1509811200000,1.0381],[1509897600000,1.0554],[1509984000000,1.0154],[1510070400000,1.0251],[1510156800000,1.021],[1510243200000,1.0287],[1510329600000,1.0335],[1510416000000,1.0334],[1510502400000,1.0451],[1510588800000,1.0621],[1510675200000,1.0818],[1510761600000,1.0787],[1510848000000,1.0787],[1510934400000,1.0786],[1511020800000,1.0785],[1511107200000,1.0832],[1511193600000,1.0811],[1511280000000,1.0843],[1511366400000,1.0627],[1511452800000,1.4714],[1511539200000,0.9571],[1511625600000,0.957],[1511712000000,1.0844],[1511798400000,1.0852],[1511884800000,1.0835],[1511971200000,1.1094],[1512057600000,1.0977],[1512144000000,1.0977],[1512230400000,1.0976],[1512316800000,1.0923],[1512403200000,1.0716],[1512489600000,1.0716],[1512576000000,1.0532],[1512662400000,1.0671],[1512748800000,1.0524],[1512835200000,1.0524],[1512921600000,1.0541],[1513008000000,1.0706],[1513094400000,1.1079],[1513180800000,1.1329],[1513267200000,1.1244],[1513353600000,1.1242],[1513440000000,1.1242],[1513526400000,1.16],[1513612800000,1.1915],[1513699200000,1.1882],[1513785600000,1.2422],[1513872000000,1.2345],[1513958400000,1.2202],[1514044800000,1.2201],[1514131200000,1.2287],[1514217600000,1.2583],[1514304000000,1.351],[1514390400000,1.436],[1514476800000,1.1341],[1514563200000,1.134],[1514649600000,1.1339],[1514736000000,1.1329],[1514822400000,1.3887],[1514908800000,1.2326],[1514995200000,1.2306],[1515081600000,1.2549],[1515168000000,1.2599],[1515254400000,1.2598],[1515340800000,1.0677],[1515427200000,1.112],[1515513600000,1.6927],[1515600000000,4.4919],[1515686400000,1.2137],[1515772800000,1.2112],[1515859200000,1.2111],[1515945600000,1.0858],[1516032000000,0.9481],[1516118400000,0.9098],[1516204800000,0.9675],[1516291200000,0.9722],[1516377600000,0.9638],[1516464000000,0.9638],[1516550400000,1.0474],[1516636800000,1.1186],[1516723200000,1.1286],[1516809600000,1.1111],[1516896000000,1.1324],[1516982400000,1.1328],[1517068800000,1.1327],[1517155200000,1.1032],[1517241600000,1.4193],[1517328000000,1.0787],[1517414400000,1.067],[1517500800000,1.072],[1517587200000,1.0727],[1517673600000,1.0726],[1517760000000,1.0165],[1517846400000,1.0238]];
/*基金收益走势图   7日年化收益率*/
var Data_sevenDaysYearIncome = [[1465315200000,1.09],[1466092800000,1.909],[1466352000000,1.938],[1466438400000,1.924],[1466524800000,1.919],[1466611200000,1.952],[1466697600000,1.992],[1466870400000,2.075],[1466956800000,2.125],[1467043200000,2.188],[1467129600000,2.248],[1467216000000,2.278],[1467302400000,2.299],[1467475200000,2.34],[1467561600000,2.355],[1467648000000,2.371],[1467734400000,2.372],[1467820800000,2.363],[1467907200000,2.352],[1468080000000,2.335],[1468166400000,2.318],[1468252800000,2.299],[1468339200000,2.283],[1468425600000,2.277],[1468512000000,2.246],[1468684800000,2.169],[1468771200000,2.166],[1468857600000,2.166],[1468944000000,2.174],[1469030400000,2.179],[1469116800000,2.211],[1469289600000,2.286],[1469376000000,2.283],[1469462400000,2.285],[1469548800000,2.303],[1469635200000,2.321],[1469721600000,2.33],[1469894400000,2.349],[1469980800000,2.37],[1470067200000,2.384],[1470153600000,2.385],[1470240000000,2.381],[1470326400000,2.379],[1470499200000,2.376],[1470585600000,2.379],[1470672000000,2.378],[1470758400000,2.373],[1470844800000,2.366],[1470931200000,2.362],[1471104000000,2.354],[1471190400000,2.344],[1471276800000,2.337],[1471363200000,2.33],[1471449600000,2.326],[1471536000000,2.325],[1471708800000,2.324],[1471795200000,2.323],[1471881600000,2.325],[1471968000000,2.33],[1472054400000,2.337],[1472140800000,2.345],[1472313600000,2.365],[1472400000000,2.394],[1472486400000,2.404],[1472572800000,2.413],[1472659200000,2.417],[1472745600000,2.428],[1472918400000,2.43],[1473004800000,2.414],[1473091200000,2.416],[1473177600000,2.418],[1473264000000,2.417],[1473350400000,2.41],[1473523200000,2.409],[1473609600000,2.41],[1473696000000,2.412],[1473782400000,2.409],[1474128000000,2.423],[1474214400000,2.432],[1474300800000,2.447],[1474387200000,2.463],[1474473600000,2.495],[1474560000000,2.531],[1474732800000,2.591],[1474819200000,2.608],[1474905600000,2.621],[1474992000000,2.636],[1475078400000,2.636],[1475164800000,2.634],[1475942400000,2.663],[1476028800000,2.663],[1476115200000,2.654],[1476201600000,2.653],[1476288000000,2.648],[1476374400000,2.642],[1476547200000,2.63],[1476633600000,2.628],[1476720000000,2.64],[1476806400000,2.634],[1476892800000,2.634],[1476979200000,2.636],[1477152000000,2.636],[1477238400000,2.629],[1477324800000,2.616],[1477411200000,2.612],[1477497600000,2.609],[1477584000000,2.604],[1477756800000,2.598],[1477843200000,2.579],[1477929600000,2.557],[1478016000000,2.538],[1478102400000,2.515],[1478188800000,2.509],[1478361600000,2.478],[1478448000000,2.481],[1478534400000,2.503],[1478620800000,2.513],[1478707200000,2.518],[1478793600000,2.509],[1478966400000,2.51],[1479052800000,2.508],[1479139200000,2.493],[1479225600000,2.49],[1479312000000,2.485],[1479398400000,2.49],[1479571200000,2.499],[1479657600000,2.509],[1479744000000,2.528],[1479830400000,2.541],[1479916800000,2.571],[1480003200000,2.592],[1480176000000,2.634],[1480262400000,2.652],[1480348800000,2.661],[1480435200000,2.676],[1480521600000,2.68],[1480608000000,2.683],[1480780800000,2.688],[1480867200000,2.686],[1480953600000,2.683],[1481040000000,2.679],[1481126400000,2.673],[1481212800000,2.686],[1481385600000,2.713],[1481472000000,2.727],[1481558400000,2.739],[1481644800000,2.754],[1481731200000,2.775],[1481817600000,2.804],[1481990400000,2.858],[1482076800000,2.905],[1482163200000,2.955],[1482249600000,2.996],[1482336000000,3.092],[1482422400000,3.155],[1482595200000,3.283],[1482681600000,3.336],[1482768000000,3.393],[1482854400000,3.486],[1482940800000,3.572],[1483027200000,3.669],[1483113600000,3.767],[1483200000000,3.866],[1483286400000,3.959],[1483372800000,4.043],[1483459200000,4.009],[1483545600000,3.895],[1483632000000,3.782],[1483718400000,3.67],[1483804800000,3.558],[1483891200000,3.451],[1483977600000,3.359],[1484064000000,3.356],[1484150400000,3.371],[1484236800000,3.388],[1484323200000,3.405],[1484409600000,3.423],[1484496000000,3.45],[1484582400000,3.47],[1484668800000,3.519],[1484755200000,3.574],[1484841600000,3.608],[1484928000000,3.642],[1485014400000,3.677],[1485100800000,3.696],[1485187200000,3.72],[1485273600000,3.714],[1485360000000,3.718],[1485446400000,3.729],[1485532800000,3.739],[1485619200000,3.748],[1485705600000,3.759],[1485792000000,3.758],[1485878400000,3.758],[1485964800000,3.752],[1486051200000,3.751],[1486137600000,3.752],[1486224000000,3.752],[1486310400000,3.732],[1486396800000,3.712],[1486483200000,3.704],[1486569600000,3.698],[1486656000000,3.678],[1486742400000,3.658],[1486828800000,3.637],[1486915200000,3.64],[1487001600000,3.649],[1487088000000,3.654],[1487174400000,3.66],[1487260800000,3.656],[1487347200000,3.65],[1487433600000,3.644],[1487520000000,3.628],[1487606400000,3.607],[1487692800000,3.583],[1487779200000,3.562],[1487865600000,3.571],[1487952000000,3.581],[1488038400000,3.591],[1488124800000,3.609],[1488211200000,3.628],[1488297600000,3.641],[1488384000000,3.673],[1488470400000,3.683],[1488556800000,3.681],[1488643200000,3.679],[1488729600000,3.684],[1488816000000,3.684],[1488902400000,3.686],[1488988800000,3.749],[1489075200000,3.757],[1489161600000,3.782],[1489248000000,3.807],[1489334400000,3.783],[1489420800000,3.793],[1489507200000,3.81],[1489593600000,3.744],[1489680000000,3.752],[1489766400000,3.755],[1489852800000,3.758],[1489939200000,3.813],[1490025600000,3.858],[1490112000000,3.909],[1490198400000,3.967],[1490284800000,4.029],[1490371200000,4.09],[1490457600000,4.151],[1490544000000,4.202],[1490630400000,4.215],[1490716800000,4.211],[1490803200000,4.193],[1490889600000,4.171],[1490976000000,4.15],[1491062400000,4.129],[1491148800000,4.106],[1491235200000,4.101],[1491321600000,4.1],[1491408000000,4.099],[1491494400000,4.098],[1491580800000,4.097],[1491667200000,4.096],[1491753600000,4.092],[1491840000000,4.088],[1491926400000,4.079],[1492012800000,4.066],[1492099200000,4.057],[1492185600000,4.047],[1492272000000,4.038],[1492358400000,4.027],[1492444800000,4.027],[1492531200000,4.019],[1492617600000,4.005],[1492704000000,4.433],[1492790400000,4.432],[1492876800000,4.43],[1492963200000,4.417],[1493049600000,4.403],[1493136000000,4.404],[1493222400000,4.418],[1493308800000,3.986],[1493395200000,3.984],[1493481600000,3.982],[1493568000000,3.995],[1493654400000,4.0],[1493740800000,4.001],[1493827200000,3.998],[1493913600000,3.994],[1494000000000,3.991],[1494086400000,3.987],[1494172800000,3.978],[1494259200000,3.969],[1494345600000,3.96],[1494432000000,3.948],[1494518400000,3.94],[1494604800000,3.933],[1494691200000,3.926],[1494777600000,3.921],[1494864000000,3.915],[1494950400000,3.91],[1495036800000,3.905],[1495123200000,3.909],[1495209600000,3.913],[1495296000000,3.917],[1495382400000,3.916],[1495468800000,3.917],[1495555200000,3.908],[1495641600000,3.911],[1495728000000,3.914],[1495814400000,3.918],[1495900800000,3.921],[1495987200000,3.933],[1496073600000,3.943],[1496160000000,3.964],[1496246400000,3.977],[1496332800000,3.977],[1496419200000,3.977],[1496505600000,3.977],[1496592000000,3.977],[1496678400000,3.977],[1496764800000,3.978],[1496851200000,3.978],[1496937600000,3.978],[1497024000000,3.978],[1497110400000,3.978],[1497196800000,3.978],[1497283200000,3.971],[1497369600000,3.992],[1497456000000,4.006],[1497542400000,4.022],[1497628800000,4.039],[1497715200000,4.055],[1497801600000,4.079],[1497888000000,4.113],[1497974400000,4.115],[1498060800000,4.12],[1498147200000,4.13],[1498233600000,4.141],[1498320000000,4.151],[1498406400000,4.124],[1498492800000,4.142],[1498579200000,4.515],[1498665600000,4.525],[1498752000000,4.524],[1498838400000,4.526],[1498924800000,4.528],[1499011200000,4.563],[1499097600000,4.549],[1499184000000,4.164],[1499270400000,4.146],[1499356800000,4.138],[1499443200000,4.122],[1499529600000,4.107],[1499616000000,4.087],[1499702400000,4.068],[1499788800000,4.067],[1499875200000,4.064],[1499961600000,4.065],[1500048000000,4.069],[1500134400000,4.073],[1500220800000,4.075],[1500307200000,4.074],[1500393600000,4.08],[1500480000000,4.088],[1500566400000,4.079],[1500652800000,4.075],[1500739200000,4.07],[1500825600000,4.063],[1500912000000,4.059],[1500998400000,4.05],[1501084800000,4.063],[1501171200000,4.088],[1501257600000,4.109],[1501344000000,4.13],[1501430400000,4.16],[1501516800000,4.186],[1501603200000,4.208],[1501689600000,4.199],[1501776000000,4.186],[1501862400000,4.169],[1501948800000,4.152],[1502035200000,4.123],[1502121600000,4.095],[1502208000000,4.072],[1502294400000,4.054],[1502380800000,4.03],[1502467200000,4.01],[1502553600000,3.989],[1502640000000,3.98],[1502726400000,3.977],[1502812800000,3.972],[1502899200000,3.983],[1502985600000,4.007],[1503072000000,4.031],[1503158400000,4.054],[1503244800000,4.08],[1503331200000,4.105],[1503417600000,4.13],[1503504000000,4.146],[1503590400000,4.144],[1503676800000,4.142],[1503763200000,4.14],[1503849600000,4.13],[1503936000000,4.127],[1504022400000,4.131],[1504108800000,4.129],[1504195200000,4.142],[1504281600000,4.156],[1504368000000,4.169],[1504454400000,4.186],[1504540800000,4.187],[1504627200000,4.179],[1504713600000,4.149],[1504800000000,4.12],[1504886400000,4.092],[1504972800000,4.065],[1505059200000,4.039],[1505145600000,4.039],[1505232000000,4.053],[1505318400000,4.076],[1505404800000,4.092],[1505491200000,4.109],[1505577600000,4.126],[1505664000000,4.14],[1505750400000,4.139],[1505836800000,4.115],[1505923200000,4.109],[1506009600000,4.103],[1506096000000,4.097],[1506182400000,4.092],[1506268800000,4.086],[1506355200000,4.075],[1506441600000,4.072],[1506528000000,4.089],[1506614400000,4.11],[1506700800000,4.13],[1506787200000,4.15],[1506873600000,4.171],[1506960000000,4.194],[1507046400000,4.218],[1507132800000,4.217],[1507219200000,4.216],[1507305600000,4.216],[1507392000000,4.216],[1507478400000,4.215],[1507564800000,4.217],[1507651200000,4.221],[1507737600000,4.204],[1507824000000,4.184],[1507910400000,4.165],[1507996800000,4.146],[1508083200000,4.113],[1508169600000,4.065],[1508256000000,4.016],[1508342400000,3.956],[1508428800000,3.915],[1508515200000,3.871],[1508601600000,3.826],[1508688000000,3.794],[1508774400000,3.779],[1508860800000,3.761],[1508947200000,3.783],[1509033600000,3.809],[1509120000000,3.839],[1509206400000,3.868],[1509292800000,3.899],[1509379200000,3.93],[1509465600000,3.963],[1509552000000,3.983],[1509638400000,3.967],[1509724800000,3.951],[1509811200000,3.935],[1509897600000,3.928],[1509984000000,3.895],[1510070400000,3.868],[1510156800000,3.842],[1510243200000,3.837],[1510329600000,3.835],[1510416000000,3.832],[1510502400000,3.827],[1510588800000,3.852],[1510675200000,3.883],[1510761600000,3.914],[1510848000000,3.941],[1510934400000,3.965],[1511020800000,3.99],[1511107200000,4.011],[1511193600000,4.021],[1511280000000,4.022],[1511366400000,4.014],[1511452800000,4.227],[1511539200000,4.161],[1511625600000,4.095],[1511712000000,4.095],[1511798400000,4.098],[1511884800000,4.097],[1511971200000,4.123],[1512057600000,3.92],[1512144000000,3.996],[1512230400000,4.072],[1512316800000,4.077],[1512403200000,4.069],[1512489600000,4.063],[1512576000000,4.032],[1512662400000,4.016],[1512748800000,3.991],[1512835200000,3.967],[1512921600000,3.946],[1513008000000,3.945],[1513094400000,3.965],[1513180800000,4.008],[1513267200000,4.039],[1513353600000,4.078],[1513440000000,4.117],[1513526400000,4.175],[1513612800000,4.24],[1513699200000,4.284],[1513785600000,4.344],[1513872000000,4.403],[1513958400000,4.456],[1514044800000,4.508],[1514131200000,4.545],[1514217600000,4.582],[1514304000000,4.671],[1514390400000,4.776],[1514476800000,4.722],[1514563200000,4.675],[1514649600000,4.628],[1514736000000,4.575],[1514822400000,4.646],[1514908800000,4.582],[1514995200000,4.47],[1515081600000,4.536],[1515168000000,4.604],[1515254400000,4.673],[1515340800000,4.637],[1515427200000,4.487],[1515513600000,4.738],[1515600000000,6.533],[1515686400000,6.51],[1515772800000,6.483],[1515859200000,6.456],[1515945600000,6.466],[1516032000000,6.375],[1516118400000,5.942],[1516204800000,4.014],[1516291200000,3.883],[1516377600000,3.749],[1516464000000,3.615],[1516550400000,3.594],[1516636800000,3.686],[1516723200000,3.805],[1516809600000,3.883],[1516896000000,3.969],[1516982400000,4.061],[1517068800000,4.153],[1517155200000,4.183],[1517241600000,4.346],[1517328000000,4.319],[1517414400000,4.295],[1517500800000,4.263],[1517587200000,4.23],[1517673600000,4.197],[1517760000000,4.15],[1517846400000,3.936]];
/*资产配置*/
var Data_assetAllocationCurrency ={"categories":["12-31","09-30","06-30","03-31"],"series":[{"name":"股票","data":[null,null,null,null]},{"name":"债券","data":[42.03,45.32,42.48,29.97]},{"name":"现金","data":[21.57,35.03,53.7,53.26]}]};
/*累计收益率走势*/
var Data_grandTotal = [{"name":"中科沃土货币B","data":[[1501948800000,0],[1502035200000,0.01],[1502121600000,0.02],[1502208000000,0.03],[1502294400000,0.04],[1502380800000,0.05],[1502467200000,0.06],[1502553600000,0.08],[1502640000000,0.09],[1502726400000,0.10],[1502812800000,0.11],[1502899200000,0.12],[1502985600000,0.13],[1503072000000,0.14],[1503158400000,0.15],[1503244800000,0.16],[1503331200000,0.17],[1503417600000,0.18],[1503504000000,0.20],[1503590400000,0.21],[1503676800000,0.22],[1503763200000,0.23],[1503849600000,0.24],[1503936000000,0.25],[1504022400000,0.26],[1504108800000,0.27],[1504195200000,0.29],[1504281600000,0.30],[1504368000000,0.31],[1504454400000,0.32],[1504540800000,0.33],[1504627200000,0.34],[1504713600000,0.35],[1504800000000,0.36],[1504886400000,0.37],[1504972800000,0.38],[1505059200000,0.40],[1505145600000,0.41],[1505232000000,0.42],[1505318400000,0.43],[1505404800000,0.44],[1505491200000,0.45],[1505577600000,0.46],[1505664000000,0.47],[1505750400000,0.48],[1505836800000,0.50],[1505923200000,0.51],[1506009600000,0.52],[1506096000000,0.53],[1506182400000,0.54],[1506268800000,0.55],[1506355200000,0.56],[1506441600000,0.57],[1506528000000,0.58],[1506614400000,0.60],[1506700800000,0.61],[1506787200000,0.62],[1506873600000,0.63],[1506960000000,0.64],[1507046400000,0.65],[1507132800000,0.66],[1507219200000,0.68],[1507305600000,0.69],[1507392000000,0.70],[1507478400000,0.71],[1507564800000,0.72],[1507651200000,0.73],[1507737600000,0.74],[1507824000000,0.75],[1507910400000,0.77],[1507996800000,0.78],[1508083200000,0.79],[1508169600000,0.80],[1508256000000,0.81],[1508342400000,0.82],[1508428800000,0.83],[1508515200000,0.84],[1508601600000,0.85],[1508688000000,0.86],[1508774400000,0.87],[1508860800000,0.88],[1508947200000,0.89],[1509033600000,0.90],[1509120000000,0.91],[1509206400000,0.92],[1509292800000,0.93],[1509379200000,0.94],[1509465600000,0.95],[1509552000000,0.97],[1509638400000,0.98],[1509724800000,0.99],[1509811200000,1.00],[1509897600000,1.01],[1509984000000,1.02],[1510070400000,1.03],[1510156800000,1.04],[1510243200000,1.05],[1510329600000,1.06],[1510416000000,1.07],[1510502400000,1.08],[1510588800000,1.09],[1510675200000,1.10],[1510761600000,1.11],[1510848000000,1.12],[1510934400000,1.13],[1511020800000,1.15],[1511107200000,1.16],[1511193600000,1.17],[1511280000000,1.18],[1511366400000,1.19],[1511452800000,1.20],[1511539200000,1.21],[1511625600000,1.22],[1511712000000,1.23],[1511798400000,1.25],[1511884800000,1.26],[1511971200000,1.27],[1512057600000,1.28],[1512144000000,1.29],[1512230400000,1.30],[1512316800000,1.31],[1512403200000,1.32],[1512489600000,1.33],[1512576000000,1.34],[1512662400000,1.36],[1512748800000,1.37],[1512835200000,1.38],[1512921600000,1.39],[1513008000000,1.40],[1513094400000,1.41],[1513180800000,1.42],[1513267200000,1.43],[1513353600000,1.44],[1513440000000,1.46],[1513526400000,1.47],[1513612800000,1.48],[1513699200000,1.49],[1513785600000,1.50],[1513872000000,1.52],[1513958400000,1.53],[1514044800000,1.54],[1514131200000,1.55],[1514217600000,1.57],[1514304000000,1.58],[1514390400000,1.59],[1514476800000,1.61],[1514563200000,1.62],[1514649600000,1.63],[1514736000000,1.64],[1514822400000,1.65],[1514908800000,1.67],[1514995200000,1.68],[1515081600000,1.69],[1515168000000,1.71],[1515254400000,1.72],[1515340800000,1.73],[1515427200000,1.74],[1515513600000,1.76],[1515600000000,1.80],[1515686400000,1.82],[1515772800000,1.83],[1515859200000,1.84],[1515945600000,1.85],[1516032000000,1.86],[1516118400000,1.87],[1516204800000,1.88],[1516291200000,1.89],[1516377600000,1.90],[1516464000000,1.91],[1516550400000,1.92],[1516636800000,1.93],[1516723200000,1.94],[1516809600000,1.95],[1516896000000,1.97],[1516982400000,1.98],[1517068800000,1.99],[1517155200000,2.00],[1517241600000,2.02],[1517328000000,2.03],[1517414400000,2.04],[1517500800000,2.05],[1517587200000,2.06],[1517673600000,2.07],[1517760000000,2.08],[1517846400000,2.09]]},{"name":"同类平均","data":[[1502035200000,0],[1502121600000,0.01],[1502208000000,0.02],[1502294400000,0.03],[1502380800000,0.04],[1502640000000,0.07],[1502726400000,0.08],[1502812800000,0.09],[1502899200000,0.10],[1502985600000,0.11],[1503244800000,0.14],[1503331200000,0.16],[1503417600000,0.17],[1503504000000,0.18],[1503590400000,0.19],[1503849600000,0.22],[1503936000000,0.23],[1504022400000,0.24],[1504108800000,0.25],[1504195200000,0.26],[1504454400000,0.29],[1504540800000,0.30],[1504627200000,0.31],[1504713600000,0.32],[1504800000000,0.34],[1505059200000,0.37],[1505145600000,0.38],[1505232000000,0.39],[1505318400000,0.40],[1505404800000,0.41],[1505664000000,0.44],[1505750400000,0.45],[1505836800000,0.46],[1505923200000,0.47],[1506009600000,0.48],[1506268800000,0.52],[1506355200000,0.53],[1506441600000,0.54],[1506528000000,0.55],[1506614400000,0.56],[1507478400000,0.67],[1507564800000,0.68],[1507651200000,0.69],[1507737600000,0.71],[1507824000000,0.72],[1508083200000,0.75],[1508169600000,0.76],[1508256000000,0.77],[1508342400000,0.78],[1508428800000,0.79],[1508688000000,0.82],[1508774400000,0.83],[1508860800000,0.84],[1508947200000,0.85],[1509033600000,0.86],[1509292800000,0.90],[1509379200000,0.91],[1509465600000,0.92],[1509552000000,0.93],[1509638400000,0.94],[1509897600000,0.97],[1509984000000,0.98],[1510070400000,0.99],[1510156800000,1.00],[1510243200000,1.01],[1510502400000,1.04],[1510588800000,1.06],[1510675200000,1.07],[1510761600000,1.08],[1510848000000,1.09],[1511107200000,1.12],[1511193600000,1.13],[1511280000000,1.14],[1511366400000,1.15],[1511452800000,1.16],[1511712000000,1.20],[1511798400000,1.21],[1511884800000,1.22],[1511971200000,1.23],[1512057600000,1.24],[1512316800000,1.28],[1512403200000,1.29],[1512489600000,1.30],[1512576000000,1.31],[1512662400000,1.32],[1512921600000,1.35],[1513008000000,1.36],[1513094400000,1.38],[1513180800000,1.39],[1513267200000,1.40],[1513526400000,1.43],[1513612800000,1.44],[1513699200000,1.46],[1513785600000,1.47],[1513872000000,1.48],[1514131200000,1.51],[1514217600000,1.53],[1514304000000,1.54],[1514390400000,1.55],[1514476800000,1.57],[1514822400000,1.62],[1514908800000,1.64],[1514995200000,1.65],[1515081600000,1.66],[1515340800000,1.69],[1515427200000,1.71],[1515513600000,1.72],[1515600000000,1.73],[1515686400000,1.74],[1515945600000,1.77],[1516032000000,1.79],[1516118400000,1.80],[1516204800000,1.81],[1516291200000,1.82],[1516550400000,1.86],[1516636800000,1.87],[1516723200000,1.88],[1516809600000,1.89],[1516896000000,1.90],[1517155200000,1.94],[1517241600000,1.95],[1517328000000,1.96],[1517414400000,1.97],[1517500800000,1.98],[1517760000000,2.02],[1517846400000,2.03]]},{"name":"沪深300","data":[[1502035200000,0],[1502121600000,0.15],[1502208000000,0.11],[1502294400000,-0.29],[1502380800000,-2.13],[1502640000000,-0.86],[1502726400000,-0.56],[1502812800000,-0.68],[1502899200000,-0.15],[1502985600000,-0.06],[1503244800000,0.38],[1503331200000,0.68],[1503417600000,0.79],[1503504000000,0.21],[1503590400000,1.85],[1503849600000,3.11],[1503936000000,2.89],[1504022400000,2.88],[1504108800000,2.56],[1504195200000,2.78],[1504454400000,3.19],[1504540800000,3.50],[1504627200000,3.29],[1504713600000,2.77],[1504800000000,2.66],[1505059200000,2.65],[1505145600000,2.98],[1505232000000,3.11],[1505318400000,2.77],[1505404800000,2.80],[1505664000000,3.12],[1505750400000,2.83],[1505836800000,3.10],[1505923200000,2.98],[1506009600000,2.98],[1506268800000,2.44],[1506355200000,2.52],[1506441600000,2.53],[1506528000000,2.57],[1506614400000,2.94],[1507478400000,4.17],[1507564800000,4.38],[1507651200000,4.72],[1507737600000,5.00],[1507824000000,5.21],[1508083200000,5.01],[1508169600000,5.00],[1508256000000,5.83],[1508342400000,5.49],[1508428800000,5.37],[1508688000000,5.47],[1508774400000,6.24],[1508860800000,6.71],[1508947200000,7.16],[1509033600000,7.92],[1509292800000,7.59],[1509379200000,7.51],[1509465600000,7.24],[1509552000000,7.25],[1509638400000,7.13],[1509897600000,7.89],[1509984000000,8.79],[1510070400000,8.62],[1510156800000,9.37],[1510243200000,10.33],[1510502400000,10.77],[1510588800000,10.00],[1510675200000,9.31],[1510761600000,10.15],[1510848000000,10.57],[1511107200000,11.19],[1511193600000,13.17],[1511280000000,13.44],[1511366400000,10.08],[1511452800000,10.13],[1511712000000,8.67],[1511798400000,8.83],[1511884800000,8.77],[1511971200000,7.49],[1512057600000,7.28],[1512316800000,7.84],[1512403200000,8.41],[1512489600000,7.76],[1512576000000,6.55],[1512662400000,7.42],[1512921600000,9.20],[1513008000000,7.76],[1513094400000,8.67],[1513180800000,8.03],[1513267200000,6.82],[1513526400000,6.94],[1513612800000,8.28],[1513699200000,8.15],[1513785600000,9.15],[1513872000000,8.80],[1514131200000,8.45],[1514217600000,8.77],[1514304000000,7.09],[1514390400000,7.84],[1514476800000,8.16],[1514822400000,9.68],[1514908800000,10.32],[1514995200000,10.79],[1515081600000,11.05],[1515340800000,11.63],[1515427200000,12.41],[1515513600000,12.91],[1515600000000,12.85],[1515686400000,13.37],[1515945600000,13.37],[1516032000000,14.27],[1516118400000,13.99],[1516204800000,14.61],[1516291200000,14.99],[1516550400000,16.36],[1516636800000,17.60],[1516723200000,17.79],[1516809600000,17.13],[1516896000000,17.56],[1517155200000,15.43],[1517241600000,14.20],[1517328000000,14.73],[1517414400000,13.93],[1517500800000,14.61],[1517760000000,14.69],[1517846400000,11.33]]}];
/*同类排名*/
var Data_rateInSimilarType = [{"x":1473264000000,"y":391,"sc":"423"},{"x":1473350400000,"y":391,"sc":"424"},{"x":1473609600000,"y":383,"sc":"424"},{"x":1473696000000,"y":376,"sc":"424"},{"x":1473782400000,"y":374,"sc":"424"},{"x":1474214400000,"y":353,"sc":"424"},{"x":1474300800000,"y":349,"sc":"424"},{"x":1474387200000,"y":345,"sc":"424"},{"x":1474473600000,"y":345,"sc":"427"},{"x":1474560000000,"y":339,"sc":"427"},{"x":1474819200000,"y":337,"sc":"430"},{"x":1474905600000,"y":331,"sc":"430"},{"x":1474992000000,"y":328,"sc":"430"},{"x":1475078400000,"y":326,"sc":"432"},{"x":1475164800000,"y":325,"sc":"432"},{"x":1476028800000,"y":300,"sc":"434"},{"x":1476115200000,"y":293,"sc":"434"},{"x":1476201600000,"y":294,"sc":"435"},{"x":1476288000000,"y":292,"sc":"437"},{"x":1476374400000,"y":288,"sc":"435"},{"x":1476633600000,"y":273,"sc":"436"},{"x":1476720000000,"y":267,"sc":"438"},{"x":1476806400000,"y":262,"sc":"437"},{"x":1476892800000,"y":261,"sc":"437"},{"x":1476979200000,"y":260,"sc":"437"},{"x":1477238400000,"y":255,"sc":"440"},{"x":1477324800000,"y":249,"sc":"440"},{"x":1477411200000,"y":249,"sc":"441"},{"x":1477497600000,"y":249,"sc":"441"},{"x":1477584000000,"y":248,"sc":"445"},{"x":1477843200000,"y":249,"sc":"447"},{"x":1477929600000,"y":245,"sc":"447"},{"x":1478016000000,"y":243,"sc":"447"},{"x":1478102400000,"y":244,"sc":"447"},{"x":1478188800000,"y":244,"sc":"448"},{"x":1478448000000,"y":244,"sc":"450"},{"x":1478534400000,"y":242,"sc":"450"},{"x":1478620800000,"y":239,"sc":"450"},{"x":1478707200000,"y":239,"sc":"450"},{"x":1478793600000,"y":239,"sc":"450"},{"x":1479052800000,"y":234,"sc":"450"},{"x":1479139200000,"y":236,"sc":"450"},{"x":1479225600000,"y":237,"sc":"450"},{"x":1479312000000,"y":231,"sc":"450"},{"x":1479398400000,"y":231,"sc":"450"},{"x":1479657600000,"y":225,"sc":"451"},{"x":1479744000000,"y":219,"sc":"451"},{"x":1479830400000,"y":217,"sc":"451"},{"x":1479916800000,"y":215,"sc":"451"},{"x":1480003200000,"y":217,"sc":"451"},{"x":1480262400000,"y":212,"sc":"451"},{"x":1480348800000,"y":212,"sc":"452"},{"x":1480435200000,"y":209,"sc":"452"},{"x":1480521600000,"y":209,"sc":"452"},{"x":1480608000000,"y":210,"sc":"455"},{"x":1480867200000,"y":206,"sc":"455"},{"x":1480953600000,"y":200,"sc":"455"},{"x":1481040000000,"y":197,"sc":"455"},{"x":1481126400000,"y":198,"sc":"455"},{"x":1481212800000,"y":195,"sc":"456"},{"x":1481472000000,"y":179,"sc":"457"},{"x":1481558400000,"y":178,"sc":"458"},{"x":1481644800000,"y":175,"sc":"458"},{"x":1481731200000,"y":164,"sc":"458"},{"x":1481817600000,"y":160,"sc":"458"},{"x":1482076800000,"y":159,"sc":"458"},{"x":1482163200000,"y":156,"sc":"458"},{"x":1482249600000,"y":157,"sc":"458"},{"x":1482336000000,"y":153,"sc":"459"},{"x":1482422400000,"y":150,"sc":"463"},{"x":1482681600000,"y":153,"sc":"464"},{"x":1482768000000,"y":152,"sc":"464"},{"x":1482854400000,"y":151,"sc":"466"},{"x":1482940800000,"y":149,"sc":"466"},{"x":1483027200000,"y":150,"sc":"469"},{"x":1483372800000,"y":122,"sc":"469"},{"x":1483459200000,"y":120,"sc":"468"},{"x":1483545600000,"y":116,"sc":"469"},{"x":1483632000000,"y":116,"sc":"469"},{"x":1483891200000,"y":154,"sc":"469"},{"x":1483977600000,"y":154,"sc":"469"},{"x":1484064000000,"y":151,"sc":"469"},{"x":1484150400000,"y":148,"sc":"469"},{"x":1484236800000,"y":147,"sc":"469"},{"x":1484496000000,"y":148,"sc":"472"},{"x":1484582400000,"y":146,"sc":"474"},{"x":1484668800000,"y":142,"sc":"476"},{"x":1484755200000,"y":141,"sc":"476"},{"x":1484841600000,"y":141,"sc":"476"},{"x":1485100800000,"y":148,"sc":"481"},{"x":1485187200000,"y":147,"sc":"482"},{"x":1485273600000,"y":149,"sc":"484"},{"x":1485360000000,"y":143,"sc":"485"},{"x":1486051200000,"y":125,"sc":"489"},{"x":1486310400000,"y":123,"sc":"491"},{"x":1486396800000,"y":122,"sc":"491"},{"x":1486483200000,"y":120,"sc":"491"},{"x":1486569600000,"y":118,"sc":"491"},{"x":1486656000000,"y":118,"sc":"494"},{"x":1486915200000,"y":121,"sc":"496"},{"x":1487001600000,"y":118,"sc":"496"},{"x":1487088000000,"y":120,"sc":"496"},{"x":1487174400000,"y":119,"sc":"496"},{"x":1487260800000,"y":119,"sc":"496"},{"x":1487520000000,"y":120,"sc":"496"},{"x":1487606400000,"y":119,"sc":"496"},{"x":1487692800000,"y":119,"sc":"496"},{"x":1487779200000,"y":122,"sc":"498"},{"x":1487865600000,"y":123,"sc":"500"},{"x":1488124800000,"y":130,"sc":"503"},{"x":1488211200000,"y":128,"sc":"503"},{"x":1488297600000,"y":130,"sc":"503"},{"x":1488384000000,"y":131,"sc":"511"},{"x":1488470400000,"y":128,"sc":"511"},{"x":1488729600000,"y":137,"sc":"513"},{"x":1488816000000,"y":138,"sc":"515"},{"x":1488902400000,"y":137,"sc":"516"},{"x":1488988800000,"y":134,"sc":"518"},{"x":1489075200000,"y":131,"sc":"518"},{"x":1489334400000,"y":140,"sc":"518"},{"x":1489420800000,"y":141,"sc":"518"},{"x":1489507200000,"y":140,"sc":"518"},{"x":1489593600000,"y":138,"sc":"520"},{"x":1489680000000,"y":136,"sc":"520"},{"x":1489939200000,"y":141,"sc":"522"},{"x":1490025600000,"y":141,"sc":"522"},{"x":1490112000000,"y":141,"sc":"524"},{"x":1490198400000,"y":146,"sc":"530"},{"x":1490284800000,"y":140,"sc":"530"},{"x":1490544000000,"y":145,"sc":"534"},{"x":1490630400000,"y":144,"sc":"535"},{"x":1490716800000,"y":149,"sc":"535"},{"x":1490803200000,"y":148,"sc":"538"},{"x":1490889600000,"y":151,"sc":"538"},{"x":1491321600000,"y":156,"sc":"538"},{"x":1491408000000,"y":152,"sc":"540"},{"x":1491494400000,"y":162,"sc":"540"},{"x":1491753600000,"y":151,"sc":"540"},{"x":1491840000000,"y":152,"sc":"540"},{"x":1491926400000,"y":149,"sc":"540"},{"x":1492012800000,"y":150,"sc":"541"},{"x":1492099200000,"y":155,"sc":"541"},{"x":1492358400000,"y":148,"sc":"543"},{"x":1492444800000,"y":148,"sc":"543"},{"x":1492531200000,"y":148,"sc":"543"},{"x":1492617600000,"y":146,"sc":"545"},{"x":1492704000000,"y":146,"sc":"545"},{"x":1492963200000,"y":121,"sc":"545"},{"x":1493049600000,"y":119,"sc":"547"},{"x":1493136000000,"y":121,"sc":"549"},{"x":1493222400000,"y":140,"sc":"549"},{"x":1493308800000,"y":154,"sc":"549"},{"x":1493654400000,"y":133,"sc":"549"},{"x":1493740800000,"y":131,"sc":"550"},{"x":1493827200000,"y":141,"sc":"550"},{"x":1493913600000,"y":133,"sc":"550"},{"x":1494172800000,"y":131,"sc":"550"},{"x":1494259200000,"y":132,"sc":"550"},{"x":1494345600000,"y":127,"sc":"550"},{"x":1494432000000,"y":145,"sc":"550"},{"x":1494518400000,"y":127,"sc":"550"},{"x":1494777600000,"y":135,"sc":"554"},{"x":1494864000000,"y":137,"sc":"556"},{"x":1494950400000,"y":138,"sc":"560"},{"x":1495036800000,"y":153,"sc":"560"},{"x":1495123200000,"y":135,"sc":"560"},{"x":1495382400000,"y":134,"sc":"560"},{"x":1495468800000,"y":137,"sc":"562"},{"x":1495555200000,"y":138,"sc":"564"},{"x":1495641600000,"y":150,"sc":"564"},{"x":1495728000000,"y":137,"sc":"564"},{"x":1496160000000,"y":139,"sc":"564"},{"x":1496246400000,"y":134,"sc":"564"},{"x":1496332800000,"y":133,"sc":"564"},{"x":1496592000000,"y":134,"sc":"566"},{"x":1496678400000,"y":134,"sc":"566"},{"x":1496764800000,"y":136,"sc":"566"},{"x":1496851200000,"y":136,"sc":"566"},{"x":1496937600000,"y":138,"sc":"566"},{"x":1497196800000,"y":143,"sc":"574"},{"x":1497283200000,"y":143,"sc":"574"},{"x":1497369600000,"y":147,"sc":"575"},{"x":1497456000000,"y":150,"sc":"575"},{"x":1497542400000,"y":147,"sc":"575"},{"x":1497801600000,"y":150,"sc":"577"},{"x":1497888000000,"y":150,"sc":"577"},{"x":1497974400000,"y":154,"sc":"575"},{"x":1498060800000,"y":153,"sc":"575"},{"x":1498147200000,"y":156,"sc":"576"},{"x":1498406400000,"y":173,"sc":"579"},{"x":1498492800000,"y":173,"sc":"579"},{"x":1498579200000,"y":158,"sc":"579"},{"x":1498665600000,"y":158,"sc":"579"},{"x":1498752000000,"y":161,"sc":"582"},{"x":1499011200000,"y":230,"sc":"582"},{"x":1499097600000,"y":167,"sc":"582"},{"x":1499184000000,"y":166,"sc":"583"},{"x":1499270400000,"y":163,"sc":"583"},{"x":1499356800000,"y":165,"sc":"583"},{"x":1499616000000,"y":175,"sc":"583"},{"x":1499702400000,"y":176,"sc":"583"},{"x":1499788800000,"y":177,"sc":"583"},{"x":1499875200000,"y":178,"sc":"583"},{"x":1499961600000,"y":179,"sc":"586"},{"x":1500220800000,"y":183,"sc":"586"},{"x":1500307200000,"y":188,"sc":"586"},{"x":1500393600000,"y":190,"sc":"589"},{"x":1500480000000,"y":189,"sc":"589"},{"x":1500566400000,"y":228,"sc":"593"},{"x":1500825600000,"y":233,"sc":"593"},{"x":1500912000000,"y":240,"sc":"593"},{"x":1500998400000,"y":242,"sc":"594"},{"x":1501084800000,"y":241,"sc":"594"},{"x":1501171200000,"y":244,"sc":"594"},{"x":1501430400000,"y":289,"sc":"594"},{"x":1501516800000,"y":243,"sc":"594"},{"x":1501603200000,"y":243,"sc":"594"},{"x":1501689600000,"y":242,"sc":"594"},{"x":1501776000000,"y":243,"sc":"594"},{"x":1502035200000,"y":243,"sc":"596"},{"x":1502121600000,"y":244,"sc":"596"},{"x":1502208000000,"y":244,"sc":"596"},{"x":1502294400000,"y":245,"sc":"596"},{"x":1502380800000,"y":245,"sc":"596"},{"x":1502640000000,"y":245,"sc":"596"},{"x":1502726400000,"y":247,"sc":"596"},{"x":1502812800000,"y":251,"sc":"596"},{"x":1502899200000,"y":251,"sc":"596"},{"x":1502985600000,"y":250,"sc":"596"},{"x":1503244800000,"y":256,"sc":"597"},{"x":1503331200000,"y":254,"sc":"597"},{"x":1503417600000,"y":250,"sc":"597"},{"x":1503504000000,"y":246,"sc":"596"},{"x":1503590400000,"y":249,"sc":"596"},{"x":1503849600000,"y":296,"sc":"600"},{"x":1503936000000,"y":317,"sc":"600"},{"x":1504022400000,"y":253,"sc":"600"},{"x":1504108800000,"y":250,"sc":"601"},{"x":1504195200000,"y":251,"sc":"601"},{"x":1504454400000,"y":249,"sc":"601"},{"x":1504540800000,"y":249,"sc":"601"},{"x":1504627200000,"y":248,"sc":"601"},{"x":1504713600000,"y":251,"sc":"601"},{"x":1504800000000,"y":254,"sc":"601"},{"x":1505059200000,"y":258,"sc":"603"},{"x":1505145600000,"y":254,"sc":"603"},{"x":1505232000000,"y":251,"sc":"603"},{"x":1505318400000,"y":257,"sc":"605"},{"x":1505404800000,"y":257,"sc":"605"},{"x":1505664000000,"y":256,"sc":"606"},{"x":1505750400000,"y":254,"sc":"606"},{"x":1505836800000,"y":249,"sc":"603"},{"x":1505923200000,"y":252,"sc":"603"},{"x":1506009600000,"y":253,"sc":"603"},{"x":1506268800000,"y":249,"sc":"603"},{"x":1506355200000,"y":241,"sc":"603"},{"x":1506441600000,"y":243,"sc":"604"},{"x":1506528000000,"y":264,"sc":"604"},{"x":1506614400000,"y":261,"sc":"606"},{"x":1507478400000,"y":245,"sc":"606"},{"x":1507564800000,"y":244,"sc":"607"},{"x":1507651200000,"y":242,"sc":"607"},{"x":1507737600000,"y":245,"sc":"611"},{"x":1507824000000,"y":247,"sc":"611"},{"x":1508083200000,"y":256,"sc":"612"},{"x":1508169600000,"y":257,"sc":"612"},{"x":1508256000000,"y":257,"sc":"611"},{"x":1508342400000,"y":259,"sc":"611"},{"x":1508428800000,"y":261,"sc":"611"},{"x":1508688000000,"y":260,"sc":"606"},{"x":1508774400000,"y":259,"sc":"606"},{"x":1508860800000,"y":259,"sc":"607"},{"x":1508947200000,"y":261,"sc":"607"},{"x":1509033600000,"y":259,"sc":"607"},{"x":1509292800000,"y":267,"sc":"609"},{"x":1509379200000,"y":269,"sc":"610"},{"x":1509465600000,"y":272,"sc":"610"},{"x":1509552000000,"y":274,"sc":"613"},{"x":1509638400000,"y":275,"sc":"617"},{"x":1509897600000,"y":288,"sc":"621"},{"x":1509984000000,"y":292,"sc":"621"},{"x":1510070400000,"y":297,"sc":"621"},{"x":1510156800000,"y":299,"sc":"623"},{"x":1510243200000,"y":303,"sc":"623"},{"x":1510502400000,"y":304,"sc":"633"},{"x":1510588800000,"y":309,"sc":"635"},{"x":1510675200000,"y":305,"sc":"635"},{"x":1510761600000,"y":303,"sc":"635"},{"x":1510848000000,"y":304,"sc":"636"},{"x":1511107200000,"y":310,"sc":"636"},{"x":1511193600000,"y":309,"sc":"636"},{"x":1511280000000,"y":310,"sc":"636"},{"x":1511366400000,"y":315,"sc":"636"},{"x":1511452800000,"y":299,"sc":"637"},{"x":1511712000000,"y":322,"sc":"640"},{"x":1511798400000,"y":320,"sc":"640"},{"x":1511884800000,"y":322,"sc":"640"},{"x":1511971200000,"y":328,"sc":"641"},{"x":1512057600000,"y":332,"sc":"643"},{"x":1512316800000,"y":337,"sc":"643"},{"x":1512403200000,"y":342,"sc":"643"},{"x":1512489600000,"y":347,"sc":"643"},{"x":1512576000000,"y":352,"sc":"644"},{"x":1512662400000,"y":352,"sc":"652"},{"x":1512921600000,"y":364,"sc":"652"},{"x":1513008000000,"y":371,"sc":"653"},{"x":1513094400000,"y":375,"sc":"653"},{"x":1513180800000,"y":374,"sc":"654"},{"x":1513267200000,"y":375,"sc":"656"},{"x":1513526400000,"y":383,"sc":"656"},{"x":1513612800000,"y":383,"sc":"656"},{"x":1513699200000,"y":381,"sc":"656"},{"x":1513785600000,"y":373,"sc":"655"},{"x":1513872000000,"y":371,"sc":"655"},{"x":1514131200000,"y":361,"sc":"655"},{"x":1514217600000,"y":357,"sc":"655"},{"x":1514304000000,"y":350,"sc":"654"},{"x":1514390400000,"y":343,"sc":"655"},{"x":1514476800000,"y":354,"sc":"655"},{"x":1514822400000,"y":453,"sc":"655"},{"x":1514908800000,"y":477,"sc":"655"},{"x":1514995200000,"y":497,"sc":"655"},{"x":1515081600000,"y":510,"sc":"655"},{"x":1515340800000,"y":380,"sc":"655"},{"x":1515427200000,"y":384,"sc":"655"},{"x":1515513600000,"y":365,"sc":"656"},{"x":1515600000000,"y":231,"sc":"657"},{"x":1515686400000,"y":226,"sc":"657"},{"x":1515945600000,"y":225,"sc":"657"},{"x":1516032000000,"y":231,"sc":"657"},{"x":1516118400000,"y":242,"sc":"657"},{"x":1516204800000,"y":245,"sc":"657"},{"x":1516291200000,"y":248,"sc":"657"},{"x":1516550400000,"y":269,"sc":"657"},{"x":1516636800000,"y":269,"sc":"657"},{"x":1516723200000,"y":267,"sc":"657"},{"x":1516809600000,"y":264,"sc":"657"},{"x":1516896000000,"y":263,"sc":"655"},{"x":1517155200000,"y":267,"sc":"656"},{"x":1517241600000,"y":260,"sc":"656"},{"x":1517328000000,"y":263,"sc":"656"},{"x":1517414400000,"y":264,"sc":"656"},{"x":1517500800000,"y":265,"sc":"656"},{"x":1517760000000,"y":269,"sc":"656"},{"x":1517846400000,"y":273,"sc":"656"}];
/*百分比排名*/
var Data_rateInSimilarPersent = [[1473264000000,7.5700],[1473350400000,7.7800],[1473609600000,9.6700],[1473696000000,11.3200],[1473782400000,11.7900],[1474214400000,16.7500],[1474300800000,17.6900],[1474387200000,18.6300],[1474473600000,19.2000],[1474560000000,20.6100],[1474819200000,21.6300],[1474905600000,23.0200],[1474992000000,23.7200],[1475078400000,24.5400],[1475164800000,24.7700],[1476028800000,30.8800],[1476115200000,32.4900],[1476201600000,32.4100],[1476288000000,33.1800],[1476374400000,33.7900],[1476633600000,37.3900],[1476720000000,39.0400],[1476806400000,40.0500],[1476892800000,40.2700],[1476979200000,40.5000],[1477238400000,42.0500],[1477324800000,43.4100],[1477411200000,43.5400],[1477497600000,43.5400],[1477584000000,44.2700],[1477843200000,44.3000],[1477929600000,45.1900],[1478016000000,45.6400],[1478102400000,45.4100],[1478188800000,45.5400],[1478448000000,45.7800],[1478534400000,46.2200],[1478620800000,46.8900],[1478707200000,46.8900],[1478793600000,46.8900],[1479052800000,48.00],[1479139200000,47.5600],[1479225600000,47.3300],[1479312000000,48.6700],[1479398400000,48.6700],[1479657600000,50.1100],[1479744000000,51.4400],[1479830400000,51.8800],[1479916800000,52.3300],[1480003200000,51.8800],[1480262400000,52.9900],[1480348800000,53.1000],[1480435200000,53.7600],[1480521600000,53.7600],[1480608000000,53.8500],[1480867200000,54.7300],[1480953600000,56.0400],[1481040000000,56.7000],[1481126400000,56.4800],[1481212800000,57.2400],[1481472000000,60.8300],[1481558400000,61.1400],[1481644800000,61.7900],[1481731200000,64.1900],[1481817600000,65.0700],[1482076800000,65.2800],[1482163200000,65.9400],[1482249600000,65.7200],[1482336000000,66.6700],[1482422400000,67.6000],[1482681600000,67.0300],[1482768000000,67.2400],[1482854400000,67.6000],[1482940800000,68.0300],[1483027200000,68.0200],[1483372800000,73.9900],[1483459200000,74.3600],[1483545600000,75.2700],[1483632000000,75.2700],[1483891200000,67.1600],[1483977600000,67.1600],[1484064000000,67.8000],[1484150400000,68.4400],[1484236800000,68.6600],[1484496000000,68.6400],[1484582400000,69.2000],[1484668800000,70.1700],[1484755200000,70.3800],[1484841600000,70.3800],[1485100800000,69.2300],[1485187200000,69.5000],[1485273600000,69.2100],[1485360000000,70.5200],[1486051200000,74.4400],[1486310400000,74.9500],[1486396800000,75.1500],[1486483200000,75.5600],[1486569600000,75.9700],[1486656000000,76.1100],[1486915200000,75.6000],[1487001600000,76.2100],[1487088000000,75.8100],[1487174400000,76.0100],[1487260800000,76.0100],[1487520000000,75.8100],[1487606400000,76.0100],[1487692800000,76.0100],[1487779200000,75.5000],[1487865600000,75.4000],[1488124800000,74.1600],[1488211200000,74.5500],[1488297600000,74.1600],[1488384000000,74.3600],[1488470400000,74.9500],[1488729600000,73.2900],[1488816000000,73.2000],[1488902400000,73.4500],[1488988800000,74.1300],[1489075200000,74.7100],[1489334400000,72.9700],[1489420800000,72.7800],[1489507200000,72.9700],[1489593600000,73.4600],[1489680000000,73.8500],[1489939200000,72.9900],[1490025600000,72.9900],[1490112000000,73.0900],[1490198400000,72.4500],[1490284800000,73.5800],[1490544000000,72.8500],[1490630400000,73.0800],[1490716800000,72.1500],[1490803200000,72.4900],[1490889600000,71.9300],[1491321600000,71.00],[1491408000000,71.8500],[1491494400000,70.00],[1491753600000,72.0400],[1491840000000,71.8500],[1491926400000,72.4100],[1492012800000,72.2700],[1492099200000,71.3500],[1492358400000,72.7400],[1492444800000,72.7400],[1492531200000,72.7400],[1492617600000,73.2100],[1492704000000,73.2100],[1492963200000,77.8000],[1493049600000,78.2400],[1493136000000,77.9600],[1493222400000,74.5000],[1493308800000,71.9500],[1493654400000,75.7700],[1493740800000,76.1800],[1493827200000,74.3600],[1493913600000,75.8200],[1494172800000,76.1800],[1494259200000,76.00],[1494345600000,76.9100],[1494432000000,73.6400],[1494518400000,76.9100],[1494777600000,75.6300],[1494864000000,75.3600],[1494950400000,75.3600],[1495036800000,72.6800],[1495123200000,75.8900],[1495382400000,76.0700],[1495468800000,75.6200],[1495555200000,75.5300],[1495641600000,73.4000],[1495728000000,75.7100],[1496160000000,75.3500],[1496246400000,76.2400],[1496332800000,76.4200],[1496592000000,76.3300],[1496678400000,76.3300],[1496764800000,75.9700],[1496851200000,75.9700],[1496937600000,75.6200],[1497196800000,75.0900],[1497283200000,75.0900],[1497369600000,74.4300],[1497456000000,73.9100],[1497542400000,74.4300],[1497801600000,74.00],[1497888000000,74.00],[1497974400000,73.2200],[1498060800000,73.3900],[1498147200000,72.9200],[1498406400000,70.1200],[1498492800000,70.1200],[1498579200000,72.7100],[1498665600000,72.7100],[1498752000000,72.3400],[1499011200000,60.4800],[1499097600000,71.3100],[1499184000000,71.5300],[1499270400000,72.0400],[1499356800000,71.7000],[1499616000000,69.9800],[1499702400000,69.8100],[1499788800000,69.6400],[1499875200000,69.4700],[1499961600000,69.4500],[1500220800000,68.7700],[1500307200000,67.9200],[1500393600000,67.7400],[1500480000000,67.9100],[1500566400000,61.5500],[1500825600000,60.7100],[1500912000000,59.5300],[1500998400000,59.2600],[1501084800000,59.4300],[1501171200000,58.9200],[1501430400000,51.3500],[1501516800000,59.0900],[1501603200000,59.0900],[1501689600000,59.2600],[1501776000000,59.0900],[1502035200000,59.2300],[1502121600000,59.0600],[1502208000000,59.0600],[1502294400000,58.8900],[1502380800000,58.8900],[1502640000000,58.8900],[1502726400000,58.5600],[1502812800000,57.8900],[1502899200000,57.8900],[1502985600000,58.0500],[1503244800000,57.1200],[1503331200000,57.4500],[1503417600000,58.1200],[1503504000000,58.7200],[1503590400000,58.2200],[1503849600000,50.6700],[1503936000000,47.1700],[1504022400000,57.8300],[1504108800000,58.4000],[1504195200000,58.2400],[1504454400000,58.5700],[1504540800000,58.5700],[1504627200000,58.7400],[1504713600000,58.2400],[1504800000000,57.7400],[1505059200000,57.2100],[1505145600000,57.8800],[1505232000000,58.3700],[1505318400000,57.5200],[1505404800000,57.5200],[1505664000000,57.7600],[1505750400000,58.0900],[1505836800000,58.7100],[1505923200000,58.2100],[1506009600000,58.0400],[1506268800000,58.7100],[1506355200000,60.0300],[1506441600000,59.7700],[1506528000000,56.2900],[1506614400000,56.9300],[1507478400000,59.5700],[1507564800000,59.8000],[1507651200000,60.1300],[1507737600000,59.9000],[1507824000000,59.5700],[1508083200000,58.1700],[1508169600000,58.0100],[1508256000000,57.9400],[1508342400000,57.6100],[1508428800000,57.2800],[1508688000000,57.1000],[1508774400000,57.2600],[1508860800000,57.3300],[1508947200000,57.00],[1509033600000,57.3300],[1509292800000,56.1600],[1509379200000,55.9000],[1509465600000,55.4100],[1509552000000,55.3000],[1509638400000,55.4300],[1509897600000,53.6200],[1509984000000,52.9800],[1510070400000,52.1700],[1510156800000,52.0100],[1510243200000,51.3600],[1510502400000,51.9700],[1510588800000,51.3400],[1510675200000,51.9700],[1510761600000,52.2800],[1510848000000,52.2000],[1511107200000,51.2600],[1511193600000,51.4200],[1511280000000,51.2600],[1511366400000,50.4700],[1511452800000,53.0600],[1511712000000,49.6900],[1511798400000,50.00],[1511884800000,49.6900],[1511971200000,48.8300],[1512057600000,48.3700],[1512316800000,47.5900],[1512403200000,46.8100],[1512489600000,46.0300],[1512576000000,45.3400],[1512662400000,46.0100],[1512921600000,44.1700],[1513008000000,43.1900],[1513094400000,42.5700],[1513180800000,42.8100],[1513267200000,42.8400],[1513526400000,41.6200],[1513612800000,41.6200],[1513699200000,41.9200],[1513785600000,43.0500],[1513872000000,43.3600],[1514131200000,44.8900],[1514217600000,45.5000],[1514304000000,46.4800],[1514390400000,47.6300],[1514476800000,45.9500],[1514822400000,30.8400],[1514908800000,27.1800],[1514995200000,24.1200],[1515081600000,22.1400],[1515340800000,41.9800],[1515427200000,41.3700],[1515513600000,44.3600],[1515600000000,64.8400],[1515686400000,65.6000],[1515945600000,65.7500],[1516032000000,64.8400],[1516118400000,63.1700],[1516204800000,62.7100],[1516291200000,62.2500],[1516550400000,59.0600],[1516636800000,59.0600],[1516723200000,59.3600],[1516809600000,59.8200],[1516896000000,59.8500],[1517155200000,59.3000],[1517241600000,60.3700],[1517328000000,59.9100],[1517414400000,59.7600],[1517500800000,59.6000],[1517760000000,58.9900],[1517846400000,58.3800]];
/*规模变动*/
var Data_fluctuationScale = {"categories":["2017-03-31","2017-06-30","2017-09-30","2017-12-29","2017-12-31"],"series":[{"y":7.33,"mom":"-31.62%"},{"y":4.11,"mom":"-43.95%"},{"y":4.67,"mom":"13.73%"},{"y":5.09,"mom":"9.04%"},{"y":5.10,"mom":"0.02%"}]};;
/*持有人结构*/
var Data_holderStructure = {"series":[{"name":"机构持有比例","data":[]},{"name":"个人持有比例","data":[]},{"name":"内部持有比例","data":[]}],"categories":[]};
/*申购赎回*/
var Data_assetAllocation ={"series":[{"name":"期间申购","data":[4.01,1.60,2.72,4.16]},{"name":"期间赎回","data":[7.40,4.82,2.15,3.73]},{"name":"总份额","data":[7.33,4.11,4.67,5.10]}],"categories":["2017-03-31","2017-06-30","2017-09-30","2017-12-31"]};
/*现任基金经理*/
var Data_currentFundManager = [{"id":"30275685","pic":"https://pdf.dfcfw.com/pdf/H8_JPG30275685_1.jpg","name":"马洪娟","star":0,"workTime":"2年又357天","fundSize":"6.69亿(3只基金)","power":{"avr":"暂无数据","categories":["经验值","收益率","抗风险","稳定性","管理规模"],"dsc":["反映基金经理从业年限和管理基金的经验","根据基金经理投资的阶段收益评分，反映\u003cbr\u003e基金经理投资的盈利能力","反映基金经理投资的回撤控制能力","反映基金经理投资收益的波动","根据基金经理现任管理基金资产规模评分"],"data":[null,null,null,null,null],"jzrq":"2018-02-06"},"profit":{"categories":["任期收益","同类平均"],"series":[{"data":[{"name":null,"color":"#7cb5ec","y":5.8967},{"name":null,"color":"#414c7b","y":5.76}]}],"jzrq":"2018-02-06"}}] ;
/*同类型基金涨幅榜（页面底部通栏）*/
var swithSameType = [['002895_华夏天利货币B_5.8750','002894_华夏天利货币A_5.6210','004398_融通现金宝货币B_5.3370','000902_国开货币B_5.3360','001478_泰康薪意保货币B_5.1400'],['002895_华夏天利货币B_5.26','004973_长城收益宝货币B_5.08','004904_人保货币B_5.05','002884_华润元大现金通货币B_5.01','002894_华夏天利货币A_5.01'],['004973_长城收益宝货币B_5.05','004770_海富通添益货币A_4.99','002884_华润元大现金通货币B_4.99','005151_红土创新优淳货币B_4.90','002895_华夏天利货币B_4.89'],['004770_海富通添益货币A_5.39','004973_长城收益宝货币B_5.13','002884_华润元大现金通货币B_5.03','002895_华夏天利货币B_5.03','004398_融通现金宝货币B_5.01'],['003679_中融现金增利货币C_4.67','003474_南方天天利货币B_4.55','000836_国投瑞银钱多宝货币A_4.52','000837_国投瑞银钱多宝货币I_4.52','003753_工银如意货币B_4.51']];