/**
 * 测试数据
 * @type {arry}
 */
/*2018-02-07 16:07:35*/
//基金或股票信息
var fS_name = "创金合信货币";
var fS_code = "001909";
var fund_minsg="100";
var ishb=true;
/*原费率*/
var fund_sourceRate="0";
/*现费率*/
var fund_Rate="0";
/*最小申购金额*/
var fund_minsg="100";
/*收益率*/
/*近一年收益率*/
var syl_1n="3.7077";
/*近6月收益率*/
var syl_6y="1.9486";
/*近三月收益率*/
var syl_3y="1.0545";
/*近一月收益率*/
var syl_1y="0.382";
/* 基金收益走势图 每万份收益*/
var Data_millionCopiesIncome = [[1445529600000,0.7239],[1445788800000,0.7237],[1445875200000,0.7237],[1445961600000,0.719],[1446048000000,0.7049],[1446134400000,0.7047],[1446307200000,1.4095],[1446393600000,0.7045],[1446480000000,0.7061],[1446566400000,0.6904],[1446652800000,0.6898],[1446739200000,0.6903],[1446912000000,1.3808],[1446998400000,0.6902],[1447084800000,0.2062],[1447171200000,0.1472],[1447257600000,0.3093],[1447344000000,0.6377],[1447516800000,0.7344],[1447603200000,0.7562],[1447689600000,0.3936],[1447776000000,0.4258],[1447862400000,0.3731],[1447948800000,0.4928],[1448121600000,0.2767],[1448208000000,0.4633],[1448294400000,0.7075],[1448380800000,0.9927],[1448467200000,1.6206],[1448553600000,0.8945],[1448726400000,1.1549],[1448812800000,0.5181],[1448899200000,0.6656],[1448985600000,0.8279],[1449072000000,1.084],[1449158400000,1.6064],[1449331200000,0.9029],[1449417600000,2.1293],[1449504000000,0.5891],[1449590400000,0.5369],[1449676800000,0.8067],[1449763200000,0.9245],[1449936000000,1.1408],[1450022400000,0.5759],[1450108800000,0.8232],[1450195200000,1.2923],[1450281600000,0.9231],[1450368000000,1.1698],[1450540800000,1.1602],[1450627200000,1.0952],[1450713600000,0.6944],[1450800000000,1.0472],[1450886400000,1.4146],[1450972800000,0.7405],[1451145600000,1.2316],[1451232000000,0.5695],[1451318400000,0.5838],[1451404800000,0.6383],[1451491200000,0.671],[1451750400000,2.0248],[1451836800000,0.6748],[1451923200000,0.674],[1452009600000,0.6202],[1452096000000,0.6497],[1452182400000,0.6635],[1452355200000,1.3272],[1452441600000,0.662],[1452528000000,0.6639],[1452614400000,0.6669],[1452700800000,0.666],[1452787200000,0.6659],[1452960000000,1.2477],[1453046400000,0.6493],[1453132800000,0.6613],[1453219200000,0.6526],[1453305600000,0.7295],[1453392000000,0.7264],[1453564800000,1.4858],[1453651200000,0.7717],[1453737600000,0.6948],[1453824000000,0.4692],[1453910400000,0.5618],[1453996800000,0.5656],[1454169600000,1.1485],[1454256000000,3.3009],[1454342400000,0.5376],[1454428800000,0.61],[1454515200000,0.6105],[1454601600000,0.7053],[1455379200000,5.466],[1455465600000,0.6334],[1455552000000,1.7083],[1455638400000,1.4788],[1455724800000,1.9079],[1455811200000,0.5563],[1455984000000,1.1068],[1456070400000,4.6195],[1456156800000,0.6036],[1456243200000,0.5872],[1456329600000,0.6383],[1456416000000,0.588],[1456588800000,1.1847],[1456675200000,0.6095],[1456761600000,0.6221],[1456848000000,1.4492],[1456934400000,0.5977],[1457020800000,0.6107],[1457193600000,1.2061],[1457280000000,0.5845],[1457366400000,0.5849],[1457452800000,0.591],[1457539200000,1.5922],[1457625600000,0.5865],[1457798400000,1.1798],[1457884800000,0.5899],[1457971200000,0.5846],[1458057600000,0.5831],[1458144000000,0.5817],[1458230400000,0.5858],[1458403200000,1.1724],[1458489600000,0.5836],[1458576000000,0.585],[1458662400000,0.5758],[1458748800000,0.5778],[1458835200000,0.5808],[1459008000000,1.1621],[1459094400000,0.5832],[1459180800000,0.6128],[1459267200000,2.051],[1459353600000,0.5592],[1459440000000,0.5937],[1459699200000,1.782],[1459785600000,0.5936],[1459872000000,0.5899],[1459958400000,0.5887],[1460044800000,0.5671],[1460217600000,1.1426],[1460304000000,0.5748],[1460390400000,0.5788],[1460476800000,0.5792],[1460563200000,0.5792],[1460649600000,4.9158],[1460822400000,1.1453],[1460908800000,0.5567],[1460995200000,0.5426],[1461081600000,0.5504],[1461168000000,0.5568],[1461254400000,0.5614],[1461427200000,1.1219],[1461513600000,0.5619],[1461600000000,0.5623],[1461686400000,0.5653],[1461772800000,0.559],[1461859200000,0.5598],[1462118400000,1.6821],[1462204800000,0.5604],[1462291200000,0.5603],[1462377600000,0.5606],[1462464000000,0.5618],[1462636800000,1.1245],[1462723200000,0.562],[1462809600000,0.5623],[1462896000000,0.5627],[1462982400000,0.563],[1463068800000,0.5631],[1463241600000,1.1268],[1463328000000,0.5631],[1463414400000,0.5501],[1463500800000,0.5557],[1463587200000,0.514],[1463673600000,0.5274],[1463846400000,1.031],[1463932800000,0.5232],[1464019200000,1.7291],[1464105600000,0.4964],[1464192000000,0.4753],[1464278400000,0.5137],[1464451200000,1.0357],[1464537600000,0.4864],[1464624000000,0.4908],[1464710400000,2.1764],[1464796800000,0.5453],[1464883200000,0.5258],[1465056000000,1.0541],[1465142400000,0.4808],[1465228800000,0.4977],[1465315200000,0.4934],[1465660800000,2.1061],[1465747200000,0.5261],[1465833600000,3.3071],[1465920000000,0.5267],[1466006400000,0.5452],[1466092800000,0.5454],[1466265600000,1.0929],[1466352000000,0.5459],[1466438400000,0.6031],[1466524800000,0.7657],[1466611200000,0.7246],[1466697600000,0.7309],[1466870400000,1.4618],[1466956800000,0.7308],[1467043200000,0.7466],[1467129600000,0.756],[1467216000000,0.7673],[1467302400000,0.7774],[1467475200000,1.5339],[1467561600000,0.738],[1467648000000,0.7546],[1467734400000,0.6078],[1467820800000,0.637],[1467907200000,0.6428],[1468080000000,1.2892],[1468166400000,0.6267],[1468252800000,1.7798],[1468339200000,0.5932],[1468425600000,0.6016],[1468512000000,0.6046],[1468684800000,1.2093],[1468771200000,0.6008],[1468857600000,0.6027],[1468944000000,0.6088],[1469030400000,0.6113],[1469116800000,0.6113],[1469289600000,1.2228],[1469376000000,0.6365],[1469462400000,0.6366],[1469548800000,0.6461],[1469635200000,0.6495],[1469721600000,0.6494],[1469894400000,1.299],[1469980800000,0.6339],[1470067200000,0.6338],[1470153600000,0.6326],[1470240000000,0.6304],[1470326400000,0.6303],[1470499200000,1.1932],[1470585600000,0.6131],[1470672000000,0.615],[1470758400000,0.6067],[1470844800000,0.6151],[1470931200000,0.6119],[1471104000000,1.2277],[1471190400000,1.3358],[1471276800000,0.6194],[1471363200000,0.6157],[1471449600000,0.6149],[1471536000000,0.6311],[1471708800000,1.23],[1471795200000,1.3234],[1471881600000,0.6158],[1471968000000,0.6276],[1472054400000,0.6376],[1472140800000,0.6435],[1472313600000,1.3047],[1472400000000,0.6537],[1472486400000,0.6559],[1472572800000,0.6336],[1472659200000,0.6031],[1472745600000,0.6053],[1472918400000,1.0907],[1473004800000,0.5713],[1473091200000,0.5867],[1473177600000,0.5867],[1473264000000,0.5623],[1473350400000,0.6871],[1473523200000,1.0908],[1473609600000,0.4025],[1473696000000,0.4071],[1473782400000,0.5595],[1474128000000,2.2623],[1474214400000,0.5655],[1474300800000,0.5755],[1474387200000,0.962],[1474473600000,1.9175],[1474560000000,2.3217],[1474732800000,1.2232],[1474819200000,0.6222],[1474905600000,2.2495],[1474992000000,0.5788],[1475078400000,0.631],[1475164800000,0.631],[1475942400000,5.6829],[1476028800000,0.8216],[1476115200000,0.6013],[1476201600000,0.5987],[1476288000000,0.504],[1476374400000,0.5381],[1476547200000,1.0771],[1476633600000,0.5481],[1476720000000,0.6305],[1476806400000,0.6439],[1476892800000,0.6442],[1476979200000,0.6662],[1477152000000,1.3169],[1477238400000,0.6957],[1477324800000,1.135],[1477411200000,0.6845],[1477497600000,0.5854],[1477584000000,0.6785],[1477756800000,1.3828],[1477843200000,0.7006],[1477929600000,1.5657],[1478016000000,0.6554],[1478102400000,0.6617],[1478188800000,0.6626],[1478361600000,1.3254],[1478448000000,0.5689],[1478534400000,0.5505],[1478620800000,0.5422],[1478707200000,0.5498],[1478793600000,0.5591],[1478966400000,1.1182],[1479052800000,0.5589],[1479139200000,0.3488],[1479225600000,0.5154],[1479312000000,0.8046],[1479398400000,0.7725],[1479571200000,1.5495],[1479657600000,0.7717],[1479744000000,0.7743],[1479830400000,0.7714],[1479916800000,0.7731],[1480003200000,0.7966],[1480176000000,1.5389],[1480262400000,0.7694],[1480348800000,0.7693],[1480435200000,0.7708],[1480521600000,0.7994],[1480608000000,0.8046],[1480780800000,1.5758],[1480867200000,0.7847],[1480953600000,0.7668],[1481040000000,0.7691],[1481126400000,0.7778],[1481212800000,0.7439],[1481385600000,1.4846],[1481472000000,0.7137],[1481558400000,0.7147],[1481644800000,0.7146],[1481731200000,0.8499],[1481817600000,0.8742],[1481990400000,1.8945],[1482076800000,0.1728],[1482163200000,0.5919],[1482249600000,0.1513],[1482336000000,0.3513],[1482422400000,0.1098],[1482595200000,1.5344],[1482681600000,0.7668],[1482768000000,0.8242],[1482854400000,0.9971],[1482940800000,1.0095],[1483027200000,1.0239],[1483113600000,1.0259],[1483286400000,2.0963],[1483372800000,1.0377],[1483459200000,0.9878],[1483545600000,0.9882],[1483632000000,0.7546],[1483804800000,1.5774],[1483891200000,0.7841],[1483977600000,0.8483],[1484064000000,0.8604],[1484150400000,0.8265],[1484236800000,0.8536],[1484409600000,1.7208],[1484496000000,0.8411],[1484582400000,0.8602],[1484668800000,0.4691],[1484755200000,0.8069],[1484841600000,0.8359],[1485014400000,1.729],[1485100800000,0.8304],[1485187200000,0.8932],[1485273600000,0.8679],[1485360000000,0.8763],[1485964800000,6.1321],[1486051200000,0.8755],[1486224000000,1.7024],[1486310400000,0.5352],[1486396800000,0.7692],[1486483200000,0.7913],[1486569600000,0.6396],[1486656000000,7.456],[1486828800000,1.3442],[1486915200000,0.6641],[1487001600000,0.6257],[1487088000000,0.6824],[1487174400000,0.7071],[1487260800000,0.7183],[1487433600000,1.4615],[1487520000000,0.7471],[1487606400000,0.8368],[1487692800000,0.859],[1487779200000,0.8867],[1487865600000,0.8792],[1488038400000,1.6075],[1488124800000,0.8395],[1488211200000,0.8373],[1488297600000,0.8576],[1488384000000,0.7859],[1488470400000,1.8633],[1488643200000,1.6493],[1488729600000,0.7707],[1488816000000,0.8357],[1488902400000,0.7977],[1488988800000,0.7722],[1489075200000,0.7754],[1489248000000,1.5549],[1489334400000,0.7118],[1489420800000,0.671],[1489507200000,0.6456],[1489593600000,0.8307],[1489680000000,0.8945],[1489852800000,1.7922],[1489939200000,0.8778],[1490025600000,1.0561],[1490112000000,1.1447],[1490198400000,1.0633],[1490284800000,1.1845],[1490457600000,2.4907],[1490544000000,1.0117],[1490630400000,1.0731],[1490716800000,1.2266],[1490803200000,1.3895],[1490889600000,1.7302],[1491235200000,5.3167],[1491321600000,1.3159],[1491408000000,1.2547],[1491494400000,1.1135],[1491667200000,2.2501],[1491753600000,1.0801],[1491840000000,1.0783],[1491926400000,0.9976],[1492012800000,0.7476],[1492099200000,0.7968],[1492272000000,1.6047],[1492358400000,0.7379],[1492444800000,0.7769],[1492531200000,0.835],[1492617600000,0.8397],[1492704000000,0.7785],[1492876800000,1.4712],[1492963200000,0.795],[1493049600000,0.475],[1493136000000,0.5186],[1493222400000,0.8488],[1493308800000,0.9651],[1493568000000,3.0968],[1493654400000,0.9825],[1493740800000,1.0077],[1493827200000,0.9075],[1493913600000,0.9256],[1494086400000,1.8561],[1494172800000,0.925],[1494259200000,0.9306],[1494345600000,0.9332],[1494432000000,0.8708],[1494518400000,0.8397],[1494691200000,1.6875],[1494777600000,0.8435],[1494864000000,0.8074],[1494950400000,0.85],[1495036800000,0.7879],[1495123200000,0.8212],[1495296000000,1.6899],[1495382400000,0.8651],[1495468800000,0.7819],[1495555200000,0.8844],[1495641600000,0.8999],[1495728000000,0.8529],[1496073600000,3.4985],[1496160000000,0.8305],[1496246400000,0.8813],[1496332800000,0.977],[1496505600000,1.9601],[1496592000000,0.8553],[1496678400000,0.8896],[1496764800000,0.7584],[1496851200000,0.7316],[1496937600000,0.8256],[1497110400000,1.7161],[1497196800000,0.781],[1497283200000,0.7784],[1497369600000,0.8115],[1497456000000,0.854],[1497542400000,0.8586],[1497715200000,1.723],[1497801600000,0.8573],[1497888000000,0.8353],[1497974400000,0.9778],[1498060800000,0.9755],[1498147200000,0.982],[1498320000000,1.9734],[1498406400000,0.9771],[1498492800000,1.0095],[1498579200000,1.1061],[1498665600000,1.0673],[1498752000000,1.0823],[1498924800000,2.1693],[1499011200000,1.0834],[1499097600000,1.082],[1499184000000,0.9188],[1499270400000,0.9451],[1499356800000,0.9489],[1499529600000,1.9007],[1499616000000,0.8616],[1499702400000,0.8892],[1499788800000,0.8029],[1499875200000,0.8512],[1499961600000,0.8177],[1500134400000,1.7069],[1500220800000,0.8528],[1500307200000,0.8517],[1500393600000,0.8976],[1500480000000,0.8982],[1500566400000,0.8985],[1500739200000,1.7991],[1500825600000,0.9034],[1500912000000,0.9276],[1500998400000,0.9287],[1501084800000,0.9295],[1501171200000,0.9312],[1501344000000,1.8624],[1501430400000,0.9308],[1501516800000,0.9322],[1501603200000,0.9064],[1501689600000,0.9052],[1501776000000,0.9077],[1501948800000,1.8177],[1502035200000,0.9075],[1502121600000,0.9299],[1502208000000,0.9258],[1502294400000,0.9432],[1502380800000,0.9051],[1502553600000,1.8452],[1502640000000,0.8364],[1502726400000,0.7345],[1502812800000,0.8105],[1502899200000,0.8399],[1502985600000,0.9052],[1503158400000,1.8143],[1503244800000,0.9062],[1503331200000,0.9069],[1503417600000,0.9402],[1503504000000,0.9658],[1503590400000,0.9668],[1503763200000,1.936],[1503849600000,0.9669],[1503936000000,0.9673],[1504022400000,1.0568],[1504108800000,1.0615],[1504195200000,1.0638],[1504368000000,2.1319],[1504454400000,1.0642],[1504540800000,1.0624],[1504627200000,0.9921],[1504713600000,0.8458],[1504800000000,0.8712],[1504972800000,1.7466],[1505059200000,0.917],[1505145600000,0.9191],[1505232000000,0.9196],[1505318400000,0.92],[1505404800000,0.9174],[1505577600000,1.8572],[1505664000000,0.9528],[1505750400000,0.9762],[1505836800000,0.9766],[1505923200000,0.9769],[1506009600000,1.0111],[1506182400000,2.028],[1506268800000,1.0832],[1506355200000,1.084],[1506441600000,1.2475],[1506528000000,1.0388],[1506614400000,1.0768],[1507392000000,9.7001],[1507478400000,0.9614],[1507564800000,0.9633],[1507651200000,1.0269],[1507737600000,0.9474],[1507824000000,0.906],[1507996800000,1.8544],[1508083200000,0.8441],[1508169600000,0.8512],[1508256000000,0.8726],[1508342400000,0.7883],[1508428800000,0.8099],[1508601600000,1.7173],[1508688000000,0.8088],[1508774400000,0.9014],[1508860800000,0.9177],[1508947200000,0.9478],[1509033600000,0.9394],[1509206400000,1.9116],[1509292800000,1.0235],[1509379200000,1.0396],[1509465600000,1.0398],[1509552000000,0.9937],[1509638400000,0.9242],[1509811200000,1.8468],[1509897600000,0.8092],[1509984000000,0.8333],[1510070400000,0.786],[1510156800000,0.8449],[1510243200000,0.9037],[1510416000000,1.812],[1510502400000,0.9047],[1510588800000,0.8684],[1510675200000,0.8497],[1510761600000,0.8998],[1510848000000,0.2633],[1511020800000,1.6936],[1511107200000,0.8526],[1511193600000,0.9332],[1511280000000,0.9371],[1511366400000,0.9364],[1511452800000,1.118],[1511625600000,2.2536],[1511712000000,1.1264],[1511798400000,1.1842],[1511884800000,1.1969],[1511971200000,1.2099],[1512057600000,1.1453],[1512230400000,2.2929],[1512316800000,1.1933],[1512403200000,1.1084],[1512489600000,1.1025],[1512576000000,1.0963],[1512662400000,1.1302],[1512835200000,2.2808],[1512921600000,1.1013],[1513008000000,1.1089],[1513094400000,1.1968],[1513180800000,1.144],[1513267200000,1.1459],[1513440000000,2.2946],[1513526400000,1.1464],[1513612800000,1.1468],[1513699200000,1.1855],[1513785600000,1.159],[1513872000000,1.1547],[1514044800000,2.3216],[1514131200000,1.1551],[1514217600000,1.0975],[1514304000000,1.4145],[1514390400000,1.5961],[1514476800000,1.6485],[1514563200000,1.6537],[1514649600000,1.6535],[1514736000000,1.6526],[1514822400000,1.6524],[1514908800000,0.9545],[1514995200000,1.236],[1515081600000,1.1963],[1515254400000,2.3963],[1515340800000,1.1979],[1515427200000,1.1615],[1515513600000,1.2106],[1515600000000,1.1427],[1515686400000,1.1229],[1515859200000,2.2362],[1515945600000,1.1204],[1516032000000,1.1687],[1516118400000,1.1928],[1516204800000,1.2102],[1516291200000,1.1886],[1516464000000,2.3653],[1516550400000,1.2097],[1516636800000,1.212],[1516723200000,1.2107],[1516809600000,1.1761],[1516896000000,1.2049],[1517068800000,2.4201],[1517155200000,1.2695],[1517241600000,1.2209],[1517328000000,1.2349],[1517414400000,1.2675],[1517500800000,1.2241],[1517673600000,2.4283],[1517760000000,1.2241],[1517846400000,1.1148]];
/*基金收益走势图   7日年化收益率*/
var Data_sevenDaysYearIncome = [[1445529600000,2.757],[1445788800000,2.709],[1445875200000,2.703],[1445961600000,2.697],[1446048000000,2.664],[1446134400000,2.654],[1446307200000,2.634],[1446393600000,2.623],[1446480000000,2.614],[1446566400000,2.599],[1446652800000,2.591],[1446739200000,2.583],[1446912000000,2.567],[1446998400000,2.56],[1447084800000,2.293],[1447171200000,2.004],[1447257600000,1.801],[1447344000000,1.773],[1447516800000,1.431],[1447603200000,1.466],[1447689600000,1.565],[1447776000000,1.713],[1447862400000,1.747],[1447948800000,1.67],[1448121600000,1.427],[1448208000000,1.273],[1448294400000,1.439],[1448380800000,1.739],[1448467200000,2.403],[1448553600000,2.617],[1448726400000,3.088],[1448812800000,3.118],[1448899200000,3.095],[1448985600000,3.007],[1449072000000,2.719],[1449158400000,3.101],[1449331200000,2.966],[1449417600000,3.834],[1449504000000,0.0379],[1449590400000,3.635],[1449676800000,3.486],[1449763200000,3.118],[1449936000000,3.246],[1450022400000,2.41],[1450108800000,2.539],[1450195200000,2.943],[1450281600000,3.006],[1450368000000,3.138],[1450540800000,3.148],[1450627200000,3.428],[1450713600000,3.358],[1450800000000,3.23],[1450886400000,3.491],[1450972800000,3.26],[1451145600000,3.298],[1451232000000,3.015],[1451318400000,2.956],[1451404800000,2.737],[1451491200000,2.339],[1451750400000,2.367],[1451836800000,2.424],[1451923200000,2.472],[1452009600000,2.462],[1452096000000,2.451],[1452182400000,2.445],[1452355200000,2.433],[1452441600000,2.426],[1452528000000,2.42],[1452614400000,2.445],[1452700800000,2.454],[1452787200000,2.455],[1452960000000,2.413],[1453046400000,2.406],[1453132800000,2.405],[1453219200000,2.4],[1453305600000,2.431],[1453392000000,2.463],[1453564800000,2.59],[1453651200000,2.656],[1453737600000,2.674],[1453824000000,2.576],[1453910400000,2.486],[1453996800000,2.4],[1454169600000,2.22],[1454256000000,3.577],[1454342400000,3.492],[1454428800000,3.568],[1454515200000,3.594],[1454601600000,3.67],[1455379200000,2.241],[1455465600000,2.255],[1455552000000,2.844],[1455638400000,3.312],[1455724800000,4.015],[1455811200000,3.987],[1455984000000,3.929],[1456070400000,6.111],[1456156800000,5.502],[1456243200000,5.013],[1456329600000,4.32],[1456416000000,4.337],[1456588800000,4.379],[1456675200000,2.22],[1456761600000,2.23],[1456848000000,2.691],[1456934400000,2.669],[1457020800000,2.681],[1457193600000,2.692],[1457280000000,2.679],[1457366400000,2.659],[1457452800000,2.201],[1457539200000,2.732],[1457625600000,2.719],[1457798400000,2.705],[1457884800000,2.708],[1457971200000,2.708],[1458057600000,2.703],[1458144000000,2.164],[1458230400000,2.163],[1458403200000,2.159],[1458489600000,2.156],[1458576000000,2.156],[1458662400000,2.152],[1458748800000,2.15],[1458835200000,2.148],[1459008000000,2.142],[1459094400000,2.142],[1459180800000,2.157],[1459267200000,2.946],[1459353600000,2.936],[1459440000000,2.943],[1459699200000,2.962],[1459785600000,2.952],[1459872000000,2.171],[1459958400000,2.186],[1460044800000,2.172],[1460217600000,2.148],[1460304000000,2.138],[1460390400000,2.13],[1460476800000,2.124],[1460563200000,2.119],[1460649600000,4.461],[1460822400000,4.462],[1460908800000,4.452],[1460995200000,4.432],[1461081600000,4.417],[1461168000000,4.405],[1461254400000,2.061],[1461427200000,2.049],[1461513600000,2.052],[1461600000000,2.062],[1461686400000,2.07],[1461772800000,2.071],[1461859200000,2.07],[1462118400000,2.069],[1462204800000,2.068],[1462291200000,2.066],[1462377600000,2.067],[1462464000000,2.068],[1462636800000,2.069],[1462723200000,2.07],[1462809600000,2.071],[1462896000000,2.072],[1462982400000,2.074],[1463068800000,2.074],[1463241600000,2.076],[1463328000000,2.076],[1463414400000,2.07],[1463500800000,2.066],[1463587200000,2.04],[1463673600000,2.021],[1463846400000,1.97],[1463932800000,1.949],[1464019200000,2.577],[1464105600000,2.546],[1464192000000,2.525],[1464278400000,2.518],[1464451200000,2.52],[1464537600000,2.5],[1464624000000,1.841],[1464710400000,2.737],[1464796800000,2.774],[1464883200000,2.781],[1465056000000,2.791],[1465142400000,2.788],[1465228800000,2.791],[1465315200000,1.893],[1465660800000,1.883],[1465747200000,1.907],[1465833600000,3.411],[1465920000000,3.429],[1466006400000,3.439],[1466092800000,3.449],[1466265600000,3.47],[1466352000000,3.481],[1466438400000,2.033],[1466524800000,2.16],[1466611200000,2.255],[1466697600000,2.354],[1466870400000,2.551],[1466956800000,2.65],[1467043200000,2.727],[1467129600000,2.722],[1467216000000,2.745],[1467302400000,2.77],[1467475200000,2.808],[1467561600000,2.812],[1467648000000,2.817],[1467734400000,2.737],[1467820800000,2.667],[1467907200000,2.595],[1468080000000,2.465],[1468166400000,2.405],[1468252800000,2.954],[1468339200000,2.946],[1468425600000,2.927],[1468512000000,2.907],[1468684800000,2.864],[1468771200000,2.85],[1468857600000,2.221],[1468944000000,2.229],[1469030400000,2.234],[1469116800000,2.238],[1469289600000,2.245],[1469376000000,2.264],[1469462400000,2.282],[1469548800000,2.302],[1469635200000,2.322],[1469721600000,2.343],[1469894400000,2.383],[1469980800000,2.382],[1470067200000,2.38],[1470153600000,2.373],[1470240000000,2.363],[1470326400000,2.353],[1470499200000,2.296],[1470585600000,2.285],[1470672000000,2.275],[1470758400000,2.261],[1470844800000,2.253],[1470931200000,2.243],[1471104000000,2.262],[1471190400000,2.648],[1471276800000,2.65],[1471363200000,2.655],[1471449600000,2.655],[1471536000000,2.665],[1471708800000,2.666],[1471795200000,2.66],[1471881600000,2.658],[1471968000000,2.664],[1472054400000,2.676],[1472140800000,2.683],[1472313600000,2.723],[1472400000000,2.365],[1472486400000,2.386],[1472572800000,2.39],[1472659200000,2.371],[1472745600000,2.351],[1472918400000,2.237],[1473004800000,2.193],[1473091200000,2.156],[1473177600000,2.131],[1473264000000,2.109],[1473350400000,2.153],[1473523200000,2.153],[1473609600000,2.063],[1473696000000,1.967],[1473782400000,1.953],[1474128000000,1.912],[1474214400000,1.998],[1474300800000,2.088],[1474387200000,2.302],[1474473600000,3.026],[1474560000000,3.973],[1474732800000,4.023],[1474819200000,4.054],[1474905600000,4.966],[1474992000000,4.757],[1475078400000,4.056],[1475164800000,3.143],[1475942400000,2.331],[1476028800000,2.433],[1476115200000,2.417],[1476201600000,2.399],[1476288000000,2.331],[1476374400000,2.281],[1476547200000,2.183],[1476633600000,2.037],[1476720000000,2.053],[1476806400000,2.077],[1476892800000,2.151],[1476979200000,2.219],[1477152000000,2.347],[1477238400000,2.426],[1477324800000,2.696],[1477411200000,2.718],[1477497600000,2.686],[1477584000000,2.693],[1477756800000,2.728],[1477843200000,2.731],[1477929600000,2.962],[1478016000000,2.946],[1478102400000,2.987],[1478188800000,2.978],[1478361600000,2.948],[1478448000000,2.877],[1478534400000,2.334],[1478620800000,2.273],[1478707200000,2.214],[1478793600000,2.159],[1478966400000,2.048],[1479052800000,2.043],[1479139200000,1.936],[1479225600000,1.921],[1479312000000,2.057],[1479398400000,2.171],[1479571200000,2.401],[1479657600000,2.514],[1479744000000,2.742],[1479830400000,2.879],[1479916800000,2.862],[1480003200000,2.875],[1480176000000,2.87],[1480262400000,2.868],[1480348800000,2.866],[1480435200000,2.865],[1480521600000,2.879],[1480608000000,2.884],[1480780800000,2.903],[1480867200000,2.912],[1480953600000,2.91],[1481040000000,2.909],[1481126400000,2.898],[1481212800000,2.865],[1481385600000,2.816],[1481472000000,2.778],[1481558400000,2.75],[1481644800000,2.721],[1481731200000,2.76],[1481817600000,2.83],[1481990400000,3.05],[1482076800000,2.759],[1482163200000,2.694],[1482249600000,2.393],[1482336000000,2.127],[1482422400000,1.72],[1482595200000,1.53],[1482681600000,1.845],[1482768000000,1.968],[1482854400000,2.419],[1482940800000,2.771],[1483027200000,3.262],[1483113600000,3.401],[1483286400000,3.705],[1483372800000,3.82],[1483459200000,3.815],[1483545600000,3.804],[1483632000000,3.658],[1483804800000,3.39],[1483891200000,3.248],[1483977600000,3.146],[1484064000000,3.077],[1484150400000,2.99],[1484236800000,3.044],[1484409600000,3.121],[1484496000000,3.151],[1484582400000,3.158],[1484668800000,2.948],[1484755200000,2.937],[1484841600000,2.928],[1485014400000,2.932],[1485100800000,2.926],[1485187200000,2.944],[1485273600000,3.158],[1485360000000,3.195],[1485964800000,3.249],[1486051200000,3.249],[1486224000000,3.222],[1486310400000,3.038],[1486396800000,2.981],[1486483200000,2.936],[1486569600000,2.809],[1486656000000,6.396],[1486828800000,6.198],[1486915200000,6.269],[1487001600000,6.19],[1487088000000,6.13],[1487174400000,6.167],[1487260800000,2.503],[1487433600000,2.566],[1487520000000,2.61],[1487606400000,2.723],[1487692800000,2.818],[1487779200000,2.914],[1487865600000,3.001],[1488038400000,3.079],[1488124800000,3.129],[1488211200000,3.129],[1488297600000,3.128],[1488384000000,3.074],[1488470400000,3.604],[1488643200000,3.627],[1488729600000,3.59],[1488816000000,3.589],[1488902400000,3.557],[1488988800000,3.549],[1489075200000,2.963],[1489248000000,2.913],[1489334400000,2.881],[1489420800000,2.793],[1489507200000,2.711],[1489593600000,2.743],[1489680000000,2.807],[1489852800000,2.934],[1489939200000,3.023],[1490025600000,3.23],[1490112000000,3.499],[1490198400000,3.625],[1490284800000,3.781],[1490457600000,4.16],[1490544000000,4.233],[1490630400000,4.242],[1490716800000,4.287],[1490803200000,4.464],[1490889600000,4.762],[1491235200000,5.167],[1491321600000,5.216],[1491408000000,5.142],[1491494400000,4.805],[1491667200000,4.582],[1491753600000,4.446],[1491840000000,4.31],[1491926400000,4.137],[1492012800000,3.862],[1492099200000,3.69],[1492272000000,3.342],[1492358400000,3.158],[1492444800000,2.996],[1492531200000,2.909],[1492617600000,2.958],[1492704000000,2.948],[1492876800000,2.877],[1492963200000,2.907],[1493049600000,2.745],[1493136000000,2.576],[1493222400000,2.581],[1493308800000,2.681],[1493568000000,3.126],[1493654400000,3.4],[1493740800000,3.664],[1493827200000,3.695],[1493913600000,3.674],[1494086400000,3.561],[1494172800000,3.504],[1494259200000,3.476],[1494345600000,3.435],[1494432000000,3.416],[1494518400000,3.369],[1494691200000,3.278],[1494777600000,3.235],[1494864000000,3.168],[1494950400000,3.124],[1495036800000,3.079],[1495123200000,3.069],[1495296000000,3.07],[1495382400000,3.082],[1495468800000,3.068],[1495555200000,3.087],[1495641600000,3.147],[1495728000000,3.164],[1496073600000,3.251],[1496160000000,3.222],[1496246400000,3.212],[1496332800000,3.279],[1496505600000,3.392],[1496592000000,3.382],[1496678400000,3.39],[1496764800000,3.351],[1496851200000,3.27],[1496937600000,3.189],[1497110400000,3.058],[1497196800000,3.018],[1497283200000,2.958],[1497369600000,2.987],[1497456000000,3.052],[1497542400000,3.07],[1497715200000,3.074],[1497801600000,3.115],[1497888000000,3.145],[1497974400000,3.235],[1498060800000,3.3],[1498147200000,3.367],[1498320000000,3.502],[1498406400000,3.567],[1498492800000,3.661],[1498579200000,3.73],[1498665600000,3.78],[1498752000000,3.834],[1498924800000,3.94],[1499011200000,3.998],[1499097600000,4.037],[1499184000000,3.935],[1499270400000,3.869],[1499356800000,3.797],[1499529600000,3.652],[1499616000000,3.532],[1499702400000,3.428],[1499788800000,3.365],[1499875200000,3.315],[1499961600000,3.244],[1500134400000,3.14],[1500220800000,3.135],[1500307200000,3.115],[1500393600000,3.166],[1500480000000,3.191],[1500566400000,3.235],[1500739200000,3.284],[1500825600000,3.312],[1500912000000,3.353],[1500998400000,3.369],[1501084800000,3.386],[1501171200000,3.404],[1501344000000,3.438],[1501430400000,3.453],[1501516800000,3.455],[1501603200000,3.443],[1501689600000,3.43],[1501776000000,3.417],[1501948800000,3.393],[1502035200000,3.381],[1502121600000,3.379],[1502208000000,3.39],[1502294400000,3.41],[1502380800000,3.409],[1502553600000,3.424],[1502640000000,3.386],[1502726400000,3.28],[1502812800000,3.218],[1502899200000,3.163],[1502985600000,3.163],[1503158400000,3.146],[1503244800000,3.184],[1503331200000,3.276],[1503417600000,3.346],[1503504000000,3.414],[1503590400000,3.447],[1503763200000,3.513],[1503849600000,3.546],[1503936000000,3.578],[1504022400000,3.641],[1504108800000,3.693],[1504195200000,3.746],[1504368000000,3.852],[1504454400000,3.904],[1504540800000,3.956],[1504627200000,3.921],[1504713600000,3.804],[1504800000000,3.7],[1504972800000,3.492],[1505059200000,3.412],[1505145600000,3.335],[1505232000000,3.296],[1505318400000,3.336],[1505404800000,3.361],[1505577600000,3.42],[1505664000000,3.44],[1505750400000,3.471],[1505836800000,3.501],[1505923200000,3.532],[1506009600000,3.583],[1506182400000,3.675],[1506268800000,3.745],[1506355200000,3.804],[1506441600000,3.95],[1506528000000,3.984],[1506614400000,4.02],[1507392000000,4.012],[1507478400000,3.949],[1507564800000,3.887],[1507651200000,3.859],[1507737600000,3.789],[1507824000000,3.696],[1507996800000,3.533],[1508083200000,3.47],[1508169600000,3.409],[1508256000000,3.326],[1508342400000,3.241],[1508428800000,3.189],[1508601600000,3.115],[1508688000000,3.096],[1508774400000,3.123],[1508860800000,3.147],[1508947200000,3.233],[1509033600000,3.303],[1509206400000,3.408],[1509292800000,3.524],[1509379200000,3.598],[1509465600000,3.664],[1509552000000,3.689],[1509638400000,3.681],[1509811200000,3.646],[1509897600000,3.53],[1509984000000,3.419],[1510070400000,3.282],[1510156800000,3.202],[1510243200000,3.191],[1510416000000,3.172],[1510502400000,3.223],[1510588800000,3.242],[1510675200000,3.277],[1510761600000,3.306],[1510848000000,2.962],[1511020800000,2.898],[1511107200000,2.87],[1511193600000,2.905],[1511280000000,2.952],[1511366400000,2.972],[1511452800000,3.432],[1511625600000,3.734],[1511712000000,3.882],[1511798400000,4.018],[1511884800000,4.159],[1511971200000,4.308],[1512057600000,4.323],[1512230400000,4.344],[1512316800000,4.38],[1512403200000,4.339],[1512489600000,4.288],[1512576000000,4.226],[1512662400000,4.218],[1512835200000,4.211],[1512921600000,4.161],[1513008000000,4.162],[1513094400000,4.213],[1513180800000,4.239],[1513267200000,4.247],[1513440000000,4.255],[1513526400000,4.279],[1513612800000,4.3],[1513699200000,4.294],[1513785600000,4.302],[1513872000000,4.307],[1514044800000,4.321],[1514131200000,4.326],[1514217600000,4.299],[1514304000000,4.424],[1514390400000,4.662],[1514476800000,4.932],[1514563200000,5.202],[1514649600000,5.473],[1514736000000,5.746],[1514822400000,6.053],[1514908800000,5.799],[1514995200000,5.6],[1515081600000,5.352],[1515254400000,4.853],[1515340800000,4.604],[1515427200000,4.337],[1515513600000,4.476],[1515600000000,4.425],[1515686400000,4.386],[1515859200000,4.298],[1515945600000,4.256],[1516032000000,4.26],[1516118400000,4.251],[1516204800000,4.287],[1516291200000,4.323],[1516464000000,4.393],[1516550400000,4.442],[1516636800000,4.465],[1516723200000,4.475],[1516809600000,4.457],[1516896000000,4.465],[1517068800000,4.495],[1517155200000,4.528],[1517241600000,4.533],[1517328000000,4.546],[1517414400000,4.596],[1517500800000,4.606],[1517673600000,4.611],[1517760000000,4.586],[1517846400000,4.528]];
/*资产配置*/
var Data_assetAllocationCurrency ={"categories":["12-31","09-30","06-30","03-31"],"series":[{"name":"股票","data":[null,null,null,null]},{"name":"债券","data":[65.16,51.95,54.44,39.79]},{"name":"现金","data":[6.49,4.75,18.46,14.69]}]};
/*累计收益率走势*/
var Data_grandTotal = [{"name":"创金合信货币","data":[[1501948800000,0],[1502035200000,0.01],[1502121600000,0.02],[1502208000000,0.03],[1502294400000,0.04],[1502380800000,0.05],[1502553600000,0.06],[1502640000000,0.07],[1502726400000,0.08],[1502812800000,0.09],[1502899200000,0.10],[1502985600000,0.11],[1503158400000,0.12],[1503244800000,0.13],[1503331200000,0.14],[1503417600000,0.15],[1503504000000,0.16],[1503590400000,0.17],[1503763200000,0.19],[1503849600000,0.20],[1503936000000,0.21],[1504022400000,0.22],[1504108800000,0.23],[1504195200000,0.24],[1504368000000,0.26],[1504454400000,0.27],[1504540800000,0.28],[1504627200000,0.29],[1504713600000,0.30],[1504800000000,0.31],[1504972800000,0.33],[1505059200000,0.34],[1505145600000,0.35],[1505232000000,0.36],[1505318400000,0.37],[1505404800000,0.38],[1505577600000,0.39],[1505664000000,0.40],[1505750400000,0.41],[1505836800000,0.42],[1505923200000,0.43],[1506009600000,0.44],[1506182400000,0.46],[1506268800000,0.47],[1506355200000,0.49],[1506441600000,0.50],[1506528000000,0.51],[1506614400000,0.52],[1507392000000,0.62],[1507478400000,0.63],[1507564800000,0.64],[1507651200000,0.65],[1507737600000,0.66],[1507824000000,0.66],[1507996800000,0.68],[1508083200000,0.69],[1508169600000,0.70],[1508256000000,0.71],[1508342400000,0.72],[1508428800000,0.73],[1508601600000,0.74],[1508688000000,0.75],[1508774400000,0.76],[1508860800000,0.77],[1508947200000,0.78],[1509033600000,0.79],[1509206400000,0.81],[1509292800000,0.82],[1509379200000,0.83],[1509465600000,0.84],[1509552000000,0.85],[1509638400000,0.86],[1509811200000,0.88],[1509897600000,0.88],[1509984000000,0.89],[1510070400000,0.90],[1510156800000,0.91],[1510243200000,0.92],[1510416000000,0.94],[1510502400000,0.95],[1510588800000,0.95],[1510675200000,0.96],[1510761600000,0.97],[1510848000000,0.98],[1511020800000,0.99],[1511107200000,1.00],[1511193600000,1.01],[1511280000000,1.02],[1511366400000,1.03],[1511452800000,1.04],[1511625600000,1.06],[1511712000000,1.07],[1511798400000,1.09],[1511884800000,1.10],[1511971200000,1.11],[1512057600000,1.12],[1512230400000,1.15],[1512316800000,1.16],[1512403200000,1.17],[1512489600000,1.18],[1512576000000,1.19],[1512662400000,1.20],[1512835200000,1.23],[1512921600000,1.24],[1513008000000,1.25],[1513094400000,1.26],[1513180800000,1.27],[1513267200000,1.28],[1513440000000,1.31],[1513526400000,1.32],[1513612800000,1.33],[1513699200000,1.34],[1513785600000,1.35],[1513872000000,1.37],[1514044800000,1.39],[1514131200000,1.40],[1514217600000,1.41],[1514304000000,1.43],[1514390400000,1.44],[1514476800000,1.46],[1514563200000,1.48],[1514649600000,1.49],[1514736000000,1.51],[1514822400000,1.53],[1514908800000,1.54],[1514995200000,1.55],[1515081600000,1.56],[1515254400000,1.58],[1515340800000,1.60],[1515427200000,1.61],[1515513600000,1.62],[1515600000000,1.63],[1515686400000,1.64],[1515859200000,1.67],[1515945600000,1.68],[1516032000000,1.69],[1516118400000,1.70],[1516204800000,1.71],[1516291200000,1.73],[1516464000000,1.75],[1516550400000,1.76],[1516636800000,1.78],[1516723200000,1.79],[1516809600000,1.80],[1516896000000,1.81],[1517068800000,1.84],[1517155200000,1.85],[1517241600000,1.86],[1517328000000,1.87],[1517414400000,1.89],[1517500800000,1.90],[1517673600000,1.92],[1517760000000,1.94],[1517846400000,1.95]]},{"name":"同类平均","data":[[1502035200000,0],[1502121600000,0.01],[1502208000000,0.02],[1502294400000,0.03],[1502380800000,0.04],[1502640000000,0.07],[1502726400000,0.08],[1502812800000,0.09],[1502899200000,0.10],[1502985600000,0.11],[1503244800000,0.14],[1503331200000,0.16],[1503417600000,0.17],[1503504000000,0.18],[1503590400000,0.19],[1503849600000,0.22],[1503936000000,0.23],[1504022400000,0.24],[1504108800000,0.25],[1504195200000,0.26],[1504454400000,0.29],[1504540800000,0.30],[1504627200000,0.31],[1504713600000,0.32],[1504800000000,0.34],[1505059200000,0.37],[1505145600000,0.38],[1505232000000,0.39],[1505318400000,0.40],[1505404800000,0.41],[1505664000000,0.44],[1505750400000,0.45],[1505836800000,0.46],[1505923200000,0.47],[1506009600000,0.48],[1506268800000,0.52],[1506355200000,0.53],[1506441600000,0.54],[1506528000000,0.55],[1506614400000,0.56],[1507478400000,0.67],[1507564800000,0.68],[1507651200000,0.69],[1507737600000,0.71],[1507824000000,0.72],[1508083200000,0.75],[1508169600000,0.76],[1508256000000,0.77],[1508342400000,0.78],[1508428800000,0.79],[1508688000000,0.82],[1508774400000,0.83],[1508860800000,0.84],[1508947200000,0.85],[1509033600000,0.86],[1509292800000,0.90],[1509379200000,0.91],[1509465600000,0.92],[1509552000000,0.93],[1509638400000,0.94],[1509897600000,0.97],[1509984000000,0.98],[1510070400000,0.99],[1510156800000,1.00],[1510243200000,1.01],[1510502400000,1.04],[1510588800000,1.06],[1510675200000,1.07],[1510761600000,1.08],[1510848000000,1.09],[1511107200000,1.12],[1511193600000,1.13],[1511280000000,1.14],[1511366400000,1.15],[1511452800000,1.16],[1511712000000,1.20],[1511798400000,1.21],[1511884800000,1.22],[1511971200000,1.23],[1512057600000,1.24],[1512316800000,1.28],[1512403200000,1.29],[1512489600000,1.30],[1512576000000,1.31],[1512662400000,1.32],[1512921600000,1.35],[1513008000000,1.36],[1513094400000,1.38],[1513180800000,1.39],[1513267200000,1.40],[1513526400000,1.43],[1513612800000,1.44],[1513699200000,1.46],[1513785600000,1.47],[1513872000000,1.48],[1514131200000,1.51],[1514217600000,1.53],[1514304000000,1.54],[1514390400000,1.55],[1514476800000,1.57],[1514822400000,1.62],[1514908800000,1.64],[1514995200000,1.65],[1515081600000,1.66],[1515340800000,1.69],[1515427200000,1.71],[1515513600000,1.72],[1515600000000,1.73],[1515686400000,1.74],[1515945600000,1.77],[1516032000000,1.79],[1516118400000,1.80],[1516204800000,1.81],[1516291200000,1.82],[1516550400000,1.86],[1516636800000,1.87],[1516723200000,1.88],[1516809600000,1.89],[1516896000000,1.90],[1517155200000,1.94],[1517241600000,1.95],[1517328000000,1.96],[1517414400000,1.97],[1517500800000,1.98],[1517760000000,2.02],[1517846400000,2.03]]},{"name":"沪深300","data":[[1502035200000,0],[1502121600000,0.15],[1502208000000,0.11],[1502294400000,-0.29],[1502380800000,-2.13],[1502640000000,-0.86],[1502726400000,-0.56],[1502812800000,-0.68],[1502899200000,-0.15],[1502985600000,-0.06],[1503244800000,0.38],[1503331200000,0.68],[1503417600000,0.79],[1503504000000,0.21],[1503590400000,1.85],[1503849600000,3.11],[1503936000000,2.89],[1504022400000,2.88],[1504108800000,2.56],[1504195200000,2.78],[1504454400000,3.19],[1504540800000,3.50],[1504627200000,3.29],[1504713600000,2.77],[1504800000000,2.66],[1505059200000,2.65],[1505145600000,2.98],[1505232000000,3.11],[1505318400000,2.77],[1505404800000,2.80],[1505664000000,3.12],[1505750400000,2.83],[1505836800000,3.10],[1505923200000,2.98],[1506009600000,2.98],[1506268800000,2.44],[1506355200000,2.52],[1506441600000,2.53],[1506528000000,2.57],[1506614400000,2.94],[1507478400000,4.17],[1507564800000,4.38],[1507651200000,4.72],[1507737600000,5.00],[1507824000000,5.21],[1508083200000,5.01],[1508169600000,5.00],[1508256000000,5.83],[1508342400000,5.49],[1508428800000,5.37],[1508688000000,5.47],[1508774400000,6.24],[1508860800000,6.71],[1508947200000,7.16],[1509033600000,7.92],[1509292800000,7.59],[1509379200000,7.51],[1509465600000,7.24],[1509552000000,7.25],[1509638400000,7.13],[1509897600000,7.89],[1509984000000,8.79],[1510070400000,8.62],[1510156800000,9.37],[1510243200000,10.33],[1510502400000,10.77],[1510588800000,10.00],[1510675200000,9.31],[1510761600000,10.15],[1510848000000,10.57],[1511107200000,11.19],[1511193600000,13.17],[1511280000000,13.44],[1511366400000,10.08],[1511452800000,10.13],[1511712000000,8.67],[1511798400000,8.83],[1511884800000,8.77],[1511971200000,7.49],[1512057600000,7.28],[1512316800000,7.84],[1512403200000,8.41],[1512489600000,7.76],[1512576000000,6.55],[1512662400000,7.42],[1512921600000,9.20],[1513008000000,7.76],[1513094400000,8.67],[1513180800000,8.03],[1513267200000,6.82],[1513526400000,6.94],[1513612800000,8.28],[1513699200000,8.15],[1513785600000,9.15],[1513872000000,8.80],[1514131200000,8.45],[1514217600000,8.77],[1514304000000,7.09],[1514390400000,7.84],[1514476800000,8.16],[1514822400000,9.68],[1514908800000,10.32],[1514995200000,10.79],[1515081600000,11.05],[1515340800000,11.63],[1515427200000,12.41],[1515513600000,12.91],[1515600000000,12.85],[1515686400000,13.37],[1515945600000,13.37],[1516032000000,14.27],[1516118400000,13.99],[1516204800000,14.61],[1516291200000,14.99],[1516550400000,16.36],[1516636800000,17.60],[1516723200000,17.79],[1516809600000,17.13],[1516896000000,17.56],[1517155200000,15.43],[1517241600000,14.20],[1517328000000,14.73],[1517414400000,13.93],[1517500800000,14.61],[1517760000000,14.69],[1517846400000,11.33]]}];
/*同类排名*/
var Data_rateInSimilarType = [{"x":1453651200000,"y":278,"sc":"360"},{"x":1453737600000,"y":280,"sc":"360"},{"x":1453824000000,"y":278,"sc":"360"},{"x":1453910400000,"y":280,"sc":"360"},{"x":1453996800000,"y":281,"sc":"360"},{"x":1454256000000,"y":258,"sc":"360"},{"x":1454342400000,"y":258,"sc":"360"},{"x":1454428800000,"y":261,"sc":"360"},{"x":1454515200000,"y":262,"sc":"365"},{"x":1454601600000,"y":260,"sc":"366"},{"x":1455465600000,"y":248,"sc":"369"},{"x":1455552000000,"y":234,"sc":"369"},{"x":1455638400000,"y":215,"sc":"369"},{"x":1455724800000,"y":192,"sc":"369"},{"x":1455811200000,"y":188,"sc":"369"},{"x":1456070400000,"y":106,"sc":"369"},{"x":1456156800000,"y":98,"sc":"370"},{"x":1456243200000,"y":98,"sc":"373"},{"x":1456329600000,"y":102,"sc":"373"},{"x":1456416000000,"y":124,"sc":"375"},{"x":1456675200000,"y":119,"sc":"375"},{"x":1456761600000,"y":117,"sc":"376"},{"x":1456848000000,"y":110,"sc":"376"},{"x":1456934400000,"y":113,"sc":"376"},{"x":1457020800000,"y":136,"sc":"376"},{"x":1457280000000,"y":149,"sc":"376"},{"x":1457366400000,"y":150,"sc":"380"},{"x":1457452800000,"y":148,"sc":"380"},{"x":1457539200000,"y":132,"sc":"380"},{"x":1457625600000,"y":142,"sc":"381"},{"x":1457884800000,"y":135,"sc":"381"},{"x":1457971200000,"y":141,"sc":"380"},{"x":1458057600000,"y":152,"sc":"382"},{"x":1458144000000,"y":156,"sc":"383"},{"x":1458230400000,"y":159,"sc":"383"},{"x":1458489600000,"y":165,"sc":"383"},{"x":1458576000000,"y":163,"sc":"385"},{"x":1458662400000,"y":175,"sc":"385"},{"x":1458748800000,"y":189,"sc":"385"},{"x":1458835200000,"y":186,"sc":"391"},{"x":1459094400000,"y":187,"sc":"391"},{"x":1459180800000,"y":183,"sc":"391"},{"x":1459267200000,"y":150,"sc":"391"},{"x":1459353600000,"y":153,"sc":"392"},{"x":1459440000000,"y":154,"sc":"392"},{"x":1459785600000,"y":158,"sc":"392"},{"x":1459872000000,"y":155,"sc":"392"},{"x":1459958400000,"y":156,"sc":"392"},{"x":1460044800000,"y":153,"sc":"392"},{"x":1460304000000,"y":155,"sc":"394"},{"x":1460390400000,"y":158,"sc":"394"},{"x":1460476800000,"y":151,"sc":"394"},{"x":1460563200000,"y":149,"sc":"394"},{"x":1460649600000,"y":71,"sc":"394"},{"x":1460908800000,"y":73,"sc":"394"},{"x":1460995200000,"y":73,"sc":"394"},{"x":1461081600000,"y":71,"sc":"394"},{"x":1461168000000,"y":71,"sc":"394"},{"x":1461254400000,"y":74,"sc":"394"},{"x":1461513600000,"y":83,"sc":"394"},{"x":1461600000000,"y":81,"sc":"394"},{"x":1461686400000,"y":75,"sc":"394"},{"x":1461772800000,"y":74,"sc":"394"},{"x":1461859200000,"y":72,"sc":"394"},{"x":1462204800000,"y":101,"sc":"394"},{"x":1462291200000,"y":102,"sc":"394"},{"x":1462377600000,"y":100,"sc":"400"},{"x":1462464000000,"y":101,"sc":"400"},{"x":1462723200000,"y":98,"sc":"400"},{"x":1462809600000,"y":103,"sc":"400"},{"x":1462896000000,"y":104,"sc":"400"},{"x":1462982400000,"y":103,"sc":"400"},{"x":1463068800000,"y":105,"sc":"400"},{"x":1463328000000,"y":148,"sc":"400"},{"x":1463414400000,"y":167,"sc":"400"},{"x":1463500800000,"y":202,"sc":"400"},{"x":1463587200000,"y":200,"sc":"400"},{"x":1463673600000,"y":203,"sc":"400"},{"x":1463932800000,"y":289,"sc":"400"},{"x":1464019200000,"y":260,"sc":"400"},{"x":1464105600000,"y":260,"sc":"400"},{"x":1464192000000,"y":262,"sc":"400"},{"x":1464278400000,"y":257,"sc":"400"},{"x":1464537600000,"y":269,"sc":"400"},{"x":1464624000000,"y":269,"sc":"400"},{"x":1464710400000,"y":233,"sc":"400"},{"x":1464796800000,"y":256,"sc":"400"},{"x":1464883200000,"y":255,"sc":"400"},{"x":1465142400000,"y":254,"sc":"402"},{"x":1465228800000,"y":253,"sc":"402"},{"x":1465315200000,"y":254,"sc":"402"},{"x":1465747200000,"y":284,"sc":"402"},{"x":1465833600000,"y":219,"sc":"402"},{"x":1465920000000,"y":219,"sc":"403"},{"x":1466006400000,"y":218,"sc":"403"},{"x":1466092800000,"y":218,"sc":"403"},{"x":1466352000000,"y":222,"sc":"403"},{"x":1466438400000,"y":218,"sc":"404"},{"x":1466524800000,"y":214,"sc":"404"},{"x":1466611200000,"y":211,"sc":"404"},{"x":1466697600000,"y":207,"sc":"404"},{"x":1466956800000,"y":199,"sc":"404"},{"x":1467043200000,"y":193,"sc":"404"},{"x":1467129600000,"y":187,"sc":"404"},{"x":1467216000000,"y":211,"sc":"404"},{"x":1467302400000,"y":207,"sc":"404"},{"x":1467561600000,"y":201,"sc":"404"},{"x":1467648000000,"y":191,"sc":"404"},{"x":1467734400000,"y":195,"sc":"404"},{"x":1467820800000,"y":196,"sc":"404"},{"x":1467907200000,"y":196,"sc":"404"},{"x":1468166400000,"y":195,"sc":"404"},{"x":1468252800000,"y":161,"sc":"404"},{"x":1468339200000,"y":162,"sc":"404"},{"x":1468425600000,"y":165,"sc":"404"},{"x":1468512000000,"y":269,"sc":"404"},{"x":1468771200000,"y":270,"sc":"404"},{"x":1468857600000,"y":267,"sc":"404"},{"x":1468944000000,"y":266,"sc":"405"},{"x":1469030400000,"y":267,"sc":"405"},{"x":1469116800000,"y":266,"sc":"405"},{"x":1469376000000,"y":260,"sc":"405"},{"x":1469462400000,"y":260,"sc":"405"},{"x":1469548800000,"y":258,"sc":"405"},{"x":1469635200000,"y":257,"sc":"407"},{"x":1469721600000,"y":256,"sc":"407"},{"x":1469980800000,"y":243,"sc":"407"},{"x":1470067200000,"y":252,"sc":"407"},{"x":1470153600000,"y":251,"sc":"407"},{"x":1470240000000,"y":252,"sc":"409"},{"x":1470326400000,"y":250,"sc":"409"},{"x":1470585600000,"y":249,"sc":"412"},{"x":1470672000000,"y":246,"sc":"413"},{"x":1470758400000,"y":243,"sc":"413"},{"x":1470844800000,"y":238,"sc":"413"},{"x":1470931200000,"y":237,"sc":"413"},{"x":1471190400000,"y":217,"sc":"413"},{"x":1471276800000,"y":218,"sc":"413"},{"x":1471363200000,"y":221,"sc":"414"},{"x":1471449600000,"y":219,"sc":"415"},{"x":1471536000000,"y":219,"sc":"415"},{"x":1471795200000,"y":196,"sc":"416"},{"x":1471881600000,"y":190,"sc":"416"},{"x":1471968000000,"y":222,"sc":"416"},{"x":1472054400000,"y":217,"sc":"416"},{"x":1472140800000,"y":219,"sc":"416"},{"x":1472400000000,"y":199,"sc":"416"},{"x":1472486400000,"y":199,"sc":"416"},{"x":1472572800000,"y":194,"sc":"416"},{"x":1472659200000,"y":240,"sc":"416"},{"x":1472745600000,"y":242,"sc":"417"},{"x":1473004800000,"y":242,"sc":"421"},{"x":1473091200000,"y":239,"sc":"421"},{"x":1473177600000,"y":237,"sc":"421"},{"x":1473264000000,"y":236,"sc":"423"},{"x":1473350400000,"y":225,"sc":"424"},{"x":1473609600000,"y":234,"sc":"424"},{"x":1473696000000,"y":237,"sc":"424"},{"x":1473782400000,"y":291,"sc":"424"},{"x":1474214400000,"y":289,"sc":"424"},{"x":1474300800000,"y":289,"sc":"424"},{"x":1474387200000,"y":285,"sc":"424"},{"x":1474473600000,"y":262,"sc":"427"},{"x":1474560000000,"y":217,"sc":"427"},{"x":1474819200000,"y":237,"sc":"430"},{"x":1474905600000,"y":186,"sc":"430"},{"x":1474992000000,"y":192,"sc":"430"},{"x":1475078400000,"y":197,"sc":"432"},{"x":1475164800000,"y":203,"sc":"432"},{"x":1476028800000,"y":204,"sc":"434"},{"x":1476115200000,"y":205,"sc":"434"},{"x":1476201600000,"y":239,"sc":"435"},{"x":1476288000000,"y":244,"sc":"437"},{"x":1476374400000,"y":244,"sc":"435"},{"x":1476633600000,"y":251,"sc":"436"},{"x":1476720000000,"y":246,"sc":"438"},{"x":1476806400000,"y":242,"sc":"437"},{"x":1476892800000,"y":240,"sc":"437"},{"x":1476979200000,"y":241,"sc":"437"},{"x":1477238400000,"y":235,"sc":"440"},{"x":1477324800000,"y":223,"sc":"440"},{"x":1477411200000,"y":227,"sc":"441"},{"x":1477497600000,"y":223,"sc":"441"},{"x":1477584000000,"y":221,"sc":"445"},{"x":1477843200000,"y":218,"sc":"447"},{"x":1477929600000,"y":189,"sc":"447"},{"x":1478016000000,"y":187,"sc":"447"},{"x":1478102400000,"y":188,"sc":"447"},{"x":1478188800000,"y":188,"sc":"448"},{"x":1478448000000,"y":190,"sc":"450"},{"x":1478534400000,"y":189,"sc":"450"},{"x":1478620800000,"y":194,"sc":"450"},{"x":1478707200000,"y":196,"sc":"450"},{"x":1478793600000,"y":197,"sc":"450"},{"x":1479052800000,"y":201,"sc":"450"},{"x":1479139200000,"y":226,"sc":"450"},{"x":1479225600000,"y":232,"sc":"450"},{"x":1479312000000,"y":223,"sc":"450"},{"x":1479398400000,"y":217,"sc":"450"},{"x":1479657600000,"y":209,"sc":"451"},{"x":1479744000000,"y":217,"sc":"451"},{"x":1479830400000,"y":215,"sc":"451"},{"x":1479916800000,"y":211,"sc":"451"},{"x":1480003200000,"y":208,"sc":"451"},{"x":1480262400000,"y":200,"sc":"451"},{"x":1480348800000,"y":196,"sc":"452"},{"x":1480435200000,"y":192,"sc":"452"},{"x":1480521600000,"y":183,"sc":"452"},{"x":1480608000000,"y":176,"sc":"455"},{"x":1480867200000,"y":159,"sc":"455"},{"x":1480953600000,"y":154,"sc":"455"},{"x":1481040000000,"y":152,"sc":"455"},{"x":1481126400000,"y":150,"sc":"455"},{"x":1481212800000,"y":147,"sc":"456"},{"x":1481472000000,"y":134,"sc":"457"},{"x":1481558400000,"y":123,"sc":"458"},{"x":1481644800000,"y":117,"sc":"458"},{"x":1481731200000,"y":109,"sc":"458"},{"x":1481817600000,"y":106,"sc":"458"},{"x":1482076800000,"y":106,"sc":"458"},{"x":1482163200000,"y":109,"sc":"458"},{"x":1482249600000,"y":119,"sc":"458"},{"x":1482336000000,"y":166,"sc":"459"},{"x":1482422400000,"y":244,"sc":"463"},{"x":1482681600000,"y":240,"sc":"464"},{"x":1482768000000,"y":273,"sc":"464"},{"x":1482854400000,"y":272,"sc":"466"},{"x":1482940800000,"y":266,"sc":"466"},{"x":1483027200000,"y":255,"sc":"469"},{"x":1483372800000,"y":233,"sc":"469"},{"x":1483459200000,"y":229,"sc":"468"},{"x":1483545600000,"y":224,"sc":"469"},{"x":1483632000000,"y":213,"sc":"469"},{"x":1483891200000,"y":238,"sc":"469"},{"x":1483977600000,"y":240,"sc":"469"},{"x":1484064000000,"y":233,"sc":"469"},{"x":1484150400000,"y":234,"sc":"469"},{"x":1484236800000,"y":231,"sc":"469"},{"x":1484496000000,"y":222,"sc":"472"},{"x":1484582400000,"y":221,"sc":"474"},{"x":1484668800000,"y":230,"sc":"476"},{"x":1484755200000,"y":228,"sc":"476"},{"x":1484841600000,"y":229,"sc":"476"},{"x":1485100800000,"y":232,"sc":"481"},{"x":1485187200000,"y":230,"sc":"482"},{"x":1485273600000,"y":245,"sc":"484"},{"x":1485360000000,"y":243,"sc":"485"},{"x":1486051200000,"y":269,"sc":"489"},{"x":1486310400000,"y":278,"sc":"491"},{"x":1486396800000,"y":279,"sc":"491"},{"x":1486483200000,"y":273,"sc":"491"},{"x":1486569600000,"y":273,"sc":"491"},{"x":1486656000000,"y":157,"sc":"494"},{"x":1486915200000,"y":168,"sc":"496"},{"x":1487001600000,"y":168,"sc":"496"},{"x":1487088000000,"y":169,"sc":"496"},{"x":1487174400000,"y":167,"sc":"496"},{"x":1487260800000,"y":171,"sc":"496"},{"x":1487520000000,"y":188,"sc":"496"},{"x":1487606400000,"y":192,"sc":"496"},{"x":1487692800000,"y":196,"sc":"496"},{"x":1487779200000,"y":199,"sc":"498"},{"x":1487865600000,"y":202,"sc":"500"},{"x":1488124800000,"y":219,"sc":"503"},{"x":1488211200000,"y":220,"sc":"503"},{"x":1488297600000,"y":230,"sc":"503"},{"x":1488384000000,"y":233,"sc":"511"},{"x":1488470400000,"y":216,"sc":"511"},{"x":1488729600000,"y":240,"sc":"513"},{"x":1488816000000,"y":241,"sc":"515"},{"x":1488902400000,"y":243,"sc":"516"},{"x":1488988800000,"y":245,"sc":"518"},{"x":1489075200000,"y":243,"sc":"518"},{"x":1489334400000,"y":260,"sc":"518"},{"x":1489420800000,"y":271,"sc":"518"},{"x":1489507200000,"y":284,"sc":"518"},{"x":1489593600000,"y":284,"sc":"520"},{"x":1489680000000,"y":282,"sc":"520"},{"x":1489939200000,"y":292,"sc":"522"},{"x":1490025600000,"y":278,"sc":"522"},{"x":1490112000000,"y":271,"sc":"524"},{"x":1490198400000,"y":255,"sc":"530"},{"x":1490284800000,"y":249,"sc":"530"},{"x":1490544000000,"y":249,"sc":"534"},{"x":1490630400000,"y":253,"sc":"535"},{"x":1490716800000,"y":252,"sc":"535"},{"x":1490803200000,"y":248,"sc":"538"},{"x":1490889600000,"y":234,"sc":"538"},{"x":1491321600000,"y":223,"sc":"538"},{"x":1491408000000,"y":217,"sc":"540"},{"x":1491494400000,"y":206,"sc":"540"},{"x":1491753600000,"y":179,"sc":"540"},{"x":1491840000000,"y":203,"sc":"540"},{"x":1491926400000,"y":203,"sc":"540"},{"x":1492012800000,"y":213,"sc":"541"},{"x":1492099200000,"y":210,"sc":"541"},{"x":1492358400000,"y":224,"sc":"543"},{"x":1492444800000,"y":224,"sc":"543"},{"x":1492531200000,"y":223,"sc":"543"},{"x":1492617600000,"y":223,"sc":"545"},{"x":1492704000000,"y":223,"sc":"545"},{"x":1492963200000,"y":240,"sc":"545"},{"x":1493049600000,"y":248,"sc":"547"},{"x":1493136000000,"y":266,"sc":"549"},{"x":1493222400000,"y":258,"sc":"549"},{"x":1493308800000,"y":259,"sc":"549"},{"x":1493654400000,"y":274,"sc":"549"},{"x":1493740800000,"y":267,"sc":"550"},{"x":1493827200000,"y":267,"sc":"550"},{"x":1493913600000,"y":270,"sc":"550"},{"x":1494172800000,"y":257,"sc":"550"},{"x":1494259200000,"y":252,"sc":"550"},{"x":1494345600000,"y":402,"sc":"550"},{"x":1494432000000,"y":395,"sc":"550"},{"x":1494518400000,"y":402,"sc":"550"},{"x":1494777600000,"y":404,"sc":"554"},{"x":1494864000000,"y":406,"sc":"556"},{"x":1494950400000,"y":408,"sc":"560"},{"x":1495036800000,"y":401,"sc":"560"},{"x":1495123200000,"y":408,"sc":"560"},{"x":1495382400000,"y":407,"sc":"560"},{"x":1495468800000,"y":412,"sc":"562"},{"x":1495555200000,"y":415,"sc":"564"},{"x":1495641600000,"y":413,"sc":"564"},{"x":1495728000000,"y":416,"sc":"564"},{"x":1496160000000,"y":420,"sc":"564"},{"x":1496246400000,"y":420,"sc":"564"},{"x":1496332800000,"y":419,"sc":"564"},{"x":1496592000000,"y":435,"sc":"566"},{"x":1496678400000,"y":432,"sc":"566"},{"x":1496764800000,"y":435,"sc":"566"},{"x":1496851200000,"y":439,"sc":"566"},{"x":1496937600000,"y":441,"sc":"566"},{"x":1497196800000,"y":453,"sc":"574"},{"x":1497283200000,"y":454,"sc":"574"},{"x":1497369600000,"y":457,"sc":"575"},{"x":1497456000000,"y":455,"sc":"575"},{"x":1497542400000,"y":457,"sc":"575"},{"x":1497801600000,"y":464,"sc":"577"},{"x":1497888000000,"y":469,"sc":"577"},{"x":1497974400000,"y":471,"sc":"575"},{"x":1498060800000,"y":478,"sc":"575"},{"x":1498147200000,"y":483,"sc":"576"},{"x":1498406400000,"y":502,"sc":"579"},{"x":1498492800000,"y":504,"sc":"579"},{"x":1498579200000,"y":506,"sc":"579"},{"x":1498665600000,"y":506,"sc":"579"},{"x":1498752000000,"y":512,"sc":"582"},{"x":1499011200000,"y":508,"sc":"582"},{"x":1499097600000,"y":519,"sc":"582"},{"x":1499184000000,"y":528,"sc":"583"},{"x":1499270400000,"y":532,"sc":"583"},{"x":1499356800000,"y":533,"sc":"583"},{"x":1499616000000,"y":546,"sc":"583"},{"x":1499702400000,"y":540,"sc":"583"},{"x":1499788800000,"y":543,"sc":"583"},{"x":1499875200000,"y":542,"sc":"583"},{"x":1499961600000,"y":546,"sc":"586"},{"x":1500220800000,"y":546,"sc":"586"},{"x":1500307200000,"y":549,"sc":"586"},{"x":1500393600000,"y":552,"sc":"589"},{"x":1500480000000,"y":552,"sc":"589"},{"x":1500566400000,"y":555,"sc":"593"},{"x":1500825600000,"y":556,"sc":"593"},{"x":1500912000000,"y":553,"sc":"593"},{"x":1500998400000,"y":551,"sc":"594"},{"x":1501084800000,"y":551,"sc":"594"},{"x":1501171200000,"y":553,"sc":"594"},{"x":1501430400000,"y":550,"sc":"594"},{"x":1501516800000,"y":556,"sc":"594"},{"x":1501603200000,"y":557,"sc":"594"},{"x":1501689600000,"y":558,"sc":"594"},{"x":1501776000000,"y":558,"sc":"594"},{"x":1502035200000,"y":559,"sc":"596"},{"x":1502121600000,"y":559,"sc":"596"},{"x":1502208000000,"y":558,"sc":"596"},{"x":1502294400000,"y":559,"sc":"596"},{"x":1502380800000,"y":559,"sc":"596"},{"x":1502640000000,"y":561,"sc":"596"},{"x":1502726400000,"y":562,"sc":"596"},{"x":1502812800000,"y":562,"sc":"596"},{"x":1502899200000,"y":563,"sc":"596"},{"x":1502985600000,"y":561,"sc":"596"},{"x":1503244800000,"y":564,"sc":"597"},{"x":1503331200000,"y":565,"sc":"597"},{"x":1503417600000,"y":564,"sc":"597"},{"x":1503504000000,"y":565,"sc":"596"},{"x":1503590400000,"y":565,"sc":"596"},{"x":1503849600000,"y":562,"sc":"600"},{"x":1503936000000,"y":560,"sc":"600"},{"x":1504022400000,"y":568,"sc":"600"},{"x":1504108800000,"y":567,"sc":"601"},{"x":1504195200000,"y":567,"sc":"601"},{"x":1504454400000,"y":566,"sc":"601"},{"x":1504540800000,"y":566,"sc":"601"},{"x":1504627200000,"y":565,"sc":"601"},{"x":1504713600000,"y":565,"sc":"601"},{"x":1504800000000,"y":564,"sc":"601"},{"x":1505059200000,"y":564,"sc":"603"},{"x":1505145600000,"y":564,"sc":"603"},{"x":1505232000000,"y":564,"sc":"603"},{"x":1505318400000,"y":567,"sc":"605"},{"x":1505404800000,"y":567,"sc":"605"},{"x":1505664000000,"y":568,"sc":"606"},{"x":1505750400000,"y":569,"sc":"606"},{"x":1505836800000,"y":567,"sc":"603"},{"x":1505923200000,"y":567,"sc":"603"},{"x":1506009600000,"y":566,"sc":"603"},{"x":1506268800000,"y":566,"sc":"603"},{"x":1506355200000,"y":564,"sc":"603"},{"x":1506441600000,"y":564,"sc":"604"},{"x":1506528000000,"y":564,"sc":"604"},{"x":1506614400000,"y":566,"sc":"606"},{"x":1507478400000,"y":563,"sc":"606"},{"x":1507564800000,"y":566,"sc":"607"},{"x":1507651200000,"y":567,"sc":"607"},{"x":1507737600000,"y":569,"sc":"611"},{"x":1507824000000,"y":569,"sc":"611"},{"x":1508083200000,"y":569,"sc":"612"},{"x":1508169600000,"y":569,"sc":"612"},{"x":1508256000000,"y":570,"sc":"611"},{"x":1508342400000,"y":569,"sc":"611"},{"x":1508428800000,"y":569,"sc":"611"},{"x":1508688000000,"y":569,"sc":"606"},{"x":1508774400000,"y":569,"sc":"606"},{"x":1508860800000,"y":570,"sc":"607"},{"x":1508947200000,"y":570,"sc":"607"},{"x":1509033600000,"y":570,"sc":"607"},{"x":1509292800000,"y":570,"sc":"609"},{"x":1509379200000,"y":571,"sc":"610"},{"x":1509465600000,"y":571,"sc":"610"},{"x":1509552000000,"y":573,"sc":"613"},{"x":1509638400000,"y":576,"sc":"617"},{"x":1509897600000,"y":576,"sc":"621"},{"x":1509984000000,"y":576,"sc":"621"},{"x":1510070400000,"y":576,"sc":"621"},{"x":1510156800000,"y":579,"sc":"623"},{"x":1510243200000,"y":580,"sc":"623"},{"x":1510502400000,"y":581,"sc":"633"},{"x":1510588800000,"y":582,"sc":"635"},{"x":1510675200000,"y":582,"sc":"635"},{"x":1510761600000,"y":581,"sc":"635"},{"x":1510848000000,"y":584,"sc":"636"},{"x":1511107200000,"y":585,"sc":"636"},{"x":1511193600000,"y":592,"sc":"636"},{"x":1511280000000,"y":594,"sc":"636"},{"x":1511366400000,"y":594,"sc":"636"},{"x":1511452800000,"y":595,"sc":"637"},{"x":1511712000000,"y":596,"sc":"640"},{"x":1511798400000,"y":595,"sc":"640"},{"x":1511884800000,"y":593,"sc":"640"},{"x":1511971200000,"y":594,"sc":"641"},{"x":1512057600000,"y":595,"sc":"643"},{"x":1512316800000,"y":596,"sc":"643"},{"x":1512403200000,"y":597,"sc":"643"},{"x":1512489600000,"y":596,"sc":"643"},{"x":1512576000000,"y":596,"sc":"644"},{"x":1512662400000,"y":599,"sc":"652"},{"x":1512921600000,"y":596,"sc":"652"},{"x":1513008000000,"y":597,"sc":"653"},{"x":1513094400000,"y":595,"sc":"653"},{"x":1513180800000,"y":595,"sc":"654"},{"x":1513267200000,"y":596,"sc":"656"},{"x":1513526400000,"y":588,"sc":"656"},{"x":1513612800000,"y":587,"sc":"656"},{"x":1513699200000,"y":587,"sc":"656"},{"x":1513785600000,"y":585,"sc":"655"},{"x":1513872000000,"y":585,"sc":"655"},{"x":1514131200000,"y":584,"sc":"655"},{"x":1514217600000,"y":585,"sc":"655"},{"x":1514304000000,"y":585,"sc":"654"},{"x":1514390400000,"y":575,"sc":"655"},{"x":1514476800000,"y":568,"sc":"655"},{"x":1514822400000,"y":517,"sc":"655"},{"x":1514908800000,"y":508,"sc":"655"},{"x":1514995200000,"y":493,"sc":"655"},{"x":1515081600000,"y":477,"sc":"655"},{"x":1515340800000,"y":540,"sc":"655"},{"x":1515427200000,"y":538,"sc":"655"},{"x":1515513600000,"y":533,"sc":"656"},{"x":1515600000000,"y":528,"sc":"657"},{"x":1515686400000,"y":527,"sc":"657"},{"x":1515945600000,"y":508,"sc":"657"},{"x":1516032000000,"y":499,"sc":"657"},{"x":1516118400000,"y":492,"sc":"657"},{"x":1516204800000,"y":480,"sc":"657"},{"x":1516291200000,"y":466,"sc":"657"},{"x":1516550400000,"y":449,"sc":"657"},{"x":1516636800000,"y":440,"sc":"657"},{"x":1516723200000,"y":434,"sc":"657"},{"x":1516809600000,"y":430,"sc":"657"},{"x":1516896000000,"y":424,"sc":"655"},{"x":1517155200000,"y":405,"sc":"656"},{"x":1517241600000,"y":403,"sc":"656"},{"x":1517328000000,"y":401,"sc":"656"},{"x":1517414400000,"y":395,"sc":"656"},{"x":1517500800000,"y":386,"sc":"656"},{"x":1517760000000,"y":364,"sc":"656"},{"x":1517846400000,"y":353,"sc":"656"}];
/*百分比排名*/
var Data_rateInSimilarPersent = [[1453651200000,22.7800],[1453737600000,22.2200],[1453824000000,22.7800],[1453910400000,22.2200],[1453996800000,21.9400],[1454256000000,28.3300],[1454342400000,28.3300],[1454428800000,27.5000],[1454515200000,28.2200],[1454601600000,28.9600],[1455465600000,32.7900],[1455552000000,36.5900],[1455638400000,41.7300],[1455724800000,47.9700],[1455811200000,49.0500],[1456070400000,71.2700],[1456156800000,73.5100],[1456243200000,73.7300],[1456329600000,72.6500],[1456416000000,66.9300],[1456675200000,68.2700],[1456761600000,68.8800],[1456848000000,70.7400],[1456934400000,69.9500],[1457020800000,63.8300],[1457280000000,60.3700],[1457366400000,60.5300],[1457452800000,61.0500],[1457539200000,65.2600],[1457625600000,62.7300],[1457884800000,64.5700],[1457971200000,62.8900],[1458057600000,60.2100],[1458144000000,59.2700],[1458230400000,58.4900],[1458489600000,56.9200],[1458576000000,57.6600],[1458662400000,54.5500],[1458748800000,50.9100],[1458835200000,52.4300],[1459094400000,52.1700],[1459180800000,53.2000],[1459267200000,61.6400],[1459353600000,60.9700],[1459440000000,60.7100],[1459785600000,59.6900],[1459872000000,60.4600],[1459958400000,60.2000],[1460044800000,60.9700],[1460304000000,60.6600],[1460390400000,59.9000],[1460476800000,61.6800],[1460563200000,62.1800],[1460649600000,81.9800],[1460908800000,81.4700],[1460995200000,81.4700],[1461081600000,81.9800],[1461168000000,81.9800],[1461254400000,81.2200],[1461513600000,78.9300],[1461600000000,79.4400],[1461686400000,80.9600],[1461772800000,81.2200],[1461859200000,81.7300],[1462204800000,74.3700],[1462291200000,74.1100],[1462377600000,75.00],[1462464000000,74.7500],[1462723200000,75.5000],[1462809600000,74.2500],[1462896000000,74.00],[1462982400000,74.2500],[1463068800000,73.7500],[1463328000000,63.00],[1463414400000,58.2500],[1463500800000,49.5000],[1463587200000,50.00],[1463673600000,49.2500],[1463932800000,27.7500],[1464019200000,35.00],[1464105600000,35.00],[1464192000000,34.5000],[1464278400000,35.7500],[1464537600000,32.7500],[1464624000000,32.7500],[1464710400000,41.7500],[1464796800000,36.00],[1464883200000,36.2500],[1465142400000,36.8200],[1465228800000,37.0600],[1465315200000,36.8200],[1465747200000,29.3500],[1465833600000,45.5200],[1465920000000,45.6600],[1466006400000,45.9100],[1466092800000,45.9100],[1466352000000,44.9100],[1466438400000,46.0400],[1466524800000,47.0300],[1466611200000,47.7700],[1466697600000,48.7600],[1466956800000,50.7400],[1467043200000,52.2300],[1467129600000,53.7100],[1467216000000,47.7700],[1467302400000,48.7600],[1467561600000,50.2500],[1467648000000,52.7200],[1467734400000,51.7300],[1467820800000,51.4900],[1467907200000,51.4900],[1468166400000,51.7300],[1468252800000,60.1500],[1468339200000,59.9000],[1468425600000,59.1600],[1468512000000,33.4200],[1468771200000,33.1700],[1468857600000,33.9100],[1468944000000,34.3200],[1469030400000,34.0700],[1469116800000,34.3200],[1469376000000,35.8000],[1469462400000,35.8000],[1469548800000,36.3000],[1469635200000,36.8600],[1469721600000,37.1000],[1469980800000,40.2900],[1470067200000,38.0800],[1470153600000,38.3300],[1470240000000,38.3900],[1470326400000,38.8800],[1470585600000,39.5600],[1470672000000,40.4400],[1470758400000,41.1600],[1470844800000,42.3700],[1470931200000,42.6200],[1471190400000,47.4600],[1471276800000,47.2200],[1471363200000,46.6200],[1471449600000,47.2300],[1471536000000,47.2300],[1471795200000,52.8800],[1471881600000,54.3300],[1471968000000,46.6300],[1472054400000,47.8400],[1472140800000,47.3600],[1472400000000,52.1600],[1472486400000,52.1600],[1472572800000,53.3700],[1472659200000,42.3100],[1472745600000,41.9700],[1473004800000,42.5200],[1473091200000,43.2300],[1473177600000,43.7100],[1473264000000,44.2100],[1473350400000,46.9300],[1473609600000,44.8100],[1473696000000,44.1000],[1473782400000,31.3700],[1474214400000,31.8400],[1474300800000,31.8400],[1474387200000,32.7800],[1474473600000,38.6400],[1474560000000,49.1800],[1474819200000,44.8800],[1474905600000,56.7400],[1474992000000,55.3500],[1475078400000,54.4000],[1475164800000,53.0100],[1476028800000,53.00],[1476115200000,52.7600],[1476201600000,45.0600],[1476288000000,44.1600],[1476374400000,43.9100],[1476633600000,42.4300],[1476720000000,43.8400],[1476806400000,44.6200],[1476892800000,45.0800],[1476979200000,44.8500],[1477238400000,46.5900],[1477324800000,49.3200],[1477411200000,48.5300],[1477497600000,49.4300],[1477584000000,50.3400],[1477843200000,51.2300],[1477929600000,57.7200],[1478016000000,58.1700],[1478102400000,57.9400],[1478188800000,58.0400],[1478448000000,57.7800],[1478534400000,58.00],[1478620800000,56.8900],[1478707200000,56.4400],[1478793600000,56.2200],[1479052800000,55.3300],[1479139200000,49.7800],[1479225600000,48.4400],[1479312000000,50.4400],[1479398400000,51.7800],[1479657600000,53.6600],[1479744000000,51.8800],[1479830400000,52.3300],[1479916800000,53.2200],[1480003200000,53.8800],[1480262400000,55.6500],[1480348800000,56.6400],[1480435200000,57.5200],[1480521600000,59.5100],[1480608000000,61.3200],[1480867200000,65.0500],[1480953600000,66.1500],[1481040000000,66.5900],[1481126400000,67.0300],[1481212800000,67.7600],[1481472000000,70.6800],[1481558400000,73.1400],[1481644800000,74.4500],[1481731200000,76.2000],[1481817600000,76.8600],[1482076800000,76.8600],[1482163200000,76.2000],[1482249600000,74.0200],[1482336000000,63.8300],[1482422400000,47.3000],[1482681600000,48.2800],[1482768000000,41.1600],[1482854400000,41.6300],[1482940800000,42.9200],[1483027200000,45.6300],[1483372800000,50.3200],[1483459200000,51.0700],[1483545600000,52.2400],[1483632000000,54.5800],[1483891200000,49.2500],[1483977600000,48.8300],[1484064000000,50.3200],[1484150400000,50.1100],[1484236800000,50.7500],[1484496000000,52.9700],[1484582400000,53.3800],[1484668800000,51.6800],[1484755200000,52.1000],[1484841600000,51.8900],[1485100800000,51.7700],[1485187200000,52.2800],[1485273600000,49.3800],[1485360000000,49.9000],[1486051200000,44.9900],[1486310400000,43.3800],[1486396800000,43.1800],[1486483200000,44.4000],[1486569600000,44.4000],[1486656000000,68.2200],[1486915200000,66.1300],[1487001600000,66.1300],[1487088000000,65.9300],[1487174400000,66.3300],[1487260800000,65.5200],[1487520000000,62.1000],[1487606400000,61.2900],[1487692800000,60.4800],[1487779200000,60.0400],[1487865600000,59.6000],[1488124800000,56.4600],[1488211200000,56.2600],[1488297600000,54.2700],[1488384000000,54.4000],[1488470400000,57.7300],[1488729600000,53.2200],[1488816000000,53.2000],[1488902400000,52.9100],[1488988800000,52.7000],[1489075200000,53.0900],[1489334400000,49.8100],[1489420800000,47.6800],[1489507200000,45.1700],[1489593600000,45.3800],[1489680000000,45.7700],[1489939200000,44.0600],[1490025600000,46.7400],[1490112000000,48.2800],[1490198400000,51.8900],[1490284800000,53.0200],[1490544000000,53.3700],[1490630400000,52.7100],[1490716800000,52.9000],[1490803200000,53.9000],[1490889600000,56.5100],[1491321600000,58.5500],[1491408000000,59.8100],[1491494400000,61.8500],[1491753600000,66.8500],[1491840000000,62.4100],[1491926400000,62.4100],[1492012800000,60.6300],[1492099200000,61.1800],[1492358400000,58.7500],[1492444800000,58.7500],[1492531200000,58.9300],[1492617600000,59.0800],[1492704000000,59.0800],[1492963200000,55.9600],[1493049600000,54.6600],[1493136000000,51.5500],[1493222400000,53.0100],[1493308800000,52.8200],[1493654400000,50.0900],[1493740800000,51.4500],[1493827200000,51.4500],[1493913600000,50.9100],[1494172800000,53.2700],[1494259200000,54.1800],[1494345600000,26.9100],[1494432000000,28.1800],[1494518400000,26.9100],[1494777600000,27.0800],[1494864000000,26.9800],[1494950400000,27.1400],[1495036800000,28.3900],[1495123200000,27.1400],[1495382400000,27.3200],[1495468800000,26.6900],[1495555200000,26.4200],[1495641600000,26.7700],[1495728000000,26.2400],[1496160000000,25.5300],[1496246400000,25.5300],[1496332800000,25.7100],[1496592000000,23.1400],[1496678400000,23.6700],[1496764800000,23.1400],[1496851200000,22.4400],[1496937600000,22.0800],[1497196800000,21.0800],[1497283200000,20.9100],[1497369600000,20.5200],[1497456000000,20.8700],[1497542400000,20.5200],[1497801600000,19.5800],[1497888000000,18.7200],[1497974400000,18.0900],[1498060800000,16.8700],[1498147200000,16.1500],[1498406400000,13.3000],[1498492800000,12.9500],[1498579200000,12.6100],[1498665600000,12.6100],[1498752000000,12.0300],[1499011200000,12.7100],[1499097600000,10.8200],[1499184000000,9.4300],[1499270400000,8.7500],[1499356800000,8.5800],[1499616000000,6.3500],[1499702400000,7.3800],[1499788800000,6.8600],[1499875200000,7.0300],[1499961600000,6.8300],[1500220800000,6.8300],[1500307200000,6.3100],[1500393600000,6.2800],[1500480000000,6.2800],[1500566400000,6.4100],[1500825600000,6.2400],[1500912000000,6.7500],[1500998400000,7.2400],[1501084800000,7.2400],[1501171200000,6.9000],[1501430400000,7.4100],[1501516800000,6.4000],[1501603200000,6.2300],[1501689600000,6.0600],[1501776000000,6.0600],[1502035200000,6.2100],[1502121600000,6.2100],[1502208000000,6.3800],[1502294400000,6.2100],[1502380800000,6.2100],[1502640000000,5.8700],[1502726400000,5.7000],[1502812800000,5.7000],[1502899200000,5.5400],[1502985600000,5.8700],[1503244800000,5.5300],[1503331200000,5.3600],[1503417600000,5.5300],[1503504000000,5.2000],[1503590400000,5.2000],[1503849600000,6.3300],[1503936000000,6.6700],[1504022400000,5.3300],[1504108800000,5.6600],[1504195200000,5.6600],[1504454400000,5.8200],[1504540800000,5.8200],[1504627200000,5.9900],[1504713600000,5.9900],[1504800000000,6.1600],[1505059200000,6.4700],[1505145600000,6.4700],[1505232000000,6.4700],[1505318400000,6.2800],[1505404800000,6.2800],[1505664000000,6.2700],[1505750400000,6.1100],[1505836800000,5.9700],[1505923200000,5.9700],[1506009600000,6.1400],[1506268800000,6.1400],[1506355200000,6.4700],[1506441600000,6.6200],[1506528000000,6.6200],[1506614400000,6.6000],[1507478400000,7.1000],[1507564800000,6.7500],[1507651200000,6.5900],[1507737600000,6.8700],[1507824000000,6.8700],[1508083200000,7.0300],[1508169600000,7.0300],[1508256000000,6.7100],[1508342400000,6.8700],[1508428800000,6.8700],[1508688000000,6.1100],[1508774400000,6.1100],[1508860800000,6.1000],[1508947200000,6.1000],[1509033600000,6.1000],[1509292800000,6.4000],[1509379200000,6.3900],[1509465600000,6.3900],[1509552000000,6.5300],[1509638400000,6.6500],[1509897600000,7.2500],[1509984000000,7.2500],[1510070400000,7.2500],[1510156800000,7.0600],[1510243200000,6.9000],[1510502400000,8.2100],[1510588800000,8.3500],[1510675200000,8.3500],[1510761600000,8.5000],[1510848000000,8.1800],[1511107200000,8.0200],[1511193600000,6.9200],[1511280000000,6.6000],[1511366400000,6.6000],[1511452800000,6.5900],[1511712000000,6.8700],[1511798400000,7.0300],[1511884800000,7.3400],[1511971200000,7.3300],[1512057600000,7.4700],[1512316800000,7.3100],[1512403200000,7.1500],[1512489600000,7.3100],[1512576000000,7.4500],[1512662400000,8.1300],[1512921600000,8.5900],[1513008000000,8.5800],[1513094400000,8.8800],[1513180800000,9.0200],[1513267200000,9.1500],[1513526400000,10.3700],[1513612800000,10.5200],[1513699200000,10.5200],[1513785600000,10.6900],[1513872000000,10.6900],[1514131200000,10.8400],[1514217600000,10.6900],[1514304000000,10.5500],[1514390400000,12.2100],[1514476800000,13.2800],[1514822400000,21.0700],[1514908800000,22.4400],[1514995200000,24.7300],[1515081600000,27.1800],[1515340800000,17.5600],[1515427200000,17.8600],[1515513600000,18.7500],[1515600000000,19.6300],[1515686400000,19.7900],[1515945600000,22.6800],[1516032000000,24.0500],[1516118400000,25.1100],[1516204800000,26.9400],[1516291200000,29.0700],[1516550400000,31.6600],[1516636800000,33.0300],[1516723200000,33.9400],[1516809600000,34.5500],[1516896000000,35.2700],[1517155200000,38.2600],[1517241600000,38.5700],[1517328000000,38.8700],[1517414400000,39.7900],[1517500800000,41.1600],[1517760000000,44.5100],[1517846400000,46.1900]];
/*规模变动*/
var Data_fluctuationScale = {"categories":["2016-12-31","2017-03-31","2017-06-30","2017-09-30","2017-12-31"],"series":[{"y":2.96,"mom":"97.37%"},{"y":2.01,"mom":"-32.25%"},{"y":0.73,"mom":"-63.53%"},{"y":0.77,"mom":"4.95%"},{"y":6.64,"mom":"764.61%"}]};;
/*持有人结构*/
var Data_holderStructure = {"series":[{"name":"机构持有比例","data":[99.99,99.07,98.0,73.0]},{"name":"个人持有比例","data":[0.01,0.93,2.0,27.0]},{"name":"内部持有比例","data":[0.0,0.01,0.01,0.04]}],"categories":["2015-12-31","2016-06-30","2016-12-31","2017-06-30"]};
/*申购赎回*/
var Data_assetAllocation ={"series":[{"name":"期间申购","data":[4.99,2.03,0.81,6.84]},{"name":"期间赎回","data":[5.95,3.30,0.78,0.97]},{"name":"总份额","data":[2.01,0.73,0.77,6.64]}],"categories":["2017-03-31","2017-06-30","2017-09-30","2017-12-31"]};
/*现任基金经理*/
var Data_currentFundManager = [{"id":"30424663","pic":"https://pdf.dfcfw.com/pdf/H8_JPG30424663_1.jpg","name":"蒋小玲","star":4,"workTime":"2年又10天","fundSize":"35.95亿(7只基金)","power":{"avr":"70.20","categories":["经验值","收益率","抗风险","稳定性","管理规模"],"dsc":["反映基金经理从业年限和管理基金的经验","根据基金经理投资的阶段收益评分，反映\u003cbr\u003e基金经理投资的盈利能力","反映基金经理投资的回撤控制能力","反映基金经理投资收益的波动","根据基金经理现任管理基金资产规模评分"],"data":[40.50,63.20,88.80,93.20,43.30],"jzrq":"2018-02-06"},"profit":{"categories":["任期收益","同类平均"],"series":[{"data":[{"name":null,"color":"#7cb5ec","y":6.5637},{"name":null,"color":"#414c7b","y":6.74}]}],"jzrq":"2018-02-06"}},{"id":"30553818","pic":"http://j5.dfcfw.com/avatar/nopic.gif","name":"张俊","star":0,"workTime":"149天","fundSize":"6.64亿(1只基金)","power":{"avr":"暂无数据","categories":["经验值","收益率","影响力","稳定性","管理规模"],"dsc":["反映基金经理从业年限和管理基金的经验","根据基金经理投资的阶段收益评分，反映\u003cbr\u003e基金经理投资的盈利能力","根据基金经理所管理基金的机构和个人投\u003cbr\u003e资者持有比例评分","反映基金经理投资收益的波动","根据基金经理现任管理基金资产规模评分"],"data":[null,null,null,null,null],"jzrq":"2018-02-06"},"profit":{"categories":["任期收益","同类平均"],"series":[{"data":[{"name":null,"color":"#7cb5ec","y":1.605},{"name":null,"color":"#414c7b","y":1.66}]}],"jzrq":"2018-02-06"}}] ;
/*同类型基金涨幅榜（页面底部通栏）*/
var swithSameType = [['002895_华夏天利货币B_5.8750','002894_华夏天利货币A_5.6210','004398_融通现金宝货币B_5.3370','000902_国开货币B_5.3360','001478_泰康薪意保货币B_5.1400'],['002895_华夏天利货币B_5.26','004973_长城收益宝货币B_5.08','004904_人保货币B_5.05','002884_华润元大现金通货币B_5.01','002894_华夏天利货币A_5.01'],['004973_长城收益宝货币B_5.05','004770_海富通添益货币A_4.99','002884_华润元大现金通货币B_4.99','005151_红土创新优淳货币B_4.90','002895_华夏天利货币B_4.89'],['004770_海富通添益货币A_5.39','004973_长城收益宝货币B_5.13','002884_华润元大现金通货币B_5.03','002895_华夏天利货币B_5.03','004398_融通现金宝货币B_5.01'],['003679_中融现金增利货币C_4.67','003474_南方天天利货币B_4.55','000836_国投瑞银钱多宝货币A_4.52','000837_国投瑞银钱多宝货币I_4.52','003753_工银如意货币B_4.51']];