/**
 * 测试数据
 * @type {arry}
 */
/*2018-02-07 18:03:01*/
//基金或股票信息
var fS_name = "海富通添益货币B";
var fS_code = "004771";
var fund_minsg="5000000";
var ishb=true;
/*原费率*/
var fund_sourceRate="0";
/*现费率*/
var fund_Rate="0";
/*最小申购金额*/
var fund_minsg="5000000";
/*收益率*/
/*近一年收益率*/
var syl_1n="";
/*近6月收益率*/
var syl_6y="";
/*近三月收益率*/
var syl_3y="0.8234";
/*近一月收益率*/
var syl_1y="0.4552";
/* 基金收益走势图 每万份收益*/
var Data_millionCopiesIncome = [[1502812800000,0.0],[1502899200000,0.0],[1502985600000,0.0],[1503158400000,0.0],[1503244800000,0.0],[1503331200000,0.0],[1503417600000,0.0],[1503504000000,0.0],[1503590400000,0.0],[1503763200000,0.0],[1503849600000,0.0],[1503936000000,0.0],[1504022400000,0.0],[1504108800000,0.0],[1504195200000,0.0],[1504368000000,0.0],[1504454400000,0.0],[1504540800000,0.0],[1504627200000,0.0],[1504713600000,0.0],[1504800000000,0.0],[1504972800000,0.0],[1505059200000,0.0],[1505145600000,0.0],[1505232000000,0.0],[1505318400000,0.0],[1505404800000,0.0],[1505577600000,0.0],[1505664000000,0.0],[1505750400000,0.0],[1505836800000,0.0],[1505923200000,0.0],[1506009600000,0.0],[1506182400000,0.0],[1506268800000,0.0],[1506355200000,0.0],[1506441600000,0.0],[1506528000000,0.0],[1506614400000,0.0],[1507392000000,0.0],[1507478400000,0.0],[1507564800000,0.0],[1507651200000,0.0],[1507737600000,0.0],[1507824000000,0.0],[1507996800000,0.0],[1508083200000,0.0],[1508169600000,0.0],[1508256000000,0.0],[1508342400000,0.0],[1508428800000,0.0],[1508601600000,0.0],[1508688000000,0.0],[1508774400000,0.0],[1508860800000,0.0],[1508947200000,0.0],[1509033600000,0.0],[1509206400000,0.0],[1509292800000,0.0],[1509379200000,0.0],[1513267200000,1.2815],[1513440000000,2.7024],[1513526400000,1.3562],[1513612800000,1.3571],[1513699200000,1.342],[1513785600000,1.3557],[1513872000000,1.3958],[1514044800000,2.7854],[1514131200000,1.3931],[1514217600000,1.4193],[1514304000000,1.4303],[1514390400000,1.8167],[1514476800000,1.8294],[1514649600000,3.661],[1514736000000,1.8318],[1514822400000,2.568],[1514908800000,2.384],[1514995200000,1.767],[1515081600000,2.915],[1515254400000,2.8631],[1515340800000,1.4619],[1515427200000,2.0143],[1515513600000,2.9162],[1515600000000,1.3044],[1515686400000,1.2754],[1515859200000,2.2933],[1515945600000,1.7265],[1516032000000,1.4955],[1516118400000,1.2647],[1516204800000,1.3687],[1516291200000,1.2831],[1516464000000,2.5628],[1516550400000,1.5043],[1516636800000,1.2996],[1516723200000,1.4539],[1516809600000,1.3288],[1516896000000,1.3177],[1517068800000,2.5596],[1517155200000,1.3941],[1517241600000,1.2987],[1517328000000,1.4978],[1517414400000,1.2629],[1517500800000,1.2894],[1517673600000,2.5429],[1517760000000,1.4337],[1517846400000,1.4038]];
/*基金收益走势图   7日年化收益率*/
var Data_sevenDaysYearIncome = [[1502812800000,0.0],[1502899200000,0.0],[1502985600000,0.0],[1503158400000,0.0],[1503244800000,0.0],[1503331200000,0.0],[1503417600000,0.0],[1503504000000,0.0],[1503590400000,0.0],[1503763200000,0.0],[1503849600000,0.0],[1503936000000,0.0],[1504022400000,0.0],[1504108800000,0.0],[1504195200000,0.0],[1504368000000,0.0],[1504454400000,0.0],[1504540800000,0.0],[1504627200000,0.0],[1504713600000,0.0],[1504800000000,0.0],[1504972800000,0.0],[1505059200000,0.0],[1505145600000,0.0],[1505232000000,0.0],[1505318400000,0.0],[1505404800000,0.0],[1505577600000,0.0],[1505664000000,0.0],[1505750400000,0.0],[1505836800000,0.0],[1505923200000,0.0],[1506009600000,0.0],[1506182400000,0.0],[1506268800000,0.0],[1506355200000,0.0],[1506441600000,0.0],[1506528000000,0.0],[1506614400000,0.0],[1507392000000,0.0],[1507478400000,0.0],[1507564800000,0.0],[1507651200000,0.0],[1507737600000,0.0],[1507824000000,0.0],[1507996800000,0.0],[1508083200000,0.0],[1508169600000,0.0],[1508256000000,0.0],[1508342400000,0.0],[1508428800000,0.0],[1508601600000,0.0],[1508688000000,0.0],[1508774400000,0.0],[1508860800000,0.0],[1508947200000,0.0],[1509033600000,0.0],[1509206400000,0.0],[1509292800000,0.0],[1509379200000,0.0],[1513267200000,4.788],[1513440000000,4.966],[1513526400000,4.993],[1513612800000,5.01],[1513699200000,5.012],[1513785600000,5.02],[1513872000000,5.083],[1514044800000,5.128],[1514131200000,5.149],[1514217600000,5.183],[1514304000000,5.231],[1514390400000,5.484],[1514476800000,5.723],[1514649600000,6.207],[1514736000000,6.45],[1514822400000,7.089],[1514908800000,7.623],[1514995200000,7.595],[1515081600000,8.206],[1515254400000,7.757],[1515340800000,7.549],[1515427200000,7.239],[1515513600000,7.537],[1515600000000,7.278],[1515686400000,6.365],[1515859200000,6.05],[1515945600000,6.196],[1516032000000,5.909],[1516118400000,5.001],[1516204800000,5.036],[1516291200000,5.041],[1516464000000,5.188],[1516550400000,5.067],[1516636800000,4.959],[1516723200000,5.063],[1516809600000,5.041],[1516896000000,5.06],[1517068800000,5.058],[1517155200000,4.998],[1517241600000,4.997],[1517328000000,5.021],[1517414400000,4.985],[1517500800000,4.97],[1517673600000,4.961],[1517760000000,4.982],[1517846400000,5.04]];
/*资产配置*/
var Data_assetAllocationCurrency ={"categories":["12-31"],"series":[{"name":"股票","data":[null]},{"name":"债券","data":[42.4]},{"name":"现金","data":[39.29]}]};
/*累计收益率走势*/
var Data_grandTotal = [{"name":"海富通添益货币B","data":[[1502812800000,0],[1502899200000,0],[1502985600000,0],[1503158400000,0],[1503244800000,0],[1503331200000,0],[1503417600000,0],[1503504000000,0],[1503590400000,0],[1503763200000,0],[1503849600000,0],[1503936000000,0],[1504022400000,0],[1504108800000,0],[1504195200000,0],[1504368000000,0],[1504454400000,0],[1504540800000,0],[1504627200000,0],[1504713600000,0],[1504800000000,0],[1504972800000,0],[1505059200000,0],[1505145600000,0],[1505232000000,0],[1505318400000,0],[1505404800000,0],[1505577600000,0],[1505664000000,0],[1505750400000,0],[1505836800000,0],[1505923200000,0],[1506009600000,0],[1506182400000,0],[1506268800000,0],[1506355200000,0],[1506441600000,0],[1506528000000,0],[1506614400000,0],[1507392000000,0],[1507478400000,0],[1507564800000,0],[1507651200000,0],[1507737600000,0],[1507824000000,0],[1507996800000,0],[1508083200000,0],[1508169600000,0],[1508256000000,0],[1508342400000,0],[1508428800000,0],[1508601600000,0],[1508688000000,0],[1508774400000,0],[1508860800000,0],[1508947200000,0],[1509033600000,0],[1509206400000,0],[1509292800000,0],[1509379200000,0],[1513267200000,0.01],[1513440000000,0.04],[1513526400000,0.05],[1513612800000,0.07],[1513699200000,0.08],[1513785600000,0.09],[1513872000000,0.11],[1514044800000,0.14],[1514131200000,0.15],[1514217600000,0.16],[1514304000000,0.18],[1514390400000,0.20],[1514476800000,0.21],[1514649600000,0.25],[1514736000000,0.27],[1514822400000,0.30],[1514908800000,0.32],[1514995200000,0.34],[1515081600000,0.37],[1515254400000,0.40],[1515340800000,0.41],[1515427200000,0.43],[1515513600000,0.46],[1515600000000,0.47],[1515686400000,0.49],[1515859200000,0.51],[1515945600000,0.53],[1516032000000,0.54],[1516118400000,0.55],[1516204800000,0.57],[1516291200000,0.58],[1516464000000,0.61],[1516550400000,0.62],[1516636800000,0.63],[1516723200000,0.65],[1516809600000,0.66],[1516896000000,0.68],[1517068800000,0.70],[1517155200000,0.72],[1517241600000,0.73],[1517328000000,0.74],[1517414400000,0.76],[1517500800000,0.77],[1517673600000,0.79],[1517760000000,0.81],[1517846400000,0.82]]},{"name":"同类平均","data":[[1502640000000,0],[1502726400000,0.01],[1502812800000,0.02],[1502899200000,0.03],[1502985600000,0.04],[1503244800000,0.07],[1503331200000,0.08],[1503417600000,0.09],[1503504000000,0.10],[1503590400000,0.11],[1503849600000,0.15],[1503936000000,0.16],[1504022400000,0.17],[1504108800000,0.18],[1504195200000,0.19],[1504454400000,0.22],[1504540800000,0.23],[1504627200000,0.24],[1504713600000,0.25],[1504800000000,0.26],[1505059200000,0.29],[1505145600000,0.31],[1505232000000,0.32],[1505318400000,0.33],[1505404800000,0.34],[1505664000000,0.37],[1505750400000,0.38],[1505836800000,0.39],[1505923200000,0.40],[1506009600000,0.41],[1506268800000,0.44],[1506355200000,0.46],[1506441600000,0.47],[1506528000000,0.48],[1506614400000,0.49],[1507478400000,0.60],[1507564800000,0.61],[1507651200000,0.62],[1507737600000,0.63],[1507824000000,0.64],[1508083200000,0.68],[1508169600000,0.69],[1508256000000,0.70],[1508342400000,0.71],[1508428800000,0.72],[1508688000000,0.75],[1508774400000,0.76],[1508860800000,0.77],[1508947200000,0.78],[1509033600000,0.79],[1509292800000,0.82],[1509379200000,0.83],[1509465600000,0.85],[1509552000000,0.86],[1509638400000,0.87],[1509897600000,0.90],[1509984000000,0.91],[1510070400000,0.92],[1510156800000,0.93],[1510243200000,0.94],[1510502400000,0.97],[1510588800000,0.98],[1510675200000,0.99],[1510761600000,1.00],[1510848000000,1.01],[1511107200000,1.05],[1511193600000,1.06],[1511280000000,1.07],[1511366400000,1.08],[1511452800000,1.09],[1511712000000,1.12],[1511798400000,1.14],[1511884800000,1.15],[1511971200000,1.16],[1512057600000,1.17],[1512316800000,1.20],[1512403200000,1.21],[1512489600000,1.23],[1512576000000,1.24],[1512662400000,1.25],[1512921600000,1.28],[1513008000000,1.29],[1513094400000,1.30],[1513180800000,1.31],[1513267200000,1.33],[1513526400000,1.36],[1513612800000,1.37],[1513699200000,1.38],[1513785600000,1.39],[1513872000000,1.41],[1514131200000,1.44],[1514217600000,1.45],[1514304000000,1.47],[1514390400000,1.48],[1514476800000,1.49],[1514822400000,1.55],[1514908800000,1.56],[1514995200000,1.57],[1515081600000,1.59],[1515340800000,1.62],[1515427200000,1.63],[1515513600000,1.65],[1515600000000,1.66],[1515686400000,1.67],[1515945600000,1.70],[1516032000000,1.71],[1516118400000,1.72],[1516204800000,1.74],[1516291200000,1.75],[1516550400000,1.78],[1516636800000,1.79],[1516723200000,1.81],[1516809600000,1.82],[1516896000000,1.83],[1517155200000,1.86],[1517241600000,1.87],[1517328000000,1.89],[1517414400000,1.90],[1517500800000,1.91],[1517760000000,1.94],[1517846400000,1.96]]},{"name":"沪深300","data":[[1502640000000,0],[1502726400000,0.31],[1502812800000,0.18],[1502899200000,0.72],[1502985600000,0.81],[1503244800000,1.25],[1503331200000,1.56],[1503417600000,1.66],[1503504000000,1.08],[1503590400000,2.74],[1503849600000,4.01],[1503936000000,3.79],[1504022400000,3.78],[1504108800000,3.45],[1504195200000,3.68],[1504454400000,4.09],[1504540800000,4.39],[1504627200000,4.19],[1504713600000,3.66],[1504800000000,3.55],[1505059200000,3.54],[1505145600000,3.88],[1505232000000,4.00],[1505318400000,3.66],[1505404800000,3.70],[1505664000000,4.02],[1505750400000,3.72],[1505836800000,4.00],[1505923200000,3.87],[1506009600000,3.87],[1506268800000,3.33],[1506355200000,3.41],[1506441600000,3.42],[1506528000000,3.46],[1506614400000,3.84],[1507478400000,5.08],[1507564800000,5.28],[1507651200000,5.63],[1507737600000,5.91],[1507824000000,6.13],[1508083200000,5.92],[1508169600000,5.91],[1508256000000,6.75],[1508342400000,6.40],[1508428800000,6.28],[1508688000000,6.39],[1508774400000,7.16],[1508860800000,7.64],[1508947200000,8.09],[1509033600000,8.86],[1509292800000,8.53],[1509379200000,8.45],[1509465600000,8.17],[1509552000000,8.19],[1509638400000,8.07],[1509897600000,8.83],[1509984000000,9.73],[1510070400000,9.56],[1510156800000,10.32],[1510243200000,11.29],[1510502400000,11.73],[1510588800000,10.95],[1510675200000,10.26],[1510761600000,11.11],[1510848000000,11.53],[1511107200000,12.16],[1511193600000,14.16],[1511280000000,14.42],[1511366400000,11.04],[1511452800000,11.08],[1511712000000,9.62],[1511798400000,9.77],[1511884800000,9.72],[1511971200000,8.43],[1512057600000,8.21],[1512316800000,8.77],[1512403200000,9.35],[1512489600000,8.69],[1512576000000,7.48],[1512662400000,8.36],[1512921600000,10.14],[1513008000000,8.70],[1513094400000,9.62],[1513180800000,8.97],[1513267200000,7.75],[1513526400000,7.87],[1513612800000,9.22],[1513699200000,9.09],[1513785600000,10.10],[1513872000000,9.74],[1514131200000,9.39],[1514217600000,9.72],[1514304000000,8.03],[1514390400000,8.78],[1514476800000,9.10],[1514822400000,10.63],[1514908800000,11.28],[1514995200000,11.75],[1515081600000,12.02],[1515340800000,12.60],[1515427200000,13.39],[1515513600000,13.89],[1515600000000,13.83],[1515686400000,14.35],[1515945600000,14.36],[1516032000000,15.26],[1516118400000,14.98],[1516204800000,15.61],[1516291200000,15.99],[1516550400000,17.37],[1516636800000,18.62],[1516723200000,18.82],[1516809600000,18.14],[1516896000000,18.58],[1517155200000,16.44],[1517241600000,15.20],[1517328000000,15.73],[1517414400000,14.92],[1517500800000,15.60],[1517760000000,15.68],[1517846400000,12.29]]}];
/*同类排名*/
var Data_rateInSimilarType = [{"x":1510761600000,"y":635,"sc":"641"},{"x":1510848000000,"y":636,"sc":"642"},{"x":1511193600000,"y":636,"sc":"642"},{"x":1511280000000,"y":636,"sc":"642"},{"x":1511712000000,"y":640,"sc":"646"},{"x":1511971200000,"y":641,"sc":"647"},{"x":1512057600000,"y":643,"sc":"649"},{"x":1512316800000,"y":632,"sc":"638"},{"x":1512403200000,"y":643,"sc":"649"},{"x":1512489600000,"y":643,"sc":"649"},{"x":1512662400000,"y":652,"sc":"659"},{"x":1512921600000,"y":642,"sc":"649"},{"x":1513180800000,"y":654,"sc":"661"},{"x":1513267200000,"y":655,"sc":"656"},{"x":1513526400000,"y":655,"sc":"656"},{"x":1513612800000,"y":655,"sc":"656"},{"x":1513699200000,"y":655,"sc":"656"},{"x":1513785600000,"y":655,"sc":"655"},{"x":1513872000000,"y":655,"sc":"655"},{"x":1514131200000,"y":655,"sc":"655"},{"x":1514217600000,"y":655,"sc":"655"},{"x":1514304000000,"y":654,"sc":"654"},{"x":1514390400000,"y":654,"sc":"655"},{"x":1514476800000,"y":654,"sc":"655"},{"x":1514822400000,"y":654,"sc":"655"},{"x":1514908800000,"y":654,"sc":"655"},{"x":1514995200000,"y":654,"sc":"655"},{"x":1515081600000,"y":654,"sc":"655"},{"x":1515340800000,"y":654,"sc":"655"},{"x":1515427200000,"y":654,"sc":"655"},{"x":1515513600000,"y":654,"sc":"656"},{"x":1515600000000,"y":654,"sc":"657"},{"x":1515686400000,"y":654,"sc":"657"},{"x":1515945600000,"y":653,"sc":"657"},{"x":1516032000000,"y":653,"sc":"657"},{"x":1516118400000,"y":653,"sc":"657"},{"x":1516204800000,"y":652,"sc":"657"},{"x":1516291200000,"y":652,"sc":"657"},{"x":1516550400000,"y":652,"sc":"657"},{"x":1516636800000,"y":652,"sc":"657"},{"x":1516723200000,"y":652,"sc":"657"},{"x":1516809600000,"y":652,"sc":"657"},{"x":1516896000000,"y":651,"sc":"655"},{"x":1517155200000,"y":652,"sc":"656"},{"x":1517241600000,"y":652,"sc":"656"},{"x":1517328000000,"y":652,"sc":"656"},{"x":1517414400000,"y":652,"sc":"656"},{"x":1517500800000,"y":651,"sc":"656"},{"x":1517760000000,"y":648,"sc":"656"},{"x":1517846400000,"y":647,"sc":"656"}];
/*百分比排名*/
var Data_rateInSimilarPersent = [[1510761600000,0.9400],[1510848000000,0.9300],[1511193600000,0.9300],[1511280000000,0.9300],[1511712000000,0.9300],[1511971200000,0.9300],[1512057600000,0.9200],[1512316800000,0.9400],[1512403200000,0.9200],[1512489600000,0.9200],[1512662400000,1.0600],[1512921600000,1.0800],[1513180800000,1.0600],[1513267200000,0.1500],[1513526400000,0.1500],[1513612800000,0.1500],[1513699200000,0.1500],[1513785600000,0],[1513872000000,0],[1514131200000,0],[1514217600000,0],[1514304000000,0],[1514390400000,0.1500],[1514476800000,0.1500],[1514822400000,0.1500],[1514908800000,0.1500],[1514995200000,0.1500],[1515081600000,0.1500],[1515340800000,0.1500],[1515427200000,0.1500],[1515513600000,0.3000],[1515600000000,0.4600],[1515686400000,0.4600],[1515945600000,0.6100],[1516032000000,0.6100],[1516118400000,0.6100],[1516204800000,0.7600],[1516291200000,0.7600],[1516550400000,0.7600],[1516636800000,0.7600],[1516723200000,0.7600],[1516809600000,0.7600],[1516896000000,0.6100],[1517155200000,0.6100],[1517241600000,0.6100],[1517328000000,0.6100],[1517414400000,0.6100],[1517500800000,0.7600],[1517760000000,1.2200],[1517846400000,1.3700]];
/*规模变动*/
var Data_fluctuationScale = {"categories":["2017-08-14","2017-12-31"],"series":[{"y":0.00,"mom":"--"},{"y":20.05,"mom":"--"}]};;
/*持有人结构*/
var Data_holderStructure = {"series":[{"name":"机构持有比例","data":[]},{"name":"个人持有比例","data":[]},{"name":"内部持有比例","data":[]}],"categories":[]};
/*申购赎回*/
var Data_assetAllocation ={"series":[{"name":"期间申购","data":[0.00,21.43]},{"name":"期间赎回","data":[0.00,1.37]},{"name":"总份额","data":[0.00,20.05]}],"categories":["2017-08-14","2017-12-31"]};
/*现任基金经理*/
var Data_currentFundManager = [{"id":"30435735","pic":"https://pdf.dfcfw.com/pdf/H8_JPG30435735_1.jpg","name":"何谦","star":2,"workTime":"1年又277天","fundSize":"244.93亿(10只基金)","power":{"avr":"31.41","categories":["经验值","收益率","抗风险","稳定性","管理规模"],"dsc":["反映基金经理从业年限和管理基金的经验","根据基金经理投资的阶段收益评分，反映\u003cbr\u003e基金经理投资的盈利能力","反映基金经理投资的回撤控制能力","反映基金经理投资收益的波动","根据基金经理现任管理基金资产规模评分"],"data":[35.30,31.20,19.90,44.70,28.30],"jzrq":"2018-02-06"},"profit":{"categories":["任期收益","同类平均"],"series":[{"data":[{"name":null,"color":"#7cb5ec","y":0.8234},{"name":null,"color":"#414c7b","y":1.95}]}],"jzrq":"2018-02-06"}}] ;
/*同类型基金涨幅榜（页面底部通栏）*/
var swithSameType = [['002895_华夏天利货币B_5.8750','002894_华夏天利货币A_5.6210','004398_融通现金宝货币B_5.3370','000902_国开货币B_5.3360','001478_泰康薪意保货币B_5.1400'],['002895_华夏天利货币B_5.26','004973_长城收益宝货币B_5.08','004904_人保货币B_5.05','002884_华润元大现金通货币B_5.01','002894_华夏天利货币A_5.01'],['004973_长城收益宝货币B_5.05','004770_海富通添益货币A_4.99','002884_华润元大现金通货币B_4.99','005151_红土创新优淳货币B_4.90','002895_华夏天利货币B_4.89'],['004770_海富通添益货币A_5.39','004973_长城收益宝货币B_5.13','002884_华润元大现金通货币B_5.03','002895_华夏天利货币B_5.03','004398_融通现金宝货币B_5.01'],['003679_中融现金增利货币C_4.67','003474_南方天天利货币B_4.55','000836_国投瑞银钱多宝货币A_4.52','000837_国投瑞银钱多宝货币I_4.52','003753_工银如意货币B_4.51']];