/**
 * 测试数据
 * @type {arry}
 */
/*2018-02-07 17:59:35*/
//基金或股票信息
var fS_name = "安信现金增利货币B";
var fS_code = "003539";
var fund_minsg="";
var ishb=true;
/*原费率*/
var fund_sourceRate="0";
/*现费率*/
var fund_Rate="0";
/*最小申购金额*/
var fund_minsg="";
/*收益率*/
/*近一年收益率*/
var syl_1n="3.9662";
/*近6月收益率*/
var syl_6y="1.9795";
/*近三月收益率*/
var syl_3y="0.97";
/*近一月收益率*/
var syl_1y="0.3044";
/* 基金收益走势图 每万份收益*/
var Data_millionCopiesIncome = [[1476633600000,0.5149],[1476720000000,0.5048],[1476806400000,0.5234],[1476892800000,0.6331],[1476979200000,0.6186],[1477152000000,1.2325],[1477238400000,0.5981],[1477324800000,0.7591],[1477411200000,0.6202],[1477497600000,0.7156],[1477584000000,0.8308],[1477756800000,1.2923],[1477843200000,0.6318],[1477929600000,0.5668],[1478016000000,0.6469],[1478102400000,0.5997],[1478188800000,0.6444],[1478361600000,1.3112],[1478448000000,0.6669],[1478534400000,0.673],[1478620800000,0.6418],[1478707200000,0.6873],[1478793600000,0.7011],[1478966400000,1.4098],[1479052800000,0.6501],[1479139200000,0.6211],[1479225600000,0.7396],[1479312000000,0.7028],[1479398400000,0.7116],[1479571200000,1.4292],[1479657600000,0.7225],[1479744000000,0.7371],[1479830400000,0.7049],[1479916800000,0.7153],[1480003200000,0.7141],[1480176000000,1.4333],[1480262400000,0.7216],[1480348800000,0.7187],[1480435200000,0.7117],[1480521600000,0.7119],[1480608000000,0.724],[1480780800000,1.4518],[1480867200000,0.7462],[1480953600000,0.7356],[1481040000000,1.0352],[1481126400000,0.7547],[1481212800000,0.7118],[1481385600000,1.4447],[1481472000000,0.7213],[1481558400000,0.7144],[1481644800000,0.724],[1481731200000,0.5984],[1481817600000,0.5466],[1481990400000,1.0561],[1482076800000,0.5786],[1482163200000,0.708],[1482249600000,1.4574],[1482336000000,0.8977],[1482422400000,0.9144],[1482595200000,1.8334],[1482681600000,0.7575],[1482768000000,0.9323],[1482854400000,0.894],[1482940800000,0.9016],[1483027200000,0.8828],[1483113600000,0.8799],[1483286400000,1.7592],[1483372800000,0.8818],[1483459200000,0.8943],[1483545600000,0.8968],[1483632000000,0.9005],[1483804800000,1.8066],[1483891200000,0.8988],[1483977600000,0.8831],[1484064000000,0.8632],[1484150400000,1.1168],[1484236800000,0.8978],[1484409600000,1.7908],[1484496000000,0.9368],[1484582400000,1.28],[1484668800000,0.7947],[1484755200000,0.9304],[1484841600000,0.9743],[1485014400000,1.9504],[1485100800000,1.4054],[1485187200000,1.0017],[1485273600000,1.0028],[1485360000000,0.9513],[1485964800000,6.6808],[1486051200000,0.9567],[1486224000000,1.9098],[1486310400000,0.9998],[1486396800000,0.9994],[1486483200000,0.9719],[1486569600000,0.9359],[1486656000000,0.9308],[1486828800000,1.8624],[1486915200000,0.9299],[1487001600000,0.93],[1487088000000,0.9337],[1487174400000,0.9425],[1487260800000,0.9594],[1487433600000,1.8437],[1487520000000,0.9165],[1487606400000,0.95],[1487692800000,0.9654],[1487779200000,0.9394],[1487865600000,0.9737],[1488038400000,1.9504],[1488124800000,0.9697],[1488211200000,0.829],[1488297600000,0.8316],[1488384000000,0.8403],[1488470400000,0.8635],[1488643200000,1.731],[1488729600000,0.8706],[1488816000000,2.4071],[1488902400000,0.8907],[1488988800000,0.902],[1489075200000,0.9068],[1489248000000,1.8211],[1489334400000,0.8732],[1489420800000,0.9049],[1489507200000,0.9138],[1489593600000,0.9233],[1489680000000,0.9257],[1489852800000,1.8264],[1489939200000,0.9188],[1490025600000,0.9378],[1490112000000,0.934],[1490198400000,1.1119],[1490284800000,0.9626],[1490457600000,1.9278],[1490544000000,0.9731],[1490630400000,1.0181],[1490716800000,1.0211],[1490803200000,1.0986],[1490889600000,2.148],[1491235200000,3.6915],[1491321600000,1.0887],[1491408000000,1.0328],[1491494400000,0.9812],[1491667200000,1.9433],[1491753600000,0.9469],[1491840000000,1.3326],[1491926400000,0.9863],[1492012800000,1.0443],[1492099200000,1.0673],[1492272000000,2.1387],[1492358400000,1.3619],[1492444800000,1.0631],[1492531200000,1.0409],[1492617600000,1.047],[1492704000000,1.0476],[1492876800000,2.1019],[1492963200000,1.0505],[1493049600000,1.0192],[1493136000000,1.1797],[1493222400000,1.025],[1493308800000,1.0353],[1493568000000,3.1128],[1493654400000,1.0471],[1493740800000,1.0379],[1493827200000,1.0511],[1493913600000,1.0642],[1494086400000,2.1345],[1494172800000,1.0462],[1494259200000,1.0421],[1494345600000,1.0464],[1494432000000,1.0465],[1494518400000,1.052],[1494691200000,2.1116],[1494777600000,1.0501],[1494864000000,1.0638],[1494950400000,1.2074],[1495036800000,1.1211],[1495123200000,1.3423],[1495296000000,2.2008],[1495382400000,1.1287],[1495468800000,1.1245],[1495555200000,1.1251],[1495641600000,1.1197],[1495728000000,1.1794],[1496073600000,4.4346],[1496160000000,1.1061],[1496246400000,1.1173],[1496332800000,1.1215],[1496505600000,2.2607],[1496592000000,1.1096],[1496678400000,1.1144],[1496764800000,1.1206],[1496851200000,1.1364],[1496937600000,1.1387],[1497110400000,2.2784],[1497196800000,1.1463],[1497283200000,1.1365],[1497369600000,1.1304],[1497456000000,1.1434],[1497542400000,1.1415],[1497715200000,2.2885],[1497801600000,1.14],[1497888000000,1.1435],[1497974400000,1.1697],[1498060800000,1.1712],[1498147200000,1.1688],[1498320000000,2.2786],[1498406400000,1.4145],[1498492800000,1.129],[1498579200000,1.1949],[1498665600000,1.1921],[1498752000000,1.1303],[1498924800000,2.2666],[1499011200000,1.1271],[1499097600000,1.1193],[1499184000000,1.1498],[1499270400000,1.7543],[1499356800000,1.1009],[1499529600000,2.1865],[1499616000000,1.0899],[1499702400000,1.1395],[1499788800000,1.0886],[1499875200000,1.2295],[1499961600000,1.0531],[1500134400000,2.0839],[1500220800000,1.0203],[1500307200000,1.0265],[1500393600000,0.9708],[1500480000000,0.9799],[1500566400000,1.0323],[1500739200000,2.0634],[1500825600000,1.6538],[1500912000000,1.0408],[1500998400000,1.0832],[1501084800000,1.0265],[1501171200000,1.3811],[1501344000000,2.0151],[1501430400000,1.1096],[1501516800000,1.1144],[1501603200000,1.0216],[1501689600000,1.0838],[1501776000000,0.9924],[1501948800000,1.9839],[1502035200000,0.9919],[1502121600000,0.9825],[1502208000000,0.9887],[1502294400000,0.9844],[1502380800000,0.9908],[1502553600000,1.9826],[1502640000000,0.994],[1502726400000,0.9879],[1502812800000,0.9857],[1502899200000,0.8984],[1502985600000,0.9637],[1503158400000,1.8058],[1503244800000,0.9202],[1503331200000,0.9331],[1503417600000,0.9237],[1503504000000,0.9386],[1503590400000,0.9487],[1503763200000,1.897],[1503849600000,1.004],[1503936000000,0.9465],[1504022400000,0.882],[1504108800000,2.1306],[1504195200000,0.9741],[1504368000000,1.9503],[1504454400000,2.3232],[1504540800000,1.4584],[1504627200000,1.2374],[1504713600000,1.0288],[1504800000000,1.0121],[1504972800000,1.9346],[1505059200000,0.9909],[1505145600000,1.1846],[1505232000000,1.106],[1505318400000,1.8195],[1505404800000,1.0105],[1505577600000,1.873],[1505664000000,1.0117],[1505750400000,1.0056],[1505836800000,1.0307],[1505923200000,1.0411],[1506009600000,1.2357],[1506182400000,1.8207],[1506268800000,1.0267],[1506355200000,1.092],[1506441600000,1.0339],[1506528000000,1.2292],[1506614400000,1.0169],[1507392000000,9.182],[1507478400000,1.0226],[1507564800000,1.0226],[1507651200000,1.0202],[1507737600000,1.4679],[1507824000000,1.0413],[1507996800000,2.0801],[1508083200000,0.9896],[1508169600000,1.2374],[1508256000000,1.8801],[1508342400000,1.0477],[1508428800000,1.0474],[1508601600000,2.0948],[1508688000000,0.9997],[1508774400000,1.8244],[1508860800000,1.0642],[1508947200000,1.1047],[1509033600000,1.0524],[1509206400000,2.1098],[1509292800000,1.0621],[1509379200000,1.1624],[1509465600000,1.0694],[1509552000000,1.0951],[1509638400000,1.1144],[1509811200000,2.0849],[1509897600000,1.0928],[1509984000000,1.1042],[1510070400000,1.469],[1510156800000,1.1442],[1510243200000,1.1566],[1510416000000,1.86],[1510502400000,0.9253],[1510588800000,1.0168],[1510675200000,0.9927],[1510761600000,1.0355],[1510848000000,1.034],[1511020800000,2.0882],[1511107200000,1.0567],[1511193600000,1.0179],[1511280000000,1.1557],[1511366400000,1.0925],[1511452800000,1.0748],[1511625600000,2.149],[1511712000000,1.1337],[1511798400000,1.0407],[1511884800000,1.0943],[1511971200000,1.0793],[1512057600000,1.0652],[1512230400000,2.1276],[1512316800000,1.067],[1512403200000,1.0669],[1512489600000,1.0789],[1512576000000,1.0744],[1512662400000,1.543],[1512835200000,2.1246],[1512921600000,1.3259],[1513008000000,1.2639],[1513094400000,1.0838],[1513180800000,1.0534],[1513267200000,1.0925],[1513440000000,1.992],[1513526400000,2.3972],[1513612800000,1.0143],[1513699200000,0.9898],[1513785600000,1.0008],[1513872000000,0.9644],[1514044800000,1.9265],[1514131200000,1.2096],[1514217600000,2.1514],[1514304000000,0.9571],[1514390400000,0.9177],[1514476800000,0.9324],[1514649600000,1.9101],[1514736000000,0.967],[1514822400000,0.9692],[1514908800000,1.0296],[1514995200000,1.2263],[1515081600000,0.8916],[1515254400000,1.784],[1515340800000,0.8714],[1515427200000,0.8711],[1515513600000,1.119],[1515600000000,0.887],[1515686400000,0.8635],[1515859200000,1.7603],[1515945600000,0.906],[1516032000000,0.8642],[1516118400000,0.905],[1516204800000,0.9139],[1516291200000,0.8954],[1516464000000,1.9211],[1516550400000,1.2646],[1516636800000,0.9309],[1516723200000,0.9313],[1516809600000,0.9192],[1516896000000,1.9298],[1517068800000,1.7903],[1517155200000,0.9038],[1517241600000,0.9222],[1517328000000,0.9181],[1517414400000,0.9086],[1517500800000,0.8791],[1517673600000,1.764],[1517760000000,0.8829],[1517846400000,0.8926]];
/*基金收益走势图   7日年化收益率*/
var Data_sevenDaysYearIncome = [[1476633600000,1.897],[1476720000000,1.878],[1476806400000,1.895],[1476892800000,2.006],[1476979200000,2.061],[1477152000000,2.122],[1477238400000,2.166],[1477324800000,2.302],[1477411200000,2.354],[1477497600000,2.398],[1477584000000,2.511],[1477756800000,2.543],[1477843200000,2.561],[1477929600000,2.458],[1478016000000,2.472],[1478102400000,2.411],[1478188800000,2.311],[1478361600000,2.321],[1478448000000,2.34],[1478534400000,2.397],[1478620800000,2.394],[1478707200000,2.441],[1478793600000,2.471],[1478966400000,2.524],[1479052800000,2.515],[1479139200000,2.487],[1479225600000,2.539],[1479312000000,2.547],[1479398400000,2.553],[1479571200000,2.56],[1479657600000,2.602],[1479744000000,2.664],[1479830400000,2.646],[1479916800000,2.652],[1480003200000,2.654],[1480176000000,2.656],[1480262400000,2.655],[1480348800000,2.646],[1480435200000,2.649],[1480521600000,2.647],[1480608000000,2.653],[1480780800000,2.663],[1480867200000,2.676],[1480953600000,2.685],[1481040000000,2.858],[1481126400000,2.881],[1481212800000,2.875],[1481385600000,2.871],[1481472000000,2.857],[1481558400000,2.846],[1481644800000,2.679],[1481731200000,2.596],[1481817600000,2.507],[1481990400000,2.3],[1482076800000,2.224],[1482163200000,2.22],[1482249600000,2.612],[1482336000000,2.772],[1482422400000,2.97],[1482595200000,3.388],[1482681600000,3.484],[1482768000000,3.605],[1482854400000,3.301],[1482940800000,3.303],[1483027200000,3.286],[1483113600000,3.267],[1483286400000,3.312],[1483372800000,3.285],[1483459200000,3.285],[1483545600000,3.283],[1483632000000,3.292],[1483804800000,3.318],[1483891200000,3.328],[1483977600000,3.329],[1484064000000,3.312],[1484150400000,3.43],[1484236800000,3.429],[1484409600000,3.421],[1484496000000,3.441],[1484582400000,3.655],[1484668800000,3.618],[1484755200000,3.518],[1484841600000,3.559],[1485014400000,3.645],[1485100800000,3.899],[1485187200000,3.748],[1485273600000,3.861],[1485360000000,3.872],[1485964800000,3.545],[1486051200000,3.546],[1486224000000,3.547],[1486310400000,3.571],[1486396800000,3.595],[1486483200000,3.605],[1486569600000,3.595],[1486656000000,3.581],[1486828800000,3.555],[1486915200000,3.518],[1487001600000,3.48],[1487088000000,3.459],[1487174400000,3.463],[1487260800000,3.478],[1487433600000,3.468],[1487520000000,3.461],[1487606400000,3.472],[1487692800000,3.489],[1487779200000,3.487],[1487865600000,3.495],[1488038400000,3.553],[1488124800000,3.581],[1488211200000,3.516],[1488297600000,3.444],[1488384000000,3.39],[1488470400000,3.331],[1488643200000,3.213],[1488729600000,3.16],[1488816000000,4.012],[1488902400000,4.044],[1488988800000,4.077],[1489075200000,4.101],[1489248000000,4.15],[1489334400000,4.151],[1489420800000,3.339],[1489507200000,3.351],[1489593600000,3.363],[1489680000000,3.373],[1489852800000,3.376],[1489939200000,3.4],[1490025600000,3.418],[1490112000000,3.429],[1490198400000,3.531],[1490284800000,3.551],[1490457600000,3.605],[1490544000000,3.635],[1490630400000,3.678],[1490716800000,3.725],[1490803200000,3.718],[1490889600000,4.361],[1491235200000,4.237],[1491321600000,4.274],[1491408000000,4.238],[1491494400000,3.606],[1491667200000,3.659],[1491753600000,3.672],[1491840000000,3.893],[1491926400000,3.838],[1492012800000,3.844],[1492099200000,3.891],[1492272000000,3.997],[1492358400000,4.222],[1492444800000,4.076],[1492531200000,4.105],[1492617600000,4.107],[1492704000000,4.096],[1492876800000,4.076],[1492963200000,3.907],[1493049600000,3.883],[1493136000000,3.959],[1493222400000,3.947],[1493308800000,3.94],[1493568000000,3.919],[1493654400000,3.934],[1493740800000,3.857],[1493827200000,3.871],[1493913600000,3.887],[1494086400000,3.919],[1494172800000,3.923],[1494259200000,3.921],[1494345600000,3.925],[1494432000000,3.923],[1494518400000,3.916],[1494691200000,3.904],[1494777600000,3.906],[1494864000000,3.918],[1494950400000,4.005],[1495036800000,4.045],[1495123200000,4.203],[1495296000000,4.252],[1495382400000,4.294],[1495468800000,4.327],[1495555200000,4.283],[1495641600000,4.282],[1495728000000,4.193],[1496073600000,4.183],[1496160000000,4.172],[1496246400000,4.171],[1496332800000,4.14],[1496505600000,4.162],[1496592000000,4.162],[1496678400000,4.167],[1496764800000,4.175],[1496851200000,4.185],[1496937600000,4.194],[1497110400000,4.204],[1497196800000,4.224],[1497283200000,4.236],[1497369600000,4.241],[1497456000000,4.245],[1497542400000,4.247],[1497715200000,4.252],[1497801600000,4.249],[1497888000000,4.252],[1497974400000,4.274],[1498060800000,4.289],[1498147200000,4.304],[1498320000000,4.298],[1498406400000,4.448],[1498492800000,4.44],[1498579200000,4.454],[1498665600000,4.465],[1498752000000,4.444],[1498924800000,4.438],[1499011200000,4.281],[1499097600000,4.276],[1499184000000,4.251],[1499270400000,4.557],[1499356800000,4.541],[1499529600000,4.498],[1499616000000,4.477],[1499702400000,4.488],[1499788800000,4.455],[1499875200000,4.17],[1499961600000,4.144],[1500134400000,4.088],[1500220800000,4.05],[1500307200000,3.989],[1500393600000,3.925],[1500480000000,3.79],[1500566400000,3.779],[1500739200000,3.768],[1500825600000,4.111],[1500912000000,4.119],[1500998400000,4.18],[1501084800000,4.205],[1501171200000,4.395],[1501344000000,4.368],[1501430400000,4.073],[1501516800000,4.113],[1501603200000,4.079],[1501689600000,4.11],[1501776000000,3.9],[1501948800000,3.883],[1502035200000,3.819],[1502121600000,3.748],[1502208000000,3.73],[1502294400000,3.676],[1502380800000,3.675],[1502553600000,3.674],[1502640000000,3.676],[1502726400000,3.679],[1502812800000,3.677],[1502899200000,3.63],[1502985600000,3.616],[1503158400000,3.52],[1503244800000,3.48],[1503331200000,3.451],[1503417600000,3.417],[1503504000000,3.439],[1503590400000,3.431],[1503763200000,3.48],[1503849600000,3.526],[1503936000000,3.533],[1504022400000,3.51],[1504108800000,4.155],[1504195200000,4.169],[1504368000000,4.198],[1504454400000,4.917],[1504540800000,5.198],[1504627200000,5.393],[1504713600000,4.789],[1504800000000,4.81],[1504972800000,4.801],[1505059200000,4.076],[1505145600000,3.927],[1505232000000,3.856],[1505318400000,4.285],[1505404800000,4.284],[1505577600000,4.251],[1505664000000,4.262],[1505750400000,4.165],[1505836800000,4.124],[1505923200000,3.702],[1506009600000,3.824],[1506182400000,3.796],[1506268800000,3.804],[1506355200000,3.851],[1506441600000,3.853],[1506528000000,3.954],[1506614400000,3.836],[1507392000000,3.794],[1507478400000,3.795],[1507564800000,3.796],[1507651200000,3.796],[1507737600000,4.039],[1507824000000,4.05],[1507996800000,4.072],[1508083200000,4.054],[1508169600000,4.171],[1508256000000,4.639],[1508342400000,4.41],[1508428800000,4.413],[1508601600000,4.421],[1508688000000,4.426],[1508774400000,4.747],[1508860800000,4.302],[1508947200000,4.333],[1509033600000,4.336],[1509206400000,4.344],[1509292800000,4.378],[1509379200000,4.018],[1509465600000,4.021],[1509552000000,4.016],[1509638400000,4.049],[1509811200000,4.036],[1509897600000,4.052],[1509984000000,4.021],[1510070400000,4.238],[1510156800000,4.265],[1510243200000,4.287],[1510416000000,4.165],[1510502400000,4.074],[1510588800000,4.027],[1510675200000,3.769],[1510761600000,3.71],[1510848000000,3.644],[1511020800000,3.767],[1511107200000,3.838],[1511193600000,3.839],[1511280000000,3.927],[1511366400000,3.958],[1511452800000,3.98],[1511625600000,4.013],[1511712000000,4.055],[1511798400000,4.067],[1511884800000,4.034],[1511971200000,4.027],[1512057600000,4.022],[1512230400000,4.01],[1512316800000,3.974],[1512403200000,3.988],[1512489600000,3.98],[1512576000000,3.977],[1512662400000,4.236],[1512835200000,4.235],[1512921600000,4.376],[1513008000000,4.483],[1513094400000,4.486],[1513180800000,4.474],[1513267200000,4.229],[1513440000000,4.157],[1513526400000,4.74],[1513612800000,4.604],[1513699200000,4.553],[1513785600000,4.524],[1513872000000,4.454],[1514044800000,4.419],[1514131200000,3.774],[1514217600000,4.391],[1514304000000,4.373],[1514390400000,4.328],[1514476800000,4.311],[1514649600000,4.302],[1514736000000,4.17],[1514822400000,3.53],[1514908800000,3.569],[1514995200000,3.736],[1515081600000,3.714],[1515254400000,3.646],[1515340800000,3.594],[1515427200000,3.541],[1515513600000,3.589],[1515600000000,3.406],[1515686400000,3.391],[1515859200000,3.378],[1515945600000,3.397],[1516032000000,3.393],[1516118400000,3.278],[1516204800000,3.293],[1516291200000,3.31],[1516464000000,3.396],[1516550400000,3.59],[1516636800000,3.626],[1516723200000,3.64],[1516809600000,3.643],[1516896000000,4.203],[1517068800000,4.132],[1517155200000,3.937],[1517241600000,3.932],[1517328000000,3.925],[1517414400000,3.919],[1517500800000,3.351],[1517673600000,3.337],[1517760000000,3.326],[1517846400000,3.31]];
/*资产配置*/
var Data_assetAllocationCurrency ={"categories":["12-31","09-30","06-30","03-31"],"series":[{"name":"股票","data":[null,null,null,null]},{"name":"债券","data":[103.61,99.49,99.22,80.99]},{"name":"现金","data":[0.66,0.52,0.26,6.8]}]};
/*累计收益率走势*/
var Data_grandTotal = [{"name":"安信现金增利货币B","data":[[1501948800000,0],[1502035200000,0.01],[1502121600000,0.02],[1502208000000,0.03],[1502294400000,0.04],[1502380800000,0.05],[1502553600000,0.07],[1502640000000,0.08],[1502726400000,0.09],[1502812800000,0.10],[1502899200000,0.11],[1502985600000,0.12],[1503158400000,0.14],[1503244800000,0.14],[1503331200000,0.15],[1503417600000,0.16],[1503504000000,0.17],[1503590400000,0.18],[1503763200000,0.20],[1503849600000,0.21],[1503936000000,0.22],[1504022400000,0.23],[1504108800000,0.25],[1504195200000,0.26],[1504368000000,0.28],[1504454400000,0.30],[1504540800000,0.32],[1504627200000,0.33],[1504713600000,0.34],[1504800000000,0.35],[1504972800000,0.37],[1505059200000,0.38],[1505145600000,0.39],[1505232000000,0.40],[1505318400000,0.42],[1505404800000,0.43],[1505577600000,0.45],[1505664000000,0.46],[1505750400000,0.47],[1505836800000,0.48],[1505923200000,0.49],[1506009600000,0.50],[1506182400000,0.52],[1506268800000,0.53],[1506355200000,0.54],[1506441600000,0.55],[1506528000000,0.57],[1506614400000,0.58],[1507392000000,0.67],[1507478400000,0.68],[1507564800000,0.69],[1507651200000,0.70],[1507737600000,0.71],[1507824000000,0.73],[1507996800000,0.75],[1508083200000,0.76],[1508169600000,0.77],[1508256000000,0.79],[1508342400000,0.80],[1508428800000,0.81],[1508601600000,0.83],[1508688000000,0.84],[1508774400000,0.86],[1508860800000,0.87],[1508947200000,0.88],[1509033600000,0.89],[1509206400000,0.91],[1509292800000,0.92],[1509379200000,0.93],[1509465600000,0.95],[1509552000000,0.96],[1509638400000,0.97],[1509811200000,0.99],[1509897600000,1.00],[1509984000000,1.01],[1510070400000,1.03],[1510156800000,1.04],[1510243200000,1.05],[1510416000000,1.07],[1510502400000,1.08],[1510588800000,1.09],[1510675200000,1.10],[1510761600000,1.11],[1510848000000,1.12],[1511020800000,1.14],[1511107200000,1.15],[1511193600000,1.16],[1511280000000,1.17],[1511366400000,1.18],[1511452800000,1.19],[1511625600000,1.22],[1511712000000,1.23],[1511798400000,1.24],[1511884800000,1.25],[1511971200000,1.26],[1512057600000,1.27],[1512230400000,1.29],[1512316800000,1.30],[1512403200000,1.31],[1512489600000,1.32],[1512576000000,1.34],[1512662400000,1.35],[1512835200000,1.37],[1512921600000,1.39],[1513008000000,1.40],[1513094400000,1.41],[1513180800000,1.42],[1513267200000,1.43],[1513440000000,1.45],[1513526400000,1.48],[1513612800000,1.49],[1513699200000,1.50],[1513785600000,1.51],[1513872000000,1.52],[1514044800000,1.54],[1514131200000,1.55],[1514217600000,1.57],[1514304000000,1.58],[1514390400000,1.59],[1514476800000,1.60],[1514649600000,1.62],[1514736000000,1.63],[1514822400000,1.64],[1514908800000,1.65],[1514995200000,1.66],[1515081600000,1.67],[1515254400000,1.69],[1515340800000,1.70],[1515427200000,1.71],[1515513600000,1.72],[1515600000000,1.73],[1515686400000,1.74],[1515859200000,1.75],[1515945600000,1.76],[1516032000000,1.77],[1516118400000,1.78],[1516204800000,1.79],[1516291200000,1.80],[1516464000000,1.82],[1516550400000,1.83],[1516636800000,1.84],[1516723200000,1.85],[1516809600000,1.86],[1516896000000,1.88],[1517068800000,1.90],[1517155200000,1.91],[1517241600000,1.92],[1517328000000,1.93],[1517414400000,1.93],[1517500800000,1.94],[1517673600000,1.96],[1517760000000,1.97],[1517846400000,1.98]]},{"name":"同类平均","data":[[1502035200000,0],[1502121600000,0.01],[1502208000000,0.02],[1502294400000,0.03],[1502380800000,0.04],[1502640000000,0.07],[1502726400000,0.08],[1502812800000,0.09],[1502899200000,0.10],[1502985600000,0.11],[1503244800000,0.14],[1503331200000,0.16],[1503417600000,0.17],[1503504000000,0.18],[1503590400000,0.19],[1503849600000,0.22],[1503936000000,0.23],[1504022400000,0.24],[1504108800000,0.25],[1504195200000,0.26],[1504454400000,0.29],[1504540800000,0.30],[1504627200000,0.31],[1504713600000,0.32],[1504800000000,0.34],[1505059200000,0.37],[1505145600000,0.38],[1505232000000,0.39],[1505318400000,0.40],[1505404800000,0.41],[1505664000000,0.44],[1505750400000,0.45],[1505836800000,0.46],[1505923200000,0.47],[1506009600000,0.48],[1506268800000,0.52],[1506355200000,0.53],[1506441600000,0.54],[1506528000000,0.55],[1506614400000,0.56],[1507478400000,0.67],[1507564800000,0.68],[1507651200000,0.69],[1507737600000,0.71],[1507824000000,0.72],[1508083200000,0.75],[1508169600000,0.76],[1508256000000,0.77],[1508342400000,0.78],[1508428800000,0.79],[1508688000000,0.82],[1508774400000,0.83],[1508860800000,0.84],[1508947200000,0.85],[1509033600000,0.86],[1509292800000,0.90],[1509379200000,0.91],[1509465600000,0.92],[1509552000000,0.93],[1509638400000,0.94],[1509897600000,0.97],[1509984000000,0.98],[1510070400000,0.99],[1510156800000,1.00],[1510243200000,1.01],[1510502400000,1.04],[1510588800000,1.06],[1510675200000,1.07],[1510761600000,1.08],[1510848000000,1.09],[1511107200000,1.12],[1511193600000,1.13],[1511280000000,1.14],[1511366400000,1.15],[1511452800000,1.16],[1511712000000,1.20],[1511798400000,1.21],[1511884800000,1.22],[1511971200000,1.23],[1512057600000,1.24],[1512316800000,1.28],[1512403200000,1.29],[1512489600000,1.30],[1512576000000,1.31],[1512662400000,1.32],[1512921600000,1.35],[1513008000000,1.36],[1513094400000,1.38],[1513180800000,1.39],[1513267200000,1.40],[1513526400000,1.43],[1513612800000,1.44],[1513699200000,1.46],[1513785600000,1.47],[1513872000000,1.48],[1514131200000,1.51],[1514217600000,1.53],[1514304000000,1.54],[1514390400000,1.55],[1514476800000,1.57],[1514822400000,1.62],[1514908800000,1.64],[1514995200000,1.65],[1515081600000,1.66],[1515340800000,1.69],[1515427200000,1.71],[1515513600000,1.72],[1515600000000,1.73],[1515686400000,1.74],[1515945600000,1.77],[1516032000000,1.79],[1516118400000,1.80],[1516204800000,1.81],[1516291200000,1.82],[1516550400000,1.86],[1516636800000,1.87],[1516723200000,1.88],[1516809600000,1.89],[1516896000000,1.90],[1517155200000,1.94],[1517241600000,1.95],[1517328000000,1.96],[1517414400000,1.97],[1517500800000,1.98],[1517760000000,2.02],[1517846400000,2.03]]},{"name":"沪深300","data":[[1502035200000,0],[1502121600000,0.15],[1502208000000,0.11],[1502294400000,-0.29],[1502380800000,-2.13],[1502640000000,-0.86],[1502726400000,-0.56],[1502812800000,-0.68],[1502899200000,-0.15],[1502985600000,-0.06],[1503244800000,0.38],[1503331200000,0.68],[1503417600000,0.79],[1503504000000,0.21],[1503590400000,1.85],[1503849600000,3.11],[1503936000000,2.89],[1504022400000,2.88],[1504108800000,2.56],[1504195200000,2.78],[1504454400000,3.19],[1504540800000,3.50],[1504627200000,3.29],[1504713600000,2.77],[1504800000000,2.66],[1505059200000,2.65],[1505145600000,2.98],[1505232000000,3.11],[1505318400000,2.77],[1505404800000,2.80],[1505664000000,3.12],[1505750400000,2.83],[1505836800000,3.10],[1505923200000,2.98],[1506009600000,2.98],[1506268800000,2.44],[1506355200000,2.52],[1506441600000,2.53],[1506528000000,2.57],[1506614400000,2.94],[1507478400000,4.17],[1507564800000,4.38],[1507651200000,4.72],[1507737600000,5.00],[1507824000000,5.21],[1508083200000,5.01],[1508169600000,5.00],[1508256000000,5.83],[1508342400000,5.49],[1508428800000,5.37],[1508688000000,5.47],[1508774400000,6.24],[1508860800000,6.71],[1508947200000,7.16],[1509033600000,7.92],[1509292800000,7.59],[1509379200000,7.51],[1509465600000,7.24],[1509552000000,7.25],[1509638400000,7.13],[1509897600000,7.89],[1509984000000,8.79],[1510070400000,8.62],[1510156800000,9.37],[1510243200000,10.33],[1510502400000,10.77],[1510588800000,10.00],[1510675200000,9.31],[1510761600000,10.15],[1510848000000,10.57],[1511107200000,11.19],[1511193600000,13.17],[1511280000000,13.44],[1511366400000,10.08],[1511452800000,10.13],[1511712000000,8.67],[1511798400000,8.83],[1511884800000,8.77],[1511971200000,7.49],[1512057600000,7.28],[1512316800000,7.84],[1512403200000,8.41],[1512489600000,7.76],[1512576000000,6.55],[1512662400000,7.42],[1512921600000,9.20],[1513008000000,7.76],[1513094400000,8.67],[1513180800000,8.03],[1513267200000,6.82],[1513526400000,6.94],[1513612800000,8.28],[1513699200000,8.15],[1513785600000,9.15],[1513872000000,8.80],[1514131200000,8.45],[1514217600000,8.77],[1514304000000,7.09],[1514390400000,7.84],[1514476800000,8.16],[1514822400000,9.68],[1514908800000,10.32],[1514995200000,10.79],[1515081600000,11.05],[1515340800000,11.63],[1515427200000,12.41],[1515513600000,12.91],[1515600000000,12.85],[1515686400000,13.37],[1515945600000,13.37],[1516032000000,14.27],[1516118400000,13.99],[1516204800000,14.61],[1516291200000,14.99],[1516550400000,16.36],[1516636800000,17.60],[1516723200000,17.79],[1516809600000,17.13],[1516896000000,17.56],[1517155200000,15.43],[1517241600000,14.20],[1517328000000,14.73],[1517414400000,13.93],[1517500800000,14.61],[1517760000000,14.69],[1517846400000,11.33]]}];
/*同类排名*/
var Data_rateInSimilarType = [{"x":1484582400000,"y":203,"sc":"474"},{"x":1484668800000,"y":200,"sc":"476"},{"x":1484755200000,"y":195,"sc":"476"},{"x":1484841600000,"y":193,"sc":"476"},{"x":1485100800000,"y":182,"sc":"481"},{"x":1485187200000,"y":181,"sc":"482"},{"x":1485273600000,"y":184,"sc":"484"},{"x":1485360000000,"y":177,"sc":"485"},{"x":1486051200000,"y":173,"sc":"489"},{"x":1486310400000,"y":172,"sc":"491"},{"x":1486396800000,"y":169,"sc":"491"},{"x":1486483200000,"y":167,"sc":"491"},{"x":1486569600000,"y":165,"sc":"491"},{"x":1486656000000,"y":165,"sc":"494"},{"x":1486915200000,"y":169,"sc":"496"},{"x":1487001600000,"y":165,"sc":"496"},{"x":1487088000000,"y":166,"sc":"496"},{"x":1487174400000,"y":164,"sc":"496"},{"x":1487260800000,"y":163,"sc":"496"},{"x":1487520000000,"y":169,"sc":"496"},{"x":1487606400000,"y":168,"sc":"496"},{"x":1487692800000,"y":167,"sc":"496"},{"x":1487779200000,"y":169,"sc":"498"},{"x":1487865600000,"y":170,"sc":"500"},{"x":1488124800000,"y":173,"sc":"503"},{"x":1488211200000,"y":172,"sc":"503"},{"x":1488297600000,"y":179,"sc":"503"},{"x":1488384000000,"y":182,"sc":"511"},{"x":1488470400000,"y":183,"sc":"511"},{"x":1488729600000,"y":194,"sc":"513"},{"x":1488816000000,"y":177,"sc":"515"},{"x":1488902400000,"y":176,"sc":"516"},{"x":1488988800000,"y":180,"sc":"518"},{"x":1489075200000,"y":180,"sc":"518"},{"x":1489334400000,"y":188,"sc":"518"},{"x":1489420800000,"y":192,"sc":"518"},{"x":1489507200000,"y":191,"sc":"518"},{"x":1489593600000,"y":189,"sc":"520"},{"x":1489680000000,"y":185,"sc":"520"},{"x":1489939200000,"y":182,"sc":"522"},{"x":1490025600000,"y":197,"sc":"522"},{"x":1490112000000,"y":198,"sc":"524"},{"x":1490198400000,"y":199,"sc":"530"},{"x":1490284800000,"y":197,"sc":"530"},{"x":1490544000000,"y":212,"sc":"534"},{"x":1490630400000,"y":213,"sc":"535"},{"x":1490716800000,"y":212,"sc":"535"},{"x":1490803200000,"y":214,"sc":"538"},{"x":1490889600000,"y":187,"sc":"538"},{"x":1491321600000,"y":198,"sc":"538"},{"x":1491408000000,"y":205,"sc":"540"},{"x":1491494400000,"y":195,"sc":"540"},{"x":1491753600000,"y":215,"sc":"540"},{"x":1491840000000,"y":205,"sc":"540"},{"x":1491926400000,"y":214,"sc":"540"},{"x":1492012800000,"y":216,"sc":"541"},{"x":1492099200000,"y":203,"sc":"541"},{"x":1492358400000,"y":207,"sc":"543"},{"x":1492444800000,"y":202,"sc":"543"},{"x":1492531200000,"y":202,"sc":"543"},{"x":1492617600000,"y":202,"sc":"545"},{"x":1492704000000,"y":192,"sc":"545"},{"x":1492963200000,"y":209,"sc":"545"},{"x":1493049600000,"y":210,"sc":"547"},{"x":1493136000000,"y":209,"sc":"549"},{"x":1493222400000,"y":198,"sc":"549"},{"x":1493308800000,"y":193,"sc":"549"},{"x":1493654400000,"y":210,"sc":"549"},{"x":1493740800000,"y":209,"sc":"550"},{"x":1493827200000,"y":197,"sc":"550"},{"x":1493913600000,"y":211,"sc":"550"},{"x":1494172800000,"y":222,"sc":"550"},{"x":1494259200000,"y":224,"sc":"550"},{"x":1494345600000,"y":224,"sc":"550"},{"x":1494432000000,"y":213,"sc":"550"},{"x":1494518400000,"y":226,"sc":"550"},{"x":1494777600000,"y":222,"sc":"554"},{"x":1494864000000,"y":223,"sc":"556"},{"x":1494950400000,"y":219,"sc":"560"},{"x":1495036800000,"y":212,"sc":"560"},{"x":1495123200000,"y":211,"sc":"560"},{"x":1495382400000,"y":202,"sc":"560"},{"x":1495468800000,"y":201,"sc":"562"},{"x":1495555200000,"y":197,"sc":"564"},{"x":1495641600000,"y":188,"sc":"564"},{"x":1495728000000,"y":199,"sc":"564"},{"x":1496160000000,"y":183,"sc":"564"},{"x":1496246400000,"y":178,"sc":"564"},{"x":1496332800000,"y":173,"sc":"564"},{"x":1496592000000,"y":159,"sc":"566"},{"x":1496678400000,"y":154,"sc":"566"},{"x":1496764800000,"y":190,"sc":"566"},{"x":1496851200000,"y":186,"sc":"566"},{"x":1496937600000,"y":183,"sc":"566"},{"x":1497196800000,"y":176,"sc":"574"},{"x":1497283200000,"y":172,"sc":"574"},{"x":1497369600000,"y":168,"sc":"575"},{"x":1497456000000,"y":165,"sc":"575"},{"x":1497542400000,"y":162,"sc":"575"},{"x":1497801600000,"y":154,"sc":"577"},{"x":1497888000000,"y":152,"sc":"577"},{"x":1497974400000,"y":146,"sc":"575"},{"x":1498060800000,"y":140,"sc":"575"},{"x":1498147200000,"y":143,"sc":"576"},{"x":1498406400000,"y":136,"sc":"579"},{"x":1498492800000,"y":126,"sc":"579"},{"x":1498579200000,"y":122,"sc":"579"},{"x":1498665600000,"y":118,"sc":"579"},{"x":1498752000000,"y":155,"sc":"582"},{"x":1499011200000,"y":131,"sc":"582"},{"x":1499097600000,"y":134,"sc":"582"},{"x":1499184000000,"y":136,"sc":"583"},{"x":1499270400000,"y":120,"sc":"583"},{"x":1499356800000,"y":114,"sc":"583"},{"x":1499616000000,"y":112,"sc":"583"},{"x":1499702400000,"y":115,"sc":"583"},{"x":1499788800000,"y":115,"sc":"583"},{"x":1499875200000,"y":115,"sc":"583"},{"x":1499961600000,"y":117,"sc":"586"},{"x":1500220800000,"y":128,"sc":"586"},{"x":1500307200000,"y":132,"sc":"586"},{"x":1500393600000,"y":136,"sc":"589"},{"x":1500480000000,"y":142,"sc":"589"},{"x":1500566400000,"y":147,"sc":"593"},{"x":1500825600000,"y":140,"sc":"593"},{"x":1500912000000,"y":143,"sc":"593"},{"x":1500998400000,"y":151,"sc":"594"},{"x":1501084800000,"y":152,"sc":"594"},{"x":1501171200000,"y":142,"sc":"594"},{"x":1501430400000,"y":131,"sc":"594"},{"x":1501516800000,"y":148,"sc":"594"},{"x":1501603200000,"y":154,"sc":"594"},{"x":1501689600000,"y":154,"sc":"594"},{"x":1501776000000,"y":157,"sc":"594"},{"x":1502035200000,"y":165,"sc":"596"},{"x":1502121600000,"y":168,"sc":"596"},{"x":1502208000000,"y":172,"sc":"596"},{"x":1502294400000,"y":178,"sc":"596"},{"x":1502380800000,"y":186,"sc":"596"},{"x":1502640000000,"y":195,"sc":"596"},{"x":1502726400000,"y":199,"sc":"596"},{"x":1502812800000,"y":202,"sc":"596"},{"x":1502899200000,"y":215,"sc":"596"},{"x":1502985600000,"y":226,"sc":"596"},{"x":1503244800000,"y":250,"sc":"597"},{"x":1503331200000,"y":260,"sc":"597"},{"x":1503417600000,"y":260,"sc":"597"},{"x":1503504000000,"y":268,"sc":"596"},{"x":1503590400000,"y":277,"sc":"596"},{"x":1503849600000,"y":275,"sc":"600"},{"x":1503936000000,"y":263,"sc":"600"},{"x":1504022400000,"y":317,"sc":"600"},{"x":1504108800000,"y":278,"sc":"601"},{"x":1504195200000,"y":288,"sc":"601"},{"x":1504454400000,"y":266,"sc":"601"},{"x":1504540800000,"y":258,"sc":"601"},{"x":1504627200000,"y":257,"sc":"601"},{"x":1504713600000,"y":262,"sc":"601"},{"x":1504800000000,"y":266,"sc":"601"},{"x":1505059200000,"y":280,"sc":"603"},{"x":1505145600000,"y":280,"sc":"603"},{"x":1505232000000,"y":282,"sc":"603"},{"x":1505318400000,"y":265,"sc":"605"},{"x":1505404800000,"y":271,"sc":"605"},{"x":1505664000000,"y":286,"sc":"606"},{"x":1505750400000,"y":293,"sc":"606"},{"x":1505836800000,"y":292,"sc":"603"},{"x":1505923200000,"y":301,"sc":"603"},{"x":1506009600000,"y":297,"sc":"603"},{"x":1506268800000,"y":312,"sc":"603"},{"x":1506355200000,"y":321,"sc":"603"},{"x":1506441600000,"y":323,"sc":"604"},{"x":1506528000000,"y":321,"sc":"604"},{"x":1506614400000,"y":322,"sc":"606"},{"x":1507478400000,"y":368,"sc":"606"},{"x":1507564800000,"y":373,"sc":"607"},{"x":1507651200000,"y":380,"sc":"607"},{"x":1507737600000,"y":371,"sc":"611"},{"x":1507824000000,"y":379,"sc":"611"},{"x":1508083200000,"y":392,"sc":"612"},{"x":1508169600000,"y":385,"sc":"612"},{"x":1508256000000,"y":347,"sc":"611"},{"x":1508342400000,"y":345,"sc":"611"},{"x":1508428800000,"y":346,"sc":"611"},{"x":1508688000000,"y":346,"sc":"606"},{"x":1508774400000,"y":336,"sc":"606"},{"x":1508860800000,"y":334,"sc":"607"},{"x":1508947200000,"y":333,"sc":"607"},{"x":1509033600000,"y":331,"sc":"607"},{"x":1509292800000,"y":337,"sc":"609"},{"x":1509379200000,"y":332,"sc":"610"},{"x":1509465600000,"y":335,"sc":"610"},{"x":1509552000000,"y":336,"sc":"613"},{"x":1509638400000,"y":332,"sc":"617"},{"x":1509897600000,"y":324,"sc":"621"},{"x":1509984000000,"y":323,"sc":"621"},{"x":1510070400000,"y":300,"sc":"621"},{"x":1510156800000,"y":290,"sc":"623"},{"x":1510243200000,"y":281,"sc":"623"},{"x":1510502400000,"y":294,"sc":"633"},{"x":1510588800000,"y":293,"sc":"635"},{"x":1510675200000,"y":291,"sc":"635"},{"x":1510761600000,"y":287,"sc":"635"},{"x":1510848000000,"y":279,"sc":"636"},{"x":1511107200000,"y":267,"sc":"636"},{"x":1511193600000,"y":265,"sc":"636"},{"x":1511280000000,"y":259,"sc":"636"},{"x":1511366400000,"y":256,"sc":"636"},{"x":1511452800000,"y":250,"sc":"637"},{"x":1511712000000,"y":240,"sc":"640"},{"x":1511798400000,"y":238,"sc":"640"},{"x":1511884800000,"y":234,"sc":"640"},{"x":1511971200000,"y":262,"sc":"641"},{"x":1512057600000,"y":259,"sc":"643"},{"x":1512316800000,"y":306,"sc":"643"},{"x":1512403200000,"y":326,"sc":"643"},{"x":1512489600000,"y":338,"sc":"643"},{"x":1512576000000,"y":340,"sc":"644"},{"x":1512662400000,"y":315,"sc":"652"},{"x":1512921600000,"y":297,"sc":"652"},{"x":1513008000000,"y":300,"sc":"653"},{"x":1513094400000,"y":304,"sc":"653"},{"x":1513180800000,"y":349,"sc":"654"},{"x":1513267200000,"y":346,"sc":"656"},{"x":1513526400000,"y":279,"sc":"656"},{"x":1513612800000,"y":280,"sc":"656"},{"x":1513699200000,"y":286,"sc":"656"},{"x":1513785600000,"y":288,"sc":"655"},{"x":1513872000000,"y":305,"sc":"655"},{"x":1514131200000,"y":304,"sc":"655"},{"x":1514217600000,"y":265,"sc":"655"},{"x":1514304000000,"y":276,"sc":"654"},{"x":1514390400000,"y":289,"sc":"655"},{"x":1514476800000,"y":298,"sc":"655"},{"x":1514822400000,"y":339,"sc":"655"},{"x":1514908800000,"y":331,"sc":"655"},{"x":1514995200000,"y":317,"sc":"655"},{"x":1515081600000,"y":306,"sc":"655"},{"x":1515340800000,"y":393,"sc":"655"},{"x":1515427200000,"y":403,"sc":"655"},{"x":1515513600000,"y":403,"sc":"656"},{"x":1515600000000,"y":407,"sc":"657"},{"x":1515686400000,"y":430,"sc":"657"},{"x":1515945600000,"y":444,"sc":"657"},{"x":1516032000000,"y":448,"sc":"657"},{"x":1516118400000,"y":466,"sc":"657"},{"x":1516204800000,"y":492,"sc":"657"},{"x":1516291200000,"y":499,"sc":"657"},{"x":1516550400000,"y":503,"sc":"657"},{"x":1516636800000,"y":506,"sc":"657"},{"x":1516723200000,"y":532,"sc":"657"},{"x":1516809600000,"y":536,"sc":"657"},{"x":1516896000000,"y":520,"sc":"655"},{"x":1517155200000,"y":534,"sc":"656"},{"x":1517241600000,"y":540,"sc":"656"},{"x":1517328000000,"y":550,"sc":"656"},{"x":1517414400000,"y":550,"sc":"656"},{"x":1517500800000,"y":557,"sc":"656"},{"x":1517760000000,"y":569,"sc":"656"},{"x":1517846400000,"y":569,"sc":"656"}];
/*百分比排名*/
var Data_rateInSimilarPersent = [[1484582400000,57.1700],[1484668800000,57.9800],[1484755200000,59.0300],[1484841600000,59.4500],[1485100800000,62.1600],[1485187200000,62.4500],[1485273600000,61.9800],[1485360000000,63.5100],[1486051200000,64.6200],[1486310400000,64.9700],[1486396800000,65.5800],[1486483200000,65.9900],[1486569600000,66.4000],[1486656000000,66.6000],[1486915200000,65.9300],[1487001600000,66.7300],[1487088000000,66.5300],[1487174400000,66.9400],[1487260800000,67.1400],[1487520000000,65.9300],[1487606400000,66.1300],[1487692800000,66.3300],[1487779200000,66.0600],[1487865600000,66.00],[1488124800000,65.6100],[1488211200000,65.8100],[1488297600000,64.4100],[1488384000000,64.3800],[1488470400000,64.1900],[1488729600000,62.1800],[1488816000000,65.6300],[1488902400000,65.8900],[1488988800000,65.2500],[1489075200000,65.2500],[1489334400000,63.7100],[1489420800000,62.9300],[1489507200000,63.1300],[1489593600000,63.6500],[1489680000000,64.4200],[1489939200000,65.1300],[1490025600000,62.2600],[1490112000000,62.2100],[1490198400000,62.4500],[1490284800000,62.8300],[1490544000000,60.3000],[1490630400000,60.1900],[1490716800000,60.3700],[1490803200000,60.2200],[1490889600000,65.2400],[1491321600000,63.2000],[1491408000000,62.0400],[1491494400000,63.8900],[1491753600000,60.1900],[1491840000000,62.0400],[1491926400000,60.3700],[1492012800000,60.0700],[1492099200000,62.4800],[1492358400000,61.8800],[1492444800000,62.8000],[1492531200000,62.8000],[1492617600000,62.9400],[1492704000000,64.7700],[1492963200000,61.6500],[1493049600000,61.6100],[1493136000000,61.9300],[1493222400000,63.9300],[1493308800000,64.8500],[1493654400000,61.7500],[1493740800000,62.00],[1493827200000,64.1800],[1493913600000,61.6400],[1494172800000,59.6400],[1494259200000,59.2700],[1494345600000,59.2700],[1494432000000,61.2700],[1494518400000,58.9100],[1494777600000,59.9300],[1494864000000,59.8900],[1494950400000,60.8900],[1495036800000,62.1400],[1495123200000,62.3200],[1495382400000,63.9300],[1495468800000,64.2300],[1495555200000,65.0700],[1495641600000,66.6700],[1495728000000,64.7200],[1496160000000,67.5500],[1496246400000,68.4400],[1496332800000,69.3300],[1496592000000,71.9100],[1496678400000,72.7900],[1496764800000,66.4300],[1496851200000,67.1400],[1496937600000,67.6700],[1497196800000,69.3400],[1497283200000,70.0300],[1497369600000,70.7800],[1497456000000,71.3000],[1497542400000,71.8300],[1497801600000,73.3100],[1497888000000,73.6600],[1497974400000,74.6100],[1498060800000,75.6500],[1498147200000,75.1700],[1498406400000,76.5100],[1498492800000,78.2400],[1498579200000,78.9300],[1498665600000,79.6200],[1498752000000,73.3700],[1499011200000,77.4900],[1499097600000,76.9800],[1499184000000,76.6700],[1499270400000,79.4200],[1499356800000,80.4500],[1499616000000,80.7900],[1499702400000,80.2700],[1499788800000,80.2700],[1499875200000,80.2700],[1499961600000,80.0300],[1500220800000,78.1600],[1500307200000,77.4700],[1500393600000,76.9100],[1500480000000,75.8900],[1500566400000,75.2100],[1500825600000,76.3900],[1500912000000,75.8900],[1500998400000,74.5800],[1501084800000,74.4100],[1501171200000,76.0900],[1501430400000,77.9500],[1501516800000,75.0800],[1501603200000,74.0700],[1501689600000,74.0700],[1501776000000,73.5700],[1502035200000,72.3200],[1502121600000,71.8100],[1502208000000,71.1400],[1502294400000,70.1300],[1502380800000,68.7900],[1502640000000,67.2800],[1502726400000,66.6100],[1502812800000,66.1100],[1502899200000,63.9300],[1502985600000,62.0800],[1503244800000,58.1200],[1503331200000,56.4500],[1503417600000,56.4500],[1503504000000,55.0300],[1503590400000,53.5200],[1503849600000,54.1700],[1503936000000,56.1700],[1504022400000,47.1700],[1504108800000,53.7400],[1504195200000,52.0800],[1504454400000,55.7400],[1504540800000,57.0700],[1504627200000,57.2400],[1504713600000,56.4100],[1504800000000,55.7400],[1505059200000,53.5700],[1505145600000,53.5700],[1505232000000,53.2300],[1505318400000,56.2000],[1505404800000,55.2100],[1505664000000,52.8100],[1505750400000,51.6500],[1505836800000,51.5800],[1505923200000,50.0800],[1506009600000,50.7500],[1506268800000,48.2600],[1506355200000,46.7700],[1506441600000,46.5200],[1506528000000,46.8500],[1506614400000,46.8600],[1507478400000,39.2700],[1507564800000,38.5500],[1507651200000,37.4000],[1507737600000,39.2800],[1507824000000,37.9700],[1508083200000,35.9500],[1508169600000,37.0900],[1508256000000,43.2100],[1508342400000,43.5400],[1508428800000,43.3700],[1508688000000,42.9000],[1508774400000,44.5500],[1508860800000,44.9800],[1508947200000,45.1400],[1509033600000,45.4700],[1509292800000,44.6600],[1509379200000,45.5700],[1509465600000,45.0800],[1509552000000,45.1900],[1509638400000,46.1900],[1509897600000,47.8300],[1509984000000,47.9900],[1510070400000,51.6900],[1510156800000,53.4500],[1510243200000,54.9000],[1510502400000,53.5500],[1510588800000,53.8600],[1510675200000,54.1700],[1510761600000,54.8000],[1510848000000,56.1300],[1511107200000,58.0200],[1511193600000,58.3300],[1511280000000,59.2800],[1511366400000,59.7500],[1511452800000,60.7500],[1511712000000,62.5000],[1511798400000,62.8100],[1511884800000,63.4400],[1511971200000,59.1300],[1512057600000,59.7200],[1512316800000,52.4100],[1512403200000,49.3000],[1512489600000,47.4300],[1512576000000,47.2000],[1512662400000,51.6900],[1512921600000,54.4500],[1513008000000,54.0600],[1513094400000,53.4500],[1513180800000,46.6400],[1513267200000,47.2600],[1513526400000,57.4700],[1513612800000,57.3200],[1513699200000,56.4000],[1513785600000,56.0300],[1513872000000,53.4400],[1514131200000,53.5900],[1514217600000,59.5400],[1514304000000,57.8000],[1514390400000,55.8800],[1514476800000,54.5000],[1514822400000,48.2400],[1514908800000,49.4700],[1514995200000,51.6000],[1515081600000,53.2800],[1515340800000,40.00],[1515427200000,38.4700],[1515513600000,38.5700],[1515600000000,38.0500],[1515686400000,34.5500],[1515945600000,32.4200],[1516032000000,31.8100],[1516118400000,29.0700],[1516204800000,25.1100],[1516291200000,24.0500],[1516550400000,23.4400],[1516636800000,22.9800],[1516723200000,19.0300],[1516809600000,18.4200],[1516896000000,20.6100],[1517155200000,18.6000],[1517241600000,17.6800],[1517328000000,16.1600],[1517414400000,16.1600],[1517500800000,15.0900],[1517760000000,13.2600],[1517846400000,13.2600]];
/*规模变动*/
var Data_fluctuationScale = {"categories":["2016-12-31","2017-03-31","2017-06-30","2017-09-30","2017-12-31"],"series":[{"y":29.00,"mom":"--"},{"y":18.47,"mom":"-36.32%"},{"y":16.79,"mom":"-9.07%"},{"y":19.02,"mom":"13.23%"},{"y":1.01,"mom":"-94.70%"}]};;
/*持有人结构*/
var Data_holderStructure = {"series":[{"name":"机构持有比例","data":[100.0]},{"name":"个人持有比例","data":[0.0]},{"name":"内部持有比例","data":[0.0]}],"categories":["2016-12-31"]};
/*申购赎回*/
var Data_assetAllocation ={"series":[{"name":"期间申购","data":[2.88,7.83,13.10,8.27]},{"name":"期间赎回","data":[13.42,9.50,10.88,26.27]},{"name":"总份额","data":[18.47,16.79,19.02,1.01]}],"categories":["2017-03-31","2017-06-30","2017-09-30","2017-12-31"]};
/*现任基金经理*/
var Data_currentFundManager = [{"id":"30201242","pic":"https://pdf.dfcfw.com/pdf/H8_JPG30201242_1.jpg","name":"杨凯玮","star":2,"workTime":"3年又301天","fundSize":"110.75亿(13只基金)","power":{"avr":"27.92","categories":["经验值","收益率","影响力","稳定性","管理规模"],"dsc":["反映基金经理从业年限和管理基金的经验","根据基金经理投资的阶段收益评分，反映\u003cbr\u003e基金经理投资的盈利能力","根据基金经理所管理基金的机构和个人投\u003cbr\u003e资者持有比例评分","反映基金经理投资收益的波动","根据基金经理现任管理基金资产规模评分"],"data":[77.40,34.70,33.30,12.80,28.80],"jzrq":"2018-02-06"},"profit":{"categories":["任期收益","同类平均"],"series":[{"data":[{"name":null,"color":"#7cb5ec","y":4.9032},{"name":null,"color":"#414c7b","y":4.82}]}],"jzrq":"2018-02-06"}},{"id":"30139111","pic":"https://pdf.dfcfw.com/pdf/H8_JPG30139111_1.jpg","name":"肖芳芳","star":0,"workTime":"246天","fundSize":"96.20亿(8只基金)","power":{"avr":"暂无数据","categories":["经验值","收益率","影响力","稳定性","管理规模"],"dsc":["反映基金经理从业年限和管理基金的经验","根据基金经理投资的阶段收益评分，反映\u003cbr\u003e基金经理投资的盈利能力","根据基金经理所管理基金的机构和个人投\u003cbr\u003e资者持有比例评分","反映基金经理投资收益的波动","根据基金经理现任管理基金资产规模评分"],"data":[null,null,null,null,null],"jzrq":"2018-02-06"},"profit":{"categories":["任期收益","同类平均"],"series":[{"data":[{"name":null,"color":"#7cb5ec","y":2.6833},{"name":null,"color":"#414c7b","y":2.74}]}],"jzrq":"2018-02-06"}}] ;
/*同类型基金涨幅榜（页面底部通栏）*/
var swithSameType = [['002895_华夏天利货币B_5.8750','002894_华夏天利货币A_5.6210','004398_融通现金宝货币B_5.3370','000902_国开货币B_5.3360','001478_泰康薪意保货币B_5.1400'],['002895_华夏天利货币B_5.26','004973_长城收益宝货币B_5.08','004904_人保货币B_5.05','002884_华润元大现金通货币B_5.01','002894_华夏天利货币A_5.01'],['004973_长城收益宝货币B_5.05','004770_海富通添益货币A_4.99','002884_华润元大现金通货币B_4.99','005151_红土创新优淳货币B_4.90','002895_华夏天利货币B_4.89'],['004770_海富通添益货币A_5.39','004973_长城收益宝货币B_5.13','002884_华润元大现金通货币B_5.03','002895_华夏天利货币B_5.03','004398_融通现金宝货币B_5.01'],['003679_中融现金增利货币C_4.67','003474_南方天天利货币B_4.55','000836_国投瑞银钱多宝货币A_4.52','000837_国投瑞银钱多宝货币I_4.52','003753_工银如意货币B_4.51']];