/**
 * 测试数据
 * @type {arry}
 */
/*2018-02-07 16:10:59*/
//基金或股票信息
var fS_name = "交银天利宝货币A";
var fS_code = "002889";
var fund_minsg="";
var ishb=true;
/*原费率*/
var fund_sourceRate="0";
/*现费率*/
var fund_Rate="0";
/*最小申购金额*/
var fund_minsg="";
/*收益率*/
/*近一年收益率*/
var syl_1n="4.0947";
/*近6月收益率*/
var syl_6y="2.1493";
/*近三月收益率*/
var syl_3y="1.105";
/*近一月收益率*/
var syl_1y="0.3744";
/* 基金收益走势图 每万份收益*/
var Data_millionCopiesIncome = [[1476979200000,0.6176],[1477584000000,0.6173],[1478188800000,0.6622],[1478793600000,0.6469],[1479225600000,0.6241],[1479312000000,0.6541],[1479398400000,0.6541],[1479571200000,1.3231],[1479657600000,0.6615],[1479744000000,0.6614],[1479830400000,0.6614],[1479916800000,0.6649],[1480003200000,0.6366],[1480176000000,1.2876],[1480262400000,0.511],[1480348800000,0.6637],[1480435200000,0.7585],[1480521600000,0.8378],[1480608000000,0.8441],[1480780800000,1.7321],[1480867200000,0.8659],[1480953600000,0.8501],[1481040000000,0.8996],[1481126400000,0.8863],[1481212800000,0.8892],[1481385600000,1.7076],[1481472000000,0.8536],[1481558400000,0.7907],[1481644800000,0.7545],[1481731200000,0.7356],[1481817600000,0.7497],[1481990400000,1.4851],[1482076800000,0.1291],[1482163200000,0.7647],[1482249600000,1.12],[1482336000000,1.1249],[1482422400000,1.1154],[1482595200000,2.2469],[1482681600000,1.162],[1482768000000,1.0999],[1482854400000,0.8259],[1482940800000,1.0986],[1483027200000,0.9932],[1483113600000,1.0134],[1483200000000,1.0248],[1483286400000,1.0247],[1483372800000,1.0299],[1483459200000,1.0625],[1483545600000,1.0305],[1483632000000,1.0473],[1483718400000,1.0448],[1483804800000,1.0446],[1483891200000,1.0369],[1483977600000,1.0317],[1484064000000,1.0263],[1484150400000,1.0251],[1484236800000,1.0275],[1484323200000,1.0276],[1484409600000,1.0275],[1484496000000,1.0245],[1484582400000,1.0049],[1484668800000,1.0156],[1484755200000,1.0213],[1484841600000,0.8821],[1484928000000,0.9369],[1485014400000,0.9368],[1485100800000,0.9204],[1485187200000,0.9038],[1485273600000,1.2083],[1485360000000,0.9658],[1485446400000,0.9603],[1485532800000,0.9602],[1485619200000,0.9601],[1485705600000,0.9599],[1485792000000,0.9598],[1485878400000,0.9622],[1485964800000,0.9621],[1486051200000,0.9619],[1486137600000,0.9588],[1486224000000,0.9587],[1486310400000,0.9572],[1486396800000,0.9607],[1486483200000,0.9554],[1486569600000,0.9773],[1486656000000,0.9829],[1486742400000,0.9798],[1486828800000,0.9797],[1486915200000,0.9802],[1487001600000,0.9701],[1487088000000,0.9646],[1487174400000,0.9715],[1487260800000,0.9695],[1487347200000,0.9806],[1487433600000,0.9805],[1487520000000,0.9856],[1487606400000,0.9712],[1487692800000,0.9569],[1487779200000,0.9812],[1487865600000,0.9827],[1487952000000,0.973],[1488038400000,0.9729],[1488124800000,1.0102],[1488211200000,0.969],[1488297600000,1.0057],[1488384000000,1.0151],[1488470400000,0.9937],[1488556800000,0.9863],[1488643200000,0.9862],[1488729600000,1.0044],[1488816000000,1.0235],[1488902400000,1.0222],[1488988800000,1.0183],[1489075200000,1.0114],[1489161600000,1.0084],[1489248000000,1.0083],[1489334400000,1.0155],[1489420800000,1.0176],[1489507200000,0.9686],[1489593600000,0.9909],[1489680000000,0.9868],[1489766400000,0.9867],[1489852800000,0.9866],[1489939200000,0.9882],[1490025600000,0.9854],[1490112000000,0.9968],[1490198400000,0.973],[1490284800000,0.9594],[1490371200000,0.956],[1490457600000,0.9559],[1490544000000,0.9826],[1490630400000,0.993],[1490716800000,0.9955],[1490803200000,0.9959],[1490889600000,0.8355],[1490976000000,1.0046],[1491062400000,1.0046],[1491148800000,1.0045],[1491235200000,1.0044],[1491321600000,1.0015],[1491408000000,1.0109],[1491494400000,0.9983],[1491580800000,1.0497],[1491667200000,1.0496],[1491753600000,1.4954],[1491840000000,1.0264],[1491926400000,1.0335],[1492012800000,1.028],[1492099200000,1.0052],[1492185600000,1.0518],[1492272000000,1.0517],[1492358400000,1.0544],[1492444800000,1.0282],[1492531200000,1.0247],[1492617600000,1.0214],[1492704000000,1.0023],[1492790400000,1.0366],[1492876800000,1.0365],[1492963200000,1.0362],[1493049600000,1.0059],[1493136000000,1.0004],[1493222400000,1.0],[1493308800000,0.9617],[1493395200000,1.0523],[1493481600000,1.0523],[1493568000000,1.0536],[1493654400000,1.0414],[1493740800000,0.9753],[1493827200000,1.0193],[1493913600000,1.0062],[1494000000000,1.042],[1494086400000,1.0419],[1494172800000,1.0228],[1494259200000,1.0258],[1494345600000,1.0194],[1494432000000,1.0198],[1494518400000,1.0212],[1494604800000,1.0363],[1494691200000,1.0363],[1494777600000,1.0493],[1494864000000,1.0134],[1494950400000,1.0151],[1495036800000,1.0271],[1495123200000,1.0249],[1495209600000,1.0544],[1495296000000,1.0543],[1495382400000,1.0543],[1495468800000,1.025],[1495555200000,1.0347],[1495641600000,1.0708],[1495728000000,1.0601],[1495814400000,1.0591],[1495900800000,1.059],[1495987200000,1.0589],[1496073600000,1.0588],[1496160000000,1.0435],[1496246400000,1.0089],[1496332800000,0.989],[1496419200000,0.9494],[1496505600000,0.9494],[1496592000000,0.9975],[1496678400000,1.0384],[1496764800000,1.0487],[1496851200000,1.0589],[1496937600000,1.0564],[1497024000000,1.0569],[1497110400000,1.0568],[1497196800000,1.0437],[1497283200000,1.0528],[1497369600000,1.0763],[1497456000000,1.09],[1497542400000,1.0888],[1497628800000,1.0887],[1497715200000,1.0886],[1497801600000,1.073],[1497888000000,1.0228],[1497974400000,1.0477],[1498060800000,1.1077],[1498147200000,1.1115],[1498233600000,1.112],[1498320000000,1.1119],[1498406400000,1.1206],[1498492800000,1.1522],[1498579200000,1.1283],[1498665600000,1.1295],[1498752000000,1.0462],[1498838400000,1.0511],[1498924800000,1.051],[1499011200000,1.1491],[1499097600000,1.1499],[1499184000000,1.1549],[1499270400000,1.1534],[1499356800000,1.151],[1499443200000,1.1506],[1499529600000,1.1505],[1499616000000,1.1469],[1499702400000,1.0559],[1499788800000,1.0649],[1499875200000,1.1352],[1499961600000,1.1542],[1500048000000,1.1496],[1500134400000,1.1495],[1500220800000,1.1436],[1500307200000,1.1161],[1500393600000,1.1214],[1500480000000,1.0952],[1500566400000,1.0892],[1500652800000,1.0919],[1500739200000,1.0919],[1500825600000,1.0826],[1500912000000,1.1156],[1500998400000,1.0712],[1501084800000,1.0698],[1501171200000,1.0638],[1501257600000,1.0637],[1501344000000,1.0636],[1501430400000,1.2729],[1501516800000,1.0758],[1501603200000,1.1244],[1501689600000,1.1441],[1501776000000,1.1693],[1501862400000,1.1623],[1501948800000,1.1622],[1502035200000,1.1393],[1502121600000,1.1292],[1502208000000,1.1346],[1502294400000,1.1301],[1502380800000,1.1303],[1502467200000,1.1259],[1502553600000,1.1258],[1502640000000,1.0738],[1502726400000,1.1468],[1502812800000,1.0762],[1502899200000,1.1038],[1502985600000,1.1105],[1503072000000,1.1046],[1503158400000,1.1046],[1503244800000,1.11],[1503331200000,1.1225],[1503417600000,1.1394],[1503504000000,1.1217],[1503590400000,1.1338],[1503676800000,1.1325],[1503763200000,1.0995],[1503849600000,1.106],[1503936000000,1.1095],[1504022400000,1.1143],[1504108800000,1.0198],[1504195200000,1.1114],[1504281600000,1.1085],[1504368000000,1.1084],[1504454400000,1.1184],[1504540800000,1.1267],[1504627200000,1.1258],[1504713600000,1.1188],[1504800000000,1.1416],[1504886400000,1.1362],[1504972800000,1.1361],[1505059200000,1.1082],[1505145600000,1.1355],[1505232000000,1.1451],[1505318400000,1.136],[1505404800000,1.1317],[1505491200000,1.1217],[1505577600000,1.1216],[1505664000000,1.1289],[1505750400000,1.1196],[1505836800000,1.0893],[1505923200000,1.0989],[1506009600000,1.1352],[1506096000000,1.0617],[1506182400000,1.0276],[1506268800000,1.1098],[1506355200000,1.1077],[1506441600000,1.0512],[1506528000000,1.1212],[1506614400000,1.0981],[1506700800000,1.0965],[1506787200000,1.097],[1506873600000,1.097],[1506960000000,1.0969],[1507046400000,1.0969],[1507132800000,1.0969],[1507219200000,1.0968],[1507305600000,1.0968],[1507392000000,1.0967],[1507478400000,1.1606],[1507564800000,1.1436],[1507651200000,1.1514],[1507737600000,1.1399],[1507824000000,1.1498],[1507910400000,1.137],[1507996800000,1.137],[1508083200000,1.1414],[1508169600000,1.133],[1508256000000,1.1277],[1508342400000,1.117],[1508428800000,1.1195],[1508515200000,1.1133],[1508601600000,1.1132],[1508688000000,1.113],[1508774400000,1.1217],[1508860800000,1.1185],[1508947200000,1.1301],[1509033600000,1.1271],[1509120000000,1.1248],[1509206400000,1.1247],[1509292800000,1.0967],[1509379200000,1.1149],[1509465600000,1.1274],[1509552000000,1.1287],[1509638400000,1.1408],[1509724800000,1.1401],[1509811200000,1.1401],[1509897600000,1.1379],[1509984000000,1.1307],[1510070400000,1.1248],[1510156800000,1.1098],[1510243200000,1.1002],[1510329600000,1.0973],[1510416000000,1.0972],[1510502400000,1.0948],[1510588800000,1.0838],[1510675200000,1.0944],[1510761600000,1.1207],[1510848000000,1.1544],[1510934400000,1.1437],[1511020800000,1.1437],[1511107200000,1.1329],[1511193600000,1.1264],[1511280000000,1.1133],[1511366400000,1.1446],[1511452800000,1.1652],[1511539200000,1.1629],[1511625600000,1.1628],[1511712000000,1.1571],[1511798400000,1.1589],[1511884800000,1.1701],[1511971200000,1.161],[1512057600000,1.1626],[1512144000000,1.1611],[1512230400000,1.161],[1512316800000,1.1639],[1512403200000,1.1662],[1512489600000,1.1487],[1512576000000,1.1313],[1512662400000,1.1358],[1512748800000,1.131],[1512835200000,1.1309],[1512921600000,1.1472],[1513008000000,1.1461],[1513094400000,1.1486],[1513180800000,1.1669],[1513267200000,1.221],[1513353600000,1.2189],[1513440000000,1.2188],[1513526400000,1.2217],[1513612800000,1.2133],[1513699200000,1.2431],[1513785600000,1.2774],[1513872000000,1.314],[1513958400000,1.3131],[1514044800000,1.313],[1514131200000,1.313],[1514217600000,1.3453],[1514304000000,1.3329],[1514390400000,1.3074],[1514476800000,1.2787],[1514563200000,1.2657],[1514649600000,1.2655],[1514736000000,1.2822],[1514822400000,1.299],[1514908800000,1.272],[1514995200000,1.2364],[1515081600000,1.2616],[1515168000000,1.2571],[1515254400000,1.257],[1515340800000,1.2393],[1515427200000,1.2493],[1515513600000,2.0697],[1515600000000,1.2041],[1515686400000,1.208],[1515772800000,1.1949],[1515859200000,1.1948],[1515945600000,1.1928],[1516032000000,1.1382],[1516118400000,1.1623],[1516204800000,1.1726],[1516291200000,1.1516],[1516377600000,1.1392],[1516464000000,1.1391],[1516550400000,1.5187],[1516636800000,1.181],[1516723200000,1.1501],[1516809600000,1.1469],[1516896000000,1.1452],[1516982400000,1.1396],[1517068800000,1.1395],[1517155200000,1.1633],[1517241600000,1.1634],[1517328000000,1.1776],[1517414400000,1.1463],[1517500800000,1.123],[1517587200000,1.1234],[1517673600000,1.1233],[1517760000000,1.1106],[1517846400000,1.104]];
/*基金收益走势图   7日年化收益率*/
var Data_sevenDaysYearIncome = [[1476979200000,1.98],[1477584000000,2.279],[1478188800000,2.318],[1478793600000,2.41],[1479225600000,2.377],[1479312000000,2.381],[1479398400000,2.384],[1479571200000,2.4],[1479657600000,2.408],[1479744000000,2.416],[1479830400000,2.436],[1479916800000,2.442],[1480003200000,2.432],[1480176000000,2.413],[1480262400000,2.333],[1480348800000,2.334],[1480435200000,2.386],[1480521600000,2.478],[1480608000000,2.589],[1480780800000,2.827],[1480867200000,3.018],[1480953600000,3.118],[1481040000000,3.194],[1481126400000,3.22],[1481212800000,3.244],[1481385600000,3.231],[1481472000000,3.224],[1481558400000,3.192],[1481644800000,3.114],[1481731200000,3.033],[1481817600000,2.958],[1481990400000,2.839],[1482076800000,2.451],[1482163200000,2.437],[1482249600000,2.633],[1482336000000,2.841],[1482422400000,3.038],[1482595200000,3.448],[1482681600000,4.006],[1482768000000,4.188],[1482854400000,4.029],[1482940800000,4.014],[1483027200000,3.948],[1483113600000,3.888],[1483200000000,3.835],[1483286400000,3.761],[1483372800000,3.723],[1483459200000,3.851],[1483545600000,3.814],[1483632000000,3.843],[1483718400000,3.86],[1483804800000,3.871],[1483891200000,3.878],[1483977600000,3.879],[1484064000000,3.859],[1484150400000,3.856],[1484236800000,3.845],[1484323200000,3.836],[1484409600000,3.827],[1484496000000,3.82],[1484582400000,3.806],[1484668800000,3.8],[1484755200000,3.798],[1484841600000,3.719],[1484928000000,3.67],[1485014400000,3.621],[1485100800000,3.565],[1485187200000,3.51],[1485273600000,3.614],[1485360000000,3.584],[1485446400000,3.627],[1485532800000,3.639],[1485619200000,3.652],[1485705600000,3.673],[1485792000000,3.703],[1485878400000,3.57],[1485964800000,3.568],[1486051200000,3.569],[1486137600000,3.569],[1486224000000,3.568],[1486310400000,3.566],[1486396800000,3.567],[1486483200000,3.563],[1486569600000,3.571],[1486656000000,3.583],[1486742400000,3.594],[1486828800000,3.605],[1486915200000,3.618],[1487001600000,3.623],[1487088000000,3.628],[1487174400000,3.625],[1487260800000,3.617],[1487347200000,3.618],[1487433600000,3.618],[1487520000000,3.621],[1487606400000,3.622],[1487692800000,3.618],[1487779200000,3.623],[1487865600000,3.63],[1487952000000,3.626],[1488038400000,3.622],[1488124800000,3.635],[1488211200000,3.634],[1488297600000,3.66],[1488384000000,3.679],[1488470400000,3.685],[1488556800000,3.692],[1488643200000,3.699],[1488729600000,3.696],[1488816000000,3.725],[1488902400000,3.734],[1488988800000,3.736],[1489075200000,3.746],[1489161600000,3.757],[1489248000000,3.769],[1489334400000,3.775],[1489420800000,3.772],[1489507200000,3.743],[1489593600000,3.728],[1489680000000,3.715],[1489766400000,3.703],[1489852800000,3.692],[1489939200000,3.677],[1490025600000,3.66],[1490112000000,3.675],[1490198400000,3.665],[1490284800000,3.65],[1490371200000,3.634],[1490457600000,3.617],[1490544000000,3.614],[1490630400000,3.618],[1490716800000,3.617],[1490803200000,3.63],[1490889600000,3.563],[1490976000000,3.589],[1491062400000,3.615],[1491148800000,3.627],[1491235200000,3.633],[1491321600000,3.637],[1491408000000,3.645],[1491494400000,3.733],[1491580800000,3.757],[1491667200000,3.782],[1491753600000,4.048],[1491840000000,4.059],[1491926400000,4.077],[1492012800000,4.086],[1492099200000,4.09],[1492185600000,4.091],[1492272000000,4.092],[1492358400000,3.853],[1492444800000,3.854],[1492531200000,3.849],[1492617600000,3.846],[1492704000000,3.844],[1492790400000,3.836],[1492876800000,3.828],[1492963200000,3.818],[1493049600000,3.806],[1493136000000,3.793],[1493222400000,3.781],[1493308800000,3.759],[1493395200000,3.768],[1493481600000,3.776],[1493568000000,3.786],[1493654400000,3.805],[1493740800000,3.791],[1493827200000,3.802],[1493913600000,3.826],[1494000000000,3.82],[1494086400000,3.814],[1494172800000,3.798],[1494259200000,3.789],[1494345600000,3.813],[1494432000000,3.813],[1494518400000,3.822],[1494604800000,3.819],[1494691200000,3.815],[1494777600000,3.83],[1494864000000,3.823],[1494950400000,3.821],[1495036800000,3.825],[1495123200000,3.827],[1495209600000,3.837],[1495296000000,3.846],[1495382400000,3.849],[1495468800000,3.855],[1495555200000,3.866],[1495641600000,3.89],[1495728000000,3.909],[1495814400000,3.911],[1495900800000,3.914],[1495987200000,3.916],[1496073600000,3.935],[1496160000000,3.939],[1496246400000,3.906],[1496332800000,3.867],[1496419200000,3.808],[1496505600000,3.749],[1496592000000,3.715],[1496678400000,3.704],[1496764800000,3.707],[1496851200000,3.734],[1496937600000,3.771],[1497024000000,3.829],[1497110400000,3.887],[1497196800000,3.912],[1497283200000,3.92],[1497369600000,3.935],[1497456000000,3.952],[1497542400000,3.969],[1497628800000,3.986],[1497715200000,4.004],[1497801600000,4.02],[1497888000000,4.003],[1497974400000,3.988],[1498060800000,3.997],[1498147200000,4.01],[1498233600000,4.022],[1498320000000,4.035],[1498406400000,4.061],[1498492800000,4.131],[1498579200000,4.175],[1498665600000,4.187],[1498752000000,4.151],[1498838400000,4.118],[1498924800000,4.085],[1499011200000,4.1],[1499097600000,4.099],[1499184000000,4.114],[1499270400000,4.127],[1499356800000,4.184],[1499443200000,4.238],[1499529600000,4.292],[1499616000000,4.291],[1499702400000,4.239],[1499788800000,4.191],[1499875200000,4.181],[1499961600000,4.182],[1500048000000,4.182],[1500134400000,4.181],[1500220800000,4.179],[1500307200000,4.212],[1500393600000,4.243],[1500480000000,4.221],[1500566400000,4.186],[1500652800000,4.154],[1500739200000,4.123],[1500825600000,4.09],[1500912000000,4.09],[1500998400000,4.063],[1501084800000,4.049],[1501171200000,4.035],[1501257600000,4.02],[1501344000000,4.004],[1501430400000,4.108],[1501516800000,4.086],[1501603200000,4.115],[1501689600000,4.155],[1501776000000,4.213],[1501862400000,4.266],[1501948800000,4.32],[1502035200000,4.247],[1502121600000,4.276],[1502208000000,4.282],[1502294400000,4.274],[1502380800000,4.253],[1502467200000,4.233],[1502553600000,4.213],[1502640000000,4.178],[1502726400000,4.187],[1502812800000,4.156],[1502899200000,4.141],[1502985600000,4.131],[1503072000000,4.119],[1503158400000,4.107],[1503244800000,4.127],[1503331200000,4.114],[1503417600000,4.148],[1503504000000,4.158],[1503590400000,4.171],[1503676800000,4.186],[1503763200000,4.183],[1503849600000,4.181],[1503936000000,4.174],[1504022400000,4.16],[1504108800000,4.105],[1504195200000,4.093],[1504281600000,4.08],[1504368000000,4.084],[1504454400000,4.091],[1504540800000,4.101],[1504627200000,4.107],[1504713600000,4.161],[1504800000000,4.177],[1504886400000,4.192],[1504972800000,4.207],[1505059200000,4.201],[1505145600000,4.206],[1505232000000,4.217],[1505318400000,4.226],[1505404800000,4.221],[1505491200000,4.213],[1505577600000,4.205],[1505664000000,4.216],[1505750400000,4.208],[1505836800000,4.177],[1505923200000,4.157],[1506009600000,4.159],[1506096000000,4.126],[1506182400000,4.075],[1506268800000,4.065],[1506355200000,4.059],[1506441600000,4.038],[1506528000000,4.05],[1506614400000,4.03],[1506700800000,4.049],[1506787200000,4.086],[1506873600000,4.079],[1506960000000,4.074],[1507046400000,4.098],[1507132800000,4.085],[1507219200000,4.085],[1507305600000,4.085],[1507392000000,4.085],[1507478400000,4.119],[1507564800000,4.144],[1507651200000,4.174],[1507737600000,4.197],[1507824000000,4.226],[1507910400000,4.248],[1507996800000,4.27],[1508083200000,4.259],[1508169600000,4.254],[1508256000000,4.241],[1508342400000,4.228],[1508428800000,4.212],[1508515200000,4.199],[1508601600000,4.186],[1508688000000,4.171],[1508774400000,4.165],[1508860800000,4.16],[1508947200000,4.167],[1509033600000,4.171],[1509120000000,4.177],[1509206400000,4.183],[1509292800000,4.174],[1509379200000,4.171],[1509465600000,4.176],[1509552000000,4.175],[1509638400000,4.182],[1509724800000,4.191],[1509811200000,4.199],[1509897600000,4.221],[1509984000000,4.23],[1510070400000,4.228],[1510156800000,4.218],[1510243200000,4.196],[1510329600000,4.173],[1510416000000,4.15],[1510502400000,4.126],[1510588800000,4.101],[1510675200000,4.084],[1510761600000,4.09],[1510848000000,4.12],[1510934400000,4.145],[1511020800000,4.17],[1511107200000,4.191],[1511193600000,4.214],[1511280000000,4.224],[1511366400000,4.237],[1511452800000,4.243],[1511539200000,4.253],[1511625600000,4.264],[1511712000000,4.277],[1511798400000,4.295],[1511884800000,4.326],[1511971200000,4.334],[1512057600000,4.333],[1512144000000,4.332],[1512230400000,4.331],[1512316800000,4.335],[1512403200000,4.339],[1512489600000,4.327],[1512576000000,4.311],[1512662400000,4.296],[1512748800000,4.28],[1512835200000,4.264],[1512921600000,4.255],[1513008000000,4.244],[1513094400000,4.244],[1513180800000,4.263],[1513267200000,4.309],[1513353600000,4.357],[1513440000000,4.405],[1513526400000,4.445],[1513612800000,4.482],[1513699200000,4.534],[1513785600000,4.594],[1513872000000,4.645],[1513958400000,4.696],[1514044800000,4.747],[1514131200000,4.797],[1514217600000,4.869],[1514304000000,4.918],[1514390400000,4.935],[1514476800000,4.916],[1514563200000,4.89],[1514649600000,4.864],[1514736000000,4.847],[1514822400000,4.822],[1514908800000,4.788],[1514995200000,4.749],[1515081600000,4.74],[1515168000000,4.735],[1515254400000,4.731],[1515340800000,4.707],[1515427200000,4.68],[1515513600000,5.117],[1515600000000,5.099],[1515686400000,5.069],[1515772800000,5.035],[1515859200000,5.001],[1515945600000,4.976],[1516032000000,4.915],[1516118400000,4.42],[1516204800000,4.403],[1516291200000,4.372],[1516377600000,4.342],[1516464000000,4.311],[1516550400000,4.489],[1516636800000,4.512],[1516723200000,4.506],[1516809600000,4.492],[1516896000000,4.488],[1516982400000,4.488],[1517068800000,4.488],[1517155200000,4.295],[1517241600000,4.286],[1517328000000,4.3],[1517414400000,4.3],[1517500800000,4.288],[1517587200000,4.279],[1517673600000,4.27],[1517760000000,4.242],[1517846400000,4.21]];
/*资产配置*/
var Data_assetAllocationCurrency ={"categories":["12-31","09-30","06-30","03-31"],"series":[{"name":"股票","data":[null,null,null,null]},{"name":"债券","data":[46.7,76.43,36.74,38.3]},{"name":"现金","data":[31.49,30.07,51.94,66.35]}]};
/*累计收益率走势*/
var Data_grandTotal = [{"name":"交银天利宝货币A","data":[[1501948800000,0],[1502035200000,0.01],[1502121600000,0.02],[1502208000000,0.03],[1502294400000,0.05],[1502380800000,0.06],[1502467200000,0.07],[1502553600000,0.08],[1502640000000,0.09],[1502726400000,0.10],[1502812800000,0.11],[1502899200000,0.12],[1502985600000,0.13],[1503072000000,0.15],[1503158400000,0.16],[1503244800000,0.17],[1503331200000,0.18],[1503417600000,0.19],[1503504000000,0.20],[1503590400000,0.21],[1503676800000,0.22],[1503763200000,0.24],[1503849600000,0.25],[1503936000000,0.26],[1504022400000,0.27],[1504108800000,0.28],[1504195200000,0.29],[1504281600000,0.30],[1504368000000,0.31],[1504454400000,0.32],[1504540800000,0.33],[1504627200000,0.35],[1504713600000,0.36],[1504800000000,0.37],[1504886400000,0.38],[1504972800000,0.39],[1505059200000,0.40],[1505145600000,0.41],[1505232000000,0.43],[1505318400000,0.44],[1505404800000,0.45],[1505491200000,0.46],[1505577600000,0.47],[1505664000000,0.48],[1505750400000,0.49],[1505836800000,0.50],[1505923200000,0.52],[1506009600000,0.53],[1506096000000,0.54],[1506182400000,0.55],[1506268800000,0.56],[1506355200000,0.57],[1506441600000,0.58],[1506528000000,0.59],[1506614400000,0.60],[1506700800000,0.61],[1506787200000,0.63],[1506873600000,0.64],[1506960000000,0.65],[1507046400000,0.66],[1507132800000,0.67],[1507219200000,0.68],[1507305600000,0.69],[1507392000000,0.70],[1507478400000,0.71],[1507564800000,0.73],[1507651200000,0.74],[1507737600000,0.75],[1507824000000,0.76],[1507910400000,0.77],[1507996800000,0.78],[1508083200000,0.79],[1508169600000,0.81],[1508256000000,0.82],[1508342400000,0.83],[1508428800000,0.84],[1508515200000,0.85],[1508601600000,0.86],[1508688000000,0.87],[1508774400000,0.88],[1508860800000,0.90],[1508947200000,0.91],[1509033600000,0.92],[1509120000000,0.93],[1509206400000,0.94],[1509292800000,0.95],[1509379200000,0.96],[1509465600000,0.98],[1509552000000,0.99],[1509638400000,1.00],[1509724800000,1.01],[1509811200000,1.02],[1509897600000,1.03],[1509984000000,1.04],[1510070400000,1.06],[1510156800000,1.07],[1510243200000,1.08],[1510329600000,1.09],[1510416000000,1.10],[1510502400000,1.11],[1510588800000,1.12],[1510675200000,1.13],[1510761600000,1.14],[1510848000000,1.16],[1510934400000,1.17],[1511020800000,1.18],[1511107200000,1.19],[1511193600000,1.20],[1511280000000,1.21],[1511366400000,1.23],[1511452800000,1.24],[1511539200000,1.25],[1511625600000,1.26],[1511712000000,1.27],[1511798400000,1.28],[1511884800000,1.30],[1511971200000,1.31],[1512057600000,1.32],[1512144000000,1.33],[1512230400000,1.34],[1512316800000,1.35],[1512403200000,1.37],[1512489600000,1.38],[1512576000000,1.39],[1512662400000,1.40],[1512748800000,1.41],[1512835200000,1.42],[1512921600000,1.44],[1513008000000,1.45],[1513094400000,1.46],[1513180800000,1.47],[1513267200000,1.48],[1513353600000,1.50],[1513440000000,1.51],[1513526400000,1.52],[1513612800000,1.53],[1513699200000,1.55],[1513785600000,1.56],[1513872000000,1.57],[1513958400000,1.58],[1514044800000,1.60],[1514131200000,1.61],[1514217600000,1.63],[1514304000000,1.64],[1514390400000,1.65],[1514476800000,1.67],[1514563200000,1.68],[1514649600000,1.69],[1514736000000,1.70],[1514822400000,1.72],[1514908800000,1.73],[1514995200000,1.74],[1515081600000,1.76],[1515168000000,1.77],[1515254400000,1.78],[1515340800000,1.79],[1515427200000,1.81],[1515513600000,1.83],[1515600000000,1.84],[1515686400000,1.85],[1515772800000,1.86],[1515859200000,1.88],[1515945600000,1.89],[1516032000000,1.90],[1516118400000,1.91],[1516204800000,1.92],[1516291200000,1.94],[1516377600000,1.95],[1516464000000,1.96],[1516550400000,1.97],[1516636800000,1.99],[1516723200000,2.00],[1516809600000,2.01],[1516896000000,2.02],[1516982400000,2.03],[1517068800000,2.04],[1517155200000,2.06],[1517241600000,2.07],[1517328000000,2.08],[1517414400000,2.09],[1517500800000,2.10],[1517587200000,2.12],[1517673600000,2.13],[1517760000000,2.14],[1517846400000,2.15]]},{"name":"同类平均","data":[[1502035200000,0],[1502121600000,0.01],[1502208000000,0.02],[1502294400000,0.03],[1502380800000,0.04],[1502640000000,0.07],[1502726400000,0.08],[1502812800000,0.09],[1502899200000,0.10],[1502985600000,0.11],[1503244800000,0.14],[1503331200000,0.16],[1503417600000,0.17],[1503504000000,0.18],[1503590400000,0.19],[1503849600000,0.22],[1503936000000,0.23],[1504022400000,0.24],[1504108800000,0.25],[1504195200000,0.26],[1504454400000,0.29],[1504540800000,0.30],[1504627200000,0.31],[1504713600000,0.32],[1504800000000,0.34],[1505059200000,0.37],[1505145600000,0.38],[1505232000000,0.39],[1505318400000,0.40],[1505404800000,0.41],[1505664000000,0.44],[1505750400000,0.45],[1505836800000,0.46],[1505923200000,0.47],[1506009600000,0.48],[1506268800000,0.52],[1506355200000,0.53],[1506441600000,0.54],[1506528000000,0.55],[1506614400000,0.56],[1507478400000,0.67],[1507564800000,0.68],[1507651200000,0.69],[1507737600000,0.71],[1507824000000,0.72],[1508083200000,0.75],[1508169600000,0.76],[1508256000000,0.77],[1508342400000,0.78],[1508428800000,0.79],[1508688000000,0.82],[1508774400000,0.83],[1508860800000,0.84],[1508947200000,0.85],[1509033600000,0.86],[1509292800000,0.90],[1509379200000,0.91],[1509465600000,0.92],[1509552000000,0.93],[1509638400000,0.94],[1509897600000,0.97],[1509984000000,0.98],[1510070400000,0.99],[1510156800000,1.00],[1510243200000,1.01],[1510502400000,1.04],[1510588800000,1.06],[1510675200000,1.07],[1510761600000,1.08],[1510848000000,1.09],[1511107200000,1.12],[1511193600000,1.13],[1511280000000,1.14],[1511366400000,1.15],[1511452800000,1.16],[1511712000000,1.20],[1511798400000,1.21],[1511884800000,1.22],[1511971200000,1.23],[1512057600000,1.24],[1512316800000,1.28],[1512403200000,1.29],[1512489600000,1.30],[1512576000000,1.31],[1512662400000,1.32],[1512921600000,1.35],[1513008000000,1.36],[1513094400000,1.38],[1513180800000,1.39],[1513267200000,1.40],[1513526400000,1.43],[1513612800000,1.44],[1513699200000,1.46],[1513785600000,1.47],[1513872000000,1.48],[1514131200000,1.51],[1514217600000,1.53],[1514304000000,1.54],[1514390400000,1.55],[1514476800000,1.57],[1514822400000,1.62],[1514908800000,1.64],[1514995200000,1.65],[1515081600000,1.66],[1515340800000,1.69],[1515427200000,1.71],[1515513600000,1.72],[1515600000000,1.73],[1515686400000,1.74],[1515945600000,1.77],[1516032000000,1.79],[1516118400000,1.80],[1516204800000,1.81],[1516291200000,1.82],[1516550400000,1.86],[1516636800000,1.87],[1516723200000,1.88],[1516809600000,1.89],[1516896000000,1.90],[1517155200000,1.94],[1517241600000,1.95],[1517328000000,1.96],[1517414400000,1.97],[1517500800000,1.98],[1517760000000,2.02],[1517846400000,2.03]]},{"name":"沪深300","data":[[1502035200000,0],[1502121600000,0.15],[1502208000000,0.11],[1502294400000,-0.29],[1502380800000,-2.13],[1502640000000,-0.86],[1502726400000,-0.56],[1502812800000,-0.68],[1502899200000,-0.15],[1502985600000,-0.06],[1503244800000,0.38],[1503331200000,0.68],[1503417600000,0.79],[1503504000000,0.21],[1503590400000,1.85],[1503849600000,3.11],[1503936000000,2.89],[1504022400000,2.88],[1504108800000,2.56],[1504195200000,2.78],[1504454400000,3.19],[1504540800000,3.50],[1504627200000,3.29],[1504713600000,2.77],[1504800000000,2.66],[1505059200000,2.65],[1505145600000,2.98],[1505232000000,3.11],[1505318400000,2.77],[1505404800000,2.80],[1505664000000,3.12],[1505750400000,2.83],[1505836800000,3.10],[1505923200000,2.98],[1506009600000,2.98],[1506268800000,2.44],[1506355200000,2.52],[1506441600000,2.53],[1506528000000,2.57],[1506614400000,2.94],[1507478400000,4.17],[1507564800000,4.38],[1507651200000,4.72],[1507737600000,5.00],[1507824000000,5.21],[1508083200000,5.01],[1508169600000,5.00],[1508256000000,5.83],[1508342400000,5.49],[1508428800000,5.37],[1508688000000,5.47],[1508774400000,6.24],[1508860800000,6.71],[1508947200000,7.16],[1509033600000,7.92],[1509292800000,7.59],[1509379200000,7.51],[1509465600000,7.24],[1509552000000,7.25],[1509638400000,7.13],[1509897600000,7.89],[1509984000000,8.79],[1510070400000,8.62],[1510156800000,9.37],[1510243200000,10.33],[1510502400000,10.77],[1510588800000,10.00],[1510675200000,9.31],[1510761600000,10.15],[1510848000000,10.57],[1511107200000,11.19],[1511193600000,13.17],[1511280000000,13.44],[1511366400000,10.08],[1511452800000,10.13],[1511712000000,8.67],[1511798400000,8.83],[1511884800000,8.77],[1511971200000,7.49],[1512057600000,7.28],[1512316800000,7.84],[1512403200000,8.41],[1512489600000,7.76],[1512576000000,6.55],[1512662400000,7.42],[1512921600000,9.20],[1513008000000,7.76],[1513094400000,8.67],[1513180800000,8.03],[1513267200000,6.82],[1513526400000,6.94],[1513612800000,8.28],[1513699200000,8.15],[1513785600000,9.15],[1513872000000,8.80],[1514131200000,8.45],[1514217600000,8.77],[1514304000000,7.09],[1514390400000,7.84],[1514476800000,8.16],[1514822400000,9.68],[1514908800000,10.32],[1514995200000,10.79],[1515081600000,11.05],[1515340800000,11.63],[1515427200000,12.41],[1515513600000,12.91],[1515600000000,12.85],[1515686400000,13.37],[1515945600000,13.37],[1516032000000,14.27],[1516118400000,13.99],[1516204800000,14.61],[1516291200000,14.99],[1516550400000,16.36],[1516636800000,17.60],[1516723200000,17.79],[1516809600000,17.13],[1516896000000,17.56],[1517155200000,15.43],[1517241600000,14.20],[1517328000000,14.73],[1517414400000,13.93],[1517500800000,14.61],[1517760000000,14.69],[1517846400000,11.33]]}];
/*同类排名*/
var Data_rateInSimilarType = [{"x":1485100800000,"y":380,"sc":"481"},{"x":1485187200000,"y":371,"sc":"482"},{"x":1485273600000,"y":343,"sc":"484"},{"x":1485360000000,"y":327,"sc":"485"},{"x":1486051200000,"y":223,"sc":"489"},{"x":1486310400000,"y":198,"sc":"491"},{"x":1486396800000,"y":182,"sc":"491"},{"x":1486483200000,"y":172,"sc":"491"},{"x":1486569600000,"y":158,"sc":"491"},{"x":1486656000000,"y":136,"sc":"494"},{"x":1486915200000,"y":118,"sc":"496"},{"x":1487001600000,"y":108,"sc":"496"},{"x":1487088000000,"y":104,"sc":"496"},{"x":1487174400000,"y":100,"sc":"496"},{"x":1487260800000,"y":101,"sc":"496"},{"x":1487520000000,"y":99,"sc":"496"},{"x":1487606400000,"y":99,"sc":"496"},{"x":1487692800000,"y":99,"sc":"496"},{"x":1487779200000,"y":101,"sc":"498"},{"x":1487865600000,"y":100,"sc":"500"},{"x":1488124800000,"y":97,"sc":"503"},{"x":1488211200000,"y":93,"sc":"503"},{"x":1488297600000,"y":93,"sc":"503"},{"x":1488384000000,"y":98,"sc":"511"},{"x":1488470400000,"y":97,"sc":"511"},{"x":1488729600000,"y":111,"sc":"513"},{"x":1488816000000,"y":117,"sc":"515"},{"x":1488902400000,"y":115,"sc":"516"},{"x":1488988800000,"y":117,"sc":"518"},{"x":1489075200000,"y":113,"sc":"518"},{"x":1489334400000,"y":127,"sc":"518"},{"x":1489420800000,"y":129,"sc":"518"},{"x":1489507200000,"y":130,"sc":"518"},{"x":1489593600000,"y":128,"sc":"520"},{"x":1489680000000,"y":125,"sc":"520"},{"x":1489939200000,"y":119,"sc":"522"},{"x":1490025600000,"y":126,"sc":"522"},{"x":1490112000000,"y":132,"sc":"524"},{"x":1490198400000,"y":140,"sc":"530"},{"x":1490284800000,"y":136,"sc":"530"},{"x":1490544000000,"y":159,"sc":"534"},{"x":1490630400000,"y":157,"sc":"535"},{"x":1490716800000,"y":162,"sc":"535"},{"x":1490803200000,"y":164,"sc":"538"},{"x":1490889600000,"y":165,"sc":"538"},{"x":1491321600000,"y":177,"sc":"538"},{"x":1491408000000,"y":182,"sc":"540"},{"x":1491494400000,"y":201,"sc":"540"},{"x":1491753600000,"y":188,"sc":"540"},{"x":1491840000000,"y":191,"sc":"540"},{"x":1491926400000,"y":198,"sc":"540"},{"x":1492012800000,"y":200,"sc":"541"},{"x":1492099200000,"y":221,"sc":"541"},{"x":1492358400000,"y":211,"sc":"543"},{"x":1492444800000,"y":211,"sc":"543"},{"x":1492531200000,"y":215,"sc":"543"},{"x":1492617600000,"y":211,"sc":"545"},{"x":1492704000000,"y":230,"sc":"545"},{"x":1492963200000,"y":204,"sc":"545"},{"x":1493049600000,"y":210,"sc":"547"},{"x":1493136000000,"y":212,"sc":"549"},{"x":1493222400000,"y":234,"sc":"549"},{"x":1493308800000,"y":256,"sc":"549"},{"x":1493654400000,"y":222,"sc":"549"},{"x":1493740800000,"y":221,"sc":"550"},{"x":1493827200000,"y":245,"sc":"550"},{"x":1493913600000,"y":228,"sc":"550"},{"x":1494172800000,"y":233,"sc":"550"},{"x":1494259200000,"y":237,"sc":"550"},{"x":1494345600000,"y":238,"sc":"550"},{"x":1494432000000,"y":253,"sc":"550"},{"x":1494518400000,"y":240,"sc":"550"},{"x":1494777600000,"y":245,"sc":"554"},{"x":1494864000000,"y":247,"sc":"556"},{"x":1494950400000,"y":252,"sc":"560"},{"x":1495036800000,"y":269,"sc":"560"},{"x":1495123200000,"y":251,"sc":"560"},{"x":1495382400000,"y":248,"sc":"560"},{"x":1495468800000,"y":252,"sc":"562"},{"x":1495555200000,"y":251,"sc":"564"},{"x":1495641600000,"y":271,"sc":"564"},{"x":1495728000000,"y":256,"sc":"564"},{"x":1496160000000,"y":252,"sc":"564"},{"x":1496246400000,"y":253,"sc":"564"},{"x":1496332800000,"y":255,"sc":"564"},{"x":1496592000000,"y":263,"sc":"566"},{"x":1496678400000,"y":267,"sc":"566"},{"x":1496764800000,"y":267,"sc":"566"},{"x":1496851200000,"y":269,"sc":"566"},{"x":1496937600000,"y":273,"sc":"566"},{"x":1497196800000,"y":290,"sc":"574"},{"x":1497283200000,"y":289,"sc":"574"},{"x":1497369600000,"y":290,"sc":"575"},{"x":1497456000000,"y":291,"sc":"575"},{"x":1497542400000,"y":295,"sc":"575"},{"x":1497801600000,"y":298,"sc":"577"},{"x":1497888000000,"y":302,"sc":"577"},{"x":1497974400000,"y":303,"sc":"575"},{"x":1498060800000,"y":302,"sc":"575"},{"x":1498147200000,"y":309,"sc":"576"},{"x":1498406400000,"y":306,"sc":"579"},{"x":1498492800000,"y":305,"sc":"579"},{"x":1498579200000,"y":303,"sc":"579"},{"x":1498665600000,"y":301,"sc":"579"},{"x":1498752000000,"y":301,"sc":"582"},{"x":1499011200000,"y":354,"sc":"582"},{"x":1499097600000,"y":298,"sc":"582"},{"x":1499184000000,"y":296,"sc":"583"},{"x":1499270400000,"y":291,"sc":"583"},{"x":1499356800000,"y":290,"sc":"583"},{"x":1499616000000,"y":293,"sc":"583"},{"x":1499702400000,"y":295,"sc":"583"},{"x":1499788800000,"y":294,"sc":"583"},{"x":1499875200000,"y":295,"sc":"583"},{"x":1499961600000,"y":294,"sc":"586"},{"x":1500220800000,"y":298,"sc":"586"},{"x":1500307200000,"y":301,"sc":"586"},{"x":1500393600000,"y":302,"sc":"589"},{"x":1500480000000,"y":302,"sc":"589"},{"x":1500566400000,"y":303,"sc":"593"},{"x":1500825600000,"y":310,"sc":"593"},{"x":1500912000000,"y":308,"sc":"593"},{"x":1500998400000,"y":306,"sc":"594"},{"x":1501084800000,"y":305,"sc":"594"},{"x":1501171200000,"y":305,"sc":"594"},{"x":1501430400000,"y":338,"sc":"594"},{"x":1501516800000,"y":299,"sc":"594"},{"x":1501603200000,"y":296,"sc":"594"},{"x":1501689600000,"y":291,"sc":"594"},{"x":1501776000000,"y":289,"sc":"594"},{"x":1502035200000,"y":280,"sc":"596"},{"x":1502121600000,"y":278,"sc":"596"},{"x":1502208000000,"y":279,"sc":"596"},{"x":1502294400000,"y":275,"sc":"596"},{"x":1502380800000,"y":273,"sc":"596"},{"x":1502640000000,"y":266,"sc":"596"},{"x":1502726400000,"y":267,"sc":"596"},{"x":1502812800000,"y":269,"sc":"596"},{"x":1502899200000,"y":267,"sc":"596"},{"x":1502985600000,"y":270,"sc":"596"},{"x":1503244800000,"y":268,"sc":"597"},{"x":1503331200000,"y":265,"sc":"597"},{"x":1503417600000,"y":261,"sc":"597"},{"x":1503504000000,"y":263,"sc":"596"},{"x":1503590400000,"y":263,"sc":"596"},{"x":1503849600000,"y":306,"sc":"600"},{"x":1503936000000,"y":327,"sc":"600"},{"x":1504022400000,"y":267,"sc":"600"},{"x":1504108800000,"y":267,"sc":"601"},{"x":1504195200000,"y":264,"sc":"601"},{"x":1504454400000,"y":255,"sc":"601"},{"x":1504540800000,"y":251,"sc":"601"},{"x":1504627200000,"y":251,"sc":"601"},{"x":1504713600000,"y":248,"sc":"601"},{"x":1504800000000,"y":249,"sc":"601"},{"x":1505059200000,"y":247,"sc":"603"},{"x":1505145600000,"y":242,"sc":"603"},{"x":1505232000000,"y":241,"sc":"603"},{"x":1505318400000,"y":240,"sc":"605"},{"x":1505404800000,"y":237,"sc":"605"},{"x":1505664000000,"y":233,"sc":"606"},{"x":1505750400000,"y":222,"sc":"606"},{"x":1505836800000,"y":219,"sc":"603"},{"x":1505923200000,"y":219,"sc":"603"},{"x":1506009600000,"y":220,"sc":"603"},{"x":1506268800000,"y":219,"sc":"603"},{"x":1506355200000,"y":212,"sc":"603"},{"x":1506441600000,"y":212,"sc":"604"},{"x":1506528000000,"y":208,"sc":"604"},{"x":1506614400000,"y":207,"sc":"606"},{"x":1507478400000,"y":211,"sc":"606"},{"x":1507564800000,"y":213,"sc":"607"},{"x":1507651200000,"y":213,"sc":"607"},{"x":1507737600000,"y":213,"sc":"611"},{"x":1507824000000,"y":215,"sc":"611"},{"x":1508083200000,"y":222,"sc":"612"},{"x":1508169600000,"y":219,"sc":"612"},{"x":1508256000000,"y":213,"sc":"611"},{"x":1508342400000,"y":212,"sc":"611"},{"x":1508428800000,"y":209,"sc":"611"},{"x":1508688000000,"y":205,"sc":"606"},{"x":1508774400000,"y":204,"sc":"606"},{"x":1508860800000,"y":205,"sc":"607"},{"x":1508947200000,"y":203,"sc":"607"},{"x":1509033600000,"y":199,"sc":"607"},{"x":1509292800000,"y":187,"sc":"609"},{"x":1509379200000,"y":192,"sc":"610"},{"x":1509465600000,"y":187,"sc":"610"},{"x":1509552000000,"y":190,"sc":"613"},{"x":1509638400000,"y":191,"sc":"617"},{"x":1509897600000,"y":199,"sc":"621"},{"x":1509984000000,"y":199,"sc":"621"},{"x":1510070400000,"y":199,"sc":"621"},{"x":1510156800000,"y":201,"sc":"623"},{"x":1510243200000,"y":205,"sc":"623"},{"x":1510502400000,"y":208,"sc":"633"},{"x":1510588800000,"y":205,"sc":"635"},{"x":1510675200000,"y":206,"sc":"635"},{"x":1510761600000,"y":205,"sc":"635"},{"x":1510848000000,"y":202,"sc":"636"},{"x":1511107200000,"y":203,"sc":"636"},{"x":1511193600000,"y":205,"sc":"636"},{"x":1511280000000,"y":207,"sc":"636"},{"x":1511366400000,"y":209,"sc":"636"},{"x":1511452800000,"y":210,"sc":"637"},{"x":1511712000000,"y":209,"sc":"640"},{"x":1511798400000,"y":207,"sc":"640"},{"x":1511884800000,"y":205,"sc":"640"},{"x":1511971200000,"y":203,"sc":"641"},{"x":1512057600000,"y":199,"sc":"643"},{"x":1512316800000,"y":199,"sc":"643"},{"x":1512403200000,"y":197,"sc":"643"},{"x":1512489600000,"y":197,"sc":"643"},{"x":1512576000000,"y":198,"sc":"644"},{"x":1512662400000,"y":200,"sc":"652"},{"x":1512921600000,"y":201,"sc":"652"},{"x":1513008000000,"y":204,"sc":"653"},{"x":1513094400000,"y":207,"sc":"653"},{"x":1513180800000,"y":208,"sc":"654"},{"x":1513267200000,"y":206,"sc":"656"},{"x":1513526400000,"y":204,"sc":"656"},{"x":1513612800000,"y":205,"sc":"656"},{"x":1513699200000,"y":201,"sc":"656"},{"x":1513785600000,"y":197,"sc":"655"},{"x":1513872000000,"y":190,"sc":"655"},{"x":1514131200000,"y":169,"sc":"655"},{"x":1514217600000,"y":163,"sc":"655"},{"x":1514304000000,"y":158,"sc":"654"},{"x":1514390400000,"y":158,"sc":"655"},{"x":1514476800000,"y":156,"sc":"655"},{"x":1514822400000,"y":267,"sc":"655"},{"x":1514908800000,"y":295,"sc":"655"},{"x":1514995200000,"y":320,"sc":"655"},{"x":1515081600000,"y":334,"sc":"655"},{"x":1515340800000,"y":159,"sc":"655"},{"x":1515427200000,"y":155,"sc":"655"},{"x":1515513600000,"y":124,"sc":"656"},{"x":1515600000000,"y":120,"sc":"657"},{"x":1515686400000,"y":122,"sc":"657"},{"x":1515945600000,"y":127,"sc":"657"},{"x":1516032000000,"y":128,"sc":"657"},{"x":1516118400000,"y":126,"sc":"657"},{"x":1516204800000,"y":125,"sc":"657"},{"x":1516291200000,"y":125,"sc":"657"},{"x":1516550400000,"y":123,"sc":"657"},{"x":1516636800000,"y":122,"sc":"657"},{"x":1516723200000,"y":123,"sc":"657"},{"x":1516809600000,"y":127,"sc":"657"},{"x":1516896000000,"y":130,"sc":"655"},{"x":1517155200000,"y":134,"sc":"656"},{"x":1517241600000,"y":135,"sc":"656"},{"x":1517328000000,"y":138,"sc":"656"},{"x":1517414400000,"y":140,"sc":"656"},{"x":1517500800000,"y":141,"sc":"656"},{"x":1517760000000,"y":152,"sc":"656"},{"x":1517846400000,"y":153,"sc":"656"}];
/*百分比排名*/
var Data_rateInSimilarPersent = [[1485100800000,21.00],[1485187200000,23.0300],[1485273600000,29.1300],[1485360000000,32.5800],[1486051200000,54.4000],[1486310400000,59.6700],[1486396800000,62.9300],[1486483200000,64.9700],[1486569600000,67.8200],[1486656000000,72.4700],[1486915200000,76.2100],[1487001600000,78.2300],[1487088000000,79.0300],[1487174400000,79.8400],[1487260800000,79.6400],[1487520000000,80.0400],[1487606400000,80.0400],[1487692800000,80.0400],[1487779200000,79.7200],[1487865600000,80.00],[1488124800000,80.7200],[1488211200000,81.5100],[1488297600000,81.5100],[1488384000000,80.8200],[1488470400000,81.0200],[1488729600000,78.3600],[1488816000000,77.2800],[1488902400000,77.7100],[1488988800000,77.4100],[1489075200000,78.1900],[1489334400000,75.4800],[1489420800000,75.1000],[1489507200000,74.9000],[1489593600000,75.3800],[1489680000000,75.9600],[1489939200000,77.2000],[1490025600000,75.8600],[1490112000000,74.8100],[1490198400000,73.5800],[1490284800000,74.3400],[1490544000000,70.2200],[1490630400000,70.6500],[1490716800000,69.7200],[1490803200000,69.5200],[1490889600000,69.3300],[1491321600000,67.1000],[1491408000000,66.3000],[1491494400000,62.7800],[1491753600000,65.1900],[1491840000000,64.6300],[1491926400000,63.3300],[1492012800000,63.0300],[1492099200000,59.1500],[1492358400000,61.1400],[1492444800000,61.1400],[1492531200000,60.4100],[1492617600000,61.2800],[1492704000000,57.8000],[1492963200000,62.5700],[1493049600000,61.6100],[1493136000000,61.3800],[1493222400000,57.3800],[1493308800000,53.3700],[1493654400000,59.5600],[1493740800000,59.8200],[1493827200000,55.4500],[1493913600000,58.5500],[1494172800000,57.6400],[1494259200000,56.9100],[1494345600000,56.7300],[1494432000000,54.00],[1494518400000,56.3600],[1494777600000,55.7800],[1494864000000,55.5800],[1494950400000,55.00],[1495036800000,51.9600],[1495123200000,55.1800],[1495382400000,55.7100],[1495468800000,55.1600],[1495555200000,55.5000],[1495641600000,51.9500],[1495728000000,54.6100],[1496160000000,55.3200],[1496246400000,55.1400],[1496332800000,54.7900],[1496592000000,53.5300],[1496678400000,52.8300],[1496764800000,52.8300],[1496851200000,52.4700],[1496937600000,51.7700],[1497196800000,49.4800],[1497283200000,49.6500],[1497369600000,49.5700],[1497456000000,49.3900],[1497542400000,48.7000],[1497801600000,48.3500],[1497888000000,47.6600],[1497974400000,47.3000],[1498060800000,47.4800],[1498147200000,46.3500],[1498406400000,47.1500],[1498492800000,47.3200],[1498579200000,47.6700],[1498665600000,48.0100],[1498752000000,48.2800],[1499011200000,39.1800],[1499097600000,48.8000],[1499184000000,49.2300],[1499270400000,50.0900],[1499356800000,50.2600],[1499616000000,49.7400],[1499702400000,49.4000],[1499788800000,49.5700],[1499875200000,49.4000],[1499961600000,49.8300],[1500220800000,49.1500],[1500307200000,48.6300],[1500393600000,48.7300],[1500480000000,48.7300],[1500566400000,48.9000],[1500825600000,47.7200],[1500912000000,48.0600],[1500998400000,48.4800],[1501084800000,48.6500],[1501171200000,48.6500],[1501430400000,43.1000],[1501516800000,49.6600],[1501603200000,50.1700],[1501689600000,51.0100],[1501776000000,51.3500],[1502035200000,53.0200],[1502121600000,53.3600],[1502208000000,53.1900],[1502294400000,53.8600],[1502380800000,54.1900],[1502640000000,55.3700],[1502726400000,55.2000],[1502812800000,54.8700],[1502899200000,55.2000],[1502985600000,54.7000],[1503244800000,55.1100],[1503331200000,55.6100],[1503417600000,56.2800],[1503504000000,55.8700],[1503590400000,55.8700],[1503849600000,49.00],[1503936000000,45.5000],[1504022400000,55.5000],[1504108800000,55.5700],[1504195200000,56.0700],[1504454400000,57.5700],[1504540800000,58.2400],[1504627200000,58.2400],[1504713600000,58.7400],[1504800000000,58.5700],[1505059200000,59.0400],[1505145600000,59.8700],[1505232000000,60.0300],[1505318400000,60.3300],[1505404800000,60.8300],[1505664000000,61.5500],[1505750400000,63.3700],[1505836800000,63.6800],[1505923200000,63.6800],[1506009600000,63.5200],[1506268800000,63.6800],[1506355200000,64.8400],[1506441600000,64.9000],[1506528000000,65.5600],[1506614400000,65.8400],[1507478400000,65.1800],[1507564800000,64.9100],[1507651200000,64.9100],[1507737600000,65.1400],[1507824000000,64.8100],[1508083200000,63.7300],[1508169600000,64.2200],[1508256000000,65.1400],[1508342400000,65.3000],[1508428800000,65.7900],[1508688000000,66.1700],[1508774400000,66.3400],[1508860800000,66.2300],[1508947200000,66.5600],[1509033600000,67.2200],[1509292800000,69.2900],[1509379200000,68.5200],[1509465600000,69.3400],[1509552000000,69.00],[1509638400000,69.0400],[1509897600000,67.9500],[1509984000000,67.9500],[1510070400000,67.9500],[1510156800000,67.7400],[1510243200000,67.0900],[1510502400000,67.1400],[1510588800000,67.7200],[1510675200000,67.5600],[1510761600000,67.7200],[1510848000000,68.2400],[1511107200000,68.0800],[1511193600000,67.7700],[1511280000000,67.4500],[1511366400000,67.1400],[1511452800000,67.0300],[1511712000000,67.3400],[1511798400000,67.6600],[1511884800000,67.9700],[1511971200000,68.3300],[1512057600000,69.0500],[1512316800000,69.0500],[1512403200000,69.3600],[1512489600000,69.3600],[1512576000000,69.2500],[1512662400000,69.3300],[1512921600000,69.1700],[1513008000000,68.7600],[1513094400000,68.3000],[1513180800000,68.2000],[1513267200000,68.6000],[1513526400000,68.9000],[1513612800000,68.7500],[1513699200000,69.3600],[1513785600000,69.9200],[1513872000000,70.9900],[1514131200000,74.2000],[1514217600000,75.1100],[1514304000000,75.8400],[1514390400000,75.8800],[1514476800000,76.1800],[1514822400000,59.2400],[1514908800000,54.9600],[1514995200000,51.1500],[1515081600000,49.0100],[1515340800000,75.7300],[1515427200000,76.3400],[1515513600000,81.1000],[1515600000000,81.7400],[1515686400000,81.4300],[1515945600000,80.6700],[1516032000000,80.5200],[1516118400000,80.8200],[1516204800000,80.9700],[1516291200000,80.9700],[1516550400000,81.2800],[1516636800000,81.4300],[1516723200000,81.2800],[1516809600000,80.6700],[1516896000000,80.1500],[1517155200000,79.5700],[1517241600000,79.4200],[1517328000000,78.9600],[1517414400000,78.6600],[1517500800000,78.5100],[1517760000000,76.8300],[1517846400000,76.6800]];
/*规模变动*/
var Data_fluctuationScale = {"categories":["2016-12-31","2017-03-31","2017-06-30","2017-09-30","2017-12-31"],"series":[{"y":0.03,"mom":"19026.16%"},{"y":0.14,"mom":"447.84%"},{"y":0.16,"mom":"14.87%"},{"y":0.57,"mom":"254.39%"},{"y":1.29,"mom":"127.98%"}]};;
/*持有人结构*/
var Data_holderStructure = {"series":[{"name":"机构持有比例","data":[0,0]},{"name":"个人持有比例","data":[100.0,100.0]},{"name":"内部持有比例","data":[0.0,0.0]}],"categories":["2016-12-31","2017-06-30"]};
/*申购赎回*/
var Data_assetAllocation ={"series":[{"name":"期间申购","data":[0.37,0.25,0.89,2.33]},{"name":"期间赎回","data":[0.26,0.23,0.49,1.61]},{"name":"总份额","data":[0.14,0.16,0.57,1.29]}],"categories":["2017-03-31","2017-06-30","2017-09-30","2017-12-31"]};
/*现任基金经理*/
var Data_currentFundManager = [{"id":"30131854","pic":"https://pdf.dfcfw.com/pdf/H8_JPG30131854_1.jpg","name":"连端清","star":4,"workTime":"2年又188天","fundSize":"840.71亿(30只基金)","power":{"avr":"65.42","categories":["经验值","收益率","影响力","稳定性","管理规模"],"dsc":["反映基金经理从业年限和管理基金的经验","根据基金经理投资的阶段收益评分，反映\u003cbr\u003e基金经理投资的盈利能力","根据基金经理所管理基金的机构和个人投\u003cbr\u003e资者持有比例评分","反映基金经理投资收益的波动","根据基金经理现任管理基金资产规模评分"],"data":[53.40,75.80,65.20,50.0,77.30],"jzrq":"2018-02-06"},"profit":{"categories":["任期收益","同类平均"],"series":[{"data":[{"name":null,"color":"#7cb5ec","y":4.897},{"name":null,"color":"#414c7b","y":4.8}]}],"jzrq":"2018-02-06"}},{"id":"30350050","pic":"https://pdf.dfcfw.com/pdf/H8_JPG30350050_1.jpg","name":"黄莹洁","star":4,"workTime":"2年又257天","fundSize":"797.60亿(22只基金)","power":{"avr":"63.03","categories":["经验值","收益率","影响力","稳定性","管理规模"],"dsc":["反映基金经理从业年限和管理基金的经验","根据基金经理投资的阶段收益评分，反映\u003cbr\u003e基金经理投资的盈利能力","根据基金经理所管理基金的机构和个人投\u003cbr\u003e资者持有比例评分","反映基金经理投资收益的波动","根据基金经理现任管理基金资产规模评分"],"data":[57.90,71.60,96.20,41.90,78.0],"jzrq":"2018-02-06"},"profit":{"categories":["任期收益","同类平均"],"series":[{"data":[{"name":null,"color":"#7cb5ec","y":4.897},{"name":null,"color":"#414c7b","y":4.8}]}],"jzrq":"2018-02-06"}}] ;
/*同类型基金涨幅榜（页面底部通栏）*/
var swithSameType = [['002895_华夏天利货币B_5.8750','002894_华夏天利货币A_5.6210','004398_融通现金宝货币B_5.3370','000902_国开货币B_5.3360','001478_泰康薪意保货币B_5.1400'],['002895_华夏天利货币B_5.26','004973_长城收益宝货币B_5.08','004904_人保货币B_5.05','002884_华润元大现金通货币B_5.01','002894_华夏天利货币A_5.01'],['004973_长城收益宝货币B_5.05','004770_海富通添益货币A_4.99','002884_华润元大现金通货币B_4.99','005151_红土创新优淳货币B_4.90','002895_华夏天利货币B_4.89'],['004770_海富通添益货币A_5.39','004973_长城收益宝货币B_5.13','002884_华润元大现金通货币B_5.03','002895_华夏天利货币B_5.03','004398_融通现金宝货币B_5.01'],['003679_中融现金增利货币C_4.67','003474_南方天天利货币B_4.55','000836_国投瑞银钱多宝货币A_4.52','000837_国投瑞银钱多宝货币I_4.52','003753_工银如意货币B_4.51']];