/**
 * 测试数据
 * @type {arry}
 */
/*2018-02-07 16:07:28*/
//基金或股票信息
var fS_name = "诺安聚鑫宝货币D";
var fS_code = "001867";
var fund_minsg="";
var ishb=true;
/*原费率*/
var fund_sourceRate="0";
/*现费率*/
var fund_Rate="0";
/*最小申购金额*/
var fund_minsg="";
/*收益率*/
/*近一年收益率*/
var syl_1n="3.9152";
/*近6月收益率*/
var syl_6y="1.9652";
/*近三月收益率*/
var syl_3y="0.9859";
/*近一月收益率*/
var syl_1y="0.3315";
/* 基金收益走势图 每万份收益*/
var Data_millionCopiesIncome = [[1443369600000,1.3009],[1443456000000,0.7059],[1443542400000,1.2412],[1443628800000,0.7073],[1443715200000,0.7073],[1443801600000,0.7072],[1443888000000,0.7072],[1443974400000,0.7072],[1444060800000,0.7071],[1444147200000,0.7073],[1444233600000,1.4215],[1444320000000,0.709],[1444406400000,0.7048],[1444492800000,0.7048],[1444579200000,1.5697],[1444665600000,0.9843],[1444752000000,0.9458],[1444838400000,1.2405],[1444924800000,0.6799],[1445011200000,0.6859],[1445097600000,0.6858],[1445184000000,1.3306],[1445270400000,1.1396],[1445356800000,1.1747],[1445443200000,1.1874],[1445529600000,0.6725],[1445616000000,0.6652],[1445702400000,0.6635],[1445788800000,1.4414],[1445875200000,1.0689],[1445961600000,1.1856],[1446048000000,1.1315],[1446134400000,0.6467],[1446220800000,0.6468],[1446307200000,0.6467],[1446393600000,1.1706],[1446480000000,1.0531],[1446566400000,1.3933],[1446652800000,1.2926],[1446739200000,0.8145],[1446825600000,0.6011],[1446912000000,0.6011],[1446998400000,1.0378],[1447084800000,0.8087],[1447171200000,0.5867],[1447257600000,0.7813],[1447344000000,1.305],[1447430400000,0.5724],[1447516800000,0.5724],[1447603200000,1.0921],[1447689600000,0.5627],[1447776000000,0.5557],[1447862400000,1.0218],[1447948800000,0.893],[1448035200000,0.5654],[1448121600000,0.5654],[1448208000000,0.8419],[1448294400000,1.299],[1448380800000,0.92],[1448467200000,0.9137],[1448553600000,0.5736],[1448640000000,0.5724],[1448726400000,0.5724],[1448812800000,0.9448],[1448899200000,0.5881],[1448985600000,1.1432],[1449072000000,0.9925],[1449158400000,1.3279],[1449244800000,0.5942],[1449331200000,0.5925],[1449417600000,2.9338],[1449504000000,0.6428],[1449590400000,0.6508],[1449676800000,0.8476],[1449763200000,0.7158],[1449849600000,0.7141],[1449936000000,0.7157],[1450022400000,1.8154],[1450108800000,1.4654],[1450195200000,1.1831],[1450281600000,0.7401],[1450368000000,0.7454],[1450454400000,0.7442],[1450540800000,0.7452],[1450627200000,1.0529],[1450713600000,0.7631],[1450800000000,0.7605],[1450886400000,0.7653],[1450972800000,1.1176],[1451059200000,0.7771],[1451145600000,0.777],[1451232000000,1.044],[1451318400000,0.8062],[1451404800000,0.8102],[1451491200000,0.8079],[1451577600000,0.8079],[1451664000000,0.8078],[1451750400000,0.8078],[1451836800000,1.3572],[1451923200000,0.8096],[1452009600000,0.8069],[1452096000000,1.0093],[1452182400000,0.8017],[1452268800000,0.8004],[1452355200000,0.8004],[1452441600000,0.8152],[1452528000000,0.7892],[1452614400000,0.7882],[1452700800000,1.2308],[1452787200000,1.1194],[1452873600000,0.7805],[1452960000000,0.7804],[1453046400000,0.7746],[1453132800000,0.7806],[1453219200000,0.7784],[1453305600000,1.2193],[1453392000000,1.1117],[1453478400000,0.7728],[1453564800000,0.7728],[1453651200000,0.8731],[1453737600000,0.7687],[1453824000000,0.9123],[1453910400000,1.0936],[1453996800000,1.1553],[1454083200000,0.7722],[1454169600000,0.7721],[1454256000000,0.7717],[1454342400000,0.9013],[1454428800000,0.7812],[1454515200000,1.105],[1454601600000,0.7706],[1454688000000,0.773],[1454774400000,0.7729],[1454860800000,0.7724],[1454947200000,0.7723],[1455033600000,0.7723],[1455120000000,0.7722],[1455206400000,0.7722],[1455292800000,0.7723],[1455379200000,0.9173],[1455465600000,0.8768],[1455552000000,1.0124],[1455638400000,0.7665],[1455724800000,0.7612],[1455811200000,0.7557],[1455897600000,0.7553],[1455984000000,0.7533],[1456070400000,0.9374],[1456156800000,0.8356],[1456243200000,0.9345],[1456329600000,1.1284],[1456416000000,0.8739],[1456502400000,0.7338],[1456588800000,0.7338],[1456675200000,0.7263],[1456761600000,0.7331],[1456848000000,0.8756],[1456934400000,0.9288],[1457020800000,0.9309],[1457107200000,0.7175],[1457193600000,0.7167],[1457280000000,1.0649],[1457366400000,0.7193],[1457452800000,0.8139],[1457539200000,0.718],[1457625600000,0.8217],[1457712000000,0.7133],[1457798400000,0.713],[1457884800000,1.0885],[1457971200000,0.9672],[1458057600000,0.6995],[1458144000000,0.6975],[1458230400000,1.3429],[1458316800000,0.723],[1458403200000,0.7225],[1458489600000,1.1029],[1458576000000,1.0676],[1458662400000,0.7229],[1458748800000,0.9635],[1458835200000,0.8957],[1458921600000,0.7254],[1459008000000,0.7247],[1459094400000,0.9856],[1459180800000,0.7148],[1459267200000,0.7157],[1459353600000,0.9726],[1459440000000,0.6425],[1459526400000,0.6444],[1459612800000,0.644],[1459699200000,0.644],[1459785600000,0.7665],[1459872000000,0.893],[1459958400000,1.2222],[1460044800000,0.6566],[1460131200000,0.6529],[1460217600000,0.6528],[1460304000000,1.097],[1460390400000,0.657],[1460476800000,0.6594],[1460563200000,0.6594],[1460649600000,0.6596],[1460736000000,0.6586],[1460822400000,0.6585],[1460908800000,0.6577],[1460995200000,0.7124],[1461081600000,0.8298],[1461168000000,0.8807],[1461254400000,0.7238],[1461340800000,0.5689],[1461427200000,0.6495],[1461513600000,0.6474],[1461600000000,0.6541],[1461686400000,0.7464],[1461772800000,0.7603],[1461859200000,0.6548],[1461945600000,0.6575],[1462032000000,0.657],[1462118400000,0.655],[1462204800000,1.1134],[1462291200000,0.6519],[1462377600000,0.6565],[1462464000000,0.6514],[1462550400000,0.6488],[1462636800000,0.6488],[1462723200000,0.8235],[1462809600000,0.7505],[1462896000000,0.8136],[1462982400000,0.7368],[1463068800000,0.9108],[1463155200000,0.6456],[1463241600000,0.6456],[1463328000000,0.6463],[1463414400000,0.8212],[1463500800000,0.6452],[1463587200000,0.6528],[1463673600000,0.6472],[1463760000000,0.6471],[1463846400000,0.6471],[1463932800000,0.8026],[1464019200000,0.6463],[1464105600000,0.6457],[1464192000000,0.6479],[1464278400000,0.729],[1464364800000,0.6463],[1464451200000,0.6439],[1464537600000,0.7217],[1464624000000,0.6469],[1464710400000,0.6811],[1464796800000,0.651],[1464883200000,0.6341],[1464969600000,0.6487],[1465056000000,0.6487],[1465142400000,0.7849],[1465228800000,0.7703],[1465315200000,0.6625],[1465401600000,0.6604],[1465488000000,0.6604],[1465574400000,0.6603],[1465660800000,0.6603],[1465747200000,0.7744],[1465833600000,0.7691],[1465920000000,0.7694],[1466006400000,0.7709],[1466092800000,0.671],[1466179200000,0.6706],[1466265600000,0.6706],[1466352000000,0.6711],[1466438400000,0.6705],[1466524800000,0.6771],[1466611200000,0.6831],[1466697600000,0.6879],[1466784000000,0.6863],[1466870400000,0.6852],[1466956800000,1.0416],[1467043200000,0.6847],[1467129600000,0.6913],[1467216000000,0.6913],[1467302400000,0.6881],[1467388800000,0.6892],[1467475200000,0.6892],[1467561600000,0.6872],[1467648000000,0.6851],[1467734400000,0.6459],[1467820800000,0.6004],[1467907200000,0.6629],[1467993600000,0.5903],[1468080000000,0.5902],[1468166400000,0.7319],[1468252800000,0.5946],[1468339200000,0.5917],[1468425600000,0.6183],[1468512000000,0.7276],[1468598400000,0.5891],[1468684800000,0.587],[1468771200000,0.8915],[1468857600000,0.7904],[1468944000000,0.5878],[1469030400000,0.5892],[1469116800000,0.6936],[1469203200000,0.5874],[1469289600000,0.5911],[1469376000000,0.7711],[1469462400000,0.5978],[1469548800000,0.594],[1469635200000,0.6015],[1469721600000,0.591],[1469808000000,0.5906],[1469894400000,0.5906],[1469980800000,0.5909],[1470067200000,0.5888],[1470153600000,0.5981],[1470240000000,0.733],[1470326400000,0.5924],[1470412800000,0.5932],[1470499200000,0.5932],[1470585600000,0.5829],[1470672000000,0.5948],[1470758400000,0.5828],[1470844800000,0.5844],[1470931200000,0.5863],[1471017600000,0.5861],[1471104000000,0.5852],[1471190400000,0.7312],[1471276800000,0.6435],[1471363200000,0.584],[1471449600000,0.6997],[1471536000000,0.5813],[1471622400000,0.5829],[1471708800000,0.5684],[1471795200000,0.5745],[1471881600000,0.5786],[1471968000000,0.6351],[1472054400000,0.6458],[1472140800000,0.577],[1472227200000,0.5741],[1472313600000,0.5741],[1472400000000,0.8382],[1472486400000,0.5809],[1472572800000,0.5744],[1472659200000,0.6754],[1472745600000,0.5742],[1472832000000,0.5734],[1472918400000,0.5733],[1473004800000,0.5766],[1473091200000,0.5667],[1473177600000,0.5674],[1473264000000,0.648],[1473350400000,0.5681],[1473436800000,0.5661],[1473523200000,0.566],[1473609600000,0.7055],[1473696000000,0.5684],[1473782400000,0.6299],[1473868800000,0.5738],[1473955200000,0.5737],[1474041600000,0.5737],[1474128000000,0.5737],[1474214400000,0.5748],[1474300800000,0.6464],[1474387200000,0.5849],[1474473600000,0.6002],[1474560000000,0.5965],[1474646400000,0.5941],[1474732800000,0.594],[1474819200000,0.5901],[1474905600000,0.5831],[1474992000000,0.5884],[1475078400000,0.5822],[1475164800000,0.5935],[1475251200000,0.587],[1475337600000,0.5869],[1475424000000,0.5869],[1475510400000,0.5868],[1475596800000,0.5868],[1475683200000,0.5867],[1475769600000,0.5853],[1475856000000,0.6554],[1475942400000,0.5864],[1476028800000,0.6416],[1476115200000,0.6401],[1476201600000,0.5985],[1476288000000,0.6853],[1476374400000,0.8336],[1476460800000,0.5937],[1476547200000,0.5936],[1476633600000,0.595],[1476720000000,0.691],[1476806400000,0.591],[1476892800000,0.5875],[1476979200000,0.5848],[1477065600000,0.5839],[1477152000000,0.5833],[1477238400000,0.7101],[1477324800000,0.624],[1477411200000,0.5797],[1477497600000,0.5785],[1477584000000,0.664],[1477670400000,0.5834],[1477756800000,0.5817],[1477843200000,0.8573],[1477929600000,0.5522],[1478016000000,0.6147],[1478102400000,0.5877],[1478188800000,0.5871],[1478275200000,0.585],[1478361600000,0.5824],[1478448000000,0.8837],[1478534400000,0.5824],[1478620800000,0.6494],[1478707200000,0.5862],[1478793600000,0.653],[1478880000000,0.583],[1478966400000,0.583],[1479052800000,0.6476],[1479139200000,0.5835],[1479225600000,0.591],[1479312000000,0.6983],[1479398400000,0.6376],[1479484800000,0.5922],[1479571200000,0.5922],[1479657600000,1.0265],[1479744000000,0.661],[1479830400000,0.5921],[1479916800000,0.5941],[1480003200000,0.6883],[1480089600000,0.6018],[1480176000000,0.6017],[1480262400000,0.6895],[1480348800000,0.8373],[1480435200000,0.6089],[1480521600000,0.6067],[1480608000000,0.7122],[1480694400000,0.6047],[1480780800000,0.6046],[1480867200000,0.7316],[1480953600000,0.6021],[1481040000000,0.6153],[1481126400000,0.6275],[1481212800000,0.4926],[1481299200000,0.6213],[1481385600000,0.6183],[1481472000000,0.67],[1481558400000,0.6507],[1481644800000,0.6814],[1481731200000,0.7112],[1481817600000,0.6413],[1481904000000,0.6874],[1481990400000,0.6873],[1482076800000,0.815],[1482163200000,0.493],[1482249600000,0.613],[1482336000000,0.5626],[1482422400000,0.8989],[1482508800000,0.782],[1482595200000,0.7819],[1482681600000,0.2618],[1482768000000,0.4882],[1482854400000,0.3611],[1482940800000,0.4609],[1483027200000,0.6817],[1483113600000,0.8223],[1483200000000,0.8217],[1483286400000,0.8196],[1483372800000,0.9663],[1483459200000,0.8002],[1483545600000,0.6968],[1483632000000,0.7969],[1483718400000,0.8152],[1483804800000,0.8151],[1483891200000,0.8213],[1483977600000,0.7769],[1484064000000,0.7781],[1484150400000,0.8482],[1484236800000,0.7719],[1484323200000,0.7702],[1484409600000,0.769],[1484496000000,0.8414],[1484582400000,1.0616],[1484668800000,0.845],[1484755200000,0.9762],[1484841600000,0.8914],[1484928000000,0.8929],[1485014400000,1.0128],[1485100800000,0.9013],[1485187200000,0.8942],[1485273600000,0.9047],[1485360000000,1.0039],[1485446400000,0.9033],[1485532800000,0.9018],[1485619200000,0.8992],[1485705600000,0.8991],[1485792000000,0.897],[1485878400000,0.8969],[1485964800000,0.8968],[1486051200000,1.3678],[1486137600000,0.9033],[1486224000000,0.8999],[1486310400000,1.1299],[1486396800000,0.8533],[1486483200000,0.8878],[1486569600000,0.8787],[1486656000000,0.8674],[1486742400000,0.8668],[1486828800000,0.8651],[1486915200000,0.9667],[1487001600000,1.0452],[1487088000000,0.8207],[1487174400000,0.9043],[1487260800000,1.02],[1487347200000,0.9258],[1487433600000,0.9227],[1487520000000,1.1779],[1487606400000,1.1664],[1487692800000,0.9556],[1487779200000,0.9556],[1487865600000,1.2634],[1487952000000,0.9723],[1488038400000,0.9722],[1488124800000,1.2126],[1488211200000,1.2233],[1488297600000,0.9327],[1488384000000,0.9424],[1488470400000,0.9357],[1488556800000,0.9282],[1488643200000,0.9265],[1488729600000,1.0315],[1488816000000,1.0577],[1488902400000,1.009],[1488988800000,1.0704],[1489075200000,1.0073],[1489161600000,0.9264],[1489248000000,0.9232],[1489334400000,1.2045],[1489420800000,1.0463],[1489507200000,1.0317],[1489593600000,0.9923],[1489680000000,1.0211],[1489766400000,0.9079],[1489852800000,0.9062],[1489939200000,0.9472],[1490025600000,0.9689],[1490112000000,0.9632],[1490198400000,0.9675],[1490284800000,1.1092],[1490371200000,0.9846],[1490457600000,0.9826],[1490544000000,1.0943],[1490630400000,1.0085],[1490716800000,1.2664],[1490803200000,1.2184],[1490889600000,1.1702],[1491235200000,3.9114],[1491321600000,1.3583],[1491408000000,1.1222],[1491494400000,1.0591],[1491580800000,0.9597],[1491667200000,0.9596],[1491753600000,1.4031],[1491840000000,0.9533],[1491926400000,1.0132],[1492012800000,0.9206],[1492099200000,0.9023],[1492185600000,0.9021],[1492272000000,0.902],[1492358400000,0.902],[1492444800000,0.8978],[1492531200000,1.0091],[1492617600000,0.9254],[1492704000000,1.0081],[1492790400000,0.9227],[1492876800000,0.9123],[1492963200000,1.1329],[1493049600000,0.9398],[1493136000000,1.0237],[1493222400000,0.9463],[1493308800000,1.2456],[1493395200000,0.9448],[1493481600000,0.9434],[1493568000000,0.9418],[1493654400000,1.1324],[1493740800000,0.9463],[1493827200000,0.9534],[1493913600000,1.2856],[1494000000000,0.9474],[1494086400000,0.9451],[1494172800000,1.0948],[1494259200000,0.9573],[1494345600000,0.9622],[1494432000000,1.0517],[1494518400000,1.1757],[1494604800000,0.9689],[1494691200000,0.9673],[1494777600000,0.9801],[1494864000000,0.799],[1494950400000,0.8863],[1495036800000,1.0168],[1495123200000,1.2203],[1495209600000,1.007],[1495296000000,1.0052],[1495382400000,1.1038],[1495468800000,1.0891],[1495555200000,1.1168],[1495641600000,1.0824],[1495728000000,1.2473],[1495814400000,1.0996],[1495900800000,1.0167],[1495987200000,1.0166],[1496073600000,1.0165],[1496160000000,1.1274],[1496246400000,1.1665],[1496332800000,1.0243],[1496419200000,1.0204],[1496505600000,1.0202],[1496592000000,1.1377],[1496678400000,1.2725],[1496764800000,1.1831],[1496851200000,1.0447],[1496937600000,1.2622],[1497024000000,1.0641],[1497110400000,1.064],[1497196800000,1.163],[1497283200000,1.0817],[1497369600000,1.0939],[1497456000000,1.0915],[1497542400000,1.0693],[1497628800000,1.0662],[1497715200000,1.0631],[1497801600000,1.3782],[1497888000000,1.0854],[1497974400000,1.2043],[1498060800000,1.0458],[1498147200000,1.1075],[1498233600000,1.1062],[1498320000000,1.1061],[1498406400000,1.1904],[1498492800000,1.1536],[1498579200000,1.1509],[1498665600000,1.165],[1498752000000,1.1324],[1498838400000,1.1304],[1498924800000,1.1303],[1499011200000,1.1329],[1499097600000,1.1162],[1499184000000,1.0669],[1499270400000,1.0919],[1499356800000,1.0891],[1499443200000,1.0795],[1499529600000,1.0794],[1499616000000,1.0748],[1499702400000,1.1382],[1499788800000,1.0465],[1499875200000,1.1869],[1499961600000,1.0605],[1500048000000,1.0587],[1500134400000,1.0586],[1500220800000,1.2099],[1500307200000,1.086],[1500393600000,1.0441],[1500480000000,1.0424],[1500566400000,1.1188],[1500652800000,1.0456],[1500739200000,1.0455],[1500825600000,1.1383],[1500912000000,1.0408],[1500998400000,1.0816],[1501084800000,1.0473],[1501171200000,1.0799],[1501257600000,1.0461],[1501344000000,1.0461],[1501430400000,1.045],[1501516800000,1.0543],[1501603200000,1.0121],[1501689600000,1.6282],[1501776000000,0.9618],[1501862400000,0.9598],[1501948800000,0.9598],[1502035200000,1.0829],[1502121600000,0.9865],[1502208000000,0.9727],[1502294400000,0.9695],[1502380800000,1.0825],[1502467200000,0.9985],[1502553600000,0.9985],[1502640000000,0.9987],[1502726400000,0.9918],[1502812800000,1.0082],[1502899200000,1.005],[1502985600000,1.1027],[1503072000000,1.0174],[1503158400000,1.0173],[1503244800000,1.0501],[1503331200000,1.0701],[1503417600000,1.1026],[1503504000000,1.0169],[1503590400000,1.1722],[1503676800000,1.0138],[1503763200000,1.0137],[1503849600000,1.015],[1503936000000,1.1162],[1504022400000,1.0114],[1504108800000,1.0175],[1504195200000,0.9134],[1504281600000,1.0113],[1504368000000,1.0112],[1504454400000,1.0169],[1504540800000,1.0668],[1504627200000,0.8537],[1504713600000,1.0916],[1504800000000,1.0189],[1504886400000,1.0187],[1504972800000,1.017],[1505059200000,1.0937],[1505145600000,0.9966],[1505232000000,1.0221],[1505318400000,1.019],[1505404800000,1.0279],[1505491200000,1.027],[1505577600000,1.0269],[1505664000000,1.0306],[1505750400000,1.0312],[1505836800000,1.0414],[1505923200000,1.0324],[1506009600000,1.032],[1506096000000,1.0323],[1506182400000,1.0221],[1506268800000,1.016],[1506355200000,0.9978],[1506441600000,1.0183],[1506528000000,1.0406],[1506614400000,1.0537],[1506700800000,1.0582],[1506787200000,1.0584],[1506873600000,1.0583],[1506960000000,1.0582],[1507046400000,1.0581],[1507132800000,1.058],[1507219200000,1.0579],[1507305600000,1.0578],[1507392000000,1.0577],[1507478400000,1.0839],[1507564800000,1.5138],[1507651200000,1.2202],[1507737600000,1.0586],[1507824000000,1.1002],[1507910400000,1.0505],[1507996800000,1.0504],[1508083200000,1.0554],[1508169600000,1.0456],[1508256000000,1.0439],[1508342400000,1.0436],[1508428800000,1.0303],[1508515200000,1.0289],[1508601600000,1.0288],[1508688000000,1.1835],[1508774400000,1.7031],[1508860800000,1.0131],[1508947200000,1.0179],[1509033600000,1.0247],[1509120000000,1.0237],[1509206400000,1.0236],[1509292800000,1.0286],[1509379200000,1.0246],[1509465600000,1.0262],[1509552000000,1.0324],[1509638400000,1.0271],[1509724800000,1.0255],[1509811200000,1.0254],[1509897600000,1.0441],[1509984000000,1.0352],[1510070400000,1.028],[1510156800000,1.0246],[1510243200000,1.0373],[1510329600000,1.0371],[1510416000000,1.0371],[1510502400000,1.0291],[1510588800000,1.0219],[1510675200000,0.9357],[1510761600000,1.0299],[1510848000000,1.0279],[1510934400000,1.0267],[1511020800000,1.0266],[1511107200000,1.0285],[1511193600000,1.0224],[1511280000000,1.1339],[1511366400000,0.9597],[1511452800000,1.0428],[1511539200000,1.0421],[1511625600000,1.042],[1511712000000,1.052],[1511798400000,1.0663],[1511884800000,1.0864],[1511971200000,1.0641],[1512057600000,1.0834],[1512144000000,1.0982],[1512230400000,1.0981],[1512316800000,1.0912],[1512403200000,0.9883],[1512489600000,1.0106],[1512576000000,0.9896],[1512662400000,1.0492],[1512748800000,1.0486],[1512835200000,1.0485],[1512921600000,1.0425],[1513008000000,1.0607],[1513094400000,1.0446],[1513180800000,1.0633],[1513267200000,1.0661],[1513353600000,1.0651],[1513440000000,1.065],[1513526400000,1.0172],[1513612800000,1.0547],[1513699200000,0.9794],[1513785600000,0.998],[1513872000000,1.0085],[1513958400000,1.0068],[1514044800000,1.0067],[1514131200000,0.9976],[1514217600000,1.0847],[1514304000000,1.1522],[1514390400000,1.2072],[1514476800000,1.2137],[1514563200000,1.2152],[1514649600000,1.215],[1514736000000,1.2122],[1514822400000,1.2114],[1514908800000,1.1709],[1514995200000,1.1427],[1515081600000,1.2413],[1515168000000,1.1308],[1515254400000,1.1307],[1515340800000,1.1204],[1515427200000,1.1667],[1515513600000,1.0604],[1515600000000,1.0059],[1515686400000,0.9935],[1515772800000,0.9914],[1515859200000,0.9913],[1515945600000,1.5193],[1516032000000,0.9431],[1516118400000,0.963],[1516204800000,0.9871],[1516291200000,1.1233],[1516377600000,1.0377],[1516464000000,1.058],[1516550400000,1.2423],[1516636800000,1.0468],[1516723200000,1.0153],[1516809600000,1.0273],[1516896000000,1.0223],[1516982400000,1.0322],[1517068800000,1.0396],[1517155200000,1.28],[1517241600000,1.0486],[1517328000000,1.0583],[1517414400000,1.0473],[1517500800000,1.1103],[1517587200000,1.0175],[1517673600000,1.0174],[1517760000000,1.0105],[1517846400000,0.9913]];
/*基金收益走势图   7日年化收益率*/
var Data_sevenDaysYearIncome = [[1443369600000,4.862],[1443456000000,3.73],[1443542400000,4.031],[1443628800000,3.675],[1443715200000,3.462],[1443801600000,3.32],[1443888000000,3.219],[1443974400000,2.9],[1444060800000,2.901],[1444147200000,2.615],[1444233600000,2.998],[1444320000000,2.999],[1444406400000,2.997],[1444492800000,2.996],[1444579200000,3.46],[1444665600000,3.61],[1444752000000,3.739],[1444838400000,3.641],[1444924800000,3.625],[1445011200000,3.615],[1445097600000,3.605],[1445184000000,3.476],[1445270400000,3.56],[1445356800000,3.683],[1445443200000,3.654],[1445529600000,3.65],[1445616000000,3.639],[1445702400000,3.627],[1445788800000,3.687],[1445875200000,3.649],[1445961600000,3.655],[1446048000000,3.625],[1446134400000,3.611],[1446220800000,3.601],[1446307200000,3.592],[1446393600000,3.445],[1446480000000,3.437],[1446566400000,3.549],[1446652800000,3.636],[1446739200000,3.727],[1446825600000,3.702],[1446912000000,3.677],[1446998400000,3.606],[1447084800000,3.474],[1447171200000,3.039],[1447257600000,2.765],[1447344000000,3.028],[1447430400000,3.013],[1447516800000,2.997],[1447603200000,3.027],[1447689600000,2.895],[1447776000000,2.878],[1447862400000,3.007],[1447948800000,2.786],[1448035200000,2.782],[1448121600000,2.778],[1448208000000,2.644],[1448294400000,3.039],[1448380800000,3.235],[1448467200000,3.177],[1448553600000,3.005],[1448640000000,3.009],[1448726400000,3.013],[1448812800000,3.068],[1448899200000,2.687],[1448985600000,2.806],[1449072000000,2.849],[1449158400000,3.254],[1449244800000,3.266],[1449331200000,3.276],[1449417600000,4.353],[1449504000000,4.383],[1449590400000,4.115],[1449676800000,4.036],[1449763200000,3.705],[1449849600000,3.77],[1449936000000,3.836],[1450022400000,3.233],[1450108800000,3.677],[1450195200000,3.965],[1450281600000,3.906],[1450368000000,3.922],[1450454400000,3.939],[1450540800000,3.955],[1450627200000,3.542],[1450713600000,3.164],[1450800000000,2.937],[1450886400000,2.95],[1450972800000,3.15],[1451059200000,3.168],[1451145600000,3.185],[1451232000000,3.18],[1451318400000,3.204],[1451404800000,3.23],[1451491200000,3.253],[1451577600000,3.087],[1451664000000,3.103],[1451750400000,3.12],[1451836800000,3.288],[1451923200000,3.29],[1452009600000,3.288],[1452096000000,3.397],[1452182400000,3.393],[1452268800000,3.389],[1452355200000,3.385],[1452441600000,3.094],[1452528000000,3.083],[1452614400000,3.073],[1452700800000,3.192],[1452787200000,3.363],[1452873600000,3.352],[1452960000000,3.341],[1453046400000,3.32],[1453132800000,3.315],[1453219200000,3.31],[1453305600000,3.303],[1453392000000,3.299],[1453478400000,3.295],[1453564800000,3.291],[1453651200000,3.344],[1453737600000,3.338],[1453824000000,3.41],[1453910400000,3.342],[1453996800000,3.366],[1454083200000,3.365],[1454169600000,3.365],[1454256000000,3.31],[1454342400000,3.382],[1454428800000,3.311],[1454515200000,3.317],[1454601600000,3.11],[1454688000000,3.111],[1454774400000,3.111],[1454860800000,3.111],[1454947200000,3.042],[1455033600000,3.037],[1455120000000,2.859],[1455206400000,2.86],[1455292800000,2.859],[1455379200000,2.937],[1455465600000,2.993],[1455552000000,3.122],[1455638400000,3.119],[1455724800000,3.113],[1455811200000,3.104],[1455897600000,3.095],[1455984000000,3.007],[1456070400000,3.039],[1456156800000,2.944],[1456243200000,3.034],[1456329600000,3.232],[1456416000000,3.295],[1456502400000,3.284],[1456588800000,3.273],[1456675200000,3.16],[1456761600000,3.105],[1456848000000,3.073],[1456934400000,2.966],[1457020800000,2.996],[1457107200000,2.988],[1457193600000,2.978],[1457280000000,3.16],[1457366400000,3.153],[1457452800000,3.12],[1457539200000,3.007],[1457625600000,2.948],[1457712000000,2.946],[1457798400000,2.944],[1457884800000,2.956],[1457971200000,3.089],[1458057600000,3.028],[1458144000000,3.017],[1458230400000,3.297],[1458316800000,3.303],[1458403200000,3.308],[1458489600000,3.315],[1458576000000,3.37],[1458662400000,3.382],[1458748800000,3.526],[1458835200000,3.285],[1458921600000,3.286],[1459008000000,3.287],[1459094400000,3.224],[1459180800000,3.034],[1459267200000,3.03],[1459353600000,3.035],[1459440000000,2.899],[1459526400000,2.856],[1459612800000,2.813],[1459699200000,2.63],[1459785600000,2.657],[1459872000000,2.752],[1459958400000,2.886],[1460044800000,2.894],[1460131200000,2.898],[1460217600000,2.903],[1460304000000,3.146],[1460390400000,3.087],[1460476800000,2.962],[1460563200000,2.66],[1460649600000,2.662],[1460736000000,2.665],[1460822400000,2.668],[1460908800000,2.433],[1460995200000,2.463],[1461081600000,2.554],[1461168000000,2.672],[1461254400000,2.706],[1461340800000,2.385],[1461427200000,2.697],[1461513600000,2.691],[1461600000000,2.66],[1461686400000,2.615],[1461772800000,2.551],[1461859200000,2.514],[1461945600000,2.518],[1462032000000,2.522],[1462118400000,2.526],[1462204800000,2.772],[1462291200000,2.722],[1462377600000,2.666],[1462464000000,2.664],[1462550400000,2.66],[1462636800000,2.655],[1462723200000,2.745],[1462809600000,2.551],[1462896000000,2.638],[1462982400000,2.681],[1463068800000,2.82],[1463155200000,2.818],[1463241600000,2.816],[1463328000000,2.721],[1463414400000,2.759],[1463500800000,2.669],[1463587200000,2.624],[1463673600000,2.483],[1463760000000,2.484],[1463846400000,2.485],[1463932800000,2.568],[1464019200000,2.475],[1464105600000,2.475],[1464192000000,2.472],[1464278400000,2.516],[1464364800000,2.516],[1464451200000,2.514],[1464537600000,2.471],[1464624000000,2.471],[1464710400000,2.49],[1464796800000,2.492],[1464883200000,2.441],[1464969600000,2.442],[1465056000000,2.445],[1465142400000,2.478],[1465228800000,2.544],[1465315200000,2.534],[1465401600000,2.539],[1465488000000,2.554],[1465574400000,2.56],[1465660800000,2.566],[1465747200000,2.56],[1465833600000,2.56],[1465920000000,2.617],[1466006400000,2.676],[1466092800000,2.682],[1466179200000,2.687],[1466265600000,2.693],[1466352000000,2.637],[1466438400000,2.585],[1466524800000,2.535],[1466611200000,2.488],[1466697600000,2.497],[1466784000000,2.506],[1466870400000,2.514],[1466956800000,2.712],[1467043200000,2.719],[1467129600000,2.727],[1467216000000,2.731],[1467302400000,2.732],[1467388800000,2.733],[1467475200000,2.735],[1467561600000,2.546],[1467648000000,2.546],[1467734400000,2.522],[1467820800000,2.473],[1467907200000,2.459],[1467993600000,2.407],[1468080000000,2.354],[1468166400000,2.378],[1468252800000,2.329],[1468339200000,2.3],[1468425600000,2.31],[1468512000000,2.345],[1468598400000,2.344],[1468684800000,2.342],[1468771200000,2.427],[1468857600000,2.532],[1468944000000,2.53],[1469030400000,2.514],[1469116800000,2.496],[1469203200000,2.495],[1469289600000,2.497],[1469376000000,2.433],[1469462400000,2.33],[1469548800000,2.334],[1469635200000,2.34],[1469721600000,2.285],[1469808000000,2.287],[1469894400000,2.287],[1469980800000,2.191],[1470067200000,2.186],[1470153600000,2.188],[1470240000000,2.258],[1470326400000,2.259],[1470412800000,2.26],[1470499200000,2.262],[1470585600000,2.258],[1470672000000,2.261],[1470758400000,2.253],[1470844800000,2.173],[1470931200000,2.17],[1471017600000,2.166],[1471104000000,2.162],[1471190400000,2.241],[1471276800000,2.267],[1471363200000,2.268],[1471449600000,2.329],[1471536000000,2.327],[1471622400000,2.325],[1471708800000,2.316],[1471795200000,2.232],[1471881600000,2.198],[1471968000000,2.225],[1472054400000,2.196],[1472140800000,2.194],[1472227200000,2.189],[1472313600000,2.192],[1472400000000,2.333],[1472486400000,2.334],[1472572800000,2.302],[1472659200000,2.318],[1472745600000,2.316],[1472832000000,2.316],[1472918400000,2.315],[1473004800000,2.176],[1473091200000,2.168],[1473177600000,2.165],[1473264000000,2.15],[1473350400000,2.147],[1473436800000,2.143],[1473523200000,2.139],[1473609600000,2.208],[1473696000000,2.208],[1473782400000,2.242],[1473868800000,2.202],[1473955200000,2.205],[1474041600000,2.209],[1474128000000,2.213],[1474214400000,2.144],[1474300800000,2.185],[1474387200000,2.161],[1474473600000,2.175],[1474560000000,2.188],[1474646400000,2.198],[1474732800000,2.209],[1474819200000,2.217],[1474905600000,2.184],[1474992000000,2.186],[1475078400000,2.176],[1475164800000,2.174],[1475251200000,2.171],[1475337600000,2.167],[1475424000000,2.165],[1475510400000,2.167],[1475596800000,2.166],[1475683200000,2.169],[1475769600000,2.164],[1475856000000,2.201],[1475942400000,2.2],[1476028800000,2.23],[1476115200000,2.258],[1476201600000,2.264],[1476288000000,2.317],[1476374400000,2.449],[1476460800000,2.416],[1476547200000,2.42],[1476633600000,2.395],[1476720000000,2.423],[1476806400000,2.419],[1476892800000,2.366],[1476979200000,2.234],[1477065600000,2.228],[1477152000000,2.223],[1477238400000,2.284],[1477324800000,2.249],[1477411200000,2.242],[1477497600000,2.238],[1477584000000,2.28],[1477670400000,2.28],[1477756800000,2.279],[1477843200000,2.357],[1477929600000,2.319],[1478016000000,2.338],[1478102400000,2.343],[1478188800000,2.302],[1478275200000,2.302],[1478361600000,2.303],[1478448000000,2.317],[1478534400000,2.333],[1478620800000,2.352],[1478707200000,2.351],[1478793600000,2.386],[1478880000000,2.385],[1478966400000,2.385],[1479052800000,2.259],[1479139200000,2.26],[1479225600000,2.229],[1479312000000,2.288],[1479398400000,2.28],[1479484800000,2.285],[1479571200000,2.29],[1479657600000,2.492],[1479744000000,2.534],[1479830400000,2.534],[1479916800000,2.479],[1480003200000,2.506],[1480089600000,2.511],[1480176000000,2.516],[1480262400000,2.336],[1480348800000,2.43],[1480435200000,2.439],[1480521600000,2.446],[1480608000000,2.459],[1480694400000,2.46],[1480780800000,2.462],[1480867200000,2.484],[1480953600000,2.359],[1481040000000,2.362],[1481126400000,2.373],[1481212800000,2.256],[1481299200000,2.265],[1481385600000,2.272],[1481472000000,2.239],[1481558400000,2.265],[1481644800000,2.3],[1481731200000,2.345],[1481817600000,2.424],[1481904000000,2.46],[1481990400000,2.497],[1482076800000,2.574],[1482163200000,2.49],[1482249600000,2.453],[1482336000000,2.374],[1482422400000,2.511],[1482508800000,2.562],[1482595200000,2.613],[1482681600000,2.317],[1482768000000,2.315],[1482854400000,2.18],[1482940800000,2.126],[1483027200000,2.01],[1483113600000,2.032],[1483200000000,2.053],[1483286400000,2.35],[1483372800000,2.606],[1483459200000,2.841],[1483545600000,2.968],[1483632000000,3.029],[1483718400000,3.026],[1483804800000,3.022],[1483891200000,3.023],[1483977600000,2.921],[1484064000000,2.909],[1484150400000,2.991],[1484236800000,2.977],[1484323200000,2.953],[1484409600000,2.928],[1484496000000,2.939],[1484582400000,3.092],[1484668800000,3.128],[1484755200000,3.197],[1484841600000,3.261],[1484928000000,3.327],[1485014400000,3.459],[1485100800000,3.491],[1485187200000,3.401],[1485273600000,3.433],[1485360000000,3.448],[1485446400000,3.45],[1485532800000,3.459],[1485619200000,3.398],[1485705600000,3.397],[1485792000000,3.398],[1485878400000,3.394],[1485964800000,3.336],[1486051200000,3.587],[1486137600000,3.588],[1486224000000,3.588],[1486310400000,3.713],[1486396800000,3.689],[1486483200000,3.684],[1486569600000,3.674],[1486656000000,3.404],[1486742400000,3.385],[1486828800000,3.366],[1486915200000,3.278],[1487001600000,3.381],[1487088000000,3.345],[1487174400000,3.359],[1487260800000,3.441],[1487347200000,3.473],[1487433600000,3.504],[1487520000000,3.618],[1487606400000,3.684],[1487692800000,3.757],[1487779200000,3.784],[1487865600000,3.916],[1487952000000,3.941],[1488038400000,3.968],[1488124800000,3.987],[1488211200000,4.018],[1488297600000,4.005],[1488384000000,3.998],[1488470400000,3.821],[1488556800000,3.797],[1488643200000,3.772],[1488729600000,3.674],[1488816000000,3.585],[1488902400000,3.626],[1488988800000,3.695],[1489075200000,3.734],[1489161600000,3.733],[1489248000000,3.731],[1489334400000,3.825],[1489420800000,3.818],[1489507200000,3.831],[1489593600000,3.788],[1489680000000,3.796],[1489766400000,3.786],[1489852800000,3.777],[1489939200000,3.638],[1490025600000,3.596],[1490112000000,3.559],[1490198400000,3.545],[1490284800000,3.593],[1490371200000,3.634],[1490457600000,3.676],[1490544000000,3.755],[1490630400000,3.777],[1490716800000,3.941],[1490803200000,4.077],[1490889600000,4.11],[1491235200000,4.024],[1491321600000,4.074],[1491408000000,4.022],[1491494400000,3.961],[1491580800000,3.901],[1491667200000,3.908],[1491753600000,4.155],[1491840000000,4.159],[1491926400000,3.972],[1492012800000,3.863],[1492099200000,3.778],[1492185600000,3.747],[1492272000000,3.715],[1492358400000,3.445],[1492444800000,3.415],[1492531200000,3.413],[1492617600000,3.415],[1492704000000,3.472],[1492790400000,3.483],[1492876800000,3.489],[1492963200000,3.614],[1493049600000,3.636],[1493136000000,3.644],[1493222400000,3.656],[1493308800000,3.784],[1493395200000,3.796],[1493481600000,3.813],[1493568000000,3.709],[1493654400000,3.814],[1493740800000,3.772],[1493827200000,3.775],[1493913600000,3.797],[1494000000000,3.799],[1494086400000,3.799],[1494172800000,3.882],[1494259200000,3.788],[1494345600000,3.796],[1494432000000,3.849],[1494518400000,3.79],[1494604800000,3.801],[1494691200000,3.813],[1494777600000,3.751],[1494864000000,3.666],[1494950400000,3.625],[1495036800000,3.606],[1495123200000,3.63],[1495209600000,3.651],[1495296000000,3.671],[1495382400000,3.738],[1495468800000,3.895],[1495555200000,4.02],[1495641600000,4.056],[1495728000000,4.07],[1495814400000,4.12],[1495900800000,4.127],[1495987200000,4.079],[1496073600000,4.04],[1496160000000,4.046],[1496246400000,4.091],[1496332800000,3.97],[1496419200000,3.927],[1496505600000,3.929],[1496592000000,3.995],[1496678400000,4.134],[1496764800000,4.164],[1496851200000,4.098],[1496937600000,4.227],[1497024000000,4.251],[1497110400000,4.275],[1497196800000,4.289],[1497283200000,4.185],[1497369600000,4.136],[1497456000000,4.162],[1497542400000,4.057],[1497628800000,4.058],[1497715200000,4.058],[1497801600000,4.175],[1497888000000,4.177],[1497974400000,4.237],[1498060800000,4.212],[1498147200000,4.233],[1498233600000,4.254],[1498320000000,4.278],[1498406400000,4.176],[1498492800000,4.213],[1498579200000,4.184],[1498665600000,4.248],[1498752000000,4.262],[1498838400000,4.275],[1498924800000,4.288],[1499011200000,4.257],[1499097600000,4.237],[1499184000000,4.191],[1499270400000,4.151],[1499356800000,4.128],[1499443200000,4.1],[1499529600000,4.073],[1499616000000,4.041],[1499702400000,4.053],[1499788800000,4.042],[1499875200000,4.093],[1499961600000,4.078],[1500048000000,4.067],[1500134400000,4.055],[1500220800000,4.129],[1500307200000,4.1],[1500393600000,4.099],[1500480000000,4.021],[1500566400000,4.052],[1500652800000,4.045],[1500739200000,4.038],[1500825600000,3.999],[1500912000000,3.975],[1500998400000,3.995],[1501084800000,3.998],[1501171200000,3.977],[1501257600000,3.977],[1501344000000,3.977],[1501430400000,3.927],[1501516800000,3.934],[1501603200000,3.896],[1501689600000,4.211],[1501776000000,4.147],[1501862400000,4.1],[1501948800000,4.054],[1502035200000,4.074],[1502121600000,4.037],[1502208000000,4.016],[1502294400000,3.659],[1502380800000,3.725],[1502467200000,3.746],[1502553600000,3.767],[1502640000000,3.721],[1502726400000,3.724],[1502812800000,3.743],[1502899200000,3.762],[1502985600000,3.773],[1503072000000,3.783],[1503158400000,3.794],[1503244800000,3.821],[1503331200000,3.864],[1503417600000,3.915],[1503504000000,3.921],[1503590400000,3.959],[1503676800000,3.957],[1503763200000,3.955],[1503849600000,3.936],[1503936000000,3.961],[1504022400000,3.912],[1504108800000,3.912],[1504195200000,3.772],[1504281600000,3.771],[1504368000000,3.769],[1504454400000,3.77],[1504540800000,3.743],[1504627200000,3.658],[1504713600000,3.698],[1504800000000,3.755],[1504886400000,3.759],[1504972800000,3.762],[1505059200000,3.804],[1505145600000,3.766],[1505232000000,3.857],[1505318400000,3.818],[1505404800000,3.823],[1505491200000,3.827],[1505577600000,3.833],[1505664000000,3.798],[1505750400000,3.817],[1505836800000,3.828],[1505923200000,3.835],[1506009600000,3.837],[1506096000000,3.84],[1506182400000,3.837],[1506268800000,3.829],[1506355200000,3.811],[1506441600000,3.799],[1506528000000,3.803],[1506614400000,3.815],[1506700800000,3.829],[1506787200000,3.849],[1506873600000,3.872],[1506960000000,3.904],[1507046400000,3.926],[1507132800000,3.935],[1507219200000,3.938],[1507305600000,3.937],[1507392000000,3.937],[1507478400000,3.951],[1507564800000,4.198],[1507651200000,4.286],[1507737600000,4.287],[1507824000000,4.31],[1507910400000,4.306],[1507996800000,4.302],[1508083200000,4.286],[1508169600000,4.032],[1508256000000,3.936],[1508342400000,3.928],[1508428800000,3.89],[1508515200000,3.879],[1508601600000,3.867],[1508688000000,3.936],[1508774400000,4.293],[1508860800000,4.276],[1508947200000,4.262],[1509033600000,4.259],[1509120000000,4.257],[1509206400000,4.254],[1509292800000,4.17],[1509379200000,3.802],[1509465600000,3.809],[1509552000000,3.817],[1509638400000,3.818],[1509724800000,3.819],[1509811200000,3.82],[1509897600000,3.828],[1509984000000,3.834],[1510070400000,3.835],[1510156800000,3.831],[1510243200000,3.836],[1510329600000,3.843],[1510416000000,3.849],[1510502400000,3.841],[1510588800000,3.834],[1510675200000,3.784],[1510761600000,3.787],[1510848000000,3.781],[1510934400000,3.776],[1511020800000,3.77],[1511107200000,3.77],[1511193600000,3.77],[1511280000000,3.877],[1511366400000,3.839],[1511452800000,3.847],[1511539200000,3.856],[1511625600000,3.864],[1511712000000,3.877],[1511798400000,3.901],[1511884800000,3.875],[1511971200000,3.931],[1512057600000,3.953],[1512144000000,3.984],[1512230400000,4.014],[1512316800000,4.036],[1512403200000,3.993],[1512489600000,3.952],[1512576000000,3.912],[1512662400000,3.893],[1512748800000,3.866],[1512835200000,3.84],[1512921600000,3.813],[1513008000000,3.852],[1513094400000,3.871],[1513180800000,3.911],[1513267200000,3.92],[1513353600000,3.929],[1513440000000,3.938],[1513526400000,3.924],[1513612800000,3.921],[1513699200000,3.885],[1513785600000,3.85],[1513872000000,3.819],[1513958400000,3.787],[1514044800000,3.756],[1514131200000,3.745],[1514217600000,3.761],[1514304000000,3.855],[1514390400000,3.968],[1514476800000,4.08],[1514563200000,4.193],[1514649600000,4.306],[1514736000000,4.423],[1514822400000,4.492],[1514908800000,4.502],[1514995200000,4.467],[1515081600000,4.482],[1515168000000,4.436],[1515254400000,4.39],[1515340800000,4.34],[1515427200000,4.316],[1515513600000,4.256],[1515600000000,4.181],[1515686400000,4.047],[1515772800000,3.971],[1515859200000,3.896],[1515945600000,4.112],[1516032000000,3.991],[1516118400000,3.938],[1516204800000,3.928],[1516291200000,3.998],[1516377600000,4.023],[1516464000000,4.059],[1516550400000,3.909],[1516636800000,3.965],[1516723200000,3.994],[1516809600000,4.015],[1516896000000,3.961],[1516982400000,3.958],[1517068800000,3.948],[1517155200000,3.968],[1517241600000,3.969],[1517328000000,3.992],[1517414400000,4.003],[1517500800000,4.051],[1517587200000,4.043],[1517673600000,4.031],[1517760000000,3.885],[1517846400000,3.854]];
/*资产配置*/
var Data_assetAllocationCurrency ={"categories":["12-31","09-30","06-30","03-31"],"series":[{"name":"股票","data":[null,null,null,null]},{"name":"债券","data":[29.53,40.14,32.44,30.45]},{"name":"现金","data":[53.65,58.94,61.71,58.29]}]};
/*累计收益率走势*/
var Data_grandTotal = [{"name":"诺安聚鑫宝货币D","data":[[1501948800000,0],[1502035200000,0.01],[1502121600000,0.02],[1502208000000,0.03],[1502294400000,0.04],[1502380800000,0.05],[1502467200000,0.06],[1502553600000,0.07],[1502640000000,0.08],[1502726400000,0.09],[1502812800000,0.10],[1502899200000,0.11],[1502985600000,0.12],[1503072000000,0.13],[1503158400000,0.14],[1503244800000,0.15],[1503331200000,0.16],[1503417600000,0.17],[1503504000000,0.18],[1503590400000,0.20],[1503676800000,0.21],[1503763200000,0.22],[1503849600000,0.23],[1503936000000,0.24],[1504022400000,0.25],[1504108800000,0.26],[1504195200000,0.27],[1504281600000,0.28],[1504368000000,0.29],[1504454400000,0.30],[1504540800000,0.31],[1504627200000,0.32],[1504713600000,0.33],[1504800000000,0.34],[1504886400000,0.35],[1504972800000,0.36],[1505059200000,0.37],[1505145600000,0.38],[1505232000000,0.39],[1505318400000,0.40],[1505404800000,0.41],[1505491200000,0.42],[1505577600000,0.43],[1505664000000,0.44],[1505750400000,0.45],[1505836800000,0.46],[1505923200000,0.47],[1506009600000,0.48],[1506096000000,0.49],[1506182400000,0.50],[1506268800000,0.51],[1506355200000,0.52],[1506441600000,0.53],[1506528000000,0.54],[1506614400000,0.56],[1506700800000,0.57],[1506787200000,0.58],[1506873600000,0.59],[1506960000000,0.60],[1507046400000,0.61],[1507132800000,0.62],[1507219200000,0.63],[1507305600000,0.64],[1507392000000,0.65],[1507478400000,0.66],[1507564800000,0.68],[1507651200000,0.69],[1507737600000,0.70],[1507824000000,0.71],[1507910400000,0.72],[1507996800000,0.73],[1508083200000,0.74],[1508169600000,0.75],[1508256000000,0.76],[1508342400000,0.77],[1508428800000,0.79],[1508515200000,0.80],[1508601600000,0.81],[1508688000000,0.82],[1508774400000,0.84],[1508860800000,0.85],[1508947200000,0.86],[1509033600000,0.87],[1509120000000,0.88],[1509206400000,0.89],[1509292800000,0.90],[1509379200000,0.91],[1509465600000,0.92],[1509552000000,0.93],[1509638400000,0.94],[1509724800000,0.95],[1509811200000,0.96],[1509897600000,0.97],[1509984000000,0.98],[1510070400000,0.99],[1510156800000,1.00],[1510243200000,1.01],[1510329600000,1.02],[1510416000000,1.03],[1510502400000,1.04],[1510588800000,1.05],[1510675200000,1.06],[1510761600000,1.07],[1510848000000,1.08],[1510934400000,1.09],[1511020800000,1.10],[1511107200000,1.11],[1511193600000,1.12],[1511280000000,1.14],[1511366400000,1.15],[1511452800000,1.16],[1511539200000,1.17],[1511625600000,1.18],[1511712000000,1.19],[1511798400000,1.20],[1511884800000,1.21],[1511971200000,1.22],[1512057600000,1.23],[1512144000000,1.24],[1512230400000,1.25],[1512316800000,1.27],[1512403200000,1.28],[1512489600000,1.29],[1512576000000,1.30],[1512662400000,1.31],[1512748800000,1.32],[1512835200000,1.33],[1512921600000,1.34],[1513008000000,1.35],[1513094400000,1.36],[1513180800000,1.37],[1513267200000,1.38],[1513353600000,1.39],[1513440000000,1.40],[1513526400000,1.41],[1513612800000,1.42],[1513699200000,1.43],[1513785600000,1.44],[1513872000000,1.45],[1513958400000,1.46],[1514044800000,1.47],[1514131200000,1.48],[1514217600000,1.50],[1514304000000,1.51],[1514390400000,1.52],[1514476800000,1.53],[1514563200000,1.54],[1514649600000,1.56],[1514736000000,1.57],[1514822400000,1.58],[1514908800000,1.59],[1514995200000,1.60],[1515081600000,1.62],[1515168000000,1.63],[1515254400000,1.64],[1515340800000,1.65],[1515427200000,1.66],[1515513600000,1.67],[1515600000000,1.68],[1515686400000,1.69],[1515772800000,1.70],[1515859200000,1.71],[1515945600000,1.73],[1516032000000,1.74],[1516118400000,1.75],[1516204800000,1.76],[1516291200000,1.77],[1516377600000,1.78],[1516464000000,1.79],[1516550400000,1.80],[1516636800000,1.82],[1516723200000,1.83],[1516809600000,1.84],[1516896000000,1.85],[1516982400000,1.86],[1517068800000,1.87],[1517155200000,1.88],[1517241600000,1.89],[1517328000000,1.90],[1517414400000,1.91],[1517500800000,1.92],[1517587200000,1.93],[1517673600000,1.94],[1517760000000,1.96],[1517846400000,1.97]]},{"name":"同类平均","data":[[1502035200000,0],[1502121600000,0.01],[1502208000000,0.02],[1502294400000,0.03],[1502380800000,0.04],[1502640000000,0.07],[1502726400000,0.08],[1502812800000,0.09],[1502899200000,0.10],[1502985600000,0.11],[1503244800000,0.14],[1503331200000,0.16],[1503417600000,0.17],[1503504000000,0.18],[1503590400000,0.19],[1503849600000,0.22],[1503936000000,0.23],[1504022400000,0.24],[1504108800000,0.25],[1504195200000,0.26],[1504454400000,0.29],[1504540800000,0.30],[1504627200000,0.31],[1504713600000,0.32],[1504800000000,0.34],[1505059200000,0.37],[1505145600000,0.38],[1505232000000,0.39],[1505318400000,0.40],[1505404800000,0.41],[1505664000000,0.44],[1505750400000,0.45],[1505836800000,0.46],[1505923200000,0.47],[1506009600000,0.48],[1506268800000,0.52],[1506355200000,0.53],[1506441600000,0.54],[1506528000000,0.55],[1506614400000,0.56],[1507478400000,0.67],[1507564800000,0.68],[1507651200000,0.69],[1507737600000,0.71],[1507824000000,0.72],[1508083200000,0.75],[1508169600000,0.76],[1508256000000,0.77],[1508342400000,0.78],[1508428800000,0.79],[1508688000000,0.82],[1508774400000,0.83],[1508860800000,0.84],[1508947200000,0.85],[1509033600000,0.86],[1509292800000,0.90],[1509379200000,0.91],[1509465600000,0.92],[1509552000000,0.93],[1509638400000,0.94],[1509897600000,0.97],[1509984000000,0.98],[1510070400000,0.99],[1510156800000,1.00],[1510243200000,1.01],[1510502400000,1.04],[1510588800000,1.06],[1510675200000,1.07],[1510761600000,1.08],[1510848000000,1.09],[1511107200000,1.12],[1511193600000,1.13],[1511280000000,1.14],[1511366400000,1.15],[1511452800000,1.16],[1511712000000,1.20],[1511798400000,1.21],[1511884800000,1.22],[1511971200000,1.23],[1512057600000,1.24],[1512316800000,1.28],[1512403200000,1.29],[1512489600000,1.30],[1512576000000,1.31],[1512662400000,1.32],[1512921600000,1.35],[1513008000000,1.36],[1513094400000,1.38],[1513180800000,1.39],[1513267200000,1.40],[1513526400000,1.43],[1513612800000,1.44],[1513699200000,1.46],[1513785600000,1.47],[1513872000000,1.48],[1514131200000,1.51],[1514217600000,1.53],[1514304000000,1.54],[1514390400000,1.55],[1514476800000,1.57],[1514822400000,1.62],[1514908800000,1.64],[1514995200000,1.65],[1515081600000,1.66],[1515340800000,1.69],[1515427200000,1.71],[1515513600000,1.72],[1515600000000,1.73],[1515686400000,1.74],[1515945600000,1.77],[1516032000000,1.79],[1516118400000,1.80],[1516204800000,1.81],[1516291200000,1.82],[1516550400000,1.86],[1516636800000,1.87],[1516723200000,1.88],[1516809600000,1.89],[1516896000000,1.90],[1517155200000,1.94],[1517241600000,1.95],[1517328000000,1.96],[1517414400000,1.97],[1517500800000,1.98],[1517760000000,2.02],[1517846400000,2.03]]},{"name":"沪深300","data":[[1502035200000,0],[1502121600000,0.15],[1502208000000,0.11],[1502294400000,-0.29],[1502380800000,-2.13],[1502640000000,-0.86],[1502726400000,-0.56],[1502812800000,-0.68],[1502899200000,-0.15],[1502985600000,-0.06],[1503244800000,0.38],[1503331200000,0.68],[1503417600000,0.79],[1503504000000,0.21],[1503590400000,1.85],[1503849600000,3.11],[1503936000000,2.89],[1504022400000,2.88],[1504108800000,2.56],[1504195200000,2.78],[1504454400000,3.19],[1504540800000,3.50],[1504627200000,3.29],[1504713600000,2.77],[1504800000000,2.66],[1505059200000,2.65],[1505145600000,2.98],[1505232000000,3.11],[1505318400000,2.77],[1505404800000,2.80],[1505664000000,3.12],[1505750400000,2.83],[1505836800000,3.10],[1505923200000,2.98],[1506009600000,2.98],[1506268800000,2.44],[1506355200000,2.52],[1506441600000,2.53],[1506528000000,2.57],[1506614400000,2.94],[1507478400000,4.17],[1507564800000,4.38],[1507651200000,4.72],[1507737600000,5.00],[1507824000000,5.21],[1508083200000,5.01],[1508169600000,5.00],[1508256000000,5.83],[1508342400000,5.49],[1508428800000,5.37],[1508688000000,5.47],[1508774400000,6.24],[1508860800000,6.71],[1508947200000,7.16],[1509033600000,7.92],[1509292800000,7.59],[1509379200000,7.51],[1509465600000,7.24],[1509552000000,7.25],[1509638400000,7.13],[1509897600000,7.89],[1509984000000,8.79],[1510070400000,8.62],[1510156800000,9.37],[1510243200000,10.33],[1510502400000,10.77],[1510588800000,10.00],[1510675200000,9.31],[1510761600000,10.15],[1510848000000,10.57],[1511107200000,11.19],[1511193600000,13.17],[1511280000000,13.44],[1511366400000,10.08],[1511452800000,10.13],[1511712000000,8.67],[1511798400000,8.83],[1511884800000,8.77],[1511971200000,7.49],[1512057600000,7.28],[1512316800000,7.84],[1512403200000,8.41],[1512489600000,7.76],[1512576000000,6.55],[1512662400000,7.42],[1512921600000,9.20],[1513008000000,7.76],[1513094400000,8.67],[1513180800000,8.03],[1513267200000,6.82],[1513526400000,6.94],[1513612800000,8.28],[1513699200000,8.15],[1513785600000,9.15],[1513872000000,8.80],[1514131200000,8.45],[1514217600000,8.77],[1514304000000,7.09],[1514390400000,7.84],[1514476800000,8.16],[1514822400000,9.68],[1514908800000,10.32],[1514995200000,10.79],[1515081600000,11.05],[1515340800000,11.63],[1515427200000,12.41],[1515513600000,12.91],[1515600000000,12.85],[1515686400000,13.37],[1515945600000,13.37],[1516032000000,14.27],[1516118400000,13.99],[1516204800000,14.61],[1516291200000,14.99],[1516550400000,16.36],[1516636800000,17.60],[1516723200000,17.79],[1516809600000,17.13],[1516896000000,17.56],[1517155200000,15.43],[1517241600000,14.20],[1517328000000,14.73],[1517414400000,13.93],[1517500800000,14.61],[1517760000000,14.69],[1517846400000,11.33]]}];
/*同类排名*/
var Data_rateInSimilarType = [{"x":1451232000000,"y":34,"sc":"354"},{"x":1451318400000,"y":32,"sc":"354"},{"x":1451404800000,"y":36,"sc":"356"},{"x":1451491200000,"y":36,"sc":"356"},{"x":1451836800000,"y":49,"sc":"356"},{"x":1451923200000,"y":56,"sc":"356"},{"x":1452009600000,"y":64,"sc":"356"},{"x":1452096000000,"y":34,"sc":"356"},{"x":1452182400000,"y":36,"sc":"356"},{"x":1452441600000,"y":34,"sc":"356"},{"x":1452528000000,"y":38,"sc":"356"},{"x":1452614400000,"y":39,"sc":"356"},{"x":1452700800000,"y":32,"sc":"356"},{"x":1452787200000,"y":34,"sc":"356"},{"x":1453046400000,"y":34,"sc":"356"},{"x":1453132800000,"y":34,"sc":"356"},{"x":1453219200000,"y":36,"sc":"356"},{"x":1453305600000,"y":36,"sc":"357"},{"x":1453392000000,"y":37,"sc":"358"},{"x":1453651200000,"y":35,"sc":"360"},{"x":1453737600000,"y":39,"sc":"360"},{"x":1453824000000,"y":38,"sc":"360"},{"x":1453910400000,"y":37,"sc":"360"},{"x":1453996800000,"y":37,"sc":"360"},{"x":1454256000000,"y":34,"sc":"360"},{"x":1454342400000,"y":35,"sc":"360"},{"x":1454428800000,"y":40,"sc":"360"},{"x":1454515200000,"y":41,"sc":"365"},{"x":1454601600000,"y":47,"sc":"366"},{"x":1455465600000,"y":36,"sc":"369"},{"x":1455552000000,"y":36,"sc":"369"},{"x":1455638400000,"y":34,"sc":"369"},{"x":1455724800000,"y":32,"sc":"369"},{"x":1455811200000,"y":34,"sc":"369"},{"x":1456070400000,"y":34,"sc":"369"},{"x":1456156800000,"y":32,"sc":"370"},{"x":1456243200000,"y":35,"sc":"373"},{"x":1456329600000,"y":34,"sc":"373"},{"x":1456416000000,"y":35,"sc":"375"},{"x":1456675200000,"y":30,"sc":"375"},{"x":1456761600000,"y":29,"sc":"376"},{"x":1456848000000,"y":30,"sc":"376"},{"x":1456934400000,"y":30,"sc":"376"},{"x":1457020800000,"y":30,"sc":"376"},{"x":1457280000000,"y":38,"sc":"376"},{"x":1457366400000,"y":37,"sc":"380"},{"x":1457452800000,"y":38,"sc":"380"},{"x":1457539200000,"y":38,"sc":"380"},{"x":1457625600000,"y":39,"sc":"381"},{"x":1457884800000,"y":43,"sc":"381"},{"x":1457971200000,"y":45,"sc":"380"},{"x":1458057600000,"y":55,"sc":"382"},{"x":1458144000000,"y":52,"sc":"383"},{"x":1458230400000,"y":46,"sc":"383"},{"x":1458489600000,"y":40,"sc":"383"},{"x":1458576000000,"y":33,"sc":"385"},{"x":1458662400000,"y":34,"sc":"385"},{"x":1458748800000,"y":29,"sc":"385"},{"x":1458835200000,"y":31,"sc":"391"},{"x":1459094400000,"y":32,"sc":"391"},{"x":1459180800000,"y":31,"sc":"391"},{"x":1459267200000,"y":29,"sc":"391"},{"x":1459353600000,"y":27,"sc":"392"},{"x":1459440000000,"y":32,"sc":"392"},{"x":1459785600000,"y":36,"sc":"392"},{"x":1459872000000,"y":33,"sc":"392"},{"x":1459958400000,"y":28,"sc":"392"},{"x":1460044800000,"y":27,"sc":"392"},{"x":1460304000000,"y":27,"sc":"394"},{"x":1460390400000,"y":27,"sc":"394"},{"x":1460476800000,"y":28,"sc":"394"},{"x":1460563200000,"y":32,"sc":"394"},{"x":1460649600000,"y":33,"sc":"394"},{"x":1460908800000,"y":34,"sc":"394"},{"x":1460995200000,"y":34,"sc":"394"},{"x":1461081600000,"y":33,"sc":"394"},{"x":1461168000000,"y":33,"sc":"394"},{"x":1461254400000,"y":40,"sc":"394"},{"x":1461513600000,"y":43,"sc":"394"},{"x":1461600000000,"y":43,"sc":"394"},{"x":1461686400000,"y":42,"sc":"394"},{"x":1461772800000,"y":44,"sc":"394"},{"x":1461859200000,"y":50,"sc":"394"},{"x":1462204800000,"y":43,"sc":"394"},{"x":1462291200000,"y":48,"sc":"394"},{"x":1462377600000,"y":50,"sc":"400"},{"x":1462464000000,"y":58,"sc":"400"},{"x":1462723200000,"y":80,"sc":"400"},{"x":1462809600000,"y":90,"sc":"400"},{"x":1462896000000,"y":102,"sc":"400"},{"x":1462982400000,"y":119,"sc":"400"},{"x":1463068800000,"y":127,"sc":"400"},{"x":1463328000000,"y":60,"sc":"400"},{"x":1463414400000,"y":54,"sc":"400"},{"x":1463500800000,"y":56,"sc":"400"},{"x":1463587200000,"y":58,"sc":"400"},{"x":1463673600000,"y":69,"sc":"400"},{"x":1463932800000,"y":61,"sc":"400"},{"x":1464019200000,"y":64,"sc":"400"},{"x":1464105600000,"y":68,"sc":"400"},{"x":1464192000000,"y":72,"sc":"400"},{"x":1464278400000,"y":80,"sc":"400"},{"x":1464537600000,"y":72,"sc":"400"},{"x":1464624000000,"y":76,"sc":"400"},{"x":1464710400000,"y":75,"sc":"400"},{"x":1464796800000,"y":76,"sc":"400"},{"x":1464883200000,"y":74,"sc":"400"},{"x":1465142400000,"y":78,"sc":"402"},{"x":1465228800000,"y":80,"sc":"402"},{"x":1465315200000,"y":78,"sc":"402"},{"x":1465747200000,"y":84,"sc":"402"},{"x":1465833600000,"y":86,"sc":"402"},{"x":1465920000000,"y":87,"sc":"403"},{"x":1466006400000,"y":82,"sc":"403"},{"x":1466092800000,"y":86,"sc":"403"},{"x":1466352000000,"y":112,"sc":"403"},{"x":1466438400000,"y":117,"sc":"404"},{"x":1466524800000,"y":132,"sc":"404"},{"x":1466611200000,"y":133,"sc":"404"},{"x":1466697600000,"y":140,"sc":"404"},{"x":1466956800000,"y":139,"sc":"404"},{"x":1467043200000,"y":147,"sc":"404"},{"x":1467129600000,"y":152,"sc":"404"},{"x":1467216000000,"y":150,"sc":"404"},{"x":1467302400000,"y":151,"sc":"404"},{"x":1467561600000,"y":150,"sc":"404"},{"x":1467648000000,"y":145,"sc":"404"},{"x":1467734400000,"y":151,"sc":"404"},{"x":1467820800000,"y":164,"sc":"404"},{"x":1467907200000,"y":164,"sc":"404"},{"x":1468166400000,"y":182,"sc":"404"},{"x":1468252800000,"y":187,"sc":"404"},{"x":1468339200000,"y":192,"sc":"404"},{"x":1468425600000,"y":193,"sc":"404"},{"x":1468512000000,"y":190,"sc":"404"},{"x":1468771200000,"y":184,"sc":"404"},{"x":1468857600000,"y":188,"sc":"404"},{"x":1468944000000,"y":191,"sc":"405"},{"x":1469030400000,"y":195,"sc":"405"},{"x":1469116800000,"y":194,"sc":"405"},{"x":1469376000000,"y":195,"sc":"405"},{"x":1469462400000,"y":195,"sc":"405"},{"x":1469548800000,"y":200,"sc":"405"},{"x":1469635200000,"y":206,"sc":"407"},{"x":1469721600000,"y":207,"sc":"407"},{"x":1469980800000,"y":237,"sc":"407"},{"x":1470067200000,"y":218,"sc":"407"},{"x":1470153600000,"y":227,"sc":"407"},{"x":1470240000000,"y":226,"sc":"409"},{"x":1470326400000,"y":233,"sc":"409"},{"x":1470585600000,"y":242,"sc":"412"},{"x":1470672000000,"y":244,"sc":"413"},{"x":1470758400000,"y":247,"sc":"413"},{"x":1470844800000,"y":248,"sc":"413"},{"x":1470931200000,"y":254,"sc":"413"},{"x":1471190400000,"y":258,"sc":"413"},{"x":1471276800000,"y":264,"sc":"413"},{"x":1471363200000,"y":266,"sc":"414"},{"x":1471449600000,"y":265,"sc":"415"},{"x":1471536000000,"y":270,"sc":"415"},{"x":1471795200000,"y":277,"sc":"416"},{"x":1471881600000,"y":283,"sc":"416"},{"x":1471968000000,"y":284,"sc":"416"},{"x":1472054400000,"y":284,"sc":"416"},{"x":1472140800000,"y":288,"sc":"416"},{"x":1472400000000,"y":290,"sc":"416"},{"x":1472486400000,"y":291,"sc":"416"},{"x":1472572800000,"y":292,"sc":"416"},{"x":1472659200000,"y":290,"sc":"416"},{"x":1472745600000,"y":295,"sc":"417"},{"x":1473004800000,"y":305,"sc":"421"},{"x":1473091200000,"y":311,"sc":"421"},{"x":1473177600000,"y":318,"sc":"421"},{"x":1473264000000,"y":319,"sc":"423"},{"x":1473350400000,"y":334,"sc":"424"},{"x":1473609600000,"y":328,"sc":"424"},{"x":1473696000000,"y":333,"sc":"424"},{"x":1473782400000,"y":338,"sc":"424"},{"x":1474214400000,"y":350,"sc":"424"},{"x":1474300800000,"y":353,"sc":"424"},{"x":1474387200000,"y":354,"sc":"424"},{"x":1474473600000,"y":355,"sc":"427"},{"x":1474560000000,"y":356,"sc":"427"},{"x":1474819200000,"y":359,"sc":"430"},{"x":1474905600000,"y":361,"sc":"430"},{"x":1474992000000,"y":363,"sc":"430"},{"x":1475078400000,"y":366,"sc":"432"},{"x":1475164800000,"y":367,"sc":"432"},{"x":1476028800000,"y":374,"sc":"434"},{"x":1476115200000,"y":372,"sc":"434"},{"x":1476201600000,"y":373,"sc":"435"},{"x":1476288000000,"y":372,"sc":"437"},{"x":1476374400000,"y":371,"sc":"435"},{"x":1476633600000,"y":374,"sc":"436"},{"x":1476720000000,"y":375,"sc":"438"},{"x":1476806400000,"y":376,"sc":"437"},{"x":1476892800000,"y":376,"sc":"437"},{"x":1476979200000,"y":377,"sc":"437"},{"x":1477238400000,"y":381,"sc":"440"},{"x":1477324800000,"y":378,"sc":"440"},{"x":1477411200000,"y":380,"sc":"441"},{"x":1477497600000,"y":380,"sc":"441"},{"x":1477584000000,"y":384,"sc":"445"},{"x":1477843200000,"y":387,"sc":"447"},{"x":1477929600000,"y":384,"sc":"447"},{"x":1478016000000,"y":384,"sc":"447"},{"x":1478102400000,"y":384,"sc":"447"},{"x":1478188800000,"y":387,"sc":"448"},{"x":1478448000000,"y":381,"sc":"450"},{"x":1478534400000,"y":380,"sc":"450"},{"x":1478620800000,"y":379,"sc":"450"},{"x":1478707200000,"y":380,"sc":"450"},{"x":1478793600000,"y":379,"sc":"450"},{"x":1479052800000,"y":381,"sc":"450"},{"x":1479139200000,"y":380,"sc":"450"},{"x":1479225600000,"y":384,"sc":"450"},{"x":1479312000000,"y":380,"sc":"450"},{"x":1479398400000,"y":380,"sc":"450"},{"x":1479657600000,"y":376,"sc":"451"},{"x":1479744000000,"y":373,"sc":"451"},{"x":1479830400000,"y":373,"sc":"451"},{"x":1479916800000,"y":373,"sc":"451"},{"x":1480003200000,"y":374,"sc":"451"},{"x":1480262400000,"y":374,"sc":"451"},{"x":1480348800000,"y":376,"sc":"452"},{"x":1480435200000,"y":374,"sc":"452"},{"x":1480521600000,"y":375,"sc":"452"},{"x":1480608000000,"y":376,"sc":"455"},{"x":1480867200000,"y":376,"sc":"455"},{"x":1480953600000,"y":375,"sc":"455"},{"x":1481040000000,"y":374,"sc":"455"},{"x":1481126400000,"y":370,"sc":"455"},{"x":1481212800000,"y":372,"sc":"456"},{"x":1481472000000,"y":372,"sc":"457"},{"x":1481558400000,"y":371,"sc":"458"},{"x":1481644800000,"y":369,"sc":"458"},{"x":1481731200000,"y":374,"sc":"458"},{"x":1481817600000,"y":384,"sc":"458"},{"x":1482076800000,"y":357,"sc":"458"},{"x":1482163200000,"y":360,"sc":"458"},{"x":1482249600000,"y":361,"sc":"458"},{"x":1482336000000,"y":361,"sc":"459"},{"x":1482422400000,"y":361,"sc":"463"},{"x":1482681600000,"y":375,"sc":"464"},{"x":1482768000000,"y":377,"sc":"464"},{"x":1482854400000,"y":384,"sc":"466"},{"x":1482940800000,"y":385,"sc":"466"},{"x":1483027200000,"y":389,"sc":"469"},{"x":1483372800000,"y":407,"sc":"469"},{"x":1483459200000,"y":407,"sc":"468"},{"x":1483545600000,"y":416,"sc":"469"},{"x":1483632000000,"y":419,"sc":"469"},{"x":1483891200000,"y":380,"sc":"469"},{"x":1483977600000,"y":377,"sc":"469"},{"x":1484064000000,"y":373,"sc":"469"},{"x":1484150400000,"y":370,"sc":"469"},{"x":1484236800000,"y":370,"sc":"469"},{"x":1484496000000,"y":374,"sc":"472"},{"x":1484582400000,"y":372,"sc":"474"},{"x":1484668800000,"y":374,"sc":"476"},{"x":1484755200000,"y":371,"sc":"476"},{"x":1484841600000,"y":368,"sc":"476"},{"x":1485100800000,"y":357,"sc":"481"},{"x":1485187200000,"y":362,"sc":"482"},{"x":1485273600000,"y":365,"sc":"484"},{"x":1485360000000,"y":353,"sc":"485"},{"x":1486051200000,"y":338,"sc":"489"},{"x":1486310400000,"y":327,"sc":"491"},{"x":1486396800000,"y":330,"sc":"491"},{"x":1486483200000,"y":330,"sc":"491"},{"x":1486569600000,"y":331,"sc":"491"},{"x":1486656000000,"y":324,"sc":"494"},{"x":1486915200000,"y":324,"sc":"496"},{"x":1487001600000,"y":318,"sc":"496"},{"x":1487088000000,"y":319,"sc":"496"},{"x":1487174400000,"y":317,"sc":"496"},{"x":1487260800000,"y":315,"sc":"496"},{"x":1487520000000,"y":306,"sc":"496"},{"x":1487606400000,"y":312,"sc":"496"},{"x":1487692800000,"y":310,"sc":"496"},{"x":1487779200000,"y":306,"sc":"498"},{"x":1487865600000,"y":301,"sc":"500"},{"x":1488124800000,"y":294,"sc":"503"},{"x":1488211200000,"y":291,"sc":"503"},{"x":1488297600000,"y":291,"sc":"503"},{"x":1488384000000,"y":293,"sc":"511"},{"x":1488470400000,"y":304,"sc":"511"},{"x":1488729600000,"y":288,"sc":"513"},{"x":1488816000000,"y":282,"sc":"515"},{"x":1488902400000,"y":283,"sc":"516"},{"x":1488988800000,"y":280,"sc":"518"},{"x":1489075200000,"y":287,"sc":"518"},{"x":1489334400000,"y":265,"sc":"518"},{"x":1489420800000,"y":266,"sc":"518"},{"x":1489507200000,"y":264,"sc":"518"},{"x":1489593600000,"y":260,"sc":"520"},{"x":1489680000000,"y":267,"sc":"520"},{"x":1489939200000,"y":263,"sc":"522"},{"x":1490025600000,"y":262,"sc":"522"},{"x":1490112000000,"y":260,"sc":"524"},{"x":1490198400000,"y":273,"sc":"530"},{"x":1490284800000,"y":280,"sc":"530"},{"x":1490544000000,"y":252,"sc":"534"},{"x":1490630400000,"y":244,"sc":"535"},{"x":1490716800000,"y":232,"sc":"535"},{"x":1490803200000,"y":222,"sc":"538"},{"x":1490889600000,"y":219,"sc":"538"},{"x":1491321600000,"y":215,"sc":"538"},{"x":1491408000000,"y":211,"sc":"540"},{"x":1491494400000,"y":222,"sc":"540"},{"x":1491753600000,"y":202,"sc":"540"},{"x":1491840000000,"y":202,"sc":"540"},{"x":1491926400000,"y":201,"sc":"540"},{"x":1492012800000,"y":204,"sc":"541"},{"x":1492099200000,"y":218,"sc":"541"},{"x":1492358400000,"y":207,"sc":"543"},{"x":1492444800000,"y":208,"sc":"543"},{"x":1492531200000,"y":211,"sc":"543"},{"x":1492617600000,"y":210,"sc":"545"},{"x":1492704000000,"y":225,"sc":"545"},{"x":1492963200000,"y":205,"sc":"545"},{"x":1493049600000,"y":207,"sc":"547"},{"x":1493136000000,"y":211,"sc":"549"},{"x":1493222400000,"y":230,"sc":"549"},{"x":1493308800000,"y":240,"sc":"549"},{"x":1493654400000,"y":208,"sc":"549"},{"x":1493740800000,"y":218,"sc":"550"},{"x":1493827200000,"y":240,"sc":"550"},{"x":1493913600000,"y":212,"sc":"550"},{"x":1494172800000,"y":225,"sc":"550"},{"x":1494259200000,"y":226,"sc":"550"},{"x":1494345600000,"y":227,"sc":"550"},{"x":1494432000000,"y":240,"sc":"550"},{"x":1494518400000,"y":221,"sc":"550"},{"x":1494777600000,"y":229,"sc":"554"},{"x":1494864000000,"y":234,"sc":"556"},{"x":1494950400000,"y":240,"sc":"560"},{"x":1495036800000,"y":254,"sc":"560"},{"x":1495123200000,"y":236,"sc":"560"},{"x":1495382400000,"y":245,"sc":"560"},{"x":1495468800000,"y":245,"sc":"562"},{"x":1495555200000,"y":249,"sc":"564"},{"x":1495641600000,"y":265,"sc":"564"},{"x":1495728000000,"y":246,"sc":"564"},{"x":1496160000000,"y":254,"sc":"564"},{"x":1496246400000,"y":251,"sc":"564"},{"x":1496332800000,"y":251,"sc":"564"},{"x":1496592000000,"y":249,"sc":"566"},{"x":1496678400000,"y":241,"sc":"566"},{"x":1496764800000,"y":242,"sc":"566"},{"x":1496851200000,"y":244,"sc":"566"},{"x":1496937600000,"y":236,"sc":"566"},{"x":1497196800000,"y":241,"sc":"574"},{"x":1497283200000,"y":251,"sc":"574"},{"x":1497369600000,"y":251,"sc":"575"},{"x":1497456000000,"y":251,"sc":"575"},{"x":1497542400000,"y":253,"sc":"575"},{"x":1497801600000,"y":248,"sc":"577"},{"x":1497888000000,"y":249,"sc":"577"},{"x":1497974400000,"y":247,"sc":"575"},{"x":1498060800000,"y":246,"sc":"575"},{"x":1498147200000,"y":247,"sc":"576"},{"x":1498406400000,"y":253,"sc":"579"},{"x":1498492800000,"y":252,"sc":"579"},{"x":1498579200000,"y":257,"sc":"579"},{"x":1498665600000,"y":264,"sc":"579"},{"x":1498752000000,"y":270,"sc":"582"},{"x":1499011200000,"y":237,"sc":"582"},{"x":1499097600000,"y":263,"sc":"582"},{"x":1499184000000,"y":273,"sc":"583"},{"x":1499270400000,"y":275,"sc":"583"},{"x":1499356800000,"y":275,"sc":"583"},{"x":1499616000000,"y":281,"sc":"583"},{"x":1499702400000,"y":274,"sc":"583"},{"x":1499788800000,"y":277,"sc":"583"},{"x":1499875200000,"y":271,"sc":"583"},{"x":1499961600000,"y":266,"sc":"586"},{"x":1500220800000,"y":258,"sc":"586"},{"x":1500307200000,"y":250,"sc":"586"},{"x":1500393600000,"y":254,"sc":"589"},{"x":1500480000000,"y":260,"sc":"589"},{"x":1500566400000,"y":259,"sc":"593"},{"x":1500825600000,"y":266,"sc":"593"},{"x":1500912000000,"y":262,"sc":"593"},{"x":1500998400000,"y":266,"sc":"594"},{"x":1501084800000,"y":265,"sc":"594"},{"x":1501171200000,"y":267,"sc":"594"},{"x":1501430400000,"y":307,"sc":"594"},{"x":1501516800000,"y":267,"sc":"594"},{"x":1501603200000,"y":270,"sc":"594"},{"x":1501689600000,"y":251,"sc":"594"},{"x":1501776000000,"y":250,"sc":"594"},{"x":1502035200000,"y":259,"sc":"596"},{"x":1502121600000,"y":264,"sc":"596"},{"x":1502208000000,"y":268,"sc":"596"},{"x":1502294400000,"y":267,"sc":"596"},{"x":1502380800000,"y":267,"sc":"596"},{"x":1502640000000,"y":273,"sc":"596"},{"x":1502726400000,"y":272,"sc":"596"},{"x":1502812800000,"y":271,"sc":"596"},{"x":1502899200000,"y":271,"sc":"596"},{"x":1502985600000,"y":274,"sc":"596"},{"x":1503244800000,"y":280,"sc":"597"},{"x":1503331200000,"y":281,"sc":"597"},{"x":1503417600000,"y":285,"sc":"597"},{"x":1503504000000,"y":284,"sc":"596"},{"x":1503590400000,"y":284,"sc":"596"},{"x":1503849600000,"y":342,"sc":"600"},{"x":1503936000000,"y":363,"sc":"600"},{"x":1504022400000,"y":301,"sc":"600"},{"x":1504108800000,"y":308,"sc":"601"},{"x":1504195200000,"y":321,"sc":"601"},{"x":1504454400000,"y":323,"sc":"601"},{"x":1504540800000,"y":329,"sc":"601"},{"x":1504627200000,"y":341,"sc":"601"},{"x":1504713600000,"y":345,"sc":"601"},{"x":1504800000000,"y":347,"sc":"601"},{"x":1505059200000,"y":356,"sc":"603"},{"x":1505145600000,"y":363,"sc":"603"},{"x":1505232000000,"y":365,"sc":"603"},{"x":1505318400000,"y":371,"sc":"605"},{"x":1505404800000,"y":377,"sc":"605"},{"x":1505664000000,"y":382,"sc":"606"},{"x":1505750400000,"y":386,"sc":"606"},{"x":1505836800000,"y":385,"sc":"603"},{"x":1505923200000,"y":384,"sc":"603"},{"x":1506009600000,"y":386,"sc":"603"},{"x":1506268800000,"y":391,"sc":"603"},{"x":1506355200000,"y":392,"sc":"603"},{"x":1506441600000,"y":393,"sc":"604"},{"x":1506528000000,"y":394,"sc":"604"},{"x":1506614400000,"y":395,"sc":"606"},{"x":1507478400000,"y":418,"sc":"606"},{"x":1507564800000,"y":412,"sc":"607"},{"x":1507651200000,"y":411,"sc":"607"},{"x":1507737600000,"y":418,"sc":"611"},{"x":1507824000000,"y":424,"sc":"611"},{"x":1508083200000,"y":430,"sc":"612"},{"x":1508169600000,"y":431,"sc":"612"},{"x":1508256000000,"y":430,"sc":"611"},{"x":1508342400000,"y":431,"sc":"611"},{"x":1508428800000,"y":430,"sc":"611"},{"x":1508688000000,"y":429,"sc":"606"},{"x":1508774400000,"y":415,"sc":"606"},{"x":1508860800000,"y":411,"sc":"607"},{"x":1508947200000,"y":415,"sc":"607"},{"x":1509033600000,"y":412,"sc":"607"},{"x":1509292800000,"y":416,"sc":"609"},{"x":1509379200000,"y":413,"sc":"610"},{"x":1509465600000,"y":414,"sc":"610"},{"x":1509552000000,"y":411,"sc":"613"},{"x":1509638400000,"y":435,"sc":"617"},{"x":1509897600000,"y":431,"sc":"621"},{"x":1509984000000,"y":434,"sc":"621"},{"x":1510070400000,"y":431,"sc":"621"},{"x":1510156800000,"y":430,"sc":"623"},{"x":1510243200000,"y":430,"sc":"623"},{"x":1510502400000,"y":434,"sc":"633"},{"x":1510588800000,"y":432,"sc":"635"},{"x":1510675200000,"y":432,"sc":"635"},{"x":1510761600000,"y":432,"sc":"635"},{"x":1510848000000,"y":432,"sc":"636"},{"x":1511107200000,"y":437,"sc":"636"},{"x":1511193600000,"y":442,"sc":"636"},{"x":1511280000000,"y":440,"sc":"636"},{"x":1511366400000,"y":445,"sc":"636"},{"x":1511452800000,"y":448,"sc":"637"},{"x":1511712000000,"y":451,"sc":"640"},{"x":1511798400000,"y":447,"sc":"640"},{"x":1511884800000,"y":449,"sc":"640"},{"x":1511971200000,"y":451,"sc":"641"},{"x":1512057600000,"y":443,"sc":"643"},{"x":1512316800000,"y":441,"sc":"643"},{"x":1512403200000,"y":443,"sc":"643"},{"x":1512489600000,"y":442,"sc":"643"},{"x":1512576000000,"y":446,"sc":"644"},{"x":1512662400000,"y":450,"sc":"652"},{"x":1512921600000,"y":453,"sc":"652"},{"x":1513008000000,"y":455,"sc":"653"},{"x":1513094400000,"y":454,"sc":"653"},{"x":1513180800000,"y":453,"sc":"654"},{"x":1513267200000,"y":455,"sc":"656"},{"x":1513526400000,"y":462,"sc":"656"},{"x":1513612800000,"y":463,"sc":"656"},{"x":1513699200000,"y":472,"sc":"656"},{"x":1513785600000,"y":474,"sc":"655"},{"x":1513872000000,"y":474,"sc":"655"},{"x":1514131200000,"y":479,"sc":"655"},{"x":1514217600000,"y":480,"sc":"655"},{"x":1514304000000,"y":479,"sc":"654"},{"x":1514390400000,"y":478,"sc":"655"},{"x":1514476800000,"y":476,"sc":"655"},{"x":1514822400000,"y":554,"sc":"655"},{"x":1514908800000,"y":564,"sc":"655"},{"x":1514995200000,"y":571,"sc":"655"},{"x":1515081600000,"y":574,"sc":"655"},{"x":1515340800000,"y":487,"sc":"655"},{"x":1515427200000,"y":485,"sc":"655"},{"x":1515513600000,"y":502,"sc":"656"},{"x":1515600000000,"y":509,"sc":"657"},{"x":1515686400000,"y":509,"sc":"657"},{"x":1515945600000,"y":506,"sc":"657"},{"x":1516032000000,"y":508,"sc":"657"},{"x":1516118400000,"y":511,"sc":"657"},{"x":1516204800000,"y":511,"sc":"657"},{"x":1516291200000,"y":513,"sc":"657"},{"x":1516550400000,"y":509,"sc":"657"},{"x":1516636800000,"y":515,"sc":"657"},{"x":1516723200000,"y":533,"sc":"657"},{"x":1516809600000,"y":533,"sc":"657"},{"x":1516896000000,"y":534,"sc":"655"},{"x":1517155200000,"y":533,"sc":"656"},{"x":1517241600000,"y":537,"sc":"656"},{"x":1517328000000,"y":538,"sc":"656"},{"x":1517414400000,"y":540,"sc":"656"},{"x":1517500800000,"y":538,"sc":"656"},{"x":1517760000000,"y":543,"sc":"656"},{"x":1517846400000,"y":544,"sc":"656"}];
/*百分比排名*/
var Data_rateInSimilarPersent = [[1451232000000,90.4000],[1451318400000,90.9600],[1451404800000,89.8900],[1451491200000,89.8900],[1451836800000,86.2400],[1451923200000,84.2700],[1452009600000,82.0200],[1452096000000,90.4500],[1452182400000,89.8900],[1452441600000,90.4500],[1452528000000,89.3300],[1452614400000,89.0400],[1452700800000,91.0100],[1452787200000,90.4500],[1453046400000,90.4500],[1453132800000,90.4500],[1453219200000,89.8900],[1453305600000,89.9200],[1453392000000,89.6600],[1453651200000,90.2800],[1453737600000,89.1700],[1453824000000,89.4400],[1453910400000,89.7200],[1453996800000,89.7200],[1454256000000,90.5600],[1454342400000,90.2800],[1454428800000,88.8900],[1454515200000,88.7700],[1454601600000,87.1600],[1455465600000,90.2400],[1455552000000,90.2400],[1455638400000,90.7900],[1455724800000,91.3300],[1455811200000,90.7900],[1456070400000,90.7900],[1456156800000,91.3500],[1456243200000,90.6200],[1456329600000,90.8800],[1456416000000,90.6700],[1456675200000,92.00],[1456761600000,92.2900],[1456848000000,92.0200],[1456934400000,92.0200],[1457020800000,92.0200],[1457280000000,89.8900],[1457366400000,90.2600],[1457452800000,90.00],[1457539200000,90.00],[1457625600000,89.7600],[1457884800000,88.7100],[1457971200000,88.1600],[1458057600000,85.6000],[1458144000000,86.4200],[1458230400000,87.9900],[1458489600000,89.5600],[1458576000000,91.4300],[1458662400000,91.1700],[1458748800000,92.4700],[1458835200000,92.0700],[1459094400000,91.8200],[1459180800000,92.0700],[1459267200000,92.5800],[1459353600000,93.1100],[1459440000000,91.8400],[1459785600000,90.8200],[1459872000000,91.5800],[1459958400000,92.8600],[1460044800000,93.1100],[1460304000000,93.1500],[1460390400000,93.1500],[1460476800000,92.8900],[1460563200000,91.8800],[1460649600000,91.6200],[1460908800000,91.3700],[1460995200000,91.3700],[1461081600000,91.6200],[1461168000000,91.6200],[1461254400000,89.8500],[1461513600000,89.0900],[1461600000000,89.0900],[1461686400000,89.3400],[1461772800000,88.8300],[1461859200000,87.3100],[1462204800000,89.0900],[1462291200000,87.8200],[1462377600000,87.5000],[1462464000000,85.5000],[1462723200000,80.00],[1462809600000,77.5000],[1462896000000,74.5000],[1462982400000,70.2500],[1463068800000,68.2500],[1463328000000,85.00],[1463414400000,86.5000],[1463500800000,86.00],[1463587200000,85.5000],[1463673600000,82.7500],[1463932800000,84.7500],[1464019200000,84.00],[1464105600000,83.00],[1464192000000,82.00],[1464278400000,80.00],[1464537600000,82.00],[1464624000000,81.00],[1464710400000,81.2500],[1464796800000,81.00],[1464883200000,81.5000],[1465142400000,80.6000],[1465228800000,80.1000],[1465315200000,80.6000],[1465747200000,79.1000],[1465833600000,78.6100],[1465920000000,78.4100],[1466006400000,79.6500],[1466092800000,78.6600],[1466352000000,72.2100],[1466438400000,71.0400],[1466524800000,67.3300],[1466611200000,67.0800],[1466697600000,65.3500],[1466956800000,65.5900],[1467043200000,63.6100],[1467129600000,62.3800],[1467216000000,62.8700],[1467302400000,62.6200],[1467561600000,62.8700],[1467648000000,64.1100],[1467734400000,62.6200],[1467820800000,59.4100],[1467907200000,59.4100],[1468166400000,54.9500],[1468252800000,53.7100],[1468339200000,52.4800],[1468425600000,52.2300],[1468512000000,52.9700],[1468771200000,54.4600],[1468857600000,53.4700],[1468944000000,52.8400],[1469030400000,51.8500],[1469116800000,52.1000],[1469376000000,51.8500],[1469462400000,51.8500],[1469548800000,50.6200],[1469635200000,49.3900],[1469721600000,49.1400],[1469980800000,41.7700],[1470067200000,46.4400],[1470153600000,44.2300],[1470240000000,44.7400],[1470326400000,43.0300],[1470585600000,41.2600],[1470672000000,40.9200],[1470758400000,40.1900],[1470844800000,39.9500],[1470931200000,38.5000],[1471190400000,37.5300],[1471276800000,36.0800],[1471363200000,35.7500],[1471449600000,36.1400],[1471536000000,34.9400],[1471795200000,33.4100],[1471881600000,31.9700],[1471968000000,31.7300],[1472054400000,31.7300],[1472140800000,30.7700],[1472400000000,30.2900],[1472486400000,30.0500],[1472572800000,29.8100],[1472659200000,30.2900],[1472745600000,29.2600],[1473004800000,27.5500],[1473091200000,26.1300],[1473177600000,24.4700],[1473264000000,24.5900],[1473350400000,21.2300],[1473609600000,22.6400],[1473696000000,21.4600],[1473782400000,20.2800],[1474214400000,17.4500],[1474300800000,16.7500],[1474387200000,16.5100],[1474473600000,16.8600],[1474560000000,16.6300],[1474819200000,16.5100],[1474905600000,16.0500],[1474992000000,15.5800],[1475078400000,15.2800],[1475164800000,15.0500],[1476028800000,13.8200],[1476115200000,14.2900],[1476201600000,14.2500],[1476288000000,14.8700],[1476374400000,14.7100],[1476633600000,14.2200],[1476720000000,14.3800],[1476806400000,13.9600],[1476892800000,13.9600],[1476979200000,13.7300],[1477238400000,13.4100],[1477324800000,14.0900],[1477411200000,13.8300],[1477497600000,13.8300],[1477584000000,13.7100],[1477843200000,13.4200],[1477929600000,14.0900],[1478016000000,14.0900],[1478102400000,14.0900],[1478188800000,13.6200],[1478448000000,15.3300],[1478534400000,15.5600],[1478620800000,15.7800],[1478707200000,15.5600],[1478793600000,15.7800],[1479052800000,15.3300],[1479139200000,15.5600],[1479225600000,14.6700],[1479312000000,15.5600],[1479398400000,15.5600],[1479657600000,16.6300],[1479744000000,17.2900],[1479830400000,17.2900],[1479916800000,17.2900],[1480003200000,17.0700],[1480262400000,17.0700],[1480348800000,16.8100],[1480435200000,17.2600],[1480521600000,17.0400],[1480608000000,17.3600],[1480867200000,17.3600],[1480953600000,17.5800],[1481040000000,17.8000],[1481126400000,18.6800],[1481212800000,18.4200],[1481472000000,18.6000],[1481558400000,19.00],[1481644800000,19.4300],[1481731200000,18.3400],[1481817600000,16.1600],[1482076800000,22.0500],[1482163200000,21.4000],[1482249600000,21.1800],[1482336000000,21.3500],[1482422400000,22.0300],[1482681600000,19.1800],[1482768000000,18.7500],[1482854400000,17.6000],[1482940800000,17.3800],[1483027200000,17.0600],[1483372800000,13.2200],[1483459200000,13.0300],[1483545600000,11.3000],[1483632000000,10.6600],[1483891200000,18.9800],[1483977600000,19.6200],[1484064000000,20.4700],[1484150400000,21.1100],[1484236800000,21.1100],[1484496000000,20.7600],[1484582400000,21.5200],[1484668800000,21.4300],[1484755200000,22.0600],[1484841600000,22.6900],[1485100800000,25.7800],[1485187200000,24.9000],[1485273600000,24.5900],[1485360000000,27.2200],[1486051200000,30.8800],[1486310400000,33.4000],[1486396800000,32.7900],[1486483200000,32.7900],[1486569600000,32.5900],[1486656000000,34.4100],[1486915200000,34.6800],[1487001600000,35.8900],[1487088000000,35.6900],[1487174400000,36.0900],[1487260800000,36.4900],[1487520000000,38.3100],[1487606400000,37.1000],[1487692800000,37.5000],[1487779200000,38.5500],[1487865600000,39.8000],[1488124800000,41.5500],[1488211200000,42.1500],[1488297600000,42.1500],[1488384000000,42.6600],[1488470400000,40.5100],[1488729600000,43.8600],[1488816000000,45.2400],[1488902400000,45.1600],[1488988800000,45.9500],[1489075200000,44.5900],[1489334400000,48.8400],[1489420800000,48.6500],[1489507200000,49.0300],[1489593600000,50.00],[1489680000000,48.6500],[1489939200000,49.6200],[1490025600000,49.8100],[1490112000000,50.3800],[1490198400000,48.4900],[1490284800000,47.1700],[1490544000000,52.8100],[1490630400000,54.3900],[1490716800000,56.6400],[1490803200000,58.7400],[1490889600000,59.2900],[1491321600000,60.0400],[1491408000000,60.9300],[1491494400000,58.8900],[1491753600000,62.5900],[1491840000000,62.5900],[1491926400000,62.7800],[1492012800000,62.2900],[1492099200000,59.7000],[1492358400000,61.8800],[1492444800000,61.6900],[1492531200000,61.1400],[1492617600000,61.4700],[1492704000000,58.7200],[1492963200000,62.3900],[1493049600000,62.1600],[1493136000000,61.5700],[1493222400000,58.1100],[1493308800000,56.2800],[1493654400000,62.1100],[1493740800000,60.3600],[1493827200000,56.3600],[1493913600000,61.4500],[1494172800000,59.0900],[1494259200000,58.9100],[1494345600000,58.7300],[1494432000000,56.3600],[1494518400000,59.8200],[1494777600000,58.6600],[1494864000000,57.9100],[1494950400000,57.1400],[1495036800000,54.6400],[1495123200000,57.8600],[1495382400000,56.2500],[1495468800000,56.4100],[1495555200000,55.8500],[1495641600000,53.0100],[1495728000000,56.3800],[1496160000000,54.9600],[1496246400000,55.5000],[1496332800000,55.5000],[1496592000000,56.0100],[1496678400000,57.4200],[1496764800000,57.2400],[1496851200000,56.8900],[1496937600000,58.3000],[1497196800000,58.0100],[1497283200000,56.2700],[1497369600000,56.3500],[1497456000000,56.3500],[1497542400000,56.00],[1497801600000,57.0200],[1497888000000,56.8500],[1497974400000,57.0400],[1498060800000,57.2200],[1498147200000,57.1200],[1498406400000,56.3000],[1498492800000,56.4800],[1498579200000,55.6100],[1498665600000,54.4000],[1498752000000,53.6100],[1499011200000,59.2800],[1499097600000,54.8100],[1499184000000,53.1700],[1499270400000,52.8300],[1499356800000,52.8300],[1499616000000,51.8000],[1499702400000,53.00],[1499788800000,52.4900],[1499875200000,53.5200],[1499961600000,54.6100],[1500220800000,55.9700],[1500307200000,57.3400],[1500393600000,56.8800],[1500480000000,55.8600],[1500566400000,56.3200],[1500825600000,55.1400],[1500912000000,55.8200],[1500998400000,55.2200],[1501084800000,55.3900],[1501171200000,55.0500],[1501430400000,48.3200],[1501516800000,55.0500],[1501603200000,54.5500],[1501689600000,57.7400],[1501776000000,57.9100],[1502035200000,56.5400],[1502121600000,55.7000],[1502208000000,55.0300],[1502294400000,55.2000],[1502380800000,55.2000],[1502640000000,54.1900],[1502726400000,54.3600],[1502812800000,54.5300],[1502899200000,54.5300],[1502985600000,54.0300],[1503244800000,53.1000],[1503331200000,52.9300],[1503417600000,52.2600],[1503504000000,52.3500],[1503590400000,52.3500],[1503849600000,43.00],[1503936000000,39.5000],[1504022400000,49.8300],[1504108800000,48.7500],[1504195200000,46.5900],[1504454400000,46.2600],[1504540800000,45.2600],[1504627200000,43.2600],[1504713600000,42.6000],[1504800000000,42.2600],[1505059200000,40.9600],[1505145600000,39.8000],[1505232000000,39.4700],[1505318400000,38.6800],[1505404800000,37.6900],[1505664000000,36.9600],[1505750400000,36.3000],[1505836800000,36.1500],[1505923200000,36.3200],[1506009600000,35.9900],[1506268800000,35.1600],[1506355200000,34.9900],[1506441600000,34.9300],[1506528000000,34.7700],[1506614400000,34.8200],[1507478400000,31.0200],[1507564800000,32.1300],[1507651200000,32.2900],[1507737600000,31.5900],[1507824000000,30.6100],[1508083200000,29.7400],[1508169600000,29.5800],[1508256000000,29.6200],[1508342400000,29.4600],[1508428800000,29.6200],[1508688000000,29.2100],[1508774400000,31.5200],[1508860800000,32.2900],[1508947200000,31.6300],[1509033600000,32.1300],[1509292800000,31.6900],[1509379200000,32.3000],[1509465600000,32.1300],[1509552000000,32.9500],[1509638400000,29.5000],[1509897600000,30.6000],[1509984000000,30.1100],[1510070400000,30.6000],[1510156800000,30.9800],[1510243200000,30.9800],[1510502400000,31.4400],[1510588800000,31.9700],[1510675200000,31.9700],[1510761600000,31.9700],[1510848000000,32.0800],[1511107200000,31.2900],[1511193600000,30.5000],[1511280000000,30.8200],[1511366400000,30.0300],[1511452800000,29.6700],[1511712000000,29.5300],[1511798400000,30.1600],[1511884800000,29.8400],[1511971200000,29.6400],[1512057600000,31.1000],[1512316800000,31.4200],[1512403200000,31.1000],[1512489600000,31.2600],[1512576000000,30.7500],[1512662400000,30.9800],[1512921600000,30.5200],[1513008000000,30.3200],[1513094400000,30.4700],[1513180800000,30.7300],[1513267200000,30.6400],[1513526400000,29.5700],[1513612800000,29.4200],[1513699200000,28.0500],[1513785600000,27.6300],[1513872000000,27.6300],[1514131200000,26.8700],[1514217600000,26.7200],[1514304000000,26.7600],[1514390400000,27.0200],[1514476800000,27.3300],[1514822400000,15.4200],[1514908800000,13.8900],[1514995200000,12.8200],[1515081600000,12.3700],[1515340800000,25.6500],[1515427200000,25.9500],[1515513600000,23.4800],[1515600000000,22.5300],[1515686400000,22.5300],[1515945600000,22.9800],[1516032000000,22.6800],[1516118400000,22.2200],[1516204800000,22.2200],[1516291200000,21.9200],[1516550400000,22.5300],[1516636800000,21.6100],[1516723200000,18.8700],[1516809600000,18.8700],[1516896000000,18.4700],[1517155200000,18.7500],[1517241600000,18.1400],[1517328000000,17.9900],[1517414400000,17.6800],[1517500800000,17.9900],[1517760000000,17.2300],[1517846400000,17.0700]];
/*规模变动*/
var Data_fluctuationScale = {"categories":["2016-12-31","2017-03-31","2017-06-30","2017-09-30","2017-12-31"],"series":[{"y":10.50,"mom":"-7.84%"},{"y":15.17,"mom":"44.48%"},{"y":20.75,"mom":"36.80%"},{"y":22.84,"mom":"10.04%"},{"y":24.75,"mom":"8.39%"}]};;
/*持有人结构*/
var Data_holderStructure = {"series":[{"name":"机构持有比例","data":[0.02,0.06,0.1,0.11]},{"name":"个人持有比例","data":[99.98,99.94,99.9,99.89]},{"name":"内部持有比例","data":[0.0,0.0,0.0,0.0]}],"categories":["2015-12-31","2016-06-30","2016-12-31","2017-06-30"]};
/*申购赎回*/
var Data_assetAllocation ={"series":[{"name":"期间申购","data":[34.53,40.39,41.56,38.44]},{"name":"期间赎回","data":[29.85,34.80,39.48,36.52]},{"name":"总份额","data":[15.17,20.75,22.84,24.75]}],"categories":["2017-03-31","2017-06-30","2017-09-30","2017-12-31"]};
/*现任基金经理*/
var Data_currentFundManager = [{"id":"30062366","pic":"https://pdf.dfcfw.com/pdf/H8_JPG30062366_1.jpg","name":"谢志华","star":3,"workTime":"6年又293天","fundSize":"610.04亿(20只基金)","power":{"avr":"44.57","categories":["经验值","收益率","抗风险","稳定性","管理规模"],"dsc":["反映基金经理从业年限和管理基金的经验","根据基金经理投资的阶段收益评分，反映\u003cbr\u003e基金经理投资的盈利能力","反映基金经理投资的回撤控制能力","反映基金经理投资收益的波动","根据基金经理现任管理基金资产规模评分"],"data":[85.10,28.10,43.70,37.40,85.70],"jzrq":"2018-02-06"},"profit":{"categories":["任期收益","同类平均"],"series":[{"data":[{"name":null,"color":"#7cb5ec","y":6.5067},{"name":null,"color":"#414c7b","y":6.56}]}],"jzrq":"2018-02-06"}}] ;
/*同类型基金涨幅榜（页面底部通栏）*/
var swithSameType = [['002895_华夏天利货币B_5.8750','002894_华夏天利货币A_5.6210','004398_融通现金宝货币B_5.3370','000902_国开货币B_5.3360','001478_泰康薪意保货币B_5.1400'],['002895_华夏天利货币B_5.26','004973_长城收益宝货币B_5.08','004904_人保货币B_5.05','002884_华润元大现金通货币B_5.01','002894_华夏天利货币A_5.01'],['004973_长城收益宝货币B_5.05','004770_海富通添益货币A_4.99','002884_华润元大现金通货币B_4.99','005151_红土创新优淳货币B_4.90','002895_华夏天利货币B_4.89'],['004770_海富通添益货币A_5.39','004973_长城收益宝货币B_5.13','002884_华润元大现金通货币B_5.03','002895_华夏天利货币B_5.03','004398_融通现金宝货币B_5.01'],['003679_中融现金增利货币C_4.67','003474_南方天天利货币B_4.55','000836_国投瑞银钱多宝货币A_4.52','000837_国投瑞银钱多宝货币I_4.52','003753_工银如意货币B_4.51']];