/**
 * 测试数据
 * @type {arry}
 */
/*2018-02-07 17:59:12*/
//基金或股票信息
var fS_name = "招商招益宝货币A";
var fS_code = "003388";
var fund_minsg="";
var ishb=true;
/*原费率*/
var fund_sourceRate="0";
/*现费率*/
var fund_Rate="0";
/*最小申购金额*/
var fund_minsg="";
/*收益率*/
/*近一年收益率*/
var syl_1n="";
/*近6月收益率*/
var syl_6y="2.0644";
/*近三月收益率*/
var syl_3y="1.0577";
/*近一月收益率*/
var syl_1y="0.295";
/* 基金收益走势图 每万份收益*/
var Data_millionCopiesIncome = [[1487779200000,0.0505],[1487865600000,1.0817],[1488470400000,1.0809],[1489075200000,1.08],[1489680000000,1.0792],[1490284800000,1.0936],[1490889600000,1.0837],[1491494400000,1.0828],[1492099200000,1.082],[1492704000000,1.0812],[1493308800000,1.0804],[1493740800000,1.0798],[1493913600000,1.0765],[1494518400000,1.0787],[1495123200000,1.0779],[1495296000000,2.1556],[1495382400000,1.0294],[1495468800000,1.0283],[1495555200000,0.9789],[1495641600000,0.9751],[1495728000000,0.975],[1496073600000,3.8988],[1496160000000,0.9807],[1496246400000,0.9805],[1496332800000,0.8998],[1496505600000,1.961],[1496592000000,0.9799],[1496678400000,0.9821],[1496764800000,0.9732],[1496851200000,0.9756],[1496937600000,0.9755],[1497110400000,1.9509],[1497196800000,0.9829],[1497283200000,0.9935],[1497369600000,0.9853],[1497456000000,1.0091],[1497542400000,1.009],[1497715200000,2.0178],[1497801600000,1.0087],[1497888000000,1.0202],[1497974400000,1.0295],[1498060800000,1.0491],[1498147200000,1.0511],[1498320000000,2.1079],[1498406400000,1.0559],[1498492800000,1.0976],[1498579200000,1.0975],[1498665600000,1.0974],[1498752000000,1.1481],[1498924800000,2.2802],[1499011200000,1.1275],[1499097600000,1.1249],[1499184000000,1.1273],[1499270400000,1.1272],[1499356800000,1.1015],[1499529600000,2.2028],[1499616000000,1.0977],[1499702400000,1.0976],[1499788800000,1.0975],[1499875200000,1.0974],[1499961600000,1.0862],[1500134400000,2.1968],[1500220800000,1.1012],[1500307200000,1.101],[1500393600000,1.1009],[1500480000000,1.1008],[1500566400000,1.1666],[1500739200000,2.1956],[1500825600000,1.162],[1500912000000,1.1153],[1500998400000,1.1135],[1501084800000,1.1134],[1501171200000,1.1181],[1501344000000,2.236],[1501430400000,1.1195],[1501516800000,1.176],[1501603200000,1.1174],[1501689600000,1.1243],[1501776000000,1.099],[1501948800000,2.1977],[1502035200000,1.0601],[1502121600000,1.0949],[1502208000000,1.0929],[1502294400000,1.0932],[1502380800000,1.093],[1502553600000,2.1857],[1502640000000,1.092],[1502726400000,1.096],[1502812800000,1.0998],[1502899200000,1.1476],[1502985600000,1.1088],[1503158400000,2.1985],[1503244800000,1.101],[1503331200000,1.1009],[1503417600000,1.0497],[1503504000000,1.1175],[1503590400000,1.1154],[1503763200000,2.2304],[1503849600000,1.116],[1503936000000,1.1144],[1504022400000,1.1291],[1504108800000,1.143],[1504195200000,1.1082],[1504368000000,2.2191],[1504454400000,1.114],[1504540800000,1.1124],[1504627200000,1.0541],[1504713600000,1.0509],[1504800000000,1.0358],[1504972800000,2.0731],[1505059200000,1.0399],[1505145600000,1.0361],[1505232000000,1.0446],[1505318400000,1.0391],[1505404800000,1.0497],[1505577600000,2.1],[1505664000000,1.0596],[1505750400000,1.0662],[1505836800000,1.0845],[1505923200000,1.0986],[1506009600000,1.1207],[1506182400000,2.2289],[1506268800000,1.1009],[1506355200000,1.1119],[1506441600000,1.1091],[1506528000000,1.125],[1506614400000,1.1187],[1507392000000,10.215],[1507478400000,1.1342],[1507564800000,1.1352],[1507651200000,1.1351],[1507737600000,1.0703],[1507824000000,1.0054],[1507996800000,2.0274],[1508083200000,1.0135],[1508169600000,1.0556],[1508256000000,0.9387],[1508342400000,1.0195],[1508428800000,1.0003],[1508601600000,2.0025],[1508688000000,1.0076],[1508774400000,1.0146],[1508860800000,1.0285],[1508947200000,1.0294],[1509033600000,1.0433],[1509206400000,2.0846],[1509292800000,1.0418],[1509379200000,1.0497],[1509465600000,1.0417],[1509552000000,1.0345],[1509638400000,1.0216],[1509811200000,2.057],[1509897600000,1.0413],[1509984000000,0.9933],[1510070400000,1.004],[1510156800000,1.0789],[1510243200000,1.0896],[1510416000000,2.1787],[1510502400000,1.089],[1510588800000,1.098],[1510675200000,1.1039],[1510761600000,1.1049],[1510848000000,1.0992],[1511020800000,2.1969],[1511107200000,1.1245],[1511193600000,1.0113],[1511280000000,1.1028],[1511366400000,1.1026],[1511452800000,1.1022],[1511625600000,2.2039],[1511712000000,1.1006],[1511798400000,1.1089],[1511884800000,1.103],[1511971200000,1.1052],[1512057600000,1.0879],[1512230400000,2.1694],[1512316800000,1.0845],[1512403200000,1.0608],[1512489600000,1.0703],[1512576000000,1.0733],[1512662400000,1.076],[1512835200000,2.1528],[1512921600000,1.0762],[1513008000000,1.0717],[1513094400000,1.0713],[1513180800000,1.0727],[1513267200000,1.0452],[1513440000000,2.0917],[1513526400000,1.0771],[1513612800000,1.075],[1513699200000,0.9187],[1513785600000,0.8463],[1513872000000,0.9167],[1514044800000,1.8587],[1514131200000,0.7587],[1514217600000,0.8886],[1514304000000,0.8984],[1514390400000,2.2015],[1514476800000,2.6747],[1514563200000,2.6716],[1514649600000,2.6707],[1514736000000,2.6698],[1514822400000,2.7227],[1514908800000,2.7605],[1514995200000,2.4228],[1515081600000,1.4365],[1515254400000,2.6486],[1515340800000,1.4133],[1515427200000,1.3541],[1515513600000,1.3466],[1515600000000,0.8322],[1515686400000,0.8227],[1515859200000,1.5786],[1515945600000,0.8511],[1516032000000,0.8466],[1516118400000,0.878],[1516204800000,0.8129],[1516291200000,0.9137],[1516464000000,1.8237],[1516550400000,0.9207],[1516636800000,0.9269],[1516723200000,0.8897],[1516809600000,0.8802],[1516896000000,0.818],[1517068800000,1.6533],[1517155200000,0.8243],[1517241600000,0.8223],[1517328000000,0.8786],[1517414400000,0.834],[1517500800000,0.7913],[1517673600000,1.5869],[1517760000000,0.7693],[1517846400000,0.7412]];
/*基金收益走势图   7日年化收益率*/
var Data_sevenDaysYearIncome = [[1487779200000,0],[1487865600000,5.053],[1488470400000,4.025],[1489075200000,4.022],[1489680000000,4.019],[1490284800000,3.993],[1490889600000,4.036],[1491494400000,4.033],[1492099200000,4.029],[1492704000000,4.026],[1493308800000,4.023],[1493740800000,4.021],[1493913600000,4.018],[1494518400000,4.017],[1495123200000,4.014],[1495296000000,4.013],[1495382400000,3.987],[1495468800000,3.959],[1495555200000,3.906],[1495641600000,3.85],[1495728000000,3.794],[1496073600000,3.624],[1496160000000,3.625],[1496246400000,3.628],[1496332800000,3.587],[1496505600000,3.593],[1496592000000,3.596],[1496678400000,3.6],[1496764800000,3.596],[1496851200000,3.594],[1496937600000,3.635],[1497110400000,3.629],[1497196800000,3.631],[1497283200000,3.637],[1497369600000,3.644],[1497456000000,3.662],[1497542400000,3.68],[1497715200000,3.716],[1497801600000,3.73],[1497888000000,3.744],[1497974400000,3.768],[1498060800000,3.79],[1498147200000,3.813],[1498320000000,3.861],[1498406400000,3.887],[1498492800000,3.929],[1498579200000,3.966],[1498665600000,3.992],[1498752000000,4.045],[1498924800000,4.138],[1499011200000,4.177],[1499097600000,4.192],[1499184000000,4.208],[1499270400000,4.224],[1499356800000,4.199],[1499529600000,4.157],[1499616000000,4.141],[1499702400000,4.126],[1499788800000,4.11],[1499875200000,4.093],[1499961600000,4.085],[1500134400000,4.082],[1500220800000,4.084],[1500307200000,4.086],[1500393600000,4.087],[1500480000000,4.089],[1500566400000,4.133],[1500739200000,4.132],[1500825600000,4.165],[1500912000000,4.173],[1500998400000,4.18],[1501084800000,4.187],[1501171200000,4.16],[1501344000000,4.182],[1501430400000,4.159],[1501516800000,4.192],[1501603200000,4.194],[1501689600000,4.2],[1501776000000,4.19],[1501948800000,4.169],[1502035200000,4.137],[1502121600000,4.093],[1502208000000,4.08],[1502294400000,4.063],[1502380800000,4.059],[1502553600000,4.053],[1502640000000,4.07],[1502726400000,4.071],[1502812800000,4.075],[1502899200000,4.104],[1502985600000,4.113],[1503158400000,4.12],[1503244800000,4.125],[1503331200000,4.127],[1503417600000,4.1],[1503504000000,4.084],[1503590400000,4.087],[1503763200000,4.105],[1503849600000,4.113],[1503936000000,4.12],[1504022400000,4.163],[1504108800000,4.177],[1504195200000,4.173],[1504368000000,4.167],[1504454400000,4.166],[1504540800000,4.165],[1504627200000,4.124],[1504713600000,4.074],[1504800000000,4.035],[1504972800000,3.956],[1505059200000,3.915],[1505145600000,3.874],[1505232000000,3.869],[1505318400000,3.863],[1505404800000,3.87],[1505577600000,3.885],[1505664000000,3.895],[1505750400000,3.912],[1505836800000,3.933],[1505923200000,3.965],[1506009600000,4.004],[1506182400000,4.074],[1506268800000,4.096],[1506355200000,4.121],[1506441600000,4.134],[1506528000000,4.149],[1506614400000,4.148],[1507392000000,4.229],[1507478400000,4.228],[1507564800000,4.228],[1507651200000,4.228],[1507737600000,4.193],[1507824000000,4.123],[1507996800000,3.992],[1508083200000,3.927],[1508169600000,3.883],[1508256000000,3.777],[1508342400000,3.75],[1508428800000,3.747],[1508601600000,3.734],[1508688000000,3.73],[1508774400000,3.708],[1508860800000,3.757],[1508947200000,3.762],[1509033600000,3.785],[1509206400000,3.83],[1509292800000,3.848],[1509379200000,3.867],[1509465600000,3.874],[1509552000000,3.877],[1509638400000,3.865],[1509811200000,3.85],[1509897600000,3.85],[1509984000000,3.82],[1510070400000,3.799],[1510156800000,3.823],[1510243200000,3.86],[1510416000000,3.926],[1510502400000,3.952],[1510588800000,4.009],[1510675200000,4.063],[1510761600000,4.077],[1510848000000,4.082],[1511020800000,4.092],[1511107200000,4.111],[1511193600000,4.064],[1511280000000,4.064],[1511366400000,4.062],[1511452800000,4.064],[1511625600000,4.068],[1511712000000,4.055],[1511798400000,4.108],[1511884800000,4.108],[1511971200000,4.109],[1512057600000,4.102],[1512230400000,4.083],[1512316800000,4.074],[1512403200000,4.048],[1512489600000,4.03],[1512576000000,4.013],[1512662400000,4.007],[1512835200000,3.998],[1512921600000,3.993],[1513008000000,3.999],[1513094400000,3.999],[1513180800000,3.999],[1513267200000,3.982],[1513440000000,3.949],[1513526400000,3.95],[1513612800000,3.952],[1513699200000,3.869],[1513785600000,3.746],[1513872000000,3.677],[1514044800000,3.551],[1514131200000,3.379],[1514217600000,3.279],[1514304000000,3.268],[1514390400000,4.0],[1514476800000,4.958],[1514563200000,5.915],[1514649600000,6.881],[1514736000000,7.952],[1514822400000,8.989],[1514908800000,10.052],[1514995200000,10.179],[1515081600000,9.47],[1515254400000,7.943],[1515340800000,7.239],[1515427200000,6.476],[1515513600000,5.694],[1515600000000,4.821],[1515686400000,4.487],[1515859200000,3.905],[1515945600000,3.601],[1516032000000,3.327],[1516118400000,3.075],[1516204800000,3.065],[1516291200000,3.114],[1516464000000,3.246],[1516550400000,3.283],[1516636800000,3.326],[1516723200000,3.333],[1516809600000,3.369],[1516896000000,3.317],[1517068800000,3.226],[1517155200000,3.174],[1517241600000,3.118],[1517328000000,3.112],[1517414400000,3.087],[1517500800000,3.072],[1517673600000,3.037],[1517760000000,3.007],[1517846400000,2.964]];
/*资产配置*/
var Data_assetAllocationCurrency ={"categories":["12-31","09-30","06-30"],"series":[{"name":"股票","data":[null,null,null]},{"name":"债券","data":[9.49,10.02,4.32]},{"name":"现金","data":[28.16,84.01,89.8]}]};
/*累计收益率走势*/
var Data_grandTotal = [{"name":"招商招益宝货币A","data":[[1501948800000,0],[1502035200000,0.01],[1502121600000,0.02],[1502208000000,0.03],[1502294400000,0.04],[1502380800000,0.05],[1502553600000,0.08],[1502640000000,0.09],[1502726400000,0.10],[1502812800000,0.11],[1502899200000,0.12],[1502985600000,0.13],[1503158400000,0.15],[1503244800000,0.16],[1503331200000,0.18],[1503417600000,0.19],[1503504000000,0.20],[1503590400000,0.21],[1503763200000,0.23],[1503849600000,0.24],[1503936000000,0.25],[1504022400000,0.26],[1504108800000,0.28],[1504195200000,0.29],[1504368000000,0.31],[1504454400000,0.32],[1504540800000,0.33],[1504627200000,0.34],[1504713600000,0.35],[1504800000000,0.36],[1504972800000,0.38],[1505059200000,0.39],[1505145600000,0.40],[1505232000000,0.42],[1505318400000,0.43],[1505404800000,0.44],[1505577600000,0.46],[1505664000000,0.47],[1505750400000,0.48],[1505836800000,0.49],[1505923200000,0.50],[1506009600000,0.51],[1506182400000,0.53],[1506268800000,0.55],[1506355200000,0.56],[1506441600000,0.57],[1506528000000,0.58],[1506614400000,0.59],[1507392000000,0.69],[1507478400000,0.70],[1507564800000,0.72],[1507651200000,0.73],[1507737600000,0.74],[1507824000000,0.75],[1507996800000,0.77],[1508083200000,0.78],[1508169600000,0.79],[1508256000000,0.80],[1508342400000,0.81],[1508428800000,0.82],[1508601600000,0.84],[1508688000000,0.85],[1508774400000,0.86],[1508860800000,0.87],[1508947200000,0.88],[1509033600000,0.89],[1509206400000,0.91],[1509292800000,0.92],[1509379200000,0.93],[1509465600000,0.94],[1509552000000,0.95],[1509638400000,0.96],[1509811200000,0.99],[1509897600000,1.00],[1509984000000,1.01],[1510070400000,1.02],[1510156800000,1.03],[1510243200000,1.04],[1510416000000,1.06],[1510502400000,1.07],[1510588800000,1.08],[1510675200000,1.09],[1510761600000,1.10],[1510848000000,1.12],[1511020800000,1.14],[1511107200000,1.15],[1511193600000,1.16],[1511280000000,1.17],[1511366400000,1.18],[1511452800000,1.19],[1511625600000,1.22],[1511712000000,1.23],[1511798400000,1.24],[1511884800000,1.25],[1511971200000,1.26],[1512057600000,1.27],[1512230400000,1.29],[1512316800000,1.30],[1512403200000,1.31],[1512489600000,1.33],[1512576000000,1.34],[1512662400000,1.35],[1512835200000,1.37],[1512921600000,1.38],[1513008000000,1.39],[1513094400000,1.40],[1513180800000,1.41],[1513267200000,1.42],[1513440000000,1.44],[1513526400000,1.46],[1513612800000,1.47],[1513699200000,1.48],[1513785600000,1.48],[1513872000000,1.49],[1514044800000,1.51],[1514131200000,1.52],[1514217600000,1.53],[1514304000000,1.54],[1514390400000,1.56],[1514476800000,1.59],[1514563200000,1.61],[1514649600000,1.64],[1514736000000,1.67],[1514822400000,1.70],[1514908800000,1.72],[1514995200000,1.75],[1515081600000,1.76],[1515254400000,1.79],[1515340800000,1.81],[1515427200000,1.82],[1515513600000,1.83],[1515600000000,1.84],[1515686400000,1.85],[1515859200000,1.87],[1515945600000,1.87],[1516032000000,1.88],[1516118400000,1.89],[1516204800000,1.90],[1516291200000,1.91],[1516464000000,1.93],[1516550400000,1.94],[1516636800000,1.95],[1516723200000,1.96],[1516809600000,1.97],[1516896000000,1.97],[1517068800000,1.99],[1517155200000,2.00],[1517241600000,2.01],[1517328000000,2.02],[1517414400000,2.02],[1517500800000,2.03],[1517673600000,2.05],[1517760000000,2.06],[1517846400000,2.06]]},{"name":"同类平均","data":[[1502035200000,0],[1502121600000,0.01],[1502208000000,0.02],[1502294400000,0.03],[1502380800000,0.04],[1502640000000,0.07],[1502726400000,0.08],[1502812800000,0.09],[1502899200000,0.10],[1502985600000,0.11],[1503244800000,0.14],[1503331200000,0.16],[1503417600000,0.17],[1503504000000,0.18],[1503590400000,0.19],[1503849600000,0.22],[1503936000000,0.23],[1504022400000,0.24],[1504108800000,0.25],[1504195200000,0.26],[1504454400000,0.29],[1504540800000,0.30],[1504627200000,0.31],[1504713600000,0.32],[1504800000000,0.34],[1505059200000,0.37],[1505145600000,0.38],[1505232000000,0.39],[1505318400000,0.40],[1505404800000,0.41],[1505664000000,0.44],[1505750400000,0.45],[1505836800000,0.46],[1505923200000,0.47],[1506009600000,0.48],[1506268800000,0.52],[1506355200000,0.53],[1506441600000,0.54],[1506528000000,0.55],[1506614400000,0.56],[1507478400000,0.67],[1507564800000,0.68],[1507651200000,0.69],[1507737600000,0.71],[1507824000000,0.72],[1508083200000,0.75],[1508169600000,0.76],[1508256000000,0.77],[1508342400000,0.78],[1508428800000,0.79],[1508688000000,0.82],[1508774400000,0.83],[1508860800000,0.84],[1508947200000,0.85],[1509033600000,0.86],[1509292800000,0.90],[1509379200000,0.91],[1509465600000,0.92],[1509552000000,0.93],[1509638400000,0.94],[1509897600000,0.97],[1509984000000,0.98],[1510070400000,0.99],[1510156800000,1.00],[1510243200000,1.01],[1510502400000,1.04],[1510588800000,1.06],[1510675200000,1.07],[1510761600000,1.08],[1510848000000,1.09],[1511107200000,1.12],[1511193600000,1.13],[1511280000000,1.14],[1511366400000,1.15],[1511452800000,1.16],[1511712000000,1.20],[1511798400000,1.21],[1511884800000,1.22],[1511971200000,1.23],[1512057600000,1.24],[1512316800000,1.28],[1512403200000,1.29],[1512489600000,1.30],[1512576000000,1.31],[1512662400000,1.32],[1512921600000,1.35],[1513008000000,1.36],[1513094400000,1.38],[1513180800000,1.39],[1513267200000,1.40],[1513526400000,1.43],[1513612800000,1.44],[1513699200000,1.46],[1513785600000,1.47],[1513872000000,1.48],[1514131200000,1.51],[1514217600000,1.53],[1514304000000,1.54],[1514390400000,1.55],[1514476800000,1.57],[1514822400000,1.62],[1514908800000,1.64],[1514995200000,1.65],[1515081600000,1.66],[1515340800000,1.69],[1515427200000,1.71],[1515513600000,1.72],[1515600000000,1.73],[1515686400000,1.74],[1515945600000,1.77],[1516032000000,1.79],[1516118400000,1.80],[1516204800000,1.81],[1516291200000,1.82],[1516550400000,1.86],[1516636800000,1.87],[1516723200000,1.88],[1516809600000,1.89],[1516896000000,1.90],[1517155200000,1.94],[1517241600000,1.95],[1517328000000,1.96],[1517414400000,1.97],[1517500800000,1.98],[1517760000000,2.02],[1517846400000,2.03]]},{"name":"沪深300","data":[[1502035200000,0],[1502121600000,0.15],[1502208000000,0.11],[1502294400000,-0.29],[1502380800000,-2.13],[1502640000000,-0.86],[1502726400000,-0.56],[1502812800000,-0.68],[1502899200000,-0.15],[1502985600000,-0.06],[1503244800000,0.38],[1503331200000,0.68],[1503417600000,0.79],[1503504000000,0.21],[1503590400000,1.85],[1503849600000,3.11],[1503936000000,2.89],[1504022400000,2.88],[1504108800000,2.56],[1504195200000,2.78],[1504454400000,3.19],[1504540800000,3.50],[1504627200000,3.29],[1504713600000,2.77],[1504800000000,2.66],[1505059200000,2.65],[1505145600000,2.98],[1505232000000,3.11],[1505318400000,2.77],[1505404800000,2.80],[1505664000000,3.12],[1505750400000,2.83],[1505836800000,3.10],[1505923200000,2.98],[1506009600000,2.98],[1506268800000,2.44],[1506355200000,2.52],[1506441600000,2.53],[1506528000000,2.57],[1506614400000,2.94],[1507478400000,4.17],[1507564800000,4.38],[1507651200000,4.72],[1507737600000,5.00],[1507824000000,5.21],[1508083200000,5.01],[1508169600000,5.00],[1508256000000,5.83],[1508342400000,5.49],[1508428800000,5.37],[1508688000000,5.47],[1508774400000,6.24],[1508860800000,6.71],[1508947200000,7.16],[1509033600000,7.92],[1509292800000,7.59],[1509379200000,7.51],[1509465600000,7.24],[1509552000000,7.25],[1509638400000,7.13],[1509897600000,7.89],[1509984000000,8.79],[1510070400000,8.62],[1510156800000,9.37],[1510243200000,10.33],[1510502400000,10.77],[1510588800000,10.00],[1510675200000,9.31],[1510761600000,10.15],[1510848000000,10.57],[1511107200000,11.19],[1511193600000,13.17],[1511280000000,13.44],[1511366400000,10.08],[1511452800000,10.13],[1511712000000,8.67],[1511798400000,8.83],[1511884800000,8.77],[1511971200000,7.49],[1512057600000,7.28],[1512316800000,7.84],[1512403200000,8.41],[1512489600000,7.76],[1512576000000,6.55],[1512662400000,7.42],[1512921600000,9.20],[1513008000000,7.76],[1513094400000,8.67],[1513180800000,8.03],[1513267200000,6.82],[1513526400000,6.94],[1513612800000,8.28],[1513699200000,8.15],[1513785600000,9.15],[1513872000000,8.80],[1514131200000,8.45],[1514217600000,8.77],[1514304000000,7.09],[1514390400000,7.84],[1514476800000,8.16],[1514822400000,9.68],[1514908800000,10.32],[1514995200000,10.79],[1515081600000,11.05],[1515340800000,11.63],[1515427200000,12.41],[1515513600000,12.91],[1515600000000,12.85],[1515686400000,13.37],[1515945600000,13.37],[1516032000000,14.27],[1516118400000,13.99],[1516204800000,14.61],[1516291200000,14.99],[1516550400000,16.36],[1516636800000,17.60],[1516723200000,17.79],[1516809600000,17.13],[1516896000000,17.56],[1517155200000,15.43],[1517241600000,14.20],[1517328000000,14.73],[1517414400000,13.93],[1517500800000,14.61],[1517760000000,14.69],[1517846400000,11.33]]}];
/*同类排名*/
var Data_rateInSimilarType = [{"x":1495468800000,"y":556,"sc":"562"},{"x":1495555200000,"y":558,"sc":"564"},{"x":1495641600000,"y":558,"sc":"564"},{"x":1495728000000,"y":558,"sc":"564"},{"x":1496160000000,"y":558,"sc":"564"},{"x":1496246400000,"y":558,"sc":"564"},{"x":1496332800000,"y":558,"sc":"564"},{"x":1496592000000,"y":560,"sc":"566"},{"x":1496678400000,"y":560,"sc":"566"},{"x":1496764800000,"y":560,"sc":"566"},{"x":1496851200000,"y":560,"sc":"566"},{"x":1496937600000,"y":560,"sc":"566"},{"x":1497196800000,"y":568,"sc":"574"},{"x":1497283200000,"y":568,"sc":"574"},{"x":1497369600000,"y":569,"sc":"575"},{"x":1497456000000,"y":569,"sc":"575"},{"x":1497542400000,"y":569,"sc":"575"},{"x":1497801600000,"y":570,"sc":"577"},{"x":1497888000000,"y":569,"sc":"577"},{"x":1497974400000,"y":567,"sc":"575"},{"x":1498060800000,"y":567,"sc":"575"},{"x":1498147200000,"y":568,"sc":"576"},{"x":1498406400000,"y":570,"sc":"579"},{"x":1498492800000,"y":570,"sc":"579"},{"x":1498579200000,"y":569,"sc":"579"},{"x":1498665600000,"y":569,"sc":"579"},{"x":1498752000000,"y":571,"sc":"582"},{"x":1499011200000,"y":571,"sc":"582"},{"x":1499097600000,"y":567,"sc":"582"},{"x":1499184000000,"y":568,"sc":"583"},{"x":1499270400000,"y":568,"sc":"583"},{"x":1499356800000,"y":568,"sc":"583"},{"x":1499616000000,"y":568,"sc":"583"},{"x":1499702400000,"y":567,"sc":"583"},{"x":1499788800000,"y":567,"sc":"583"},{"x":1499875200000,"y":567,"sc":"583"},{"x":1499961600000,"y":570,"sc":"586"},{"x":1500220800000,"y":570,"sc":"586"},{"x":1500307200000,"y":570,"sc":"586"},{"x":1500393600000,"y":572,"sc":"589"},{"x":1500480000000,"y":572,"sc":"589"},{"x":1500566400000,"y":576,"sc":"593"},{"x":1500825600000,"y":572,"sc":"593"},{"x":1500912000000,"y":569,"sc":"593"},{"x":1500998400000,"y":568,"sc":"594"},{"x":1501084800000,"y":568,"sc":"594"},{"x":1501171200000,"y":568,"sc":"594"},{"x":1501430400000,"y":566,"sc":"594"},{"x":1501516800000,"y":559,"sc":"594"},{"x":1501603200000,"y":554,"sc":"594"},{"x":1501689600000,"y":556,"sc":"594"},{"x":1501776000000,"y":550,"sc":"594"},{"x":1502035200000,"y":540,"sc":"596"},{"x":1502121600000,"y":532,"sc":"596"},{"x":1502208000000,"y":515,"sc":"596"},{"x":1502294400000,"y":500,"sc":"596"},{"x":1502380800000,"y":487,"sc":"596"},{"x":1502640000000,"y":443,"sc":"596"},{"x":1502726400000,"y":423,"sc":"596"},{"x":1502812800000,"y":392,"sc":"596"},{"x":1502899200000,"y":365,"sc":"596"},{"x":1502985600000,"y":343,"sc":"596"},{"x":1503244800000,"y":346,"sc":"597"},{"x":1503331200000,"y":343,"sc":"597"},{"x":1503417600000,"y":343,"sc":"597"},{"x":1503504000000,"y":340,"sc":"596"},{"x":1503590400000,"y":339,"sc":"596"},{"x":1503849600000,"y":313,"sc":"600"},{"x":1503936000000,"y":308,"sc":"600"},{"x":1504022400000,"y":332,"sc":"600"},{"x":1504108800000,"y":327,"sc":"601"},{"x":1504195200000,"y":325,"sc":"601"},{"x":1504454400000,"y":316,"sc":"601"},{"x":1504540800000,"y":312,"sc":"601"},{"x":1504627200000,"y":311,"sc":"601"},{"x":1504713600000,"y":305,"sc":"601"},{"x":1504800000000,"y":307,"sc":"601"},{"x":1505059200000,"y":301,"sc":"603"},{"x":1505145600000,"y":302,"sc":"603"},{"x":1505232000000,"y":301,"sc":"603"},{"x":1505318400000,"y":300,"sc":"605"},{"x":1505404800000,"y":300,"sc":"605"},{"x":1505664000000,"y":301,"sc":"606"},{"x":1505750400000,"y":301,"sc":"606"},{"x":1505836800000,"y":296,"sc":"603"},{"x":1505923200000,"y":291,"sc":"603"},{"x":1506009600000,"y":290,"sc":"603"},{"x":1506268800000,"y":282,"sc":"603"},{"x":1506355200000,"y":277,"sc":"603"},{"x":1506441600000,"y":270,"sc":"604"},{"x":1506528000000,"y":269,"sc":"604"},{"x":1506614400000,"y":267,"sc":"606"},{"x":1507478400000,"y":251,"sc":"606"},{"x":1507564800000,"y":251,"sc":"607"},{"x":1507651200000,"y":254,"sc":"607"},{"x":1507737600000,"y":257,"sc":"611"},{"x":1507824000000,"y":263,"sc":"611"},{"x":1508083200000,"y":271,"sc":"612"},{"x":1508169600000,"y":274,"sc":"612"},{"x":1508256000000,"y":282,"sc":"611"},{"x":1508342400000,"y":282,"sc":"611"},{"x":1508428800000,"y":288,"sc":"611"},{"x":1508688000000,"y":298,"sc":"606"},{"x":1508774400000,"y":301,"sc":"606"},{"x":1508860800000,"y":308,"sc":"607"},{"x":1508947200000,"y":311,"sc":"607"},{"x":1509033600000,"y":313,"sc":"607"},{"x":1509292800000,"y":313,"sc":"609"},{"x":1509379200000,"y":314,"sc":"610"},{"x":1509465600000,"y":322,"sc":"610"},{"x":1509552000000,"y":327,"sc":"613"},{"x":1509638400000,"y":327,"sc":"617"},{"x":1509897600000,"y":337,"sc":"621"},{"x":1509984000000,"y":345,"sc":"621"},{"x":1510070400000,"y":346,"sc":"621"},{"x":1510156800000,"y":349,"sc":"623"},{"x":1510243200000,"y":348,"sc":"623"},{"x":1510502400000,"y":348,"sc":"633"},{"x":1510588800000,"y":349,"sc":"635"},{"x":1510675200000,"y":345,"sc":"635"},{"x":1510761600000,"y":343,"sc":"635"},{"x":1510848000000,"y":347,"sc":"636"},{"x":1511107200000,"y":352,"sc":"636"},{"x":1511193600000,"y":362,"sc":"636"},{"x":1511280000000,"y":360,"sc":"636"},{"x":1511366400000,"y":359,"sc":"636"},{"x":1511452800000,"y":359,"sc":"637"},{"x":1511712000000,"y":364,"sc":"640"},{"x":1511798400000,"y":367,"sc":"640"},{"x":1511884800000,"y":370,"sc":"640"},{"x":1511971200000,"y":376,"sc":"641"},{"x":1512057600000,"y":374,"sc":"643"},{"x":1512316800000,"y":381,"sc":"643"},{"x":1512403200000,"y":384,"sc":"643"},{"x":1512489600000,"y":387,"sc":"643"},{"x":1512576000000,"y":387,"sc":"644"},{"x":1512662400000,"y":386,"sc":"652"},{"x":1512921600000,"y":396,"sc":"652"},{"x":1513008000000,"y":399,"sc":"653"},{"x":1513094400000,"y":398,"sc":"653"},{"x":1513180800000,"y":398,"sc":"654"},{"x":1513267200000,"y":402,"sc":"656"},{"x":1513526400000,"y":404,"sc":"656"},{"x":1513612800000,"y":407,"sc":"656"},{"x":1513699200000,"y":411,"sc":"656"},{"x":1513785600000,"y":420,"sc":"655"},{"x":1513872000000,"y":429,"sc":"655"},{"x":1514131200000,"y":465,"sc":"655"},{"x":1514217600000,"y":475,"sc":"655"},{"x":1514304000000,"y":486,"sc":"654"},{"x":1514390400000,"y":450,"sc":"655"},{"x":1514476800000,"y":404,"sc":"655"},{"x":1514822400000,"y":154,"sc":"655"},{"x":1514908800000,"y":114,"sc":"655"},{"x":1514995200000,"y":80,"sc":"655"},{"x":1515081600000,"y":73,"sc":"655"},{"x":1515340800000,"y":84,"sc":"655"},{"x":1515427200000,"y":78,"sc":"655"},{"x":1515513600000,"y":76,"sc":"656"},{"x":1515600000000,"y":87,"sc":"657"},{"x":1515686400000,"y":96,"sc":"657"},{"x":1515945600000,"y":123,"sc":"657"},{"x":1516032000000,"y":129,"sc":"657"},{"x":1516118400000,"y":132,"sc":"657"},{"x":1516204800000,"y":136,"sc":"657"},{"x":1516291200000,"y":147,"sc":"657"},{"x":1516550400000,"y":170,"sc":"657"},{"x":1516636800000,"y":179,"sc":"657"},{"x":1516723200000,"y":185,"sc":"657"},{"x":1516809600000,"y":193,"sc":"657"},{"x":1516896000000,"y":199,"sc":"655"},{"x":1517155200000,"y":235,"sc":"656"},{"x":1517241600000,"y":247,"sc":"656"},{"x":1517328000000,"y":257,"sc":"656"},{"x":1517414400000,"y":271,"sc":"656"},{"x":1517500800000,"y":281,"sc":"656"},{"x":1517760000000,"y":321,"sc":"656"},{"x":1517846400000,"y":334,"sc":"656"}];
/*百分比排名*/
var Data_rateInSimilarPersent = [[1495468800000,1.0700],[1495555200000,1.0600],[1495641600000,1.0600],[1495728000000,1.0600],[1496160000000,1.0600],[1496246400000,1.0600],[1496332800000,1.0600],[1496592000000,1.0600],[1496678400000,1.0600],[1496764800000,1.0600],[1496851200000,1.0600],[1496937600000,1.0600],[1497196800000,1.0500],[1497283200000,1.0500],[1497369600000,1.0400],[1497456000000,1.0400],[1497542400000,1.0400],[1497801600000,1.2100],[1497888000000,1.3900],[1497974400000,1.3900],[1498060800000,1.3900],[1498147200000,1.3900],[1498406400000,1.5500],[1498492800000,1.5500],[1498579200000,1.7300],[1498665600000,1.7300],[1498752000000,1.8900],[1499011200000,1.8900],[1499097600000,2.5800],[1499184000000,2.5700],[1499270400000,2.5700],[1499356800000,2.5700],[1499616000000,2.5700],[1499702400000,2.7400],[1499788800000,2.7400],[1499875200000,2.7400],[1499961600000,2.7300],[1500220800000,2.7300],[1500307200000,2.7300],[1500393600000,2.8900],[1500480000000,2.8900],[1500566400000,2.8700],[1500825600000,3.5400],[1500912000000,4.0500],[1500998400000,4.3800],[1501084800000,4.3800],[1501171200000,4.3800],[1501430400000,4.7100],[1501516800000,5.8900],[1501603200000,6.7300],[1501689600000,6.4000],[1501776000000,7.4100],[1502035200000,9.4000],[1502121600000,10.7400],[1502208000000,13.5900],[1502294400000,16.1100],[1502380800000,18.2900],[1502640000000,25.6700],[1502726400000,29.0300],[1502812800000,34.2300],[1502899200000,38.7600],[1502985600000,42.4500],[1503244800000,42.0400],[1503331200000,42.5500],[1503417600000,42.5500],[1503504000000,42.9500],[1503590400000,43.1200],[1503849600000,47.8300],[1503936000000,48.6700],[1504022400000,44.6700],[1504108800000,45.5900],[1504195200000,45.9200],[1504454400000,47.4200],[1504540800000,48.0900],[1504627200000,48.2500],[1504713600000,49.2500],[1504800000000,48.9200],[1505059200000,50.0800],[1505145600000,49.9200],[1505232000000,50.0800],[1505318400000,50.4100],[1505404800000,50.4100],[1505664000000,50.3300],[1505750400000,50.3300],[1505836800000,50.9100],[1505923200000,51.7400],[1506009600000,51.9100],[1506268800000,53.2300],[1506355200000,54.0600],[1506441600000,55.3000],[1506528000000,55.4600],[1506614400000,55.9400],[1507478400000,58.5800],[1507564800000,58.6500],[1507651200000,58.1500],[1507737600000,57.9400],[1507824000000,56.9600],[1508083200000,55.7200],[1508169600000,55.2300],[1508256000000,53.8500],[1508342400000,53.8500],[1508428800000,52.8600],[1508688000000,50.8300],[1508774400000,50.3300],[1508860800000,49.2600],[1508947200000,48.7600],[1509033600000,48.4300],[1509292800000,48.6000],[1509379200000,48.5200],[1509465600000,47.2100],[1509552000000,46.6600],[1509638400000,47.00],[1509897600000,45.7300],[1509984000000,44.4400],[1510070400000,44.2800],[1510156800000,43.9800],[1510243200000,44.1400],[1510502400000,45.0200],[1510588800000,45.0400],[1510675200000,45.6700],[1510761600000,45.9800],[1510848000000,45.4400],[1511107200000,44.6500],[1511193600000,43.0800],[1511280000000,43.4000],[1511366400000,43.5500],[1511452800000,43.6400],[1511712000000,43.1200],[1511798400000,42.6600],[1511884800000,42.1900],[1511971200000,41.3400],[1512057600000,41.8400],[1512316800000,40.7500],[1512403200000,40.2800],[1512489600000,39.8100],[1512576000000,39.9100],[1512662400000,40.8000],[1512921600000,39.2600],[1513008000000,38.9000],[1513094400000,39.0500],[1513180800000,39.1400],[1513267200000,38.7200],[1513526400000,38.4100],[1513612800000,37.9600],[1513699200000,37.3500],[1513785600000,35.8800],[1513872000000,34.5000],[1514131200000,29.0100],[1514217600000,27.4800],[1514304000000,25.6900],[1514390400000,31.3000],[1514476800000,38.3200],[1514822400000,76.4900],[1514908800000,82.6000],[1514995200000,87.7900],[1515081600000,88.8500],[1515340800000,87.1800],[1515427200000,88.0900],[1515513600000,88.4100],[1515600000000,86.7600],[1515686400000,85.3900],[1515945600000,81.2800],[1516032000000,80.3700],[1516118400000,79.9100],[1516204800000,79.3000],[1516291200000,77.6300],[1516550400000,74.1200],[1516636800000,72.7500],[1516723200000,71.8400],[1516809600000,70.6200],[1516896000000,69.6200],[1517155200000,64.1800],[1517241600000,62.3500],[1517328000000,60.8200],[1517414400000,58.6900],[1517500800000,57.1600],[1517760000000,51.0700],[1517846400000,49.0900]];
/*规模变动*/
var Data_fluctuationScale = {"categories":["2017-05-12","2017-05-19","2017-06-30","2017-09-30","2017-12-31"],"series":[{"y":0.00,"mom":"0.08%"},{"y":0.00,"mom":"0.08%"},{"y":0.00,"mom":"633.04%"},{"y":0.41,"mom":"16558.52%"},{"y":0.01,"mom":"-97.69%"}]};;
/*持有人结构*/
var Data_holderStructure = {"series":[{"name":"机构持有比例","data":[0]},{"name":"个人持有比例","data":[100.0]},{"name":"内部持有比例","data":[13.5523]}],"categories":["2017-06-30"]};
/*申购赎回*/
var Data_assetAllocation ={"series":[{"name":"期间申购","data":[0.01,1.22,0.49]},{"name":"期间赎回","data":[0.00,0.81,0.88]},{"name":"总份额","data":[0.00,0.41,0.01]}],"categories":["2017-06-30","2017-09-30","2017-12-31"]};
/*现任基金经理*/
var Data_currentFundManager = [{"id":"30428544","pic":"https://pdf.dfcfw.com/pdf/H8_JPG30428544_1.jpg","name":"许强","star":4,"workTime":"2年又2天","fundSize":"1096.83亿(47只基金)","power":{"avr":"69.62","categories":["经验值","收益率","抗风险","稳定性","管理规模"],"dsc":["反映基金经理从业年限和管理基金的经验","根据基金经理投资的阶段收益评分，反映\u003cbr\u003e基金经理投资的盈利能力","反映基金经理投资的回撤控制能力","反映基金经理投资收益的波动","根据基金经理现任管理基金资产规模评分"],"data":[39.80,65.80,47.10,85.40,98.70],"jzrq":"2018-02-06"},"profit":{"categories":["任期收益","同类平均"],"series":[{"data":[{"name":null,"color":"#7cb5ec","y":3.0785},{"name":null,"color":"#414c7b","y":3.79}]}],"jzrq":"2018-02-06"}}] ;
/*同类型基金涨幅榜（页面底部通栏）*/
var swithSameType = [['002895_华夏天利货币B_5.8750','002894_华夏天利货币A_5.6210','004398_融通现金宝货币B_5.3370','000902_国开货币B_5.3360','001478_泰康薪意保货币B_5.1400'],['002895_华夏天利货币B_5.26','004973_长城收益宝货币B_5.08','004904_人保货币B_5.05','002884_华润元大现金通货币B_5.01','002894_华夏天利货币A_5.01'],['004973_长城收益宝货币B_5.05','004770_海富通添益货币A_4.99','002884_华润元大现金通货币B_4.99','005151_红土创新优淳货币B_4.90','002895_华夏天利货币B_4.89'],['004770_海富通添益货币A_5.39','004973_长城收益宝货币B_5.13','002884_华润元大现金通货币B_5.03','002895_华夏天利货币B_5.03','004398_融通现金宝货币B_5.01'],['003679_中融现金增利货币C_4.67','003474_南方天天利货币B_4.55','000836_国投瑞银钱多宝货币A_4.52','000837_国投瑞银钱多宝货币I_4.52','003753_工银如意货币B_4.51']];