/**
 * 测试数据
 * @type {arry}
 */
/*2018-02-07 16:07:48*/
//基金或股票信息
var fS_name = "东方金元宝货币";
var fS_code = "001987";
var fund_minsg="100";
var ishb=true;
/*原费率*/
var fund_sourceRate="0";
/*现费率*/
var fund_Rate="0";
/*最小申购金额*/
var fund_minsg="100";
/*收益率*/
/*近一年收益率*/
var syl_1n="4.1232";
/*近6月收益率*/
var syl_6y="2.1264";
/*近三月收益率*/
var syl_3y="1.0922";
/*近一月收益率*/
var syl_1y="0.3765";
/* 基金收益走势图 每万份收益*/
var Data_millionCopiesIncome = [[1448208000000,1.5],[1448380800000,0.3629],[1448467200000,0.4149],[1448553600000,0.9312],[1448726400000,0.9107],[1448812800000,0.4963],[1448899200000,0.6218],[1448985600000,0.615],[1449072000000,0.5725],[1449158400000,0.4668],[1449331200000,1.0371],[1449417600000,0.519],[1449504000000,0.7742],[1449590400000,0.5972],[1449676800000,0.5871],[1449763200000,0.5945],[1449936000000,1.1907],[1450022400000,0.5584],[1450108800000,0.7214],[1450195200000,0.6796],[1450281600000,0.5048],[1450368000000,0.6335],[1450540800000,1.2313],[1450627200000,0.6239],[1450713600000,0.6244],[1450800000000,0.6207],[1450886400000,0.871],[1450972800000,0.8563],[1451145600000,1.1908],[1451232000000,4.527],[1451318400000,0.525],[1451404800000,0.6757],[1451491200000,0.6235],[1451750400000,1.639],[1451836800000,0.5454],[1451923200000,0.534],[1452009600000,0.4715],[1452096000000,0.5113],[1452182400000,0.494],[1452355200000,0.995],[1452441600000,3.7454],[1452528000000,0.3524],[1452614400000,0.5996],[1452700800000,0.6109],[1452787200000,0.6501],[1452960000000,1.1538],[1453046400000,0.5397],[1453132800000,0.5705],[1453219200000,0.6001],[1453305600000,0.6078],[1453392000000,2.2218],[1453564800000,1.3275],[1453651200000,2.6911],[1453737600000,0.6388],[1453824000000,3.1931],[1453910400000,0.6716],[1453996800000,0.6583],[1454169600000,1.3224],[1454256000000,0.702],[1454342400000,3.5723],[1454428800000,0.6354],[1454515200000,0.5832],[1454601600000,0.615],[1455379200000,5.5174],[1455465600000,0.6518],[1455552000000,0.6456],[1455638400000,0.6582],[1455724800000,0.6532],[1455811200000,0.6243],[1455984000000,1.2901],[1456070400000,0.6449],[1456156800000,0.6302],[1456243200000,0.6257],[1456329600000,4.8789],[1456416000000,0.6128],[1456588800000,1.2836],[1456675200000,0.6011],[1456761600000,0.5455],[1456848000000,0.548],[1456934400000,0.553],[1457020800000,0.6066],[1457193600000,1.2182],[1457280000000,0.6001],[1457366400000,0.6001],[1457452800000,0.6052],[1457539200000,0.6301],[1457625600000,0.6442],[1457798400000,1.284],[1457884800000,0.6329],[1457971200000,0.647],[1458057600000,0.6176],[1458144000000,0.604],[1458230400000,0.6699],[1458403200000,1.3668],[1458489600000,0.9841],[1458576000000,0.5771],[1458662400000,0.6415],[1458748800000,2.5193],[1458835200000,0.6254],[1459008000000,1.3034],[1459094400000,0.6196],[1459180800000,0.6226],[1459267200000,0.6067],[1459353600000,0.6366],[1459440000000,0.6303],[1459699200000,1.9419],[1459785600000,0.6116],[1459872000000,0.6143],[1459958400000,0.5878],[1460044800000,0.5398],[1460217600000,1.1362],[1460304000000,0.618],[1460390400000,0.5911],[1460476800000,0.5784],[1460563200000,0.5715],[1460649600000,0.5876],[1460822400000,1.1905],[1460908800000,0.5775],[1460995200000,0.5489],[1461081600000,0.5409],[1461168000000,0.5051],[1461254400000,6.636],[1461427200000,1.0564],[1461513600000,0.5712],[1461600000000,0.4293],[1461686400000,0.5265],[1461772800000,0.5759],[1461859200000,0.5082],[1462118400000,1.5093],[1462204800000,0.5394],[1462291200000,0.5454],[1462377600000,0.6253],[1462464000000,0.612],[1462636800000,1.2585],[1462723200000,0.6199],[1462809600000,0.5906],[1462896000000,0.5903],[1462982400000,0.9463],[1463068800000,0.5986],[1463241600000,1.1654],[1463328000000,0.5704],[1463414400000,0.5727],[1463500800000,0.5613],[1463587200000,2.2066],[1463673600000,0.521],[1463846400000,1.1361],[1463932800000,0.5659],[1464019200000,0.5684],[1464105600000,0.5353],[1464192000000,0.5721],[1464278400000,0.5772],[1464451200000,1.1595],[1464537600000,0.5524],[1464624000000,0.5512],[1464710400000,0.533],[1464796800000,0.5273],[1464883200000,0.5676],[1465056000000,1.1407],[1465142400000,0.5271],[1465228800000,0.5513],[1465315200000,0.5688],[1465660800000,2.2834],[1465747200000,0.5044],[1465833600000,0.5578],[1465920000000,0.5207],[1466006400000,0.5268],[1466092800000,0.5395],[1466265600000,1.0866],[1466352000000,0.4637],[1466438400000,0.5534],[1466524800000,0.513],[1466611200000,0.5473],[1466697600000,0.5453],[1466870400000,1.0911],[1466956800000,0.5338],[1467043200000,0.57],[1467129600000,0.5366],[1467216000000,0.5741],[1467302400000,0.7605],[1467475200000,1.1556],[1467561600000,6.8068],[1467648000000,0.5788],[1467734400000,0.5269],[1467820800000,0.5241],[1467907200000,0.5254],[1468080000000,1.0234],[1468166400000,0.5097],[1468252800000,0.5022],[1468339200000,0.5656],[1468425600000,0.5593],[1468512000000,0.6058],[1468684800000,1.1823],[1468771200000,0.573],[1468857600000,0.5675],[1468944000000,0.5704],[1469030400000,0.5702],[1469116800000,0.596],[1469289600000,1.2007],[1469376000000,0.573],[1469462400000,0.5385],[1469548800000,0.5903],[1469635200000,0.5831],[1469721600000,0.5909],[1469894400000,1.1979],[1469980800000,0.5884],[1470067200000,0.526],[1470153600000,0.5839],[1470240000000,0.569],[1470326400000,0.4259],[1470499200000,1.0486],[1470585600000,3.1689],[1470672000000,0.499],[1470758400000,0.5424],[1470844800000,0.5287],[1470931200000,0.5494],[1471104000000,1.104],[1471190400000,0.5117],[1471276800000,0.5453],[1471363200000,0.534],[1471449600000,0.5411],[1471536000000,0.5505],[1471708800000,1.1088],[1471795200000,0.5363],[1471881600000,0.5449],[1471968000000,0.5443],[1472054400000,0.5486],[1472140800000,10.3524],[1472313600000,1.1141],[1472400000000,0.5822],[1472486400000,0.4134],[1472572800000,0.3852],[1472659200000,0.512],[1472745600000,0.4883],[1472918400000,0.9387],[1473004800000,0.4597],[1473091200000,0.5073],[1473177600000,0.5313],[1473264000000,0.516],[1473350400000,0.4197],[1473523200000,0.9354],[1473609600000,0.506],[1473696000000,0.54],[1473782400000,0.5236],[1474128000000,3.8599],[1474214400000,0.5923],[1474300800000,0.566],[1474387200000,0.6141],[1474473600000,0.5207],[1474560000000,0.6052],[1474732800000,1.2124],[1474819200000,0.5516],[1474905600000,0.6425],[1474992000000,0.6875],[1475078400000,0.689],[1475164800000,0.6703],[1475942400000,6.0902],[1476028800000,0.6835],[1476115200000,0.6506],[1476201600000,0.6822],[1476288000000,0.6724],[1476374400000,0.706],[1476547200000,1.4244],[1476633600000,0.6646],[1476720000000,0.5765],[1476806400000,0.5996],[1476892800000,0.5936],[1476979200000,0.5384],[1477152000000,1.202],[1477238400000,0.598],[1477324800000,0.5426],[1477411200000,0.5653],[1477497600000,0.6122],[1477584000000,7.0287],[1477756800000,1.2425],[1477843200000,0.4322],[1477929600000,0.5311],[1478016000000,0.4597],[1478102400000,0.4379],[1478188800000,0.4878],[1478361600000,0.9319],[1478448000000,0.4894],[1478534400000,0.5137],[1478620800000,0.5169],[1478707200000,0.4252],[1478793600000,0.4807],[1478966400000,0.9542],[1479052800000,0.4786],[1479139200000,0.4871],[1479225600000,1.3301],[1479312000000,0.5879],[1479398400000,0.6213],[1479571200000,1.2549],[1479657600000,0.6063],[1479744000000,0.6075],[1479830400000,0.5939],[1479916800000,0.5796],[1480003200000,0.5597],[1480176000000,1.1649],[1480262400000,0.5862],[1480348800000,0.6012],[1480435200000,0.5982],[1480521600000,0.5604],[1480608000000,0.5273],[1480780800000,1.1563],[1480867200000,0.574],[1480953600000,0.5787],[1481040000000,0.5747],[1481126400000,3.4083],[1481212800000,0.5693],[1481385600000,1.146],[1481472000000,0.5717],[1481558400000,0.5683],[1481644800000,0.5389],[1481731200000,0.5117],[1481817600000,0.5699],[1481990400000,1.1608],[1482076800000,0.4847],[1482163200000,0.6356],[1482249600000,2.2964],[1482336000000,1.0262],[1482422400000,1.1813],[1482595200000,2.3562],[1482681600000,1.184],[1482768000000,1.1226],[1482854400000,1.1789],[1482940800000,1.5248],[1483027200000,1.4475],[1483113600000,1.4475],[1483286400000,2.8934],[1483372800000,1.4468],[1483459200000,1.4371],[1483545600000,1.4326],[1483632000000,1.3645],[1483804800000,2.7511],[1483891200000,1.3707],[1483977600000,1.2693],[1484064000000,1.1856],[1484150400000,0.9507],[1484236800000,0.9565],[1484409600000,1.9486],[1484496000000,1.0765],[1484582400000,0.9489],[1484668800000,0.9479],[1484755200000,0.9703],[1484841600000,0.9758],[1485014400000,1.949],[1485100800000,0.977],[1485187200000,0.9858],[1485273600000,0.9345],[1485360000000,0.9619],[1485964800000,6.7269],[1486051200000,0.9626],[1486224000000,1.9241],[1486310400000,0.937],[1486396800000,0.914],[1486483200000,0.9053],[1486569600000,0.9613],[1486656000000,0.8569],[1486828800000,1.7395],[1486915200000,0.874],[1487001600000,0.5793],[1487088000000,0.8072],[1487174400000,0.8807],[1487260800000,0.9135],[1487433600000,1.7982],[1487520000000,0.9279],[1487606400000,0.9586],[1487692800000,0.9575],[1487779200000,0.9933],[1487865600000,1.0227],[1488038400000,2.0455],[1488124800000,1.0502],[1488211200000,1.0489],[1488297600000,1.0472],[1488384000000,0.9671],[1488470400000,0.9527],[1488643200000,1.9056],[1488729600000,0.9031],[1488816000000,0.91],[1488902400000,0.9094],[1488988800000,0.8827],[1489075200000,0.892],[1489248000000,1.8006],[1489334400000,0.9058],[1489420800000,0.844],[1489507200000,0.7899],[1489593600000,0.8243],[1489680000000,0.815],[1489852800000,1.6578],[1489939200000,0.8483],[1490025600000,1.0168],[1490112000000,1.1054],[1490198400000,1.1785],[1490284800000,1.2351],[1490457600000,2.4859],[1490544000000,1.2397],[1490630400000,1.2484],[1490716800000,1.5239],[1490803200000,1.2604],[1490889600000,1.2572],[1491235200000,5.0289],[1491321600000,1.2556],[1491408000000,1.1969],[1491494400000,1.2036],[1491667200000,2.4057],[1491753600000,1.198],[1491840000000,1.1962],[1491926400000,1.2189],[1492012800000,1.2009],[1492099200000,1.1447],[1492272000000,2.277],[1492358400000,1.0738],[1492444800000,1.0686],[1492531200000,1.0595],[1492617600000,1.0383],[1492704000000,1.3899],[1492876800000,2.0393],[1492963200000,1.0081],[1493049600000,1.0771],[1493136000000,1.0623],[1493222400000,1.0841],[1493308800000,1.1276],[1493568000000,3.3971],[1493654400000,1.1332],[1493740800000,1.0882],[1493827200000,1.0716],[1493913600000,1.067],[1494086400000,2.1334],[1494172800000,1.0314],[1494259200000,0.9881],[1494345600000,1.0256],[1494432000000,0.966],[1494518400000,0.9784],[1494691200000,1.9541],[1494777600000,0.9708],[1494864000000,0.9793],[1494950400000,0.9846],[1495036800000,0.9882],[1495123200000,0.9753],[1495296000000,1.9536],[1495382400000,1.0281],[1495468800000,1.0332],[1495555200000,0.9257],[1495641600000,1.0465],[1495728000000,1.0838],[1496073600000,4.3647],[1496160000000,1.0863],[1496246400000,1.0822],[1496332800000,1.0599],[1496505600000,2.121],[1496592000000,1.0353],[1496678400000,1.0477],[1496764800000,1.0244],[1496851200000,1.0227],[1496937600000,1.0307],[1497110400000,2.0609],[1497196800000,1.0607],[1497283200000,1.062],[1497369600000,1.0474],[1497456000000,1.0639],[1497542400000,1.1112],[1497715200000,2.2295],[1497801600000,1.1249],[1497888000000,1.0703],[1497974400000,1.0944],[1498060800000,1.4042],[1498147200000,1.4701],[1498320000000,2.376],[1498406400000,1.2422],[1498492800000,1.2334],[1498579200000,1.8861],[1498665600000,1.5985],[1498752000000,1.2229],[1498924800000,2.4777],[1499011200000,1.3157],[1499097600000,1.2904],[1499184000000,1.2406],[1499270400000,1.2026],[1499356800000,1.0718],[1499529600000,2.1378],[1499616000000,1.0442],[1499702400000,1.0429],[1499788800000,1.0392],[1499875200000,1.0168],[1499961600000,0.9752],[1500134400000,1.9601],[1500220800000,0.9921],[1500307200000,1.0136],[1500393600000,1.013],[1500480000000,1.0355],[1500566400000,1.1176],[1500739200000,2.2424],[1500825600000,1.1096],[1500912000000,1.1313],[1500998400000,1.1346],[1501084800000,1.1192],[1501171200000,1.0899],[1501344000000,2.1803],[1501430400000,1.0997],[1501516800000,1.0927],[1501603200000,1.0859],[1501689600000,1.0909],[1501776000000,1.0858],[1501948800000,2.1711],[1502035200000,1.0729],[1502121600000,1.0692],[1502208000000,1.0644],[1502294400000,1.0671],[1502380800000,1.057],[1502553600000,2.1126],[1502640000000,1.0514],[1502726400000,1.0464],[1502812800000,1.0529],[1502899200000,1.0663],[1502985600000,1.0666],[1503158400000,2.1447],[1503244800000,1.0447],[1503331200000,1.0601],[1503417600000,1.0797],[1503504000000,1.0848],[1503590400000,1.1106],[1503763200000,2.1807],[1503849600000,1.1229],[1503936000000,1.1235],[1504022400000,1.1068],[1504108800000,1.1136],[1504195200000,1.12],[1504368000000,2.2434],[1504454400000,1.1074],[1504540800000,1.1094],[1504627200000,1.1101],[1504713600000,1.1193],[1504800000000,1.133],[1504972800000,2.182],[1505059200000,1.0743],[1505145600000,1.1025],[1505232000000,1.1017],[1505318400000,1.1002],[1505404800000,1.1006],[1505577600000,2.2065],[1505664000000,1.084],[1505750400000,1.0912],[1505836800000,1.0929],[1505923200000,1.1139],[1506009600000,1.1215],[1506182400000,2.2533],[1506268800000,1.106],[1506355200000,1.1337],[1506441600000,1.1297],[1506528000000,1.124],[1506614400000,1.1316],[1507392000000,10.2507],[1507478400000,1.1882],[1507564800000,1.187],[1507651200000,1.2287],[1507737600000,1.1825],[1507824000000,1.1331],[1507996800000,2.269],[1508083200000,1.1119],[1508169600000,1.127],[1508256000000,1.1318],[1508342400000,1.0929],[1508428800000,1.079],[1508601600000,2.1627],[1508688000000,1.0911],[1508774400000,1.0681],[1508860800000,1.0741],[1508947200000,1.0965],[1509033600000,1.1027],[1509206400000,2.2069],[1509292800000,1.1131],[1509379200000,1.0994],[1509465600000,1.1338],[1509552000000,1.1136],[1509638400000,1.1124],[1509811200000,2.2246],[1509897600000,1.1205],[1509984000000,1.1266],[1510070400000,1.111],[1510156800000,1.1106],[1510243200000,1.054],[1510416000000,2.0949],[1510502400000,1.0165],[1510588800000,1.1446],[1510675200000,1.1056],[1510761600000,1.1061],[1510848000000,1.1211],[1511020800000,2.2448],[1511107200000,1.1892],[1511193600000,1.1253],[1511280000000,1.105],[1511366400000,1.1152],[1511452800000,1.1163],[1511625600000,2.1532],[1511712000000,1.115],[1511798400000,1.1017],[1511884800000,1.112],[1511971200000,1.1276],[1512057600000,1.1357],[1512230400000,2.2735],[1512316800000,1.1219],[1512403200000,1.1605],[1512489600000,1.1558],[1512576000000,1.1746],[1512662400000,1.1645],[1512835200000,2.3172],[1512921600000,1.1238],[1513008000000,1.131],[1513094400000,1.1325],[1513180800000,1.0986],[1513267200000,1.0966],[1513440000000,2.1932],[1513526400000,1.085],[1513612800000,1.121],[1513699200000,1.053],[1513785600000,1.0527],[1513872000000,1.1279],[1514044800000,2.2808],[1514131200000,1.1323],[1514217600000,1.1487],[1514304000000,1.1499],[1514390400000,1.2663],[1514476800000,1.5303],[1514649600000,3.0723],[1514736000000,1.5333],[1514822400000,1.5812],[1514908800000,1.5911],[1514995200000,2.1019],[1515081600000,1.4518],[1515254400000,2.9077],[1515340800000,1.4044],[1515427200000,1.3424],[1515513600000,1.3086],[1515600000000,1.0819],[1515686400000,1.0862],[1515859200000,2.1607],[1515945600000,1.1226],[1516032000000,1.1203],[1516118400000,1.1459],[1516204800000,1.1543],[1516291200000,1.0953],[1516464000000,2.2344],[1516550400000,1.1562],[1516636800000,1.1497],[1516723200000,1.1364],[1516809600000,1.1518],[1516896000000,1.143],[1517068800000,2.3012],[1517155200000,1.1983],[1517241600000,1.1488],[1517328000000,1.1551],[1517414400000,1.1457],[1517500800000,1.1449],[1517673600000,2.2914],[1517760000000,1.1456],[1517846400000,1.1484]];
/*基金收益走势图   7日年化收益率*/
var Data_sevenDaysYearIncome = [[1448208000000,5.627],[1448380800000,2.724],[1448467200000,2.423],[1448553600000,2.629],[1448726400000,2.356],[1448812800000,1.822],[1448899200000,1.968],[1448985600000,2.102],[1449072000000,2.186],[1449158400000,1.939],[1449331200000,2.006],[1449417600000,2.018],[1449504000000,2.099],[1449590400000,2.09],[1449676800000,2.098],[1449763200000,2.166],[1449936000000,2.248],[1450022400000,2.269],[1450108800000,2.24],[1450195200000,2.284],[1450281600000,2.24],[1450368000000,2.261],[1450540800000,2.283],[1450627200000,2.318],[1450713600000,2.266],[1450800000000,2.235],[1450886400000,2.43],[1450972800000,2.549],[1451145600000,2.527],[1451232000000,4.635],[1451318400000,4.581],[1451404800000,4.611],[1451491200000,4.476],[1451750400000,4.254],[1451836800000,2.112],[1451923200000,2.117],[1452009600000,2.008],[1452096000000,1.949],[1452182400000,1.921],[1452355200000,1.869],[1452441600000,3.583],[1452528000000,3.485],[1452614400000,3.554],[1452700800000,3.607],[1452787200000,3.692],[1452960000000,3.778],[1453046400000,2.058],[1453132800000,2.174],[1453219200000,2.174],[1453305600000,2.173],[1453392000000,3.013],[1453564800000,3.107],[1453651200000,4.269],[1453737600000,4.307],[1453824000000,5.726],[1453910400000,5.761],[1453996800000,4.903],[1454169600000,4.9],[1454256000000,3.818],[1454342400000,5.418],[1454428800000,4.021],[1454515200000,3.974],[1454601600000,3.95],[1455379200000,2.263],[1455465600000,2.283],[1455552000000,2.301],[1455638400000,2.325],[1455724800000,2.346],[1455811200000,2.352],[1455984000000,2.386],[1456070400000,2.383],[1456156800000,2.375],[1456243200000,2.357],[1456329600000,4.637],[1456416000000,4.631],[1456588800000,4.627],[1456675200000,4.603],[1456761600000,4.557],[1456848000000,4.515],[1456934400000,2.184],[1457020800000,2.181],[1457193600000,2.146],[1457280000000,2.146],[1457366400000,2.175],[1457452800000,2.205],[1457539200000,2.246],[1457625600000,2.266],[1457798400000,2.301],[1457884800000,2.319],[1457971200000,2.344],[1458057600000,2.351],[1458144000000,2.337],[1458230400000,2.35],[1458403200000,2.394],[1458489600000,2.582],[1458576000000,2.545],[1458662400000,2.558],[1458748800000,3.587],[1458835200000,3.563],[1459008000000,3.529],[1459094400000,3.332],[1459180800000,3.357],[1459267200000,3.338],[1459353600000,2.328],[1459440000000,2.331],[1459699200000,2.341],[1459785600000,2.335],[1459872000000,2.339],[1459958400000,2.313],[1460044800000,2.265],[1460217600000,2.181],[1460304000000,2.165],[1460390400000,2.154],[1460476800000,2.135],[1460563200000,2.126],[1460649600000,2.152],[1460822400000,2.181],[1460908800000,2.159],[1460995200000,2.137],[1461081600000,2.117],[1461168000000,2.081],[1461254400000,5.351],[1461427200000,5.277],[1461513600000,5.274],[1461600000000,5.208],[1461686400000,5.2],[1461772800000,5.239],[1461859200000,1.931],[1462118400000,1.868],[1462204800000,1.926],[1462291200000,1.936],[1462377600000,1.963],[1462464000000,2.018],[1462636800000,2.152],[1462723200000,2.214],[1462809600000,2.242],[1462896000000,2.266],[1462982400000,2.437],[1463068800000,2.43],[1463241600000,2.38],[1463328000000,2.354],[1463414400000,2.344],[1463500800000,2.329],[1463587200000,3.003],[1463673600000,2.961],[1463846400000,2.946],[1463932800000,2.943],[1464019200000,2.941],[1464105600000,2.927],[1464192000000,2.054],[1464278400000,2.084],[1464451200000,2.096],[1464537600000,2.089],[1464624000000,2.08],[1464710400000,2.078],[1464796800000,2.055],[1464883200000,2.05],[1465056000000,2.04],[1465142400000,2.026],[1465228800000,2.026],[1465315200000,2.045],[1465660800000,2.071],[1465747200000,2.059],[1465833600000,2.062],[1465920000000,2.036],[1466006400000,2.013],[1466092800000,1.996],[1466265600000,1.967],[1466352000000,1.945],[1466438400000,1.943],[1466524800000,1.939],[1466611200000,1.95],[1466697600000,1.953],[1466870400000,1.955],[1466956800000,1.993],[1467043200000,2.001],[1467129600000,2.014],[1467216000000,2.028],[1467302400000,2.143],[1467475200000,2.177],[1467561600000,5.573],[1467648000000,5.578],[1467734400000,5.573],[1467820800000,5.545],[1467907200000,5.416],[1468080000000,5.343],[1468166400000,1.942],[1468252800000,1.901],[1468339200000,1.922],[1468425600000,1.94],[1468512000000,1.983],[1468684800000,2.068],[1468771200000,2.101],[1468857600000,2.136],[1468944000000,2.139],[1469030400000,2.144],[1469116800000,2.139],[1469289600000,2.149],[1469376000000,2.149],[1469462400000,2.134],[1469548800000,2.144],[1469635200000,2.151],[1469721600000,2.148],[1469894400000,2.147],[1469980800000,2.155],[1470067200000,2.148],[1470153600000,2.145],[1470240000000,2.137],[1470326400000,2.05],[1470499200000,1.97],[1470585600000,3.351],[1470672000000,3.337],[1470758400000,3.314],[1470844800000,3.293],[1470931200000,3.359],[1471104000000,3.389],[1471190400000,1.967],[1471276800000,1.991],[1471363200000,1.987],[1471449600000,1.993],[1471536000000,1.994],[1471708800000,1.997],[1471795200000,2.01],[1471881600000,2.009],[1471968000000,2.015],[1472054400000,2.019],[1472140800000,7.366],[1472313600000,7.369],[1472400000000,7.394],[1472486400000,7.321],[1472572800000,7.232],[1472659200000,7.211],[1472745600000,1.839],[1472918400000,1.746],[1473004800000,1.681],[1473091200000,1.731],[1473177600000,1.808],[1473264000000,1.811],[1473350400000,1.774],[1473523200000,1.772],[1473609600000,1.797],[1473696000000,1.814],[1473782400000,1.81],[1474128000000,2.871],[1474214400000,2.918],[1474300800000,2.932],[1474387200000,2.98],[1474473600000,2.978],[1474560000000,3.022],[1474732800000,2.167],[1474819200000,2.145],[1474905600000,2.186],[1474992000000,2.225],[1475078400000,2.314],[1475164800000,2.349],[1475942400000,2.5],[1476028800000,2.504],[1476115200000,2.49],[1476201600000,2.493],[1476288000000,2.491],[1476374400000,2.506],[1476547200000,2.545],[1476633600000,2.535],[1476720000000,2.495],[1476806400000,2.451],[1476892800000,2.409],[1476979200000,2.319],[1477152000000,2.201],[1477238400000,2.165],[1477324800000,2.147],[1477411200000,2.129],[1477497600000,2.139],[1477584000000,5.653],[1477756800000,5.675],[1477843200000,5.584],[1477929600000,5.578],[1478016000000,5.52],[1478102400000,5.424],[1478188800000,1.89],[1478361600000,1.725],[1478448000000,1.756],[1478534400000,1.746],[1478620800000,1.777],[1478707200000,1.77],[1478793600000,1.766],[1478966400000,1.778],[1479052800000,1.772],[1479139200000,1.758],[1479225600000,2.191],[1479312000000,2.277],[1479398400000,2.352],[1479571200000,2.513],[1479657600000,2.581],[1479744000000,2.646],[1479830400000,2.252],[1479916800000,2.248],[1480003200000,2.215],[1480176000000,2.167],[1480262400000,2.156],[1480348800000,2.153],[1480435200000,2.155],[1480521600000,2.145],[1480608000000,2.128],[1480780800000,2.123],[1480867200000,2.117],[1480953600000,2.105],[1481040000000,2.092],[1481126400000,3.619],[1481212800000,3.642],[1481385600000,3.637],[1481472000000,3.635],[1481558400000,3.63],[1481644800000,3.61],[1481731200000,2.057],[1481817600000,2.058],[1481990400000,2.066],[1482076800000,2.019],[1482163200000,2.055],[1482249600000,2.995],[1482336000000,3.271],[1482422400000,3.601],[1482595200000,4.249],[1482681600000,4.629],[1482768000000,4.895],[1482854400000,4.286],[1482940800000,4.558],[1483027200000,4.703],[1483113600000,4.85],[1483286400000,5.141],[1483372800000,5.319],[1483459200000,5.461],[1483545600000,5.41],[1483632000000,5.364],[1483804800000,5.286],[1483891200000,5.244],[1483977600000,5.147],[1484064000000,5.009],[1484150400000,4.745],[1484236800000,4.523],[1484409600000,4.086],[1484496000000,3.927],[1484582400000,3.753],[1484668800000,3.625],[1484755200000,3.636],[1484841600000,3.646],[1485014400000,3.646],[1485100800000,3.592],[1485187200000,3.612],[1485273600000,3.605],[1485360000000,3.601],[1485964800000,3.57],[1486051200000,3.57],[1486224000000,3.571],[1486310400000,3.558],[1486396800000,3.533],[1486483200000,3.503],[1486569600000,3.503],[1486656000000,3.446],[1486828800000,3.347],[1486915200000,3.313],[1487001600000,3.133],[1487088000000,3.08],[1487174400000,3.037],[1487260800000,3.067],[1487433600000,3.099],[1487520000000,3.128],[1487606400000,3.332],[1487692800000,3.413],[1487779200000,3.474],[1487865600000,3.533],[1488038400000,3.666],[1488124800000,3.732],[1488211200000,3.781],[1488297600000,3.83],[1488384000000,3.815],[1488470400000,3.778],[1488643200000,3.702],[1488729600000,3.622],[1488816000000,3.547],[1488902400000,3.473],[1488988800000,3.428],[1489075200000,3.395],[1489248000000,3.338],[1489334400000,3.34],[1489420800000,3.304],[1489507200000,3.24],[1489593600000,3.208],[1489680000000,3.167],[1489852800000,3.09],[1489939200000,3.059],[1490025600000,3.152],[1490112000000,3.322],[1490198400000,3.513],[1490284800000,3.74],[1490457600000,4.189],[1490544000000,4.402],[1490630400000,4.528],[1490716800000,4.756],[1490803200000,4.801],[1490889600000,4.813],[1491235200000,4.843],[1491321600000,4.696],[1491408000000,4.662],[1491494400000,4.632],[1491667200000,4.573],[1491753600000,4.541],[1491840000000,4.508],[1491926400000,4.488],[1492012800000,4.49],[1492099200000,4.458],[1492272000000,4.388],[1492358400000,4.32],[1492444800000,4.251],[1492531200000,4.164],[1492617600000,4.076],[1492704000000,4.209],[1492876800000,4.08],[1492963200000,4.044],[1493049600000,4.049],[1493136000000,4.05],[1493222400000,4.075],[1493308800000,3.933],[1493568000000,4.123],[1493654400000,4.153],[1493740800000,4.167],[1493827200000,4.16],[1493913600000,4.127],[1494086400000,4.056],[1494172800000,4.001],[1494259200000,3.923],[1494345600000,3.889],[1494432000000,3.832],[1494518400000,3.784],[1494691200000,3.687],[1494777600000,3.654],[1494864000000,3.649],[1494950400000,3.627],[1495036800000,3.639],[1495123200000,3.637],[1495296000000,3.637],[1495382400000,3.668],[1495468800000,3.697],[1495555200000,3.665],[1495641600000,3.697],[1495728000000,3.756],[1496073600000,3.945],[1496160000000,4.032],[1496246400000,4.051],[1496332800000,4.038],[1496505600000,4.005],[1496592000000,3.975],[1496678400000,3.951],[1496764800000,3.918],[1496851200000,3.886],[1496937600000,3.87],[1497110400000,3.837],[1497196800000,3.851],[1497283200000,3.859],[1497369600000,3.871],[1497456000000,3.893],[1497542400000,3.937],[1497715200000,4.028],[1497801600000,4.063],[1497888000000,4.068],[1497974400000,4.093],[1498060800000,4.278],[1498147200000,4.473],[1498320000000,4.553],[1498406400000,4.617],[1498492800000,4.706],[1498579200000,5.139],[1498665600000,5.246],[1498752000000,5.11],[1498924800000,5.166],[1499011200000,5.206],[1499097600000,5.238],[1499184000000,4.884],[1499270400000,4.668],[1499356800000,4.585],[1499529600000,4.4],[1499616000000,4.253],[1499702400000,4.118],[1499788800000,4.009],[1499875200000,3.908],[1499961600000,3.856],[1500134400000,3.76],[1500220800000,3.731],[1500307200000,3.716],[1500393600000,3.701],[1500480000000,3.712],[1500566400000,3.789],[1500739200000,3.942],[1500825600000,4.005],[1500912000000,4.069],[1500998400000,4.135],[1501084800000,4.181],[1501171200000,4.165],[1501344000000,4.132],[1501430400000,4.126],[1501516800000,4.105],[1501603200000,4.079],[1501689600000,4.064],[1501776000000,4.061],[1501948800000,4.056],[1502035200000,4.042],[1502121600000,4.029],[1502208000000,4.017],[1502294400000,4.005],[1502380800000,3.989],[1502553600000,3.957],[1502640000000,3.946],[1502726400000,3.933],[1502812800000,3.927],[1502899200000,3.927],[1502985600000,3.932],[1503158400000,3.949],[1503244800000,3.945],[1503331200000,3.953],[1503417600000,3.967],[1503504000000,3.977],[1503590400000,4.001],[1503763200000,4.021],[1503849600000,4.063],[1503936000000,4.098],[1504022400000,4.112],[1504108800000,4.128],[1504195200000,4.133],[1504368000000,4.167],[1504454400000,4.159],[1504540800000,4.151],[1504627200000,4.153],[1504713600000,4.156],[1504800000000,4.163],[1504972800000,4.13],[1505059200000,4.112],[1505145600000,4.108],[1505232000000,4.103],[1505318400000,4.093],[1505404800000,4.075],[1505577600000,4.089],[1505664000000,4.094],[1505750400000,4.088],[1505836800000,4.083],[1505923200000,4.091],[1506009600000,4.102],[1506182400000,4.127],[1506268800000,4.139],[1506355200000,4.162],[1506441600000,4.182],[1506528000000,4.188],[1506614400000,4.193],[1507392000000,4.244],[1507478400000,4.271],[1507564800000,4.297],[1507651200000,4.346],[1507737600000,4.37],[1507824000000,4.367],[1507996800000,4.362],[1508083200000,4.32],[1508169600000,4.288],[1508256000000,4.235],[1508342400000,4.186],[1508428800000,4.157],[1508601600000,4.099],[1508688000000,4.088],[1508774400000,4.056],[1508860800000,4.025],[1508947200000,4.027],[1509033600000,4.04],[1509206400000,4.064],[1509292800000,4.076],[1509379200000,4.092],[1509465600000,4.125],[1509552000000,4.134],[1509638400000,4.139],[1509811200000,4.149],[1509897600000,4.153],[1509984000000,4.168],[1510070400000,4.155],[1510156800000,4.154],[1510243200000,4.122],[1510416000000,4.052],[1510502400000,3.995],[1510588800000,4.005],[1510675200000,4.002],[1510761600000,4.0],[1510848000000,4.036],[1511020800000,4.118],[1511107200000,4.211],[1511193600000,4.201],[1511280000000,4.2],[1511366400000,4.205],[1511452800000,4.203],[1511625600000,4.153],[1511712000000,4.113],[1511798400000,4.1],[1511884800000,4.104],[1511971200000,4.11],[1512057600000,4.121],[1512230400000,4.186],[1512316800000,4.19],[1512403200000,4.222],[1512489600000,4.246],[1512576000000,4.271],[1512662400000,4.287],[1512835200000,4.311],[1512921600000,4.312],[1513008000000,4.296],[1513094400000,4.283],[1513180800000,4.242],[1513267200000,4.205],[1513440000000,4.138],[1513526400000,4.116],[1513612800000,4.111],[1513699200000,4.068],[1513785600000,4.043],[1513872000000,4.06],[1514044800000,4.108],[1514131200000,4.133],[1514217600000,4.148],[1514304000000,4.201],[1514390400000,4.317],[1514476800000,4.536],[1514649600000,4.968],[1514736000000,5.188],[1514822400000,5.425],[1514908800000,5.668],[1514995200000,6.13],[1515081600000,6.086],[1515254400000,5.995],[1515340800000,5.924],[1515427200000,5.792],[1515513600000,5.636],[1515600000000,5.076],[1515686400000,4.876],[1515859200000,4.468],[1515945600000,4.315],[1516032000000,4.194],[1516118400000,4.106],[1516204800000,4.145],[1516291200000,4.15],[1516464000000,4.19],[1516550400000,4.209],[1516636800000,4.225],[1516723200000,4.219],[1516809600000,4.218],[1516896000000,4.244],[1517068800000,4.28],[1517155200000,4.303],[1517241600000,4.303],[1517328000000,4.313],[1517414400000,4.309],[1517500800000,4.311],[1517673600000,4.305],[1517760000000,4.277],[1517846400000,4.276]];
/*资产配置*/
var Data_assetAllocationCurrency ={"categories":["12-31","09-30","06-30","03-31"],"series":[{"name":"股票","data":[null,null,36.78,null]},{"name":"债券","data":[71.99,70.33,36.78,14.19]},{"name":"现金","data":[28.27,35.6,41.12,52.82]}]};
/*累计收益率走势*/
var Data_grandTotal = [{"name":"东方金元宝货币","data":[[1501948800000,0],[1502035200000,0.01],[1502121600000,0.02],[1502208000000,0.03],[1502294400000,0.04],[1502380800000,0.05],[1502553600000,0.07],[1502640000000,0.09],[1502726400000,0.10],[1502812800000,0.11],[1502899200000,0.12],[1502985600000,0.13],[1503158400000,0.15],[1503244800000,0.16],[1503331200000,0.17],[1503417600000,0.18],[1503504000000,0.19],[1503590400000,0.20],[1503763200000,0.22],[1503849600000,0.24],[1503936000000,0.25],[1504022400000,0.26],[1504108800000,0.27],[1504195200000,0.28],[1504368000000,0.30],[1504454400000,0.31],[1504540800000,0.33],[1504627200000,0.34],[1504713600000,0.35],[1504800000000,0.36],[1504972800000,0.38],[1505059200000,0.39],[1505145600000,0.40],[1505232000000,0.41],[1505318400000,0.42],[1505404800000,0.44],[1505577600000,0.46],[1505664000000,0.47],[1505750400000,0.48],[1505836800000,0.49],[1505923200000,0.50],[1506009600000,0.51],[1506182400000,0.54],[1506268800000,0.55],[1506355200000,0.56],[1506441600000,0.57],[1506528000000,0.58],[1506614400000,0.59],[1507392000000,0.70],[1507478400000,0.71],[1507564800000,0.72],[1507651200000,0.73],[1507737600000,0.74],[1507824000000,0.76],[1507996800000,0.78],[1508083200000,0.79],[1508169600000,0.80],[1508256000000,0.81],[1508342400000,0.82],[1508428800000,0.83],[1508601600000,0.86],[1508688000000,0.87],[1508774400000,0.88],[1508860800000,0.89],[1508947200000,0.90],[1509033600000,0.91],[1509206400000,0.93],[1509292800000,0.94],[1509379200000,0.96],[1509465600000,0.97],[1509552000000,0.98],[1509638400000,0.99],[1509811200000,1.01],[1509897600000,1.02],[1509984000000,1.03],[1510070400000,1.05],[1510156800000,1.06],[1510243200000,1.07],[1510416000000,1.09],[1510502400000,1.10],[1510588800000,1.11],[1510675200000,1.12],[1510761600000,1.13],[1510848000000,1.14],[1511020800000,1.17],[1511107200000,1.18],[1511193600000,1.19],[1511280000000,1.20],[1511366400000,1.21],[1511452800000,1.22],[1511625600000,1.25],[1511712000000,1.26],[1511798400000,1.27],[1511884800000,1.28],[1511971200000,1.29],[1512057600000,1.30],[1512230400000,1.33],[1512316800000,1.34],[1512403200000,1.35],[1512489600000,1.36],[1512576000000,1.37],[1512662400000,1.38],[1512835200000,1.41],[1512921600000,1.42],[1513008000000,1.43],[1513094400000,1.44],[1513180800000,1.45],[1513267200000,1.46],[1513440000000,1.49],[1513526400000,1.50],[1513612800000,1.51],[1513699200000,1.52],[1513785600000,1.53],[1513872000000,1.54],[1514044800000,1.56],[1514131200000,1.58],[1514217600000,1.59],[1514304000000,1.60],[1514390400000,1.61],[1514476800000,1.63],[1514649600000,1.66],[1514736000000,1.67],[1514822400000,1.69],[1514908800000,1.71],[1514995200000,1.73],[1515081600000,1.74],[1515254400000,1.77],[1515340800000,1.79],[1515427200000,1.80],[1515513600000,1.81],[1515600000000,1.83],[1515686400000,1.84],[1515859200000,1.86],[1515945600000,1.87],[1516032000000,1.88],[1516118400000,1.89],[1516204800000,1.90],[1516291200000,1.92],[1516464000000,1.94],[1516550400000,1.95],[1516636800000,1.96],[1516723200000,1.97],[1516809600000,1.99],[1516896000000,2.00],[1517068800000,2.02],[1517155200000,2.03],[1517241600000,2.04],[1517328000000,2.06],[1517414400000,2.07],[1517500800000,2.08],[1517673600000,2.10],[1517760000000,2.11],[1517846400000,2.13]]},{"name":"同类平均","data":[[1502035200000,0],[1502121600000,0.01],[1502208000000,0.02],[1502294400000,0.03],[1502380800000,0.04],[1502640000000,0.07],[1502726400000,0.08],[1502812800000,0.09],[1502899200000,0.10],[1502985600000,0.11],[1503244800000,0.14],[1503331200000,0.16],[1503417600000,0.17],[1503504000000,0.18],[1503590400000,0.19],[1503849600000,0.22],[1503936000000,0.23],[1504022400000,0.24],[1504108800000,0.25],[1504195200000,0.26],[1504454400000,0.29],[1504540800000,0.30],[1504627200000,0.31],[1504713600000,0.32],[1504800000000,0.34],[1505059200000,0.37],[1505145600000,0.38],[1505232000000,0.39],[1505318400000,0.40],[1505404800000,0.41],[1505664000000,0.44],[1505750400000,0.45],[1505836800000,0.46],[1505923200000,0.47],[1506009600000,0.48],[1506268800000,0.52],[1506355200000,0.53],[1506441600000,0.54],[1506528000000,0.55],[1506614400000,0.56],[1507478400000,0.67],[1507564800000,0.68],[1507651200000,0.69],[1507737600000,0.71],[1507824000000,0.72],[1508083200000,0.75],[1508169600000,0.76],[1508256000000,0.77],[1508342400000,0.78],[1508428800000,0.79],[1508688000000,0.82],[1508774400000,0.83],[1508860800000,0.84],[1508947200000,0.85],[1509033600000,0.86],[1509292800000,0.90],[1509379200000,0.91],[1509465600000,0.92],[1509552000000,0.93],[1509638400000,0.94],[1509897600000,0.97],[1509984000000,0.98],[1510070400000,0.99],[1510156800000,1.00],[1510243200000,1.01],[1510502400000,1.04],[1510588800000,1.06],[1510675200000,1.07],[1510761600000,1.08],[1510848000000,1.09],[1511107200000,1.12],[1511193600000,1.13],[1511280000000,1.14],[1511366400000,1.15],[1511452800000,1.16],[1511712000000,1.20],[1511798400000,1.21],[1511884800000,1.22],[1511971200000,1.23],[1512057600000,1.24],[1512316800000,1.28],[1512403200000,1.29],[1512489600000,1.30],[1512576000000,1.31],[1512662400000,1.32],[1512921600000,1.35],[1513008000000,1.36],[1513094400000,1.38],[1513180800000,1.39],[1513267200000,1.40],[1513526400000,1.43],[1513612800000,1.44],[1513699200000,1.46],[1513785600000,1.47],[1513872000000,1.48],[1514131200000,1.51],[1514217600000,1.53],[1514304000000,1.54],[1514390400000,1.55],[1514476800000,1.57],[1514822400000,1.62],[1514908800000,1.64],[1514995200000,1.65],[1515081600000,1.66],[1515340800000,1.69],[1515427200000,1.71],[1515513600000,1.72],[1515600000000,1.73],[1515686400000,1.74],[1515945600000,1.77],[1516032000000,1.79],[1516118400000,1.80],[1516204800000,1.81],[1516291200000,1.82],[1516550400000,1.86],[1516636800000,1.87],[1516723200000,1.88],[1516809600000,1.89],[1516896000000,1.90],[1517155200000,1.94],[1517241600000,1.95],[1517328000000,1.96],[1517414400000,1.97],[1517500800000,1.98],[1517760000000,2.02],[1517846400000,2.03]]},{"name":"沪深300","data":[[1502035200000,0],[1502121600000,0.15],[1502208000000,0.11],[1502294400000,-0.29],[1502380800000,-2.13],[1502640000000,-0.86],[1502726400000,-0.56],[1502812800000,-0.68],[1502899200000,-0.15],[1502985600000,-0.06],[1503244800000,0.38],[1503331200000,0.68],[1503417600000,0.79],[1503504000000,0.21],[1503590400000,1.85],[1503849600000,3.11],[1503936000000,2.89],[1504022400000,2.88],[1504108800000,2.56],[1504195200000,2.78],[1504454400000,3.19],[1504540800000,3.50],[1504627200000,3.29],[1504713600000,2.77],[1504800000000,2.66],[1505059200000,2.65],[1505145600000,2.98],[1505232000000,3.11],[1505318400000,2.77],[1505404800000,2.80],[1505664000000,3.12],[1505750400000,2.83],[1505836800000,3.10],[1505923200000,2.98],[1506009600000,2.98],[1506268800000,2.44],[1506355200000,2.52],[1506441600000,2.53],[1506528000000,2.57],[1506614400000,2.94],[1507478400000,4.17],[1507564800000,4.38],[1507651200000,4.72],[1507737600000,5.00],[1507824000000,5.21],[1508083200000,5.01],[1508169600000,5.00],[1508256000000,5.83],[1508342400000,5.49],[1508428800000,5.37],[1508688000000,5.47],[1508774400000,6.24],[1508860800000,6.71],[1508947200000,7.16],[1509033600000,7.92],[1509292800000,7.59],[1509379200000,7.51],[1509465600000,7.24],[1509552000000,7.25],[1509638400000,7.13],[1509897600000,7.89],[1509984000000,8.79],[1510070400000,8.62],[1510156800000,9.37],[1510243200000,10.33],[1510502400000,10.77],[1510588800000,10.00],[1510675200000,9.31],[1510761600000,10.15],[1510848000000,10.57],[1511107200000,11.19],[1511193600000,13.17],[1511280000000,13.44],[1511366400000,10.08],[1511452800000,10.13],[1511712000000,8.67],[1511798400000,8.83],[1511884800000,8.77],[1511971200000,7.49],[1512057600000,7.28],[1512316800000,7.84],[1512403200000,8.41],[1512489600000,7.76],[1512576000000,6.55],[1512662400000,7.42],[1512921600000,9.20],[1513008000000,7.76],[1513094400000,8.67],[1513180800000,8.03],[1513267200000,6.82],[1513526400000,6.94],[1513612800000,8.28],[1513699200000,8.15],[1513785600000,9.15],[1513872000000,8.80],[1514131200000,8.45],[1514217600000,8.77],[1514304000000,7.09],[1514390400000,7.84],[1514476800000,8.16],[1514822400000,9.68],[1514908800000,10.32],[1514995200000,10.79],[1515081600000,11.05],[1515340800000,11.63],[1515427200000,12.41],[1515513600000,12.91],[1515600000000,12.85],[1515686400000,13.37],[1515945600000,13.37],[1516032000000,14.27],[1516118400000,13.99],[1516204800000,14.61],[1516291200000,14.99],[1516550400000,16.36],[1516636800000,17.60],[1516723200000,17.79],[1516809600000,17.13],[1516896000000,17.56],[1517155200000,15.43],[1517241600000,14.20],[1517328000000,14.73],[1517414400000,13.93],[1517500800000,14.61],[1517760000000,14.69],[1517846400000,11.33]]}];
/*同类排名*/
var Data_rateInSimilarType = [{"x":1456156800000,"y":185,"sc":"370"},{"x":1456243200000,"y":176,"sc":"373"},{"x":1456329600000,"y":90,"sc":"373"},{"x":1456416000000,"y":91,"sc":"375"},{"x":1456675200000,"y":84,"sc":"375"},{"x":1456761600000,"y":81,"sc":"376"},{"x":1456848000000,"y":80,"sc":"376"},{"x":1456934400000,"y":82,"sc":"376"},{"x":1457020800000,"y":79,"sc":"376"},{"x":1457280000000,"y":72,"sc":"376"},{"x":1457366400000,"y":77,"sc":"380"},{"x":1457452800000,"y":75,"sc":"380"},{"x":1457539200000,"y":70,"sc":"380"},{"x":1457625600000,"y":68,"sc":"381"},{"x":1457884800000,"y":66,"sc":"381"},{"x":1457971200000,"y":67,"sc":"380"},{"x":1458057600000,"y":64,"sc":"382"},{"x":1458144000000,"y":61,"sc":"383"},{"x":1458230400000,"y":58,"sc":"383"},{"x":1458489600000,"y":54,"sc":"383"},{"x":1458576000000,"y":55,"sc":"385"},{"x":1458662400000,"y":50,"sc":"385"},{"x":1458748800000,"y":32,"sc":"385"},{"x":1458835200000,"y":34,"sc":"391"},{"x":1459094400000,"y":70,"sc":"391"},{"x":1459180800000,"y":69,"sc":"391"},{"x":1459267200000,"y":67,"sc":"391"},{"x":1459353600000,"y":69,"sc":"392"},{"x":1459440000000,"y":68,"sc":"392"},{"x":1459785600000,"y":56,"sc":"392"},{"x":1459872000000,"y":53,"sc":"392"},{"x":1459958400000,"y":49,"sc":"392"},{"x":1460044800000,"y":48,"sc":"392"},{"x":1460304000000,"y":84,"sc":"394"},{"x":1460390400000,"y":75,"sc":"394"},{"x":1460476800000,"y":77,"sc":"394"},{"x":1460563200000,"y":76,"sc":"394"},{"x":1460649600000,"y":80,"sc":"394"},{"x":1460908800000,"y":74,"sc":"394"},{"x":1460995200000,"y":72,"sc":"394"},{"x":1461081600000,"y":70,"sc":"394"},{"x":1461168000000,"y":69,"sc":"394"},{"x":1461254400000,"y":30,"sc":"394"},{"x":1461513600000,"y":42,"sc":"394"},{"x":1461600000000,"y":42,"sc":"394"},{"x":1461686400000,"y":72,"sc":"394"},{"x":1461772800000,"y":75,"sc":"394"},{"x":1461859200000,"y":75,"sc":"394"},{"x":1462204800000,"y":131,"sc":"394"},{"x":1462291200000,"y":132,"sc":"394"},{"x":1462377600000,"y":130,"sc":"400"},{"x":1462464000000,"y":122,"sc":"400"},{"x":1462723200000,"y":109,"sc":"400"},{"x":1462809600000,"y":112,"sc":"400"},{"x":1462896000000,"y":116,"sc":"400"},{"x":1462982400000,"y":107,"sc":"400"},{"x":1463068800000,"y":109,"sc":"400"},{"x":1463328000000,"y":120,"sc":"400"},{"x":1463414400000,"y":120,"sc":"400"},{"x":1463500800000,"y":118,"sc":"400"},{"x":1463587200000,"y":83,"sc":"400"},{"x":1463673600000,"y":82,"sc":"400"},{"x":1463932800000,"y":84,"sc":"400"},{"x":1464019200000,"y":87,"sc":"400"},{"x":1464105600000,"y":196,"sc":"400"},{"x":1464192000000,"y":190,"sc":"400"},{"x":1464278400000,"y":190,"sc":"400"},{"x":1464537600000,"y":196,"sc":"400"},{"x":1464624000000,"y":198,"sc":"400"},{"x":1464710400000,"y":197,"sc":"400"},{"x":1464796800000,"y":195,"sc":"400"},{"x":1464883200000,"y":190,"sc":"400"},{"x":1465142400000,"y":193,"sc":"402"},{"x":1465228800000,"y":193,"sc":"402"},{"x":1465315200000,"y":187,"sc":"402"},{"x":1465747200000,"y":194,"sc":"402"},{"x":1465833600000,"y":195,"sc":"402"},{"x":1465920000000,"y":197,"sc":"403"},{"x":1466006400000,"y":197,"sc":"403"},{"x":1466092800000,"y":198,"sc":"403"},{"x":1466352000000,"y":207,"sc":"403"},{"x":1466438400000,"y":213,"sc":"404"},{"x":1466524800000,"y":213,"sc":"404"},{"x":1466611200000,"y":217,"sc":"404"},{"x":1466697600000,"y":260,"sc":"404"},{"x":1466956800000,"y":266,"sc":"404"},{"x":1467043200000,"y":266,"sc":"404"},{"x":1467129600000,"y":270,"sc":"404"},{"x":1467216000000,"y":270,"sc":"404"},{"x":1467302400000,"y":263,"sc":"404"},{"x":1467561600000,"y":134,"sc":"404"},{"x":1467648000000,"y":129,"sc":"404"},{"x":1467734400000,"y":132,"sc":"404"},{"x":1467820800000,"y":128,"sc":"404"},{"x":1467907200000,"y":136,"sc":"404"},{"x":1468166400000,"y":138,"sc":"404"},{"x":1468252800000,"y":142,"sc":"404"},{"x":1468339200000,"y":143,"sc":"404"},{"x":1468425600000,"y":145,"sc":"404"},{"x":1468512000000,"y":148,"sc":"404"},{"x":1468771200000,"y":148,"sc":"404"},{"x":1468857600000,"y":144,"sc":"404"},{"x":1468944000000,"y":146,"sc":"405"},{"x":1469030400000,"y":144,"sc":"405"},{"x":1469116800000,"y":294,"sc":"405"},{"x":1469376000000,"y":289,"sc":"405"},{"x":1469462400000,"y":287,"sc":"405"},{"x":1469548800000,"y":286,"sc":"405"},{"x":1469635200000,"y":287,"sc":"407"},{"x":1469721600000,"y":281,"sc":"407"},{"x":1469980800000,"y":279,"sc":"407"},{"x":1470067200000,"y":277,"sc":"407"},{"x":1470153600000,"y":276,"sc":"407"},{"x":1470240000000,"y":276,"sc":"409"},{"x":1470326400000,"y":290,"sc":"409"},{"x":1470585600000,"y":237,"sc":"412"},{"x":1470672000000,"y":236,"sc":"413"},{"x":1470758400000,"y":237,"sc":"413"},{"x":1470844800000,"y":236,"sc":"413"},{"x":1470931200000,"y":242,"sc":"413"},{"x":1471190400000,"y":248,"sc":"413"},{"x":1471276800000,"y":250,"sc":"413"},{"x":1471363200000,"y":248,"sc":"414"},{"x":1471449600000,"y":247,"sc":"415"},{"x":1471536000000,"y":298,"sc":"415"},{"x":1471795200000,"y":299,"sc":"416"},{"x":1471881600000,"y":298,"sc":"416"},{"x":1471968000000,"y":295,"sc":"416"},{"x":1472054400000,"y":299,"sc":"416"},{"x":1472140800000,"y":67,"sc":"416"},{"x":1472400000000,"y":67,"sc":"416"},{"x":1472486400000,"y":64,"sc":"416"},{"x":1472572800000,"y":66,"sc":"416"},{"x":1472659200000,"y":64,"sc":"416"},{"x":1472745600000,"y":65,"sc":"417"},{"x":1473004800000,"y":72,"sc":"421"},{"x":1473091200000,"y":69,"sc":"421"},{"x":1473177600000,"y":69,"sc":"421"},{"x":1473264000000,"y":70,"sc":"423"},{"x":1473350400000,"y":76,"sc":"424"},{"x":1473609600000,"y":89,"sc":"424"},{"x":1473696000000,"y":85,"sc":"424"},{"x":1473782400000,"y":89,"sc":"424"},{"x":1474214400000,"y":55,"sc":"424"},{"x":1474300800000,"y":53,"sc":"424"},{"x":1474387200000,"y":50,"sc":"424"},{"x":1474473600000,"y":51,"sc":"427"},{"x":1474560000000,"y":51,"sc":"427"},{"x":1474819200000,"y":55,"sc":"430"},{"x":1474905600000,"y":51,"sc":"430"},{"x":1474992000000,"y":50,"sc":"430"},{"x":1475078400000,"y":48,"sc":"432"},{"x":1475164800000,"y":45,"sc":"432"},{"x":1476028800000,"y":142,"sc":"434"},{"x":1476115200000,"y":134,"sc":"434"},{"x":1476201600000,"y":128,"sc":"435"},{"x":1476288000000,"y":127,"sc":"437"},{"x":1476374400000,"y":121,"sc":"435"},{"x":1476633600000,"y":115,"sc":"436"},{"x":1476720000000,"y":111,"sc":"438"},{"x":1476806400000,"y":107,"sc":"437"},{"x":1476892800000,"y":107,"sc":"437"},{"x":1476979200000,"y":112,"sc":"437"},{"x":1477238400000,"y":112,"sc":"440"},{"x":1477324800000,"y":108,"sc":"440"},{"x":1477411200000,"y":108,"sc":"441"},{"x":1477497600000,"y":109,"sc":"441"},{"x":1477584000000,"y":22,"sc":"445"},{"x":1477843200000,"y":24,"sc":"447"},{"x":1477929600000,"y":24,"sc":"447"},{"x":1478016000000,"y":24,"sc":"447"},{"x":1478102400000,"y":24,"sc":"447"},{"x":1478188800000,"y":24,"sc":"448"},{"x":1478448000000,"y":25,"sc":"450"},{"x":1478534400000,"y":50,"sc":"450"},{"x":1478620800000,"y":52,"sc":"450"},{"x":1478707200000,"y":54,"sc":"450"},{"x":1478793600000,"y":53,"sc":"450"},{"x":1479052800000,"y":54,"sc":"450"},{"x":1479139200000,"y":54,"sc":"450"},{"x":1479225600000,"y":41,"sc":"450"},{"x":1479312000000,"y":40,"sc":"450"},{"x":1479398400000,"y":38,"sc":"450"},{"x":1479657600000,"y":38,"sc":"451"},{"x":1479744000000,"y":37,"sc":"451"},{"x":1479830400000,"y":36,"sc":"451"},{"x":1479916800000,"y":36,"sc":"451"},{"x":1480003200000,"y":35,"sc":"451"},{"x":1480262400000,"y":268,"sc":"451"},{"x":1480348800000,"y":269,"sc":"452"},{"x":1480435200000,"y":256,"sc":"452"},{"x":1480521600000,"y":253,"sc":"452"},{"x":1480608000000,"y":256,"sc":"455"},{"x":1480867200000,"y":252,"sc":"455"},{"x":1480953600000,"y":248,"sc":"455"},{"x":1481040000000,"y":248,"sc":"455"},{"x":1481126400000,"y":162,"sc":"455"},{"x":1481212800000,"y":160,"sc":"456"},{"x":1481472000000,"y":152,"sc":"457"},{"x":1481558400000,"y":151,"sc":"458"},{"x":1481644800000,"y":145,"sc":"458"},{"x":1481731200000,"y":150,"sc":"458"},{"x":1481817600000,"y":146,"sc":"458"},{"x":1482076800000,"y":211,"sc":"458"},{"x":1482163200000,"y":211,"sc":"458"},{"x":1482249600000,"y":159,"sc":"458"},{"x":1482336000000,"y":146,"sc":"459"},{"x":1482422400000,"y":136,"sc":"463"},{"x":1482681600000,"y":111,"sc":"464"},{"x":1482768000000,"y":108,"sc":"464"},{"x":1482854400000,"y":102,"sc":"466"},{"x":1482940800000,"y":86,"sc":"466"},{"x":1483027200000,"y":79,"sc":"469"},{"x":1483372800000,"y":47,"sc":"469"},{"x":1483459200000,"y":45,"sc":"468"},{"x":1483545600000,"y":36,"sc":"469"},{"x":1483632000000,"y":29,"sc":"469"},{"x":1483891200000,"y":25,"sc":"469"},{"x":1483977600000,"y":22,"sc":"469"},{"x":1484064000000,"y":22,"sc":"469"},{"x":1484150400000,"y":22,"sc":"469"},{"x":1484236800000,"y":21,"sc":"469"},{"x":1484496000000,"y":21,"sc":"472"},{"x":1484582400000,"y":20,"sc":"474"},{"x":1484668800000,"y":19,"sc":"476"},{"x":1484755200000,"y":18,"sc":"476"},{"x":1484841600000,"y":18,"sc":"476"},{"x":1485100800000,"y":19,"sc":"481"},{"x":1485187200000,"y":21,"sc":"482"},{"x":1485273600000,"y":22,"sc":"484"},{"x":1485360000000,"y":21,"sc":"485"},{"x":1486051200000,"y":70,"sc":"489"},{"x":1486310400000,"y":64,"sc":"491"},{"x":1486396800000,"y":57,"sc":"491"},{"x":1486483200000,"y":56,"sc":"491"},{"x":1486569600000,"y":54,"sc":"491"},{"x":1486656000000,"y":51,"sc":"494"},{"x":1486915200000,"y":50,"sc":"496"},{"x":1487001600000,"y":48,"sc":"496"},{"x":1487088000000,"y":51,"sc":"496"},{"x":1487174400000,"y":57,"sc":"496"},{"x":1487260800000,"y":58,"sc":"496"},{"x":1487520000000,"y":61,"sc":"496"},{"x":1487606400000,"y":62,"sc":"496"},{"x":1487692800000,"y":61,"sc":"496"},{"x":1487779200000,"y":61,"sc":"498"},{"x":1487865600000,"y":59,"sc":"500"},{"x":1488124800000,"y":55,"sc":"503"},{"x":1488211200000,"y":51,"sc":"503"},{"x":1488297600000,"y":50,"sc":"503"},{"x":1488384000000,"y":50,"sc":"511"},{"x":1488470400000,"y":46,"sc":"511"},{"x":1488729600000,"y":49,"sc":"513"},{"x":1488816000000,"y":49,"sc":"515"},{"x":1488902400000,"y":79,"sc":"516"},{"x":1488988800000,"y":80,"sc":"518"},{"x":1489075200000,"y":78,"sc":"518"},{"x":1489334400000,"y":73,"sc":"518"},{"x":1489420800000,"y":74,"sc":"518"},{"x":1489507200000,"y":75,"sc":"518"},{"x":1489593600000,"y":75,"sc":"520"},{"x":1489680000000,"y":76,"sc":"520"},{"x":1489939200000,"y":77,"sc":"522"},{"x":1490025600000,"y":94,"sc":"522"},{"x":1490112000000,"y":96,"sc":"524"},{"x":1490198400000,"y":99,"sc":"530"},{"x":1490284800000,"y":91,"sc":"530"},{"x":1490544000000,"y":103,"sc":"534"},{"x":1490630400000,"y":104,"sc":"535"},{"x":1490716800000,"y":111,"sc":"535"},{"x":1490803200000,"y":115,"sc":"538"},{"x":1490889600000,"y":119,"sc":"538"},{"x":1491321600000,"y":150,"sc":"538"},{"x":1491408000000,"y":154,"sc":"540"},{"x":1491494400000,"y":147,"sc":"540"},{"x":1491753600000,"y":173,"sc":"540"},{"x":1491840000000,"y":171,"sc":"540"},{"x":1491926400000,"y":173,"sc":"540"},{"x":1492012800000,"y":174,"sc":"541"},{"x":1492099200000,"y":165,"sc":"541"},{"x":1492358400000,"y":168,"sc":"543"},{"x":1492444800000,"y":167,"sc":"543"},{"x":1492531200000,"y":167,"sc":"543"},{"x":1492617600000,"y":167,"sc":"545"},{"x":1492704000000,"y":159,"sc":"545"},{"x":1492963200000,"y":162,"sc":"545"},{"x":1493049600000,"y":160,"sc":"547"},{"x":1493136000000,"y":159,"sc":"549"},{"x":1493222400000,"y":155,"sc":"549"},{"x":1493308800000,"y":148,"sc":"549"},{"x":1493654400000,"y":151,"sc":"549"},{"x":1493740800000,"y":149,"sc":"550"},{"x":1493827200000,"y":145,"sc":"550"},{"x":1493913600000,"y":150,"sc":"550"},{"x":1494172800000,"y":148,"sc":"550"},{"x":1494259200000,"y":150,"sc":"550"},{"x":1494345600000,"y":149,"sc":"550"},{"x":1494432000000,"y":143,"sc":"550"},{"x":1494518400000,"y":149,"sc":"550"},{"x":1494777600000,"y":146,"sc":"554"},{"x":1494864000000,"y":145,"sc":"556"},{"x":1494950400000,"y":144,"sc":"560"},{"x":1495036800000,"y":139,"sc":"560"},{"x":1495123200000,"y":140,"sc":"560"},{"x":1495382400000,"y":143,"sc":"560"},{"x":1495468800000,"y":145,"sc":"562"},{"x":1495555200000,"y":145,"sc":"564"},{"x":1495641600000,"y":140,"sc":"564"},{"x":1495728000000,"y":147,"sc":"564"},{"x":1496160000000,"y":150,"sc":"564"},{"x":1496246400000,"y":150,"sc":"564"},{"x":1496332800000,"y":149,"sc":"564"},{"x":1496592000000,"y":147,"sc":"566"},{"x":1496678400000,"y":146,"sc":"566"},{"x":1496764800000,"y":147,"sc":"566"},{"x":1496851200000,"y":146,"sc":"566"},{"x":1496937600000,"y":146,"sc":"566"},{"x":1497196800000,"y":143,"sc":"574"},{"x":1497283200000,"y":142,"sc":"574"},{"x":1497369600000,"y":140,"sc":"575"},{"x":1497456000000,"y":135,"sc":"575"},{"x":1497542400000,"y":130,"sc":"575"},{"x":1497801600000,"y":118,"sc":"577"},{"x":1497888000000,"y":114,"sc":"577"},{"x":1497974400000,"y":114,"sc":"575"},{"x":1498060800000,"y":112,"sc":"575"},{"x":1498147200000,"y":109,"sc":"576"},{"x":1498406400000,"y":116,"sc":"579"},{"x":1498492800000,"y":114,"sc":"579"},{"x":1498579200000,"y":112,"sc":"579"},{"x":1498665600000,"y":110,"sc":"579"},{"x":1498752000000,"y":110,"sc":"582"},{"x":1499011200000,"y":84,"sc":"582"},{"x":1499097600000,"y":117,"sc":"582"},{"x":1499184000000,"y":117,"sc":"583"},{"x":1499270400000,"y":118,"sc":"583"},{"x":1499356800000,"y":122,"sc":"583"},{"x":1499616000000,"y":132,"sc":"583"},{"x":1499702400000,"y":137,"sc":"583"},{"x":1499788800000,"y":143,"sc":"583"},{"x":1499875200000,"y":154,"sc":"583"},{"x":1499961600000,"y":163,"sc":"586"},{"x":1500220800000,"y":181,"sc":"586"},{"x":1500307200000,"y":184,"sc":"586"},{"x":1500393600000,"y":192,"sc":"589"},{"x":1500480000000,"y":198,"sc":"589"},{"x":1500566400000,"y":215,"sc":"593"},{"x":1500825600000,"y":211,"sc":"593"},{"x":1500912000000,"y":209,"sc":"593"},{"x":1500998400000,"y":212,"sc":"594"},{"x":1501084800000,"y":215,"sc":"594"},{"x":1501171200000,"y":219,"sc":"594"},{"x":1501430400000,"y":197,"sc":"594"},{"x":1501516800000,"y":235,"sc":"594"},{"x":1501603200000,"y":235,"sc":"594"},{"x":1501689600000,"y":236,"sc":"594"},{"x":1501776000000,"y":236,"sc":"594"},{"x":1502035200000,"y":237,"sc":"596"},{"x":1502121600000,"y":238,"sc":"596"},{"x":1502208000000,"y":234,"sc":"596"},{"x":1502294400000,"y":234,"sc":"596"},{"x":1502380800000,"y":233,"sc":"596"},{"x":1502640000000,"y":232,"sc":"596"},{"x":1502726400000,"y":230,"sc":"596"},{"x":1502812800000,"y":231,"sc":"596"},{"x":1502899200000,"y":234,"sc":"596"},{"x":1502985600000,"y":234,"sc":"596"},{"x":1503244800000,"y":229,"sc":"597"},{"x":1503331200000,"y":230,"sc":"597"},{"x":1503417600000,"y":228,"sc":"597"},{"x":1503504000000,"y":229,"sc":"596"},{"x":1503590400000,"y":227,"sc":"596"},{"x":1503849600000,"y":203,"sc":"600"},{"x":1503936000000,"y":188,"sc":"600"},{"x":1504022400000,"y":234,"sc":"600"},{"x":1504108800000,"y":233,"sc":"601"},{"x":1504195200000,"y":232,"sc":"601"},{"x":1504454400000,"y":231,"sc":"601"},{"x":1504540800000,"y":232,"sc":"601"},{"x":1504627200000,"y":230,"sc":"601"},{"x":1504713600000,"y":225,"sc":"601"},{"x":1504800000000,"y":223,"sc":"601"},{"x":1505059200000,"y":216,"sc":"603"},{"x":1505145600000,"y":215,"sc":"603"},{"x":1505232000000,"y":214,"sc":"603"},{"x":1505318400000,"y":214,"sc":"605"},{"x":1505404800000,"y":212,"sc":"605"},{"x":1505664000000,"y":212,"sc":"606"},{"x":1505750400000,"y":209,"sc":"606"},{"x":1505836800000,"y":205,"sc":"603"},{"x":1505923200000,"y":208,"sc":"603"},{"x":1506009600000,"y":220,"sc":"603"},{"x":1506268800000,"y":226,"sc":"603"},{"x":1506355200000,"y":232,"sc":"603"},{"x":1506441600000,"y":233,"sc":"604"},{"x":1506528000000,"y":259,"sc":"604"},{"x":1506614400000,"y":278,"sc":"606"},{"x":1507478400000,"y":292,"sc":"606"},{"x":1507564800000,"y":284,"sc":"607"},{"x":1507651200000,"y":281,"sc":"607"},{"x":1507737600000,"y":281,"sc":"611"},{"x":1507824000000,"y":276,"sc":"611"},{"x":1508083200000,"y":261,"sc":"612"},{"x":1508169600000,"y":260,"sc":"612"},{"x":1508256000000,"y":251,"sc":"611"},{"x":1508342400000,"y":247,"sc":"611"},{"x":1508428800000,"y":246,"sc":"611"},{"x":1508688000000,"y":244,"sc":"606"},{"x":1508774400000,"y":238,"sc":"606"},{"x":1508860800000,"y":241,"sc":"607"},{"x":1508947200000,"y":241,"sc":"607"},{"x":1509033600000,"y":241,"sc":"607"},{"x":1509292800000,"y":240,"sc":"609"},{"x":1509379200000,"y":238,"sc":"610"},{"x":1509465600000,"y":235,"sc":"610"},{"x":1509552000000,"y":231,"sc":"613"},{"x":1509638400000,"y":230,"sc":"617"},{"x":1509897600000,"y":229,"sc":"621"},{"x":1509984000000,"y":228,"sc":"621"},{"x":1510070400000,"y":228,"sc":"621"},{"x":1510156800000,"y":229,"sc":"623"},{"x":1510243200000,"y":229,"sc":"623"},{"x":1510502400000,"y":232,"sc":"633"},{"x":1510588800000,"y":227,"sc":"635"},{"x":1510675200000,"y":227,"sc":"635"},{"x":1510761600000,"y":226,"sc":"635"},{"x":1510848000000,"y":226,"sc":"636"},{"x":1511107200000,"y":217,"sc":"636"},{"x":1511193600000,"y":215,"sc":"636"},{"x":1511280000000,"y":216,"sc":"636"},{"x":1511366400000,"y":216,"sc":"636"},{"x":1511452800000,"y":217,"sc":"637"},{"x":1511712000000,"y":221,"sc":"640"},{"x":1511798400000,"y":221,"sc":"640"},{"x":1511884800000,"y":225,"sc":"640"},{"x":1511971200000,"y":226,"sc":"641"},{"x":1512057600000,"y":227,"sc":"643"},{"x":1512316800000,"y":227,"sc":"643"},{"x":1512403200000,"y":224,"sc":"643"},{"x":1512489600000,"y":222,"sc":"643"},{"x":1512576000000,"y":225,"sc":"644"},{"x":1512662400000,"y":223,"sc":"652"},{"x":1512921600000,"y":225,"sc":"652"},{"x":1513008000000,"y":226,"sc":"653"},{"x":1513094400000,"y":228,"sc":"653"},{"x":1513180800000,"y":228,"sc":"654"},{"x":1513267200000,"y":231,"sc":"656"},{"x":1513526400000,"y":241,"sc":"656"},{"x":1513612800000,"y":240,"sc":"656"},{"x":1513699200000,"y":244,"sc":"656"},{"x":1513785600000,"y":244,"sc":"655"},{"x":1513872000000,"y":244,"sc":"655"},{"x":1514131200000,"y":252,"sc":"655"},{"x":1514217600000,"y":258,"sc":"655"},{"x":1514304000000,"y":257,"sc":"654"},{"x":1514390400000,"y":259,"sc":"655"},{"x":1514476800000,"y":249,"sc":"655"},{"x":1514822400000,"y":175,"sc":"655"},{"x":1514908800000,"y":162,"sc":"655"},{"x":1514995200000,"y":133,"sc":"655"},{"x":1515081600000,"y":121,"sc":"655"},{"x":1515340800000,"y":156,"sc":"655"},{"x":1515427200000,"y":150,"sc":"655"},{"x":1515513600000,"y":147,"sc":"656"},{"x":1515600000000,"y":153,"sc":"657"},{"x":1515686400000,"y":159,"sc":"657"},{"x":1515945600000,"y":171,"sc":"657"},{"x":1516032000000,"y":171,"sc":"657"},{"x":1516118400000,"y":176,"sc":"657"},{"x":1516204800000,"y":181,"sc":"657"},{"x":1516291200000,"y":180,"sc":"657"},{"x":1516550400000,"y":185,"sc":"657"},{"x":1516636800000,"y":186,"sc":"657"},{"x":1516723200000,"y":187,"sc":"657"},{"x":1516809600000,"y":187,"sc":"657"},{"x":1516896000000,"y":189,"sc":"655"},{"x":1517155200000,"y":192,"sc":"656"},{"x":1517241600000,"y":194,"sc":"656"},{"x":1517328000000,"y":196,"sc":"656"},{"x":1517414400000,"y":201,"sc":"656"},{"x":1517500800000,"y":200,"sc":"656"},{"x":1517760000000,"y":205,"sc":"656"},{"x":1517846400000,"y":208,"sc":"656"}];
/*百分比排名*/
var Data_rateInSimilarPersent = [[1456156800000,50.00],[1456243200000,52.8200],[1456329600000,75.8700],[1456416000000,75.7300],[1456675200000,77.6000],[1456761600000,78.4600],[1456848000000,78.7200],[1456934400000,78.1900],[1457020800000,78.9900],[1457280000000,80.8500],[1457366400000,79.7400],[1457452800000,80.2600],[1457539200000,81.5800],[1457625600000,82.1500],[1457884800000,82.6800],[1457971200000,82.3700],[1458057600000,83.2500],[1458144000000,84.0700],[1458230400000,84.8600],[1458489600000,85.9000],[1458576000000,85.7100],[1458662400000,87.0100],[1458748800000,91.6900],[1458835200000,91.3000],[1459094400000,82.1000],[1459180800000,82.3500],[1459267200000,82.8600],[1459353600000,82.4000],[1459440000000,82.6500],[1459785600000,85.7100],[1459872000000,86.4800],[1459958400000,87.5000],[1460044800000,87.7600],[1460304000000,78.6800],[1460390400000,80.9600],[1460476800000,80.4600],[1460563200000,80.7100],[1460649600000,79.7000],[1460908800000,81.2200],[1460995200000,81.7300],[1461081600000,82.2300],[1461168000000,82.4900],[1461254400000,92.3900],[1461513600000,89.3400],[1461600000000,89.3400],[1461686400000,81.7300],[1461772800000,80.9600],[1461859200000,80.9600],[1462204800000,66.7500],[1462291200000,66.5000],[1462377600000,67.5000],[1462464000000,69.5000],[1462723200000,72.7500],[1462809600000,72.00],[1462896000000,71.00],[1462982400000,73.2500],[1463068800000,72.7500],[1463328000000,70.00],[1463414400000,70.00],[1463500800000,70.5000],[1463587200000,79.2500],[1463673600000,79.5000],[1463932800000,79.00],[1464019200000,78.2500],[1464105600000,51.00],[1464192000000,52.5000],[1464278400000,52.5000],[1464537600000,51.00],[1464624000000,50.5000],[1464710400000,50.7500],[1464796800000,51.2500],[1464883200000,52.5000],[1465142400000,51.9900],[1465228800000,51.9900],[1465315200000,53.4800],[1465747200000,51.7400],[1465833600000,51.4900],[1465920000000,51.1200],[1466006400000,51.1200],[1466092800000,50.8700],[1466352000000,48.6400],[1466438400000,47.2800],[1466524800000,47.2800],[1466611200000,46.2900],[1466697600000,35.6400],[1466956800000,34.1600],[1467043200000,34.1600],[1467129600000,33.1700],[1467216000000,33.1700],[1467302400000,34.9000],[1467561600000,66.8300],[1467648000000,68.0700],[1467734400000,67.3300],[1467820800000,68.3200],[1467907200000,66.3400],[1468166400000,65.8400],[1468252800000,64.8500],[1468339200000,64.6000],[1468425600000,64.1100],[1468512000000,63.3700],[1468771200000,63.3700],[1468857600000,64.3600],[1468944000000,63.9500],[1469030400000,64.4400],[1469116800000,27.4100],[1469376000000,28.6400],[1469462400000,29.1400],[1469548800000,29.3800],[1469635200000,29.4800],[1469721600000,30.9600],[1469980800000,31.4500],[1470067200000,31.9400],[1470153600000,32.1900],[1470240000000,32.5200],[1470326400000,29.1000],[1470585600000,42.4800],[1470672000000,42.8600],[1470758400000,42.6200],[1470844800000,42.8600],[1470931200000,41.4000],[1471190400000,39.9500],[1471276800000,39.4700],[1471363200000,40.1000],[1471449600000,40.4800],[1471536000000,28.1900],[1471795200000,28.1200],[1471881600000,28.3700],[1471968000000,29.0900],[1472054400000,28.1200],[1472140800000,83.8900],[1472400000000,83.8900],[1472486400000,84.6200],[1472572800000,84.1300],[1472659200000,84.6200],[1472745600000,84.4100],[1473004800000,82.9000],[1473091200000,83.6100],[1473177600000,83.6100],[1473264000000,83.4500],[1473350400000,82.0800],[1473609600000,79.0100],[1473696000000,79.9500],[1473782400000,79.0100],[1474214400000,87.0300],[1474300800000,87.5000],[1474387200000,88.2100],[1474473600000,88.0600],[1474560000000,88.0600],[1474819200000,87.2100],[1474905600000,88.1400],[1474992000000,88.3700],[1475078400000,88.8900],[1475164800000,89.5800],[1476028800000,67.2800],[1476115200000,69.1200],[1476201600000,70.5700],[1476288000000,70.9400],[1476374400000,72.1800],[1476633600000,73.6200],[1476720000000,74.6600],[1476806400000,75.5100],[1476892800000,75.5100],[1476979200000,74.3700],[1477238400000,74.5500],[1477324800000,75.4500],[1477411200000,75.5100],[1477497600000,75.2800],[1477584000000,95.0600],[1477843200000,94.6300],[1477929600000,94.6300],[1478016000000,94.6300],[1478102400000,94.6300],[1478188800000,94.6400],[1478448000000,94.4400],[1478534400000,88.8900],[1478620800000,88.4400],[1478707200000,88.00],[1478793600000,88.2200],[1479052800000,88.00],[1479139200000,88.00],[1479225600000,90.8900],[1479312000000,91.1100],[1479398400000,91.5600],[1479657600000,91.5700],[1479744000000,91.8000],[1479830400000,92.0200],[1479916800000,92.0200],[1480003200000,92.2400],[1480262400000,40.5800],[1480348800000,40.4900],[1480435200000,43.3600],[1480521600000,44.0300],[1480608000000,43.7400],[1480867200000,44.6200],[1480953600000,45.4900],[1481040000000,45.4900],[1481126400000,64.4000],[1481212800000,64.9100],[1481472000000,66.7400],[1481558400000,67.0300],[1481644800000,68.3400],[1481731200000,67.2500],[1481817600000,68.1200],[1482076800000,53.9300],[1482163200000,53.9300],[1482249600000,65.2800],[1482336000000,68.1900],[1482422400000,70.6300],[1482681600000,76.0800],[1482768000000,76.7200],[1482854400000,78.1100],[1482940800000,81.5500],[1483027200000,83.1600],[1483372800000,89.9800],[1483459200000,90.3800],[1483545600000,92.3200],[1483632000000,93.8200],[1483891200000,94.6700],[1483977600000,95.3100],[1484064000000,95.3100],[1484150400000,95.3100],[1484236800000,95.5200],[1484496000000,95.5500],[1484582400000,95.7800],[1484668800000,96.0100],[1484755200000,96.2200],[1484841600000,96.2200],[1485100800000,96.0500],[1485187200000,95.6400],[1485273600000,95.4500],[1485360000000,95.6700],[1486051200000,85.6900],[1486310400000,86.9700],[1486396800000,88.3900],[1486483200000,88.5900],[1486569600000,89.00],[1486656000000,89.6800],[1486915200000,89.9200],[1487001600000,90.3200],[1487088000000,89.7200],[1487174400000,88.5100],[1487260800000,88.3100],[1487520000000,87.7000],[1487606400000,87.5000],[1487692800000,87.7000],[1487779200000,87.7500],[1487865600000,88.2000],[1488124800000,89.0700],[1488211200000,89.8600],[1488297600000,90.0600],[1488384000000,90.2200],[1488470400000,91.00],[1488729600000,90.4500],[1488816000000,90.4900],[1488902400000,84.6900],[1488988800000,84.5600],[1489075200000,84.9400],[1489334400000,85.9100],[1489420800000,85.7100],[1489507200000,85.5200],[1489593600000,85.5800],[1489680000000,85.3800],[1489939200000,85.2500],[1490025600000,81.9900],[1490112000000,81.6800],[1490198400000,81.3200],[1490284800000,82.8300],[1490544000000,80.7100],[1490630400000,80.5600],[1490716800000,79.2500],[1490803200000,78.6200],[1490889600000,77.8800],[1491321600000,72.1200],[1491408000000,71.4800],[1491494400000,72.7800],[1491753600000,67.9600],[1491840000000,68.3300],[1491926400000,67.9600],[1492012800000,67.8400],[1492099200000,69.5000],[1492358400000,69.0600],[1492444800000,69.2400],[1492531200000,69.2400],[1492617600000,69.3600],[1492704000000,70.8300],[1492963200000,70.2800],[1493049600000,70.7500],[1493136000000,71.0400],[1493222400000,71.7700],[1493308800000,73.0400],[1493654400000,72.5000],[1493740800000,72.9100],[1493827200000,73.6400],[1493913600000,72.7300],[1494172800000,73.0900],[1494259200000,72.7300],[1494345600000,72.9100],[1494432000000,74.00],[1494518400000,72.9100],[1494777600000,73.6500],[1494864000000,73.9200],[1494950400000,74.2900],[1495036800000,75.1800],[1495123200000,75.00],[1495382400000,74.4600],[1495468800000,74.2000],[1495555200000,74.2900],[1495641600000,75.1800],[1495728000000,73.9400],[1496160000000,73.4000],[1496246400000,73.4000],[1496332800000,73.5800],[1496592000000,74.0300],[1496678400000,74.2000],[1496764800000,74.0300],[1496851200000,74.2000],[1496937600000,74.2000],[1497196800000,75.0900],[1497283200000,75.2600],[1497369600000,75.6500],[1497456000000,76.5200],[1497542400000,77.3900],[1497801600000,79.5500],[1497888000000,80.2400],[1497974400000,80.1700],[1498060800000,80.5200],[1498147200000,81.0800],[1498406400000,79.9700],[1498492800000,80.3100],[1498579200000,80.6600],[1498665600000,81.00],[1498752000000,81.1000],[1499011200000,85.5700],[1499097600000,79.9000],[1499184000000,79.9300],[1499270400000,79.7600],[1499356800000,79.0700],[1499616000000,77.3600],[1499702400000,76.5000],[1499788800000,75.4700],[1499875200000,73.5800],[1499961600000,72.1800],[1500220800000,69.1100],[1500307200000,68.6000],[1500393600000,67.4000],[1500480000000,66.3800],[1500566400000,63.7400],[1500825600000,64.4200],[1500912000000,64.7600],[1500998400000,64.3100],[1501084800000,63.8000],[1501171200000,63.1300],[1501430400000,66.8400],[1501516800000,60.4400],[1501603200000,60.4400],[1501689600000,60.2700],[1501776000000,60.2700],[1502035200000,60.2300],[1502121600000,60.0700],[1502208000000,60.7400],[1502294400000,60.7400],[1502380800000,60.9100],[1502640000000,61.0700],[1502726400000,61.4100],[1502812800000,61.2400],[1502899200000,60.7400],[1502985600000,60.7400],[1503244800000,61.6400],[1503331200000,61.4700],[1503417600000,61.8100],[1503504000000,61.5800],[1503590400000,61.9100],[1503849600000,66.1700],[1503936000000,68.6700],[1504022400000,61.00],[1504108800000,61.2300],[1504195200000,61.4000],[1504454400000,61.5600],[1504540800000,61.4000],[1504627200000,61.7300],[1504713600000,62.5600],[1504800000000,62.9000],[1505059200000,64.1800],[1505145600000,64.3400],[1505232000000,64.5100],[1505318400000,64.6300],[1505404800000,64.9600],[1505664000000,65.0200],[1505750400000,65.5100],[1505836800000,66.00],[1505923200000,65.5100],[1506009600000,63.5200],[1506268800000,62.5200],[1506355200000,61.5300],[1506441600000,61.4200],[1506528000000,57.1200],[1506614400000,54.1300],[1507478400000,51.8200],[1507564800000,53.2100],[1507651200000,53.7100],[1507737600000,54.0100],[1507824000000,54.8300],[1508083200000,57.3500],[1508169600000,57.5200],[1508256000000,58.9200],[1508342400000,59.5700],[1508428800000,59.7400],[1508688000000,59.7400],[1508774400000,60.7300],[1508860800000,60.3000],[1508947200000,60.3000],[1509033600000,60.3000],[1509292800000,60.5900],[1509379200000,60.9800],[1509465600000,61.4800],[1509552000000,62.3200],[1509638400000,62.7200],[1509897600000,63.1200],[1509984000000,63.2900],[1510070400000,63.2900],[1510156800000,63.2400],[1510243200000,63.2400],[1510502400000,63.3500],[1510588800000,64.2500],[1510675200000,64.2500],[1510761600000,64.4100],[1510848000000,64.4700],[1511107200000,65.8800],[1511193600000,66.1900],[1511280000000,66.0400],[1511366400000,66.0400],[1511452800000,65.9300],[1511712000000,65.4700],[1511798400000,65.4700],[1511884800000,64.8400],[1511971200000,64.7400],[1512057600000,64.7000],[1512316800000,64.7000],[1512403200000,65.1600],[1512489600000,65.4700],[1512576000000,65.0600],[1512662400000,65.8000],[1512921600000,65.4900],[1513008000000,65.3900],[1513094400000,65.0800],[1513180800000,65.1400],[1513267200000,64.7900],[1513526400000,63.2600],[1513612800000,63.4100],[1513699200000,62.8000],[1513785600000,62.7500],[1513872000000,62.7500],[1514131200000,61.5300],[1514217600000,60.6100],[1514304000000,60.7000],[1514390400000,60.4600],[1514476800000,61.9800],[1514822400000,73.2800],[1514908800000,75.2700],[1514995200000,79.6900],[1515081600000,81.5300],[1515340800000,76.1800],[1515427200000,77.1000],[1515513600000,77.5900],[1515600000000,76.7100],[1515686400000,75.8000],[1515945600000,73.9700],[1516032000000,73.9700],[1516118400000,73.2100],[1516204800000,72.4500],[1516291200000,72.6000],[1516550400000,71.8400],[1516636800000,71.6900],[1516723200000,71.5400],[1516809600000,71.5400],[1516896000000,71.1500],[1517155200000,70.7300],[1517241600000,70.4300],[1517328000000,70.1200],[1517414400000,69.3600],[1517500800000,69.5100],[1517760000000,68.7500],[1517846400000,68.2900]];
/*规模变动*/
var Data_fluctuationScale = {"categories":["2016-12-31","2017-03-31","2017-06-30","2017-09-30","2017-12-31"],"series":[{"y":3.57,"mom":"511.21%"},{"y":3.85,"mom":"7.79%"},{"y":5.36,"mom":"39.24%"},{"y":8.15,"mom":"52.13%"},{"y":7.69,"mom":"-5.73%"}]};;
/*持有人结构*/
var Data_holderStructure = {"series":[{"name":"机构持有比例","data":[36.99,89.28,56.39]},{"name":"个人持有比例","data":[63.01,10.72,43.61]},{"name":"内部持有比例","data":[7.6174,0.9877,0.2847]}],"categories":["2016-06-30","2016-12-31","2017-06-30"]};
/*申购赎回*/
var Data_assetAllocation ={"series":[{"name":"期间申购","data":[2.40,12.02,12.26,10.23]},{"name":"期间赎回","data":[2.12,10.51,9.47,10.70]},{"name":"总份额","data":[3.85,5.36,8.15,7.69]}],"categories":["2017-03-31","2017-06-30","2017-09-30","2017-12-31"]};
/*现任基金经理*/
var Data_currentFundManager = [{"id":"30086607","pic":"https://pdf.dfcfw.com/pdf/H8_JPG30086607_1.jpg","name":"姚航","star":3,"workTime":"4年又136天","fundSize":"99.68亿(10只基金)","power":{"avr":"55.61","categories":["经验值","收益率","抗风险","稳定性","择时能力"],"dsc":["反映基金经理从业年限和管理基金的经验","根据基金经理投资的阶段收益评分，反映\u003cbr\u003e基金经理投资的盈利能力","反映基金经理投资的回撤控制能力","反映基金经理投资收益的波动","反映基金经理根据对市场的判断，通过\u003cbr\u003e调整仓位及配置而跑赢业绩的基准能力"],"data":[76.10,43.60,89.90,90.60,17.40],"jzrq":"2018-02-06"},"profit":{"categories":["任期收益","同类平均","沪深300"],"series":[{"data":[{"name":null,"color":"#7cb5ec","y":7.7715},{"name":null,"color":"#414c7b","y":7.29},{"name":null,"color":"#f7a35c","y":10.54}]}],"jzrq":"2018-02-06"}}] ;
/*同类型基金涨幅榜（页面底部通栏）*/
var swithSameType = [['002895_华夏天利货币B_5.8750','002894_华夏天利货币A_5.6210','004398_融通现金宝货币B_5.3370','000902_国开货币B_5.3360','001478_泰康薪意保货币B_5.1400'],['002895_华夏天利货币B_5.26','004973_长城收益宝货币B_5.08','004904_人保货币B_5.05','002884_华润元大现金通货币B_5.01','002894_华夏天利货币A_5.01'],['004973_长城收益宝货币B_5.05','004770_海富通添益货币A_4.99','002884_华润元大现金通货币B_4.99','005151_红土创新优淳货币B_4.90','002895_华夏天利货币B_4.89'],['004770_海富通添益货币A_5.39','004973_长城收益宝货币B_5.13','002884_华润元大现金通货币B_5.03','002895_华夏天利货币B_5.03','004398_融通现金宝货币B_5.01'],['003679_中融现金增利货币C_4.67','003474_南方天天利货币B_4.55','000836_国投瑞银钱多宝货币A_4.52','000837_国投瑞银钱多宝货币I_4.52','003753_工银如意货币B_4.51']];