/**
 * 测试数据
 * @type {arry}
 */
/*2018-02-07 17:59:23*/
//基金或股票信息
var fS_name = "嘉实现金宝";
var fS_code = "003460";
var fund_minsg="";
var ishb=true;
/*原费率*/
var fund_sourceRate="0";
/*现费率*/
var fund_Rate="0";
/*最小申购金额*/
var fund_minsg="";
/*收益率*/
/*近一年收益率*/
var syl_1n="4.3293";
/*近6月收益率*/
var syl_6y="2.1585";
/*近三月收益率*/
var syl_3y="1.0915";
/*近一月收益率*/
var syl_1y="0.3558";
/* 基金收益走势图 每万份收益*/
var Data_millionCopiesIncome = [[1482422400000,1.4306],[1482508800000,1.2304],[1482595200000,1.2303],[1482681600000,1.2301],[1482768000000,1.2299],[1482854400000,1.1808],[1482940800000,1.2667],[1483027200000,1.2614],[1483113600000,1.2609],[1483200000000,1.2597],[1483286400000,1.2596],[1483372800000,1.2594],[1483459200000,1.2627],[1483545600000,1.214],[1483632000000,1.2267],[1483718400000,1.2324],[1483804800000,1.2322],[1483891200000,1.2206],[1483977600000,1.2304],[1484064000000,1.2305],[1484150400000,1.2401],[1484236800000,1.2428],[1484323200000,1.2426],[1484409600000,1.2424],[1484496000000,1.2339],[1484582400000,1.2241],[1484668800000,1.2411],[1484755200000,1.2808],[1484841600000,1.2398],[1484928000000,1.2653],[1485014400000,1.2651],[1485100800000,1.2281],[1485187200000,1.2814],[1485273600000,1.2773],[1485360000000,1.2521],[1485446400000,1.2519],[1485532800000,1.2517],[1485619200000,1.2516],[1485705600000,1.2514],[1485792000000,1.2512],[1485878400000,1.2511],[1485964800000,1.2509],[1486051200000,1.2507],[1486137600000,1.2505],[1486224000000,1.2504],[1486310400000,1.2504],[1486396800000,1.2497],[1486483200000,1.2226],[1486569600000,1.2548],[1486656000000,1.241],[1486742400000,1.2408],[1486828800000,1.2407],[1486915200000,1.2403],[1487001600000,1.2404],[1487088000000,1.2403],[1487174400000,1.2205],[1487260800000,1.1933],[1487347200000,1.1757],[1487433600000,1.1755],[1487520000000,1.1268],[1487606400000,1.1492],[1487692800000,1.1362],[1487779200000,1.1453],[1487865600000,1.1595],[1487952000000,1.1593],[1488038400000,1.1592],[1488124800000,1.1594],[1488211200000,1.1487],[1488297600000,1.1589],[1488384000000,1.1582],[1488470400000,1.1627],[1488556800000,1.1625],[1488643200000,1.1624],[1488729600000,1.1589],[1488816000000,1.1579],[1488902400000,1.1571],[1488988800000,1.1576],[1489075200000,1.1364],[1489161600000,1.1397],[1489248000000,1.1396],[1489334400000,1.1385],[1489420800000,1.1381],[1489507200000,1.1384],[1489593600000,1.138],[1489680000000,1.1393],[1489766400000,1.1387],[1489852800000,1.1386],[1489939200000,1.1376],[1490025600000,1.1392],[1490112000000,1.1389],[1490198400000,1.1097],[1490284800000,1.1177],[1490371200000,1.1208],[1490457600000,1.1207],[1490544000000,1.104],[1490630400000,1.1167],[1490716800000,1.1211],[1490803200000,1.1208],[1490889600000,1.1611],[1490976000000,1.1609],[1491062400000,1.1608],[1491148800000,1.1607],[1491235200000,1.1605],[1491321600000,1.1606],[1491408000000,1.1605],[1491494400000,1.1173],[1491580800000,1.107],[1491667200000,1.1069],[1491753600000,1.1171],[1491840000000,1.1169],[1491926400000,1.1166],[1492012800000,1.1244],[1492099200000,1.1154],[1492185600000,1.1118],[1492272000000,1.1117],[1492358400000,1.114],[1492444800000,1.1139],[1492531200000,1.1162],[1492617600000,1.1157],[1492704000000,1.1261],[1492790400000,1.1248],[1492876800000,1.108],[1492963200000,1.1282],[1493049600000,1.1321],[1493136000000,1.1328],[1493222400000,1.1294],[1493308800000,1.148],[1493395200000,1.1479],[1493481600000,1.1478],[1493568000000,1.1476],[1493654400000,1.1456],[1493740800000,1.1459],[1493827200000,1.1424],[1493913600000,1.1285],[1494000000000,1.1284],[1494086400000,1.1282],[1494172800000,1.1281],[1494259200000,1.1286],[1494345600000,1.1196],[1494432000000,1.12],[1494518400000,1.1197],[1494604800000,1.1196],[1494691200000,1.1195],[1494777600000,1.1275],[1494864000000,1.1282],[1494950400000,1.1466],[1495036800000,1.1386],[1495123200000,1.1644],[1495209600000,1.1642],[1495296000000,1.1641],[1495382400000,1.1054],[1495468800000,1.0543],[1495555200000,1.1351],[1495641600000,1.1725],[1495728000000,1.1718],[1495814400000,1.1716],[1495900800000,1.1715],[1495987200000,1.1713],[1496073600000,1.1712],[1496160000000,1.171],[1496246400000,1.1709],[1496332800000,1.1706],[1496419200000,1.1705],[1496505600000,1.1703],[1496592000000,1.1801],[1496678400000,1.1799],[1496764800000,1.1789],[1496851200000,1.1767],[1496937600000,1.1799],[1497024000000,1.1806],[1497110400000,1.1805],[1497196800000,1.1803],[1497283200000,1.1801],[1497369600000,1.1799],[1497456000000,1.2063],[1497542400000,1.2119],[1497628800000,1.2103],[1497715200000,1.2101],[1497801600000,1.2359],[1497888000000,1.2359],[1497974400000,1.243],[1498060800000,1.244],[1498147200000,1.2427],[1498233600000,1.2368],[1498320000000,1.2367],[1498406400000,1.245],[1498492800000,1.2448],[1498579200000,1.2471],[1498665600000,1.2493],[1498752000000,1.2567],[1498838400000,1.2565],[1498924800000,1.2563],[1499011200000,1.2475],[1499097600000,1.2474],[1499184000000,1.2444],[1499270400000,1.2392],[1499356800000,1.1883],[1499443200000,1.1882],[1499529600000,1.188],[1499616000000,1.1879],[1499702400000,1.1879],[1499788800000,1.1878],[1499875200000,1.1877],[1499961600000,1.3108],[1500048000000,1.2031],[1500134400000,1.19],[1500220800000,1.1741],[1500307200000,1.2993],[1500393600000,1.1446],[1500480000000,1.1344],[1500566400000,1.1356],[1500652800000,1.1355],[1500739200000,1.1353],[1500825600000,1.119],[1500912000000,1.1195],[1500998400000,1.0343],[1501084800000,1.1182],[1501171200000,1.1181],[1501257600000,1.118],[1501344000000,1.1179],[1501430400000,1.1161],[1501516800000,1.1168],[1501603200000,1.1171],[1501689600000,1.1056],[1501776000000,1.1055],[1501862400000,1.1054],[1501948800000,1.1052],[1502035200000,1.1037],[1502121600000,1.1025],[1502208000000,1.1025],[1502294400000,1.1012],[1502380800000,1.1011],[1502467200000,1.101],[1502553600000,1.1009],[1502640000000,1.1008],[1502726400000,1.103],[1502812800000,1.0336],[1502899200000,1.0206],[1502985600000,1.1028],[1503072000000,1.0795],[1503158400000,1.0794],[1503244800000,1.0582],[1503331200000,1.0903],[1503417600000,1.1013],[1503504000000,1.0989],[1503590400000,1.101],[1503676800000,1.1009],[1503763200000,1.0862],[1503849600000,1.1005],[1503936000000,1.1035],[1504022400000,1.1157],[1504108800000,1.1102],[1504195200000,1.1113],[1504281600000,1.1112],[1504368000000,1.1111],[1504454400000,1.1133],[1504540800000,1.1123],[1504627200000,1.1137],[1504713600000,1.094],[1504800000000,1.1139],[1504886400000,1.1183],[1504972800000,1.1182],[1505059200000,1.1177],[1505145600000,1.1146],[1505232000000,1.1191],[1505318400000,1.11],[1505404800000,1.109],[1505491200000,1.1089],[1505577600000,1.1088],[1505664000000,1.1356],[1505750400000,1.1389],[1505836800000,1.1418],[1505923200000,1.1434],[1506009600000,1.0892],[1506096000000,1.0753],[1506182400000,1.0752],[1506268800000,1.1373],[1506355200000,1.1757],[1506441600000,1.2656],[1506528000000,1.4114],[1506614400000,1.2416],[1506700800000,1.2415],[1506787200000,1.2413],[1506873600000,1.2412],[1506960000000,1.2411],[1507046400000,1.2409],[1507132800000,1.2408],[1507219200000,1.2407],[1507305600000,1.2405],[1507392000000,1.2404],[1507478400000,1.2403],[1507564800000,1.2046],[1507651200000,1.2348],[1507737600000,1.2462],[1507824000000,1.2449],[1507910400000,1.2448],[1507996800000,1.2447],[1508083200000,1.2427],[1508169600000,1.218],[1508256000000,1.1402],[1508342400000,1.0659],[1508428800000,1.0476],[1508515200000,1.0475],[1508601600000,1.0474],[1508688000000,1.0473],[1508774400000,1.0859],[1508860800000,1.0752],[1508947200000,1.1377],[1509033600000,1.1543],[1509120000000,1.1542],[1509206400000,1.1541],[1509292800000,1.1711],[1509379200000,1.1889],[1509465600000,1.1889],[1509552000000,1.1582],[1509638400000,1.1508],[1509724800000,1.1507],[1509811200000,1.1506],[1509897600000,1.1594],[1509984000000,1.0993],[1510070400000,1.1114],[1510156800000,1.111],[1510243200000,1.1346],[1510329600000,1.1345],[1510416000000,1.1344],[1510502400000,1.1305],[1510588800000,1.1644],[1510675200000,1.1613],[1510761600000,1.1051],[1510848000000,1.1291],[1510934400000,1.129],[1511020800000,1.1289],[1511107200000,1.124],[1511193600000,1.1081],[1511280000000,1.1336],[1511366400000,1.1331],[1511452800000,1.0112],[1511539200000,1.1423],[1511625600000,1.1422],[1511712000000,1.1524],[1511798400000,1.1667],[1511884800000,1.168],[1511971200000,1.1508],[1512057600000,1.1507],[1512144000000,1.1506],[1512230400000,1.1505],[1512316800000,1.1543],[1512403200000,1.1432],[1512489600000,1.1333],[1512576000000,1.0888],[1512662400000,1.0888],[1512748800000,1.0887],[1512835200000,1.0887],[1512921600000,1.089],[1513008000000,1.0893],[1513094400000,1.0504],[1513180800000,1.0718],[1513267200000,1.0797],[1513353600000,1.0796],[1513440000000,1.0796],[1513526400000,1.0879],[1513612800000,1.1226],[1513699200000,1.1123],[1513785600000,1.1374],[1513872000000,1.1892],[1513958400000,1.1891],[1514044800000,1.189],[1514131200000,1.2412],[1514217600000,1.2198],[1514304000000,1.622],[1514390400000,1.6793],[1514476800000,1.6468],[1514649600000,3.2929],[1514736000000,1.7178],[1514822400000,1.6937],[1514908800000,1.2974],[1514995200000,1.2972],[1515081600000,1.2128],[1515168000000,1.2127],[1515254400000,1.2126],[1515340800000,1.1232],[1515427200000,1.1231],[1515513600000,1.1228],[1515600000000,1.1228],[1515686400000,1.1365],[1515772800000,1.1375],[1515859200000,1.1374],[1515945600000,1.1601],[1516032000000,1.1581],[1516118400000,1.2078],[1516204800000,1.2078],[1516291200000,1.2161],[1516377600000,1.216],[1516464000000,1.2159],[1516550400000,1.2286],[1516636800000,1.2247],[1516723200000,1.222],[1516809600000,1.182],[1516896000000,1.1703],[1516982400000,1.1222],[1517068800000,1.1221],[1517155200000,1.1507],[1517241600000,1.0756],[1517328000000,1.0758],[1517414400000,1.0759],[1517500800000,1.0804],[1517587200000,1.0803],[1517673600000,1.0803],[1517760000000,1.0758],[1517846400000,1.053]];
/*基金收益走势图   7日年化收益率*/
var Data_sevenDaysYearIncome = [[1482422400000,2.645],[1482508800000,3.29],[1482595200000,3.614],[1482681600000,3.809],[1482768000000,3.939],[1482854400000,4.005],[1482940800000,4.585],[1483027200000,4.602],[1483113600000,4.619],[1483200000000,4.635],[1483286400000,4.651],[1483372800000,4.667],[1483459200000,4.712],[1483545600000,4.683],[1483632000000,4.664],[1483718400000,4.649],[1483804800000,4.634],[1483891200000,4.612],[1483977600000,4.596],[1484064000000,4.579],[1484150400000,4.593],[1484236800000,4.602],[1484323200000,4.607],[1484409600000,4.613],[1484496000000,4.62],[1484582400000,4.617],[1484668800000,4.623],[1484755200000,4.645],[1484841600000,4.643],[1484928000000,4.656],[1485014400000,4.668],[1485100800000,4.665],[1485187200000,4.696],[1485273600000,4.716],[1485360000000,4.7],[1485446400000,4.707],[1485532800000,4.699],[1485619200000,4.692],[1485705600000,4.705],[1485792000000,4.688],[1485878400000,4.674],[1485964800000,4.673],[1486051200000,4.673],[1486137600000,4.672],[1486224000000,4.671],[1486310400000,4.671],[1486396800000,4.67],[1486483200000,4.654],[1486569600000,4.656],[1486656000000,4.651],[1486742400000,4.646],[1486828800000,4.641],[1486915200000,4.635],[1487001600000,4.63],[1487088000000,4.64],[1487174400000,4.621],[1487260800000,4.595],[1487347200000,4.559],[1487433600000,4.524],[1487520000000,4.462],[1487606400000,4.412],[1487692800000,4.356],[1487779200000,4.315],[1487865600000,4.296],[1487952000000,4.288],[1488038400000,4.279],[1488124800000,4.296],[1488211200000,4.296],[1488297600000,4.309],[1488384000000,4.316],[1488470400000,4.317],[1488556800000,4.319],[1488643200000,4.321],[1488729600000,4.32],[1488816000000,4.325],[1488902400000,4.324],[1488988800000,4.324],[1489075200000,4.31],[1489161600000,4.297],[1489248000000,4.285],[1489334400000,4.274],[1489420800000,4.263],[1489507200000,4.253],[1489593600000,4.242],[1489680000000,4.244],[1489766400000,4.243],[1489852800000,4.243],[1489939200000,4.242],[1490025600000,4.243],[1490112000000,4.243],[1490198400000,4.228],[1490284800000,4.216],[1490371200000,4.206],[1490457600000,4.197],[1490544000000,4.178],[1490630400000,4.166],[1490716800000,4.157],[1490803200000,4.163],[1490889600000,4.186],[1490976000000,4.208],[1491062400000,4.23],[1491148800000,4.261],[1491235200000,4.284],[1491321600000,4.306],[1491408000000,4.327],[1491494400000,4.304],[1491580800000,4.274],[1491667200000,4.245],[1491753600000,4.221],[1491840000000,4.198],[1491926400000,4.174],[1492012800000,4.154],[1492099200000,4.153],[1492185600000,4.156],[1492272000000,4.158],[1492358400000,4.157],[1492444800000,4.155],[1492531200000,4.155],[1492617600000,4.15],[1492704000000,4.156],[1492790400000,4.163],[1492876800000,4.161],[1492963200000,4.169],[1493049600000,4.178],[1493136000000,4.188],[1493222400000,4.195],[1493308800000,4.207],[1493395200000,4.219],[1493481600000,4.241],[1493568000000,4.252],[1493654400000,4.259],[1493740800000,4.266],[1493827200000,4.273],[1493913600000,4.263],[1494000000000,4.252],[1494086400000,4.241],[1494172800000,4.231],[1494259200000,4.221],[1494345600000,4.207],[1494432000000,4.195],[1494518400000,4.19],[1494604800000,4.185],[1494691200000,4.181],[1494777600000,4.18],[1494864000000,4.18],[1494950400000,4.195],[1495036800000,4.205],[1495123200000,4.229],[1495209600000,4.253],[1495296000000,4.278],[1495382400000,4.266],[1495468800000,4.225],[1495555200000,4.219],[1495641600000,4.238],[1495728000000,4.242],[1495814400000,4.246],[1495900800000,4.25],[1495987200000,4.286],[1496073600000,4.349],[1496160000000,4.369],[1496246400000,4.368],[1496332800000,4.367],[1496419200000,4.367],[1496505600000,4.366],[1496592000000,4.371],[1496678400000,4.375],[1496764800000,4.38],[1496851200000,4.383],[1496937600000,4.388],[1497024000000,4.393],[1497110400000,4.399],[1497196800000,4.399],[1497283200000,4.399],[1497369600000,4.4],[1497456000000,4.416],[1497542400000,4.433],[1497628800000,4.449],[1497715200000,4.466],[1497801600000,4.496],[1497888000000,4.526],[1497974400000,4.561],[1498060800000,4.581],[1498147200000,4.598],[1498233600000,4.612],[1498320000000,4.627],[1498406400000,4.632],[1498492800000,4.637],[1498579200000,4.639],[1498665600000,4.642],[1498752000000,4.65],[1498838400000,4.66],[1498924800000,4.671],[1499011200000,4.672],[1499097600000,4.674],[1499184000000,4.672],[1499270400000,4.667],[1499356800000,4.629],[1499443200000,4.592],[1499529600000,4.555],[1499616000000,4.523],[1499702400000,4.49],[1499788800000,4.459],[1499875200000,4.431],[1499961600000,4.498],[1500048000000,4.506],[1500134400000,4.507],[1500220800000,4.5],[1500307200000,4.56],[1500393600000,4.537],[1500480000000,4.508],[1500566400000,4.412],[1500652800000,4.376],[1500739200000,4.346],[1500825600000,4.316],[1500912000000,4.218],[1500998400000,4.158],[1501084800000,4.149],[1501171200000,4.14],[1501257600000,4.13],[1501344000000,4.121],[1501430400000,4.119],[1501516800000,4.118],[1501603200000,4.163],[1501689600000,4.156],[1501776000000,4.149],[1501862400000,4.142],[1501948800000,4.135],[1502035200000,4.129],[1502121600000,4.121],[1502208000000,4.113],[1502294400000,4.111],[1502380800000,4.108],[1502467200000,4.106],[1502553600000,4.103],[1502640000000,4.102],[1502726400000,4.102],[1502812800000,4.065],[1502899200000,4.021],[1502985600000,4.022],[1503072000000,4.01],[1503158400000,3.999],[1503244800000,3.976],[1503331200000,3.969],[1503417600000,4.005],[1503504000000,4.048],[1503590400000,4.047],[1503676800000,4.058],[1503763200000,4.062],[1503849600000,4.085],[1503936000000,4.092],[1504022400000,4.1],[1504108800000,4.106],[1504195200000,4.112],[1504281600000,4.117],[1504368000000,4.131],[1504454400000,4.138],[1504540800000,4.143],[1504627200000,4.142],[1504713600000,4.133],[1504800000000,4.134],[1504886400000,4.138],[1504972800000,4.142],[1505059200000,4.144],[1505145600000,4.146],[1505232000000,4.148],[1505318400000,4.157],[1505404800000,4.154],[1505491200000,4.149],[1505577600000,4.144],[1505664000000,4.154],[1505750400000,4.167],[1505836800000,4.18],[1505923200000,4.198],[1506009600000,4.187],[1506096000000,4.169],[1506182400000,4.15],[1506268800000,4.151],[1506355200000,4.171],[1506441600000,4.239],[1506528000000,4.384],[1506614400000,4.467],[1506700800000,4.558],[1506787200000,4.648],[1506873600000,4.705],[1506960000000,4.741],[1507046400000,4.727],[1507132800000,4.634],[1507219200000,4.634],[1507305600000,4.633],[1507392000000,4.633],[1507478400000,4.632],[1507564800000,4.612],[1507651200000,4.609],[1507737600000,4.612],[1507824000000,4.614],[1507910400000,4.617],[1507996800000,4.619],[1508083200000,4.62],[1508169600000,4.628],[1508256000000,4.576],[1508342400000,4.478],[1508428800000,4.37],[1508515200000,4.263],[1508601600000,4.156],[1508688000000,4.05],[1508774400000,3.978],[1508860800000,3.943],[1508947200000,3.982],[1509033600000,4.04],[1509120000000,4.098],[1509206400000,4.155],[1509292800000,4.223],[1509379200000,4.279],[1509465600000,4.341],[1509552000000,4.352],[1509638400000,4.35],[1509724800000,4.348],[1509811200000,4.346],[1509897600000,4.34],[1509984000000,4.291],[1510070400000,4.249],[1510156800000,4.223],[1510243200000,4.214],[1510329600000,4.205],[1510416000000,4.197],[1510502400000,4.181],[1510588800000,4.216],[1510675200000,4.243],[1510761600000,4.24],[1510848000000,4.237],[1510934400000,4.234],[1511020800000,4.231],[1511107200000,4.228],[1511193600000,4.197],[1511280000000,4.182],[1511366400000,4.197],[1511452800000,4.133],[1511539200000,4.141],[1511625600000,4.148],[1511712000000,4.163],[1511798400000,4.195],[1511884800000,4.214],[1511971200000,4.223],[1512057600000,4.299],[1512144000000,4.304],[1512230400000,4.308],[1512316800000,4.309],[1512403200000,4.296],[1512489600000,4.278],[1512576000000,4.244],[1512662400000,4.21],[1512748800000,4.177],[1512835200000,4.143],[1512921600000,4.108],[1513008000000,4.078],[1513094400000,4.033],[1513180800000,4.024],[1513267200000,4.019],[1513353600000,4.014],[1513440000000,4.009],[1513526400000,4.009],[1513612800000,4.027],[1513699200000,4.06],[1513785600000,4.096],[1513872000000,4.155],[1513958400000,4.215],[1514044800000,4.274],[1514131200000,4.358],[1514217600000,4.411],[1514304000000,4.688],[1514390400000,4.985],[1514476800000,5.235],[1514649600000,5.739],[1514736000000,6.002],[1514822400000,6.264],[1514908800000,6.084],[1514995200000,5.873],[1515081600000,5.634],[1515168000000,5.395],[1515254400000,5.157],[1515340800000,4.831],[1515427200000,4.52],[1515513600000,4.425],[1515600000000,4.33],[1515686400000,4.289],[1515772800000,4.248],[1515859200000,4.207],[1515945600000,4.227],[1516032000000,4.246],[1516118400000,4.292],[1516204800000,4.338],[1516291200000,4.382],[1516377600000,4.424],[1516464000000,4.467],[1516550400000,4.504],[1516636800000,4.541],[1516723200000,4.548],[1516809600000,4.534],[1516896000000,4.509],[1516982400000,4.458],[1517068800000,4.407],[1517155200000,4.365],[1517241600000,4.284],[1517328000000,4.204],[1517414400000,4.147],[1517500800000,4.098],[1517587200000,4.075],[1517673600000,4.053],[1517760000000,4.012],[1517846400000,4.0]];
/*资产配置*/
var Data_assetAllocationCurrency ={"categories":["12-31","09-30","06-30","03-31"],"series":[{"name":"股票","data":[null,null,null,null]},{"name":"债券","data":[24.63,23.78,5.99,13.57]},{"name":"现金","data":[45.9,56.89,59.49,82.52]}]};
/*累计收益率走势*/
var Data_grandTotal = [{"name":"嘉实现金宝","data":[[1501948800000,0],[1502035200000,0.01],[1502121600000,0.02],[1502208000000,0.03],[1502294400000,0.04],[1502380800000,0.06],[1502467200000,0.07],[1502553600000,0.08],[1502640000000,0.09],[1502726400000,0.10],[1502812800000,0.11],[1502899200000,0.12],[1502985600000,0.13],[1503072000000,0.14],[1503158400000,0.15],[1503244800000,0.16],[1503331200000,0.17],[1503417600000,0.18],[1503504000000,0.20],[1503590400000,0.21],[1503676800000,0.22],[1503763200000,0.23],[1503849600000,0.24],[1503936000000,0.25],[1504022400000,0.26],[1504108800000,0.27],[1504195200000,0.28],[1504281600000,0.30],[1504368000000,0.31],[1504454400000,0.32],[1504540800000,0.33],[1504627200000,0.34],[1504713600000,0.35],[1504800000000,0.36],[1504886400000,0.37],[1504972800000,0.38],[1505059200000,0.40],[1505145600000,0.41],[1505232000000,0.42],[1505318400000,0.43],[1505404800000,0.44],[1505491200000,0.45],[1505577600000,0.46],[1505664000000,0.47],[1505750400000,0.49],[1505836800000,0.50],[1505923200000,0.51],[1506009600000,0.52],[1506096000000,0.53],[1506182400000,0.54],[1506268800000,0.55],[1506355200000,0.56],[1506441600000,0.58],[1506528000000,0.59],[1506614400000,0.60],[1506700800000,0.62],[1506787200000,0.63],[1506873600000,0.64],[1506960000000,0.65],[1507046400000,0.67],[1507132800000,0.68],[1507219200000,0.69],[1507305600000,0.70],[1507392000000,0.72],[1507478400000,0.73],[1507564800000,0.74],[1507651200000,0.75],[1507737600000,0.77],[1507824000000,0.78],[1507910400000,0.79],[1507996800000,0.80],[1508083200000,0.82],[1508169600000,0.83],[1508256000000,0.84],[1508342400000,0.85],[1508428800000,0.86],[1508515200000,0.87],[1508601600000,0.88],[1508688000000,0.89],[1508774400000,0.90],[1508860800000,0.91],[1508947200000,0.93],[1509033600000,0.94],[1509120000000,0.95],[1509206400000,0.96],[1509292800000,0.97],[1509379200000,0.99],[1509465600000,1.00],[1509552000000,1.01],[1509638400000,1.02],[1509724800000,1.03],[1509811200000,1.04],[1509897600000,1.06],[1509984000000,1.07],[1510070400000,1.08],[1510156800000,1.09],[1510243200000,1.10],[1510329600000,1.11],[1510416000000,1.12],[1510502400000,1.13],[1510588800000,1.15],[1510675200000,1.16],[1510761600000,1.17],[1510848000000,1.18],[1510934400000,1.19],[1511020800000,1.20],[1511107200000,1.22],[1511193600000,1.23],[1511280000000,1.24],[1511366400000,1.25],[1511452800000,1.26],[1511539200000,1.27],[1511625600000,1.28],[1511712000000,1.29],[1511798400000,1.31],[1511884800000,1.32],[1511971200000,1.33],[1512057600000,1.34],[1512144000000,1.35],[1512230400000,1.36],[1512316800000,1.38],[1512403200000,1.39],[1512489600000,1.40],[1512576000000,1.41],[1512662400000,1.42],[1512748800000,1.43],[1512835200000,1.44],[1512921600000,1.45],[1513008000000,1.47],[1513094400000,1.48],[1513180800000,1.49],[1513267200000,1.50],[1513353600000,1.51],[1513440000000,1.52],[1513526400000,1.53],[1513612800000,1.54],[1513699200000,1.55],[1513785600000,1.57],[1513872000000,1.58],[1513958400000,1.59],[1514044800000,1.60],[1514131200000,1.61],[1514217600000,1.63],[1514304000000,1.64],[1514390400000,1.66],[1514476800000,1.68],[1514649600000,1.71],[1514736000000,1.73],[1514822400000,1.75],[1514908800000,1.76],[1514995200000,1.77],[1515081600000,1.78],[1515168000000,1.80],[1515254400000,1.81],[1515340800000,1.82],[1515427200000,1.83],[1515513600000,1.84],[1515600000000,1.85],[1515686400000,1.87],[1515772800000,1.88],[1515859200000,1.89],[1515945600000,1.90],[1516032000000,1.91],[1516118400000,1.93],[1516204800000,1.94],[1516291200000,1.95],[1516377600000,1.96],[1516464000000,1.97],[1516550400000,1.99],[1516636800000,2.00],[1516723200000,2.01],[1516809600000,2.02],[1516896000000,2.04],[1516982400000,2.05],[1517068800000,2.06],[1517155200000,2.07],[1517241600000,2.08],[1517328000000,2.09],[1517414400000,2.10],[1517500800000,2.11],[1517587200000,2.13],[1517673600000,2.14],[1517760000000,2.15],[1517846400000,2.16]]},{"name":"同类平均","data":[[1502035200000,0],[1502121600000,0.01],[1502208000000,0.02],[1502294400000,0.03],[1502380800000,0.04],[1502640000000,0.07],[1502726400000,0.08],[1502812800000,0.09],[1502899200000,0.10],[1502985600000,0.11],[1503244800000,0.14],[1503331200000,0.16],[1503417600000,0.17],[1503504000000,0.18],[1503590400000,0.19],[1503849600000,0.22],[1503936000000,0.23],[1504022400000,0.24],[1504108800000,0.25],[1504195200000,0.26],[1504454400000,0.29],[1504540800000,0.30],[1504627200000,0.31],[1504713600000,0.32],[1504800000000,0.34],[1505059200000,0.37],[1505145600000,0.38],[1505232000000,0.39],[1505318400000,0.40],[1505404800000,0.41],[1505664000000,0.44],[1505750400000,0.45],[1505836800000,0.46],[1505923200000,0.47],[1506009600000,0.48],[1506268800000,0.52],[1506355200000,0.53],[1506441600000,0.54],[1506528000000,0.55],[1506614400000,0.56],[1507478400000,0.67],[1507564800000,0.68],[1507651200000,0.69],[1507737600000,0.71],[1507824000000,0.72],[1508083200000,0.75],[1508169600000,0.76],[1508256000000,0.77],[1508342400000,0.78],[1508428800000,0.79],[1508688000000,0.82],[1508774400000,0.83],[1508860800000,0.84],[1508947200000,0.85],[1509033600000,0.86],[1509292800000,0.90],[1509379200000,0.91],[1509465600000,0.92],[1509552000000,0.93],[1509638400000,0.94],[1509897600000,0.97],[1509984000000,0.98],[1510070400000,0.99],[1510156800000,1.00],[1510243200000,1.01],[1510502400000,1.04],[1510588800000,1.06],[1510675200000,1.07],[1510761600000,1.08],[1510848000000,1.09],[1511107200000,1.12],[1511193600000,1.13],[1511280000000,1.14],[1511366400000,1.15],[1511452800000,1.16],[1511712000000,1.20],[1511798400000,1.21],[1511884800000,1.22],[1511971200000,1.23],[1512057600000,1.24],[1512316800000,1.28],[1512403200000,1.29],[1512489600000,1.30],[1512576000000,1.31],[1512662400000,1.32],[1512921600000,1.35],[1513008000000,1.36],[1513094400000,1.38],[1513180800000,1.39],[1513267200000,1.40],[1513526400000,1.43],[1513612800000,1.44],[1513699200000,1.46],[1513785600000,1.47],[1513872000000,1.48],[1514131200000,1.51],[1514217600000,1.53],[1514304000000,1.54],[1514390400000,1.55],[1514476800000,1.57],[1514822400000,1.62],[1514908800000,1.64],[1514995200000,1.65],[1515081600000,1.66],[1515340800000,1.69],[1515427200000,1.71],[1515513600000,1.72],[1515600000000,1.73],[1515686400000,1.74],[1515945600000,1.77],[1516032000000,1.79],[1516118400000,1.80],[1516204800000,1.81],[1516291200000,1.82],[1516550400000,1.86],[1516636800000,1.87],[1516723200000,1.88],[1516809600000,1.89],[1516896000000,1.90],[1517155200000,1.94],[1517241600000,1.95],[1517328000000,1.96],[1517414400000,1.97],[1517500800000,1.98],[1517760000000,2.02],[1517846400000,2.03]]},{"name":"沪深300","data":[[1502035200000,0],[1502121600000,0.15],[1502208000000,0.11],[1502294400000,-0.29],[1502380800000,-2.13],[1502640000000,-0.86],[1502726400000,-0.56],[1502812800000,-0.68],[1502899200000,-0.15],[1502985600000,-0.06],[1503244800000,0.38],[1503331200000,0.68],[1503417600000,0.79],[1503504000000,0.21],[1503590400000,1.85],[1503849600000,3.11],[1503936000000,2.89],[1504022400000,2.88],[1504108800000,2.56],[1504195200000,2.78],[1504454400000,3.19],[1504540800000,3.50],[1504627200000,3.29],[1504713600000,2.77],[1504800000000,2.66],[1505059200000,2.65],[1505145600000,2.98],[1505232000000,3.11],[1505318400000,2.77],[1505404800000,2.80],[1505664000000,3.12],[1505750400000,2.83],[1505836800000,3.10],[1505923200000,2.98],[1506009600000,2.98],[1506268800000,2.44],[1506355200000,2.52],[1506441600000,2.53],[1506528000000,2.57],[1506614400000,2.94],[1507478400000,4.17],[1507564800000,4.38],[1507651200000,4.72],[1507737600000,5.00],[1507824000000,5.21],[1508083200000,5.01],[1508169600000,5.00],[1508256000000,5.83],[1508342400000,5.49],[1508428800000,5.37],[1508688000000,5.47],[1508774400000,6.24],[1508860800000,6.71],[1508947200000,7.16],[1509033600000,7.92],[1509292800000,7.59],[1509379200000,7.51],[1509465600000,7.24],[1509552000000,7.25],[1509638400000,7.13],[1509897600000,7.89],[1509984000000,8.79],[1510070400000,8.62],[1510156800000,9.37],[1510243200000,10.33],[1510502400000,10.77],[1510588800000,10.00],[1510675200000,9.31],[1510761600000,10.15],[1510848000000,10.57],[1511107200000,11.19],[1511193600000,13.17],[1511280000000,13.44],[1511366400000,10.08],[1511452800000,10.13],[1511712000000,8.67],[1511798400000,8.83],[1511884800000,8.77],[1511971200000,7.49],[1512057600000,7.28],[1512316800000,7.84],[1512403200000,8.41],[1512489600000,7.76],[1512576000000,6.55],[1512662400000,7.42],[1512921600000,9.20],[1513008000000,7.76],[1513094400000,8.67],[1513180800000,8.03],[1513267200000,6.82],[1513526400000,6.94],[1513612800000,8.28],[1513699200000,8.15],[1513785600000,9.15],[1513872000000,8.80],[1514131200000,8.45],[1514217600000,8.77],[1514304000000,7.09],[1514390400000,7.84],[1514476800000,8.16],[1514822400000,9.68],[1514908800000,10.32],[1514995200000,10.79],[1515081600000,11.05],[1515340800000,11.63],[1515427200000,12.41],[1515513600000,12.91],[1515600000000,12.85],[1515686400000,13.37],[1515945600000,13.37],[1516032000000,14.27],[1516118400000,13.99],[1516204800000,14.61],[1516291200000,14.99],[1516550400000,16.36],[1516636800000,17.60],[1516723200000,17.79],[1516809600000,17.13],[1516896000000,17.56],[1517155200000,15.43],[1517241600000,14.20],[1517328000000,14.73],[1517414400000,13.93],[1517500800000,14.61],[1517760000000,14.69],[1517846400000,11.33]]}];
/*同类排名*/
var Data_rateInSimilarType = [{"x":1490198400000,"y":7,"sc":"530"},{"x":1490284800000,"y":8,"sc":"530"},{"x":1490544000000,"y":7,"sc":"534"},{"x":1490630400000,"y":7,"sc":"535"},{"x":1490716800000,"y":6,"sc":"535"},{"x":1490803200000,"y":5,"sc":"538"},{"x":1490889600000,"y":5,"sc":"538"},{"x":1491321600000,"y":6,"sc":"538"},{"x":1491408000000,"y":5,"sc":"540"},{"x":1491494400000,"y":5,"sc":"540"},{"x":1491753600000,"y":5,"sc":"540"},{"x":1491840000000,"y":5,"sc":"540"},{"x":1491926400000,"y":6,"sc":"540"},{"x":1492012800000,"y":5,"sc":"541"},{"x":1492099200000,"y":7,"sc":"541"},{"x":1492358400000,"y":5,"sc":"543"},{"x":1492444800000,"y":6,"sc":"543"},{"x":1492531200000,"y":6,"sc":"543"},{"x":1492617600000,"y":6,"sc":"545"},{"x":1492704000000,"y":9,"sc":"545"},{"x":1492963200000,"y":8,"sc":"545"},{"x":1493049600000,"y":8,"sc":"547"},{"x":1493136000000,"y":8,"sc":"549"},{"x":1493222400000,"y":11,"sc":"549"},{"x":1493308800000,"y":14,"sc":"549"},{"x":1493654400000,"y":12,"sc":"549"},{"x":1493740800000,"y":12,"sc":"550"},{"x":1493827200000,"y":14,"sc":"550"},{"x":1493913600000,"y":13,"sc":"550"},{"x":1494172800000,"y":16,"sc":"550"},{"x":1494259200000,"y":18,"sc":"550"},{"x":1494345600000,"y":18,"sc":"550"},{"x":1494432000000,"y":21,"sc":"550"},{"x":1494518400000,"y":20,"sc":"550"},{"x":1494777600000,"y":19,"sc":"554"},{"x":1494864000000,"y":20,"sc":"556"},{"x":1494950400000,"y":22,"sc":"560"},{"x":1495036800000,"y":40,"sc":"560"},{"x":1495123200000,"y":25,"sc":"560"},{"x":1495382400000,"y":26,"sc":"560"},{"x":1495468800000,"y":29,"sc":"562"},{"x":1495555200000,"y":31,"sc":"564"},{"x":1495641600000,"y":44,"sc":"564"},{"x":1495728000000,"y":34,"sc":"564"},{"x":1496160000000,"y":35,"sc":"564"},{"x":1496246400000,"y":34,"sc":"564"},{"x":1496332800000,"y":35,"sc":"564"},{"x":1496592000000,"y":36,"sc":"566"},{"x":1496678400000,"y":36,"sc":"566"},{"x":1496764800000,"y":37,"sc":"566"},{"x":1496851200000,"y":37,"sc":"566"},{"x":1496937600000,"y":38,"sc":"566"},{"x":1497196800000,"y":38,"sc":"574"},{"x":1497283200000,"y":42,"sc":"574"},{"x":1497369600000,"y":42,"sc":"575"},{"x":1497456000000,"y":45,"sc":"575"},{"x":1497542400000,"y":46,"sc":"575"},{"x":1497801600000,"y":51,"sc":"577"},{"x":1497888000000,"y":50,"sc":"577"},{"x":1497974400000,"y":51,"sc":"575"},{"x":1498060800000,"y":51,"sc":"575"},{"x":1498147200000,"y":49,"sc":"576"},{"x":1498406400000,"y":46,"sc":"579"},{"x":1498492800000,"y":43,"sc":"579"},{"x":1498579200000,"y":42,"sc":"579"},{"x":1498665600000,"y":40,"sc":"579"},{"x":1498752000000,"y":41,"sc":"582"},{"x":1499011200000,"y":79,"sc":"582"},{"x":1499097600000,"y":37,"sc":"582"},{"x":1499184000000,"y":38,"sc":"583"},{"x":1499270400000,"y":37,"sc":"583"},{"x":1499356800000,"y":37,"sc":"583"},{"x":1499616000000,"y":35,"sc":"583"},{"x":1499702400000,"y":34,"sc":"583"},{"x":1499788800000,"y":36,"sc":"583"},{"x":1499875200000,"y":38,"sc":"583"},{"x":1499961600000,"y":37,"sc":"586"},{"x":1500220800000,"y":38,"sc":"586"},{"x":1500307200000,"y":36,"sc":"586"},{"x":1500393600000,"y":39,"sc":"589"},{"x":1500480000000,"y":38,"sc":"589"},{"x":1500566400000,"y":40,"sc":"593"},{"x":1500825600000,"y":42,"sc":"593"},{"x":1500912000000,"y":43,"sc":"593"},{"x":1500998400000,"y":45,"sc":"594"},{"x":1501084800000,"y":45,"sc":"594"},{"x":1501171200000,"y":45,"sc":"594"},{"x":1501430400000,"y":85,"sc":"594"},{"x":1501516800000,"y":54,"sc":"594"},{"x":1501603200000,"y":56,"sc":"594"},{"x":1501689600000,"y":58,"sc":"594"},{"x":1501776000000,"y":62,"sc":"594"},{"x":1502035200000,"y":66,"sc":"596"},{"x":1502121600000,"y":66,"sc":"596"},{"x":1502208000000,"y":68,"sc":"596"},{"x":1502294400000,"y":69,"sc":"596"},{"x":1502380800000,"y":70,"sc":"596"},{"x":1502640000000,"y":71,"sc":"596"},{"x":1502726400000,"y":71,"sc":"596"},{"x":1502812800000,"y":76,"sc":"596"},{"x":1502899200000,"y":77,"sc":"596"},{"x":1502985600000,"y":82,"sc":"596"},{"x":1503244800000,"y":86,"sc":"597"},{"x":1503331200000,"y":85,"sc":"597"},{"x":1503417600000,"y":84,"sc":"597"},{"x":1503504000000,"y":84,"sc":"596"},{"x":1503590400000,"y":88,"sc":"596"},{"x":1503849600000,"y":132,"sc":"600"},{"x":1503936000000,"y":152,"sc":"600"},{"x":1504022400000,"y":101,"sc":"600"},{"x":1504108800000,"y":102,"sc":"601"},{"x":1504195200000,"y":104,"sc":"601"},{"x":1504454400000,"y":109,"sc":"601"},{"x":1504540800000,"y":112,"sc":"601"},{"x":1504627200000,"y":113,"sc":"601"},{"x":1504713600000,"y":113,"sc":"601"},{"x":1504800000000,"y":118,"sc":"601"},{"x":1505059200000,"y":126,"sc":"603"},{"x":1505145600000,"y":129,"sc":"603"},{"x":1505232000000,"y":130,"sc":"603"},{"x":1505318400000,"y":129,"sc":"605"},{"x":1505404800000,"y":135,"sc":"605"},{"x":1505664000000,"y":143,"sc":"606"},{"x":1505750400000,"y":141,"sc":"606"},{"x":1505836800000,"y":142,"sc":"603"},{"x":1505923200000,"y":141,"sc":"603"},{"x":1506009600000,"y":143,"sc":"603"},{"x":1506268800000,"y":161,"sc":"603"},{"x":1506355200000,"y":156,"sc":"603"},{"x":1506441600000,"y":154,"sc":"604"},{"x":1506528000000,"y":148,"sc":"604"},{"x":1506614400000,"y":146,"sc":"606"},{"x":1507478400000,"y":141,"sc":"606"},{"x":1507564800000,"y":143,"sc":"607"},{"x":1507651200000,"y":143,"sc":"607"},{"x":1507737600000,"y":141,"sc":"611"},{"x":1507824000000,"y":135,"sc":"611"},{"x":1508083200000,"y":135,"sc":"612"},{"x":1508169600000,"y":134,"sc":"612"},{"x":1508256000000,"y":135,"sc":"611"},{"x":1508342400000,"y":134,"sc":"611"},{"x":1508428800000,"y":138,"sc":"611"},{"x":1508688000000,"y":144,"sc":"606"},{"x":1508774400000,"y":142,"sc":"606"},{"x":1508860800000,"y":139,"sc":"607"},{"x":1508947200000,"y":137,"sc":"607"},{"x":1509033600000,"y":136,"sc":"607"},{"x":1509292800000,"y":131,"sc":"609"},{"x":1509379200000,"y":126,"sc":"610"},{"x":1509465600000,"y":129,"sc":"610"},{"x":1509552000000,"y":129,"sc":"613"},{"x":1509638400000,"y":127,"sc":"617"},{"x":1509897600000,"y":123,"sc":"621"},{"x":1509984000000,"y":124,"sc":"621"},{"x":1510070400000,"y":123,"sc":"621"},{"x":1510156800000,"y":123,"sc":"623"},{"x":1510243200000,"y":122,"sc":"623"},{"x":1510502400000,"y":119,"sc":"633"},{"x":1510588800000,"y":118,"sc":"635"},{"x":1510675200000,"y":115,"sc":"635"},{"x":1510761600000,"y":114,"sc":"635"},{"x":1510848000000,"y":113,"sc":"636"},{"x":1511107200000,"y":111,"sc":"636"},{"x":1511193600000,"y":106,"sc":"636"},{"x":1511280000000,"y":106,"sc":"636"},{"x":1511366400000,"y":106,"sc":"636"},{"x":1511452800000,"y":107,"sc":"637"},{"x":1511712000000,"y":107,"sc":"640"},{"x":1511798400000,"y":104,"sc":"640"},{"x":1511884800000,"y":102,"sc":"640"},{"x":1511971200000,"y":99,"sc":"641"},{"x":1512057600000,"y":97,"sc":"643"},{"x":1512316800000,"y":96,"sc":"643"},{"x":1512403200000,"y":97,"sc":"643"},{"x":1512489600000,"y":96,"sc":"643"},{"x":1512576000000,"y":97,"sc":"644"},{"x":1512662400000,"y":100,"sc":"652"},{"x":1512921600000,"y":108,"sc":"652"},{"x":1513008000000,"y":111,"sc":"653"},{"x":1513094400000,"y":116,"sc":"653"},{"x":1513180800000,"y":119,"sc":"654"},{"x":1513267200000,"y":125,"sc":"656"},{"x":1513526400000,"y":135,"sc":"656"},{"x":1513612800000,"y":138,"sc":"656"},{"x":1513699200000,"y":141,"sc":"656"},{"x":1513785600000,"y":145,"sc":"655"},{"x":1513872000000,"y":142,"sc":"655"},{"x":1514131200000,"y":132,"sc":"655"},{"x":1514217600000,"y":136,"sc":"655"},{"x":1514304000000,"y":127,"sc":"654"},{"x":1514390400000,"y":119,"sc":"655"},{"x":1514476800000,"y":111,"sc":"655"},{"x":1514822400000,"y":165,"sc":"655"},{"x":1514908800000,"y":211,"sc":"655"},{"x":1514995200000,"y":243,"sc":"655"},{"x":1515081600000,"y":277,"sc":"655"},{"x":1515340800000,"y":117,"sc":"655"},{"x":1515427200000,"y":122,"sc":"655"},{"x":1515513600000,"y":125,"sc":"656"},{"x":1515600000000,"y":132,"sc":"657"},{"x":1515686400000,"y":136,"sc":"657"},{"x":1515945600000,"y":148,"sc":"657"},{"x":1516032000000,"y":155,"sc":"657"},{"x":1516118400000,"y":159,"sc":"657"},{"x":1516204800000,"y":159,"sc":"657"},{"x":1516291200000,"y":157,"sc":"657"},{"x":1516550400000,"y":144,"sc":"657"},{"x":1516636800000,"y":139,"sc":"657"},{"x":1516723200000,"y":138,"sc":"657"},{"x":1516809600000,"y":137,"sc":"657"},{"x":1516896000000,"y":138,"sc":"655"},{"x":1517155200000,"y":156,"sc":"656"},{"x":1517241600000,"y":164,"sc":"656"},{"x":1517328000000,"y":172,"sc":"656"},{"x":1517414400000,"y":181,"sc":"656"},{"x":1517500800000,"y":184,"sc":"656"},{"x":1517760000000,"y":203,"sc":"656"},{"x":1517846400000,"y":209,"sc":"656"}];
/*百分比排名*/
var Data_rateInSimilarPersent = [[1490198400000,98.6800],[1490284800000,98.4900],[1490544000000,98.6900],[1490630400000,98.6900],[1490716800000,98.8800],[1490803200000,99.0700],[1490889600000,99.0700],[1491321600000,98.8800],[1491408000000,99.0700],[1491494400000,99.0700],[1491753600000,99.0700],[1491840000000,99.0700],[1491926400000,98.8900],[1492012800000,99.0800],[1492099200000,98.7100],[1492358400000,99.0800],[1492444800000,98.9000],[1492531200000,98.9000],[1492617600000,98.9000],[1492704000000,98.3500],[1492963200000,98.5300],[1493049600000,98.5400],[1493136000000,98.5400],[1493222400000,98.00],[1493308800000,97.4500],[1493654400000,97.8100],[1493740800000,97.8200],[1493827200000,97.4500],[1493913600000,97.6400],[1494172800000,97.0900],[1494259200000,96.7300],[1494345600000,96.7300],[1494432000000,96.1800],[1494518400000,96.3600],[1494777600000,96.5700],[1494864000000,96.4000],[1494950400000,96.0700],[1495036800000,92.8600],[1495123200000,95.5400],[1495382400000,95.3600],[1495468800000,94.8400],[1495555200000,94.5000],[1495641600000,92.2000],[1495728000000,93.9700],[1496160000000,93.7900],[1496246400000,93.9700],[1496332800000,93.7900],[1496592000000,93.6400],[1496678400000,93.6400],[1496764800000,93.4600],[1496851200000,93.4600],[1496937600000,93.2900],[1497196800000,93.3800],[1497283200000,92.6800],[1497369600000,92.7000],[1497456000000,92.1700],[1497542400000,92.00],[1497801600000,91.1600],[1497888000000,91.3300],[1497974400000,91.1300],[1498060800000,91.1300],[1498147200000,91.4900],[1498406400000,92.0600],[1498492800000,92.5700],[1498579200000,92.7500],[1498665600000,93.0900],[1498752000000,92.9600],[1499011200000,86.4300],[1499097600000,93.6400],[1499184000000,93.4800],[1499270400000,93.6500],[1499356800000,93.6500],[1499616000000,94.00],[1499702400000,94.1700],[1499788800000,93.8300],[1499875200000,93.4800],[1499961600000,93.6900],[1500220800000,93.5200],[1500307200000,93.8600],[1500393600000,93.3800],[1500480000000,93.5500],[1500566400000,93.2500],[1500825600000,92.9200],[1500912000000,92.7500],[1500998400000,92.4200],[1501084800000,92.4200],[1501171200000,92.4200],[1501430400000,85.6900],[1501516800000,90.9100],[1501603200000,90.5700],[1501689600000,90.2400],[1501776000000,89.5600],[1502035200000,88.9300],[1502121600000,88.9300],[1502208000000,88.5900],[1502294400000,88.4200],[1502380800000,88.2600],[1502640000000,88.0900],[1502726400000,88.0900],[1502812800000,87.2500],[1502899200000,87.0800],[1502985600000,86.2400],[1503244800000,85.5900],[1503331200000,85.7600],[1503417600000,85.9300],[1503504000000,85.9100],[1503590400000,85.2300],[1503849600000,78.00],[1503936000000,74.6700],[1504022400000,83.1700],[1504108800000,83.0300],[1504195200000,82.7000],[1504454400000,81.8600],[1504540800000,81.3600],[1504627200000,81.2000],[1504713600000,81.2000],[1504800000000,80.3700],[1505059200000,79.1000],[1505145600000,78.6100],[1505232000000,78.4400],[1505318400000,78.6800],[1505404800000,77.6900],[1505664000000,76.4000],[1505750400000,76.7300],[1505836800000,76.4500],[1505923200000,76.6200],[1506009600000,76.2900],[1506268800000,73.3000],[1506355200000,74.1300],[1506441600000,74.5000],[1506528000000,75.5000],[1506614400000,75.9100],[1507478400000,76.7300],[1507564800000,76.4400],[1507651200000,76.4400],[1507737600000,76.9200],[1507824000000,77.9100],[1508083200000,77.9400],[1508169600000,78.1000],[1508256000000,77.9100],[1508342400000,78.0700],[1508428800000,77.4100],[1508688000000,76.2400],[1508774400000,76.5700],[1508860800000,77.1000],[1508947200000,77.4300],[1509033600000,77.5900],[1509292800000,78.4900],[1509379200000,79.3400],[1509465600000,78.8500],[1509552000000,78.9600],[1509638400000,79.4200],[1509897600000,80.1900],[1509984000000,80.0300],[1510070400000,80.1900],[1510156800000,80.2600],[1510243200000,80.4200],[1510502400000,81.2000],[1510588800000,81.4200],[1510675200000,81.8900],[1510761600000,82.0500],[1510848000000,82.2300],[1511107200000,82.5500],[1511193600000,83.3300],[1511280000000,83.3300],[1511366400000,83.3300],[1511452800000,83.2000],[1511712000000,83.2800],[1511798400000,83.7500],[1511884800000,84.0600],[1511971200000,84.5600],[1512057600000,84.9100],[1512316800000,85.0700],[1512403200000,84.9100],[1512489600000,85.0700],[1512576000000,84.9400],[1512662400000,84.6600],[1512921600000,83.4400],[1513008000000,83.00],[1513094400000,82.2400],[1513180800000,81.8000],[1513267200000,80.9500],[1513526400000,79.4200],[1513612800000,78.9600],[1513699200000,78.5100],[1513785600000,77.8600],[1513872000000,78.3200],[1514131200000,79.8500],[1514217600000,79.2400],[1514304000000,80.5800],[1514390400000,81.8300],[1514476800000,83.0500],[1514822400000,74.8100],[1514908800000,67.7900],[1514995200000,62.9000],[1515081600000,57.7100],[1515340800000,82.1400],[1515427200000,81.3700],[1515513600000,80.9500],[1515600000000,79.9100],[1515686400000,79.3000],[1515945600000,77.4700],[1516032000000,76.4100],[1516118400000,75.8000],[1516204800000,75.8000],[1516291200000,76.1000],[1516550400000,78.0800],[1516636800000,78.8400],[1516723200000,79.00],[1516809600000,79.1500],[1516896000000,78.9300],[1517155200000,76.2200],[1517241600000,75.00],[1517328000000,73.7800],[1517414400000,72.4100],[1517500800000,71.9500],[1517760000000,69.0500],[1517846400000,68.1400]];
/*规模变动*/
var Data_fluctuationScale = {"categories":["2016-12-31","2017-03-31","2017-06-30","2017-09-30","2017-12-31"],"series":[{"y":33.80,"mom":"5.61%"},{"y":65.47,"mom":"93.69%"},{"y":65.15,"mom":"-0.48%"},{"y":46.90,"mom":"-28.01%"},{"y":26.73,"mom":"-43.00%"}]};;
/*持有人结构*/
var Data_holderStructure = {"series":[{"name":"机构持有比例","data":[98.2]},{"name":"个人持有比例","data":[1.8]},{"name":"内部持有比例","data":[0.01]}],"categories":["2017-06-30"]};
/*申购赎回*/
var Data_assetAllocation ={"series":[{"name":"期间申购","data":[74.37,39.21,50.11,11.46]},{"name":"期间赎回","data":[42.71,39.52,68.36,31.63]},{"name":"总份额","data":[65.47,65.15,46.90,26.73]}],"categories":["2017-03-31","2017-06-30","2017-09-30","2017-12-31"]};
/*现任基金经理*/
var Data_currentFundManager = [{"id":"30326166","pic":"https://pdf.dfcfw.com/pdf/H8_GIF30326166_1.jpg","name":"李曈","star":3,"workTime":"3年又11天","fundSize":"1176.94亿(20只基金)","power":{"avr":"50.11","categories":["经验值","收益率","影响力","稳定性","管理规模"],"dsc":["反映基金经理从业年限和管理基金的经验","根据基金经理投资的阶段收益评分，反映\u003cbr\u003e基金经理投资的盈利能力","根据基金经理所管理基金的机构和个人投\u003cbr\u003e资者持有比例评分","反映基金经理投资收益的波动","根据基金经理现任管理基金资产规模评分"],"data":[61.70,51.60,35.60,27.90,87.10],"jzrq":"2018-02-06"},"profit":{"categories":["任期收益","同类平均"],"series":[{"data":[{"name":null,"color":"#7cb5ec","y":4.9305},{"name":null,"color":"#414c7b","y":4.36}]}],"jzrq":"2018-02-06"}},{"id":"30295490","pic":"https://pdf.dfcfw.com/pdf/H8_GIF30295490_1.jpg","name":"张文玥","star":4,"workTime":"3年又179天","fundSize":"847.78亿(18只基金)","power":{"avr":"69.99","categories":["经验值","收益率","影响力","稳定性","管理规模"],"dsc":["反映基金经理从业年限和管理基金的经验","根据基金经理投资的阶段收益评分，反映\u003cbr\u003e基金经理投资的盈利能力","根据基金经理所管理基金的机构和个人投\u003cbr\u003e资者持有比例评分","反映基金经理投资收益的波动","根据基金经理现任管理基金资产规模评分"],"data":[70.70,40.0,39.40,98.80,79.50],"jzrq":"2018-02-06"},"profit":{"categories":["任期收益","同类平均"],"series":[{"data":[{"name":null,"color":"#7cb5ec","y":4.9305},{"name":null,"color":"#414c7b","y":4.36}]}],"jzrq":"2018-02-06"}},{"id":"30352787","pic":"https://pdf.dfcfw.com/pdf/H8_JPG30352787_1.jpg","name":"李金灿","star":3,"workTime":"2年又244天","fundSize":"1078.07亿(24只基金)","power":{"avr":"48.35","categories":["经验值","收益率","影响力","稳定性","管理规模"],"dsc":["反映基金经理从业年限和管理基金的经验","根据基金经理投资的阶段收益评分，反映\u003cbr\u003e基金经理投资的盈利能力","根据基金经理所管理基金的机构和个人投\u003cbr\u003e资者持有比例评分","反映基金经理投资收益的波动","根据基金经理现任管理基金资产规模评分"],"data":[57.10,50.50,37.90,25.60,84.80],"jzrq":"2018-02-06"},"profit":{"categories":["任期收益","同类平均"],"series":[{"data":[{"name":null,"color":"#7cb5ec","y":3.0454},{"name":null,"color":"#414c7b","y":2.87}]}],"jzrq":"2018-02-06"}}] ;
/*同类型基金涨幅榜（页面底部通栏）*/
var swithSameType = [['002895_华夏天利货币B_5.8750','002894_华夏天利货币A_5.6210','004398_融通现金宝货币B_5.3370','000902_国开货币B_5.3360','001478_泰康薪意保货币B_5.1400'],['002895_华夏天利货币B_5.26','004973_长城收益宝货币B_5.08','004904_人保货币B_5.05','002884_华润元大现金通货币B_5.01','002894_华夏天利货币A_5.01'],['004973_长城收益宝货币B_5.05','004770_海富通添益货币A_4.99','002884_华润元大现金通货币B_4.99','005151_红土创新优淳货币B_4.90','002895_华夏天利货币B_4.89'],['004770_海富通添益货币A_5.39','004973_长城收益宝货币B_5.13','002884_华润元大现金通货币B_5.03','002895_华夏天利货币B_5.03','004398_融通现金宝货币B_5.01'],['003679_中融现金增利货币C_4.67','003474_南方天天利货币B_4.55','000836_国投瑞银钱多宝货币A_4.52','000837_国投瑞银钱多宝货币I_4.52','003753_工银如意货币B_4.51']];