/**
 * 测试数据
 * @type {arry}
 */
/*2018-02-07 18:03:16*/
//基金或股票信息
var fS_name = "泰康现金管家货币C";
var fS_code = "004863";
var fund_minsg="10000000";
var ishb=true;
/*原费率*/
var fund_sourceRate="0";
/*现费率*/
var fund_Rate="0";
/*最小申购金额*/
var fund_minsg="10000000";
/*收益率*/
/*近一年收益率*/
var syl_1n="";
/*近6月收益率*/
var syl_6y="";
/*近三月收益率*/
var syl_3y="1.1353";
/*近一月收益率*/
var syl_1y="0.3875";
/* 基金收益走势图 每万份收益*/
var Data_millionCopiesIncome = [[1504800000000,0.554],[1505404800000,1.0723],[1505664000000,1.0789],[1505750400000,1.0789],[1505836800000,1.1402],[1505923200000,1.1839],[1506009600000,1.1811],[1506182400000,2.3656],[1506268800000,1.2023],[1506355200000,1.2422],[1506441600000,1.3846],[1506528000000,1.5328],[1506614400000,1.4639],[1507392000000,13.1771],[1507478400000,1.5457],[1507564800000,1.419],[1507651200000,1.2703],[1507737600000,1.079],[1507824000000,1.0435],[1507996800000,2.101],[1508083200000,1.0591],[1508169600000,1.0479],[1508256000000,1.289],[1508342400000,1.0274],[1508428800000,1.0109],[1508601600000,2.0239],[1508688000000,1.2997],[1508774400000,1.0271],[1508860800000,0.9782],[1508947200000,1.0479],[1509033600000,1.0927],[1509206400000,2.2012],[1509292800000,1.1064],[1509379200000,0.8638],[1509465600000,1.1209],[1509552000000,1.0632],[1509638400000,0.9085],[1509811200000,1.8051],[1509897600000,0.9879],[1509984000000,1.0753],[1510070400000,1.1808],[1510156800000,1.0282],[1510243200000,1.0397],[1510416000000,2.0931],[1510502400000,1.0571],[1510588800000,1.0901],[1510675200000,1.4092],[1510761600000,1.1406],[1510848000000,1.1176],[1511020800000,2.2355],[1511107200000,1.0964],[1511193600000,1.127],[1511280000000,1.159],[1511366400000,1.1555],[1511452800000,1.1192],[1511625600000,2.2386],[1511712000000,1.3313],[1511798400000,1.1442],[1511884800000,1.1333],[1511971200000,1.1879],[1512057600000,1.1648],[1512230400000,2.3375],[1512316800000,1.1604],[1512403200000,1.1706],[1512489600000,1.1522],[1512576000000,1.1509],[1512662400000,1.1334],[1512835200000,2.2786],[1512921600000,1.1306],[1513008000000,1.1466],[1513094400000,1.1653],[1513180800000,1.1652],[1513267200000,1.1663],[1513440000000,2.3334],[1513526400000,1.1896],[1513612800000,1.1458],[1513699200000,1.1879],[1513785600000,1.1945],[1513872000000,1.2749],[1514044800000,2.5539],[1514131200000,1.3485],[1514217600000,1.1629],[1514304000000,1.5213],[1514390400000,1.3706],[1514476800000,1.8031],[1514649600000,2.4437],[1514736000000,3.6699],[1514822400000,1.5323],[1514908800000,1.3378],[1514995200000,1.3439],[1515081600000,1.3276],[1515254400000,2.6055],[1515340800000,1.2159],[1515427200000,1.1476],[1515513600000,1.1409],[1515600000000,1.1665],[1515686400000,1.1762],[1515859200000,2.3523],[1515945600000,1.1808],[1516032000000,1.1881],[1516118400000,1.2261],[1516204800000,1.2242],[1516291200000,1.196],[1516464000000,2.3918],[1516550400000,1.2022],[1516636800000,1.189],[1516723200000,1.1509],[1516809600000,1.1916],[1516896000000,1.2043],[1517068800000,2.3486],[1517155200000,1.1733],[1517241600000,1.2131],[1517328000000,1.2074],[1517414400000,1.3779],[1517500800000,1.2209],[1517673600000,2.4465],[1517760000000,1.1718],[1517846400000,1.3658]];
/*基金收益走势图   7日年化收益率*/
var Data_sevenDaysYearIncome = [[1504800000000,2.043],[1505404800000,2.634],[1505664000000,3.891],[1505750400000,3.945],[1505836800000,4.039],[1505923200000,4.098],[1506009600000,4.157],[1506182400000,4.275],[1506268800000,4.342],[1506355200000,4.431],[1506441600000,4.564],[1506528000000,4.754],[1506614400000,4.909],[1507392000000,5.488],[1507478400000,5.533],[1507564800000,5.508],[1507651200000,5.401],[1507737600000,5.19],[1507824000000,4.96],[1507996800000,4.509],[1508083200000,4.244],[1508169600000,4.043],[1508256000000,4.053],[1508342400000,4.025],[1508428800000,4.007],[1508601600000,3.965],[1508688000000,4.096],[1508774400000,4.084],[1508860800000,3.916],[1508947200000,3.927],[1509033600000,3.971],[1509206400000,4.068],[1509292800000,3.963],[1509379200000,3.874],[1509465600000,3.952],[1509552000000,3.96],[1509638400000,3.86],[1509811200000,3.646],[1509897600000,3.582],[1509984000000,3.696],[1510070400000,3.729],[1510156800000,3.71],[1510243200000,3.781],[1510416000000,3.936],[1510502400000,3.974],[1510588800000,3.982],[1510675200000,4.106],[1510761600000,4.167],[1510848000000,4.209],[1511020800000,4.287],[1511107200000,4.308],[1511193600000,4.328],[1511280000000,4.192],[1511366400000,4.2],[1511452800000,4.201],[1511625600000,4.203],[1511712000000,4.33],[1511798400000,4.34],[1511884800000,4.326],[1511971200000,4.343],[1512057600000,4.368],[1512230400000,4.422],[1512316800000,4.329],[1512403200000,4.343],[1512489600000,4.354],[1512576000000,4.334],[1512662400000,4.316],[1512835200000,4.284],[1512921600000,4.268],[1513008000000,4.255],[1513094400000,4.262],[1513180800000,4.27],[1513267200000,4.288],[1513440000000,4.318],[1513526400000,4.35],[1513612800000,4.35],[1513699200000,4.362],[1513785600000,4.378],[1513872000000,4.437],[1514044800000,4.557],[1514131200000,4.644],[1514217600000,4.653],[1514304000000,4.835],[1514390400000,4.931],[1514476800000,5.221],[1514649600000,5.16],[1514736000000,5.093],[1514822400000,5.296],[1514908800000,5.195],[1514995200000,5.18],[1515081600000,4.92],[1515254400000,5.009],[1515340800000,5.003],[1515427200000,4.793],[1515513600000,4.685],[1515600000000,4.588],[1515686400000,4.506],[1515859200000,4.368],[1515945600000,4.349],[1516032000000,4.371],[1516118400000,4.417],[1516204800000,4.449],[1516291200000,4.459],[1516464000000,4.481],[1516550400000,4.492],[1516636800000,4.493],[1516723200000,4.452],[1516809600000,4.434],[1516896000000,4.439],[1517068800000,4.415],[1517155200000,4.4],[1517241600000,4.413],[1517328000000,4.443],[1517414400000,4.545],[1517500800000,4.554],[1517673600000,4.607],[1517760000000,4.607],[1517846400000,4.69]];
/*资产配置*/
var Data_assetAllocationCurrency ={"categories":["12-31"],"series":[{"name":"股票","data":[null]},{"name":"债券","data":[41.87]},{"name":"现金","data":[50.36]}]};
/*累计收益率走势*/
var Data_grandTotal = [{"name":"泰康现金管家货币C","data":[[1504800000000,0],[1505404800000,0.01],[1505664000000,0.02],[1505750400000,0.03],[1505836800000,0.04],[1505923200000,0.06],[1506009600000,0.07],[1506182400000,0.09],[1506268800000,0.10],[1506355200000,0.12],[1506441600000,0.13],[1506528000000,0.14],[1506614400000,0.16],[1507392000000,0.29],[1507478400000,0.31],[1507564800000,0.32],[1507651200000,0.33],[1507737600000,0.34],[1507824000000,0.36],[1507996800000,0.38],[1508083200000,0.39],[1508169600000,0.40],[1508256000000,0.41],[1508342400000,0.42],[1508428800000,0.43],[1508601600000,0.45],[1508688000000,0.46],[1508774400000,0.47],[1508860800000,0.48],[1508947200000,0.49],[1509033600000,0.51],[1509206400000,0.53],[1509292800000,0.54],[1509379200000,0.55],[1509465600000,0.56],[1509552000000,0.57],[1509638400000,0.58],[1509811200000,0.60],[1509897600000,0.61],[1509984000000,0.62],[1510070400000,0.63],[1510156800000,0.64],[1510243200000,0.65],[1510416000000,0.67],[1510502400000,0.68],[1510588800000,0.69],[1510675200000,0.71],[1510761600000,0.72],[1510848000000,0.73],[1511020800000,0.75],[1511107200000,0.76],[1511193600000,0.78],[1511280000000,0.79],[1511366400000,0.80],[1511452800000,0.81],[1511625600000,0.83],[1511712000000,0.85],[1511798400000,0.86],[1511884800000,0.87],[1511971200000,0.88],[1512057600000,0.89],[1512230400000,0.92],[1512316800000,0.93],[1512403200000,0.94],[1512489600000,0.95],[1512576000000,0.96],[1512662400000,0.97],[1512835200000,1.00],[1512921600000,1.01],[1513008000000,1.02],[1513094400000,1.03],[1513180800000,1.04],[1513267200000,1.06],[1513440000000,1.08],[1513526400000,1.09],[1513612800000,1.10],[1513699200000,1.11],[1513785600000,1.13],[1513872000000,1.14],[1514044800000,1.17],[1514131200000,1.18],[1514217600000,1.19],[1514304000000,1.21],[1514390400000,1.22],[1514476800000,1.24],[1514649600000,1.26],[1514736000000,1.30],[1514822400000,1.32],[1514908800000,1.33],[1514995200000,1.34],[1515081600000,1.36],[1515254400000,1.38],[1515340800000,1.40],[1515427200000,1.41],[1515513600000,1.42],[1515600000000,1.43],[1515686400000,1.44],[1515859200000,1.47],[1515945600000,1.48],[1516032000000,1.49],[1516118400000,1.50],[1516204800000,1.51],[1516291200000,1.53],[1516464000000,1.55],[1516550400000,1.56],[1516636800000,1.58],[1516723200000,1.59],[1516809600000,1.60],[1516896000000,1.61],[1517068800000,1.64],[1517155200000,1.65],[1517241600000,1.66],[1517328000000,1.67],[1517414400000,1.69],[1517500800000,1.70],[1517673600000,1.72],[1517760000000,1.74],[1517846400000,1.75]]},{"name":"同类平均","data":[[1504800000000,0],[1505059200000,0.03],[1505145600000,0.04],[1505232000000,0.05],[1505318400000,0.06],[1505404800000,0.07],[1505664000000,0.11],[1505750400000,0.12],[1505836800000,0.13],[1505923200000,0.14],[1506009600000,0.15],[1506268800000,0.18],[1506355200000,0.19],[1506441600000,0.20],[1506528000000,0.21],[1506614400000,0.23],[1507478400000,0.34],[1507564800000,0.35],[1507651200000,0.36],[1507737600000,0.37],[1507824000000,0.38],[1508083200000,0.41],[1508169600000,0.42],[1508256000000,0.43],[1508342400000,0.44],[1508428800000,0.45],[1508688000000,0.48],[1508774400000,0.50],[1508860800000,0.51],[1508947200000,0.52],[1509033600000,0.53],[1509292800000,0.56],[1509379200000,0.57],[1509465600000,0.58],[1509552000000,0.59],[1509638400000,0.60],[1509897600000,0.63],[1509984000000,0.64],[1510070400000,0.65],[1510156800000,0.67],[1510243200000,0.68],[1510502400000,0.71],[1510588800000,0.72],[1510675200000,0.73],[1510761600000,0.74],[1510848000000,0.75],[1511107200000,0.78],[1511193600000,0.79],[1511280000000,0.80],[1511366400000,0.82],[1511452800000,0.83],[1511712000000,0.86],[1511798400000,0.87],[1511884800000,0.88],[1511971200000,0.89],[1512057600000,0.90],[1512316800000,0.94],[1512403200000,0.95],[1512489600000,0.96],[1512576000000,0.97],[1512662400000,0.98],[1512921600000,1.01],[1513008000000,1.03],[1513094400000,1.04],[1513180800000,1.05],[1513267200000,1.06],[1513526400000,1.09],[1513612800000,1.11],[1513699200000,1.12],[1513785600000,1.13],[1513872000000,1.14],[1514131200000,1.18],[1514217600000,1.19],[1514304000000,1.20],[1514390400000,1.21],[1514476800000,1.23],[1514822400000,1.28],[1514908800000,1.30],[1514995200000,1.31],[1515081600000,1.32],[1515340800000,1.36],[1515427200000,1.37],[1515513600000,1.38],[1515600000000,1.39],[1515686400000,1.40],[1515945600000,1.43],[1516032000000,1.45],[1516118400000,1.46],[1516204800000,1.47],[1516291200000,1.48],[1516550400000,1.51],[1516636800000,1.53],[1516723200000,1.54],[1516809600000,1.55],[1516896000000,1.56],[1517155200000,1.60],[1517241600000,1.61],[1517328000000,1.62],[1517414400000,1.63],[1517500800000,1.64],[1517760000000,1.68],[1517846400000,1.69]]},{"name":"沪深300","data":[[1504800000000,0],[1505059200000,-0.01],[1505145600000,0.31],[1505232000000,0.43],[1505318400000,0.10],[1505404800000,0.14],[1505664000000,0.45],[1505750400000,0.16],[1505836800000,0.43],[1505923200000,0.31],[1506009600000,0.31],[1506268800000,-0.21],[1506355200000,-0.14],[1506441600000,-0.13],[1506528000000,-0.09],[1506614400000,0.27],[1507478400000,1.47],[1507564800000,1.67],[1507651200000,2.00],[1507737600000,2.27],[1507824000000,2.48],[1508083200000,2.29],[1508169600000,2.28],[1508256000000,3.09],[1508342400000,2.75],[1508428800000,2.64],[1508688000000,2.74],[1508774400000,3.49],[1508860800000,3.95],[1508947200000,4.38],[1509033600000,5.12],[1509292800000,4.80],[1509379200000,4.72],[1509465600000,4.46],[1509552000000,4.47],[1509638400000,4.36],[1509897600000,5.09],[1509984000000,5.97],[1510070400000,5.80],[1510156800000,6.53],[1510243200000,7.47],[1510502400000,7.90],[1510588800000,7.14],[1510675200000,6.47],[1510761600000,7.29],[1510848000000,7.71],[1511107200000,8.31],[1511193600000,10.24],[1511280000000,10.50],[1511366400000,7.22],[1511452800000,7.27],[1511712000000,5.85],[1511798400000,6.01],[1511884800000,5.95],[1511971200000,4.71],[1512057600000,4.50],[1512316800000,5.04],[1512403200000,5.60],[1512489600000,4.96],[1512576000000,3.79],[1512662400000,4.64],[1512921600000,6.36],[1513008000000,4.97],[1513094400000,5.86],[1513180800000,5.23],[1513267200000,4.05],[1513526400000,4.16],[1513612800000,5.47],[1513699200000,5.35],[1513785600000,6.32],[1513872000000,5.98],[1514131200000,5.63],[1514217600000,5.95],[1514304000000,4.32],[1514390400000,5.04],[1514476800000,5.35],[1514822400000,6.83],[1514908800000,7.46],[1514995200000,7.91],[1515081600000,8.17],[1515340800000,8.73],[1515427200000,9.50],[1515513600000,9.98],[1515600000000,9.92],[1515686400000,10.43],[1515945600000,10.44],[1516032000000,11.30],[1516118400000,11.03],[1516204800000,11.64],[1516291200000,12.01],[1516550400000,13.35],[1516636800000,14.55],[1516723200000,14.74],[1516809600000,14.09],[1516896000000,14.51],[1517155200000,12.44],[1517241600000,11.24],[1517328000000,11.76],[1517414400000,10.98],[1517500800000,11.64],[1517760000000,11.71],[1517846400000,8.44]]}];
/*同类排名*/
var Data_rateInSimilarType = [{"x":1512662400000,"y":413,"sc":"652"},{"x":1512921600000,"y":270,"sc":"652"},{"x":1513008000000,"y":236,"sc":"653"},{"x":1513094400000,"y":199,"sc":"653"},{"x":1513180800000,"y":156,"sc":"654"},{"x":1513267200000,"y":155,"sc":"656"},{"x":1513526400000,"y":81,"sc":"656"},{"x":1513612800000,"y":79,"sc":"656"},{"x":1513699200000,"y":81,"sc":"656"},{"x":1513785600000,"y":85,"sc":"655"},{"x":1513872000000,"y":82,"sc":"655"},{"x":1514131200000,"y":81,"sc":"655"},{"x":1514217600000,"y":83,"sc":"655"},{"x":1514304000000,"y":83,"sc":"654"},{"x":1514390400000,"y":88,"sc":"655"},{"x":1514476800000,"y":86,"sc":"655"},{"x":1514822400000,"y":39,"sc":"655"},{"x":1514908800000,"y":38,"sc":"655"},{"x":1514995200000,"y":39,"sc":"655"},{"x":1515081600000,"y":40,"sc":"655"},{"x":1515340800000,"y":98,"sc":"655"},{"x":1515427200000,"y":111,"sc":"655"},{"x":1515513600000,"y":125,"sc":"656"},{"x":1515600000000,"y":128,"sc":"657"},{"x":1515686400000,"y":126,"sc":"657"},{"x":1515945600000,"y":120,"sc":"657"},{"x":1516032000000,"y":115,"sc":"657"},{"x":1516118400000,"y":109,"sc":"657"},{"x":1516204800000,"y":117,"sc":"657"},{"x":1516291200000,"y":111,"sc":"657"},{"x":1516550400000,"y":107,"sc":"657"},{"x":1516636800000,"y":110,"sc":"657"},{"x":1516723200000,"y":110,"sc":"657"},{"x":1516809600000,"y":105,"sc":"657"},{"x":1516896000000,"y":104,"sc":"655"},{"x":1517155200000,"y":105,"sc":"656"},{"x":1517241600000,"y":108,"sc":"656"},{"x":1517328000000,"y":100,"sc":"656"},{"x":1517414400000,"y":96,"sc":"656"},{"x":1517500800000,"y":91,"sc":"656"},{"x":1517760000000,"y":75,"sc":"656"},{"x":1517846400000,"y":66,"sc":"656"}];
/*百分比排名*/
var Data_rateInSimilarPersent = [[1512662400000,36.6600],[1512921600000,58.5900],[1513008000000,63.8600],[1513094400000,69.5300],[1513180800000,76.1500],[1513267200000,76.3700],[1513526400000,87.6500],[1513612800000,87.9600],[1513699200000,87.6500],[1513785600000,87.0200],[1513872000000,87.4800],[1514131200000,87.6300],[1514217600000,87.3300],[1514304000000,87.3100],[1514390400000,86.5600],[1514476800000,86.8700],[1514822400000,94.0500],[1514908800000,94.2000],[1514995200000,94.0500],[1515081600000,93.8900],[1515340800000,85.0400],[1515427200000,83.0500],[1515513600000,80.9500],[1515600000000,80.5200],[1515686400000,80.8200],[1515945600000,81.7400],[1516032000000,82.5000],[1516118400000,83.4100],[1516204800000,82.1900],[1516291200000,83.1100],[1516550400000,83.7100],[1516636800000,83.2600],[1516723200000,83.2600],[1516809600000,84.0200],[1516896000000,84.1200],[1517155200000,83.9900],[1517241600000,83.5400],[1517328000000,84.7600],[1517414400000,85.3700],[1517500800000,86.1300],[1517760000000,88.5700],[1517846400000,89.9400]];
/*规模变动*/
var Data_fluctuationScale = {"categories":["2017-09-08","2017-09-15","2017-12-31"],"series":[{"y":10.49,"mom":"--"},{"y":10.50,"mom":"0.04%"},{"y":7.83,"mom":"-25.43%"}]};;
/*持有人结构*/
var Data_holderStructure = {"series":[{"name":"机构持有比例","data":[]},{"name":"个人持有比例","data":[]},{"name":"内部持有比例","data":[]}],"categories":[]};
/*申购赎回*/
var Data_assetAllocation ={"series":[{"name":"期间申购","data":[0.00,1.60]},{"name":"期间赎回","data":[0.00,4.29]},{"name":"总份额","data":[10.49,7.83]}],"categories":["2017-09-08","2017-12-31"]};
/*现任基金经理*/
var Data_currentFundManager = [{"id":"30122779","pic":"https://pdf.dfcfw.com/pdf/H8_PNG30122779_1.jpg","name":"蒋利娟","star":3,"workTime":"2年又234天","fundSize":"174.33亿(15只基金)","power":{"avr":"52.81","categories":["经验值","收益率","抗风险","稳定性","择时能力"],"dsc":["反映基金经理从业年限和管理基金的经验","根据基金经理投资的阶段收益评分，反映\u003cbr\u003e基金经理投资的盈利能力","反映基金经理投资的回撤控制能力","反映基金经理投资收益的波动","反映基金经理根据对市场的判断，通过\u003cbr\u003e调整仓位及配置而跑赢业绩的基准能力"],"data":[51.60,39.40,94.0,91.0,20.70],"jzrq":"2018-02-06"},"profit":{"categories":["任期收益","同类平均","沪深300"],"series":[{"data":[{"name":null,"color":"#7cb5ec","y":1.7548},{"name":null,"color":"#414c7b","y":1.69},{"name":null,"color":"#f7a35c","y":8.44}]}],"jzrq":"2018-02-06"}},{"id":"30403971","pic":"https://pdf.dfcfw.com/pdf/H8_PNG30403971_1.jpg","name":"任慧娟","star":4,"workTime":"2年又61天","fundSize":"193.84亿(12只基金)","power":{"avr":"61.54","categories":["经验值","收益率","抗风险","稳定性","择时能力"],"dsc":["反映基金经理从业年限和管理基金的经验","根据基金经理投资的阶段收益评分，反映\u003cbr\u003e基金经理投资的盈利能力","反映基金经理投资的回撤控制能力","反映基金经理投资收益的波动","反映基金经理根据对市场的判断，通过\u003cbr\u003e调整仓位及配置而跑赢业绩的基准能力"],"data":[40.30,52.80,87.40,88.40,50.10],"jzrq":"2018-02-06"},"profit":{"categories":["任期收益","同类平均","沪深300"],"series":[{"data":[{"name":null,"color":"#7cb5ec","y":1.7548},{"name":null,"color":"#414c7b","y":1.69},{"name":null,"color":"#f7a35c","y":8.44}]}],"jzrq":"2018-02-06"}}] ;
/*同类型基金涨幅榜（页面底部通栏）*/
var swithSameType = [['002895_华夏天利货币B_5.8750','002894_华夏天利货币A_5.6210','004398_融通现金宝货币B_5.3370','000902_国开货币B_5.3360','001478_泰康薪意保货币B_5.1400'],['002895_华夏天利货币B_5.26','004973_长城收益宝货币B_5.08','004904_人保货币B_5.05','002884_华润元大现金通货币B_5.01','002894_华夏天利货币A_5.01'],['004973_长城收益宝货币B_5.05','004770_海富通添益货币A_4.99','002884_华润元大现金通货币B_4.99','005151_红土创新优淳货币B_4.90','002895_华夏天利货币B_4.89'],['004770_海富通添益货币A_5.39','004973_长城收益宝货币B_5.13','002884_华润元大现金通货币B_5.03','002895_华夏天利货币B_5.03','004398_融通现金宝货币B_5.01'],['003679_中融现金增利货币C_4.67','003474_南方天天利货币B_4.55','000836_国投瑞银钱多宝货币A_4.52','000837_国投瑞银钱多宝货币I_4.52','003753_工银如意货币B_4.51']];