/**
 * 测试数据
 * @type {arry}
 */
/*2018-02-07 19:41:24*/
//基金或股票信息
var fS_name = "金鹰增益货币E";
var fS_code = "511770";
var fund_minsg="";
var ishb=true;
/*原费率*/
var fund_sourceRate="0";
/*现费率*/
var fund_Rate="0";
/*最小申购金额*/
var fund_minsg="";
/*收益率*/
/*近一年收益率*/
var syl_1n="";
/*近6月收益率*/
var syl_6y="2.0529";
/*近三月收益率*/
var syl_3y="1.0339";
/*近一月收益率*/
var syl_1y="0.3462";
/* 基金收益走势图 每万份收益*/
var Data_millionCopiesIncome = [[1490284800000,1.4393],[1490371200000,1.4391],[1490457600000,1.4388],[1490544000000,1.4386],[1490630400000,1.3299],[1490716800000,1.3309],[1490803200000,1.2345],[1490889600000,1.1773],[1490976000000,1.3327],[1491062400000,1.3325],[1491148800000,1.3323],[1491235200000,1.3321],[1491321600000,1.3316],[1491408000000,1.3303],[1491494400000,1.3301],[1491580800000,1.3595],[1491667200000,1.3593],[1491753600000,1.0335],[1491840000000,0.7903],[1491926400000,0.8515],[1492012800000,0.8319],[1492099200000,0.9158],[1492185600000,0.9215],[1492272000000,0.9214],[1492358400000,0.9867],[1492444800000,0.9814],[1492531200000,1.0097],[1492617600000,1.0475],[1492704000000,1.055],[1492790400000,1.0695],[1492876800000,1.0695],[1492963200000,1.0323],[1493049600000,1.0353],[1493136000000,0.9378],[1493222400000,1.0358],[1493308800000,1.0432],[1493395200000,1.0668],[1493481600000,1.0667],[1493568000000,1.0667],[1493654400000,1.0494],[1493740800000,1.0666],[1493827200000,1.0604],[1493913600000,0.9467],[1494000000000,1.0904],[1494086400000,1.0904],[1494172800000,1.0441],[1494259200000,1.0987],[1494345600000,1.0634],[1494432000000,1.052],[1494518400000,1.0584],[1494604800000,1.0657],[1494691200000,1.0656],[1494777600000,0.9277],[1494864000000,1.0646],[1494950400000,1.089],[1495036800000,0.9577],[1495123200000,1.0955],[1495209600000,1.0584],[1495296000000,1.0583],[1495382400000,1.0865],[1495468800000,1.0103],[1495555200000,1.1259],[1495641600000,0.9705],[1495728000000,1.2395],[1495814400000,1.086],[1495900800000,1.0859],[1495987200000,1.0858],[1496073600000,1.0857],[1496160000000,1.0805],[1496246400000,0.9988],[1496332800000,1.0758],[1496419200000,1.0865],[1496505600000,1.0864],[1496592000000,0.9611],[1496678400000,1.1177],[1496764800000,0.9491],[1496851200000,0.9491],[1496937600000,0.9522],[1497024000000,1.1113],[1497110400000,1.1113],[1497196800000,1.1152],[1497283200000,1.1018],[1497369600000,1.2032],[1497456000000,1.1227],[1497542400000,1.1333],[1497628800000,1.1339],[1497715200000,1.1338],[1497801600000,0.926],[1497888000000,1.2065],[1497974400000,1.1723],[1498060800000,1.2046],[1498147200000,1.2503],[1498233600000,1.2534],[1498320000000,1.2534],[1498406400000,1.2277],[1498492800000,1.2509],[1498579200000,1.0355],[1498665600000,1.3103],[1498752000000,1.2797],[1498838400000,1.2503],[1498924800000,1.2502],[1499011200000,1.2841],[1499097600000,1.2571],[1499184000000,1.2018],[1499270400000,1.057],[1499356800000,1.0041],[1499443200000,0.9962],[1499529600000,0.9961],[1499616000000,1.0163],[1499702400000,1.0548],[1499788800000,1.0493],[1499875200000,1.0265],[1499961600000,1.0158],[1500048000000,1.0143],[1500134400000,1.0143],[1500220800000,1.0427],[1500307200000,1.0599],[1500393600000,1.0921],[1500480000000,1.0938],[1500566400000,1.1123],[1500652800000,1.1119],[1500739200000,1.1118],[1500825600000,1.125],[1500912000000,1.1336],[1500998400000,1.1635],[1501084800000,1.0028],[1501171200000,1.1206],[1501257600000,1.1102],[1501344000000,1.1101],[1501430400000,1.1305],[1501516800000,1.1359],[1501603200000,1.1077],[1501689600000,1.0856],[1501776000000,1.0818],[1501862400000,1.0705],[1501948800000,1.0704],[1502035200000,1.0534],[1502121600000,1.0332],[1502208000000,1.0011],[1502294400000,0.9915],[1502380800000,0.9879],[1502467200000,0.9687],[1502553600000,0.9687],[1502640000000,0.9819],[1502726400000,0.9872],[1502812800000,0.9844],[1502899200000,1.0112],[1502985600000,1.0527],[1503072000000,1.0614],[1503158400000,1.0613],[1503244800000,1.0746],[1503331200000,1.0652],[1503417600000,1.0821],[1503504000000,1.0838],[1503590400000,1.0906],[1503676800000,1.0906],[1503763200000,1.0905],[1503849600000,1.0825],[1503936000000,1.075],[1504022400000,1.081],[1504108800000,1.0982],[1504195200000,1.1014],[1504281600000,1.1009],[1504368000000,1.1008],[1504454400000,1.1007],[1504540800000,1.1022],[1504627200000,1.0917],[1504713600000,1.0622],[1504800000000,1.0458],[1504886400000,1.0458],[1504972800000,1.0494],[1505059200000,1.0582],[1505145600000,1.0578],[1505232000000,1.0868],[1505318400000,1.1007],[1505404800000,1.0915],[1505491200000,1.0913],[1505577600000,1.0912],[1505664000000,1.0766],[1505750400000,1.1051],[1505836800000,1.1347],[1505923200000,1.1093],[1506009600000,1.1761],[1506096000000,1.1594],[1506182400000,1.1593],[1506268800000,1.2041],[1506355200000,1.1692],[1506441600000,1.1608],[1506528000000,1.1491],[1506614400000,1.1349],[1506700800000,1.1238],[1506787200000,1.1238],[1506873600000,1.1237],[1506960000000,1.1236],[1507046400000,1.1235],[1507132800000,1.1234],[1507219200000,1.1234],[1507305600000,1.1233],[1507392000000,1.1232],[1507478400000,1.1187],[1507564800000,1.1524],[1507651200000,1.1518],[1507737600000,1.1354],[1507824000000,1.1093],[1507910400000,1.1051],[1507996800000,1.105],[1508083200000,1.097],[1508169600000,1.1057],[1508256000000,1.1207],[1508342400000,1.0995],[1508428800000,1.155],[1508515200000,1.0961],[1508601600000,1.096],[1508688000000,1.0948],[1508774400000,1.0922],[1508860800000,1.0836],[1508947200000,1.0576],[1509033600000,1.0823],[1509120000000,1.0702],[1509206400000,1.0701],[1509292800000,1.0905],[1509379200000,1.0995],[1509465600000,1.1377],[1509552000000,1.1341],[1509638400000,1.1065],[1509724800000,1.1025],[1509811200000,1.1024],[1509897600000,1.1035],[1509984000000,1.0855],[1510070400000,1.0804],[1510156800000,1.0611],[1510243200000,1.0877],[1510329600000,1.0865],[1510416000000,1.0864],[1510502400000,1.0911],[1510588800000,1.0747],[1510675200000,1.0998],[1510761600000,1.0963],[1510848000000,1.0928],[1510934400000,1.0814],[1511020800000,1.0813],[1511107200000,1.0857],[1511193600000,1.0858],[1511280000000,1.0976],[1511366400000,1.0977],[1511452800000,1.1104],[1511539200000,1.1122],[1511625600000,1.1121],[1511712000000,1.1028],[1511798400000,1.1034],[1511884800000,1.1412],[1511971200000,1.1154],[1512057600000,1.0951],[1512144000000,1.1148],[1512230400000,1.1147],[1512316800000,1.1232],[1512403200000,1.0826],[1512489600000,1.0869],[1512576000000,1.1221],[1512662400000,1.0709],[1512748800000,1.0753],[1512835200000,1.0752],[1512921600000,1.0584],[1513008000000,1.0769],[1513094400000,1.1005],[1513180800000,1.1078],[1513267200000,1.105],[1513353600000,1.1049],[1513440000000,1.1048],[1513526400000,1.1203],[1513612800000,1.1219],[1513699200000,1.1232],[1513785600000,1.0951],[1513872000000,1.1164],[1513958400000,1.1247],[1514044800000,1.1246],[1514131200000,1.1248],[1514217600000,1.1305],[1514304000000,1.1836],[1514390400000,1.2218],[1514476800000,1.17],[1514563200000,1.1627],[1514649600000,1.1625],[1514736000000,1.1889],[1514822400000,1.2242],[1514908800000,1.3096],[1514995200000,1.3158],[1515081600000,1.204],[1515168000000,1.1968],[1515254400000,1.1967],[1515340800000,1.2194],[1515427200000,1.1712],[1515513600000,1.1868],[1515600000000,1.1471],[1515686400000,1.1682],[1515772800000,1.1722],[1515859200000,1.161],[1515945600000,1.1818],[1516032000000,1.1487],[1516118400000,1.1456],[1516204800000,1.1335],[1516291200000,1.1234],[1516377600000,1.1231],[1516464000000,1.123],[1516550400000,1.1116],[1516636800000,1.1032],[1516723200000,1.0836],[1516809600000,1.081],[1516896000000,1.0699],[1516982400000,1.0622],[1517068800000,1.0621],[1517155200000,1.0769],[1517241600000,1.0738],[1517328000000,1.0987],[1517414400000,1.0493],[1517500800000,1.076],[1517587200000,1.0575],[1517673600000,1.0574],[1517760000000,1.051],[1517846400000,1.0358]];
/*基金收益走势图   7日年化收益率*/
var Data_sevenDaysYearIncome = [[1490284800000,7.811],[1490371200000,7.405],[1490457600000,7.115],[1490544000000,5.588],[1490630400000,5.33],[1490716800000,5.287],[1490803200000,5.161],[1490889600000,5.017],[1490976000000,4.959],[1491062400000,4.901],[1491148800000,4.843],[1491235200000,4.844],[1491321600000,4.844],[1491408000000,4.897],[1491494400000,4.98],[1491580800000,4.995],[1491667200000,5.01],[1491753600000,4.846],[1491840000000,4.55],[1491926400000,4.289],[1492012800000,4.018],[1492099200000,3.794],[1492185600000,3.557],[1492272000000,3.321],[1492358400000,3.296],[1492444800000,3.399],[1492531200000,3.484],[1492617600000,3.601],[1492704000000,3.676],[1492790400000,3.756],[1492876800000,3.836],[1492963200000,3.861],[1493049600000,3.89],[1493136000000,3.851],[1493222400000,3.845],[1493308800000,3.838],[1493395200000,3.837],[1493481600000,3.835],[1493568000000,3.854],[1493654400000,3.861],[1493740800000,3.931],[1493827200000,3.944],[1493913600000,3.892],[1494000000000,3.905],[1494086400000,3.918],[1494172800000,3.906],[1494259200000,3.932],[1494345600000,3.931],[1494432000000,3.926],[1494518400000,3.987],[1494604800000,3.973],[1494691200000,3.96],[1494777600000,3.897],[1494864000000,3.878],[1494950400000,3.892],[1495036800000,3.841],[1495123200000,3.861],[1495209600000,3.857],[1495296000000,3.853],[1495382400000,3.939],[1495468800000,3.91],[1495555200000,3.93],[1495641600000,3.937],[1495728000000,4.015],[1495814400000,4.03],[1495900800000,4.045],[1495987200000,4.044],[1496073600000,4.085],[1496160000000,4.061],[1496246400000,4.076],[1496332800000,3.987],[1496419200000,3.987],[1496505600000,3.988],[1496592000000,3.92],[1496678400000,3.937],[1496764800000,3.866],[1496851200000,3.839],[1496937600000,3.772],[1497024000000,3.786],[1497110400000,3.799],[1497196800000,3.883],[1497283200000,3.874],[1497369600000,4.012],[1497456000000,4.106],[1497542400000,4.204],[1497628800000,4.217],[1497715200000,4.229],[1497801600000,4.126],[1497888000000,4.183],[1497974400000,4.166],[1498060800000,4.211],[1498147200000,4.274],[1498233600000,4.339],[1498320000000,4.404],[1498406400000,4.569],[1498492800000,4.593],[1498579200000,4.518],[1498665600000,4.576],[1498752000000,4.592],[1498838400000,4.59],[1498924800000,4.589],[1499011200000,4.619],[1499097600000,4.623],[1499184000000,4.713],[1499270400000,4.575],[1499356800000,4.425],[1499443200000,4.287],[1499529600000,4.149],[1499616000000,4.003],[1499702400000,3.894],[1499788800000,3.811],[1499875200000,3.795],[1499961600000,3.801],[1500048000000,3.811],[1500134400000,3.821],[1500220800000,3.835],[1500307200000,3.838],[1500393600000,3.861],[1500480000000,3.897],[1500566400000,3.95],[1500652800000,4.003],[1500739200000,4.055],[1500825600000,4.1],[1500912000000,4.14],[1500998400000,4.179],[1501084800000,4.13],[1501171200000,4.134],[1501257600000,4.133],[1501344000000,4.132],[1501430400000,4.135],[1501516800000,4.136],[1501603200000,4.106],[1501689600000,4.151],[1501776000000,4.13],[1501862400000,4.108],[1501948800000,4.087],[1502035200000,4.045],[1502121600000,3.989],[1502208000000,3.932],[1502294400000,3.881],[1502380800000,3.83],[1502467200000,3.775],[1502553600000,3.72],[1502640000000,3.681],[1502726400000,3.656],[1502812800000,3.647],[1502899200000,3.658],[1502985600000,3.693],[1503072000000,3.743],[1503158400000,3.793],[1503244800000,3.843],[1503331200000,3.885],[1503417600000,3.938],[1503504000000,3.978],[1503590400000,3.998],[1503676800000,4.014],[1503763200000,4.03],[1503849600000,4.034],[1503936000000,4.04],[1504022400000,4.039],[1504108800000,4.047],[1504195200000,4.053],[1504281600000,4.058],[1504368000000,4.064],[1504454400000,4.074],[1504540800000,4.088],[1504627200000,4.094],[1504713600000,4.075],[1504800000000,4.045],[1504886400000,4.017],[1504972800000,3.989],[1505059200000,3.966],[1505145600000,3.942],[1505232000000,3.939],[1505318400000,3.96],[1505404800000,3.985],[1505491200000,4.007],[1505577600000,4.03],[1505664000000,4.04],[1505750400000,4.066],[1505836800000,4.092],[1505923200000,4.096],[1506009600000,4.142],[1506096000000,4.179],[1506182400000,4.216],[1506268800000,4.286],[1506355200000,4.32],[1506441600000,4.335],[1506528000000,4.356],[1506614400000,4.334],[1506700800000,4.314],[1506787200000,4.295],[1506873600000,4.251],[1506960000000,4.227],[1507046400000,4.206],[1507132800000,4.192],[1507219200000,4.186],[1507305600000,4.186],[1507392000000,4.186],[1507478400000,4.183],[1507564800000,4.198],[1507651200000,4.214],[1507737600000,4.22],[1507824000000,4.213],[1507910400000,4.203],[1507996800000,4.193],[1508083200000,4.181],[1508169600000,4.156],[1508256000000,4.139],[1508342400000,4.119],[1508428800000,4.144],[1508515200000,4.139],[1508601600000,4.134],[1508688000000,4.133],[1508774400000,4.126],[1508860800000,4.106],[1508947200000,4.083],[1509033600000,4.044],[1509120000000,4.03],[1509206400000,4.016],[1509292800000,4.013],[1509379200000,4.017],[1509465600000,4.046],[1509552000000,4.088],[1509638400000,4.101],[1509724800000,4.119],[1509811200000,4.136],[1509897600000,4.143],[1509984000000,4.136],[1510070400000,4.105],[1510156800000,4.065],[1510243200000,4.055],[1510329600000,4.046],[1510416000000,4.037],[1510502400000,4.031],[1510588800000,4.025],[1510675200000,4.035],[1510761600000,4.054],[1510848000000,4.057],[1510934400000,4.054],[1511020800000,4.052],[1511107200000,4.049],[1511193600000,4.055],[1511280000000,4.054],[1511366400000,4.054],[1511452800000,4.064],[1511539200000,4.081],[1511625600000,4.097],[1511712000000,4.107],[1511798400000,4.116],[1511884800000,4.14],[1511971200000,4.149],[1512057600000,4.141],[1512144000000,4.142],[1512230400000,4.144],[1512316800000,4.155],[1512403200000,4.144],[1512489600000,4.114],[1512576000000,4.118],[1512662400000,4.105],[1512748800000,4.083],[1512835200000,4.062],[1512921600000,4.027],[1513008000000,4.024],[1513094400000,4.031],[1513180800000,4.023],[1513267200000,4.042],[1513353600000,4.058],[1513440000000,4.074],[1513526400000,4.107],[1513612800000,4.132],[1513699200000,4.144],[1513785600000,4.137],[1513872000000,4.143],[1513958400000,4.154],[1514044800000,4.165],[1514131200000,4.167],[1514217600000,4.172],[1514304000000,4.205],[1514390400000,4.274],[1514476800000,4.303],[1514563200000,4.324],[1514649600000,4.344],[1514736000000,4.379],[1514822400000,4.43],[1514908800000,4.499],[1514995200000,4.55],[1515081600000,4.568],[1515168000000,4.587],[1515254400000,4.606],[1515340800000,4.622],[1515427200000,4.593],[1515513600000,4.526],[1515600000000,4.435],[1515686400000,4.415],[1515772800000,4.402],[1515859200000,4.382],[1515945600000,4.362],[1516032000000,4.35],[1516118400000,4.327],[1516204800000,4.32],[1516291200000,4.295],[1516377600000,4.269],[1516464000000,4.248],[1516550400000,4.21],[1516636800000,4.185],[1516723200000,4.152],[1516809600000,4.123],[1516896000000,4.094],[1516982400000,4.061],[1517068800000,4.028],[1517155200000,4.009],[1517241600000,3.993],[1517328000000,4.001],[1517414400000,3.984],[1517500800000,3.987],[1517587200000,3.985],[1517673600000,3.982],[1517760000000,3.968],[1517846400000,3.948]];
/*资产配置*/
var Data_assetAllocationCurrency ={"categories":["12-31","09-30","06-30","03-29"],"series":[{"name":"股票","data":[null,null,null,null]},{"name":"债券","data":[45.76,49.63,58.26,5.29]},{"name":"现金","data":[33.45,18.05,4.83,12.37]}]};
/*累计收益率走势*/
var Data_grandTotal = [{"name":"金鹰增益货币E","data":[[1501948800000,0],[1502035200000,0.01],[1502121600000,0.02],[1502208000000,0.03],[1502294400000,0.04],[1502380800000,0.05],[1502467200000,0.06],[1502553600000,0.07],[1502640000000,0.08],[1502726400000,0.09],[1502812800000,0.10],[1502899200000,0.11],[1502985600000,0.12],[1503072000000,0.13],[1503158400000,0.14],[1503244800000,0.15],[1503331200000,0.16],[1503417600000,0.17],[1503504000000,0.18],[1503590400000,0.20],[1503676800000,0.21],[1503763200000,0.22],[1503849600000,0.23],[1503936000000,0.24],[1504022400000,0.25],[1504108800000,0.26],[1504195200000,0.27],[1504281600000,0.28],[1504368000000,0.29],[1504454400000,0.31],[1504540800000,0.32],[1504627200000,0.33],[1504713600000,0.34],[1504800000000,0.35],[1504886400000,0.36],[1504972800000,0.37],[1505059200000,0.38],[1505145600000,0.39],[1505232000000,0.40],[1505318400000,0.41],[1505404800000,0.42],[1505491200000,0.43],[1505577600000,0.45],[1505664000000,0.46],[1505750400000,0.47],[1505836800000,0.48],[1505923200000,0.49],[1506009600000,0.50],[1506096000000,0.51],[1506182400000,0.52],[1506268800000,0.54],[1506355200000,0.55],[1506441600000,0.56],[1506528000000,0.57],[1506614400000,0.58],[1506700800000,0.59],[1506787200000,0.61],[1506873600000,0.62],[1506960000000,0.63],[1507046400000,0.64],[1507132800000,0.65],[1507219200000,0.66],[1507305600000,0.67],[1507392000000,0.69],[1507478400000,0.70],[1507564800000,0.71],[1507651200000,0.72],[1507737600000,0.73],[1507824000000,0.74],[1507910400000,0.75],[1507996800000,0.76],[1508083200000,0.78],[1508169600000,0.79],[1508256000000,0.80],[1508342400000,0.81],[1508428800000,0.82],[1508515200000,0.83],[1508601600000,0.84],[1508688000000,0.85],[1508774400000,0.86],[1508860800000,0.88],[1508947200000,0.89],[1509033600000,0.90],[1509120000000,0.91],[1509206400000,0.92],[1509292800000,0.93],[1509379200000,0.94],[1509465600000,0.95],[1509552000000,0.96],[1509638400000,0.98],[1509724800000,0.99],[1509811200000,1.00],[1509897600000,1.01],[1509984000000,1.02],[1510070400000,1.03],[1510156800000,1.04],[1510243200000,1.05],[1510329600000,1.06],[1510416000000,1.07],[1510502400000,1.09],[1510588800000,1.10],[1510675200000,1.11],[1510761600000,1.12],[1510848000000,1.13],[1510934400000,1.14],[1511020800000,1.15],[1511107200000,1.16],[1511193600000,1.17],[1511280000000,1.18],[1511366400000,1.20],[1511452800000,1.21],[1511539200000,1.22],[1511625600000,1.23],[1511712000000,1.24],[1511798400000,1.25],[1511884800000,1.26],[1511971200000,1.27],[1512057600000,1.29],[1512144000000,1.30],[1512230400000,1.31],[1512316800000,1.32],[1512403200000,1.33],[1512489600000,1.34],[1512576000000,1.35],[1512662400000,1.36],[1512748800000,1.37],[1512835200000,1.39],[1512921600000,1.40],[1513008000000,1.41],[1513094400000,1.42],[1513180800000,1.43],[1513267200000,1.44],[1513353600000,1.45],[1513440000000,1.46],[1513526400000,1.47],[1513612800000,1.49],[1513699200000,1.50],[1513785600000,1.51],[1513872000000,1.52],[1513958400000,1.53],[1514044800000,1.54],[1514131200000,1.55],[1514217600000,1.57],[1514304000000,1.58],[1514390400000,1.59],[1514476800000,1.60],[1514563200000,1.61],[1514649600000,1.63],[1514736000000,1.64],[1514822400000,1.65],[1514908800000,1.66],[1514995200000,1.68],[1515081600000,1.69],[1515168000000,1.70],[1515254400000,1.71],[1515340800000,1.73],[1515427200000,1.74],[1515513600000,1.75],[1515600000000,1.76],[1515686400000,1.77],[1515772800000,1.78],[1515859200000,1.80],[1515945600000,1.81],[1516032000000,1.82],[1516118400000,1.83],[1516204800000,1.84],[1516291200000,1.86],[1516377600000,1.87],[1516464000000,1.88],[1516550400000,1.89],[1516636800000,1.90],[1516723200000,1.91],[1516809600000,1.92],[1516896000000,1.93],[1516982400000,1.94],[1517068800000,1.96],[1517155200000,1.97],[1517241600000,1.98],[1517328000000,1.99],[1517414400000,2.00],[1517500800000,2.01],[1517587200000,2.02],[1517673600000,2.03],[1517760000000,2.04],[1517846400000,2.05]]},{"name":"同类平均","data":[[1502035200000,0],[1502121600000,0.01],[1502208000000,0.02],[1502294400000,0.03],[1502380800000,0.04],[1502640000000,0.07],[1502726400000,0.08],[1502812800000,0.09],[1502899200000,0.10],[1502985600000,0.11],[1503244800000,0.14],[1503331200000,0.16],[1503417600000,0.17],[1503504000000,0.18],[1503590400000,0.19],[1503849600000,0.22],[1503936000000,0.23],[1504022400000,0.24],[1504108800000,0.25],[1504195200000,0.26],[1504454400000,0.29],[1504540800000,0.30],[1504627200000,0.31],[1504713600000,0.32],[1504800000000,0.34],[1505059200000,0.37],[1505145600000,0.38],[1505232000000,0.39],[1505318400000,0.40],[1505404800000,0.41],[1505664000000,0.44],[1505750400000,0.45],[1505836800000,0.46],[1505923200000,0.47],[1506009600000,0.48],[1506268800000,0.52],[1506355200000,0.53],[1506441600000,0.54],[1506528000000,0.55],[1506614400000,0.56],[1507478400000,0.67],[1507564800000,0.68],[1507651200000,0.69],[1507737600000,0.71],[1507824000000,0.72],[1508083200000,0.75],[1508169600000,0.76],[1508256000000,0.77],[1508342400000,0.78],[1508428800000,0.79],[1508688000000,0.82],[1508774400000,0.83],[1508860800000,0.84],[1508947200000,0.85],[1509033600000,0.86],[1509292800000,0.90],[1509379200000,0.91],[1509465600000,0.92],[1509552000000,0.93],[1509638400000,0.94],[1509897600000,0.97],[1509984000000,0.98],[1510070400000,0.99],[1510156800000,1.00],[1510243200000,1.01],[1510502400000,1.04],[1510588800000,1.06],[1510675200000,1.07],[1510761600000,1.08],[1510848000000,1.09],[1511107200000,1.12],[1511193600000,1.13],[1511280000000,1.14],[1511366400000,1.15],[1511452800000,1.16],[1511712000000,1.20],[1511798400000,1.21],[1511884800000,1.22],[1511971200000,1.23],[1512057600000,1.24],[1512316800000,1.28],[1512403200000,1.29],[1512489600000,1.30],[1512576000000,1.31],[1512662400000,1.32],[1512921600000,1.35],[1513008000000,1.36],[1513094400000,1.38],[1513180800000,1.39],[1513267200000,1.40],[1513526400000,1.43],[1513612800000,1.44],[1513699200000,1.46],[1513785600000,1.47],[1513872000000,1.48],[1514131200000,1.51],[1514217600000,1.53],[1514304000000,1.54],[1514390400000,1.55],[1514476800000,1.57],[1514822400000,1.62],[1514908800000,1.64],[1514995200000,1.65],[1515081600000,1.66],[1515340800000,1.69],[1515427200000,1.71],[1515513600000,1.72],[1515600000000,1.73],[1515686400000,1.74],[1515945600000,1.77],[1516032000000,1.79],[1516118400000,1.80],[1516204800000,1.81],[1516291200000,1.82],[1516550400000,1.86],[1516636800000,1.87],[1516723200000,1.88],[1516809600000,1.89],[1516896000000,1.90],[1517155200000,1.94],[1517241600000,1.95],[1517328000000,1.96],[1517414400000,1.97],[1517500800000,1.98],[1517760000000,2.02],[1517846400000,2.03]]},{"name":"沪深300","data":[[1502035200000,0],[1502121600000,0.15],[1502208000000,0.11],[1502294400000,-0.29],[1502380800000,-2.13],[1502640000000,-0.86],[1502726400000,-0.56],[1502812800000,-0.68],[1502899200000,-0.15],[1502985600000,-0.06],[1503244800000,0.38],[1503331200000,0.68],[1503417600000,0.79],[1503504000000,0.21],[1503590400000,1.85],[1503849600000,3.11],[1503936000000,2.89],[1504022400000,2.88],[1504108800000,2.56],[1504195200000,2.78],[1504454400000,3.19],[1504540800000,3.50],[1504627200000,3.29],[1504713600000,2.77],[1504800000000,2.66],[1505059200000,2.65],[1505145600000,2.98],[1505232000000,3.11],[1505318400000,2.77],[1505404800000,2.80],[1505664000000,3.12],[1505750400000,2.83],[1505836800000,3.10],[1505923200000,2.98],[1506009600000,2.98],[1506268800000,2.44],[1506355200000,2.52],[1506441600000,2.53],[1506528000000,2.57],[1506614400000,2.94],[1507478400000,4.17],[1507564800000,4.38],[1507651200000,4.72],[1507737600000,5.00],[1507824000000,5.21],[1508083200000,5.01],[1508169600000,5.00],[1508256000000,5.83],[1508342400000,5.49],[1508428800000,5.37],[1508688000000,5.47],[1508774400000,6.24],[1508860800000,6.71],[1508947200000,7.16],[1509033600000,7.92],[1509292800000,7.59],[1509379200000,7.51],[1509465600000,7.24],[1509552000000,7.25],[1509638400000,7.13],[1509897600000,7.89],[1509984000000,8.79],[1510070400000,8.62],[1510156800000,9.37],[1510243200000,10.33],[1510502400000,10.77],[1510588800000,10.00],[1510675200000,9.31],[1510761600000,10.15],[1510848000000,10.57],[1511107200000,11.19],[1511193600000,13.17],[1511280000000,13.44],[1511366400000,10.08],[1511452800000,10.13],[1511712000000,8.67],[1511798400000,8.83],[1511884800000,8.77],[1511971200000,7.49],[1512057600000,7.28],[1512316800000,7.84],[1512403200000,8.41],[1512489600000,7.76],[1512576000000,6.55],[1512662400000,7.42],[1512921600000,9.20],[1513008000000,7.76],[1513094400000,8.67],[1513180800000,8.03],[1513267200000,6.82],[1513526400000,6.94],[1513612800000,8.28],[1513699200000,8.15],[1513785600000,9.15],[1513872000000,8.80],[1514131200000,8.45],[1514217600000,8.77],[1514304000000,7.09],[1514390400000,7.84],[1514476800000,8.16],[1514822400000,9.68],[1514908800000,10.32],[1514995200000,10.79],[1515081600000,11.05],[1515340800000,11.63],[1515427200000,12.41],[1515513600000,12.91],[1515600000000,12.85],[1515686400000,13.37],[1515945600000,13.37],[1516032000000,14.27],[1516118400000,13.99],[1516204800000,14.61],[1516291200000,14.99],[1516550400000,16.36],[1516636800000,17.60],[1516723200000,17.79],[1516809600000,17.13],[1516896000000,17.56],[1517155200000,15.43],[1517241600000,14.20],[1517328000000,14.73],[1517414400000,13.93],[1517500800000,14.61],[1517760000000,14.69],[1517846400000,11.33]]}];
/*同类排名*/
var Data_rateInSimilarType = [{"x":1498406400000,"y":145,"sc":"579"},{"x":1498492800000,"y":146,"sc":"579"},{"x":1498579200000,"y":162,"sc":"579"},{"x":1498665600000,"y":161,"sc":"579"},{"x":1498752000000,"y":165,"sc":"582"},{"x":1499011200000,"y":244,"sc":"582"},{"x":1499097600000,"y":184,"sc":"582"},{"x":1499184000000,"y":191,"sc":"583"},{"x":1499270400000,"y":198,"sc":"583"},{"x":1499356800000,"y":213,"sc":"583"},{"x":1499616000000,"y":241,"sc":"583"},{"x":1499702400000,"y":230,"sc":"583"},{"x":1499788800000,"y":229,"sc":"583"},{"x":1499875200000,"y":223,"sc":"583"},{"x":1499961600000,"y":225,"sc":"586"},{"x":1500220800000,"y":228,"sc":"586"},{"x":1500307200000,"y":228,"sc":"586"},{"x":1500393600000,"y":227,"sc":"589"},{"x":1500480000000,"y":229,"sc":"589"},{"x":1500566400000,"y":231,"sc":"593"},{"x":1500825600000,"y":232,"sc":"593"},{"x":1500912000000,"y":235,"sc":"593"},{"x":1500998400000,"y":235,"sc":"594"},{"x":1501084800000,"y":235,"sc":"594"},{"x":1501171200000,"y":233,"sc":"594"},{"x":1501430400000,"y":283,"sc":"594"},{"x":1501516800000,"y":238,"sc":"594"},{"x":1501603200000,"y":235,"sc":"594"},{"x":1501689600000,"y":234,"sc":"594"},{"x":1501776000000,"y":234,"sc":"594"},{"x":1502035200000,"y":235,"sc":"596"},{"x":1502121600000,"y":238,"sc":"596"},{"x":1502208000000,"y":241,"sc":"596"},{"x":1502294400000,"y":246,"sc":"596"},{"x":1502380800000,"y":250,"sc":"596"},{"x":1502640000000,"y":261,"sc":"596"},{"x":1502726400000,"y":262,"sc":"596"},{"x":1502812800000,"y":264,"sc":"596"},{"x":1502899200000,"y":270,"sc":"596"},{"x":1502985600000,"y":271,"sc":"596"},{"x":1503244800000,"y":272,"sc":"597"},{"x":1503331200000,"y":274,"sc":"597"},{"x":1503417600000,"y":274,"sc":"597"},{"x":1503504000000,"y":277,"sc":"596"},{"x":1503590400000,"y":276,"sc":"596"},{"x":1503849600000,"y":326,"sc":"600"},{"x":1503936000000,"y":351,"sc":"600"},{"x":1504022400000,"y":286,"sc":"600"},{"x":1504108800000,"y":291,"sc":"601"},{"x":1504195200000,"y":290,"sc":"601"},{"x":1504454400000,"y":291,"sc":"601"},{"x":1504540800000,"y":287,"sc":"601"},{"x":1504627200000,"y":288,"sc":"601"},{"x":1504713600000,"y":283,"sc":"601"},{"x":1504800000000,"y":282,"sc":"601"},{"x":1505059200000,"y":287,"sc":"603"},{"x":1505145600000,"y":290,"sc":"603"},{"x":1505232000000,"y":293,"sc":"603"},{"x":1505318400000,"y":298,"sc":"605"},{"x":1505404800000,"y":299,"sc":"605"},{"x":1505664000000,"y":310,"sc":"606"},{"x":1505750400000,"y":304,"sc":"606"},{"x":1505836800000,"y":304,"sc":"603"},{"x":1505923200000,"y":307,"sc":"603"},{"x":1506009600000,"y":306,"sc":"603"},{"x":1506268800000,"y":310,"sc":"603"},{"x":1506355200000,"y":312,"sc":"603"},{"x":1506441600000,"y":310,"sc":"604"},{"x":1506528000000,"y":303,"sc":"604"},{"x":1506614400000,"y":305,"sc":"606"},{"x":1507478400000,"y":321,"sc":"606"},{"x":1507564800000,"y":315,"sc":"607"},{"x":1507651200000,"y":315,"sc":"607"},{"x":1507737600000,"y":317,"sc":"611"},{"x":1507824000000,"y":311,"sc":"611"},{"x":1508083200000,"y":304,"sc":"612"},{"x":1508169600000,"y":306,"sc":"612"},{"x":1508256000000,"y":299,"sc":"611"},{"x":1508342400000,"y":299,"sc":"611"},{"x":1508428800000,"y":293,"sc":"611"},{"x":1508688000000,"y":292,"sc":"606"},{"x":1508774400000,"y":289,"sc":"606"},{"x":1508860800000,"y":288,"sc":"607"},{"x":1508947200000,"y":295,"sc":"607"},{"x":1509033600000,"y":287,"sc":"607"},{"x":1509292800000,"y":292,"sc":"609"},{"x":1509379200000,"y":294,"sc":"610"},{"x":1509465600000,"y":295,"sc":"610"},{"x":1509552000000,"y":287,"sc":"613"},{"x":1509638400000,"y":283,"sc":"617"},{"x":1509897600000,"y":282,"sc":"621"},{"x":1509984000000,"y":280,"sc":"621"},{"x":1510070400000,"y":277,"sc":"621"},{"x":1510156800000,"y":275,"sc":"623"},{"x":1510243200000,"y":271,"sc":"623"},{"x":1510502400000,"y":259,"sc":"633"},{"x":1510588800000,"y":260,"sc":"635"},{"x":1510675200000,"y":256,"sc":"635"},{"x":1510761600000,"y":254,"sc":"635"},{"x":1510848000000,"y":255,"sc":"636"},{"x":1511107200000,"y":250,"sc":"636"},{"x":1511193600000,"y":252,"sc":"636"},{"x":1511280000000,"y":251,"sc":"636"},{"x":1511366400000,"y":248,"sc":"636"},{"x":1511452800000,"y":247,"sc":"637"},{"x":1511712000000,"y":251,"sc":"640"},{"x":1511798400000,"y":249,"sc":"640"},{"x":1511884800000,"y":247,"sc":"640"},{"x":1511971200000,"y":247,"sc":"641"},{"x":1512057600000,"y":249,"sc":"643"},{"x":1512316800000,"y":253,"sc":"643"},{"x":1512403200000,"y":255,"sc":"643"},{"x":1512489600000,"y":256,"sc":"643"},{"x":1512576000000,"y":258,"sc":"644"},{"x":1512662400000,"y":260,"sc":"652"},{"x":1512921600000,"y":260,"sc":"652"},{"x":1513008000000,"y":262,"sc":"653"},{"x":1513094400000,"y":266,"sc":"653"},{"x":1513180800000,"y":268,"sc":"654"},{"x":1513267200000,"y":275,"sc":"656"},{"x":1513526400000,"y":270,"sc":"656"},{"x":1513612800000,"y":273,"sc":"656"},{"x":1513699200000,"y":277,"sc":"656"},{"x":1513785600000,"y":278,"sc":"655"},{"x":1513872000000,"y":280,"sc":"655"},{"x":1514131200000,"y":297,"sc":"655"},{"x":1514217600000,"y":303,"sc":"655"},{"x":1514304000000,"y":311,"sc":"654"},{"x":1514390400000,"y":314,"sc":"655"},{"x":1514476800000,"y":316,"sc":"655"},{"x":1514822400000,"y":425,"sc":"655"},{"x":1514908800000,"y":455,"sc":"655"},{"x":1514995200000,"y":475,"sc":"655"},{"x":1515081600000,"y":493,"sc":"655"},{"x":1515340800000,"y":349,"sc":"655"},{"x":1515427200000,"y":347,"sc":"655"},{"x":1515513600000,"y":350,"sc":"656"},{"x":1515600000000,"y":352,"sc":"657"},{"x":1515686400000,"y":351,"sc":"657"},{"x":1515945600000,"y":342,"sc":"657"},{"x":1516032000000,"y":344,"sc":"657"},{"x":1516118400000,"y":342,"sc":"657"},{"x":1516204800000,"y":345,"sc":"657"},{"x":1516291200000,"y":345,"sc":"657"},{"x":1516550400000,"y":356,"sc":"657"},{"x":1516636800000,"y":362,"sc":"657"},{"x":1516723200000,"y":363,"sc":"657"},{"x":1516809600000,"y":368,"sc":"657"},{"x":1516896000000,"y":374,"sc":"655"},{"x":1517155200000,"y":392,"sc":"656"},{"x":1517241600000,"y":397,"sc":"656"},{"x":1517328000000,"y":403,"sc":"656"},{"x":1517414400000,"y":405,"sc":"656"},{"x":1517500800000,"y":415,"sc":"656"},{"x":1517760000000,"y":427,"sc":"656"},{"x":1517846400000,"y":429,"sc":"656"}];
/*百分比排名*/
var Data_rateInSimilarPersent = [[1498406400000,74.9600],[1498492800000,74.7800],[1498579200000,72.0200],[1498665600000,72.1900],[1498752000000,71.6500],[1499011200000,58.0800],[1499097600000,68.3800],[1499184000000,67.2400],[1499270400000,66.0400],[1499356800000,63.4600],[1499616000000,58.6600],[1499702400000,60.5500],[1499788800000,60.7200],[1499875200000,61.7500],[1499961600000,61.6000],[1500220800000,61.0900],[1500307200000,61.0900],[1500393600000,61.4600],[1500480000000,61.1200],[1500566400000,61.0500],[1500825600000,60.8800],[1500912000000,60.3700],[1500998400000,60.4400],[1501084800000,60.4400],[1501171200000,60.7700],[1501430400000,52.3600],[1501516800000,59.9300],[1501603200000,60.4400],[1501689600000,60.6100],[1501776000000,60.6100],[1502035200000,60.5700],[1502121600000,60.0700],[1502208000000,59.5600],[1502294400000,58.7200],[1502380800000,58.0500],[1502640000000,56.2100],[1502726400000,56.0400],[1502812800000,55.7000],[1502899200000,54.7000],[1502985600000,54.5300],[1503244800000,54.4400],[1503331200000,54.1000],[1503417600000,54.1000],[1503504000000,53.5200],[1503590400000,53.6900],[1503849600000,45.6700],[1503936000000,41.5000],[1504022400000,52.3300],[1504108800000,51.5800],[1504195200000,51.7500],[1504454400000,51.5800],[1504540800000,52.2500],[1504627200000,52.0800],[1504713600000,52.9100],[1504800000000,53.0800],[1505059200000,52.4000],[1505145600000,51.9100],[1505232000000,51.4100],[1505318400000,50.7400],[1505404800000,50.5800],[1505664000000,48.8400],[1505750400000,49.8300],[1505836800000,49.5900],[1505923200000,49.0900],[1506009600000,49.2500],[1506268800000,48.5900],[1506355200000,48.2600],[1506441600000,48.6800],[1506528000000,49.8300],[1506614400000,49.6700],[1507478400000,47.0300],[1507564800000,48.1100],[1507651200000,48.1100],[1507737600000,48.1200],[1507824000000,49.1000],[1508083200000,50.3300],[1508169600000,50.00],[1508256000000,51.0600],[1508342400000,51.0600],[1508428800000,52.0500],[1508688000000,51.8200],[1508774400000,52.3100],[1508860800000,52.5500],[1508947200000,51.4000],[1509033600000,52.7200],[1509292800000,52.0500],[1509379200000,51.8000],[1509465600000,51.6400],[1509552000000,53.1800],[1509638400000,54.1300],[1509897600000,54.5900],[1509984000000,54.9100],[1510070400000,55.3900],[1510156800000,55.8600],[1510243200000,56.5000],[1510502400000,59.0800],[1510588800000,59.0600],[1510675200000,59.6900],[1510761600000,60.00],[1510848000000,59.9100],[1511107200000,60.6900],[1511193600000,60.3800],[1511280000000,60.5300],[1511366400000,61.0100],[1511452800000,61.2200],[1511712000000,60.7800],[1511798400000,61.0900],[1511884800000,61.4100],[1511971200000,61.4700],[1512057600000,61.2800],[1512316800000,60.6500],[1512403200000,60.3400],[1512489600000,60.1900],[1512576000000,59.9400],[1512662400000,60.1200],[1512921600000,60.1200],[1513008000000,59.8800],[1513094400000,59.2600],[1513180800000,59.0200],[1513267200000,58.0800],[1513526400000,58.8400],[1513612800000,58.3800],[1513699200000,57.7700],[1513785600000,57.5600],[1513872000000,57.2500],[1514131200000,54.6600],[1514217600000,53.7400],[1514304000000,52.4500],[1514390400000,52.0600],[1514476800000,51.7600],[1514822400000,35.1100],[1514908800000,30.5300],[1514995200000,27.4800],[1515081600000,24.7300],[1515340800000,46.7200],[1515427200000,47.0200],[1515513600000,46.6500],[1515600000000,46.4200],[1515686400000,46.5800],[1515945600000,47.9500],[1516032000000,47.6400],[1516118400000,47.9500],[1516204800000,47.4900],[1516291200000,47.4900],[1516550400000,45.8100],[1516636800000,44.9000],[1516723200000,44.7500],[1516809600000,43.9900],[1516896000000,42.9000],[1517155200000,40.2400],[1517241600000,39.4800],[1517328000000,38.5700],[1517414400000,38.2600],[1517500800000,36.7400],[1517760000000,34.9100],[1517846400000,34.6000]];
/*规模变动*/
var Data_fluctuationScale = {"categories":["2017-04-06","2017-04-07","2017-06-30","2017-09-30","2017-12-31"],"series":[{"y":14.98,"mom":"0.01%"},{"y":14.98,"mom":"0.01%"},{"y":5.55,"mom":"-62.93%"},{"y":2.59,"mom":"-53.41%"},{"y":2.03,"mom":"-21.38%"}]};;
/*持有人结构*/
var Data_holderStructure = {"series":[{"name":"机构持有比例","data":[32.01,24.0]},{"name":"个人持有比例","data":[67.99,76.0]},{"name":"内部持有比例","data":[0.0,0.0]}],"categories":["2017-03-29","2017-06-30"]};
/*申购赎回*/
var Data_assetAllocation ={"series":[{"name":"期间申购","data":[12.03,0.08,0.51]},{"name":"期间赎回","data":[21.44,3.04,1.07]},{"name":"总份额","data":[5.55,2.59,2.03]}],"categories":["2017-06-30","2017-09-30","2017-12-31"]};
/*现任基金经理*/
var Data_currentFundManager = [{"id":"30194665","pic":"https://pdf.dfcfw.com/pdf/H8_JPG30194665_1.jpg","name":"刘丽娟","star":4,"workTime":"2年又201天","fundSize":"308.62亿(22只基金)","power":{"avr":"60.37","categories":["经验值","收益率","抗风险","稳定性","管理规模"],"dsc":["反映基金经理从业年限和管理基金的经验","根据基金经理投资的阶段收益评分，反映\u003cbr\u003e基金经理投资的盈利能力","反映基金经理投资的回撤控制能力","反映基金经理投资收益的波动","根据基金经理现任管理基金资产规模评分"],"data":[47.90,62.30,50.0,68.40,62.50],"jzrq":"2018-02-06"},"profit":{"categories":["任期收益","同类平均"],"series":[{"data":[{"name":null,"color":"#7cb5ec","y":3.6032},{"name":null,"color":"#414c7b","y":3.51}]}],"jzrq":"2018-02-06"}}] ;
/*同类型基金涨幅榜（页面底部通栏）*/
var swithSameType = [['002895_华夏天利货币B_5.8750','002894_华夏天利货币A_5.6210','005151_红土创新优淳货币B_5.6080','005150_红土创新优淳货币A_5.3810','000902_国开货币B_5.3390'],['002895_华夏天利货币B_5.26','005151_红土创新优淳货币B_5.22','004973_长城收益宝货币B_5.08','002894_华夏天利货币A_5.01','001895_泰达宏利活期友货币B_5.00'],['004973_长城收益宝货币B_5.05','005151_红土创新优淳货币B_5.04','004770_海富通添益货币A_4.99','002884_华润元大现金通货币B_4.98','002895_华夏天利货币B_4.89'],['004770_海富通添益货币A_5.39','004973_长城收益宝货币B_5.13','002895_华夏天利货币B_5.03','004398_融通现金宝货币B_5.03','002884_华润元大现金通货币B_5.02'],['003679_中融现金增利货币C_4.67','003474_南方天天利货币B_4.55','000836_国投瑞银钱多宝货币A_4.52','000837_国投瑞银钱多宝货币I_4.52','003753_工银如意货币B_4.51']];