/**
 * 测试数据
 * @type {arry}
 */
/*2018-02-07 17:59:35*/
//基金或股票信息
var fS_name = "招商招利宝货币B";
var fS_code = "003538";
var fund_minsg="50000";
var ishb=true;
/*原费率*/
var fund_sourceRate="0";
/*现费率*/
var fund_Rate="0";
/*最小申购金额*/
var fund_minsg="50000";
/*收益率*/
/*近一年收益率*/
var syl_1n="";
/*近6月收益率*/
var syl_6y="2.3526";
/*近三月收益率*/
var syl_3y="1.1937";
/*近一月收益率*/
var syl_1y="0.4036";
/* 基金收益走势图 每万份收益*/
var Data_millionCopiesIncome = [[1492531200000,0.5103],[1492617600000,0.5103],[1492704000000,0.5126],[1492876800000,1.026],[1492963200000,1.0048],[1493049600000,0.8825],[1493136000000,0.8829],[1493222400000,0.8833],[1493308800000,0.8837],[1493568000000,2.6507],[1493654400000,0.8829],[1493740800000,0.8823],[1493827200000,0.8832],[1493913600000,0.8425],[1494086400000,1.766],[1494172800000,0.8824],[1494259200000,0.8848],[1494345600000,0.8848],[1494432000000,0.8857],[1494518400000,0.8856],[1494691200000,1.771],[1494777600000,0.8854],[1494864000000,0.8855],[1494950400000,0.8861],[1495036800000,0.8857],[1495123200000,0.8861],[1495296000000,1.7729],[1495382400000,0.8863],[1495468800000,0.8857],[1495555200000,0.8857],[1495641600000,0.8852],[1495728000000,0.8861],[1496073600000,3.5438],[1496160000000,0.8857],[1496246400000,0.8851],[1496332800000,0.8837],[1496505600000,1.771],[1496592000000,0.8853],[1496678400000,0.9323],[1496764800000,0.9559],[1496851200000,0.6203],[1496937600000,1.2482],[1497110400000,2.5245],[1497196800000,1.3304],[1497283200000,1.339],[1497369600000,1.3385],[1497456000000,1.3352],[1497542400000,1.294],[1497715200000,2.5876],[1497801600000,1.3472],[1497888000000,1.3544],[1497974400000,1.3371],[1498060800000,1.3228],[1498147200000,1.2952],[1498320000000,2.5699],[1498406400000,1.3043],[1498492800000,1.3244],[1498579200000,1.3483],[1498665600000,1.3399],[1498752000000,1.3414],[1498924800000,2.677],[1499011200000,1.3397],[1499097600000,1.3345],[1499184000000,1.3468],[1499270400000,1.3372],[1499356800000,1.3297],[1499529600000,2.6596],[1499616000000,1.3283],[1499702400000,1.322],[1499788800000,1.3243],[1499875200000,1.3048],[1499961600000,1.3081],[1500134400000,2.6157],[1500220800000,1.2942],[1500307200000,1.2867],[1500393600000,1.3033],[1500480000000,1.3001],[1500566400000,1.3199],[1500739200000,2.6403],[1500825600000,1.3014],[1500912000000,1.3038],[1500998400000,1.2935],[1501084800000,1.3024],[1501171200000,1.2905],[1501344000000,2.5808],[1501430400000,1.3284],[1501516800000,1.3641],[1501603200000,1.2874],[1501689600000,1.2662],[1501776000000,1.2616],[1501948800000,2.5151],[1502035200000,1.2133],[1502121600000,1.2914],[1502208000000,1.1856],[1502294400000,1.1947],[1502380800000,1.1835],[1502553600000,2.3701],[1502640000000,1.188],[1502726400000,1.2116],[1502812800000,1.2319],[1502899200000,1.2152],[1502985600000,1.2176],[1503158400000,2.4353],[1503244800000,1.2589],[1503331200000,1.2572],[1503417600000,1.2671],[1503504000000,1.2539],[1503590400000,1.2663],[1503763200000,2.5324],[1503849600000,1.2698],[1503936000000,1.2674],[1504022400000,1.2572],[1504108800000,1.3077],[1504195200000,1.2863],[1504368000000,2.5707],[1504454400000,1.3077],[1504540800000,1.2808],[1504627200000,1.2793],[1504713600000,1.2681],[1504800000000,1.2464],[1504972800000,2.4898],[1505059200000,1.2336],[1505145600000,1.239],[1505232000000,1.2408],[1505318400000,1.237],[1505404800000,1.2321],[1505577600000,2.4636],[1505664000000,1.2418],[1505750400000,1.2608],[1505836800000,1.2782],[1505923200000,1.2943],[1506009600000,1.2792],[1506182400000,2.5418],[1506268800000,1.2599],[1506355200000,1.2737],[1506441600000,1.2885],[1506528000000,1.2859],[1506614400000,1.2365],[1507392000000,11.1145],[1507478400000,1.2719],[1507564800000,1.2908],[1507651200000,1.2572],[1507737600000,1.231],[1507824000000,1.214],[1507996800000,2.4257],[1508083200000,1.2041],[1508169600000,1.1527],[1508256000000,1.1504],[1508342400000,1.1424],[1508428800000,1.1471],[1508601600000,2.294],[1508688000000,1.1724],[1508774400000,1.1863],[1508860800000,1.1897],[1508947200000,1.2195],[1509033600000,1.2194],[1509206400000,2.4389],[1509292800000,1.2381],[1509379200000,1.2525],[1509465600000,1.2593],[1509552000000,1.2705],[1509638400000,1.2672],[1509811200000,2.5338],[1509897600000,1.2435],[1509984000000,1.247],[1510070400000,1.2408],[1510156800000,1.2479],[1510243200000,1.2395],[1510416000000,2.4782],[1510502400000,1.2277],[1510588800000,1.2282],[1510675200000,1.2429],[1510761600000,1.2444],[1510848000000,1.2468],[1511020800000,2.4922],[1511107200000,1.2396],[1511193600000,1.2523],[1511280000000,1.2526],[1511366400000,1.2556],[1511452800000,1.2591],[1511625600000,2.5164],[1511712000000,1.256],[1511798400000,1.2565],[1511884800000,1.2571],[1511971200000,1.2464],[1512057600000,1.2656],[1512144000000,1.2654],[1512230400000,1.2653],[1512316800000,1.2796],[1512403200000,1.2872],[1512489600000,1.2735],[1512576000000,1.3015],[1512662400000,1.2879],[1512748800000,1.2878],[1512835200000,1.2877],[1512921600000,1.2906],[1513008000000,1.2758],[1513094400000,1.2795],[1513180800000,1.2799],[1513267200000,1.2852],[1513353600000,1.2838],[1513440000000,1.2837],[1513526400000,1.2938],[1513612800000,1.2944],[1513699200000,1.3309],[1513785600000,1.3167],[1513872000000,1.3573],[1513958400000,1.3558],[1514044800000,1.3557],[1514131200000,1.368],[1514217600000,1.3678],[1514304000000,1.3425],[1514390400000,1.4513],[1514476800000,1.2392],[1514563200000,1.2345],[1514649600000,1.2344],[1514736000000,1.2343],[1514822400000,1.3609],[1514908800000,1.3914],[1514995200000,1.3857],[1515081600000,1.3865],[1515168000000,1.3853],[1515254400000,1.3852],[1515340800000,1.3675],[1515427200000,1.3639],[1515513600000,1.3434],[1515600000000,1.3404],[1515686400000,1.2967],[1515772800000,1.2961],[1515859200000,1.296],[1515945600000,1.2911],[1516032000000,1.2823],[1516118400000,1.2704],[1516204800000,1.2781],[1516291200000,1.2815],[1516377600000,1.2513],[1516464000000,1.2512],[1516550400000,1.2859],[1516636800000,1.2734],[1516723200000,1.2651],[1516809600000,1.2733],[1516896000000,1.2637],[1516982400000,1.2639],[1517068800000,1.2637],[1517155200000,1.2595],[1517241600000,1.2793],[1517328000000,1.3014],[1517414400000,1.339],[1517500800000,1.3217],[1517587200000,1.3262],[1517673600000,1.326],[1517760000000,1.3217],[1517846400000,1.3205]];
/*基金收益走势图   7日年化收益率*/
var Data_sevenDaysYearIncome = [[1492531200000,2.024],[1492617600000,1.988],[1492704000000,1.968],[1492876800000,1.946],[1492963200000,2.173],[1493049600000,2.346],[1493136000000,2.545],[1493222400000,2.744],[1493308800000,2.943],[1493568000000,3.276],[1493654400000,3.277],[1493740800000,3.276],[1493827200000,3.276],[1493913600000,3.254],[1494086400000,3.253],[1494172800000,3.253],[1494259200000,3.254],[1494345600000,3.255],[1494432000000,3.257],[1494518400000,3.28],[1494691200000,3.282],[1494777600000,3.284],[1494864000000,3.284],[1494950400000,3.285],[1495036800000,3.285],[1495123200000,3.285],[1495296000000,3.286],[1495382400000,3.287],[1495468800000,3.287],[1495555200000,3.287],[1495641600000,3.287],[1495728000000,3.287],[1496073600000,3.286],[1496160000000,3.286],[1496246400000,3.286],[1496332800000,3.285],[1496505600000,3.284],[1496592000000,3.284],[1496678400000,3.309],[1496764800000,3.347],[1496851200000,3.204],[1496937600000,3.4],[1497110400000,3.807],[1497196800000,4.048],[1497283200000,4.269],[1497369600000,4.477],[1497456000000,4.868],[1497542400000,4.893],[1497715200000,4.927],[1497801600000,4.936],[1497888000000,4.945],[1497974400000,4.944],[1498060800000,4.937],[1498147200000,4.938],[1498320000000,4.928],[1498406400000,4.905],[1498492800000,4.888],[1498579200000,4.895],[1498665600000,4.904],[1498752000000,4.929],[1498924800000,4.988],[1499011200000,5.007],[1499097600000,5.013],[1499184000000,5.012],[1499270400000,5.01],[1499356800000,5.004],[1499529600000,4.994],[1499616000000,4.988],[1499702400000,4.981],[1499788800000,4.969],[1499875200000,4.951],[1499961600000,4.939],[1500134400000,4.915],[1500220800000,4.897],[1500307200000,4.878],[1500393600000,4.866],[1500480000000,4.863],[1500566400000,4.87],[1500739200000,4.883],[1500825600000,4.887],[1500912000000,4.897],[1500998400000,4.891],[1501084800000,4.893],[1501171200000,4.876],[1501344000000,4.844],[1501430400000,4.859],[1501516800000,4.892],[1501603200000,4.888],[1501689600000,4.869],[1501776000000,4.853],[1501948800000,4.817],[1502035200000,4.754],[1502121600000,4.714],[1502208000000,4.659],[1502294400000,4.62],[1502380800000,4.577],[1502553600000,4.498],[1502640000000,4.484],[1502726400000,4.441],[1502812800000,4.466],[1502899200000,4.477],[1502985600000,4.496],[1503158400000,4.531],[1503244800000,4.57],[1503331200000,4.595],[1503417600000,4.614],[1503504000000,4.635],[1503590400000,4.662],[1503763200000,4.715],[1503849600000,4.721],[1503936000000,4.726],[1504022400000,4.721],[1504108800000,4.75],[1504195200000,4.761],[1504368000000,4.782],[1504454400000,4.803],[1504540800000,4.81],[1504627200000,4.822],[1504713600000,4.801],[1504800000000,4.779],[1504972800000,4.735],[1505059200000,4.694],[1505145600000,4.671],[1505232000000,4.65],[1505318400000,4.633],[1505404800000,4.625],[1505577600000,4.611],[1505664000000,4.616],[1505750400000,4.628],[1505836800000,4.648],[1505923200000,4.679],[1506009600000,4.705],[1506182400000,4.748],[1506268800000,4.758],[1506355200000,4.765],[1506441600000,4.77],[1506528000000,4.766],[1506614400000,4.742],[1507392000000,4.61],[1507478400000,4.63],[1507564800000,4.66],[1507651200000,4.672],[1507737600000,4.67],[1507824000000,4.659],[1507996800000,4.635],[1508083200000,4.598],[1508169600000,4.523],[1508256000000,4.465],[1508342400000,4.417],[1508428800000,4.38],[1508601600000,4.309],[1508688000000,4.291],[1508774400000,4.31],[1508860800000,4.331],[1508947200000,4.373],[1509033600000,4.412],[1509206400000,4.491],[1509292800000,4.527],[1509379200000,4.563],[1509465600000,4.601],[1509552000000,4.629],[1509638400000,4.655],[1509811200000,4.707],[1509897600000,4.71],[1509984000000,4.707],[1510070400000,4.697],[1510156800000,4.684],[1510243200000,4.669],[1510416000000,4.639],[1510502400000,4.63],[1510588800000,4.62],[1510675200000,4.621],[1510761600000,4.619],[1510848000000,4.623],[1511020800000,4.631],[1511107200000,4.637],[1511193600000,4.65],[1511280000000,4.656],[1511366400000,4.662],[1511452800000,4.669],[1511625600000,4.682],[1511712000000,4.691],[1511798400000,4.693],[1511884800000,4.696],[1511971200000,4.69],[1512057600000,4.694],[1512144000000,4.698],[1512230400000,4.702],[1512316800000,4.715],[1512403200000,4.732],[1512489600000,4.74],[1512576000000,4.771],[1512662400000,4.783],[1512748800000,4.795],[1512835200000,4.807],[1512921600000,4.813],[1513008000000,4.807],[1513094400000,4.81],[1513180800000,4.798],[1513267200000,4.797],[1513353600000,4.795],[1513440000000,4.793],[1513526400000,4.794],[1513612800000,4.805],[1513699200000,4.833],[1513785600000,4.853],[1513872000000,4.892],[1513958400000,4.932],[1514044800000,4.971],[1514131200000,5.012],[1514217600000,5.052],[1514304000000,5.058],[1514390400000,5.132],[1514476800000,5.067],[1514563200000,5.001],[1514649600000,4.934],[1514736000000,4.861],[1514822400000,4.857],[1514908800000,4.884],[1514995200000,4.848],[1515081600000,4.929],[1515168000000,5.011],[1515254400000,5.094],[1515340800000,5.167],[1515427200000,5.169],[1515513600000,5.142],[1515600000000,5.118],[1515686400000,5.068],[1515772800000,5.019],[1515859200000,4.971],[1515945600000,4.929],[1516032000000,4.884],[1516118400000,4.844],[1516204800000,4.81],[1516291200000,4.802],[1516377600000,4.777],[1516464000000,4.753],[1516550400000,4.75],[1516636800000,4.745],[1516723200000,4.742],[1516809600000,4.74],[1516896000000,4.73],[1516982400000,4.737],[1517068800000,4.744],[1517155200000,4.729],[1517241600000,4.733],[1517328000000,4.752],[1517414400000,4.788],[1517500800000,4.82],[1517587200000,4.854],[1517673600000,4.888],[1517760000000,4.922],[1517846400000,4.945]];
/*资产配置*/
var Data_assetAllocationCurrency ={"categories":["12-31","09-30","06-30"],"series":[{"name":"股票","data":[null,null,null]},{"name":"债券","data":[31.92,27.34,47.2]},{"name":"现金","data":[73.8,46.49,52.66]}]};
/*累计收益率走势*/
var Data_grandTotal = [{"name":"招商招利宝货币B","data":[[1501948800000,0],[1502035200000,0.01],[1502121600000,0.03],[1502208000000,0.04],[1502294400000,0.05],[1502380800000,0.06],[1502553600000,0.08],[1502640000000,0.10],[1502726400000,0.11],[1502812800000,0.12],[1502899200000,0.13],[1502985600000,0.15],[1503158400000,0.17],[1503244800000,0.18],[1503331200000,0.19],[1503417600000,0.21],[1503504000000,0.22],[1503590400000,0.23],[1503763200000,0.26],[1503849600000,0.27],[1503936000000,0.28],[1504022400000,0.30],[1504108800000,0.31],[1504195200000,0.32],[1504368000000,0.35],[1504454400000,0.36],[1504540800000,0.37],[1504627200000,0.39],[1504713600000,0.40],[1504800000000,0.41],[1504972800000,0.44],[1505059200000,0.45],[1505145600000,0.46],[1505232000000,0.47],[1505318400000,0.49],[1505404800000,0.50],[1505577600000,0.52],[1505664000000,0.54],[1505750400000,0.55],[1505836800000,0.56],[1505923200000,0.57],[1506009600000,0.59],[1506182400000,0.61],[1506268800000,0.63],[1506355200000,0.64],[1506441600000,0.65],[1506528000000,0.66],[1506614400000,0.68],[1507392000000,0.79],[1507478400000,0.80],[1507564800000,0.81],[1507651200000,0.83],[1507737600000,0.84],[1507824000000,0.85],[1507996800000,0.88],[1508083200000,0.89],[1508169600000,0.90],[1508256000000,0.91],[1508342400000,0.92],[1508428800000,0.94],[1508601600000,0.96],[1508688000000,0.97],[1508774400000,0.98],[1508860800000,0.99],[1508947200000,1.01],[1509033600000,1.02],[1509206400000,1.04],[1509292800000,1.06],[1509379200000,1.07],[1509465600000,1.08],[1509552000000,1.09],[1509638400000,1.11],[1509811200000,1.13],[1509897600000,1.15],[1509984000000,1.16],[1510070400000,1.17],[1510156800000,1.18],[1510243200000,1.20],[1510416000000,1.22],[1510502400000,1.23],[1510588800000,1.25],[1510675200000,1.26],[1510761600000,1.27],[1510848000000,1.28],[1511020800000,1.31],[1511107200000,1.32],[1511193600000,1.33],[1511280000000,1.35],[1511366400000,1.36],[1511452800000,1.37],[1511625600000,1.40],[1511712000000,1.41],[1511798400000,1.42],[1511884800000,1.44],[1511971200000,1.45],[1512057600000,1.46],[1512144000000,1.47],[1512230400000,1.49],[1512316800000,1.50],[1512403200000,1.51],[1512489600000,1.53],[1512576000000,1.54],[1512662400000,1.55],[1512748800000,1.57],[1512835200000,1.58],[1512921600000,1.59],[1513008000000,1.60],[1513094400000,1.62],[1513180800000,1.63],[1513267200000,1.64],[1513353600000,1.66],[1513440000000,1.67],[1513526400000,1.68],[1513612800000,1.70],[1513699200000,1.71],[1513785600000,1.72],[1513872000000,1.74],[1513958400000,1.75],[1514044800000,1.76],[1514131200000,1.78],[1514217600000,1.79],[1514304000000,1.81],[1514390400000,1.82],[1514476800000,1.83],[1514563200000,1.85],[1514649600000,1.86],[1514736000000,1.87],[1514822400000,1.88],[1514908800000,1.90],[1514995200000,1.91],[1515081600000,1.93],[1515168000000,1.94],[1515254400000,1.96],[1515340800000,1.97],[1515427200000,1.98],[1515513600000,2.00],[1515600000000,2.01],[1515686400000,2.02],[1515772800000,2.04],[1515859200000,2.05],[1515945600000,2.06],[1516032000000,2.08],[1516118400000,2.09],[1516204800000,2.10],[1516291200000,2.12],[1516377600000,2.13],[1516464000000,2.14],[1516550400000,2.15],[1516636800000,2.17],[1516723200000,2.18],[1516809600000,2.19],[1516896000000,2.21],[1516982400000,2.22],[1517068800000,2.23],[1517155200000,2.24],[1517241600000,2.26],[1517328000000,2.27],[1517414400000,2.28],[1517500800000,2.30],[1517587200000,2.31],[1517673600000,2.33],[1517760000000,2.34],[1517846400000,2.35]]},{"name":"同类平均","data":[[1502035200000,0],[1502121600000,0.01],[1502208000000,0.02],[1502294400000,0.03],[1502380800000,0.04],[1502640000000,0.07],[1502726400000,0.08],[1502812800000,0.09],[1502899200000,0.10],[1502985600000,0.11],[1503244800000,0.14],[1503331200000,0.16],[1503417600000,0.17],[1503504000000,0.18],[1503590400000,0.19],[1503849600000,0.22],[1503936000000,0.23],[1504022400000,0.24],[1504108800000,0.25],[1504195200000,0.26],[1504454400000,0.29],[1504540800000,0.30],[1504627200000,0.31],[1504713600000,0.32],[1504800000000,0.34],[1505059200000,0.37],[1505145600000,0.38],[1505232000000,0.39],[1505318400000,0.40],[1505404800000,0.41],[1505664000000,0.44],[1505750400000,0.45],[1505836800000,0.46],[1505923200000,0.47],[1506009600000,0.48],[1506268800000,0.52],[1506355200000,0.53],[1506441600000,0.54],[1506528000000,0.55],[1506614400000,0.56],[1507478400000,0.67],[1507564800000,0.68],[1507651200000,0.69],[1507737600000,0.71],[1507824000000,0.72],[1508083200000,0.75],[1508169600000,0.76],[1508256000000,0.77],[1508342400000,0.78],[1508428800000,0.79],[1508688000000,0.82],[1508774400000,0.83],[1508860800000,0.84],[1508947200000,0.85],[1509033600000,0.86],[1509292800000,0.90],[1509379200000,0.91],[1509465600000,0.92],[1509552000000,0.93],[1509638400000,0.94],[1509897600000,0.97],[1509984000000,0.98],[1510070400000,0.99],[1510156800000,1.00],[1510243200000,1.01],[1510502400000,1.04],[1510588800000,1.06],[1510675200000,1.07],[1510761600000,1.08],[1510848000000,1.09],[1511107200000,1.12],[1511193600000,1.13],[1511280000000,1.14],[1511366400000,1.15],[1511452800000,1.16],[1511712000000,1.20],[1511798400000,1.21],[1511884800000,1.22],[1511971200000,1.23],[1512057600000,1.24],[1512316800000,1.28],[1512403200000,1.29],[1512489600000,1.30],[1512576000000,1.31],[1512662400000,1.32],[1512921600000,1.35],[1513008000000,1.36],[1513094400000,1.38],[1513180800000,1.39],[1513267200000,1.40],[1513526400000,1.43],[1513612800000,1.44],[1513699200000,1.46],[1513785600000,1.47],[1513872000000,1.48],[1514131200000,1.51],[1514217600000,1.53],[1514304000000,1.54],[1514390400000,1.55],[1514476800000,1.57],[1514822400000,1.62],[1514908800000,1.64],[1514995200000,1.65],[1515081600000,1.66],[1515340800000,1.69],[1515427200000,1.71],[1515513600000,1.72],[1515600000000,1.73],[1515686400000,1.74],[1515945600000,1.77],[1516032000000,1.79],[1516118400000,1.80],[1516204800000,1.81],[1516291200000,1.82],[1516550400000,1.86],[1516636800000,1.87],[1516723200000,1.88],[1516809600000,1.89],[1516896000000,1.90],[1517155200000,1.94],[1517241600000,1.95],[1517328000000,1.96],[1517414400000,1.97],[1517500800000,1.98],[1517760000000,2.02],[1517846400000,2.03]]},{"name":"沪深300","data":[[1502035200000,0],[1502121600000,0.15],[1502208000000,0.11],[1502294400000,-0.29],[1502380800000,-2.13],[1502640000000,-0.86],[1502726400000,-0.56],[1502812800000,-0.68],[1502899200000,-0.15],[1502985600000,-0.06],[1503244800000,0.38],[1503331200000,0.68],[1503417600000,0.79],[1503504000000,0.21],[1503590400000,1.85],[1503849600000,3.11],[1503936000000,2.89],[1504022400000,2.88],[1504108800000,2.56],[1504195200000,2.78],[1504454400000,3.19],[1504540800000,3.50],[1504627200000,3.29],[1504713600000,2.77],[1504800000000,2.66],[1505059200000,2.65],[1505145600000,2.98],[1505232000000,3.11],[1505318400000,2.77],[1505404800000,2.80],[1505664000000,3.12],[1505750400000,2.83],[1505836800000,3.10],[1505923200000,2.98],[1506009600000,2.98],[1506268800000,2.44],[1506355200000,2.52],[1506441600000,2.53],[1506528000000,2.57],[1506614400000,2.94],[1507478400000,4.17],[1507564800000,4.38],[1507651200000,4.72],[1507737600000,5.00],[1507824000000,5.21],[1508083200000,5.01],[1508169600000,5.00],[1508256000000,5.83],[1508342400000,5.49],[1508428800000,5.37],[1508688000000,5.47],[1508774400000,6.24],[1508860800000,6.71],[1508947200000,7.16],[1509033600000,7.92],[1509292800000,7.59],[1509379200000,7.51],[1509465600000,7.24],[1509552000000,7.25],[1509638400000,7.13],[1509897600000,7.89],[1509984000000,8.79],[1510070400000,8.62],[1510156800000,9.37],[1510243200000,10.33],[1510502400000,10.77],[1510588800000,10.00],[1510675200000,9.31],[1510761600000,10.15],[1510848000000,10.57],[1511107200000,11.19],[1511193600000,13.17],[1511280000000,13.44],[1511366400000,10.08],[1511452800000,10.13],[1511712000000,8.67],[1511798400000,8.83],[1511884800000,8.77],[1511971200000,7.49],[1512057600000,7.28],[1512316800000,7.84],[1512403200000,8.41],[1512489600000,7.76],[1512576000000,6.55],[1512662400000,7.42],[1512921600000,9.20],[1513008000000,7.76],[1513094400000,8.67],[1513180800000,8.03],[1513267200000,6.82],[1513526400000,6.94],[1513612800000,8.28],[1513699200000,8.15],[1513785600000,9.15],[1513872000000,8.80],[1514131200000,8.45],[1514217600000,8.77],[1514304000000,7.09],[1514390400000,7.84],[1514476800000,8.16],[1514822400000,9.68],[1514908800000,10.32],[1514995200000,10.79],[1515081600000,11.05],[1515340800000,11.63],[1515427200000,12.41],[1515513600000,12.91],[1515600000000,12.85],[1515686400000,13.37],[1515945600000,13.37],[1516032000000,14.27],[1516118400000,13.99],[1516204800000,14.61],[1516291200000,14.99],[1516550400000,16.36],[1516636800000,17.60],[1516723200000,17.79],[1516809600000,17.13],[1516896000000,17.56],[1517155200000,15.43],[1517241600000,14.20],[1517328000000,14.73],[1517414400000,13.93],[1517500800000,14.61],[1517760000000,14.69],[1517846400000,11.33]]}];
/*同类排名*/
var Data_rateInSimilarType = [{"x":1500393600000,"y":298,"sc":"589"},{"x":1500480000000,"y":270,"sc":"589"},{"x":1500566400000,"y":247,"sc":"593"},{"x":1500825600000,"y":191,"sc":"593"},{"x":1500912000000,"y":183,"sc":"593"},{"x":1500998400000,"y":177,"sc":"594"},{"x":1501084800000,"y":159,"sc":"594"},{"x":1501171200000,"y":154,"sc":"594"},{"x":1501430400000,"y":123,"sc":"594"},{"x":1501516800000,"y":118,"sc":"594"},{"x":1501603200000,"y":113,"sc":"594"},{"x":1501689600000,"y":107,"sc":"594"},{"x":1501776000000,"y":104,"sc":"594"},{"x":1502035200000,"y":80,"sc":"596"},{"x":1502121600000,"y":77,"sc":"596"},{"x":1502208000000,"y":73,"sc":"596"},{"x":1502294400000,"y":70,"sc":"596"},{"x":1502380800000,"y":66,"sc":"596"},{"x":1502640000000,"y":58,"sc":"596"},{"x":1502726400000,"y":51,"sc":"596"},{"x":1502812800000,"y":44,"sc":"596"},{"x":1502899200000,"y":41,"sc":"596"},{"x":1502985600000,"y":36,"sc":"596"},{"x":1503244800000,"y":28,"sc":"597"},{"x":1503331200000,"y":27,"sc":"597"},{"x":1503417600000,"y":25,"sc":"597"},{"x":1503504000000,"y":21,"sc":"596"},{"x":1503590400000,"y":20,"sc":"596"},{"x":1503849600000,"y":15,"sc":"600"},{"x":1503936000000,"y":14,"sc":"600"},{"x":1504022400000,"y":13,"sc":"600"},{"x":1504108800000,"y":11,"sc":"601"},{"x":1504195200000,"y":12,"sc":"601"},{"x":1504454400000,"y":7,"sc":"601"},{"x":1504540800000,"y":8,"sc":"601"},{"x":1504627200000,"y":7,"sc":"601"},{"x":1504713600000,"y":6,"sc":"601"},{"x":1504800000000,"y":3,"sc":"601"},{"x":1505059200000,"y":4,"sc":"603"},{"x":1505145600000,"y":5,"sc":"603"},{"x":1505232000000,"y":5,"sc":"603"},{"x":1505318400000,"y":7,"sc":"605"},{"x":1505404800000,"y":7,"sc":"605"},{"x":1505664000000,"y":6,"sc":"606"},{"x":1505750400000,"y":7,"sc":"606"},{"x":1505836800000,"y":6,"sc":"603"},{"x":1505923200000,"y":4,"sc":"603"},{"x":1506009600000,"y":4,"sc":"603"},{"x":1506268800000,"y":5,"sc":"603"},{"x":1506355200000,"y":4,"sc":"603"},{"x":1506441600000,"y":3,"sc":"604"},{"x":1506528000000,"y":3,"sc":"604"},{"x":1506614400000,"y":3,"sc":"606"},{"x":1507478400000,"y":3,"sc":"606"},{"x":1507564800000,"y":3,"sc":"607"},{"x":1507651200000,"y":3,"sc":"607"},{"x":1507737600000,"y":3,"sc":"611"},{"x":1507824000000,"y":3,"sc":"611"},{"x":1508083200000,"y":4,"sc":"612"},{"x":1508169600000,"y":4,"sc":"612"},{"x":1508256000000,"y":5,"sc":"611"},{"x":1508342400000,"y":5,"sc":"611"},{"x":1508428800000,"y":5,"sc":"611"},{"x":1508688000000,"y":5,"sc":"606"},{"x":1508774400000,"y":5,"sc":"606"},{"x":1508860800000,"y":6,"sc":"607"},{"x":1508947200000,"y":6,"sc":"607"},{"x":1509033600000,"y":6,"sc":"607"},{"x":1509292800000,"y":5,"sc":"609"},{"x":1509379200000,"y":5,"sc":"610"},{"x":1509465600000,"y":6,"sc":"610"},{"x":1509552000000,"y":5,"sc":"613"},{"x":1509638400000,"y":4,"sc":"617"},{"x":1509897600000,"y":4,"sc":"621"},{"x":1509984000000,"y":4,"sc":"621"},{"x":1510070400000,"y":4,"sc":"621"},{"x":1510156800000,"y":4,"sc":"623"},{"x":1510243200000,"y":4,"sc":"623"},{"x":1510502400000,"y":4,"sc":"633"},{"x":1510588800000,"y":5,"sc":"635"},{"x":1510675200000,"y":4,"sc":"635"},{"x":1510761600000,"y":4,"sc":"635"},{"x":1510848000000,"y":4,"sc":"636"},{"x":1511107200000,"y":5,"sc":"636"},{"x":1511193600000,"y":4,"sc":"636"},{"x":1511280000000,"y":4,"sc":"636"},{"x":1511366400000,"y":4,"sc":"636"},{"x":1511452800000,"y":4,"sc":"637"},{"x":1511712000000,"y":5,"sc":"640"},{"x":1511798400000,"y":4,"sc":"640"},{"x":1511884800000,"y":4,"sc":"640"},{"x":1511971200000,"y":4,"sc":"641"},{"x":1512057600000,"y":4,"sc":"643"},{"x":1512316800000,"y":4,"sc":"643"},{"x":1512403200000,"y":4,"sc":"643"},{"x":1512489600000,"y":4,"sc":"643"},{"x":1512576000000,"y":3,"sc":"644"},{"x":1512662400000,"y":4,"sc":"652"},{"x":1512921600000,"y":3,"sc":"652"},{"x":1513008000000,"y":3,"sc":"653"},{"x":1513094400000,"y":3,"sc":"653"},{"x":1513180800000,"y":3,"sc":"654"},{"x":1513267200000,"y":3,"sc":"656"},{"x":1513526400000,"y":3,"sc":"656"},{"x":1513612800000,"y":3,"sc":"656"},{"x":1513699200000,"y":3,"sc":"656"},{"x":1513785600000,"y":3,"sc":"655"},{"x":1513872000000,"y":3,"sc":"655"},{"x":1514131200000,"y":2,"sc":"655"},{"x":1514217600000,"y":2,"sc":"655"},{"x":1514304000000,"y":2,"sc":"654"},{"x":1514390400000,"y":2,"sc":"655"},{"x":1514476800000,"y":2,"sc":"655"},{"x":1514822400000,"y":7,"sc":"655"},{"x":1514908800000,"y":7,"sc":"655"},{"x":1514995200000,"y":7,"sc":"655"},{"x":1515081600000,"y":7,"sc":"655"},{"x":1515340800000,"y":4,"sc":"655"},{"x":1515427200000,"y":4,"sc":"655"},{"x":1515513600000,"y":4,"sc":"656"},{"x":1515600000000,"y":4,"sc":"657"},{"x":1515686400000,"y":4,"sc":"657"},{"x":1515945600000,"y":3,"sc":"657"},{"x":1516032000000,"y":4,"sc":"657"},{"x":1516118400000,"y":4,"sc":"657"},{"x":1516204800000,"y":4,"sc":"657"},{"x":1516291200000,"y":3,"sc":"657"},{"x":1516550400000,"y":4,"sc":"657"},{"x":1516636800000,"y":4,"sc":"657"},{"x":1516723200000,"y":2,"sc":"657"},{"x":1516809600000,"y":2,"sc":"657"},{"x":1516896000000,"y":2,"sc":"655"},{"x":1517155200000,"y":3,"sc":"656"},{"x":1517241600000,"y":3,"sc":"656"},{"x":1517328000000,"y":3,"sc":"656"},{"x":1517414400000,"y":3,"sc":"656"},{"x":1517500800000,"y":3,"sc":"656"},{"x":1517760000000,"y":5,"sc":"656"},{"x":1517846400000,"y":5,"sc":"656"}];
/*百分比排名*/
var Data_rateInSimilarPersent = [[1500393600000,49.4100],[1500480000000,54.1600],[1500566400000,58.3500],[1500825600000,67.7900],[1500912000000,69.1400],[1500998400000,70.2000],[1501084800000,73.2300],[1501171200000,74.0700],[1501430400000,79.2900],[1501516800000,80.1300],[1501603200000,80.9800],[1501689600000,81.9900],[1501776000000,82.4900],[1502035200000,86.5800],[1502121600000,87.0800],[1502208000000,87.7500],[1502294400000,88.2600],[1502380800000,88.9300],[1502640000000,90.2700],[1502726400000,91.4400],[1502812800000,92.6200],[1502899200000,93.1200],[1502985600000,93.9600],[1503244800000,95.3100],[1503331200000,95.4800],[1503417600000,95.8100],[1503504000000,96.4800],[1503590400000,96.6400],[1503849600000,97.5000],[1503936000000,97.6700],[1504022400000,97.8300],[1504108800000,98.1700],[1504195200000,98.00],[1504454400000,98.8400],[1504540800000,98.6700],[1504627200000,98.8400],[1504713600000,99.00],[1504800000000,99.5000],[1505059200000,99.3400],[1505145600000,99.1700],[1505232000000,99.1700],[1505318400000,98.8400],[1505404800000,98.8400],[1505664000000,99.0100],[1505750400000,98.8400],[1505836800000,99.00],[1505923200000,99.3400],[1506009600000,99.3400],[1506268800000,99.1700],[1506355200000,99.3400],[1506441600000,99.5000],[1506528000000,99.5000],[1506614400000,99.5000],[1507478400000,99.5000],[1507564800000,99.5100],[1507651200000,99.5100],[1507737600000,99.5100],[1507824000000,99.5100],[1508083200000,99.3500],[1508169600000,99.3500],[1508256000000,99.1800],[1508342400000,99.1800],[1508428800000,99.1800],[1508688000000,99.1700],[1508774400000,99.1700],[1508860800000,99.0100],[1508947200000,99.0100],[1509033600000,99.0100],[1509292800000,99.1800],[1509379200000,99.1800],[1509465600000,99.0200],[1509552000000,99.1800],[1509638400000,99.3500],[1509897600000,99.3600],[1509984000000,99.3600],[1510070400000,99.3600],[1510156800000,99.3600],[1510243200000,99.3600],[1510502400000,99.3700],[1510588800000,99.2100],[1510675200000,99.3700],[1510761600000,99.3700],[1510848000000,99.3700],[1511107200000,99.2100],[1511193600000,99.3700],[1511280000000,99.3700],[1511366400000,99.3700],[1511452800000,99.3700],[1511712000000,99.2200],[1511798400000,99.3700],[1511884800000,99.3700],[1511971200000,99.3800],[1512057600000,99.3800],[1512316800000,99.3800],[1512403200000,99.3800],[1512489600000,99.3800],[1512576000000,99.5300],[1512662400000,99.3900],[1512921600000,99.5400],[1513008000000,99.5400],[1513094400000,99.5400],[1513180800000,99.5400],[1513267200000,99.5400],[1513526400000,99.5400],[1513612800000,99.5400],[1513699200000,99.5400],[1513785600000,99.5400],[1513872000000,99.5400],[1514131200000,99.6900],[1514217600000,99.6900],[1514304000000,99.6900],[1514390400000,99.6900],[1514476800000,99.6900],[1514822400000,98.9300],[1514908800000,98.9300],[1514995200000,98.9300],[1515081600000,98.9300],[1515340800000,99.3900],[1515427200000,99.3900],[1515513600000,99.3900],[1515600000000,99.3900],[1515686400000,99.3900],[1515945600000,99.5400],[1516032000000,99.3900],[1516118400000,99.3900],[1516204800000,99.3900],[1516291200000,99.5400],[1516550400000,99.3900],[1516636800000,99.3900],[1516723200000,99.7000],[1516809600000,99.7000],[1516896000000,99.6900],[1517155200000,99.5400],[1517241600000,99.5400],[1517328000000,99.5400],[1517414400000,99.5400],[1517500800000,99.5400],[1517760000000,99.2400],[1517846400000,99.2400]];
/*规模变动*/
var Data_fluctuationScale = {"categories":["2017-04-17","2017-04-19","2017-06-30","2017-09-30","2017-12-31"],"series":[{"y":2.00,"mom":"--"},{"y":2.00,"mom":"0.02%"},{"y":32.78,"mom":"1538.84%"},{"y":29.99,"mom":"-8.53%"},{"y":55.30,"mom":"84.42%"}]};;
/*持有人结构*/
var Data_holderStructure = {"series":[{"name":"机构持有比例","data":[99.79]},{"name":"个人持有比例","data":[0.21]},{"name":"内部持有比例","data":[0.0]}],"categories":["2017-06-30"]};
/*申购赎回*/
var Data_assetAllocation ={"series":[{"name":"期间申购","data":[32.08,38.84,35.25]},{"name":"期间赎回","data":[1.30,41.64,9.94]},{"name":"总份额","data":[32.78,29.99,55.30]}],"categories":["2017-06-30","2017-09-30","2017-12-31"]};
/*现任基金经理*/
var Data_currentFundManager = [{"id":"30428544","pic":"https://pdf.dfcfw.com/pdf/H8_JPG30428544_1.jpg","name":"许强","star":4,"workTime":"2年又2天","fundSize":"1096.83亿(47只基金)","power":{"avr":"69.62","categories":["经验值","收益率","抗风险","稳定性","管理规模"],"dsc":["反映基金经理从业年限和管理基金的经验","根据基金经理投资的阶段收益评分，反映\u003cbr\u003e基金经理投资的盈利能力","反映基金经理投资的回撤控制能力","反映基金经理投资收益的波动","根据基金经理现任管理基金资产规模评分"],"data":[39.80,65.80,47.10,85.40,98.70],"jzrq":"2018-02-06"},"profit":{"categories":["任期收益","同类平均"],"series":[{"data":[{"name":null,"color":"#7cb5ec","y":3.5937},{"name":null,"color":"#414c7b","y":3.24}]}],"jzrq":"2018-02-06"}}] ;
/*同类型基金涨幅榜（页面底部通栏）*/
var swithSameType = [['002895_华夏天利货币B_5.8750','002894_华夏天利货币A_5.6210','004398_融通现金宝货币B_5.3370','000902_国开货币B_5.3360','001478_泰康薪意保货币B_5.1400'],['002895_华夏天利货币B_5.26','004973_长城收益宝货币B_5.08','004904_人保货币B_5.05','002884_华润元大现金通货币B_5.01','002894_华夏天利货币A_5.01'],['004973_长城收益宝货币B_5.05','004770_海富通添益货币A_4.99','002884_华润元大现金通货币B_4.99','005151_红土创新优淳货币B_4.90','002895_华夏天利货币B_4.89'],['004770_海富通添益货币A_5.39','004973_长城收益宝货币B_5.13','002884_华润元大现金通货币B_5.03','002895_华夏天利货币B_5.03','004398_融通现金宝货币B_5.01'],['003679_中融现金增利货币C_4.67','003474_南方天天利货币B_4.55','000836_国投瑞银钱多宝货币A_4.52','000837_国投瑞银钱多宝货币I_4.52','003753_工银如意货币B_4.51']];