/**
 * 测试数据
 * @type {arry}
 */
/*2018-02-07 18:02:17*/
//基金或股票信息
var fS_name = "中信建投货币B";
var fS_code = "004554";
var fund_minsg="";
var ishb=true;
/*原费率*/
var fund_sourceRate="0";
/*现费率*/
var fund_Rate="0";
/*最小申购金额*/
var fund_minsg="";
/*收益率*/
/*近一年收益率*/
var syl_1n="";
/*近6月收益率*/
var syl_6y="";
/*近三月收益率*/
var syl_3y="0.9875";
/*近一月收益率*/
var syl_1y="0.3062";
/* 基金收益走势图 每万份收益*/
var Data_millionCopiesIncome = [[1504195200000,0.8813],[1504368000000,1.894],[1504454400000,0.9469],[1504540800000,0.9461],[1504627200000,0.9463],[1504713600000,0.8271],[1504800000000,0.776],[1504886400000,0.776],[1504972800000,0.776],[1505059200000,0.8415],[1505145600000,0.4296],[1505232000000,0.8409],[1505318400000,0.8135],[1505404800000,0.7998],[1505491200000,0.7998],[1505577600000,0.7999],[1505664000000,1.6629],[1505750400000,0.7656],[1505836800000,0.8499],[1505923200000,0.8525],[1506009600000,1.1034],[1506096000000,1.1034],[1506182400000,1.1034],[1506268800000,1.0033],[1506355200000,1.1379],[1506441600000,1.1931],[1506528000000,1.2318],[1506614400000,1.2318],[1506700800000,1.2317],[1506787200000,1.2318],[1506873600000,1.2318],[1506960000000,1.2318],[1507046400000,1.2319],[1507132800000,1.2319],[1507219200000,1.2319],[1507305600000,1.2319],[1507392000000,1.2319],[1507478400000,1.2226],[1507564800000,1.2226],[1507651200000,1.2269],[1507737600000,2.8723],[1507824000000,1.2309],[1507910400000,1.231],[1507996800000,1.231],[1508083200000,1.0222],[1508169600000,0.9375],[1508256000000,0.9565],[1508342400000,0.7863],[1508428800000,0.9299],[1508515200000,0.9527],[1508601600000,0.9527],[1508688000000,0.9697],[1508774400000,2.5869],[1508860800000,1.0203],[1508947200000,1.0334],[1509033600000,1.0363],[1509120000000,1.0361],[1509206400000,1.0362],[1509292800000,0.9357],[1509379200000,0.9762],[1509465600000,1.0285],[1509552000000,1.0798],[1509638400000,1.1114],[1509724800000,1.1121],[1509811200000,1.1121],[1509897600000,1.0629],[1509984000000,1.0685],[1510070400000,1.0698],[1510156800000,1.0759],[1510243200000,1.0785],[1510329600000,1.0787],[1510416000000,1.0787],[1510502400000,1.025],[1510588800000,0.9838],[1510675200000,0.9898],[1510761600000,0.9915],[1510848000000,0.9925],[1510934400000,0.9926],[1511020800000,0.9926],[1511107200000,0.9959],[1511193600000,1.3059],[1511280000000,0.9892],[1511366400000,0.9936],[1511452800000,0.9931],[1511539200000,0.9983],[1511625600000,0.9983],[1511712000000,0.9985],[1511798400000,0.9034],[1511884800000,1.1202],[1511971200000,0.9869],[1512057600000,1.0537],[1512144000000,1.0537],[1512230400000,1.0537],[1512316800000,1.0817],[1512403200000,1.0838],[1512489600000,1.0078],[1512576000000,1.0083],[1512662400000,1.0097],[1512748800000,1.0099],[1512835200000,1.0099],[1512921600000,1.0103],[1513008000000,1.012],[1513094400000,1.0163],[1513180800000,1.0184],[1513267200000,1.0195],[1513353600000,1.0196],[1513440000000,1.0196],[1513526400000,1.0029],[1513612800000,2.913],[1513699200000,1.0725],[1513785600000,1.0733],[1513872000000,1.0678],[1513958400000,1.0673],[1514044800000,1.0673],[1514131200000,1.069],[1514217600000,1.131],[1514304000000,2.3538],[1514390400000,1.2561],[1514476800000,1.255],[1514563200000,1.2548],[1514649600000,1.255],[1514736000000,1.1267],[1514822400000,1.1072],[1514908800000,1.1077],[1514995200000,1.1093],[1515081600000,1.1112],[1515168000000,1.1114],[1515254400000,1.1114],[1515340800000,1.1112],[1515427200000,1.1212],[1515513600000,0.9576],[1515600000000,0.8974],[1515686400000,0.9613],[1515772800000,0.9614],[1515859200000,0.9615],[1515945600000,0.9611],[1516032000000,0.9647],[1516118400000,0.9662],[1516204800000,0.9667],[1516291200000,0.9667],[1516377600000,0.9667],[1516464000000,0.9667],[1516550400000,0.9664],[1516636800000,0.9863],[1516723200000,1.0166],[1516809600000,1.016],[1516896000000,1.0168],[1516982400000,1.017],[1517068800000,1.017],[1517155200000,1.0169],[1517241600000,1.0183],[1517328000000,0.8958],[1517414400000,0.9591],[1517500800000,0.96],[1517587200000,0.9601],[1517673600000,0.9601],[1517760000000,0.9627],[1517846400000,0.963]];
/*基金收益走势图   7日年化收益率*/
var Data_sevenDaysYearIncome = [[1504195200000,3.269],[1504368000000,3.434],[1504454400000,3.455],[1504540800000,3.466],[1504627200000,3.474],[1504713600000,3.416],[1504800000000,3.359],[1504886400000,3.267],[1504972800000,3.175],[1505059200000,3.118],[1505145600000,2.841],[1505232000000,2.784],[1505318400000,2.777],[1505404800000,2.79],[1505491200000,2.803],[1505577600000,2.815],[1505664000000,3.257],[1505750400000,3.438],[1505836800000,3.443],[1505923200000,3.464],[1506009600000,3.627],[1506096000000,3.792],[1506182400000,3.956],[1506268800000,3.599],[1506355200000,3.8],[1506441600000,3.986],[1506528000000,4.192],[1506614400000,4.262],[1506700800000,4.332],[1506787200000,4.402],[1506873600000,4.526],[1506960000000,4.577],[1507046400000,4.598],[1507132800000,4.598],[1507219200000,4.598],[1507305600000,4.599],[1507392000000,4.599],[1507478400000,4.594],[1507564800000,4.589],[1507651200000,4.586],[1507737600000,5.484],[1507824000000,5.484],[1507910400000,5.483],[1507996800000,5.483],[1508083200000,5.372],[1508169600000,5.216],[1508256000000,5.068],[1508342400000,3.931],[1508428800000,3.768],[1508515200000,3.618],[1508601600000,3.468],[1508688000000,3.439],[1508774400000,4.333],[1508860800000,4.367],[1508947200000,4.502],[1509033600000,4.56],[1509120000000,4.605],[1509206400000,4.651],[1509292800000,4.632],[1509379200000,3.757],[1509465600000,3.762],[1509552000000,3.787],[1509638400000,3.828],[1509724800000,3.869],[1509811200000,3.91],[1509897600000,3.979],[1509984000000,4.029],[1510070400000,4.051],[1510156800000,4.049],[1510243200000,4.031],[1510329600000,4.013],[1510416000000,3.995],[1510502400000,3.974],[1510588800000,3.929],[1510675200000,3.885],[1510761600000,3.84],[1510848000000,3.793],[1510934400000,3.746],[1511020800000,3.7],[1511107200000,3.684],[1511193600000,3.858],[1511280000000,3.858],[1511366400000,3.859],[1511452800000,3.86],[1511539200000,3.863],[1511625600000,3.866],[1511712000000,3.867],[1511798400000,3.649],[1511884800000,3.72],[1511971200000,3.717],[1512057600000,3.749],[1512144000000,3.779],[1512230400000,3.809],[1512316800000,3.854],[1512403200000,3.952],[1512489600000,3.891],[1512576000000,3.903],[1512662400000,3.879],[1512748800000,3.855],[1512835200000,3.831],[1512921600000,3.793],[1513008000000,3.754],[1513094400000,3.759],[1513180800000,3.764],[1513267200000,3.769],[1513353600000,3.775],[1513440000000,3.78],[1513526400000,3.776],[1513612800000,4.809],[1513699200000,4.84],[1513785600000,4.87],[1513872000000,4.897],[1513958400000,4.923],[1514044800000,4.949],[1514131200000,4.985],[1514217600000,4.014],[1514304000000,4.711],[1514390400000,4.811],[1514476800000,4.913],[1514563200000,5.016],[1514649600000,5.119],[1514736000000,5.15],[1514822400000,5.137],[1514908800000,4.457],[1514995200000,4.377],[1515081600000,4.298],[1515168000000,4.221],[1515254400000,4.143],[1515340800000,4.134],[1515427200000,4.142],[1515513600000,4.06],[1515600000000,3.945],[1515686400000,3.864],[1515772800000,3.783],[1515859200000,3.702],[1515945600000,3.621],[1516032000000,3.536],[1516118400000,3.541],[1516204800000,3.578],[1516291200000,3.581],[1516377600000,3.584],[1516464000000,3.587],[1516550400000,3.59],[1516636800000,3.601],[1516723200000,3.629],[1516809600000,3.655],[1516896000000,3.682],[1516982400000,3.71],[1517068800000,3.737],[1517155200000,3.764],[1517241600000,3.781],[1517328000000,3.716],[1517414400000,3.685],[1517500800000,3.655],[1517587200000,3.624],[1517673600000,3.593],[1517760000000,3.564],[1517846400000,3.534]];
/*资产配置*/
var Data_assetAllocationCurrency ={"categories":["12-31","09-30"],"series":[{"name":"股票","data":[null,null]},{"name":"债券","data":[38.67,42.61]},{"name":"现金","data":[53.94,30.41]}]};
/*累计收益率走势*/
var Data_grandTotal = [{"name":"中信建投货币B","data":[[1504195200000,0],[1504368000000,0.02],[1504454400000,0.03],[1504540800000,0.04],[1504627200000,0.05],[1504713600000,0.06],[1504800000000,0.06],[1504886400000,0.07],[1504972800000,0.08],[1505059200000,0.09],[1505145600000,0.09],[1505232000000,0.10],[1505318400000,0.11],[1505404800000,0.12],[1505491200000,0.12],[1505577600000,0.13],[1505664000000,0.15],[1505750400000,0.16],[1505836800000,0.17],[1505923200000,0.17],[1506009600000,0.18],[1506096000000,0.20],[1506182400000,0.21],[1506268800000,0.22],[1506355200000,0.23],[1506441600000,0.24],[1506528000000,0.25],[1506614400000,0.26],[1506700800000,0.28],[1506787200000,0.29],[1506873600000,0.30],[1506960000000,0.31],[1507046400000,0.33],[1507132800000,0.34],[1507219200000,0.35],[1507305600000,0.36],[1507392000000,0.38],[1507478400000,0.39],[1507564800000,0.40],[1507651200000,0.41],[1507737600000,0.44],[1507824000000,0.45],[1507910400000,0.47],[1507996800000,0.48],[1508083200000,0.49],[1508169600000,0.50],[1508256000000,0.51],[1508342400000,0.52],[1508428800000,0.53],[1508515200000,0.54],[1508601600000,0.54],[1508688000000,0.55],[1508774400000,0.58],[1508860800000,0.59],[1508947200000,0.60],[1509033600000,0.61],[1509120000000,0.62],[1509206400000,0.63],[1509292800000,0.64],[1509379200000,0.65],[1509465600000,0.66],[1509552000000,0.67],[1509638400000,0.68],[1509724800000,0.70],[1509811200000,0.71],[1509897600000,0.72],[1509984000000,0.73],[1510070400000,0.74],[1510156800000,0.75],[1510243200000,0.76],[1510329600000,0.77],[1510416000000,0.78],[1510502400000,0.79],[1510588800000,0.80],[1510675200000,0.81],[1510761600000,0.82],[1510848000000,0.83],[1510934400000,0.84],[1511020800000,0.85],[1511107200000,0.86],[1511193600000,0.88],[1511280000000,0.89],[1511366400000,0.90],[1511452800000,0.91],[1511539200000,0.92],[1511625600000,0.93],[1511712000000,0.94],[1511798400000,0.94],[1511884800000,0.96],[1511971200000,0.97],[1512057600000,0.98],[1512144000000,0.99],[1512230400000,1.00],[1512316800000,1.01],[1512403200000,1.02],[1512489600000,1.03],[1512576000000,1.04],[1512662400000,1.05],[1512748800000,1.06],[1512835200000,1.07],[1512921600000,1.08],[1513008000000,1.09],[1513094400000,1.10],[1513180800000,1.11],[1513267200000,1.12],[1513353600000,1.13],[1513440000000,1.14],[1513526400000,1.15],[1513612800000,1.18],[1513699200000,1.19],[1513785600000,1.20],[1513872000000,1.21],[1513958400000,1.23],[1514044800000,1.24],[1514131200000,1.25],[1514217600000,1.26],[1514304000000,1.28],[1514390400000,1.30],[1514476800000,1.31],[1514563200000,1.32],[1514649600000,1.33],[1514736000000,1.34],[1514822400000,1.36],[1514908800000,1.37],[1514995200000,1.38],[1515081600000,1.39],[1515168000000,1.40],[1515254400000,1.41],[1515340800000,1.42],[1515427200000,1.44],[1515513600000,1.44],[1515600000000,1.45],[1515686400000,1.46],[1515772800000,1.47],[1515859200000,1.48],[1515945600000,1.49],[1516032000000,1.50],[1516118400000,1.51],[1516204800000,1.52],[1516291200000,1.53],[1516377600000,1.54],[1516464000000,1.55],[1516550400000,1.56],[1516636800000,1.57],[1516723200000,1.58],[1516809600000,1.59],[1516896000000,1.60],[1516982400000,1.61],[1517068800000,1.62],[1517155200000,1.63],[1517241600000,1.64],[1517328000000,1.65],[1517414400000,1.66],[1517500800000,1.67],[1517587200000,1.68],[1517673600000,1.69],[1517760000000,1.70],[1517846400000,1.71]]},{"name":"同类平均","data":[[1504195200000,0],[1504454400000,0.03],[1504540800000,0.04],[1504627200000,0.05],[1504713600000,0.06],[1504800000000,0.07],[1505059200000,0.11],[1505145600000,0.12],[1505232000000,0.13],[1505318400000,0.14],[1505404800000,0.15],[1505664000000,0.18],[1505750400000,0.19],[1505836800000,0.20],[1505923200000,0.21],[1506009600000,0.22],[1506268800000,0.26],[1506355200000,0.27],[1506441600000,0.28],[1506528000000,0.29],[1506614400000,0.30],[1507478400000,0.41],[1507564800000,0.42],[1507651200000,0.43],[1507737600000,0.44],[1507824000000,0.45],[1508083200000,0.49],[1508169600000,0.50],[1508256000000,0.51],[1508342400000,0.52],[1508428800000,0.53],[1508688000000,0.56],[1508774400000,0.57],[1508860800000,0.58],[1508947200000,0.59],[1509033600000,0.60],[1509292800000,0.63],[1509379200000,0.64],[1509465600000,0.65],[1509552000000,0.67],[1509638400000,0.68],[1509897600000,0.71],[1509984000000,0.72],[1510070400000,0.73],[1510156800000,0.74],[1510243200000,0.75],[1510502400000,0.78],[1510588800000,0.79],[1510675200000,0.80],[1510761600000,0.81],[1510848000000,0.82],[1511107200000,0.86],[1511193600000,0.87],[1511280000000,0.88],[1511366400000,0.89],[1511452800000,0.90],[1511712000000,0.93],[1511798400000,0.94],[1511884800000,0.96],[1511971200000,0.97],[1512057600000,0.98],[1512316800000,1.01],[1512403200000,1.02],[1512489600000,1.03],[1512576000000,1.05],[1512662400000,1.06],[1512921600000,1.09],[1513008000000,1.10],[1513094400000,1.11],[1513180800000,1.12],[1513267200000,1.13],[1513526400000,1.17],[1513612800000,1.18],[1513699200000,1.19],[1513785600000,1.20],[1513872000000,1.22],[1514131200000,1.25],[1514217600000,1.26],[1514304000000,1.28],[1514390400000,1.29],[1514476800000,1.30],[1514822400000,1.36],[1514908800000,1.37],[1514995200000,1.38],[1515081600000,1.40],[1515340800000,1.43],[1515427200000,1.44],[1515513600000,1.45],[1515600000000,1.47],[1515686400000,1.48],[1515945600000,1.51],[1516032000000,1.52],[1516118400000,1.53],[1516204800000,1.54],[1516291200000,1.56],[1516550400000,1.59],[1516636800000,1.60],[1516723200000,1.61],[1516809600000,1.62],[1516896000000,1.64],[1517155200000,1.67],[1517241600000,1.68],[1517328000000,1.69],[1517414400000,1.71],[1517500800000,1.72],[1517760000000,1.75],[1517846400000,1.76]]},{"name":"沪深300","data":[[1504195200000,0],[1504454400000,0.39],[1504540800000,0.69],[1504627200000,0.49],[1504713600000,-0.02],[1504800000000,-0.12],[1505059200000,-0.13],[1505145600000,0.19],[1505232000000,0.32],[1505318400000,-0.02],[1505404800000,0.02],[1505664000000,0.33],[1505750400000,0.04],[1505836800000,0.31],[1505923200000,0.19],[1506009600000,0.19],[1506268800000,-0.33],[1506355200000,-0.25],[1506441600000,-0.24],[1506528000000,-0.21],[1506614400000,0.16],[1507478400000,1.35],[1507564800000,1.55],[1507651200000,1.88],[1507737600000,2.15],[1507824000000,2.36],[1508083200000,2.16],[1508169600000,2.15],[1508256000000,2.97],[1508342400000,2.63],[1508428800000,2.51],[1508688000000,2.62],[1508774400000,3.36],[1508860800000,3.82],[1508947200000,4.26],[1509033600000,5.00],[1509292800000,4.68],[1509379200000,4.60],[1509465600000,4.34],[1509552000000,4.35],[1509638400000,4.23],[1509897600000,4.97],[1509984000000,5.84],[1510070400000,5.68],[1510156800000,6.41],[1510243200000,7.35],[1510502400000,7.77],[1510588800000,7.02],[1510675200000,6.35],[1510761600000,7.17],[1510848000000,7.58],[1511107200000,8.18],[1511193600000,10.11],[1511280000000,10.36],[1511366400000,7.10],[1511452800000,7.14],[1511712000000,5.73],[1511798400000,5.88],[1511884800000,5.83],[1511971200000,4.58],[1512057600000,4.38],[1512316800000,4.92],[1512403200000,5.47],[1512489600000,4.84],[1512576000000,3.67],[1512662400000,4.51],[1512921600000,6.24],[1513008000000,4.84],[1513094400000,5.73],[1513180800000,5.11],[1513267200000,3.92],[1513526400000,4.04],[1513612800000,5.35],[1513699200000,5.22],[1513785600000,6.20],[1513872000000,5.85],[1514131200000,5.51],[1514217600000,5.82],[1514304000000,4.19],[1514390400000,4.92],[1514476800000,5.23],[1514822400000,6.71],[1514908800000,7.33],[1514995200000,7.79],[1515081600000,8.05],[1515340800000,8.61],[1515427200000,9.37],[1515513600000,9.85],[1515600000000,9.79],[1515686400000,10.30],[1515945600000,10.30],[1516032000000,11.17],[1516118400000,10.90],[1516204800000,11.51],[1516291200000,11.87],[1516550400000,13.21],[1516636800000,14.41],[1516723200000,14.60],[1516809600000,13.95],[1516896000000,14.38],[1517155200000,12.31],[1517241600000,11.11],[1517328000000,11.63],[1517414400000,10.84],[1517500800000,11.50],[1517760000000,11.58],[1517846400000,8.31]]}];
/*同类排名*/
var Data_rateInSimilarType = [{"x":1512057600000,"y":390,"sc":"643"},{"x":1512316800000,"y":379,"sc":"643"},{"x":1512403200000,"y":378,"sc":"643"},{"x":1512489600000,"y":378,"sc":"643"},{"x":1512576000000,"y":372,"sc":"644"},{"x":1512662400000,"y":363,"sc":"652"},{"x":1512921600000,"y":346,"sc":"652"},{"x":1513008000000,"y":317,"sc":"653"},{"x":1513094400000,"y":311,"sc":"653"},{"x":1513180800000,"y":300,"sc":"654"},{"x":1513267200000,"y":295,"sc":"656"},{"x":1513526400000,"y":310,"sc":"656"},{"x":1513612800000,"y":238,"sc":"656"},{"x":1513699200000,"y":234,"sc":"656"},{"x":1513785600000,"y":230,"sc":"655"},{"x":1513872000000,"y":232,"sc":"655"},{"x":1514131200000,"y":237,"sc":"655"},{"x":1514217600000,"y":239,"sc":"655"},{"x":1514304000000,"y":206,"sc":"654"},{"x":1514390400000,"y":209,"sc":"655"},{"x":1514476800000,"y":210,"sc":"655"},{"x":1514822400000,"y":346,"sc":"655"},{"x":1514908800000,"y":378,"sc":"655"},{"x":1514995200000,"y":411,"sc":"655"},{"x":1515081600000,"y":445,"sc":"655"},{"x":1515340800000,"y":310,"sc":"655"},{"x":1515427200000,"y":314,"sc":"655"},{"x":1515513600000,"y":325,"sc":"656"},{"x":1515600000000,"y":337,"sc":"657"},{"x":1515686400000,"y":412,"sc":"657"},{"x":1515945600000,"y":443,"sc":"657"},{"x":1516032000000,"y":442,"sc":"657"},{"x":1516118400000,"y":441,"sc":"657"},{"x":1516204800000,"y":441,"sc":"657"},{"x":1516291200000,"y":441,"sc":"657"},{"x":1516550400000,"y":452,"sc":"657"},{"x":1516636800000,"y":455,"sc":"657"},{"x":1516723200000,"y":499,"sc":"657"},{"x":1516809600000,"y":500,"sc":"657"},{"x":1516896000000,"y":503,"sc":"655"},{"x":1517155200000,"y":510,"sc":"656"},{"x":1517241600000,"y":509,"sc":"656"},{"x":1517328000000,"y":516,"sc":"656"},{"x":1517414400000,"y":519,"sc":"656"},{"x":1517500800000,"y":523,"sc":"656"},{"x":1517760000000,"y":540,"sc":"656"},{"x":1517846400000,"y":542,"sc":"656"}];
/*百分比排名*/
var Data_rateInSimilarPersent = [[1512057600000,39.3500],[1512316800000,41.0600],[1512403200000,41.2100],[1512489600000,41.2100],[1512576000000,42.2400],[1512662400000,44.3300],[1512921600000,46.9300],[1513008000000,51.4500],[1513094400000,52.3700],[1513180800000,54.1300],[1513267200000,55.0300],[1513526400000,52.7400],[1513612800000,63.7200],[1513699200000,64.3300],[1513785600000,64.8900],[1513872000000,64.5800],[1514131200000,63.8200],[1514217600000,63.5100],[1514304000000,68.5000],[1514390400000,68.0900],[1514476800000,67.9400],[1514822400000,47.1800],[1514908800000,42.2900],[1514995200000,37.2500],[1515081600000,32.0600],[1515340800000,52.6700],[1515427200000,52.0600],[1515513600000,50.4600],[1515600000000,48.7100],[1515686400000,37.2900],[1515945600000,32.5700],[1516032000000,32.7200],[1516118400000,32.8800],[1516204800000,32.8800],[1516291200000,32.8800],[1516550400000,31.2000],[1516636800000,30.7500],[1516723200000,24.0500],[1516809600000,23.9000],[1516896000000,23.2100],[1517155200000,22.2600],[1517241600000,22.4100],[1517328000000,21.3400],[1517414400000,20.8800],[1517500800000,20.2700],[1517760000000,17.6800],[1517846400000,17.3800]];
/*规模变动*/
var Data_fluctuationScale = {"categories":["2017-09-30","2017-12-29","2017-12-31"],"series":[{"y":0.36,"mom":"--"},{"y":0.36,"mom":"1.04%"},{"y":0.36,"mom":"0.00%"}]};;
/*持有人结构*/
var Data_holderStructure = {"series":[{"name":"机构持有比例","data":[]},{"name":"个人持有比例","data":[]},{"name":"内部持有比例","data":[]}],"categories":[]};
/*申购赎回*/
var Data_assetAllocation ={"series":[{"name":"期间申购","data":[0.41,0.30]},{"name":"期间赎回","data":[0.05,0.30]},{"name":"总份额","data":[0.36,0.36]}],"categories":["2017-09-30","2017-12-31"]};
/*现任基金经理*/
var Data_currentFundManager = [{"id":"30459972","pic":"https://pdf.dfcfw.com/pdf/H8_JPG30459972_1.jpg","name":"黄海浩","star":0,"workTime":"1年又258天","fundSize":"65.47亿(12只基金)","power":{"avr":"暂无数据","categories":["经验值","收益率","抗风险","稳定性","管理规模"],"dsc":["反映基金经理从业年限和管理基金的经验","根据基金经理投资的阶段收益评分，反映\u003cbr\u003e基金经理投资的盈利能力","反映基金经理投资的回撤控制能力","反映基金经理投资收益的波动","根据基金经理现任管理基金资产规模评分"],"data":[null,null,null,null,null],"jzrq":"2018-02-06"},"profit":{"categories":["任期收益","同类平均"],"series":[{"data":[{"name":null,"color":"#7cb5ec","y":1.7206},{"name":null,"color":"#414c7b","y":1.77}]}],"jzrq":"2018-02-06"}}] ;
/*同类型基金涨幅榜（页面底部通栏）*/
var swithSameType = [['002895_华夏天利货币B_5.8750','002894_华夏天利货币A_5.6210','004398_融通现金宝货币B_5.3370','000902_国开货币B_5.3360','001478_泰康薪意保货币B_5.1400'],['002895_华夏天利货币B_5.26','004973_长城收益宝货币B_5.08','004904_人保货币B_5.05','002884_华润元大现金通货币B_5.01','002894_华夏天利货币A_5.01'],['004973_长城收益宝货币B_5.05','004770_海富通添益货币A_4.99','002884_华润元大现金通货币B_4.99','005151_红土创新优淳货币B_4.90','002895_华夏天利货币B_4.89'],['004770_海富通添益货币A_5.39','004973_长城收益宝货币B_5.13','002884_华润元大现金通货币B_5.03','002895_华夏天利货币B_5.03','004398_融通现金宝货币B_5.01'],['003679_中融现金增利货币C_4.67','003474_南方天天利货币B_4.55','000836_国投瑞银钱多宝货币A_4.52','000837_国投瑞银钱多宝货币I_4.52','003753_工银如意货币B_4.51']];