/**
 * 测试数据
 * @type {arry}
 */
/*2018-02-07 17:59:41*/
//基金或股票信息
var fS_name = "先锋现金宝货币";
var fS_code = "003585";
var fund_minsg="100";
var ishb=true;
/*原费率*/
var fund_sourceRate="0";
/*现费率*/
var fund_Rate="0";
/*最小申购金额*/
var fund_minsg="100";
/*收益率*/
/*近一年收益率*/
var syl_1n="3.9972";
/*近6月收益率*/
var syl_6y="2.0486";
/*近三月收益率*/
var syl_3y="1.0404";
/*近一月收益率*/
var syl_1y="0.3433";
/* 基金收益走势图 每万份收益*/
var Data_millionCopiesIncome = [[1479830400000,1.6352],[1479916800000,0.6283],[1480003200000,0.6554],[1480176000000,1.3867],[1480262400000,0.7711],[1480348800000,0.7303],[1480435200000,0.7954],[1480521600000,0.8622],[1480608000000,1.0059],[1480780800000,2.0221],[1480867200000,0.9296],[1480953600000,0.8822],[1481040000000,0.7922],[1481126400000,0.825],[1481212800000,0.8441],[1481385600000,1.6867],[1481472000000,0.8446],[1481558400000,0.9066],[1481644800000,0.854],[1481731200000,0.8461],[1481817600000,0.8637],[1481990400000,1.8177],[1482076800000,0.8625],[1482163200000,0.8578],[1482249600000,1.1594],[1482336000000,0.9479],[1482422400000,0.7699],[1482595200000,1.5018],[1482681600000,0.8214],[1482768000000,0.8698],[1482854400000,1.1146],[1482940800000,0.9539],[1483027200000,1.277],[1483113600000,1.2808],[1483286400000,2.5524],[1483372800000,1.277],[1483459200000,1.1859],[1483545600000,1.1339],[1483632000000,1.152],[1483804800000,2.3567],[1483891200000,1.0852],[1483977600000,1.0084],[1484064000000,0.8625],[1484150400000,0.8868],[1484236800000,0.8831],[1484409600000,1.7344],[1484496000000,0.9658],[1484582400000,0.9855],[1484668800000,1.0666],[1484755200000,1.1482],[1484841600000,1.141],[1485014400000,2.301],[1485100800000,1.0437],[1485187200000,1.1252],[1485273600000,1.1527],[1485360000000,1.1542],[1485964800000,8.0754],[1486051200000,1.1252],[1486224000000,2.2531],[1486310400000,1.0704],[1486396800000,1.0855],[1486483200000,1.0761],[1486569600000,1.0675],[1486656000000,1.7267],[1486828800000,2.0853],[1486915200000,0.9895],[1487001600000,0.9685],[1487088000000,1.0052],[1487174400000,0.9909],[1487260800000,0.9992],[1487433600000,1.9471],[1487520000000,1.3931],[1487606400000,1.592],[1487692800000,1.0085],[1487779200000,1.0302],[1487865600000,1.0207],[1488038400000,1.9588],[1488124800000,1.0071],[1488211200000,1.0172],[1488297600000,1.0402],[1488384000000,1.0132],[1488470400000,1.0076],[1488643200000,2.0135],[1488729600000,1.0282],[1488816000000,0.9456],[1488902400000,0.9589],[1488988800000,0.9674],[1489075200000,0.9407],[1489248000000,1.8828],[1489334400000,0.964],[1489420800000,0.9648],[1489507200000,0.9653],[1489593600000,1.039],[1489680000000,1.0562],[1489852800000,2.1119],[1489939200000,1.0697],[1490025600000,1.0394],[1490112000000,0.8045],[1490198400000,0.906],[1490284800000,1.0507],[1490457600000,2.101],[1490544000000,1.1145],[1490630400000,1.1333],[1490716800000,0.6771],[1490803200000,1.0917],[1490889600000,1.7246],[1491235200000,4.6712],[1491321600000,1.1131],[1491408000000,1.1218],[1491494400000,1.0992],[1491667200000,2.1647],[1491753600000,1.0783],[1491840000000,1.0661],[1491926400000,0.9885],[1492012800000,0.9736],[1492099200000,0.9112],[1492272000000,1.8297],[1492358400000,0.9176],[1492444800000,0.9247],[1492531200000,0.9447],[1492617600000,0.959],[1492704000000,0.9919],[1492876800000,1.9545],[1492963200000,0.987],[1493049600000,1.0068],[1493136000000,1.0308],[1493222400000,1.0431],[1493308800000,0.9122],[1493568000000,2.8788],[1493654400000,1.0121],[1493740800000,1.0193],[1493827200000,1.0496],[1493913600000,1.3856],[1494086400000,2.1709],[1494172800000,1.1567],[1494259200000,1.9523],[1494345600000,1.0348],[1494432000000,1.0373],[1494518400000,1.0237],[1494691200000,1.9483],[1494777600000,0.9702],[1494864000000,0.9946],[1494950400000,1.0021],[1495036800000,1.0051],[1495123200000,0.9884],[1495296000000,1.9877],[1495382400000,1.0237],[1495468800000,1.025],[1495555200000,1.01],[1495641600000,1.0085],[1495728000000,1.0026],[1496073600000,4.0099],[1496160000000,1.0064],[1496246400000,0.9824],[1496332800000,1.0111],[1496505600000,2.0223],[1496592000000,1.0195],[1496678400000,0.9879],[1496764800000,1.0142],[1496851200000,1.0362],[1496937600000,1.0294],[1497110400000,2.0623],[1497196800000,1.0218],[1497283200000,1.0048],[1497369600000,1.0422],[1497456000000,0.9804],[1497542400000,1.0314],[1497715200000,2.0681],[1497801600000,1.0283],[1497888000000,1.0117],[1497974400000,1.4134],[1498060800000,0.8493],[1498147200000,0.74],[1498320000000,1.7901],[1498406400000,1.0111],[1498492800000,0.894],[1498579200000,0.9024],[1498665600000,1.014],[1498752000000,1.0704],[1498924800000,2.1414],[1499011200000,1.0726],[1499097600000,1.1777],[1499184000000,1.2697],[1499270400000,1.1348],[1499356800000,1.3243],[1499529600000,2.1244],[1499616000000,1.0453],[1499702400000,1.7616],[1499788800000,1.0939],[1499875200000,1.0501],[1499961600000,0.9993],[1500134400000,1.9696],[1500220800000,0.9521],[1500307200000,0.9813],[1500393600000,0.9904],[1500480000000,0.9926],[1500566400000,1.046],[1500739200000,2.06],[1500825600000,1.0635],[1500912000000,1.0744],[1500998400000,1.0991],[1501084800000,1.1067],[1501171200000,1.0885],[1501344000000,2.1679],[1501430400000,1.1082],[1501516800000,1.106],[1501603200000,1.1108],[1501689600000,1.0706],[1501776000000,1.0006],[1501948800000,1.9659],[1502035200000,0.9884],[1502121600000,0.9777],[1502208000000,0.9181],[1502294400000,0.9568],[1502380800000,0.9547],[1502553600000,1.9094],[1502640000000,0.959],[1502726400000,1.0147],[1502812800000,1.0223],[1502899200000,1.0308],[1502985600000,1.0542],[1503158400000,2.109],[1503244800000,1.0688],[1503331200000,1.0777],[1503417600000,1.0764],[1503504000000,1.0854],[1503590400000,1.0741],[1503763200000,2.1611],[1503849600000,1.0779],[1503936000000,1.0902],[1504022400000,1.0924],[1504108800000,1.1114],[1504195200000,1.097],[1504368000000,2.1757],[1504454400000,1.0746],[1504540800000,1.0754],[1504627200000,1.0476],[1504713600000,1.0321],[1504800000000,1.0374],[1504972800000,2.0597],[1505059200000,1.025],[1505145600000,1.0349],[1505232000000,1.0549],[1505318400000,1.0906],[1505404800000,1.104],[1505577600000,2.2067],[1505664000000,1.0932],[1505750400000,1.1117],[1505836800000,1.121],[1505923200000,1.1304],[1506009600000,1.5494],[1506182400000,2.261],[1506268800000,1.1174],[1506355200000,1.1572],[1506441600000,1.1562],[1506528000000,1.0926],[1506614400000,1.1312],[1507392000000,10.1925],[1507478400000,1.1269],[1507564800000,1.1481],[1507651200000,1.1165],[1507737600000,1.108],[1507824000000,1.1195],[1507996800000,2.2123],[1508083200000,1.1048],[1508169600000,1.0821],[1508256000000,1.0675],[1508342400000,1.0632],[1508428800000,1.0508],[1508601600000,2.0844],[1508688000000,1.0393],[1508774400000,1.0318],[1508860800000,1.0349],[1508947200000,1.0349],[1509033600000,1.0397],[1509206400000,2.0674],[1509292800000,1.0772],[1509379200000,1.0797],[1509465600000,1.1001],[1509552000000,1.1072],[1509638400000,1.0981],[1509811200000,2.2139],[1509897600000,1.0542],[1509984000000,1.0471],[1510070400000,1.057],[1510156800000,1.0388],[1510243200000,1.0416],[1510416000000,2.0734],[1510502400000,1.0404],[1510588800000,1.0537],[1510675200000,1.0734],[1510761600000,1.0763],[1510848000000,1.1478],[1511020800000,2.2342],[1511107200000,1.0788],[1511193600000,1.0718],[1511280000000,1.0809],[1511366400000,1.0498],[1511452800000,1.0918],[1511625600000,2.2046],[1511712000000,1.1349],[1511798400000,1.1306],[1511884800000,1.1411],[1511971200000,1.1979],[1512057600000,1.1983],[1512230400000,2.3696],[1512316800000,1.1624],[1512403200000,1.2409],[1512489600000,1.0117],[1512576000000,1.2234],[1512662400000,1.1939],[1512835200000,2.3548],[1512921600000,1.1887],[1513008000000,1.1966],[1513094400000,1.2592],[1513180800000,1.2679],[1513267200000,1.2613],[1513440000000,2.5241],[1513526400000,1.2504],[1513612800000,1.252],[1513699200000,1.1776],[1513785600000,1.773],[1513872000000,1.1495],[1514044800000,2.2682],[1514131200000,1.1636],[1514217600000,0.9823],[1514304000000,1.1724],[1514390400000,1.1997],[1514476800000,1.2485],[1514649600000,2.4971],[1514736000000,1.2539],[1514822400000,1.0888],[1514908800000,1.1262],[1514995200000,1.0495],[1515081600000,1.0647],[1515254400000,2.1113],[1515340800000,1.0636],[1515427200000,0.9936],[1515513600000,1.1149],[1515600000000,0.974],[1515686400000,0.9718],[1515859200000,1.9316],[1515945600000,1.0106],[1516032000000,1.0795],[1516118400000,1.0375],[1516204800000,1.0314],[1516291200000,1.0426],[1516464000000,2.0986],[1516550400000,1.0524],[1516636800000,1.0517],[1516723200000,1.0545],[1516809600000,1.0743],[1516896000000,1.0842],[1517068800000,2.1692],[1517155200000,1.1061],[1517241600000,1.1208],[1517328000000,1.1047],[1517414400000,1.2909],[1517500800000,1.1386],[1517673600000,2.2779],[1517760000000,1.2187],[1517846400000,1.0649]];
/*基金收益走势图   7日年化收益率*/
var Data_sevenDaysYearIncome = [[1479830400000,3.029],[1479916800000,2.792],[1480003200000,2.699],[1480176000000,2.654],[1480262400000,2.682],[1480348800000,2.487],[1480435200000,2.624],[1480521600000,2.749],[1480608000000,2.937],[1480780800000,3.279],[1480867200000,3.364],[1480953600000,3.446],[1481040000000,3.444],[1481126400000,3.424],[1481212800000,3.337],[1481385600000,3.156],[1481472000000,3.111],[1481558400000,3.124],[1481644800000,3.157],[1481731200000,3.168],[1481817600000,3.179],[1481990400000,3.249],[1482076800000,3.259],[1482163200000,3.233],[1482249600000,3.397],[1482336000000,3.452],[1482422400000,3.401],[1482595200000,3.231],[1482681600000,3.209],[1482768000000,3.216],[1482854400000,3.192],[1482940800000,3.195],[1483027200000,3.468],[1483113600000,3.754],[1483286400000,4.286],[1483372800000,4.507],[1483459200000,4.546],[1483545600000,4.644],[1483632000000,4.576],[1483804800000,4.467],[1483891200000,4.363],[1483977600000,4.217],[1484064000000,4.041],[1484150400000,3.908],[1484236800000,3.762],[1484409600000,3.426],[1484496000000,3.361],[1484582400000,3.349],[1484668800000,3.459],[1484755200000,3.6],[1484841600000,3.74],[1485014400000,4.047],[1485100800000,4.089],[1485187200000,4.165],[1485273600000,4.211],[1485360000000,4.215],[1485964800000,4.3],[1486051200000,4.285],[1486224000000,4.255],[1486310400000,4.21],[1486396800000,4.173],[1486483200000,4.131],[1486569600000,4.084],[1486656000000,4.411],[1486828800000,4.32],[1486915200000,4.276],[1487001600000,4.212],[1487088000000,4.174],[1487174400000,4.132],[1487260800000,3.738],[1487433600000,3.663],[1487520000000,3.882],[1487606400000,4.22],[1487692800000,4.222],[1487779200000,4.243],[1487865600000,4.255],[1488038400000,4.261],[1488124800000,4.052],[1488211200000,3.74],[1488297600000,3.757],[1488384000000,3.748],[1488470400000,3.741],[1488643200000,3.771],[1488729600000,3.782],[1488816000000,3.743],[1488902400000,3.699],[1488988800000,3.675],[1489075200000,3.638],[1489248000000,3.568],[1489334400000,3.533],[1489420800000,3.544],[1489507200000,3.547],[1489593600000,3.586],[1489680000000,3.648],[1489852800000,3.772],[1489939200000,3.829],[1490025600000,3.87],[1490112000000,3.783],[1490198400000,3.711],[1490284800000,3.708],[1490457600000,3.702],[1490544000000,3.726],[1490630400000,3.777],[1490716800000,3.708],[1490803200000,3.808],[1490889600000,4.174],[1491235200000,4.349],[1491321600000,4.586],[1491408000000,4.603],[1491494400000,4.262],[1491667200000,4.169],[1491753600000,4.121],[1491840000000,4.066],[1491926400000,3.998],[1492012800000,3.918],[1492099200000,3.816],[1492272000000,3.635],[1492358400000,3.548],[1492444800000,3.472],[1492531200000,3.448],[1492617600000,3.44],[1492704000000,3.484],[1492876800000,3.551],[1492963200000,3.589],[1493049600000,3.633],[1493136000000,3.679],[1493222400000,3.725],[1493308800000,3.682],[1493568000000,3.648],[1493654400000,3.651],[1493740800000,3.645],[1493827200000,3.648],[1493913600000,3.904],[1494086400000,4.044],[1494172800000,4.148],[1494259200000,4.659],[1494345600000,4.668],[1494432000000,4.661],[1494518400000,4.464],[1494691200000,4.343],[1494777600000,4.241],[1494864000000,3.722],[1494950400000,3.704],[1495036800000,3.687],[1495123200000,3.668],[1495296000000,3.689],[1495382400000,3.718],[1495468800000,3.735],[1495555200000,3.739],[1495641600000,3.741],[1495728000000,3.748],[1496073600000,3.734],[1496160000000,3.732],[1496246400000,3.718],[1496332800000,3.723],[1496505600000,3.732],[1496592000000,3.741],[1496678400000,3.733],[1496764800000,3.737],[1496851200000,3.767],[1496937600000,3.776],[1497110400000,3.798],[1497196800000,3.799],[1497283200000,3.809],[1497369600000,3.824],[1497456000000,3.793],[1497542400000,3.795],[1497715200000,3.798],[1497801600000,3.801],[1497888000000,3.805],[1497974400000,4.006],[1498060800000,3.935],[1498147200000,3.777],[1498320000000,3.627],[1498406400000,3.618],[1498492800000,3.554],[1498579200000,3.278],[1498665600000,3.367],[1498752000000,3.545],[1498924800000,3.735],[1499011200000,3.769],[1499097600000,3.922],[1499184000000,4.121],[1499270400000,4.187],[1499356800000,4.325],[1499529600000,4.316],[1499616000000,4.301],[1499702400000,4.619],[1499788800000,4.523],[1499875200000,4.477],[1499961600000,4.3],[1500134400000,4.216],[1500220800000,4.165],[1500307200000,3.742],[1500393600000,3.686],[1500480000000,3.655],[1500566400000,3.68],[1500739200000,3.729],[1500825600000,3.79],[1500912000000,3.84],[1500998400000,3.899],[1501084800000,3.961],[1501171200000,3.984],[1501344000000,4.042],[1501430400000,4.067],[1501516800000,4.084],[1501603200000,4.09],[1501689600000,4.07],[1501776000000,4.023],[1501948800000,3.913],[1502035200000,3.848],[1502121600000,3.779],[1502208000000,3.675],[1502294400000,3.613],[1502380800000,3.588],[1502553600000,3.558],[1502640000000,3.542],[1502726400000,3.562],[1502812800000,3.618],[1502899200000,3.658],[1502985600000,3.712],[1503158400000,3.82],[1503244800000,3.879],[1503331200000,3.914],[1503417600000,3.943],[1503504000000,3.972],[1503590400000,3.983],[1503763200000,4.012],[1503849600000,4.016],[1503936000000,4.023],[1504022400000,4.032],[1504108800000,4.046],[1504195200000,4.058],[1504368000000,4.066],[1504454400000,4.065],[1504540800000,4.057],[1504627200000,4.032],[1504713600000,3.989],[1504800000000,3.957],[1504972800000,3.894],[1505059200000,3.867],[1505145600000,3.845],[1505232000000,3.849],[1505318400000,3.881],[1505404800000,3.917],[1505577600000,3.997],[1505664000000,4.034],[1505750400000,4.075],[1505836800000,4.111],[1505923200000,4.133],[1506009600000,4.375],[1506182400000,4.404],[1506268800000,4.418],[1506355200000,4.442],[1506441600000,4.462],[1506528000000,4.441],[1506614400000,4.214],[1507392000000,4.22],[1507478400000,4.216],[1507564800000,4.225],[1507651200000,4.216],[1507737600000,4.203],[1507824000000,4.196],[1507996800000,4.168],[1508083200000,4.156],[1508169600000,4.12],[1508256000000,4.093],[1508342400000,4.069],[1508428800000,4.032],[1508601600000,3.962],[1508688000000,3.927],[1508774400000,3.9],[1508860800000,3.882],[1508947200000,3.867],[1509033600000,3.861],[1509206400000,3.851],[1509292800000,3.872],[1509379200000,3.898],[1509465600000,3.933],[1509552000000,3.972],[1509638400000,4.004],[1509811200000,4.084],[1509897600000,4.071],[1509984000000,4.053],[1510070400000,4.03],[1510156800000,3.993],[1510243200000,3.962],[1510416000000,3.886],[1510502400000,3.879],[1510588800000,3.882],[1510675200000,3.891],[1510761600000,3.912],[1510848000000,3.969],[1511020800000,4.056],[1511107200000,4.077],[1511193600000,4.087],[1511280000000,4.091],[1511366400000,4.077],[1511452800000,4.046],[1511625600000,4.03],[1511712000000,4.061],[1511798400000,4.092],[1511884800000,4.125],[1511971200000,4.206],[1512057600000,4.263],[1512230400000,4.353],[1512316800000,4.368],[1512403200000,4.428],[1512489600000,4.358],[1512576000000,4.372],[1512662400000,4.369],[1512835200000,4.361],[1512921600000,4.375],[1513008000000,4.351],[1513094400000,4.486],[1513180800000,4.51],[1513267200000,4.547],[1513440000000,4.639],[1513526400000,4.673],[1513612800000,4.703],[1513699200000,4.659],[1513785600000,4.935],[1513872000000,4.874],[1514044800000,4.734],[1514131200000,4.686],[1514217600000,4.539],[1514304000000,4.536],[1514390400000,4.224],[1514476800000,4.278],[1514649600000,4.403],[1514736000000,4.452],[1514822400000,4.51],[1514908800000,4.485],[1514995200000,4.403],[1515081600000,4.303],[1515254400000,4.093],[1515340800000,3.99],[1515427200000,3.939],[1515513600000,3.932],[1515600000000,3.892],[1515686400000,3.841],[1515859200000,3.744],[1515945600000,3.715],[1516032000000,3.762],[1516118400000,3.72],[1516204800000,3.751],[1516291200000,3.789],[1516464000000,3.88],[1516550400000,3.902],[1516636800000,3.887],[1516723200000,3.896],[1516809600000,3.92],[1516896000000,3.942],[1517068800000,3.981],[1517155200000,4.01],[1517241600000,4.047],[1517328000000,4.074],[1517414400000,4.192],[1517500800000,4.222],[1517673600000,4.281],[1517760000000,4.342],[1517846400000,4.311]];
/*资产配置*/
var Data_assetAllocationCurrency ={"categories":["12-31","09-30","06-30","03-31"],"series":[{"name":"股票","data":[null,null,null,null]},{"name":"债券","data":[23.75,23.44,34.66,40.98]},{"name":"现金","data":[26.01,43.05,26.83,32.4]}]};
/*累计收益率走势*/
var Data_grandTotal = [{"name":"先锋现金宝货币","data":[[1501948800000,0],[1502035200000,0.01],[1502121600000,0.02],[1502208000000,0.03],[1502294400000,0.04],[1502380800000,0.05],[1502553600000,0.07],[1502640000000,0.08],[1502726400000,0.09],[1502812800000,0.10],[1502899200000,0.11],[1502985600000,0.12],[1503158400000,0.14],[1503244800000,0.15],[1503331200000,0.16],[1503417600000,0.17],[1503504000000,0.18],[1503590400000,0.19],[1503763200000,0.21],[1503849600000,0.23],[1503936000000,0.24],[1504022400000,0.25],[1504108800000,0.26],[1504195200000,0.27],[1504368000000,0.29],[1504454400000,0.30],[1504540800000,0.31],[1504627200000,0.32],[1504713600000,0.33],[1504800000000,0.34],[1504972800000,0.36],[1505059200000,0.38],[1505145600000,0.39],[1505232000000,0.40],[1505318400000,0.41],[1505404800000,0.42],[1505577600000,0.44],[1505664000000,0.45],[1505750400000,0.46],[1505836800000,0.47],[1505923200000,0.48],[1506009600000,0.50],[1506182400000,0.52],[1506268800000,0.53],[1506355200000,0.55],[1506441600000,0.56],[1506528000000,0.57],[1506614400000,0.58],[1507392000000,0.68],[1507478400000,0.69],[1507564800000,0.71],[1507651200000,0.72],[1507737600000,0.73],[1507824000000,0.74],[1507996800000,0.76],[1508083200000,0.77],[1508169600000,0.78],[1508256000000,0.79],[1508342400000,0.80],[1508428800000,0.82],[1508601600000,0.84],[1508688000000,0.85],[1508774400000,0.86],[1508860800000,0.87],[1508947200000,0.88],[1509033600000,0.89],[1509206400000,0.91],[1509292800000,0.92],[1509379200000,0.93],[1509465600000,0.94],[1509552000000,0.95],[1509638400000,0.96],[1509811200000,0.99],[1509897600000,1.00],[1509984000000,1.01],[1510070400000,1.02],[1510156800000,1.03],[1510243200000,1.04],[1510416000000,1.06],[1510502400000,1.07],[1510588800000,1.08],[1510675200000,1.09],[1510761600000,1.10],[1510848000000,1.12],[1511020800000,1.14],[1511107200000,1.15],[1511193600000,1.16],[1511280000000,1.17],[1511366400000,1.18],[1511452800000,1.19],[1511625600000,1.21],[1511712000000,1.23],[1511798400000,1.24],[1511884800000,1.25],[1511971200000,1.26],[1512057600000,1.27],[1512230400000,1.30],[1512316800000,1.31],[1512403200000,1.32],[1512489600000,1.33],[1512576000000,1.34],[1512662400000,1.36],[1512835200000,1.38],[1512921600000,1.39],[1513008000000,1.40],[1513094400000,1.42],[1513180800000,1.43],[1513267200000,1.44],[1513440000000,1.47],[1513526400000,1.48],[1513612800000,1.49],[1513699200000,1.51],[1513785600000,1.52],[1513872000000,1.54],[1514044800000,1.56],[1514131200000,1.57],[1514217600000,1.58],[1514304000000,1.59],[1514390400000,1.60],[1514476800000,1.62],[1514649600000,1.64],[1514736000000,1.66],[1514822400000,1.67],[1514908800000,1.68],[1514995200000,1.69],[1515081600000,1.70],[1515254400000,1.72],[1515340800000,1.73],[1515427200000,1.74],[1515513600000,1.75],[1515600000000,1.76],[1515686400000,1.77],[1515859200000,1.79],[1515945600000,1.80],[1516032000000,1.81],[1516118400000,1.82],[1516204800000,1.84],[1516291200000,1.85],[1516464000000,1.87],[1516550400000,1.88],[1516636800000,1.89],[1516723200000,1.90],[1516809600000,1.91],[1516896000000,1.92],[1517068800000,1.94],[1517155200000,1.95],[1517241600000,1.97],[1517328000000,1.98],[1517414400000,1.99],[1517500800000,2.00],[1517673600000,2.03],[1517760000000,2.04],[1517846400000,2.05]]},{"name":"同类平均","data":[[1502035200000,0],[1502121600000,0.01],[1502208000000,0.02],[1502294400000,0.03],[1502380800000,0.04],[1502640000000,0.07],[1502726400000,0.08],[1502812800000,0.09],[1502899200000,0.10],[1502985600000,0.11],[1503244800000,0.14],[1503331200000,0.16],[1503417600000,0.17],[1503504000000,0.18],[1503590400000,0.19],[1503849600000,0.22],[1503936000000,0.23],[1504022400000,0.24],[1504108800000,0.25],[1504195200000,0.26],[1504454400000,0.29],[1504540800000,0.30],[1504627200000,0.31],[1504713600000,0.32],[1504800000000,0.34],[1505059200000,0.37],[1505145600000,0.38],[1505232000000,0.39],[1505318400000,0.40],[1505404800000,0.41],[1505664000000,0.44],[1505750400000,0.45],[1505836800000,0.46],[1505923200000,0.47],[1506009600000,0.48],[1506268800000,0.52],[1506355200000,0.53],[1506441600000,0.54],[1506528000000,0.55],[1506614400000,0.56],[1507478400000,0.67],[1507564800000,0.68],[1507651200000,0.69],[1507737600000,0.71],[1507824000000,0.72],[1508083200000,0.75],[1508169600000,0.76],[1508256000000,0.77],[1508342400000,0.78],[1508428800000,0.79],[1508688000000,0.82],[1508774400000,0.83],[1508860800000,0.84],[1508947200000,0.85],[1509033600000,0.86],[1509292800000,0.90],[1509379200000,0.91],[1509465600000,0.92],[1509552000000,0.93],[1509638400000,0.94],[1509897600000,0.97],[1509984000000,0.98],[1510070400000,0.99],[1510156800000,1.00],[1510243200000,1.01],[1510502400000,1.04],[1510588800000,1.06],[1510675200000,1.07],[1510761600000,1.08],[1510848000000,1.09],[1511107200000,1.12],[1511193600000,1.13],[1511280000000,1.14],[1511366400000,1.15],[1511452800000,1.16],[1511712000000,1.20],[1511798400000,1.21],[1511884800000,1.22],[1511971200000,1.23],[1512057600000,1.24],[1512316800000,1.28],[1512403200000,1.29],[1512489600000,1.30],[1512576000000,1.31],[1512662400000,1.32],[1512921600000,1.35],[1513008000000,1.36],[1513094400000,1.38],[1513180800000,1.39],[1513267200000,1.40],[1513526400000,1.43],[1513612800000,1.44],[1513699200000,1.46],[1513785600000,1.47],[1513872000000,1.48],[1514131200000,1.51],[1514217600000,1.53],[1514304000000,1.54],[1514390400000,1.55],[1514476800000,1.57],[1514822400000,1.62],[1514908800000,1.64],[1514995200000,1.65],[1515081600000,1.66],[1515340800000,1.69],[1515427200000,1.71],[1515513600000,1.72],[1515600000000,1.73],[1515686400000,1.74],[1515945600000,1.77],[1516032000000,1.79],[1516118400000,1.80],[1516204800000,1.81],[1516291200000,1.82],[1516550400000,1.86],[1516636800000,1.87],[1516723200000,1.88],[1516809600000,1.89],[1516896000000,1.90],[1517155200000,1.94],[1517241600000,1.95],[1517328000000,1.96],[1517414400000,1.97],[1517500800000,1.98],[1517760000000,2.02],[1517846400000,2.03]]},{"name":"沪深300","data":[[1502035200000,0],[1502121600000,0.15],[1502208000000,0.11],[1502294400000,-0.29],[1502380800000,-2.13],[1502640000000,-0.86],[1502726400000,-0.56],[1502812800000,-0.68],[1502899200000,-0.15],[1502985600000,-0.06],[1503244800000,0.38],[1503331200000,0.68],[1503417600000,0.79],[1503504000000,0.21],[1503590400000,1.85],[1503849600000,3.11],[1503936000000,2.89],[1504022400000,2.88],[1504108800000,2.56],[1504195200000,2.78],[1504454400000,3.19],[1504540800000,3.50],[1504627200000,3.29],[1504713600000,2.77],[1504800000000,2.66],[1505059200000,2.65],[1505145600000,2.98],[1505232000000,3.11],[1505318400000,2.77],[1505404800000,2.80],[1505664000000,3.12],[1505750400000,2.83],[1505836800000,3.10],[1505923200000,2.98],[1506009600000,2.98],[1506268800000,2.44],[1506355200000,2.52],[1506441600000,2.53],[1506528000000,2.57],[1506614400000,2.94],[1507478400000,4.17],[1507564800000,4.38],[1507651200000,4.72],[1507737600000,5.00],[1507824000000,5.21],[1508083200000,5.01],[1508169600000,5.00],[1508256000000,5.83],[1508342400000,5.49],[1508428800000,5.37],[1508688000000,5.47],[1508774400000,6.24],[1508860800000,6.71],[1508947200000,7.16],[1509033600000,7.92],[1509292800000,7.59],[1509379200000,7.51],[1509465600000,7.24],[1509552000000,7.25],[1509638400000,7.13],[1509897600000,7.89],[1509984000000,8.79],[1510070400000,8.62],[1510156800000,9.37],[1510243200000,10.33],[1510502400000,10.77],[1510588800000,10.00],[1510675200000,9.31],[1510761600000,10.15],[1510848000000,10.57],[1511107200000,11.19],[1511193600000,13.17],[1511280000000,13.44],[1511366400000,10.08],[1511452800000,10.13],[1511712000000,8.67],[1511798400000,8.83],[1511884800000,8.77],[1511971200000,7.49],[1512057600000,7.28],[1512316800000,7.84],[1512403200000,8.41],[1512489600000,7.76],[1512576000000,6.55],[1512662400000,7.42],[1512921600000,9.20],[1513008000000,7.76],[1513094400000,8.67],[1513180800000,8.03],[1513267200000,6.82],[1513526400000,6.94],[1513612800000,8.28],[1513699200000,8.15],[1513785600000,9.15],[1513872000000,8.80],[1514131200000,8.45],[1514217600000,8.77],[1514304000000,7.09],[1514390400000,7.84],[1514476800000,8.16],[1514822400000,9.68],[1514908800000,10.32],[1514995200000,10.79],[1515081600000,11.05],[1515340800000,11.63],[1515427200000,12.41],[1515513600000,12.91],[1515600000000,12.85],[1515686400000,13.37],[1515945600000,13.37],[1516032000000,14.27],[1516118400000,13.99],[1516204800000,14.61],[1516291200000,14.99],[1516550400000,16.36],[1516636800000,17.60],[1516723200000,17.79],[1516809600000,17.13],[1516896000000,17.56],[1517155200000,15.43],[1517241600000,14.20],[1517328000000,14.73],[1517414400000,13.93],[1517500800000,14.61],[1517760000000,14.69],[1517846400000,11.33]]}];
/*同类排名*/
var Data_rateInSimilarType = [{"x":1487779200000,"y":24,"sc":"498"},{"x":1487865600000,"y":23,"sc":"500"},{"x":1488124800000,"y":25,"sc":"503"},{"x":1488211200000,"y":24,"sc":"503"},{"x":1488297600000,"y":28,"sc":"503"},{"x":1488384000000,"y":28,"sc":"511"},{"x":1488470400000,"y":27,"sc":"511"},{"x":1488729600000,"y":35,"sc":"513"},{"x":1488816000000,"y":36,"sc":"515"},{"x":1488902400000,"y":37,"sc":"516"},{"x":1488988800000,"y":38,"sc":"518"},{"x":1489075200000,"y":35,"sc":"518"},{"x":1489334400000,"y":43,"sc":"518"},{"x":1489420800000,"y":43,"sc":"518"},{"x":1489507200000,"y":45,"sc":"518"},{"x":1489593600000,"y":43,"sc":"520"},{"x":1489680000000,"y":40,"sc":"520"},{"x":1489939200000,"y":45,"sc":"522"},{"x":1490025600000,"y":46,"sc":"522"},{"x":1490112000000,"y":48,"sc":"524"},{"x":1490198400000,"y":54,"sc":"530"},{"x":1490284800000,"y":49,"sc":"530"},{"x":1490544000000,"y":46,"sc":"534"},{"x":1490630400000,"y":47,"sc":"535"},{"x":1490716800000,"y":49,"sc":"535"},{"x":1490803200000,"y":51,"sc":"538"},{"x":1490889600000,"y":50,"sc":"538"},{"x":1491321600000,"y":59,"sc":"538"},{"x":1491408000000,"y":60,"sc":"540"},{"x":1491494400000,"y":57,"sc":"540"},{"x":1491753600000,"y":62,"sc":"540"},{"x":1491840000000,"y":63,"sc":"540"},{"x":1491926400000,"y":61,"sc":"540"},{"x":1492012800000,"y":60,"sc":"541"},{"x":1492099200000,"y":60,"sc":"541"},{"x":1492358400000,"y":66,"sc":"543"},{"x":1492444800000,"y":70,"sc":"543"},{"x":1492531200000,"y":76,"sc":"543"},{"x":1492617600000,"y":79,"sc":"545"},{"x":1492704000000,"y":72,"sc":"545"},{"x":1492963200000,"y":93,"sc":"545"},{"x":1493049600000,"y":97,"sc":"547"},{"x":1493136000000,"y":106,"sc":"549"},{"x":1493222400000,"y":104,"sc":"549"},{"x":1493308800000,"y":97,"sc":"549"},{"x":1493654400000,"y":146,"sc":"549"},{"x":1493740800000,"y":148,"sc":"550"},{"x":1493827200000,"y":144,"sc":"550"},{"x":1493913600000,"y":151,"sc":"550"},{"x":1494172800000,"y":157,"sc":"550"},{"x":1494259200000,"y":141,"sc":"550"},{"x":1494345600000,"y":158,"sc":"550"},{"x":1494432000000,"y":151,"sc":"550"},{"x":1494518400000,"y":162,"sc":"550"},{"x":1494777600000,"y":169,"sc":"554"},{"x":1494864000000,"y":172,"sc":"556"},{"x":1494950400000,"y":176,"sc":"560"},{"x":1495036800000,"y":171,"sc":"560"},{"x":1495123200000,"y":181,"sc":"560"},{"x":1495382400000,"y":209,"sc":"560"},{"x":1495468800000,"y":211,"sc":"562"},{"x":1495555200000,"y":213,"sc":"564"},{"x":1495641600000,"y":208,"sc":"564"},{"x":1495728000000,"y":217,"sc":"564"},{"x":1496160000000,"y":217,"sc":"564"},{"x":1496246400000,"y":221,"sc":"564"},{"x":1496332800000,"y":227,"sc":"564"},{"x":1496592000000,"y":235,"sc":"566"},{"x":1496678400000,"y":235,"sc":"566"},{"x":1496764800000,"y":235,"sc":"566"},{"x":1496851200000,"y":235,"sc":"566"},{"x":1496937600000,"y":231,"sc":"566"},{"x":1497196800000,"y":247,"sc":"574"},{"x":1497283200000,"y":247,"sc":"574"},{"x":1497369600000,"y":244,"sc":"575"},{"x":1497456000000,"y":249,"sc":"575"},{"x":1497542400000,"y":254,"sc":"575"},{"x":1497801600000,"y":279,"sc":"577"},{"x":1497888000000,"y":284,"sc":"577"},{"x":1497974400000,"y":273,"sc":"575"},{"x":1498060800000,"y":273,"sc":"575"},{"x":1498147200000,"y":284,"sc":"576"},{"x":1498406400000,"y":312,"sc":"579"},{"x":1498492800000,"y":322,"sc":"579"},{"x":1498579200000,"y":330,"sc":"579"},{"x":1498665600000,"y":323,"sc":"579"},{"x":1498752000000,"y":338,"sc":"582"},{"x":1499011200000,"y":321,"sc":"582"},{"x":1499097600000,"y":355,"sc":"582"},{"x":1499184000000,"y":351,"sc":"583"},{"x":1499270400000,"y":350,"sc":"583"},{"x":1499356800000,"y":347,"sc":"583"},{"x":1499616000000,"y":349,"sc":"583"},{"x":1499702400000,"y":337,"sc":"583"},{"x":1499788800000,"y":334,"sc":"583"},{"x":1499875200000,"y":335,"sc":"583"},{"x":1499961600000,"y":337,"sc":"586"},{"x":1500220800000,"y":340,"sc":"586"},{"x":1500307200000,"y":340,"sc":"586"},{"x":1500393600000,"y":346,"sc":"589"},{"x":1500480000000,"y":347,"sc":"589"},{"x":1500566400000,"y":351,"sc":"593"},{"x":1500825600000,"y":353,"sc":"593"},{"x":1500912000000,"y":354,"sc":"593"},{"x":1500998400000,"y":354,"sc":"594"},{"x":1501084800000,"y":353,"sc":"594"},{"x":1501171200000,"y":351,"sc":"594"},{"x":1501430400000,"y":336,"sc":"594"},{"x":1501516800000,"y":345,"sc":"594"},{"x":1501603200000,"y":345,"sc":"594"},{"x":1501689600000,"y":346,"sc":"594"},{"x":1501776000000,"y":350,"sc":"594"},{"x":1502035200000,"y":367,"sc":"596"},{"x":1502121600000,"y":369,"sc":"596"},{"x":1502208000000,"y":392,"sc":"596"},{"x":1502294400000,"y":396,"sc":"596"},{"x":1502380800000,"y":401,"sc":"596"},{"x":1502640000000,"y":408,"sc":"596"},{"x":1502726400000,"y":408,"sc":"596"},{"x":1502812800000,"y":411,"sc":"596"},{"x":1502899200000,"y":415,"sc":"596"},{"x":1502985600000,"y":416,"sc":"596"},{"x":1503244800000,"y":415,"sc":"597"},{"x":1503331200000,"y":418,"sc":"597"},{"x":1503417600000,"y":414,"sc":"597"},{"x":1503504000000,"y":410,"sc":"596"},{"x":1503590400000,"y":411,"sc":"596"},{"x":1503849600000,"y":406,"sc":"600"},{"x":1503936000000,"y":401,"sc":"600"},{"x":1504022400000,"y":414,"sc":"600"},{"x":1504108800000,"y":414,"sc":"601"},{"x":1504195200000,"y":413,"sc":"601"},{"x":1504454400000,"y":415,"sc":"601"},{"x":1504540800000,"y":415,"sc":"601"},{"x":1504627200000,"y":415,"sc":"601"},{"x":1504713600000,"y":417,"sc":"601"},{"x":1504800000000,"y":418,"sc":"601"},{"x":1505059200000,"y":419,"sc":"603"},{"x":1505145600000,"y":417,"sc":"603"},{"x":1505232000000,"y":419,"sc":"603"},{"x":1505318400000,"y":421,"sc":"605"},{"x":1505404800000,"y":417,"sc":"605"},{"x":1505664000000,"y":411,"sc":"606"},{"x":1505750400000,"y":406,"sc":"606"},{"x":1505836800000,"y":399,"sc":"603"},{"x":1505923200000,"y":409,"sc":"603"},{"x":1506009600000,"y":388,"sc":"603"},{"x":1506268800000,"y":371,"sc":"603"},{"x":1506355200000,"y":364,"sc":"603"},{"x":1506441600000,"y":352,"sc":"604"},{"x":1506528000000,"y":342,"sc":"604"},{"x":1506614400000,"y":340,"sc":"606"},{"x":1507478400000,"y":335,"sc":"606"},{"x":1507564800000,"y":338,"sc":"607"},{"x":1507651200000,"y":356,"sc":"607"},{"x":1507737600000,"y":360,"sc":"611"},{"x":1507824000000,"y":360,"sc":"611"},{"x":1508083200000,"y":352,"sc":"612"},{"x":1508169600000,"y":346,"sc":"612"},{"x":1508256000000,"y":341,"sc":"611"},{"x":1508342400000,"y":341,"sc":"611"},{"x":1508428800000,"y":337,"sc":"611"},{"x":1508688000000,"y":335,"sc":"606"},{"x":1508774400000,"y":340,"sc":"606"},{"x":1508860800000,"y":341,"sc":"607"},{"x":1508947200000,"y":343,"sc":"607"},{"x":1509033600000,"y":345,"sc":"607"},{"x":1509292800000,"y":345,"sc":"609"},{"x":1509379200000,"y":343,"sc":"610"},{"x":1509465600000,"y":346,"sc":"610"},{"x":1509552000000,"y":346,"sc":"613"},{"x":1509638400000,"y":343,"sc":"617"},{"x":1509897600000,"y":336,"sc":"621"},{"x":1509984000000,"y":333,"sc":"621"},{"x":1510070400000,"y":333,"sc":"621"},{"x":1510156800000,"y":326,"sc":"623"},{"x":1510243200000,"y":324,"sc":"623"},{"x":1510502400000,"y":309,"sc":"633"},{"x":1510588800000,"y":307,"sc":"635"},{"x":1510675200000,"y":298,"sc":"635"},{"x":1510761600000,"y":297,"sc":"635"},{"x":1510848000000,"y":293,"sc":"636"},{"x":1511107200000,"y":285,"sc":"636"},{"x":1511193600000,"y":286,"sc":"636"},{"x":1511280000000,"y":288,"sc":"636"},{"x":1511366400000,"y":293,"sc":"636"},{"x":1511452800000,"y":293,"sc":"637"},{"x":1511712000000,"y":290,"sc":"640"},{"x":1511798400000,"y":286,"sc":"640"},{"x":1511884800000,"y":286,"sc":"640"},{"x":1511971200000,"y":287,"sc":"641"},{"x":1512057600000,"y":282,"sc":"643"},{"x":1512316800000,"y":273,"sc":"643"},{"x":1512403200000,"y":269,"sc":"643"},{"x":1512489600000,"y":275,"sc":"643"},{"x":1512576000000,"y":269,"sc":"644"},{"x":1512662400000,"y":265,"sc":"652"},{"x":1512921600000,"y":256,"sc":"652"},{"x":1513008000000,"y":253,"sc":"653"},{"x":1513094400000,"y":251,"sc":"653"},{"x":1513180800000,"y":243,"sc":"654"},{"x":1513267200000,"y":238,"sc":"656"},{"x":1513526400000,"y":233,"sc":"656"},{"x":1513612800000,"y":228,"sc":"656"},{"x":1513699200000,"y":230,"sc":"656"},{"x":1513785600000,"y":206,"sc":"655"},{"x":1513872000000,"y":227,"sc":"655"},{"x":1514131200000,"y":229,"sc":"655"},{"x":1514217600000,"y":238,"sc":"655"},{"x":1514304000000,"y":243,"sc":"654"},{"x":1514390400000,"y":242,"sc":"655"},{"x":1514476800000,"y":246,"sc":"655"},{"x":1514822400000,"y":233,"sc":"655"},{"x":1514908800000,"y":230,"sc":"655"},{"x":1514995200000,"y":228,"sc":"655"},{"x":1515081600000,"y":224,"sc":"655"},{"x":1515340800000,"y":313,"sc":"655"},{"x":1515427200000,"y":320,"sc":"655"},{"x":1515513600000,"y":321,"sc":"656"},{"x":1515600000000,"y":330,"sc":"657"},{"x":1515686400000,"y":333,"sc":"657"},{"x":1515945600000,"y":349,"sc":"657"},{"x":1516032000000,"y":352,"sc":"657"},{"x":1516118400000,"y":354,"sc":"657"},{"x":1516204800000,"y":359,"sc":"657"},{"x":1516291200000,"y":365,"sc":"657"},{"x":1516550400000,"y":379,"sc":"657"},{"x":1516636800000,"y":384,"sc":"657"},{"x":1516723200000,"y":387,"sc":"657"},{"x":1516809600000,"y":389,"sc":"657"},{"x":1516896000000,"y":395,"sc":"655"},{"x":1517155200000,"y":400,"sc":"656"},{"x":1517241600000,"y":403,"sc":"656"},{"x":1517328000000,"y":406,"sc":"656"},{"x":1517414400000,"y":403,"sc":"656"},{"x":1517500800000,"y":405,"sc":"656"},{"x":1517760000000,"y":408,"sc":"656"},{"x":1517846400000,"y":408,"sc":"656"}];
/*百分比排名*/
var Data_rateInSimilarPersent = [[1487779200000,95.1800],[1487865600000,95.4000],[1488124800000,95.0300],[1488211200000,95.2300],[1488297600000,94.4300],[1488384000000,94.5200],[1488470400000,94.7200],[1488729600000,93.1800],[1488816000000,93.0100],[1488902400000,92.8300],[1488988800000,92.6600],[1489075200000,93.2400],[1489334400000,91.7000],[1489420800000,91.7000],[1489507200000,91.3100],[1489593600000,91.7300],[1489680000000,92.3100],[1489939200000,91.3800],[1490025600000,91.1900],[1490112000000,90.8400],[1490198400000,89.8100],[1490284800000,90.7500],[1490544000000,91.3900],[1490630400000,91.2100],[1490716800000,90.8400],[1490803200000,90.5200],[1490889600000,90.7100],[1491321600000,89.0300],[1491408000000,88.8900],[1491494400000,89.4400],[1491753600000,88.5200],[1491840000000,88.3300],[1491926400000,88.7000],[1492012800000,88.9100],[1492099200000,88.9100],[1492358400000,87.8500],[1492444800000,87.1100],[1492531200000,86.00],[1492617600000,85.5000],[1492704000000,86.7900],[1492963200000,82.9400],[1493049600000,82.2700],[1493136000000,80.6900],[1493222400000,81.0600],[1493308800000,82.3300],[1493654400000,73.4100],[1493740800000,73.0900],[1493827200000,73.8200],[1493913600000,72.5500],[1494172800000,71.4500],[1494259200000,74.3600],[1494345600000,71.2700],[1494432000000,72.5500],[1494518400000,70.5500],[1494777600000,69.4900],[1494864000000,69.0600],[1494950400000,68.5700],[1495036800000,69.4600],[1495123200000,67.6800],[1495382400000,62.6800],[1495468800000,62.4600],[1495555200000,62.2300],[1495641600000,63.1200],[1495728000000,61.5200],[1496160000000,61.5200],[1496246400000,60.8200],[1496332800000,59.7500],[1496592000000,58.4800],[1496678400000,58.4800],[1496764800000,58.4800],[1496851200000,58.4800],[1496937600000,59.1900],[1497196800000,56.9700],[1497283200000,56.9700],[1497369600000,57.5700],[1497456000000,56.7000],[1497542400000,55.8300],[1497801600000,51.6500],[1497888000000,50.7800],[1497974400000,52.5200],[1498060800000,52.5200],[1498147200000,50.6900],[1498406400000,46.1100],[1498492800000,44.3900],[1498579200000,43.0100],[1498665600000,44.2100],[1498752000000,41.9200],[1499011200000,44.8500],[1499097600000,39.00],[1499184000000,39.7900],[1499270400000,39.9700],[1499356800000,40.4800],[1499616000000,40.1400],[1499702400000,42.2000],[1499788800000,42.7100],[1499875200000,42.5400],[1499961600000,42.4900],[1500220800000,41.9800],[1500307200000,41.9800],[1500393600000,41.2600],[1500480000000,41.0900],[1500566400000,40.8100],[1500825600000,40.4700],[1500912000000,40.3000],[1500998400000,40.4000],[1501084800000,40.5700],[1501171200000,40.9100],[1501430400000,43.4300],[1501516800000,41.9200],[1501603200000,41.9200],[1501689600000,41.7500],[1501776000000,41.0800],[1502035200000,38.4200],[1502121600000,38.0900],[1502208000000,34.2300],[1502294400000,33.5600],[1502380800000,32.7200],[1502640000000,31.5400],[1502726400000,31.5400],[1502812800000,31.0400],[1502899200000,30.3700],[1502985600000,30.2000],[1503244800000,30.4900],[1503331200000,29.9800],[1503417600000,30.6500],[1503504000000,31.2100],[1503590400000,31.0400],[1503849600000,32.3300],[1503936000000,33.1700],[1504022400000,31.00],[1504108800000,31.1100],[1504195200000,31.2800],[1504454400000,30.9500],[1504540800000,30.9500],[1504627200000,30.9500],[1504713600000,30.6200],[1504800000000,30.4500],[1505059200000,30.5100],[1505145600000,30.8500],[1505232000000,30.5100],[1505318400000,30.4100],[1505404800000,31.0700],[1505664000000,32.1800],[1505750400000,33.00],[1505836800000,33.8300],[1505923200000,32.1700],[1506009600000,35.6600],[1506268800000,38.4700],[1506355200000,39.6400],[1506441600000,41.7200],[1506528000000,43.3800],[1506614400000,43.8900],[1507478400000,44.7200],[1507564800000,44.3200],[1507651200000,41.3500],[1507737600000,41.0800],[1507824000000,41.0800],[1508083200000,42.4800],[1508169600000,43.4600],[1508256000000,44.1900],[1508342400000,44.1900],[1508428800000,44.8400],[1508688000000,44.7200],[1508774400000,43.8900],[1508860800000,43.8200],[1508947200000,43.4900],[1509033600000,43.1600],[1509292800000,43.3500],[1509379200000,43.7700],[1509465600000,43.2800],[1509552000000,43.5600],[1509638400000,44.4100],[1509897600000,45.8900],[1509984000000,46.3800],[1510070400000,46.3800],[1510156800000,47.6700],[1510243200000,47.9900],[1510502400000,51.1800],[1510588800000,51.6500],[1510675200000,53.0700],[1510761600000,53.2300],[1510848000000,53.9300],[1511107200000,55.1900],[1511193600000,55.0300],[1511280000000,54.7200],[1511366400000,53.9300],[1511452800000,54.00],[1511712000000,54.6900],[1511798400000,55.3100],[1511884800000,55.3100],[1511971200000,55.2300],[1512057600000,56.1400],[1512316800000,57.5400],[1512403200000,58.1600],[1512489600000,57.2300],[1512576000000,58.2300],[1512662400000,59.3600],[1512921600000,60.7400],[1513008000000,61.2600],[1513094400000,61.5600],[1513180800000,62.8400],[1513267200000,63.7200],[1513526400000,64.4800],[1513612800000,65.2400],[1513699200000,64.9400],[1513785600000,68.5500],[1513872000000,65.3400],[1514131200000,65.0400],[1514217600000,63.6600],[1514304000000,62.8400],[1514390400000,63.0500],[1514476800000,62.4400],[1514822400000,64.4300],[1514908800000,64.8900],[1514995200000,65.1900],[1515081600000,65.8000],[1515340800000,52.2100],[1515427200000,51.1500],[1515513600000,51.0700],[1515600000000,49.7700],[1515686400000,49.3200],[1515945600000,46.8800],[1516032000000,46.4200],[1516118400000,46.1200],[1516204800000,45.3600],[1516291200000,44.4400],[1516550400000,42.3100],[1516636800000,41.5500],[1516723200000,41.1000],[1516809600000,40.7900],[1516896000000,39.6900],[1517155200000,39.0200],[1517241600000,38.5700],[1517328000000,38.1100],[1517414400000,38.5700],[1517500800000,38.2600],[1517760000000,37.8000],[1517846400000,37.8000]];
/*规模变动*/
var Data_fluctuationScale = {"categories":["2016-12-31","2017-03-31","2017-06-30","2017-09-30","2017-12-31"],"series":[{"y":10.30,"mom":"195.54%"},{"y":16.35,"mom":"58.78%"},{"y":16.00,"mom":"-2.12%"},{"y":21.46,"mom":"34.10%"},{"y":26.36,"mom":"22.84%"}]};;
/*持有人结构*/
var Data_holderStructure = {"series":[{"name":"机构持有比例","data":[78.54]},{"name":"个人持有比例","data":[21.46]},{"name":"内部持有比例","data":[0.03]}],"categories":["2017-06-30"]};
/*申购赎回*/
var Data_assetAllocation ={"series":[{"name":"期间申购","data":[38.93,32.44,44.54,69.81]},{"name":"期间赎回","data":[32.88,32.79,39.08,64.91]},{"name":"总份额","data":[16.35,16.00,21.46,26.36]}],"categories":["2017-03-31","2017-06-30","2017-09-30","2017-12-31"]};
/*现任基金经理*/
var Data_currentFundManager = [{"id":"30078629","pic":"https://pdf.dfcfw.com/pdf/H8_JPG30078629_1.jpg","name":"王颢","star":4,"workTime":"1年又77天","fundSize":"61.47亿(7只基金)","power":{"avr":"64.56","categories":["经验值","收益率","影响力","稳定性","管理规模"],"dsc":["反映基金经理从业年限和管理基金的经验","根据基金经理投资的阶段收益评分，反映\u003cbr\u003e基金经理投资的盈利能力","根据基金经理所管理基金的机构和个人投\u003cbr\u003e资者持有比例评分","反映基金经理投资收益的波动","根据基金经理现任管理基金资产规模评分"],"data":[35.30,86.30,25.80,75.60,24.20],"jzrq":"2018-02-06"},"profit":{"categories":["任期收益","同类平均"],"series":[{"data":[{"name":null,"color":"#7cb5ec","y":4.7877},{"name":null,"color":"#414c7b","y":4.56}]}],"jzrq":"2018-02-06"}},{"id":"30525554","pic":"https://pdf.dfcfw.com/pdf/H8_JPG30525554_1.jpg","name":"杜磊","star":0,"workTime":"320天","fundSize":"61.15亿(5只基金)","power":{"avr":"暂无数据","categories":["经验值","收益率","影响力","稳定性","管理规模"],"dsc":["反映基金经理从业年限和管理基金的经验","根据基金经理投资的阶段收益评分，反映\u003cbr\u003e基金经理投资的盈利能力","根据基金经理所管理基金的机构和个人投\u003cbr\u003e资者持有比例评分","反映基金经理投资收益的波动","根据基金经理现任管理基金资产规模评分"],"data":[null,null,null,null,null],"jzrq":"2018-02-06"},"profit":{"categories":["任期收益","同类平均"],"series":[{"data":[{"name":null,"color":"#7cb5ec","y":3.502},{"name":null,"color":"#414c7b","y":3.51}]}],"jzrq":"2018-02-06"}}] ;
/*同类型基金涨幅榜（页面底部通栏）*/
var swithSameType = [['002895_华夏天利货币B_5.8750','002894_华夏天利货币A_5.6210','004398_融通现金宝货币B_5.3370','000902_国开货币B_5.3360','001478_泰康薪意保货币B_5.1400'],['002895_华夏天利货币B_5.26','004973_长城收益宝货币B_5.08','004904_人保货币B_5.05','002884_华润元大现金通货币B_5.01','002894_华夏天利货币A_5.01'],['004973_长城收益宝货币B_5.05','004770_海富通添益货币A_4.99','002884_华润元大现金通货币B_4.99','005151_红土创新优淳货币B_4.90','002895_华夏天利货币B_4.89'],['004770_海富通添益货币A_5.39','004973_长城收益宝货币B_5.13','002884_华润元大现金通货币B_5.03','002895_华夏天利货币B_5.03','004398_融通现金宝货币B_5.01'],['003679_中融现金增利货币C_4.67','003474_南方天天利货币B_4.55','000836_国投瑞银钱多宝货币A_4.52','000837_国投瑞银钱多宝货币I_4.52','003753_工银如意货币B_4.51']];