/**
 * 测试数据
 * @type {arry}
 */
/*2018-02-07 17:59:26*/
//基金或股票信息
var fS_name = "交银天鑫宝货币A";
var fS_code = "003482";
var fund_minsg="";
var ishb=true;
/*原费率*/
var fund_sourceRate="0";
/*现费率*/
var fund_Rate="0";
/*最小申购金额*/
var fund_minsg="";
/*收益率*/
/*近一年收益率*/
var syl_1n="3.8503";
/*近6月收益率*/
var syl_6y="2.0727";
/*近三月收益率*/
var syl_3y="1.051";
/*近一月收益率*/
var syl_1y="0.3601";
/* 基金收益走势图 每万份收益*/
var Data_millionCopiesIncome = [[1481040000000,1.3407],[1481212800000,0.615],[1481731200000,0.6148],[1481817600000,0.6147],[1481990400000,1.2293],[1482076800000,0.6146],[1482163200000,0.6376],[1482249600000,0.6192],[1482336000000,0.5685],[1482422400000,0.6919],[1482595200000,1.3878],[1482681600000,0.6794],[1482768000000,1.1436],[1482854400000,1.2674],[1482940800000,2.7536],[1483027200000,0.9665],[1483113600000,0.4285],[1483286400000,0.8126],[1483372800000,0.4183],[1483459200000,0.9183],[1483545600000,0.8756],[1483632000000,1.4009],[1483804800000,0.7304],[1483891200000,0.3654],[1483977600000,0.7301],[1484064000000,0.6817],[1484150400000,0.6658],[1484236800000,0.9826],[1484409600000,0.6705],[1484496000000,0.3343],[1484582400000,0.7131],[1484668800000,1.2396],[1484755200000,1.5096],[1484841600000,2.4914],[1485014400000,1.0131],[1485100800000,0.4942],[1485187200000,1.3017],[1485273600000,1.0303],[1485360000000,4.2176],[1485964800000,2.6121],[1486051200000,0.3897],[1486224000000,1.2639],[1486310400000,0.6474],[1486396800000,0.8108],[1486483200000,0.6016],[1486569600000,0.5375],[1486656000000,0.7401],[1486828800000,0.5598],[1486915200000,0.28],[1487001600000,0.6453],[1487088000000,0.8222],[1487174400000,0.7118],[1487260800000,1.2708],[1487433600000,0.6732],[1487520000000,0.2131],[1487606400000,0.8911],[1487692800000,0.8505],[1487779200000,0.9032],[1487865600000,1.1872],[1488038400000,0.5916],[1488124800000,0.3121],[1488211200000,0.8997],[1488297600000,0.9657],[1488384000000,0.6727],[1488470400000,0.6434],[1488643200000,0.5593],[1488729600000,0.2143],[1488816000000,0.5989],[1488902400000,0.5325],[1488988800000,0.607],[1489075200000,0.9381],[1489248000000,1.6323],[1489334400000,0.8812],[1489420800000,0.9473],[1489507200000,0.9663],[1489593600000,0.9945],[1489680000000,0.993],[1489852800000,1.9868],[1489939200000,0.9919],[1490025600000,0.9897],[1490112000000,0.9858],[1490198400000,0.9841],[1490284800000,0.9831],[1490457600000,1.9678],[1490544000000,0.9803],[1490630400000,0.9857],[1490716800000,0.9849],[1490803200000,1.0031],[1490889600000,1.0051],[1491235200000,4.0335],[1491321600000,0.9728],[1491408000000,0.9892],[1491494400000,0.9804],[1491667200000,1.964],[1491753600000,0.98],[1491840000000,0.9807],[1491926400000,0.98],[1492012800000,0.9789],[1492099200000,0.9807],[1492272000000,1.9625],[1492358400000,0.978],[1492444800000,0.9849],[1492531200000,0.9833],[1492617600000,0.9904],[1492704000000,0.996],[1492876800000,1.7568],[1492963200000,0.9657],[1493049600000,0.9711],[1493136000000,0.9678],[1493222400000,0.9696],[1493308800000,0.8816],[1493568000000,3.0138],[1493654400000,0.9719],[1493740800000,0.963],[1493827200000,0.9699],[1493913600000,0.9676],[1494086400000,1.9389],[1494172800000,0.9411],[1494259200000,0.9689],[1494345600000,0.9681],[1494432000000,0.9699],[1494518400000,0.9946],[1494691200000,1.9195],[1494777600000,0.9646],[1494864000000,0.9676],[1494950400000,0.9031],[1495036800000,0.9626],[1495123200000,0.9975],[1495296000000,1.9279],[1495382400000,0.9769],[1495468800000,0.8836],[1495555200000,0.8801],[1495641600000,1.0425],[1495728000000,1.0406],[1496073600000,4.1705],[1496160000000,0.9725],[1496246400000,1.0314],[1496332800000,0.9787],[1496505600000,1.9594],[1496592000000,0.9837],[1496678400000,1.0137],[1496764800000,1.0575],[1496851200000,1.0468],[1496937600000,1.0464],[1497110400000,2.0958],[1497196800000,1.0476],[1497283200000,1.0542],[1497369600000,1.0479],[1497456000000,1.0813],[1497542400000,1.0831],[1497715200000,2.1662],[1497801600000,1.0943],[1497888000000,1.089],[1497974400000,1.0793],[1498060800000,1.0773],[1498147200000,1.1284],[1498320000000,2.1351],[1498406400000,1.0389],[1498492800000,0.8843],[1498579200000,1.1667],[1498665600000,1.0432],[1498752000000,1.0847],[1498924800000,2.1985],[1499011200000,1.1129],[1499097600000,1.0936],[1499184000000,1.0853],[1499270400000,1.0481],[1499356800000,1.1035],[1499529600000,2.1367],[1499616000000,1.0739],[1499702400000,1.0534],[1499788800000,1.0706],[1499875200000,1.0604],[1499961600000,1.0652],[1500134400000,2.119],[1500220800000,1.0637],[1500307200000,1.0434],[1500393600000,1.0712],[1500480000000,1.9575],[1500566400000,2.5069],[1500739200000,2.1513],[1500825600000,1.0784],[1500912000000,1.1084],[1500998400000,1.0908],[1501084800000,1.0689],[1501171200000,1.0698],[1501344000000,2.1115],[1501430400000,1.0782],[1501516800000,1.0723],[1501603200000,1.0811],[1501689600000,1.0774],[1501776000000,1.0825],[1501948800000,2.1913],[1502035200000,1.1362],[1502121600000,1.0984],[1502208000000,1.0801],[1502294400000,1.0769],[1502380800000,1.0769],[1502553600000,2.1542],[1502640000000,1.0796],[1502726400000,1.0809],[1502812800000,1.0811],[1502899200000,1.0593],[1502985600000,1.0807],[1503158400000,2.1639],[1503244800000,1.0835],[1503331200000,1.0906],[1503417600000,1.0851],[1503504000000,1.0796],[1503590400000,1.077],[1503763200000,2.1527],[1503849600000,1.078],[1503936000000,1.0766],[1504022400000,1.0948],[1504108800000,1.0687],[1504195200000,1.0906],[1504368000000,2.1873],[1504454400000,1.0942],[1504540800000,1.0827],[1504627200000,1.082],[1504713600000,1.0915],[1504800000000,1.0899],[1504972800000,2.1806],[1505059200000,1.0925],[1505145600000,1.0988],[1505232000000,1.0839],[1505318400000,1.0825],[1505404800000,1.0843],[1505577600000,2.1493],[1505664000000,1.0736],[1505750400000,1.077],[1505836800000,1.086],[1505923200000,1.0931],[1506009600000,1.103],[1506182400000,2.2034],[1506268800000,1.1004],[1506355200000,1.1003],[1506441600000,1.088],[1506528000000,1.1017],[1506614400000,1.1084],[1507392000000,9.9966],[1507478400000,1.1103],[1507564800000,1.1134],[1507651200000,1.1096],[1507737600000,1.1163],[1507824000000,1.1291],[1507996800000,2.1997],[1508083200000,1.1033],[1508169600000,1.0956],[1508256000000,1.0922],[1508342400000,1.0981],[1508428800000,1.0949],[1508601600000,2.1863],[1508688000000,1.0963],[1508774400000,1.0911],[1508860800000,1.0933],[1508947200000,1.0932],[1509033600000,1.0978],[1509206400000,2.1943],[1509292800000,1.1038],[1509379200000,1.0911],[1509465600000,1.1107],[1509552000000,1.1148],[1509638400000,1.1012],[1509811200000,2.2011],[1509897600000,1.1008],[1509984000000,1.0952],[1510070400000,1.0601],[1510156800000,1.0939],[1510243200000,1.095],[1510416000000,2.1933],[1510502400000,1.0935],[1510588800000,1.093],[1510675200000,1.0955],[1510761600000,1.1055],[1510848000000,1.102],[1511020800000,2.2017],[1511107200000,1.1053],[1511193600000,1.0989],[1511280000000,1.1011],[1511366400000,1.105],[1511452800000,1.1107],[1511625600000,2.223],[1511712000000,1.1141],[1511798400000,1.127],[1511884800000,1.1468],[1511971200000,1.1446],[1512057600000,1.1159],[1512230400000,2.235],[1512316800000,1.1159],[1512403200000,1.1313],[1512489600000,1.1015],[1512576000000,1.0859],[1512662400000,1.0679],[1512835200000,2.1442],[1512921600000,1.0782],[1513008000000,1.0796],[1513094400000,1.0881],[1513180800000,1.1117],[1513267200000,1.0955],[1513440000000,2.2128],[1513526400000,1.1053],[1513612800000,1.1644],[1513699200000,1.1525],[1513785600000,1.239],[1513872000000,1.251],[1514044800000,2.496],[1514131200000,1.2363],[1514217600000,1.2811],[1514304000000,1.2819],[1514390400000,1.3093],[1514476800000,1.3188],[1514649600000,2.5905],[1514736000000,1.2949],[1514822400000,1.2397],[1514908800000,1.2181],[1514995200000,1.1299],[1515081600000,1.1308],[1515254400000,2.2687],[1515340800000,1.1259],[1515427200000,1.1922],[1515513600000,1.1274],[1515600000000,1.0881],[1515686400000,1.0892],[1515859200000,2.1366],[1515945600000,1.1017],[1516032000000,1.0599],[1516118400000,1.0856],[1516204800000,1.101],[1516291200000,1.5719],[1516464000000,2.2749],[1516550400000,1.1941],[1516636800000,1.1377],[1516723200000,1.1168],[1516809600000,1.1244],[1516896000000,1.1126],[1517068800000,2.2221],[1517155200000,1.111],[1517241600000,1.1133],[1517328000000,1.111],[1517414400000,1.0988],[1517500800000,1.078],[1517673600000,2.1594],[1517760000000,1.0803],[1517846400000,1.0593]];
/*基金收益走势图   7日年化收益率*/
var Data_sevenDaysYearIncome = [[1481040000000,5.015],[1481212800000,3.128],[1481731200000,2.259],[1481817600000,2.259],[1481990400000,2.258],[1482076800000,2.258],[1482163200000,2.281],[1482249600000,2.284],[1482336000000,2.259],[1482422400000,2.3],[1482595200000,2.385],[1482681600000,2.419],[1482768000000,2.69],[1482854400000,3.037],[1482940800000,4.218],[1483027200000,4.367],[1483113600000,4.223],[1483286400000,3.919],[1483372800000,3.526],[1483459200000,3.338],[1483545600000,2.331],[1483632000000,2.563],[1483804800000,2.507],[1483891200000,2.486],[1483977600000,2.652],[1484064000000,2.526],[1484150400000,2.414],[1484236800000,2.191],[1484409600000,2.159],[1484496000000,2.142],[1484582400000,2.133],[1484668800000,2.431],[1484755200000,2.882],[1484841600000,3.695],[1485014400000,3.88],[1485100800000,3.967],[1485187200000,4.286],[1485273600000,4.172],[1485360000000,5.653],[1485964800000,1.371],[1486051200000,1.38],[1486224000000,1.654],[1486310400000,1.799],[1486396800000,2.032],[1486483200000,2.154],[1486569600000,2.241],[1486656000000,2.428],[1486828800000,2.053],[1486915200000,1.858],[1487001600000,1.77],[1487088000000,1.887],[1487174400000,1.979],[1487260800000,2.262],[1487433600000,2.322],[1487520000000,2.287],[1487606400000,2.418],[1487692800000,2.433],[1487779200000,2.535],[1487865600000,2.491],[1488038400000,2.447],[1488124800000,2.5],[1488211200000,2.505],[1488297600000,2.566],[1488384000000,2.443],[1488470400000,2.153],[1488643200000,2.136],[1488729600000,2.084],[1488816000000,1.924],[1488902400000,1.694],[1488988800000,1.659],[1489075200000,1.815],[1489248000000,2.386],[1489334400000,2.743],[1489420800000,2.93],[1489507200000,3.163],[1489593600000,3.372],[1489680000000,3.401],[1489852800000,3.592],[1489939200000,3.652],[1490025600000,3.675],[1490112000000,3.686],[1490198400000,3.68],[1490284800000,3.675],[1490457600000,3.664],[1490544000000,3.658],[1490630400000,3.656],[1490716800000,3.656],[1490803200000,3.666],[1490889600000,3.678],[1491235200000,3.732],[1491321600000,3.725],[1491408000000,3.718],[1491494400000,3.704],[1491667200000,3.676],[1491753600000,3.66],[1491840000000,3.645],[1491926400000,3.649],[1492012800000,3.644],[1492099200000,3.644],[1492272000000,3.643],[1492358400000,3.642],[1492444800000,3.644],[1492531200000,3.646],[1492617600000,3.652],[1492704000000,3.661],[1492876800000,3.549],[1492963200000,3.543],[1493049600000,3.535],[1493136000000,3.527],[1493222400000,3.516],[1493308800000,3.454],[1493568000000,3.611],[1493654400000,3.612],[1493740800000,3.609],[1493827200000,3.609],[1493913600000,3.656],[1494086400000,3.618],[1494172800000,3.583],[1494259200000,3.582],[1494345600000,3.585],[1494432000000,3.585],[1494518400000,3.599],[1494691200000,3.589],[1494777600000,3.601],[1494864000000,3.601],[1494950400000,3.566],[1495036800000,3.562],[1495123200000,3.563],[1495296000000,3.568],[1495382400000,3.574],[1495468800000,3.529],[1495555200000,3.517],[1495641600000,3.56],[1495728000000,3.583],[1496073600000,3.79],[1496160000000,3.84],[1496246400000,3.834],[1496332800000,3.8],[1496505600000,3.732],[1496592000000,3.7],[1496678400000,3.684],[1496764800000,3.73],[1496851200000,3.739],[1496937600000,3.775],[1497110400000,3.849],[1497196800000,3.884],[1497283200000,3.906],[1497369600000,3.901],[1497456000000,3.919],[1497542400000,3.939],[1497715200000,3.977],[1497801600000,4.003],[1497888000000,4.021],[1497974400000,4.039],[1498060800000,4.036],[1498147200000,4.061],[1498320000000,4.044],[1498406400000,4.014],[1498492800000,3.903],[1498579200000,3.95],[1498665600000,3.932],[1498752000000,3.908],[1498924800000,3.943],[1499011200000,3.983],[1499097600000,4.096],[1499184000000,4.052],[1499270400000,4.055],[1499356800000,4.065],[1499529600000,4.031],[1499616000000,4.01],[1499702400000,3.989],[1499788800000,3.981],[1499875200000,3.987],[1499961600000,3.966],[1500134400000,3.957],[1500220800000,3.951],[1500307200000,3.946],[1500393600000,3.946],[1500480000000,4.433],[1500566400000,5.221],[1500739200000,5.239],[1500825600000,5.247],[1500912000000,5.283],[1500998400000,5.294],[1501084800000,4.807],[1501171200000,4.025],[1501344000000,4.003],[1501430400000,4.003],[1501516800000,3.983],[1501603200000,3.978],[1501689600000,3.983],[1501776000000,3.99],[1501948800000,4.033],[1502035200000,4.064],[1502121600000,4.078],[1502208000000,4.078],[1502294400000,4.078],[1502380800000,4.075],[1502553600000,4.055],[1502640000000,4.024],[1502726400000,4.014],[1502812800000,4.015],[1502899200000,4.005],[1502985600000,4.007],[1503158400000,4.013],[1503244800000,4.015],[1503331200000,4.02],[1503417600000,4.022],[1503504000000,4.033],[1503590400000,4.031],[1503763200000,4.025],[1503849600000,4.022],[1503936000000,4.015],[1504022400000,4.02],[1504108800000,4.014],[1504195200000,4.021],[1504368000000,4.04],[1504454400000,4.049],[1504540800000,4.052],[1504627200000,4.045],[1504713600000,4.058],[1504800000000,4.057],[1504972800000,4.054],[1505059200000,4.053],[1505145600000,4.061],[1505232000000,4.062],[1505318400000,4.058],[1505404800000,4.055],[1505577600000,4.037],[1505664000000,4.027],[1505750400000,4.015],[1505836800000,4.017],[1505923200000,4.022],[1506009600000,4.032],[1506182400000,4.062],[1506268800000,4.076],[1506355200000,4.089],[1506441600000,4.09],[1506528000000,4.095],[1506614400000,4.098],[1507392000000,4.137],[1507478400000,4.136],[1507564800000,4.138],[1507651200000,4.137],[1507737600000,4.14],[1507824000000,4.15],[1507996800000,4.139],[1508083200000,4.135],[1508169600000,4.126],[1508256000000,4.116],[1508342400000,4.106],[1508428800000,4.088],[1508601600000,4.08],[1508688000000,4.077],[1508774400000,4.074],[1508860800000,4.075],[1508947200000,4.072],[1509033600000,4.074],[1509206400000,4.078],[1509292800000,4.082],[1509379200000,4.082],[1509465600000,4.092],[1509552000000,4.103],[1509638400000,4.105],[1509811200000,4.109],[1509897600000,4.107],[1509984000000,4.109],[1510070400000,4.082],[1510156800000,4.071],[1510243200000,4.067],[1510416000000,4.063],[1510502400000,4.059],[1510588800000,4.058],[1510675200000,4.077],[1510761600000,4.083],[1510848000000,4.087],[1511020800000,4.092],[1511107200000,4.098],[1511193600000,4.101],[1511280000000,4.104],[1511366400000,4.104],[1511452800000,4.109],[1511625600000,4.12],[1511712000000,4.125],[1511798400000,4.14],[1511884800000,4.165],[1511971200000,4.187],[1512057600000,4.189],[1512230400000,4.196],[1512316800000,4.197],[1512403200000,4.199],[1512489600000,4.175],[1512576000000,4.143],[1512662400000,4.117],[1512835200000,4.068],[1512921600000,4.047],[1513008000000,4.019],[1513094400000,4.012],[1513180800000,4.026],[1513267200000,4.041],[1513440000000,4.078],[1513526400000,4.093],[1513612800000,4.139],[1513699200000,4.174],[1513785600000,4.243],[1513872000000,4.327],[1514044800000,4.482],[1514131200000,4.553],[1514217600000,4.617],[1514304000000,4.687],[1514390400000,4.726],[1514476800000,4.763],[1514649600000,4.814],[1514736000000,4.846],[1514822400000,4.824],[1514908800000,4.789],[1514995200000,4.691],[1515081600000,4.588],[1515254400000,4.413],[1515340800000,4.321],[1515427200000,4.295],[1515513600000,4.246],[1515600000000,4.223],[1515686400000,4.2],[1515859200000,4.129],[1515945600000,4.116],[1516032000000,4.044],[1516118400000,4.021],[1516204800000,4.028],[1516291200000,4.29],[1516464000000,4.365],[1516550400000,4.416],[1516636800000,4.458],[1516723200000,4.475],[1516809600000,4.488],[1516896000000,4.238],[1517068800000,4.209],[1517155200000,4.164],[1517241600000,4.151],[1517328000000,4.148],[1517414400000,4.134],[1517500800000,4.115],[1517673600000,4.081],[1517760000000,4.064],[1517846400000,4.035]];
/*资产配置*/
var Data_assetAllocationCurrency ={"categories":["12-31","09-30","06-30","03-31"],"series":[{"name":"股票","data":[null,null,null,null]},{"name":"债券","data":[32.94,39.09,103.62,94.14]},{"name":"现金","data":[25.29,54.76,0.17,1.11]}]};
/*累计收益率走势*/
var Data_grandTotal = [{"name":"交银天鑫宝货币A","data":[[1501948800000,0],[1502035200000,0.01],[1502121600000,0.02],[1502208000000,0.03],[1502294400000,0.04],[1502380800000,0.05],[1502553600000,0.08],[1502640000000,0.09],[1502726400000,0.10],[1502812800000,0.11],[1502899200000,0.12],[1502985600000,0.13],[1503158400000,0.15],[1503244800000,0.16],[1503331200000,0.17],[1503417600000,0.18],[1503504000000,0.20],[1503590400000,0.21],[1503763200000,0.23],[1503849600000,0.24],[1503936000000,0.25],[1504022400000,0.26],[1504108800000,0.27],[1504195200000,0.28],[1504368000000,0.30],[1504454400000,0.31],[1504540800000,0.33],[1504627200000,0.34],[1504713600000,0.35],[1504800000000,0.36],[1504972800000,0.38],[1505059200000,0.39],[1505145600000,0.40],[1505232000000,0.41],[1505318400000,0.42],[1505404800000,0.43],[1505577600000,0.46],[1505664000000,0.47],[1505750400000,0.48],[1505836800000,0.49],[1505923200000,0.50],[1506009600000,0.51],[1506182400000,0.53],[1506268800000,0.54],[1506355200000,0.56],[1506441600000,0.57],[1506528000000,0.58],[1506614400000,0.59],[1507392000000,0.69],[1507478400000,0.70],[1507564800000,0.71],[1507651200000,0.72],[1507737600000,0.73],[1507824000000,0.75],[1507996800000,0.77],[1508083200000,0.78],[1508169600000,0.79],[1508256000000,0.80],[1508342400000,0.81],[1508428800000,0.82],[1508601600000,0.84],[1508688000000,0.86],[1508774400000,0.87],[1508860800000,0.88],[1508947200000,0.89],[1509033600000,0.90],[1509206400000,0.92],[1509292800000,0.93],[1509379200000,0.94],[1509465600000,0.96],[1509552000000,0.97],[1509638400000,0.98],[1509811200000,1.00],[1509897600000,1.01],[1509984000000,1.02],[1510070400000,1.03],[1510156800000,1.04],[1510243200000,1.06],[1510416000000,1.08],[1510502400000,1.09],[1510588800000,1.10],[1510675200000,1.11],[1510761600000,1.12],[1510848000000,1.13],[1511020800000,1.15],[1511107200000,1.17],[1511193600000,1.18],[1511280000000,1.19],[1511366400000,1.20],[1511452800000,1.21],[1511625600000,1.23],[1511712000000,1.24],[1511798400000,1.26],[1511884800000,1.27],[1511971200000,1.28],[1512057600000,1.29],[1512230400000,1.31],[1512316800000,1.32],[1512403200000,1.34],[1512489600000,1.35],[1512576000000,1.36],[1512662400000,1.37],[1512835200000,1.39],[1512921600000,1.40],[1513008000000,1.41],[1513094400000,1.42],[1513180800000,1.43],[1513267200000,1.45],[1513440000000,1.47],[1513526400000,1.48],[1513612800000,1.49],[1513699200000,1.50],[1513785600000,1.52],[1513872000000,1.53],[1514044800000,1.55],[1514131200000,1.57],[1514217600000,1.58],[1514304000000,1.59],[1514390400000,1.61],[1514476800000,1.62],[1514649600000,1.65],[1514736000000,1.66],[1514822400000,1.67],[1514908800000,1.68],[1514995200000,1.69],[1515081600000,1.71],[1515254400000,1.73],[1515340800000,1.74],[1515427200000,1.75],[1515513600000,1.76],[1515600000000,1.78],[1515686400000,1.79],[1515859200000,1.81],[1515945600000,1.82],[1516032000000,1.83],[1516118400000,1.84],[1516204800000,1.85],[1516291200000,1.87],[1516464000000,1.89],[1516550400000,1.90],[1516636800000,1.92],[1516723200000,1.93],[1516809600000,1.94],[1516896000000,1.95],[1517068800000,1.97],[1517155200000,1.98],[1517241600000,2.00],[1517328000000,2.01],[1517414400000,2.02],[1517500800000,2.03],[1517673600000,2.05],[1517760000000,2.06],[1517846400000,2.07]]},{"name":"同类平均","data":[[1502035200000,0],[1502121600000,0.01],[1502208000000,0.02],[1502294400000,0.03],[1502380800000,0.04],[1502640000000,0.07],[1502726400000,0.08],[1502812800000,0.09],[1502899200000,0.10],[1502985600000,0.11],[1503244800000,0.14],[1503331200000,0.16],[1503417600000,0.17],[1503504000000,0.18],[1503590400000,0.19],[1503849600000,0.22],[1503936000000,0.23],[1504022400000,0.24],[1504108800000,0.25],[1504195200000,0.26],[1504454400000,0.29],[1504540800000,0.30],[1504627200000,0.31],[1504713600000,0.32],[1504800000000,0.34],[1505059200000,0.37],[1505145600000,0.38],[1505232000000,0.39],[1505318400000,0.40],[1505404800000,0.41],[1505664000000,0.44],[1505750400000,0.45],[1505836800000,0.46],[1505923200000,0.47],[1506009600000,0.48],[1506268800000,0.52],[1506355200000,0.53],[1506441600000,0.54],[1506528000000,0.55],[1506614400000,0.56],[1507478400000,0.67],[1507564800000,0.68],[1507651200000,0.69],[1507737600000,0.71],[1507824000000,0.72],[1508083200000,0.75],[1508169600000,0.76],[1508256000000,0.77],[1508342400000,0.78],[1508428800000,0.79],[1508688000000,0.82],[1508774400000,0.83],[1508860800000,0.84],[1508947200000,0.85],[1509033600000,0.86],[1509292800000,0.90],[1509379200000,0.91],[1509465600000,0.92],[1509552000000,0.93],[1509638400000,0.94],[1509897600000,0.97],[1509984000000,0.98],[1510070400000,0.99],[1510156800000,1.00],[1510243200000,1.01],[1510502400000,1.04],[1510588800000,1.06],[1510675200000,1.07],[1510761600000,1.08],[1510848000000,1.09],[1511107200000,1.12],[1511193600000,1.13],[1511280000000,1.14],[1511366400000,1.15],[1511452800000,1.16],[1511712000000,1.20],[1511798400000,1.21],[1511884800000,1.22],[1511971200000,1.23],[1512057600000,1.24],[1512316800000,1.28],[1512403200000,1.29],[1512489600000,1.30],[1512576000000,1.31],[1512662400000,1.32],[1512921600000,1.35],[1513008000000,1.36],[1513094400000,1.38],[1513180800000,1.39],[1513267200000,1.40],[1513526400000,1.43],[1513612800000,1.44],[1513699200000,1.46],[1513785600000,1.47],[1513872000000,1.48],[1514131200000,1.51],[1514217600000,1.53],[1514304000000,1.54],[1514390400000,1.55],[1514476800000,1.57],[1514822400000,1.62],[1514908800000,1.64],[1514995200000,1.65],[1515081600000,1.66],[1515340800000,1.69],[1515427200000,1.71],[1515513600000,1.72],[1515600000000,1.73],[1515686400000,1.74],[1515945600000,1.77],[1516032000000,1.79],[1516118400000,1.80],[1516204800000,1.81],[1516291200000,1.82],[1516550400000,1.86],[1516636800000,1.87],[1516723200000,1.88],[1516809600000,1.89],[1516896000000,1.90],[1517155200000,1.94],[1517241600000,1.95],[1517328000000,1.96],[1517414400000,1.97],[1517500800000,1.98],[1517760000000,2.02],[1517846400000,2.03]]},{"name":"沪深300","data":[[1502035200000,0],[1502121600000,0.15],[1502208000000,0.11],[1502294400000,-0.29],[1502380800000,-2.13],[1502640000000,-0.86],[1502726400000,-0.56],[1502812800000,-0.68],[1502899200000,-0.15],[1502985600000,-0.06],[1503244800000,0.38],[1503331200000,0.68],[1503417600000,0.79],[1503504000000,0.21],[1503590400000,1.85],[1503849600000,3.11],[1503936000000,2.89],[1504022400000,2.88],[1504108800000,2.56],[1504195200000,2.78],[1504454400000,3.19],[1504540800000,3.50],[1504627200000,3.29],[1504713600000,2.77],[1504800000000,2.66],[1505059200000,2.65],[1505145600000,2.98],[1505232000000,3.11],[1505318400000,2.77],[1505404800000,2.80],[1505664000000,3.12],[1505750400000,2.83],[1505836800000,3.10],[1505923200000,2.98],[1506009600000,2.98],[1506268800000,2.44],[1506355200000,2.52],[1506441600000,2.53],[1506528000000,2.57],[1506614400000,2.94],[1507478400000,4.17],[1507564800000,4.38],[1507651200000,4.72],[1507737600000,5.00],[1507824000000,5.21],[1508083200000,5.01],[1508169600000,5.00],[1508256000000,5.83],[1508342400000,5.49],[1508428800000,5.37],[1508688000000,5.47],[1508774400000,6.24],[1508860800000,6.71],[1508947200000,7.16],[1509033600000,7.92],[1509292800000,7.59],[1509379200000,7.51],[1509465600000,7.24],[1509552000000,7.25],[1509638400000,7.13],[1509897600000,7.89],[1509984000000,8.79],[1510070400000,8.62],[1510156800000,9.37],[1510243200000,10.33],[1510502400000,10.77],[1510588800000,10.00],[1510675200000,9.31],[1510761600000,10.15],[1510848000000,10.57],[1511107200000,11.19],[1511193600000,13.17],[1511280000000,13.44],[1511366400000,10.08],[1511452800000,10.13],[1511712000000,8.67],[1511798400000,8.83],[1511884800000,8.77],[1511971200000,7.49],[1512057600000,7.28],[1512316800000,7.84],[1512403200000,8.41],[1512489600000,7.76],[1512576000000,6.55],[1512662400000,7.42],[1512921600000,9.20],[1513008000000,7.76],[1513094400000,8.67],[1513180800000,8.03],[1513267200000,6.82],[1513526400000,6.94],[1513612800000,8.28],[1513699200000,8.15],[1513785600000,9.15],[1513872000000,8.80],[1514131200000,8.45],[1514217600000,8.77],[1514304000000,7.09],[1514390400000,7.84],[1514476800000,8.16],[1514822400000,9.68],[1514908800000,10.32],[1514995200000,10.79],[1515081600000,11.05],[1515340800000,11.63],[1515427200000,12.41],[1515513600000,12.91],[1515600000000,12.85],[1515686400000,13.37],[1515945600000,13.37],[1516032000000,14.27],[1516118400000,13.99],[1516204800000,14.61],[1516291200000,14.99],[1516550400000,16.36],[1516636800000,17.60],[1516723200000,17.79],[1516809600000,17.13],[1516896000000,17.56],[1517155200000,15.43],[1517241600000,14.20],[1517328000000,14.73],[1517414400000,13.93],[1517500800000,14.61],[1517760000000,14.69],[1517846400000,11.33]]}];
/*同类排名*/
var Data_rateInSimilarType = [{"x":1488816000000,"y":471,"sc":"515"},{"x":1488902400000,"y":471,"sc":"516"},{"x":1488988800000,"y":473,"sc":"518"},{"x":1489075200000,"y":471,"sc":"518"},{"x":1489334400000,"y":461,"sc":"518"},{"x":1489420800000,"y":456,"sc":"518"},{"x":1489507200000,"y":456,"sc":"518"},{"x":1489593600000,"y":456,"sc":"520"},{"x":1489680000000,"y":452,"sc":"520"},{"x":1489939200000,"y":452,"sc":"522"},{"x":1490025600000,"y":455,"sc":"522"},{"x":1490112000000,"y":454,"sc":"524"},{"x":1490198400000,"y":458,"sc":"530"},{"x":1490284800000,"y":454,"sc":"530"},{"x":1490544000000,"y":466,"sc":"534"},{"x":1490630400000,"y":468,"sc":"535"},{"x":1490716800000,"y":477,"sc":"535"},{"x":1490803200000,"y":480,"sc":"538"},{"x":1490889600000,"y":475,"sc":"538"},{"x":1491321600000,"y":474,"sc":"538"},{"x":1491408000000,"y":477,"sc":"540"},{"x":1491494400000,"y":477,"sc":"540"},{"x":1491753600000,"y":470,"sc":"540"},{"x":1491840000000,"y":469,"sc":"540"},{"x":1491926400000,"y":469,"sc":"540"},{"x":1492012800000,"y":470,"sc":"541"},{"x":1492099200000,"y":466,"sc":"541"},{"x":1492358400000,"y":462,"sc":"543"},{"x":1492444800000,"y":465,"sc":"543"},{"x":1492531200000,"y":468,"sc":"543"},{"x":1492617600000,"y":479,"sc":"545"},{"x":1492704000000,"y":477,"sc":"545"},{"x":1492963200000,"y":477,"sc":"545"},{"x":1493049600000,"y":477,"sc":"547"},{"x":1493136000000,"y":498,"sc":"549"},{"x":1493222400000,"y":496,"sc":"549"},{"x":1493308800000,"y":496,"sc":"549"},{"x":1493654400000,"y":480,"sc":"549"},{"x":1493740800000,"y":479,"sc":"550"},{"x":1493827200000,"y":476,"sc":"550"},{"x":1493913600000,"y":477,"sc":"550"},{"x":1494172800000,"y":475,"sc":"550"},{"x":1494259200000,"y":473,"sc":"550"},{"x":1494345600000,"y":471,"sc":"550"},{"x":1494432000000,"y":465,"sc":"550"},{"x":1494518400000,"y":465,"sc":"550"},{"x":1494777600000,"y":465,"sc":"554"},{"x":1494864000000,"y":465,"sc":"556"},{"x":1494950400000,"y":472,"sc":"560"},{"x":1495036800000,"y":469,"sc":"560"},{"x":1495123200000,"y":464,"sc":"560"},{"x":1495382400000,"y":457,"sc":"560"},{"x":1495468800000,"y":459,"sc":"562"},{"x":1495555200000,"y":464,"sc":"564"},{"x":1495641600000,"y":462,"sc":"564"},{"x":1495728000000,"y":449,"sc":"564"},{"x":1496160000000,"y":429,"sc":"564"},{"x":1496246400000,"y":431,"sc":"564"},{"x":1496332800000,"y":431,"sc":"564"},{"x":1496592000000,"y":410,"sc":"566"},{"x":1496678400000,"y":402,"sc":"566"},{"x":1496764800000,"y":396,"sc":"566"},{"x":1496851200000,"y":389,"sc":"566"},{"x":1496937600000,"y":384,"sc":"566"},{"x":1497196800000,"y":387,"sc":"574"},{"x":1497283200000,"y":382,"sc":"574"},{"x":1497369600000,"y":383,"sc":"575"},{"x":1497456000000,"y":381,"sc":"575"},{"x":1497542400000,"y":382,"sc":"575"},{"x":1497801600000,"y":384,"sc":"577"},{"x":1497888000000,"y":388,"sc":"577"},{"x":1497974400000,"y":385,"sc":"575"},{"x":1498060800000,"y":387,"sc":"575"},{"x":1498147200000,"y":391,"sc":"576"},{"x":1498406400000,"y":401,"sc":"579"},{"x":1498492800000,"y":407,"sc":"579"},{"x":1498579200000,"y":406,"sc":"579"},{"x":1498665600000,"y":406,"sc":"579"},{"x":1498752000000,"y":407,"sc":"582"},{"x":1499011200000,"y":381,"sc":"582"},{"x":1499097600000,"y":403,"sc":"582"},{"x":1499184000000,"y":403,"sc":"583"},{"x":1499270400000,"y":402,"sc":"583"},{"x":1499356800000,"y":401,"sc":"583"},{"x":1499616000000,"y":393,"sc":"583"},{"x":1499702400000,"y":392,"sc":"583"},{"x":1499788800000,"y":390,"sc":"583"},{"x":1499875200000,"y":386,"sc":"583"},{"x":1499961600000,"y":389,"sc":"586"},{"x":1500220800000,"y":388,"sc":"586"},{"x":1500307200000,"y":390,"sc":"586"},{"x":1500393600000,"y":392,"sc":"589"},{"x":1500480000000,"y":372,"sc":"589"},{"x":1500566400000,"y":343,"sc":"593"},{"x":1500825600000,"y":340,"sc":"593"},{"x":1500912000000,"y":339,"sc":"593"},{"x":1500998400000,"y":339,"sc":"594"},{"x":1501084800000,"y":339,"sc":"594"},{"x":1501171200000,"y":333,"sc":"594"},{"x":1501430400000,"y":308,"sc":"594"},{"x":1501516800000,"y":330,"sc":"594"},{"x":1501603200000,"y":327,"sc":"594"},{"x":1501689600000,"y":327,"sc":"594"},{"x":1501776000000,"y":324,"sc":"594"},{"x":1502035200000,"y":319,"sc":"596"},{"x":1502121600000,"y":315,"sc":"596"},{"x":1502208000000,"y":312,"sc":"596"},{"x":1502294400000,"y":311,"sc":"596"},{"x":1502380800000,"y":310,"sc":"596"},{"x":1502640000000,"y":303,"sc":"596"},{"x":1502726400000,"y":299,"sc":"596"},{"x":1502812800000,"y":301,"sc":"596"},{"x":1502899200000,"y":299,"sc":"596"},{"x":1502985600000,"y":298,"sc":"596"},{"x":1503244800000,"y":288,"sc":"597"},{"x":1503331200000,"y":285,"sc":"597"},{"x":1503417600000,"y":283,"sc":"597"},{"x":1503504000000,"y":275,"sc":"596"},{"x":1503590400000,"y":278,"sc":"596"},{"x":1503849600000,"y":262,"sc":"600"},{"x":1503936000000,"y":243,"sc":"600"},{"x":1504022400000,"y":274,"sc":"600"},{"x":1504108800000,"y":275,"sc":"601"},{"x":1504195200000,"y":278,"sc":"601"},{"x":1504454400000,"y":275,"sc":"601"},{"x":1504540800000,"y":271,"sc":"601"},{"x":1504627200000,"y":271,"sc":"601"},{"x":1504713600000,"y":273,"sc":"601"},{"x":1504800000000,"y":275,"sc":"601"},{"x":1505059200000,"y":270,"sc":"603"},{"x":1505145600000,"y":270,"sc":"603"},{"x":1505232000000,"y":271,"sc":"603"},{"x":1505318400000,"y":276,"sc":"605"},{"x":1505404800000,"y":275,"sc":"605"},{"x":1505664000000,"y":272,"sc":"606"},{"x":1505750400000,"y":274,"sc":"606"},{"x":1505836800000,"y":270,"sc":"603"},{"x":1505923200000,"y":267,"sc":"603"},{"x":1506009600000,"y":267,"sc":"603"},{"x":1506268800000,"y":262,"sc":"603"},{"x":1506355200000,"y":260,"sc":"603"},{"x":1506441600000,"y":248,"sc":"604"},{"x":1506528000000,"y":243,"sc":"604"},{"x":1506614400000,"y":237,"sc":"606"},{"x":1507478400000,"y":226,"sc":"606"},{"x":1507564800000,"y":227,"sc":"607"},{"x":1507651200000,"y":228,"sc":"607"},{"x":1507737600000,"y":227,"sc":"611"},{"x":1507824000000,"y":225,"sc":"611"},{"x":1508083200000,"y":225,"sc":"612"},{"x":1508169600000,"y":221,"sc":"612"},{"x":1508256000000,"y":214,"sc":"611"},{"x":1508342400000,"y":211,"sc":"611"},{"x":1508428800000,"y":249,"sc":"611"},{"x":1508688000000,"y":299,"sc":"606"},{"x":1508774400000,"y":294,"sc":"606"},{"x":1508860800000,"y":292,"sc":"607"},{"x":1508947200000,"y":293,"sc":"607"},{"x":1509033600000,"y":288,"sc":"607"},{"x":1509292800000,"y":277,"sc":"609"},{"x":1509379200000,"y":275,"sc":"610"},{"x":1509465600000,"y":273,"sc":"610"},{"x":1509552000000,"y":271,"sc":"613"},{"x":1509638400000,"y":271,"sc":"617"},{"x":1509897600000,"y":273,"sc":"621"},{"x":1509984000000,"y":273,"sc":"621"},{"x":1510070400000,"y":274,"sc":"621"},{"x":1510156800000,"y":274,"sc":"623"},{"x":1510243200000,"y":273,"sc":"623"},{"x":1510502400000,"y":272,"sc":"633"},{"x":1510588800000,"y":272,"sc":"635"},{"x":1510675200000,"y":273,"sc":"635"},{"x":1510761600000,"y":272,"sc":"635"},{"x":1510848000000,"y":270,"sc":"636"},{"x":1511107200000,"y":270,"sc":"636"},{"x":1511193600000,"y":269,"sc":"636"},{"x":1511280000000,"y":271,"sc":"636"},{"x":1511366400000,"y":270,"sc":"636"},{"x":1511452800000,"y":270,"sc":"637"},{"x":1511712000000,"y":271,"sc":"640"},{"x":1511798400000,"y":268,"sc":"640"},{"x":1511884800000,"y":268,"sc":"640"},{"x":1511971200000,"y":265,"sc":"641"},{"x":1512057600000,"y":263,"sc":"643"},{"x":1512316800000,"y":267,"sc":"643"},{"x":1512403200000,"y":268,"sc":"643"},{"x":1512489600000,"y":266,"sc":"643"},{"x":1512576000000,"y":270,"sc":"644"},{"x":1512662400000,"y":273,"sc":"652"},{"x":1512921600000,"y":280,"sc":"652"},{"x":1513008000000,"y":282,"sc":"653"},{"x":1513094400000,"y":283,"sc":"653"},{"x":1513180800000,"y":283,"sc":"654"},{"x":1513267200000,"y":286,"sc":"656"},{"x":1513526400000,"y":292,"sc":"656"},{"x":1513612800000,"y":291,"sc":"656"},{"x":1513699200000,"y":289,"sc":"656"},{"x":1513785600000,"y":286,"sc":"655"},{"x":1513872000000,"y":282,"sc":"655"},{"x":1514131200000,"y":281,"sc":"655"},{"x":1514217600000,"y":279,"sc":"655"},{"x":1514304000000,"y":273,"sc":"654"},{"x":1514390400000,"y":273,"sc":"655"},{"x":1514476800000,"y":269,"sc":"655"},{"x":1514822400000,"y":250,"sc":"655"},{"x":1514908800000,"y":243,"sc":"655"},{"x":1514995200000,"y":235,"sc":"655"},{"x":1515081600000,"y":228,"sc":"655"},{"x":1515340800000,"y":302,"sc":"655"},{"x":1515427200000,"y":297,"sc":"655"},{"x":1515513600000,"y":300,"sc":"656"},{"x":1515600000000,"y":305,"sc":"657"},{"x":1515686400000,"y":309,"sc":"657"},{"x":1515945600000,"y":313,"sc":"657"},{"x":1516032000000,"y":319,"sc":"657"},{"x":1516118400000,"y":319,"sc":"657"},{"x":1516204800000,"y":317,"sc":"657"},{"x":1516291200000,"y":310,"sc":"657"},{"x":1516550400000,"y":313,"sc":"657"},{"x":1516636800000,"y":314,"sc":"657"},{"x":1516723200000,"y":315,"sc":"657"},{"x":1516809600000,"y":319,"sc":"657"},{"x":1516896000000,"y":321,"sc":"655"},{"x":1517155200000,"y":332,"sc":"656"},{"x":1517241600000,"y":338,"sc":"656"},{"x":1517328000000,"y":340,"sc":"656"},{"x":1517414400000,"y":345,"sc":"656"},{"x":1517500800000,"y":346,"sc":"656"},{"x":1517760000000,"y":364,"sc":"656"},{"x":1517846400000,"y":369,"sc":"656"}];
/*百分比排名*/
var Data_rateInSimilarPersent = [[1488816000000,8.5400],[1488902400000,8.7200],[1488988800000,8.6900],[1489075200000,9.0700],[1489334400000,11.00],[1489420800000,11.9700],[1489507200000,11.9700],[1489593600000,12.3100],[1489680000000,13.0800],[1489939200000,13.4100],[1490025600000,12.8400],[1490112000000,13.3600],[1490198400000,13.5800],[1490284800000,14.3400],[1490544000000,12.7300],[1490630400000,12.5200],[1490716800000,10.8400],[1490803200000,10.7800],[1490889600000,11.7100],[1491321600000,11.9000],[1491408000000,11.6700],[1491494400000,11.6700],[1491753600000,12.9600],[1491840000000,13.1500],[1491926400000,13.1500],[1492012800000,13.1200],[1492099200000,13.8600],[1492358400000,14.9200],[1492444800000,14.3600],[1492531200000,13.8100],[1492617600000,12.1100],[1492704000000,12.4800],[1492963200000,12.4800],[1493049600000,12.8000],[1493136000000,9.2900],[1493222400000,9.6500],[1493308800000,9.6500],[1493654400000,12.5700],[1493740800000,12.9100],[1493827200000,13.4500],[1493913600000,13.2700],[1494172800000,13.6400],[1494259200000,14.00],[1494345600000,14.3600],[1494432000000,15.4500],[1494518400000,15.4500],[1494777600000,16.0600],[1494864000000,16.3700],[1494950400000,15.7100],[1495036800000,16.2500],[1495123200000,17.1400],[1495382400000,18.3900],[1495468800000,18.3300],[1495555200000,17.7300],[1495641600000,18.0900],[1495728000000,20.3900],[1496160000000,23.9400],[1496246400000,23.5800],[1496332800000,23.5800],[1496592000000,27.5600],[1496678400000,28.9800],[1496764800000,30.0400],[1496851200000,31.2700],[1496937600000,32.1600],[1497196800000,32.5800],[1497283200000,33.4500],[1497369600000,33.3900],[1497456000000,33.7400],[1497542400000,33.5700],[1497801600000,33.4500],[1497888000000,32.7600],[1497974400000,33.0400],[1498060800000,32.7000],[1498147200000,32.1200],[1498406400000,30.7400],[1498492800000,29.7100],[1498579200000,29.8800],[1498665600000,29.8800],[1498752000000,30.0700],[1499011200000,34.5400],[1499097600000,30.7600],[1499184000000,30.8700],[1499270400000,31.0500],[1499356800000,31.2200],[1499616000000,32.5900],[1499702400000,32.7600],[1499788800000,33.1000],[1499875200000,33.7900],[1499961600000,33.6200],[1500220800000,33.7900],[1500307200000,33.4500],[1500393600000,33.4500],[1500480000000,36.8400],[1500566400000,42.1600],[1500825600000,42.6600],[1500912000000,42.8300],[1500998400000,42.9300],[1501084800000,42.9300],[1501171200000,43.9400],[1501430400000,48.1500],[1501516800000,44.4400],[1501603200000,44.9500],[1501689600000,44.9500],[1501776000000,45.4500],[1502035200000,46.4800],[1502121600000,47.1500],[1502208000000,47.6500],[1502294400000,47.8200],[1502380800000,47.9900],[1502640000000,49.1600],[1502726400000,49.8300],[1502812800000,49.5000],[1502899200000,49.8300],[1502985600000,50.00],[1503244800000,51.7600],[1503331200000,52.2600],[1503417600000,52.6000],[1503504000000,53.8600],[1503590400000,53.3600],[1503849600000,56.3300],[1503936000000,59.5000],[1504022400000,54.3300],[1504108800000,54.2400],[1504195200000,53.7400],[1504454400000,54.2400],[1504540800000,54.9100],[1504627200000,54.9100],[1504713600000,54.5800],[1504800000000,54.2400],[1505059200000,55.2200],[1505145600000,55.2200],[1505232000000,55.0600],[1505318400000,54.3800],[1505404800000,54.5500],[1505664000000,55.1200],[1505750400000,54.7900],[1505836800000,55.2200],[1505923200000,55.7200],[1506009600000,55.7200],[1506268800000,56.5500],[1506355200000,56.8800],[1506441600000,58.9400],[1506528000000,59.7700],[1506614400000,60.8900],[1507478400000,62.7100],[1507564800000,62.6000],[1507651200000,62.4400],[1507737600000,62.8500],[1507824000000,63.1800],[1508083200000,63.2400],[1508169600000,63.8900],[1508256000000,64.9800],[1508342400000,65.4700],[1508428800000,59.2500],[1508688000000,50.6600],[1508774400000,51.4900],[1508860800000,51.8900],[1508947200000,51.7300],[1509033600000,52.5500],[1509292800000,54.5200],[1509379200000,54.9200],[1509465600000,55.2500],[1509552000000,55.7900],[1509638400000,56.0800],[1509897600000,56.0400],[1509984000000,56.0400],[1510070400000,55.8800],[1510156800000,56.0200],[1510243200000,56.1800],[1510502400000,57.0300],[1510588800000,57.1700],[1510675200000,57.0100],[1510761600000,57.1700],[1510848000000,57.5500],[1511107200000,57.5500],[1511193600000,57.7000],[1511280000000,57.3900],[1511366400000,57.5500],[1511452800000,57.6100],[1511712000000,57.6600],[1511798400000,58.1200],[1511884800000,58.1200],[1511971200000,58.6600],[1512057600000,59.1000],[1512316800000,58.4800],[1512403200000,58.3200],[1512489600000,58.6300],[1512576000000,58.0700],[1512662400000,58.1300],[1512921600000,57.0600],[1513008000000,56.8100],[1513094400000,56.6600],[1513180800000,56.7300],[1513267200000,56.4000],[1513526400000,55.4900],[1513612800000,55.6400],[1513699200000,55.9500],[1513785600000,56.3400],[1513872000000,56.9500],[1514131200000,57.1000],[1514217600000,57.4000],[1514304000000,58.2600],[1514390400000,58.3200],[1514476800000,58.9300],[1514822400000,61.8300],[1514908800000,62.9000],[1514995200000,64.1200],[1515081600000,65.1900],[1515340800000,53.8900],[1515427200000,54.6600],[1515513600000,54.2700],[1515600000000,53.5800],[1515686400000,52.9700],[1515945600000,52.3600],[1516032000000,51.4500],[1516118400000,51.4500],[1516204800000,51.7500],[1516291200000,52.8200],[1516550400000,52.3600],[1516636800000,52.2100],[1516723200000,52.0500],[1516809600000,51.4500],[1516896000000,50.9900],[1517155200000,49.3900],[1517241600000,48.4800],[1517328000000,48.1700],[1517414400000,47.4100],[1517500800000,47.2600],[1517760000000,44.5100],[1517846400000,43.7500]];
/*规模变动*/
var Data_fluctuationScale = {"categories":["2016-12-31","2017-03-31","2017-06-30","2017-09-30","2017-12-31"],"series":[{"y":0.00,"mom":"290.95%"},{"y":0.03,"mom":"1086.32%"},{"y":0.23,"mom":"734.15%"},{"y":0.59,"mom":"161.23%"},{"y":0.95,"mom":"59.22%"}]};;
/*持有人结构*/
var Data_holderStructure = {"series":[{"name":"机构持有比例","data":[0.0]},{"name":"个人持有比例","data":[100.0]},{"name":"内部持有比例","data":[0.29]}],"categories":["2017-06-30"]};
/*申购赎回*/
var Data_assetAllocation ={"series":[{"name":"期间申购","data":[0.06,0.98,4.24,1.90]},{"name":"期间赎回","data":[0.03,0.78,3.87,1.55]},{"name":"总份额","data":[0.03,0.23,0.59,0.95]}],"categories":["2017-03-31","2017-06-30","2017-09-30","2017-12-31"]};
/*现任基金经理*/
var Data_currentFundManager = [{"id":"30131854","pic":"https://pdf.dfcfw.com/pdf/H8_JPG30131854_1.jpg","name":"连端清","star":4,"workTime":"2年又188天","fundSize":"840.71亿(30只基金)","power":{"avr":"65.42","categories":["经验值","收益率","影响力","稳定性","管理规模"],"dsc":["反映基金经理从业年限和管理基金的经验","根据基金经理投资的阶段收益评分，反映\u003cbr\u003e基金经理投资的盈利能力","根据基金经理所管理基金的机构和个人投\u003cbr\u003e资者持有比例评分","反映基金经理投资收益的波动","根据基金经理现任管理基金资产规模评分"],"data":[53.40,75.80,65.20,50.0,77.30],"jzrq":"2018-02-06"},"profit":{"categories":["任期收益","同类平均"],"series":[{"data":[{"name":null,"color":"#7cb5ec","y":4.3153},{"name":null,"color":"#414c7b","y":4.47}]}],"jzrq":"2018-02-06"}},{"id":"30350050","pic":"https://pdf.dfcfw.com/pdf/H8_JPG30350050_1.jpg","name":"黄莹洁","star":4,"workTime":"2年又257天","fundSize":"797.60亿(22只基金)","power":{"avr":"63.03","categories":["经验值","收益率","影响力","稳定性","管理规模"],"dsc":["反映基金经理从业年限和管理基金的经验","根据基金经理投资的阶段收益评分，反映\u003cbr\u003e基金经理投资的盈利能力","根据基金经理所管理基金的机构和个人投\u003cbr\u003e资者持有比例评分","反映基金经理投资收益的波动","根据基金经理现任管理基金资产规模评分"],"data":[57.90,71.60,96.20,41.90,78.0],"jzrq":"2018-02-06"},"profit":{"categories":["任期收益","同类平均"],"series":[{"data":[{"name":null,"color":"#7cb5ec","y":4.3153},{"name":null,"color":"#414c7b","y":4.47}]}],"jzrq":"2018-02-06"}}] ;
/*同类型基金涨幅榜（页面底部通栏）*/
var swithSameType = [['002895_华夏天利货币B_5.8750','002894_华夏天利货币A_5.6210','004398_融通现金宝货币B_5.3370','000902_国开货币B_5.3360','001478_泰康薪意保货币B_5.1400'],['002895_华夏天利货币B_5.26','004973_长城收益宝货币B_5.08','004904_人保货币B_5.05','002884_华润元大现金通货币B_5.01','002894_华夏天利货币A_5.01'],['004973_长城收益宝货币B_5.05','004770_海富通添益货币A_4.99','002884_华润元大现金通货币B_4.99','005151_红土创新优淳货币B_4.90','002895_华夏天利货币B_4.89'],['004770_海富通添益货币A_5.39','004973_长城收益宝货币B_5.13','002884_华润元大现金通货币B_5.03','002895_华夏天利货币B_5.03','004398_融通现金宝货币B_5.01'],['003679_中融现金增利货币C_4.67','003474_南方天天利货币B_4.55','000836_国投瑞银钱多宝货币A_4.52','000837_国投瑞银钱多宝货币I_4.52','003753_工银如意货币B_4.51']];