/**
 * 测试数据
 * @type {arry}
 */
/*2018-02-07 15:33:20*/
//基金或股票信息
var fS_name = "国金金腾通货币C";
var fS_code = "001621";
var fund_minsg="";
var ishb=true;
/*原费率*/
var fund_sourceRate="0";
/*现费率*/
var fund_Rate="0";
/*最小申购金额*/
var fund_minsg="";
/*收益率*/
/*近一年收益率*/
var syl_1n="3.3621";
/*近6月收益率*/
var syl_6y="1.7271";
/*近三月收益率*/
var syl_3y="0.8748";
/*近一月收益率*/
var syl_1y="0.2855";
/* 基金收益走势图 每万份收益*/
var Data_millionCopiesIncome = [[1443369600000,0.0],[1443456000000,0.0],[1443542400000,1.4433],[1443628800000,0.608],[1443715200000,0.608],[1443801600000,0.608],[1443888000000,0.608],[1443974400000,0.608],[1444060800000,0.608],[1444147200000,0.608],[1444233600000,0.6633],[1444320000000,0.6594],[1444406400000,0.6048],[1444492800000,0.6048],[1444579200000,0.6465],[1444665600000,1.572],[1444752000000,0.7323],[1444838400000,0.6733],[1444924800000,0.567],[1445011200000,0.5486],[1445097600000,0.5486],[1445184000000,0.6196],[1445270400000,0.742],[1445356800000,0.5546],[1445443200000,0.5351],[1445529600000,0.7246],[1445616000000,0.5396],[1445702400000,0.5396],[1445788800000,0.5538],[1445875200000,1.2379],[1445961600000,0.6228],[1446048000000,1.7825],[1446134400000,2.7096],[1446220800000,0.5324],[1446307200000,0.5324],[1446393600000,0.6761],[1446480000000,0.6364],[1446566400000,0.7873],[1446652800000,0.6763],[1446739200000,1.3593],[1446825600000,0.5169],[1446912000000,0.5169],[1446998400000,0.445],[1447084800000,0.7291],[1447171200000,0.3949],[1447257600000,1.9576],[1447344000000,1.656],[1447430400000,0.3531],[1447516800000,0.3532],[1447603200000,0.5163],[1447689600000,0.3209],[1447776000000,0.2923],[1447862400000,0.293],[1447948800000,0.2497],[1448035200000,0.2357],[1448121600000,0.2358],[1448208000000,0.1644],[1448294400000,0.0496],[1448380800000,0.6964],[1448467200000,0.9585],[1448553600000,0.4778],[1448640000000,0.269],[1448726400000,0.2691],[1448812800000,0.2439],[1448899200000,0.6672],[1448985600000,0.7596],[1449072000000,0.8607],[1449158400000,2.3617],[1449244800000,0.468],[1449331200000,0.468],[1449417600000,0.5571],[1449504000000,0.4127],[1449590400000,0.354],[1449676800000,0.365],[1449763200000,0.3332],[1449849600000,0.3361],[1449936000000,0.3461],[1450022400000,0.2469],[1450108800000,1.8945],[1450195200000,2.2865],[1450281600000,1.5482],[1450368000000,0.3361],[1450454400000,0.2592],[1450540800000,0.2594],[1450627200000,0.2789],[1450713600000,0.2394],[1450800000000,0.2201],[1450886400000,0.1275],[1450972800000,3.9022],[1451059200000,0.6456],[1451145600000,0.6457],[1451232000000,2.9781],[1451318400000,0.6744],[1451404800000,0.5823],[1451491200000,0.5844],[1451577600000,0.6039],[1451664000000,0.6039],[1451750400000,0.6039],[1451836800000,0.6062],[1451923200000,0.5838],[1452009600000,0.6086],[1452096000000,0.5817],[1452182400000,0.5383],[1452268800000,0.526],[1452355200000,0.526],[1452441600000,0.5542],[1452528000000,0.5306],[1452614400000,0.531],[1452700800000,0.5403],[1452787200000,1.0429],[1452873600000,0.5593],[1452960000000,0.5594],[1453046400000,0.5675],[1453132800000,0.5539],[1453219200000,0.5506],[1453305600000,0.5428],[1453392000000,0.6078],[1453478400000,0.5546],[1453564800000,0.5546],[1453651200000,0.9258],[1453737600000,1.3391],[1453824000000,0.4039],[1453910400000,0.7531],[1453996800000,0.577],[1454083200000,0.4175],[1454169600000,0.4177],[1454256000000,0.5274],[1454342400000,0.4289],[1454428800000,1.2449],[1454515200000,0.5611],[1454601600000,1.6898],[1454688000000,0.6033],[1454774400000,0.6033],[1454860800000,0.6033],[1454947200000,0.6034],[1455033600000,0.6034],[1455120000000,0.6034],[1455206400000,0.6034],[1455292800000,0.6035],[1455379200000,0.6035],[1455465600000,0.6032],[1455552000000,0.9416],[1455638400000,0.5786],[1455724800000,0.5785],[1455811200000,0.5657],[1455897600000,0.5578],[1455984000000,0.5578],[1456070400000,0.5612],[1456156800000,0.5661],[1456243200000,0.5672],[1456329600000,1.0128],[1456416000000,0.7313],[1456502400000,0.5815],[1456588800000,0.5809],[1456675200000,0.7345],[1456761600000,0.5708],[1456848000000,0.786],[1456934400000,0.6292],[1457020800000,0.595],[1457107200000,0.5634],[1457193600000,0.5635],[1457280000000,1.6094],[1457366400000,1.6605],[1457452800000,0.5487],[1457539200000,0.8573],[1457625600000,0.6702],[1457712000000,0.5421],[1457798400000,0.5421],[1457884800000,0.6311],[1457971200000,0.8226],[1458057600000,1.5775],[1458144000000,0.5929],[1458230400000,0.5223],[1458316800000,0.5343],[1458403200000,0.5343],[1458489600000,0.9222],[1458576000000,0.5295],[1458662400000,0.7131],[1458748800000,0.9317],[1458835200000,0.5354],[1458921600000,0.5303],[1459008000000,0.5303],[1459094400000,0.539],[1459180800000,0.5237],[1459267200000,0.7511],[1459353600000,0.6685],[1459440000000,0.5597],[1459526400000,0.5472],[1459612800000,0.519],[1459699200000,0.5137],[1459785600000,1.7301],[1459872000000,0.5441],[1459958400000,0.7772],[1460044800000,0.5449],[1460131200000,0.5252],[1460217600000,0.5252],[1460304000000,0.8361],[1460390400000,0.5317],[1460476800000,0.7612],[1460563200000,0.5202],[1460649600000,0.8355],[1460736000000,0.535],[1460822400000,0.535],[1460908800000,0.5552],[1460995200000,0.5297],[1461081600000,0.5297],[1461168000000,0.5366],[1461254400000,0.5277],[1461340800000,0.5401],[1461427200000,0.5401],[1461513600000,0.625],[1461600000000,0.5458],[1461686400000,0.5506],[1461772800000,0.795],[1461859200000,0.6684],[1461945600000,0.5406],[1462032000000,0.5406],[1462118400000,0.5406],[1462204800000,0.6615],[1462291200000,0.6973],[1462377600000,0.5215],[1462464000000,0.5266],[1462550400000,0.528],[1462636800000,0.528],[1462723200000,0.5899],[1462809600000,0.6317],[1462896000000,0.6135],[1462982400000,0.5502],[1463068800000,0.7371],[1463155200000,0.5311],[1463241600000,0.5311],[1463328000000,0.5395],[1463414400000,0.5351],[1463500800000,0.8499],[1463587200000,0.6811],[1463673600000,0.7048],[1463760000000,0.5242],[1463846400000,0.5007],[1463932800000,0.8055],[1464019200000,0.5104],[1464105600000,0.5315],[1464192000000,1.1954],[1464278400000,0.8904],[1464364800000,0.5355],[1464451200000,0.5095],[1464537600000,0.5345],[1464624000000,0.5217],[1464710400000,0.8943],[1464796800000,0.5304],[1464883200000,0.7688],[1464969600000,0.5079],[1465056000000,0.4837],[1465142400000,0.6271],[1465228800000,0.5242],[1465315200000,0.5394],[1465401600000,0.5574],[1465488000000,0.5575],[1465574400000,0.5575],[1465660800000,0.5575],[1465747200000,0.5708],[1465833600000,0.5706],[1465920000000,0.5588],[1466006400000,0.566],[1466092800000,0.5494],[1466179200000,0.5528],[1466265600000,0.5501],[1466352000000,0.8075],[1466438400000,0.5534],[1466524800000,0.5573],[1466611200000,0.5651],[1466697600000,0.5336],[1466784000000,0.546],[1466870400000,0.5325],[1466956800000,0.5766],[1467043200000,0.5573],[1467129600000,0.5545],[1467216000000,0.5488],[1467302400000,0.6005],[1467388800000,0.5989],[1467475200000,0.599],[1467561600000,0.6021],[1467648000000,0.5628],[1467734400000,0.5522],[1467820800000,0.5342],[1467907200000,0.9836],[1467993600000,0.5322],[1468080000000,0.5323],[1468166400000,0.5555],[1468252800000,0.5307],[1468339200000,0.5339],[1468425600000,0.5307],[1468512000000,0.6878],[1468598400000,0.5314],[1468684800000,0.5314],[1468771200000,0.5416],[1468857600000,0.5172],[1468944000000,0.6626],[1469030400000,0.5251],[1469116800000,0.5148],[1469203200000,0.5296],[1469289600000,0.526],[1469376000000,0.9609],[1469462400000,0.8497],[1469548800000,0.527],[1469635200000,0.5318],[1469721600000,0.5174],[1469808000000,0.5255],[1469894400000,0.5255],[1469980800000,0.5382],[1470067200000,0.5216],[1470153600000,0.526],[1470240000000,0.519],[1470326400000,0.517],[1470412800000,0.5214],[1470499200000,0.5168],[1470585600000,0.5299],[1470672000000,0.5217],[1470758400000,0.5124],[1470844800000,0.5167],[1470931200000,0.5148],[1471017600000,0.4804],[1471104000000,0.4804],[1471190400000,0.5252],[1471276800000,0.5164],[1471363200000,0.5075],[1471449600000,0.5077],[1471536000000,0.505],[1471622400000,0.5106],[1471708800000,0.5093],[1471795200000,0.6723],[1471881600000,0.5109],[1471968000000,0.5017],[1472054400000,0.5011],[1472140800000,0.6113],[1472227200000,0.4976],[1472313600000,0.4976],[1472400000000,1.396],[1472486400000,0.4929],[1472572800000,0.4985],[1472659200000,0.5288],[1472745600000,0.4831],[1472832000000,0.4817],[1472918400000,0.4818],[1473004800000,0.498],[1473091200000,0.4735],[1473177600000,0.4904],[1473264000000,0.4678],[1473350400000,0.8521],[1473436800000,0.4729],[1473523200000,0.4729],[1473609600000,0.7518],[1473696000000,0.4682],[1473782400000,0.4733],[1473868800000,0.4824],[1473955200000,0.4825],[1474041600000,0.4825],[1474128000000,0.4825],[1474214400000,0.4974],[1474300800000,0.4754],[1474387200000,0.4803],[1474473600000,0.4792],[1474560000000,0.4786],[1474646400000,0.487],[1474732800000,0.487],[1474819200000,0.4952],[1474905600000,0.4686],[1474992000000,0.786],[1475078400000,0.9098],[1475164800000,0.5352],[1475251200000,0.494],[1475337600000,0.494],[1475424000000,0.4941],[1475510400000,0.4941],[1475596800000,0.4941],[1475683200000,0.4942],[1475769600000,0.4942],[1475856000000,0.4942],[1475942400000,0.4942],[1476028800000,0.521],[1476115200000,0.4996],[1476201600000,1.1789],[1476288000000,0.6428],[1476374400000,0.5963],[1476460800000,0.4924],[1476547200000,0.4924],[1476633600000,0.5057],[1476720000000,0.4875],[1476806400000,0.4873],[1476892800000,0.4975],[1476979200000,0.6818],[1477065600000,0.4907],[1477152000000,0.4907],[1477238400000,1.617],[1477324800000,0.6323],[1477411200000,0.4922],[1477497600000,0.5467],[1477584000000,0.4865],[1477670400000,0.5033],[1477756800000,0.502],[1477843200000,0.6428],[1477929600000,0.4971],[1478016000000,0.5099],[1478102400000,0.6961],[1478188800000,0.5076],[1478275200000,0.5119],[1478361600000,0.5129],[1478448000000,0.8715],[1478534400000,0.5118],[1478620800000,0.5195],[1478707200000,0.5236],[1478793600000,0.5058],[1478880000000,0.5217],[1478966400000,0.5205],[1479052800000,0.6698],[1479139200000,0.524],[1479225600000,0.5203],[1479312000000,0.5284],[1479398400000,0.5227],[1479484800000,0.5323],[1479571200000,0.5323],[1479657600000,0.546],[1479744000000,0.5345],[1479830400000,0.5345],[1479916800000,0.5398],[1480003200000,0.5396],[1480089600000,0.5481],[1480176000000,0.5481],[1480262400000,0.5541],[1480348800000,0.5406],[1480435200000,0.6013],[1480521600000,0.558],[1480608000000,0.5667],[1480694400000,0.5699],[1480780800000,0.5675],[1480867200000,0.593],[1480953600000,0.5755],[1481040000000,0.5879],[1481126400000,0.5784],[1481212800000,0.5654],[1481299200000,0.5806],[1481385600000,0.5806],[1481472000000,0.4536],[1481558400000,0.5857],[1481644800000,0.5792],[1481731200000,0.5678],[1481817600000,0.2814],[1481904000000,0.41],[1481990400000,0.4266],[1482076800000,0.7824],[1482163200000,0.5687],[1482249600000,0.0902],[1482336000000,0.548],[1482422400000,0.7504],[1482508800000,0.6197],[1482595200000,0.6198],[1482681600000,0.751],[1482768000000,0.6225],[1482854400000,0.6436],[1482940800000,0.6532],[1483027200000,0.9195],[1483113600000,0.6438],[1483200000000,0.6431],[1483286400000,0.6431],[1483372800000,0.7426],[1483459200000,0.6466],[1483545600000,0.4808],[1483632000000,0.6673],[1483718400000,0.6507],[1483804800000,0.6507],[1483891200000,0.8443],[1483977600000,0.6796],[1484064000000,0.6808],[1484150400000,0.6838],[1484236800000,0.678],[1484323200000,0.6958],[1484409600000,0.6911],[1484496000000,0.7045],[1484582400000,0.6635],[1484668800000,0.6403],[1484755200000,0.876],[1484841600000,0.7099],[1484928000000,0.7254],[1485014400000,0.7254],[1485100800000,0.7214],[1485187200000,0.7383],[1485273600000,1.4653],[1485360000000,0.7392],[1485446400000,0.7586],[1485532800000,0.7586],[1485619200000,0.7587],[1485705600000,0.7587],[1485792000000,0.7587],[1485878400000,0.7588],[1485964800000,0.7588],[1486051200000,0.7807],[1486137600000,0.7571],[1486224000000,0.7571],[1486310400000,0.7885],[1486396800000,0.7978],[1486483200000,0.8031],[1486569600000,0.7987],[1486656000000,0.8497],[1486742400000,0.8193],[1486828800000,0.8138],[1486915200000,0.8059],[1487001600000,0.8212],[1487088000000,0.8305],[1487174400000,0.8248],[1487260800000,0.8173],[1487347200000,0.8183],[1487433600000,0.8183],[1487520000000,0.8304],[1487606400000,0.8134],[1487692800000,0.8465],[1487779200000,0.8479],[1487865600000,0.8555],[1487952000000,0.8586],[1488038400000,0.8587],[1488124800000,0.8545],[1488211200000,0.8455],[1488297600000,0.8376],[1488384000000,0.8583],[1488470400000,0.8391],[1488556800000,0.8431],[1488643200000,0.8431],[1488729600000,0.8606],[1488816000000,0.8318],[1488902400000,0.8278],[1488988800000,0.8352],[1489075200000,0.8198],[1489161600000,0.8358],[1489248000000,0.821],[1489334400000,0.8381],[1489420800000,0.827],[1489507200000,0.8349],[1489593600000,0.7721],[1489680000000,0.8115],[1489766400000,0.8538],[1489852800000,0.8539],[1489939200000,0.8401],[1490025600000,0.7761],[1490112000000,0.8192],[1490198400000,0.8619],[1490284800000,0.8706],[1490371200000,0.8774],[1490457600000,0.8774],[1490544000000,0.871],[1490630400000,0.8561],[1490716800000,0.8493],[1490803200000,0.7236],[1490889600000,0.7408],[1490976000000,0.7491],[1491062400000,0.7491],[1491148800000,0.7491],[1491235200000,0.7492],[1491321600000,0.8835],[1491408000000,0.8646],[1491494400000,0.8428],[1491580800000,0.8411],[1491667200000,0.8411],[1491753600000,0.8609],[1491840000000,0.8201],[1491926400000,0.8213],[1492012800000,0.8085],[1492099200000,0.8079],[1492185600000,0.8186],[1492272000000,0.8041],[1492358400000,0.8353],[1492444800000,0.8153],[1492531200000,0.8321],[1492617600000,0.8129],[1492704000000,0.8281],[1492790400000,0.8199],[1492876800000,0.7741],[1492963200000,0.8542],[1493049600000,0.8416],[1493136000000,0.8583],[1493222400000,0.852],[1493308800000,0.8641],[1493395200000,0.8742],[1493481600000,0.8742],[1493568000000,0.8743],[1493654400000,1.1929],[1493740800000,0.8795],[1493827200000,0.8812],[1493913600000,0.8874],[1494000000000,0.8915],[1494086400000,0.8915],[1494172800000,0.9078],[1494259200000,0.8759],[1494345600000,0.8872],[1494432000000,0.8749],[1494518400000,0.875],[1494604800000,0.8608],[1494691200000,0.8609],[1494777600000,0.8953],[1494864000000,0.872],[1494950400000,0.8792],[1495036800000,0.8914],[1495123200000,0.8866],[1495209600000,0.8954],[1495296000000,0.8891],[1495382400000,0.9064],[1495468800000,0.9075],[1495555200000,0.9073],[1495641600000,0.9127],[1495728000000,0.9179],[1495814400000,0.9186],[1495900800000,0.9187],[1495987200000,0.9187],[1496073600000,0.9188],[1496160000000,0.9089],[1496246400000,0.9087],[1496332800000,0.9261],[1496419200000,0.9168],[1496505600000,0.9168],[1496592000000,0.923],[1496678400000,0.9286],[1496764800000,0.9221],[1496851200000,0.9319],[1496937600000,0.9213],[1497024000000,0.9201],[1497110400000,0.9202],[1497196800000,0.9247],[1497283200000,0.9204],[1497369600000,0.9143],[1497456000000,0.9241],[1497542400000,0.927],[1497628800000,0.929],[1497715200000,0.929],[1497801600000,0.9361],[1497888000000,0.9349],[1497974400000,0.9435],[1498060800000,0.9464],[1498147200000,1.2362],[1498233600000,0.9568],[1498320000000,0.9569],[1498406400000,1.1274],[1498492800000,0.9735],[1498579200000,0.9755],[1498665600000,0.9746],[1498752000000,1.0109],[1498838400000,0.9902],[1498924800000,0.9902],[1499011200000,0.9743],[1499097600000,0.9632],[1499184000000,0.9457],[1499270400000,0.9304],[1499356800000,0.9165],[1499443200000,0.9165],[1499529600000,0.9166],[1499616000000,0.9237],[1499702400000,0.9025],[1499788800000,0.9137],[1499875200000,0.9099],[1499961600000,0.9134],[1500048000000,0.9092],[1500134400000,0.9093],[1500220800000,0.9063],[1500307200000,0.9081],[1500393600000,0.9167],[1500480000000,0.9262],[1500566400000,0.9225],[1500652800000,0.9203],[1500739200000,0.9203],[1500825600000,0.923],[1500912000000,0.9204],[1500998400000,0.916],[1501084800000,0.9176],[1501171200000,0.9067],[1501257600000,0.9083],[1501344000000,0.9083],[1501430400000,0.8926],[1501516800000,0.9134],[1501603200000,0.9176],[1501689600000,0.9207],[1501776000000,0.9111],[1501862400000,0.9021],[1501948800000,0.9022],[1502035200000,0.9004],[1502121600000,0.8931],[1502208000000,0.8868],[1502294400000,0.8901],[1502380800000,0.8991],[1502467200000,0.8943],[1502553600000,0.8943],[1502640000000,0.8905],[1502726400000,0.8758],[1502812800000,0.8822],[1502899200000,0.872],[1502985600000,0.8951],[1503072000000,0.8821],[1503158400000,0.8822],[1503244800000,0.9039],[1503331200000,0.8833],[1503417600000,0.896],[1503504000000,0.893],[1503590400000,0.8948],[1503676800000,0.8933],[1503763200000,0.8934],[1503849600000,0.8965],[1503936000000,0.8486],[1504022400000,1.1887],[1504108800000,0.9006],[1504195200000,0.8992],[1504281600000,0.879],[1504368000000,0.8791],[1504454400000,0.8995],[1504540800000,0.8808],[1504627200000,0.8844],[1504713600000,0.8716],[1504800000000,0.866],[1504886400000,0.8563],[1504972800000,0.8469],[1505059200000,1.0209],[1505145600000,0.882],[1505232000000,0.9077],[1505318400000,0.8975],[1505404800000,0.9003],[1505491200000,0.8931],[1505577600000,0.8932],[1505664000000,0.9098],[1505750400000,0.9074],[1505836800000,0.9059],[1505923200000,0.9204],[1506009600000,0.9098],[1506096000000,0.8913],[1506182400000,0.8664],[1506268800000,1.0248],[1506355200000,0.8667],[1506441600000,0.6123],[1506528000000,0.6546],[1506614400000,0.9],[1506700800000,0.9207],[1506787200000,0.9207],[1506873600000,0.9208],[1506960000000,0.9208],[1507046400000,0.9209],[1507132800000,0.921],[1507219200000,0.921],[1507305600000,0.9211],[1507392000000,0.9211],[1507478400000,0.9447],[1507564800000,0.9465],[1507651200000,0.9484],[1507737600000,0.9339],[1507824000000,0.9197],[1507910400000,0.9048],[1507996800000,0.9049],[1508083200000,1.8222],[1508169600000,1.1631],[1508256000000,0.9274],[1508342400000,0.9298],[1508428800000,0.9311],[1508515200000,0.9303],[1508601600000,0.9304],[1508688000000,0.9386],[1508774400000,0.9285],[1508860800000,0.9274],[1508947200000,0.9204],[1509033600000,0.9344],[1509120000000,0.9392],[1509206400000,0.9392],[1509292800000,0.8992],[1509379200000,0.8141],[1509465600000,0.9035],[1509552000000,0.9037],[1509638400000,0.9119],[1509724800000,0.899],[1509811200000,0.8991],[1509897600000,0.9086],[1509984000000,0.9539],[1510070400000,0.9527],[1510156800000,0.9381],[1510243200000,0.9275],[1510329600000,0.9389],[1510416000000,0.939],[1510502400000,1.1827],[1510588800000,0.9318],[1510675200000,0.9476],[1510761600000,0.9568],[1510848000000,1.1186],[1510934400000,0.951],[1511020800000,0.951],[1511107200000,0.9529],[1511193600000,0.9494],[1511280000000,0.9519],[1511366400000,0.9443],[1511452800000,0.9586],[1511539200000,0.9591],[1511625600000,0.9592],[1511712000000,0.961],[1511798400000,0.9371],[1511884800000,0.9513],[1511971200000,0.964],[1512057600000,0.9725],[1512144000000,0.9683],[1512230400000,0.9684],[1512316800000,0.9788],[1512403200000,0.9607],[1512489600000,0.9589],[1512576000000,0.9583],[1512662400000,0.9526],[1512748800000,0.9537],[1512835200000,0.9538],[1512921600000,1.0442],[1513008000000,0.9477],[1513094400000,0.9485],[1513180800000,0.9454],[1513267200000,0.944],[1513353600000,0.9372],[1513440000000,0.9373],[1513526400000,0.9464],[1513612800000,0.9426],[1513699200000,0.9509],[1513785600000,0.9583],[1513872000000,0.977],[1513958400000,0.9529],[1514044800000,0.9529],[1514131200000,0.9813],[1514217600000,0.9412],[1514304000000,0.9498],[1514390400000,0.6867],[1514476800000,1.0094],[1514563200000,1.0278],[1514649600000,1.0279],[1514736000000,1.0276],[1514822400000,1.0686],[1514908800000,0.9993],[1514995200000,0.938],[1515081600000,0.8768],[1515168000000,0.8545],[1515254400000,0.8546],[1515340800000,0.8702],[1515427200000,0.8611],[1515513600000,0.8594],[1515600000000,0.8687],[1515686400000,0.867],[1515772800000,0.8539],[1515859200000,0.8539],[1515945600000,0.8825],[1516032000000,0.8828],[1516118400000,0.9044],[1516204800000,0.9401],[1516291200000,0.9669],[1516377600000,0.949],[1516464000000,0.9491],[1516550400000,0.9746],[1516636800000,0.9611],[1516723200000,0.9617],[1516809600000,0.9596],[1516896000000,0.9537],[1516982400000,0.9524],[1517068800000,0.9524],[1517155200000,0.9396],[1517241600000,0.9569],[1517328000000,0.9465],[1517414400000,0.9559],[1517500800000,0.9505],[1517587200000,0.9104],[1517673600000,0.9105],[1517760000000,0.9404],[1517846400000,0.9232]];
/*基金收益走势图   7日年化收益率*/
var Data_sevenDaysYearIncome = [[1443369600000,0.0],[1443456000000,0.0],[1443542400000,1.77],[1443628800000,1.89],[1443715200000,1.96],[1443801600000,2.01],[1443888000000,2.04],[1443974400000,2.37],[1444060800000,2.69],[1444147200000,2.24],[1444233600000,2.27],[1444320000000,2.3],[1444406400000,2.3],[1444492800000,2.3],[1444579200000,2.32],[1444665600000,2.83],[1444752000000,2.9],[1444838400000,2.91],[1444924800000,2.86],[1445011200000,2.83],[1445097600000,2.8],[1445184000000,2.78],[1445270400000,2.34],[1445356800000,2.24],[1445443200000,2.17],[1445529600000,2.25],[1445616000000,2.25],[1445702400000,2.24],[1445788800000,2.21],[1445875200000,2.47],[1445961600000,2.51],[1446048000000,3.18],[1446134400000,4.25],[1446220800000,4.25],[1446307200000,4.24],[1446393600000,4.31],[1446480000000,3.98],[1446566400000,4.07],[1446652800000,3.47],[1446739200000,2.75],[1446825600000,2.74],[1446912000000,2.73],[1446998400000,2.61],[1447084800000,2.66],[1447171200000,2.45],[1447257600000,3.13],[1447344000000,3.29],[1447430400000,3.21],[1447516800000,3.12],[1447603200000,3.16],[1447689600000,2.94],[1447776000000,2.88],[1447862400000,1.99],[1447948800000,1.25],[1448035200000,1.19],[1448121600000,1.12],[1448208000000,0.94],[1448294400000,0.8],[1448380800000,1.01],[1448467200000,1.36],[1448553600000,1.48],[1448640000000,1.5],[1448726400000,1.52],[1448812800000,1.56],[1448899200000,1.89],[1448985600000,1.92],[1449072000000,1.87],[1449158400000,2.87],[1449244800000,2.98],[1449331200000,3.09],[1449417600000,3.25],[1449504000000,3.12],[1449590400000,2.9],[1449676800000,2.63],[1449763200000,1.55],[1449849600000,1.48],[1449936000000,1.42],[1450022400000,1.26],[1450108800000,2.04],[1450195200000,3.07],[1450281600000,3.71],[1450368000000,3.71],[1450454400000,3.67],[1450540800000,3.63],[1450627200000,3.64],[1450713600000,2.75],[1450800000000,1.65],[1450886400000,0.9],[1450972800000,2.79],[1451059200000,3.0],[1451145600000,3.21],[1451232000000,4.67],[1451318400000,4.91],[1451404800000,5.11],[1451491200000,5.36],[1451577600000,3.56],[1451664000000,3.54],[1451750400000,3.52],[1451836800000,2.25],[1451923200000,2.2],[1452009600000,2.21],[1452096000000,2.21],[1452182400000,2.17],[1452268800000,2.13],[1452355200000,2.09],[1452441600000,2.06],[1452528000000,2.04],[1452614400000,1.99],[1452700800000,1.97],[1452787200000,2.24],[1452873600000,2.26],[1452960000000,2.28],[1453046400000,2.28],[1453132800000,2.3],[1453219200000,2.31],[1453305600000,2.31],[1453392000000,2.08],[1453478400000,2.07],[1453564800000,2.07],[1453651200000,2.26],[1453737600000,2.68],[1453824000000,2.6],[1453910400000,2.72],[1453996800000,2.7],[1454083200000,2.63],[1454169600000,2.55],[1454256000000,2.34],[1454342400000,1.86],[1454428800000,2.3],[1454515200000,2.2],[1454601600000,2.8],[1454688000000,2.89],[1454774400000,2.99],[1454860800000,3.04],[1454947200000,3.13],[1455033600000,2.78],[1455120000000,2.81],[1455206400000,2.23],[1455292800000,2.23],[1455379200000,2.23],[1455465600000,2.23],[1455552000000,2.41],[1455638400000,2.39],[1455724800000,2.38],[1455811200000,2.36],[1455897600000,2.34],[1455984000000,2.31],[1456070400000,2.29],[1456156800000,2.09],[1456243200000,2.08],[1456329600000,2.31],[1456416000000,2.4],[1456502400000,2.42],[1456588800000,2.43],[1456675200000,2.52],[1456761600000,2.52],[1456848000000,2.64],[1456934400000,2.44],[1457020800000,2.36],[1457107200000,2.35],[1457193600000,2.34],[1457280000000,2.81],[1457366400000,3.4],[1457452800000,3.27],[1457539200000,3.39],[1457625600000,3.43],[1457712000000,3.42],[1457798400000,3.41],[1457884800000,2.88],[1457971200000,2.44],[1458057600000,2.99],[1458144000000,2.84],[1458230400000,2.76],[1458316800000,2.76],[1458403200000,2.76],[1458489600000,2.91],[1458576000000,2.76],[1458662400000,2.29],[1458748800000,2.47],[1458835200000,2.48],[1458921600000,2.48],[1459008000000,2.48],[1459094400000,2.27],[1459180800000,2.27],[1459267200000,2.29],[1459353600000,2.15],[1459440000000,2.16],[1459526400000,2.17],[1459612800000,2.17],[1459699200000,2.15],[1459785600000,2.8],[1459872000000,2.69],[1459958400000,2.74],[1460044800000,2.74],[1460131200000,2.72],[1460217600000,2.73],[1460304000000,2.9],[1460390400000,2.26],[1460476800000,2.37],[1460563200000,2.24],[1460649600000,2.39],[1460736000000,2.4],[1460822400000,2.4],[1460908800000,2.25],[1460995200000,2.25],[1461081600000,2.13],[1461168000000,2.14],[1461254400000,1.97],[1461340800000,1.98],[1461427200000,1.98],[1461513600000,2.02],[1461600000000,2.03],[1461686400000,2.04],[1461772800000,2.17],[1461859200000,2.25],[1461945600000,2.25],[1462032000000,2.25],[1462118400000,2.2],[1462204800000,2.27],[1462291200000,2.34],[1462377600000,2.2],[1462464000000,2.12],[1462550400000,2.12],[1462636800000,2.11],[1462723200000,2.14],[1462809600000,2.12],[1462896000000,2.08],[1462982400000,2.09],[1463068800000,2.2],[1463155200000,2.2],[1463241600000,2.21],[1463328000000,2.18],[1463414400000,2.13],[1463500800000,2.25],[1463587200000,2.32],[1463673600000,2.31],[1463760000000,2.3],[1463846400000,2.29],[1463932800000,2.43],[1464019200000,2.41],[1464105600000,2.25],[1464192000000,2.52],[1464278400000,2.62],[1464364800000,2.62],[1464451200000,2.63],[1464537600000,2.48],[1464624000000,2.49],[1464710400000,2.68],[1464796800000,2.33],[1464883200000,2.26],[1464969600000,2.25],[1465056000000,2.24],[1465142400000,2.29],[1465228800000,2.29],[1465315200000,2.1],[1465401600000,2.11],[1465488000000,2.0],[1465574400000,2.03],[1465660800000,2.07],[1465747200000,2.04],[1465833600000,2.06],[1465920000000,2.07],[1466006400000,2.07],[1466092800000,2.07],[1466179200000,2.07],[1466265600000,2.06],[1466352000000,2.19],[1466438400000,2.18],[1466524800000,2.18],[1466611200000,2.18],[1466697600000,2.17],[1466784000000,2.17],[1466870400000,2.16],[1466956800000,2.04],[1467043200000,2.04],[1467129600000,2.04],[1467216000000,2.03],[1467302400000,2.06],[1467388800000,2.09],[1467475200000,2.13],[1467561600000,2.14],[1467648000000,2.14],[1467734400000,2.14],[1467820800000,2.13],[1467907200000,2.34],[1467993600000,2.3],[1468080000000,2.27],[1468166400000,2.24],[1468252800000,2.23],[1468339200000,2.22],[1468425600000,2.21],[1468512000000,2.06],[1468598400000,2.06],[1468684800000,2.06],[1468771200000,2.05],[1468857600000,2.04],[1468944000000,2.11],[1469030400000,2.11],[1469116800000,2.01],[1469203200000,2.01],[1469289600000,2.01],[1469376000000,2.23],[1469462400000,2.41],[1469548800000,2.34],[1469635200000,2.34],[1469721600000,2.34],[1469808000000,2.34],[1469894400000,2.34],[1469980800000,2.12],[1470067200000,1.94],[1470153600000,1.94],[1470240000000,1.93],[1470326400000,1.93],[1470412800000,1.93],[1470499200000,1.93],[1470585600000,1.92],[1470672000000,1.92],[1470758400000,1.92],[1470844800000,1.91],[1470931200000,1.91],[1471017600000,1.89],[1471104000000,1.87],[1471190400000,1.87],[1471276800000,1.87],[1471363200000,1.86],[1471449600000,1.86],[1471536000000,1.85],[1471622400000,1.87],[1471708800000,1.89],[1471795200000,1.96],[1471881600000,1.96],[1471968000000,1.96],[1472054400000,1.95],[1472140800000,2.01],[1472227200000,2.0],[1472313600000,2.0],[1472400000000,2.38],[1472486400000,2.37],[1472572800000,2.37],[1472659200000,2.39],[1472745600000,2.32],[1472832000000,2.31],[1472918400000,2.3],[1473004800000,1.82],[1473091200000,1.81],[1473177600000,1.81],[1473264000000,1.78],[1473350400000,1.97],[1473436800000,1.97],[1473523200000,1.96],[1473609600000,2.1],[1473696000000,2.09],[1473782400000,2.09],[1473868800000,2.09],[1473955200000,1.9],[1474041600000,1.9],[1474128000000,1.91],[1474214400000,1.77],[1474300800000,1.78],[1474387200000,1.78],[1474473600000,1.78],[1474560000000,1.78],[1474646400000,1.78],[1474732800000,1.78],[1474819200000,1.78],[1474905600000,1.78],[1474992000000,1.94],[1475078400000,2.17],[1475164800000,2.2],[1475251200000,2.2],[1475337600000,2.2],[1475424000000,2.2],[1475510400000,2.22],[1475596800000,2.06],[1475683200000,1.84],[1475769600000,1.82],[1475856000000,1.82],[1475942400000,1.82],[1476028800000,1.83],[1476115200000,1.84],[1476201600000,2.2],[1476288000000,2.28],[1476374400000,2.34],[1476460800000,2.33],[1476547200000,2.33],[1476633600000,2.33],[1476720000000,2.32],[1476806400000,1.95],[1476892800000,1.87],[1476979200000,1.92],[1477065600000,1.92],[1477152000000,1.92],[1477238400000,2.51],[1477324800000,2.59],[1477411200000,2.59],[1477497600000,2.62],[1477584000000,2.51],[1477670400000,2.52],[1477756800000,2.52],[1477843200000,2.0],[1477929600000,1.93],[1478016000000,1.94],[1478102400000,2.02],[1478188800000,2.03],[1478275200000,2.04],[1478361600000,2.04],[1478448000000,2.16],[1478534400000,2.17],[1478620800000,2.18],[1478707200000,2.09],[1478793600000,2.08],[1478880000000,2.09],[1478966400000,2.09],[1479052800000,1.99],[1479139200000,1.99],[1479225600000,1.99],[1479312000000,2.0],[1479398400000,2.01],[1479484800000,2.01],[1479571200000,2.02],[1479657600000,1.95],[1479744000000,1.96],[1479830400000,1.96],[1479916800000,1.97],[1480003200000,1.98],[1480089600000,1.99],[1480176000000,2.0],[1480262400000,2.0],[1480348800000,2.0],[1480435200000,2.04],[1480521600000,2.05],[1480608000000,2.06],[1480694400000,2.07],[1480780800000,2.09],[1480867200000,2.11],[1480953600000,2.12],[1481040000000,2.12],[1481126400000,2.13],[1481212800000,2.13],[1481299200000,2.13],[1481385600000,2.14],[1481472000000,2.07],[1481558400000,2.07],[1481644800000,2.07],[1481731200000,2.06],[1481817600000,1.91],[1481904000000,1.82],[1481990400000,1.74],[1482076800000,1.91],[1482163200000,1.9],[1482249600000,1.64],[1482336000000,1.63],[1482422400000,1.88],[1482508800000,1.99],[1482595200000,2.1],[1482681600000,2.08],[1482768000000,2.11],[1482854400000,2.4],[1482940800000,2.46],[1483027200000,2.55],[1483113600000,2.56],[1483200000000,2.58],[1483286400000,2.52],[1483372800000,2.58],[1483459200000,2.58],[1483545600000,2.49],[1483632000000,2.36],[1483718400000,2.36],[1483804800000,2.36],[1483891200000,2.47],[1483977600000,2.44],[1484064000000,2.46],[1484150400000,2.56],[1484236800000,2.57],[1484323200000,2.59],[1484409600000,2.62],[1484496000000,2.54],[1484582400000,2.53],[1484668800000,2.51],[1484755200000,2.61],[1484841600000,2.63],[1484928000000,2.65],[1485014400000,2.67],[1485100800000,2.67],[1485187200000,2.71],[1485273600000,3.16],[1485360000000,3.08],[1485446400000,3.11],[1485532800000,3.13],[1485619200000,3.15],[1485705600000,3.17],[1485792000000,3.18],[1485878400000,2.8],[1485964800000,2.81],[1486051200000,2.82],[1486137600000,2.82],[1486224000000,2.82],[1486310400000,2.83],[1486396800000,2.85],[1486483200000,2.88],[1486569600000,2.9],[1486656000000,2.94],[1486742400000,2.97],[1486828800000,3.0],[1486915200000,3.01],[1487001600000,3.02],[1487088000000,3.04],[1487174400000,3.05],[1487260800000,3.03],[1487347200000,3.03],[1487433600000,3.04],[1487520000000,3.05],[1487606400000,3.05],[1487692800000,3.05],[1487779200000,3.07],[1487865600000,3.09],[1487952000000,3.11],[1488038400000,3.13],[1488124800000,3.14],[1488211200000,3.16],[1488297600000,3.16],[1488384000000,3.16],[1488470400000,3.15],[1488556800000,3.14],[1488643200000,3.14],[1488729600000,3.14],[1488816000000,3.13],[1488902400000,3.13],[1488988800000,3.11],[1489075200000,3.1],[1489161600000,3.1],[1489248000000,3.09],[1489334400000,3.08],[1489420800000,3.07],[1489507200000,3.08],[1489593600000,3.04],[1489680000000,3.04],[1489766400000,3.05],[1489852800000,3.07],[1489939200000,3.07],[1490025600000,3.04],[1490112000000,3.03],[1490198400000,3.08],[1490284800000,3.11],[1490371200000,3.12],[1490457600000,3.14],[1490544000000,3.15],[1490630400000,3.2],[1490716800000,3.21],[1490803200000,3.14],[1490889600000,3.07],[1490976000000,3.0],[1491062400000,2.93],[1491148800000,2.86],[1491235200000,2.81],[1491321600000,2.83],[1491408000000,2.9],[1491494400000,2.96],[1491580800000,3.01],[1491667200000,3.05],[1491753600000,3.12],[1491840000000,3.15],[1491926400000,3.12],[1492012800000,3.09],[1492099200000,3.07],[1492185600000,3.06],[1492272000000,3.04],[1492358400000,3.03],[1492444800000,3.02],[1492531200000,3.03],[1492617600000,3.03],[1492704000000,3.04],[1492790400000,3.04],[1492876800000,3.03],[1492963200000,3.04],[1493049600000,3.05],[1493136000000,3.06],[1493222400000,3.09],[1493308800000,3.1],[1493395200000,3.13],[1493481600000,3.19],[1493568000000,3.2],[1493654400000,3.39],[1493740800000,3.4],[1493827200000,3.42],[1493913600000,3.43],[1494000000000,3.44],[1494086400000,3.45],[1494172800000,3.46],[1494259200000,3.29],[1494345600000,3.3],[1494432000000,3.29],[1494518400000,3.29],[1494604800000,3.27],[1494691200000,3.25],[1494777600000,3.25],[1494864000000,3.25],[1494950400000,3.24],[1495036800000,3.25],[1495123200000,3.26],[1495209600000,3.28],[1495296000000,3.29],[1495382400000,3.3],[1495468800000,3.32],[1495555200000,3.33],[1495641600000,3.34],[1495728000000,3.36],[1495814400000,3.37],[1495900800000,3.39],[1495987200000,3.39],[1496073600000,3.4],[1496160000000,3.4],[1496246400000,3.4],[1496332800000,3.4],[1496419200000,3.4],[1496505600000,3.4],[1496592000000,3.4],[1496678400000,3.41],[1496764800000,3.42],[1496851200000,3.43],[1496937600000,3.43],[1497024000000,3.43],[1497110400000,3.43],[1497196800000,3.43],[1497283200000,3.43],[1497369600000,3.42],[1497456000000,3.42],[1497542400000,3.42],[1497628800000,3.43],[1497715200000,3.43],[1497801600000,3.44],[1497888000000,3.44],[1497974400000,3.46],[1498060800000,3.47],[1498147200000,3.64],[1498233600000,3.65],[1498320000000,3.67],[1498406400000,3.77],[1498492800000,3.79],[1498579200000,3.81],[1498665600000,3.83],[1498752000000,3.7],[1498838400000,3.72],[1498924800000,3.74],[1499011200000,3.66],[1499097600000,3.65],[1499184000000,3.64],[1499270400000,3.61],[1499356800000,3.56],[1499443200000,3.52],[1499529600000,3.48],[1499616000000,3.45],[1499702400000,3.42],[1499788800000,3.4],[1499875200000,3.39],[1499961600000,3.39],[1500048000000,3.39],[1500134400000,3.38],[1500220800000,3.37],[1500307200000,3.38],[1500393600000,3.38],[1500480000000,3.39],[1500566400000,3.39],[1500652800000,3.4],[1500739200000,3.4],[1500825600000,3.41],[1500912000000,3.42],[1500998400000,3.42],[1501084800000,3.41],[1501171200000,3.41],[1501257600000,3.4],[1501344000000,3.39],[1501430400000,3.38],[1501516800000,3.37],[1501603200000,3.37],[1501689600000,3.38],[1501776000000,3.38],[1501862400000,3.37],[1501948800000,3.37],[1502035200000,3.38],[1502121600000,3.36],[1502208000000,3.35],[1502294400000,3.33],[1502380800000,3.33],[1502467200000,3.32],[1502553600000,3.32],[1502640000000,3.31],[1502726400000,3.3],[1502812800000,3.3],[1502899200000,3.29],[1502985600000,3.29],[1503072000000,3.28],[1503158400000,3.27],[1503244800000,3.28],[1503331200000,3.29],[1503417600000,3.29],[1503504000000,3.3],[1503590400000,3.3],[1503676800000,3.31],[1503763200000,3.32],[1503849600000,3.31],[1503936000000,3.29],[1504022400000,3.45],[1504108800000,3.46],[1504195200000,3.46],[1504281600000,3.45],[1504368000000,3.44],[1504454400000,3.44],[1504540800000,3.46],[1504627200000,3.3],[1504713600000,3.28],[1504800000000,3.26],[1504886400000,3.25],[1504972800000,3.23],[1505059200000,3.3],[1505145600000,3.3],[1505232000000,3.31],[1505318400000,3.33],[1505404800000,3.35],[1505491200000,3.37],[1505577600000,3.39],[1505664000000,3.33],[1505750400000,3.34],[1505836800000,3.34],[1505923200000,3.36],[1506009600000,3.36],[1506096000000,3.36],[1506182400000,3.35],[1506268800000,3.41],[1506355200000,3.39],[1506441600000,3.23],[1506528000000,3.08],[1506614400000,3.08],[1506700800000,3.09],[1506787200000,3.12],[1506873600000,3.07],[1506960000000,3.1],[1507046400000,3.26],[1507132800000,3.41],[1507219200000,3.42],[1507305600000,3.42],[1507392000000,3.42],[1507478400000,3.43],[1507564800000,3.45],[1507651200000,3.46],[1507737600000,3.47],[1507824000000,3.47],[1507910400000,3.46],[1507996800000,3.45],[1508083200000,3.92],[1508169600000,4.04],[1508256000000,4.03],[1508342400000,4.03],[1508428800000,4.03],[1508515200000,4.05],[1508601600000,4.06],[1508688000000,3.58],[1508774400000,3.46],[1508860800000,3.46],[1508947200000,3.45],[1509033600000,3.45],[1509120000000,3.46],[1509206400000,3.46],[1509292800000,3.44],[1509379200000,3.38],[1509465600000,3.37],[1509552000000,3.36],[1509638400000,3.35],[1509724800000,3.32],[1509811200000,3.3],[1509897600000,3.31],[1509984000000,3.38],[1510070400000,3.41],[1510156800000,3.43],[1510243200000,3.44],[1510329600000,3.46],[1510416000000,3.48],[1510502400000,3.63],[1510588800000,3.61],[1510675200000,3.61],[1510761600000,3.62],[1510848000000,3.73],[1510934400000,3.73],[1511020800000,3.74],[1511107200000,3.61],[1511193600000,3.62],[1511280000000,3.63],[1511366400000,3.62],[1511452800000,3.53],[1511539200000,3.54],[1511625600000,3.54],[1511712000000,3.55],[1511798400000,3.54],[1511884800000,3.54],[1511971200000,3.55],[1512057600000,3.56],[1512144000000,3.56],[1512230400000,3.57],[1512316800000,3.58],[1512403200000,3.59],[1512489600000,3.59],[1512576000000,3.59],[1512662400000,3.58],[1512748800000,3.57],[1512835200000,3.56],[1512921600000,3.6],[1513008000000,3.59],[1513094400000,3.59],[1513180800000,3.58],[1513267200000,3.58],[1513353600000,3.57],[1513440000000,3.56],[1513526400000,3.5],[1513612800000,3.5],[1513699200000,3.5],[1513785600000,3.51],[1513872000000,3.53],[1513958400000,3.54],[1514044800000,3.54],[1514131200000,3.56],[1514217600000,3.56],[1514304000000,3.56],[1514390400000,3.42],[1514476800000,3.43],[1514563200000,3.47],[1514649600000,3.51],[1514736000000,3.54],[1514822400000,3.61],[1514908800000,3.63],[1514995200000,3.77],[1515081600000,3.7],[1515168000000,3.61],[1515254400000,3.51],[1515340800000,3.43],[1515427200000,3.31],[1515513600000,3.24],[1515600000000,3.2],[1515686400000,3.2],[1515772800000,3.2],[1515859200000,3.2],[1515945600000,3.2],[1516032000000,3.21],[1516118400000,3.24],[1516204800000,3.28],[1516291200000,3.33],[1516377600000,3.38],[1516464000000,3.43],[1516550400000,3.48],[1516636800000,3.53],[1516723200000,3.56],[1516809600000,3.57],[1516896000000,3.56],[1516982400000,3.56],[1517068800000,3.56],[1517155200000,3.54],[1517241600000,3.54],[1517328000000,3.53],[1517414400000,3.53],[1517500800000,3.53],[1517587200000,3.51],[1517673600000,3.49],[1517760000000,3.49],[1517846400000,3.47]];
/*资产配置*/
var Data_assetAllocationCurrency ={"categories":["12-31","09-30","06-30","03-31"],"series":[{"name":"股票","data":[null,null,null,null]},{"name":"债券","data":[54.72,51.59,52.4,46.75]},{"name":"现金","data":[32.86,30.66,20.12,39.91]}]};
/*累计收益率走势*/
var Data_grandTotal = [{"name":"国金金腾通货币C","data":[[1501948800000,0],[1502035200000,0.01],[1502121600000,0.02],[1502208000000,0.03],[1502294400000,0.04],[1502380800000,0.04],[1502467200000,0.05],[1502553600000,0.06],[1502640000000,0.07],[1502726400000,0.08],[1502812800000,0.09],[1502899200000,0.10],[1502985600000,0.11],[1503072000000,0.12],[1503158400000,0.12],[1503244800000,0.13],[1503331200000,0.14],[1503417600000,0.15],[1503504000000,0.16],[1503590400000,0.17],[1503676800000,0.18],[1503763200000,0.19],[1503849600000,0.20],[1503936000000,0.20],[1504022400000,0.22],[1504108800000,0.23],[1504195200000,0.23],[1504281600000,0.24],[1504368000000,0.25],[1504454400000,0.26],[1504540800000,0.27],[1504627200000,0.28],[1504713600000,0.29],[1504800000000,0.30],[1504886400000,0.30],[1504972800000,0.31],[1505059200000,0.32],[1505145600000,0.33],[1505232000000,0.34],[1505318400000,0.35],[1505404800000,0.36],[1505491200000,0.37],[1505577600000,0.38],[1505664000000,0.39],[1505750400000,0.40],[1505836800000,0.40],[1505923200000,0.41],[1506009600000,0.42],[1506096000000,0.43],[1506182400000,0.44],[1506268800000,0.45],[1506355200000,0.46],[1506441600000,0.47],[1506528000000,0.47],[1506614400000,0.48],[1506700800000,0.49],[1506787200000,0.50],[1506873600000,0.51],[1506960000000,0.52],[1507046400000,0.53],[1507132800000,0.54],[1507219200000,0.55],[1507305600000,0.56],[1507392000000,0.57],[1507478400000,0.57],[1507564800000,0.58],[1507651200000,0.59],[1507737600000,0.60],[1507824000000,0.61],[1507910400000,0.62],[1507996800000,0.63],[1508083200000,0.65],[1508169600000,0.66],[1508256000000,0.67],[1508342400000,0.68],[1508428800000,0.69],[1508515200000,0.70],[1508601600000,0.71],[1508688000000,0.72],[1508774400000,0.73],[1508860800000,0.74],[1508947200000,0.74],[1509033600000,0.75],[1509120000000,0.76],[1509206400000,0.77],[1509292800000,0.78],[1509379200000,0.79],[1509465600000,0.80],[1509552000000,0.81],[1509638400000,0.82],[1509724800000,0.83],[1509811200000,0.84],[1509897600000,0.84],[1509984000000,0.85],[1510070400000,0.86],[1510156800000,0.87],[1510243200000,0.88],[1510329600000,0.89],[1510416000000,0.90],[1510502400000,0.91],[1510588800000,0.92],[1510675200000,0.93],[1510761600000,0.94],[1510848000000,0.95],[1510934400000,0.96],[1511020800000,0.97],[1511107200000,0.98],[1511193600000,0.99],[1511280000000,1.00],[1511366400000,1.01],[1511452800000,1.02],[1511539200000,1.03],[1511625600000,1.04],[1511712000000,1.05],[1511798400000,1.06],[1511884800000,1.07],[1511971200000,1.08],[1512057600000,1.09],[1512144000000,1.10],[1512230400000,1.11],[1512316800000,1.12],[1512403200000,1.13],[1512489600000,1.14],[1512576000000,1.15],[1512662400000,1.16],[1512748800000,1.17],[1512835200000,1.18],[1512921600000,1.19],[1513008000000,1.20],[1513094400000,1.21],[1513180800000,1.22],[1513267200000,1.23],[1513353600000,1.23],[1513440000000,1.24],[1513526400000,1.25],[1513612800000,1.26],[1513699200000,1.27],[1513785600000,1.28],[1513872000000,1.29],[1513958400000,1.30],[1514044800000,1.31],[1514131200000,1.32],[1514217600000,1.33],[1514304000000,1.34],[1514390400000,1.35],[1514476800000,1.36],[1514563200000,1.37],[1514649600000,1.38],[1514736000000,1.39],[1514822400000,1.40],[1514908800000,1.41],[1514995200000,1.42],[1515081600000,1.43],[1515168000000,1.44],[1515254400000,1.45],[1515340800000,1.45],[1515427200000,1.46],[1515513600000,1.47],[1515600000000,1.48],[1515686400000,1.49],[1515772800000,1.50],[1515859200000,1.51],[1515945600000,1.52],[1516032000000,1.53],[1516118400000,1.53],[1516204800000,1.54],[1516291200000,1.55],[1516377600000,1.56],[1516464000000,1.57],[1516550400000,1.58],[1516636800000,1.59],[1516723200000,1.60],[1516809600000,1.61],[1516896000000,1.62],[1516982400000,1.63],[1517068800000,1.64],[1517155200000,1.65],[1517241600000,1.66],[1517328000000,1.67],[1517414400000,1.68],[1517500800000,1.69],[1517587200000,1.70],[1517673600000,1.71],[1517760000000,1.72],[1517846400000,1.73]]},{"name":"同类平均","data":[[1502035200000,0],[1502121600000,0.01],[1502208000000,0.02],[1502294400000,0.03],[1502380800000,0.04],[1502640000000,0.07],[1502726400000,0.08],[1502812800000,0.09],[1502899200000,0.10],[1502985600000,0.11],[1503244800000,0.14],[1503331200000,0.16],[1503417600000,0.17],[1503504000000,0.18],[1503590400000,0.19],[1503849600000,0.22],[1503936000000,0.23],[1504022400000,0.24],[1504108800000,0.25],[1504195200000,0.26],[1504454400000,0.29],[1504540800000,0.30],[1504627200000,0.31],[1504713600000,0.32],[1504800000000,0.34],[1505059200000,0.37],[1505145600000,0.38],[1505232000000,0.39],[1505318400000,0.40],[1505404800000,0.41],[1505664000000,0.44],[1505750400000,0.45],[1505836800000,0.46],[1505923200000,0.47],[1506009600000,0.48],[1506268800000,0.52],[1506355200000,0.53],[1506441600000,0.54],[1506528000000,0.55],[1506614400000,0.56],[1507478400000,0.67],[1507564800000,0.68],[1507651200000,0.69],[1507737600000,0.71],[1507824000000,0.72],[1508083200000,0.75],[1508169600000,0.76],[1508256000000,0.77],[1508342400000,0.78],[1508428800000,0.79],[1508688000000,0.82],[1508774400000,0.83],[1508860800000,0.84],[1508947200000,0.85],[1509033600000,0.86],[1509292800000,0.90],[1509379200000,0.91],[1509465600000,0.92],[1509552000000,0.93],[1509638400000,0.94],[1509897600000,0.97],[1509984000000,0.98],[1510070400000,0.99],[1510156800000,1.00],[1510243200000,1.01],[1510502400000,1.04],[1510588800000,1.06],[1510675200000,1.07],[1510761600000,1.08],[1510848000000,1.09],[1511107200000,1.12],[1511193600000,1.13],[1511280000000,1.14],[1511366400000,1.15],[1511452800000,1.16],[1511712000000,1.20],[1511798400000,1.21],[1511884800000,1.22],[1511971200000,1.23],[1512057600000,1.24],[1512316800000,1.28],[1512403200000,1.29],[1512489600000,1.30],[1512576000000,1.31],[1512662400000,1.32],[1512921600000,1.35],[1513008000000,1.36],[1513094400000,1.38],[1513180800000,1.39],[1513267200000,1.40],[1513526400000,1.43],[1513612800000,1.44],[1513699200000,1.46],[1513785600000,1.47],[1513872000000,1.48],[1514131200000,1.51],[1514217600000,1.53],[1514304000000,1.54],[1514390400000,1.55],[1514476800000,1.57],[1514822400000,1.62],[1514908800000,1.64],[1514995200000,1.65],[1515081600000,1.66],[1515340800000,1.69],[1515427200000,1.71],[1515513600000,1.72],[1515600000000,1.73],[1515686400000,1.74],[1515945600000,1.77],[1516032000000,1.79],[1516118400000,1.80],[1516204800000,1.81],[1516291200000,1.82],[1516550400000,1.86],[1516636800000,1.87],[1516723200000,1.88],[1516809600000,1.89],[1516896000000,1.90],[1517155200000,1.94],[1517241600000,1.95],[1517328000000,1.96],[1517414400000,1.97],[1517500800000,1.98],[1517760000000,2.02],[1517846400000,2.03]]},{"name":"沪深300","data":[[1502035200000,0],[1502121600000,0.15],[1502208000000,0.11],[1502294400000,-0.29],[1502380800000,-2.13],[1502640000000,-0.86],[1502726400000,-0.56],[1502812800000,-0.68],[1502899200000,-0.15],[1502985600000,-0.06],[1503244800000,0.38],[1503331200000,0.68],[1503417600000,0.79],[1503504000000,0.21],[1503590400000,1.85],[1503849600000,3.11],[1503936000000,2.89],[1504022400000,2.88],[1504108800000,2.56],[1504195200000,2.78],[1504454400000,3.19],[1504540800000,3.50],[1504627200000,3.29],[1504713600000,2.77],[1504800000000,2.66],[1505059200000,2.65],[1505145600000,2.98],[1505232000000,3.11],[1505318400000,2.77],[1505404800000,2.80],[1505664000000,3.12],[1505750400000,2.83],[1505836800000,3.10],[1505923200000,2.98],[1506009600000,2.98],[1506268800000,2.44],[1506355200000,2.52],[1506441600000,2.53],[1506528000000,2.57],[1506614400000,2.94],[1507478400000,4.17],[1507564800000,4.38],[1507651200000,4.72],[1507737600000,5.00],[1507824000000,5.21],[1508083200000,5.01],[1508169600000,5.00],[1508256000000,5.83],[1508342400000,5.49],[1508428800000,5.37],[1508688000000,5.47],[1508774400000,6.24],[1508860800000,6.71],[1508947200000,7.16],[1509033600000,7.92],[1509292800000,7.59],[1509379200000,7.51],[1509465600000,7.24],[1509552000000,7.25],[1509638400000,7.13],[1509897600000,7.89],[1509984000000,8.79],[1510070400000,8.62],[1510156800000,9.37],[1510243200000,10.33],[1510502400000,10.77],[1510588800000,10.00],[1510675200000,9.31],[1510761600000,10.15],[1510848000000,10.57],[1511107200000,11.19],[1511193600000,13.17],[1511280000000,13.44],[1511366400000,10.08],[1511452800000,10.13],[1511712000000,8.67],[1511798400000,8.83],[1511884800000,8.77],[1511971200000,7.49],[1512057600000,7.28],[1512316800000,7.84],[1512403200000,8.41],[1512489600000,7.76],[1512576000000,6.55],[1512662400000,7.42],[1512921600000,9.20],[1513008000000,7.76],[1513094400000,8.67],[1513180800000,8.03],[1513267200000,6.82],[1513526400000,6.94],[1513612800000,8.28],[1513699200000,8.15],[1513785600000,9.15],[1513872000000,8.80],[1514131200000,8.45],[1514217600000,8.77],[1514304000000,7.09],[1514390400000,7.84],[1514476800000,8.16],[1514822400000,9.68],[1514908800000,10.32],[1514995200000,10.79],[1515081600000,11.05],[1515340800000,11.63],[1515427200000,12.41],[1515513600000,12.91],[1515600000000,12.85],[1515686400000,13.37],[1515945600000,13.37],[1516032000000,14.27],[1516118400000,13.99],[1516204800000,14.61],[1516291200000,14.99],[1516550400000,16.36],[1516636800000,17.60],[1516723200000,17.79],[1516809600000,17.13],[1516896000000,17.56],[1517155200000,15.43],[1517241600000,14.20],[1517328000000,14.73],[1517414400000,13.93],[1517500800000,14.61],[1517760000000,14.69],[1517846400000,11.33]]}];
/*同类排名*/
var Data_rateInSimilarType = [{"x":1451232000000,"y":252,"sc":"354"},{"x":1451318400000,"y":248,"sc":"354"},{"x":1451404800000,"y":257,"sc":"356"},{"x":1451491200000,"y":257,"sc":"356"},{"x":1451836800000,"y":274,"sc":"356"},{"x":1451923200000,"y":281,"sc":"356"},{"x":1452009600000,"y":283,"sc":"356"},{"x":1452096000000,"y":263,"sc":"356"},{"x":1452182400000,"y":261,"sc":"356"},{"x":1452441600000,"y":262,"sc":"356"},{"x":1452528000000,"y":261,"sc":"356"},{"x":1452614400000,"y":275,"sc":"356"},{"x":1452700800000,"y":275,"sc":"356"},{"x":1452787200000,"y":265,"sc":"356"},{"x":1453046400000,"y":269,"sc":"356"},{"x":1453132800000,"y":268,"sc":"356"},{"x":1453219200000,"y":270,"sc":"356"},{"x":1453305600000,"y":270,"sc":"357"},{"x":1453392000000,"y":271,"sc":"358"},{"x":1453651200000,"y":270,"sc":"360"},{"x":1453737600000,"y":262,"sc":"360"},{"x":1453824000000,"y":271,"sc":"360"},{"x":1453910400000,"y":265,"sc":"360"},{"x":1453996800000,"y":278,"sc":"360"},{"x":1454256000000,"y":300,"sc":"360"},{"x":1454342400000,"y":303,"sc":"360"},{"x":1454428800000,"y":296,"sc":"360"},{"x":1454515200000,"y":303,"sc":"365"},{"x":1454601600000,"y":292,"sc":"366"},{"x":1455465600000,"y":311,"sc":"369"},{"x":1455552000000,"y":308,"sc":"369"},{"x":1455638400000,"y":306,"sc":"369"},{"x":1455724800000,"y":304,"sc":"369"},{"x":1455811200000,"y":301,"sc":"369"},{"x":1456070400000,"y":296,"sc":"369"},{"x":1456156800000,"y":291,"sc":"370"},{"x":1456243200000,"y":286,"sc":"373"},{"x":1456329600000,"y":283,"sc":"373"},{"x":1456416000000,"y":288,"sc":"375"},{"x":1456675200000,"y":276,"sc":"375"},{"x":1456761600000,"y":274,"sc":"376"},{"x":1456848000000,"y":272,"sc":"376"},{"x":1456934400000,"y":275,"sc":"376"},{"x":1457020800000,"y":297,"sc":"376"},{"x":1457280000000,"y":279,"sc":"376"},{"x":1457366400000,"y":264,"sc":"380"},{"x":1457452800000,"y":260,"sc":"380"},{"x":1457539200000,"y":253,"sc":"380"},{"x":1457625600000,"y":245,"sc":"381"},{"x":1457884800000,"y":225,"sc":"381"},{"x":1457971200000,"y":244,"sc":"380"},{"x":1458057600000,"y":255,"sc":"382"},{"x":1458144000000,"y":269,"sc":"383"},{"x":1458230400000,"y":267,"sc":"383"},{"x":1458489600000,"y":241,"sc":"383"},{"x":1458576000000,"y":233,"sc":"385"},{"x":1458662400000,"y":224,"sc":"385"},{"x":1458748800000,"y":206,"sc":"385"},{"x":1458835200000,"y":268,"sc":"391"},{"x":1459094400000,"y":303,"sc":"391"},{"x":1459180800000,"y":300,"sc":"391"},{"x":1459267200000,"y":300,"sc":"391"},{"x":1459353600000,"y":300,"sc":"392"},{"x":1459440000000,"y":303,"sc":"392"},{"x":1459785600000,"y":294,"sc":"392"},{"x":1459872000000,"y":294,"sc":"392"},{"x":1459958400000,"y":287,"sc":"392"},{"x":1460044800000,"y":285,"sc":"392"},{"x":1460304000000,"y":280,"sc":"394"},{"x":1460390400000,"y":279,"sc":"394"},{"x":1460476800000,"y":274,"sc":"394"},{"x":1460563200000,"y":273,"sc":"394"},{"x":1460649600000,"y":275,"sc":"394"},{"x":1460908800000,"y":276,"sc":"394"},{"x":1460995200000,"y":276,"sc":"394"},{"x":1461081600000,"y":271,"sc":"394"},{"x":1461168000000,"y":269,"sc":"394"},{"x":1461254400000,"y":270,"sc":"394"},{"x":1461513600000,"y":278,"sc":"394"},{"x":1461600000000,"y":294,"sc":"394"},{"x":1461686400000,"y":292,"sc":"394"},{"x":1461772800000,"y":287,"sc":"394"},{"x":1461859200000,"y":280,"sc":"394"},{"x":1462204800000,"y":276,"sc":"394"},{"x":1462291200000,"y":270,"sc":"394"},{"x":1462377600000,"y":287,"sc":"400"},{"x":1462464000000,"y":304,"sc":"400"},{"x":1462723200000,"y":323,"sc":"400"},{"x":1462809600000,"y":327,"sc":"400"},{"x":1462896000000,"y":333,"sc":"400"},{"x":1462982400000,"y":339,"sc":"400"},{"x":1463068800000,"y":343,"sc":"400"},{"x":1463328000000,"y":301,"sc":"400"},{"x":1463414400000,"y":303,"sc":"400"},{"x":1463500800000,"y":300,"sc":"400"},{"x":1463587200000,"y":296,"sc":"400"},{"x":1463673600000,"y":299,"sc":"400"},{"x":1463932800000,"y":287,"sc":"400"},{"x":1464019200000,"y":288,"sc":"400"},{"x":1464105600000,"y":293,"sc":"400"},{"x":1464192000000,"y":284,"sc":"400"},{"x":1464278400000,"y":288,"sc":"400"},{"x":1464537600000,"y":280,"sc":"400"},{"x":1464624000000,"y":282,"sc":"400"},{"x":1464710400000,"y":273,"sc":"400"},{"x":1464796800000,"y":279,"sc":"400"},{"x":1464883200000,"y":273,"sc":"400"},{"x":1465142400000,"y":278,"sc":"402"},{"x":1465228800000,"y":295,"sc":"402"},{"x":1465315200000,"y":316,"sc":"402"},{"x":1465747200000,"y":319,"sc":"402"},{"x":1465833600000,"y":316,"sc":"402"},{"x":1465920000000,"y":321,"sc":"403"},{"x":1466006400000,"y":329,"sc":"403"},{"x":1466092800000,"y":328,"sc":"403"},{"x":1466352000000,"y":326,"sc":"403"},{"x":1466438400000,"y":329,"sc":"404"},{"x":1466524800000,"y":326,"sc":"404"},{"x":1466611200000,"y":329,"sc":"404"},{"x":1466697600000,"y":337,"sc":"404"},{"x":1466956800000,"y":337,"sc":"404"},{"x":1467043200000,"y":338,"sc":"404"},{"x":1467129600000,"y":338,"sc":"404"},{"x":1467216000000,"y":340,"sc":"404"},{"x":1467302400000,"y":341,"sc":"404"},{"x":1467561600000,"y":340,"sc":"404"},{"x":1467648000000,"y":348,"sc":"404"},{"x":1467734400000,"y":350,"sc":"404"},{"x":1467820800000,"y":351,"sc":"404"},{"x":1467907200000,"y":346,"sc":"404"},{"x":1468166400000,"y":348,"sc":"404"},{"x":1468252800000,"y":346,"sc":"404"},{"x":1468339200000,"y":350,"sc":"404"},{"x":1468425600000,"y":350,"sc":"404"},{"x":1468512000000,"y":353,"sc":"404"},{"x":1468771200000,"y":352,"sc":"404"},{"x":1468857600000,"y":350,"sc":"404"},{"x":1468944000000,"y":349,"sc":"405"},{"x":1469030400000,"y":351,"sc":"405"},{"x":1469116800000,"y":352,"sc":"405"},{"x":1469376000000,"y":352,"sc":"405"},{"x":1469462400000,"y":353,"sc":"405"},{"x":1469548800000,"y":353,"sc":"405"},{"x":1469635200000,"y":356,"sc":"407"},{"x":1469721600000,"y":358,"sc":"407"},{"x":1469980800000,"y":368,"sc":"407"},{"x":1470067200000,"y":361,"sc":"407"},{"x":1470153600000,"y":359,"sc":"407"},{"x":1470240000000,"y":362,"sc":"409"},{"x":1470326400000,"y":365,"sc":"409"},{"x":1470585600000,"y":368,"sc":"412"},{"x":1470672000000,"y":369,"sc":"413"},{"x":1470758400000,"y":368,"sc":"413"},{"x":1470844800000,"y":369,"sc":"413"},{"x":1470931200000,"y":369,"sc":"413"},{"x":1471190400000,"y":375,"sc":"413"},{"x":1471276800000,"y":375,"sc":"413"},{"x":1471363200000,"y":376,"sc":"414"},{"x":1471449600000,"y":381,"sc":"415"},{"x":1471536000000,"y":381,"sc":"415"},{"x":1471795200000,"y":378,"sc":"416"},{"x":1471881600000,"y":382,"sc":"416"},{"x":1471968000000,"y":384,"sc":"416"},{"x":1472054400000,"y":384,"sc":"416"},{"x":1472140800000,"y":386,"sc":"416"},{"x":1472400000000,"y":384,"sc":"416"},{"x":1472486400000,"y":386,"sc":"416"},{"x":1472572800000,"y":386,"sc":"416"},{"x":1472659200000,"y":385,"sc":"416"},{"x":1472745600000,"y":387,"sc":"417"},{"x":1473004800000,"y":390,"sc":"421"},{"x":1473091200000,"y":389,"sc":"421"},{"x":1473177600000,"y":389,"sc":"421"},{"x":1473264000000,"y":390,"sc":"423"},{"x":1473350400000,"y":392,"sc":"424"},{"x":1473609600000,"y":392,"sc":"424"},{"x":1473696000000,"y":392,"sc":"424"},{"x":1473782400000,"y":392,"sc":"424"},{"x":1474214400000,"y":394,"sc":"424"},{"x":1474300800000,"y":395,"sc":"424"},{"x":1474387200000,"y":394,"sc":"424"},{"x":1474473600000,"y":398,"sc":"427"},{"x":1474560000000,"y":398,"sc":"427"},{"x":1474819200000,"y":403,"sc":"430"},{"x":1474905600000,"y":402,"sc":"430"},{"x":1474992000000,"y":404,"sc":"430"},{"x":1475078400000,"y":404,"sc":"432"},{"x":1475164800000,"y":404,"sc":"432"},{"x":1476028800000,"y":411,"sc":"434"},{"x":1476115200000,"y":411,"sc":"434"},{"x":1476201600000,"y":410,"sc":"435"},{"x":1476288000000,"y":408,"sc":"437"},{"x":1476374400000,"y":408,"sc":"435"},{"x":1476633600000,"y":412,"sc":"436"},{"x":1476720000000,"y":412,"sc":"438"},{"x":1476806400000,"y":414,"sc":"437"},{"x":1476892800000,"y":414,"sc":"437"},{"x":1476979200000,"y":412,"sc":"437"},{"x":1477238400000,"y":405,"sc":"440"},{"x":1477324800000,"y":406,"sc":"440"},{"x":1477411200000,"y":410,"sc":"441"},{"x":1477497600000,"y":410,"sc":"441"},{"x":1477584000000,"y":413,"sc":"445"},{"x":1477843200000,"y":416,"sc":"447"},{"x":1477929600000,"y":417,"sc":"447"},{"x":1478016000000,"y":418,"sc":"447"},{"x":1478102400000,"y":418,"sc":"447"},{"x":1478188800000,"y":419,"sc":"448"},{"x":1478448000000,"y":419,"sc":"450"},{"x":1478534400000,"y":418,"sc":"450"},{"x":1478620800000,"y":417,"sc":"450"},{"x":1478707200000,"y":418,"sc":"450"},{"x":1478793600000,"y":418,"sc":"450"},{"x":1479052800000,"y":418,"sc":"450"},{"x":1479139200000,"y":417,"sc":"450"},{"x":1479225600000,"y":417,"sc":"450"},{"x":1479312000000,"y":418,"sc":"450"},{"x":1479398400000,"y":418,"sc":"450"},{"x":1479657600000,"y":418,"sc":"451"},{"x":1479744000000,"y":418,"sc":"451"},{"x":1479830400000,"y":418,"sc":"451"},{"x":1479916800000,"y":419,"sc":"451"},{"x":1480003200000,"y":418,"sc":"451"},{"x":1480262400000,"y":418,"sc":"451"},{"x":1480348800000,"y":424,"sc":"452"},{"x":1480435200000,"y":425,"sc":"452"},{"x":1480521600000,"y":423,"sc":"452"},{"x":1480608000000,"y":424,"sc":"455"},{"x":1480867200000,"y":424,"sc":"455"},{"x":1480953600000,"y":423,"sc":"455"},{"x":1481040000000,"y":423,"sc":"455"},{"x":1481126400000,"y":424,"sc":"455"},{"x":1481212800000,"y":427,"sc":"456"},{"x":1481472000000,"y":432,"sc":"457"},{"x":1481558400000,"y":434,"sc":"458"},{"x":1481644800000,"y":433,"sc":"458"},{"x":1481731200000,"y":434,"sc":"458"},{"x":1481817600000,"y":436,"sc":"458"},{"x":1482076800000,"y":436,"sc":"458"},{"x":1482163200000,"y":436,"sc":"458"},{"x":1482249600000,"y":435,"sc":"458"},{"x":1482336000000,"y":435,"sc":"459"},{"x":1482422400000,"y":438,"sc":"463"},{"x":1482681600000,"y":440,"sc":"464"},{"x":1482768000000,"y":440,"sc":"464"},{"x":1482854400000,"y":443,"sc":"466"},{"x":1482940800000,"y":443,"sc":"466"},{"x":1483027200000,"y":446,"sc":"469"},{"x":1483372800000,"y":449,"sc":"469"},{"x":1483459200000,"y":448,"sc":"468"},{"x":1483545600000,"y":450,"sc":"469"},{"x":1483632000000,"y":452,"sc":"469"},{"x":1483891200000,"y":446,"sc":"469"},{"x":1483977600000,"y":445,"sc":"469"},{"x":1484064000000,"y":442,"sc":"469"},{"x":1484150400000,"y":449,"sc":"469"},{"x":1484236800000,"y":447,"sc":"469"},{"x":1484496000000,"y":451,"sc":"472"},{"x":1484582400000,"y":450,"sc":"474"},{"x":1484668800000,"y":447,"sc":"476"},{"x":1484755200000,"y":447,"sc":"476"},{"x":1484841600000,"y":447,"sc":"476"},{"x":1485100800000,"y":453,"sc":"481"},{"x":1485187200000,"y":456,"sc":"482"},{"x":1485273600000,"y":455,"sc":"484"},{"x":1485360000000,"y":455,"sc":"485"},{"x":1486051200000,"y":455,"sc":"489"},{"x":1486310400000,"y":452,"sc":"491"},{"x":1486396800000,"y":453,"sc":"491"},{"x":1486483200000,"y":452,"sc":"491"},{"x":1486569600000,"y":449,"sc":"491"},{"x":1486656000000,"y":450,"sc":"494"},{"x":1486915200000,"y":450,"sc":"496"},{"x":1487001600000,"y":447,"sc":"496"},{"x":1487088000000,"y":445,"sc":"496"},{"x":1487174400000,"y":443,"sc":"496"},{"x":1487260800000,"y":443,"sc":"496"},{"x":1487520000000,"y":442,"sc":"496"},{"x":1487606400000,"y":442,"sc":"496"},{"x":1487692800000,"y":442,"sc":"496"},{"x":1487779200000,"y":442,"sc":"498"},{"x":1487865600000,"y":443,"sc":"500"},{"x":1488124800000,"y":442,"sc":"503"},{"x":1488211200000,"y":441,"sc":"503"},{"x":1488297600000,"y":440,"sc":"503"},{"x":1488384000000,"y":440,"sc":"511"},{"x":1488470400000,"y":445,"sc":"511"},{"x":1488729600000,"y":439,"sc":"513"},{"x":1488816000000,"y":441,"sc":"515"},{"x":1488902400000,"y":443,"sc":"516"},{"x":1488988800000,"y":441,"sc":"518"},{"x":1489075200000,"y":449,"sc":"518"},{"x":1489334400000,"y":439,"sc":"518"},{"x":1489420800000,"y":440,"sc":"518"},{"x":1489507200000,"y":440,"sc":"518"},{"x":1489593600000,"y":437,"sc":"520"},{"x":1489680000000,"y":443,"sc":"520"},{"x":1489939200000,"y":441,"sc":"522"},{"x":1490025600000,"y":435,"sc":"522"},{"x":1490112000000,"y":435,"sc":"524"},{"x":1490198400000,"y":446,"sc":"530"},{"x":1490284800000,"y":449,"sc":"530"},{"x":1490544000000,"y":449,"sc":"534"},{"x":1490630400000,"y":446,"sc":"535"},{"x":1490716800000,"y":444,"sc":"535"},{"x":1490803200000,"y":456,"sc":"538"},{"x":1490889600000,"y":458,"sc":"538"},{"x":1491321600000,"y":460,"sc":"538"},{"x":1491408000000,"y":463,"sc":"540"},{"x":1491494400000,"y":463,"sc":"540"},{"x":1491753600000,"y":463,"sc":"540"},{"x":1491840000000,"y":464,"sc":"540"},{"x":1491926400000,"y":464,"sc":"540"},{"x":1492012800000,"y":465,"sc":"541"},{"x":1492099200000,"y":467,"sc":"541"},{"x":1492358400000,"y":468,"sc":"543"},{"x":1492444800000,"y":467,"sc":"543"},{"x":1492531200000,"y":466,"sc":"543"},{"x":1492617600000,"y":469,"sc":"545"},{"x":1492704000000,"y":473,"sc":"545"},{"x":1492963200000,"y":470,"sc":"545"},{"x":1493049600000,"y":474,"sc":"547"},{"x":1493136000000,"y":475,"sc":"549"},{"x":1493222400000,"y":478,"sc":"549"},{"x":1493308800000,"y":484,"sc":"549"},{"x":1493654400000,"y":473,"sc":"549"},{"x":1493740800000,"y":474,"sc":"550"},{"x":1493827200000,"y":479,"sc":"550"},{"x":1493913600000,"y":476,"sc":"550"},{"x":1494172800000,"y":479,"sc":"550"},{"x":1494259200000,"y":480,"sc":"550"},{"x":1494345600000,"y":480,"sc":"550"},{"x":1494432000000,"y":483,"sc":"550"},{"x":1494518400000,"y":481,"sc":"550"},{"x":1494777600000,"y":488,"sc":"554"},{"x":1494864000000,"y":491,"sc":"556"},{"x":1494950400000,"y":495,"sc":"560"},{"x":1495036800000,"y":502,"sc":"560"},{"x":1495123200000,"y":499,"sc":"560"},{"x":1495382400000,"y":503,"sc":"560"},{"x":1495468800000,"y":503,"sc":"562"},{"x":1495555200000,"y":504,"sc":"564"},{"x":1495641600000,"y":506,"sc":"564"},{"x":1495728000000,"y":506,"sc":"564"},{"x":1496160000000,"y":503,"sc":"564"},{"x":1496246400000,"y":505,"sc":"564"},{"x":1496332800000,"y":506,"sc":"564"},{"x":1496592000000,"y":508,"sc":"566"},{"x":1496678400000,"y":509,"sc":"566"},{"x":1496764800000,"y":509,"sc":"566"},{"x":1496851200000,"y":510,"sc":"566"},{"x":1496937600000,"y":510,"sc":"566"},{"x":1497196800000,"y":518,"sc":"574"},{"x":1497283200000,"y":518,"sc":"574"},{"x":1497369600000,"y":519,"sc":"575"},{"x":1497456000000,"y":520,"sc":"575"},{"x":1497542400000,"y":520,"sc":"575"},{"x":1497801600000,"y":523,"sc":"577"},{"x":1497888000000,"y":523,"sc":"577"},{"x":1497974400000,"y":522,"sc":"575"},{"x":1498060800000,"y":523,"sc":"575"},{"x":1498147200000,"y":524,"sc":"576"},{"x":1498406400000,"y":527,"sc":"579"},{"x":1498492800000,"y":529,"sc":"579"},{"x":1498579200000,"y":529,"sc":"579"},{"x":1498665600000,"y":528,"sc":"579"},{"x":1498752000000,"y":529,"sc":"582"},{"x":1499011200000,"y":533,"sc":"582"},{"x":1499097600000,"y":520,"sc":"582"},{"x":1499184000000,"y":522,"sc":"583"},{"x":1499270400000,"y":523,"sc":"583"},{"x":1499356800000,"y":524,"sc":"583"},{"x":1499616000000,"y":526,"sc":"583"},{"x":1499702400000,"y":528,"sc":"583"},{"x":1499788800000,"y":530,"sc":"583"},{"x":1499875200000,"y":529,"sc":"583"},{"x":1499961600000,"y":532,"sc":"586"},{"x":1500220800000,"y":531,"sc":"586"},{"x":1500307200000,"y":531,"sc":"586"},{"x":1500393600000,"y":534,"sc":"589"},{"x":1500480000000,"y":535,"sc":"589"},{"x":1500566400000,"y":538,"sc":"593"},{"x":1500825600000,"y":541,"sc":"593"},{"x":1500912000000,"y":541,"sc":"593"},{"x":1500998400000,"y":542,"sc":"594"},{"x":1501084800000,"y":542,"sc":"594"},{"x":1501171200000,"y":543,"sc":"594"},{"x":1501430400000,"y":551,"sc":"594"},{"x":1501516800000,"y":545,"sc":"594"},{"x":1501603200000,"y":547,"sc":"594"},{"x":1501689600000,"y":548,"sc":"594"},{"x":1501776000000,"y":548,"sc":"594"},{"x":1502035200000,"y":550,"sc":"596"},{"x":1502121600000,"y":550,"sc":"596"},{"x":1502208000000,"y":550,"sc":"596"},{"x":1502294400000,"y":550,"sc":"596"},{"x":1502380800000,"y":551,"sc":"596"},{"x":1502640000000,"y":550,"sc":"596"},{"x":1502726400000,"y":551,"sc":"596"},{"x":1502812800000,"y":551,"sc":"596"},{"x":1502899200000,"y":550,"sc":"596"},{"x":1502985600000,"y":550,"sc":"596"},{"x":1503244800000,"y":552,"sc":"597"},{"x":1503331200000,"y":553,"sc":"597"},{"x":1503417600000,"y":554,"sc":"597"},{"x":1503504000000,"y":553,"sc":"596"},{"x":1503590400000,"y":555,"sc":"596"},{"x":1503849600000,"y":569,"sc":"600"},{"x":1503936000000,"y":569,"sc":"600"},{"x":1504022400000,"y":562,"sc":"600"},{"x":1504108800000,"y":563,"sc":"601"},{"x":1504195200000,"y":561,"sc":"601"},{"x":1504454400000,"y":564,"sc":"601"},{"x":1504540800000,"y":565,"sc":"601"},{"x":1504627200000,"y":566,"sc":"601"},{"x":1504713600000,"y":566,"sc":"601"},{"x":1504800000000,"y":567,"sc":"601"},{"x":1505059200000,"y":569,"sc":"603"},{"x":1505145600000,"y":569,"sc":"603"},{"x":1505232000000,"y":568,"sc":"603"},{"x":1505318400000,"y":570,"sc":"605"},{"x":1505404800000,"y":570,"sc":"605"},{"x":1505664000000,"y":573,"sc":"606"},{"x":1505750400000,"y":573,"sc":"606"},{"x":1505836800000,"y":573,"sc":"603"},{"x":1505923200000,"y":573,"sc":"603"},{"x":1506009600000,"y":573,"sc":"603"},{"x":1506268800000,"y":574,"sc":"603"},{"x":1506355200000,"y":577,"sc":"603"},{"x":1506441600000,"y":578,"sc":"604"},{"x":1506528000000,"y":578,"sc":"604"},{"x":1506614400000,"y":580,"sc":"606"},{"x":1507478400000,"y":583,"sc":"606"},{"x":1507564800000,"y":584,"sc":"607"},{"x":1507651200000,"y":584,"sc":"607"},{"x":1507737600000,"y":586,"sc":"611"},{"x":1507824000000,"y":586,"sc":"611"},{"x":1508083200000,"y":585,"sc":"612"},{"x":1508169600000,"y":583,"sc":"612"},{"x":1508256000000,"y":581,"sc":"611"},{"x":1508342400000,"y":581,"sc":"611"},{"x":1508428800000,"y":580,"sc":"611"},{"x":1508688000000,"y":580,"sc":"606"},{"x":1508774400000,"y":581,"sc":"606"},{"x":1508860800000,"y":583,"sc":"607"},{"x":1508947200000,"y":584,"sc":"607"},{"x":1509033600000,"y":586,"sc":"607"},{"x":1509292800000,"y":585,"sc":"609"},{"x":1509379200000,"y":585,"sc":"610"},{"x":1509465600000,"y":588,"sc":"610"},{"x":1509552000000,"y":591,"sc":"613"},{"x":1509638400000,"y":594,"sc":"617"},{"x":1509897600000,"y":596,"sc":"621"},{"x":1509984000000,"y":597,"sc":"621"},{"x":1510070400000,"y":597,"sc":"621"},{"x":1510156800000,"y":599,"sc":"623"},{"x":1510243200000,"y":599,"sc":"623"},{"x":1510502400000,"y":601,"sc":"633"},{"x":1510588800000,"y":600,"sc":"635"},{"x":1510675200000,"y":601,"sc":"635"},{"x":1510761600000,"y":600,"sc":"635"},{"x":1510848000000,"y":601,"sc":"636"},{"x":1511107200000,"y":601,"sc":"636"},{"x":1511193600000,"y":603,"sc":"636"},{"x":1511280000000,"y":604,"sc":"636"},{"x":1511366400000,"y":605,"sc":"636"},{"x":1511452800000,"y":605,"sc":"637"},{"x":1511712000000,"y":606,"sc":"640"},{"x":1511798400000,"y":606,"sc":"640"},{"x":1511884800000,"y":606,"sc":"640"},{"x":1511971200000,"y":607,"sc":"641"},{"x":1512057600000,"y":607,"sc":"643"},{"x":1512316800000,"y":605,"sc":"643"},{"x":1512403200000,"y":604,"sc":"643"},{"x":1512489600000,"y":605,"sc":"643"},{"x":1512576000000,"y":607,"sc":"644"},{"x":1512662400000,"y":613,"sc":"652"},{"x":1512921600000,"y":615,"sc":"652"},{"x":1513008000000,"y":615,"sc":"653"},{"x":1513094400000,"y":615,"sc":"653"},{"x":1513180800000,"y":615,"sc":"654"},{"x":1513267200000,"y":616,"sc":"656"},{"x":1513526400000,"y":618,"sc":"656"},{"x":1513612800000,"y":619,"sc":"656"},{"x":1513699200000,"y":620,"sc":"656"},{"x":1513785600000,"y":621,"sc":"655"},{"x":1513872000000,"y":622,"sc":"655"},{"x":1514131200000,"y":625,"sc":"655"},{"x":1514217600000,"y":625,"sc":"655"},{"x":1514304000000,"y":623,"sc":"654"},{"x":1514390400000,"y":625,"sc":"655"},{"x":1514476800000,"y":626,"sc":"655"},{"x":1514822400000,"y":635,"sc":"655"},{"x":1514908800000,"y":637,"sc":"655"},{"x":1514995200000,"y":638,"sc":"655"},{"x":1515081600000,"y":640,"sc":"655"},{"x":1515340800000,"y":630,"sc":"655"},{"x":1515427200000,"y":630,"sc":"655"},{"x":1515513600000,"y":631,"sc":"656"},{"x":1515600000000,"y":631,"sc":"657"},{"x":1515686400000,"y":631,"sc":"657"},{"x":1515945600000,"y":632,"sc":"657"},{"x":1516032000000,"y":635,"sc":"657"},{"x":1516118400000,"y":636,"sc":"657"},{"x":1516204800000,"y":636,"sc":"657"},{"x":1516291200000,"y":636,"sc":"657"},{"x":1516550400000,"y":637,"sc":"657"},{"x":1516636800000,"y":637,"sc":"657"},{"x":1516723200000,"y":638,"sc":"657"},{"x":1516809600000,"y":638,"sc":"657"},{"x":1516896000000,"y":639,"sc":"655"},{"x":1517155200000,"y":640,"sc":"656"},{"x":1517241600000,"y":640,"sc":"656"},{"x":1517328000000,"y":640,"sc":"656"},{"x":1517414400000,"y":640,"sc":"656"},{"x":1517500800000,"y":640,"sc":"656"},{"x":1517760000000,"y":639,"sc":"656"},{"x":1517846400000,"y":639,"sc":"656"}];
/*百分比排名*/
var Data_rateInSimilarPersent = [[1451232000000,28.8100],[1451318400000,29.9400],[1451404800000,27.8100],[1451491200000,27.8100],[1451836800000,23.0300],[1451923200000,21.0700],[1452009600000,20.5100],[1452096000000,26.1200],[1452182400000,26.6900],[1452441600000,26.4000],[1452528000000,26.6900],[1452614400000,22.7500],[1452700800000,22.7500],[1452787200000,25.5600],[1453046400000,24.4400],[1453132800000,24.7200],[1453219200000,24.1600],[1453305600000,24.3700],[1453392000000,24.3000],[1453651200000,25.00],[1453737600000,27.2200],[1453824000000,24.7200],[1453910400000,26.3900],[1453996800000,22.7800],[1454256000000,16.6700],[1454342400000,15.8300],[1454428800000,17.7800],[1454515200000,16.9900],[1454601600000,20.2200],[1455465600000,15.7200],[1455552000000,16.5300],[1455638400000,17.0700],[1455724800000,17.6200],[1455811200000,18.4300],[1456070400000,19.7800],[1456156800000,21.3500],[1456243200000,23.3200],[1456329600000,24.1300],[1456416000000,23.2000],[1456675200000,26.4000],[1456761600000,27.1300],[1456848000000,27.6600],[1456934400000,26.8600],[1457020800000,21.0100],[1457280000000,25.8000],[1457366400000,30.5300],[1457452800000,31.5800],[1457539200000,33.4200],[1457625600000,35.7000],[1457884800000,40.9400],[1457971200000,35.7900],[1458057600000,33.2500],[1458144000000,29.7700],[1458230400000,30.2900],[1458489600000,37.0800],[1458576000000,39.4800],[1458662400000,41.8200],[1458748800000,46.4900],[1458835200000,31.4600],[1459094400000,22.5100],[1459180800000,23.2700],[1459267200000,23.2700],[1459353600000,23.4700],[1459440000000,22.7000],[1459785600000,25.00],[1459872000000,25.00],[1459958400000,26.7900],[1460044800000,27.3000],[1460304000000,28.9300],[1460390400000,29.1900],[1460476800000,30.4600],[1460563200000,30.7100],[1460649600000,30.2000],[1460908800000,29.9500],[1460995200000,29.9500],[1461081600000,31.2200],[1461168000000,31.7300],[1461254400000,31.4700],[1461513600000,29.4400],[1461600000000,25.3800],[1461686400000,25.8900],[1461772800000,27.1600],[1461859200000,28.9300],[1462204800000,29.9500],[1462291200000,31.4700],[1462377600000,28.2500],[1462464000000,24.00],[1462723200000,19.2500],[1462809600000,18.2500],[1462896000000,16.7500],[1462982400000,15.2500],[1463068800000,14.2500],[1463328000000,24.7500],[1463414400000,24.2500],[1463500800000,25.00],[1463587200000,26.00],[1463673600000,25.2500],[1463932800000,28.2500],[1464019200000,28.00],[1464105600000,26.7500],[1464192000000,29.00],[1464278400000,28.00],[1464537600000,30.00],[1464624000000,29.5000],[1464710400000,31.7500],[1464796800000,30.2500],[1464883200000,31.7500],[1465142400000,30.8500],[1465228800000,26.6200],[1465315200000,21.3900],[1465747200000,20.6500],[1465833600000,21.3900],[1465920000000,20.3500],[1466006400000,18.3600],[1466092800000,18.6100],[1466352000000,19.1100],[1466438400000,18.5600],[1466524800000,19.3100],[1466611200000,18.5600],[1466697600000,16.5800],[1466956800000,16.5800],[1467043200000,16.3400],[1467129600000,16.3400],[1467216000000,15.8400],[1467302400000,15.5900],[1467561600000,15.8400],[1467648000000,13.8600],[1467734400000,13.3700],[1467820800000,13.1200],[1467907200000,14.3600],[1468166400000,13.8600],[1468252800000,14.3600],[1468339200000,13.3700],[1468425600000,13.3700],[1468512000000,12.6200],[1468771200000,12.8700],[1468857600000,13.3700],[1468944000000,13.8300],[1469030400000,13.3300],[1469116800000,13.0900],[1469376000000,13.0900],[1469462400000,12.8400],[1469548800000,12.8400],[1469635200000,12.5300],[1469721600000,12.0400],[1469980800000,9.5800],[1470067200000,11.3000],[1470153600000,11.7900],[1470240000000,11.4900],[1470326400000,10.7600],[1470585600000,10.6800],[1470672000000,10.6500],[1470758400000,10.9000],[1470844800000,10.6500],[1470931200000,10.6500],[1471190400000,9.2000],[1471276800000,9.2000],[1471363200000,9.1800],[1471449600000,8.1900],[1471536000000,8.1900],[1471795200000,9.1300],[1471881600000,8.1700],[1471968000000,7.6900],[1472054400000,7.6900],[1472140800000,7.2100],[1472400000000,7.6900],[1472486400000,7.2100],[1472572800000,7.2100],[1472659200000,7.4500],[1472745600000,7.1900],[1473004800000,7.3600],[1473091200000,7.6000],[1473177600000,7.6000],[1473264000000,7.8000],[1473350400000,7.5500],[1473609600000,7.5500],[1473696000000,7.5500],[1473782400000,7.5500],[1474214400000,7.0800],[1474300800000,6.8400],[1474387200000,7.0800],[1474473600000,6.7900],[1474560000000,6.7900],[1474819200000,6.2800],[1474905600000,6.5100],[1474992000000,6.0500],[1475078400000,6.4800],[1475164800000,6.4800],[1476028800000,5.3000],[1476115200000,5.3000],[1476201600000,5.7500],[1476288000000,6.6400],[1476374400000,6.2100],[1476633600000,5.5000],[1476720000000,5.9400],[1476806400000,5.2600],[1476892800000,5.2600],[1476979200000,5.7200],[1477238400000,7.9500],[1477324800000,7.7300],[1477411200000,7.0300],[1477497600000,7.0300],[1477584000000,7.1900],[1477843200000,6.9400],[1477929600000,6.7100],[1478016000000,6.4900],[1478102400000,6.4900],[1478188800000,6.4700],[1478448000000,6.8900],[1478534400000,7.1100],[1478620800000,7.3300],[1478707200000,7.1100],[1478793600000,7.1100],[1479052800000,7.1100],[1479139200000,7.3300],[1479225600000,7.3300],[1479312000000,7.1100],[1479398400000,7.1100],[1479657600000,7.3200],[1479744000000,7.3200],[1479830400000,7.3200],[1479916800000,7.1000],[1480003200000,7.3200],[1480262400000,7.3200],[1480348800000,6.1900],[1480435200000,5.9700],[1480521600000,6.4200],[1480608000000,6.8100],[1480867200000,6.8100],[1480953600000,7.0300],[1481040000000,7.0300],[1481126400000,6.8100],[1481212800000,6.3600],[1481472000000,5.4700],[1481558400000,5.2400],[1481644800000,5.4600],[1481731200000,5.2400],[1481817600000,4.8000],[1482076800000,4.8000],[1482163200000,4.8000],[1482249600000,5.0200],[1482336000000,5.2300],[1482422400000,5.4000],[1482681600000,5.1700],[1482768000000,5.1700],[1482854400000,4.9400],[1482940800000,4.9400],[1483027200000,4.9000],[1483372800000,4.2600],[1483459200000,4.2700],[1483545600000,4.0500],[1483632000000,3.6200],[1483891200000,4.9000],[1483977600000,5.1200],[1484064000000,5.7600],[1484150400000,4.2600],[1484236800000,4.6900],[1484496000000,4.4500],[1484582400000,5.0600],[1484668800000,6.0900],[1484755200000,6.0900],[1484841600000,6.0900],[1485100800000,5.8200],[1485187200000,5.3900],[1485273600000,5.9900],[1485360000000,6.1900],[1486051200000,6.9500],[1486310400000,7.9400],[1486396800000,7.7400],[1486483200000,7.9400],[1486569600000,8.5500],[1486656000000,8.9100],[1486915200000,9.2700],[1487001600000,9.8800],[1487088000000,10.2800],[1487174400000,10.6900],[1487260800000,10.6900],[1487520000000,10.8900],[1487606400000,10.8900],[1487692800000,10.8900],[1487779200000,11.2400],[1487865600000,11.4000],[1488124800000,12.1300],[1488211200000,12.3300],[1488297600000,12.5200],[1488384000000,13.8900],[1488470400000,12.9200],[1488729600000,14.4200],[1488816000000,14.3700],[1488902400000,14.1500],[1488988800000,14.8600],[1489075200000,13.3200],[1489334400000,15.2500],[1489420800000,15.0600],[1489507200000,15.0600],[1489593600000,15.9600],[1489680000000,14.8100],[1489939200000,15.5200],[1490025600000,16.6700],[1490112000000,16.9800],[1490198400000,15.8500],[1490284800000,15.2800],[1490544000000,15.9200],[1490630400000,16.6400],[1490716800000,17.0100],[1490803200000,15.2400],[1490889600000,14.8700],[1491321600000,14.5000],[1491408000000,14.2600],[1491494400000,14.2600],[1491753600000,14.2600],[1491840000000,14.0700],[1491926400000,14.0700],[1492012800000,14.0500],[1492099200000,13.6800],[1492358400000,13.8100],[1492444800000,14.00],[1492531200000,14.1800],[1492617600000,13.9400],[1492704000000,13.2100],[1492963200000,13.7600],[1493049600000,13.3500],[1493136000000,13.4800],[1493222400000,12.9300],[1493308800000,11.8400],[1493654400000,13.8400],[1493740800000,13.8200],[1493827200000,12.9100],[1493913600000,13.4500],[1494172800000,12.9100],[1494259200000,12.7300],[1494345600000,12.7300],[1494432000000,12.1800],[1494518400000,12.5500],[1494777600000,11.9100],[1494864000000,11.6900],[1494950400000,11.6100],[1495036800000,10.3600],[1495123200000,10.8900],[1495382400000,10.1800],[1495468800000,10.5000],[1495555200000,10.6400],[1495641600000,10.2800],[1495728000000,10.2800],[1496160000000,10.8200],[1496246400000,10.4600],[1496332800000,10.2800],[1496592000000,10.2500],[1496678400000,10.0700],[1496764800000,10.0700],[1496851200000,9.8900],[1496937600000,9.8900],[1497196800000,9.7600],[1497283200000,9.7600],[1497369600000,9.7400],[1497456000000,9.5700],[1497542400000,9.5700],[1497801600000,9.3600],[1497888000000,9.3600],[1497974400000,9.2200],[1498060800000,9.0400],[1498147200000,9.0300],[1498406400000,8.9800],[1498492800000,8.6400],[1498579200000,8.6400],[1498665600000,8.8100],[1498752000000,9.1100],[1499011200000,8.4200],[1499097600000,10.6500],[1499184000000,10.4600],[1499270400000,10.2900],[1499356800000,10.1200],[1499616000000,9.7800],[1499702400000,9.4300],[1499788800000,9.0900],[1499875200000,9.2600],[1499961600000,9.2200],[1500220800000,9.3900],[1500307200000,9.3900],[1500393600000,9.3400],[1500480000000,9.1700],[1500566400000,9.2700],[1500825600000,8.7700],[1500912000000,8.7700],[1500998400000,8.7500],[1501084800000,8.7500],[1501171200000,8.5900],[1501430400000,7.2400],[1501516800000,8.2500],[1501603200000,7.9100],[1501689600000,7.7400],[1501776000000,7.7400],[1502035200000,7.7200],[1502121600000,7.7200],[1502208000000,7.7200],[1502294400000,7.7200],[1502380800000,7.5500],[1502640000000,7.7200],[1502726400000,7.5500],[1502812800000,7.5500],[1502899200000,7.7200],[1502985600000,7.7200],[1503244800000,7.5400],[1503331200000,7.3700],[1503417600000,7.2000],[1503504000000,7.2100],[1503590400000,6.8800],[1503849600000,5.1700],[1503936000000,5.1700],[1504022400000,6.3300],[1504108800000,6.3200],[1504195200000,6.6600],[1504454400000,6.1600],[1504540800000,5.9900],[1504627200000,5.8200],[1504713600000,5.8200],[1504800000000,5.6600],[1505059200000,5.6400],[1505145600000,5.6400],[1505232000000,5.8000],[1505318400000,5.7900],[1505404800000,5.7900],[1505664000000,5.4500],[1505750400000,5.4500],[1505836800000,4.9800],[1505923200000,4.9800],[1506009600000,4.9800],[1506268800000,4.8100],[1506355200000,4.3100],[1506441600000,4.3000],[1506528000000,4.3000],[1506614400000,4.2900],[1507478400000,3.8000],[1507564800000,3.7900],[1507651200000,3.7900],[1507737600000,4.0900],[1507824000000,4.0900],[1508083200000,4.4100],[1508169600000,4.7400],[1508256000000,4.9100],[1508342400000,4.9100],[1508428800000,5.0700],[1508688000000,4.2900],[1508774400000,4.1300],[1508860800000,3.9500],[1508947200000,3.7900],[1509033600000,3.4600],[1509292800000,3.9400],[1509379200000,4.1000],[1509465600000,3.6100],[1509552000000,3.5900],[1509638400000,3.7300],[1509897600000,4.0300],[1509984000000,3.8600],[1510070400000,3.8600],[1510156800000,3.8500],[1510243200000,3.8500],[1510502400000,5.0600],[1510588800000,5.5100],[1510675200000,5.3500],[1510761600000,5.5100],[1510848000000,5.5000],[1511107200000,5.5000],[1511193600000,5.1900],[1511280000000,5.0300],[1511366400000,4.8700],[1511452800000,5.0200],[1511712000000,5.3100],[1511798400000,5.3100],[1511884800000,5.3100],[1511971200000,5.3000],[1512057600000,5.6000],[1512316800000,5.9100],[1512403200000,6.0700],[1512489600000,5.9100],[1512576000000,5.7500],[1512662400000,5.9800],[1512921600000,5.6700],[1513008000000,5.8200],[1513094400000,5.8200],[1513180800000,5.9600],[1513267200000,6.1000],[1513526400000,5.7900],[1513612800000,5.6400],[1513699200000,5.4900],[1513785600000,5.1900],[1513872000000,5.0400],[1514131200000,4.5800],[1514217600000,4.5800],[1514304000000,4.7400],[1514390400000,4.5800],[1514476800000,4.4300],[1514822400000,3.0500],[1514908800000,2.7500],[1514995200000,2.6000],[1515081600000,2.2900],[1515340800000,3.8200],[1515427200000,3.8200],[1515513600000,3.8100],[1515600000000,3.9600],[1515686400000,3.9600],[1515945600000,3.8100],[1516032000000,3.3500],[1516118400000,3.2000],[1516204800000,3.2000],[1516291200000,3.2000],[1516550400000,3.0400],[1516636800000,3.0400],[1516723200000,2.8900],[1516809600000,2.8900],[1516896000000,2.4400],[1517155200000,2.4400],[1517241600000,2.4400],[1517328000000,2.4400],[1517414400000,2.4400],[1517500800000,2.4400],[1517760000000,2.5900],[1517846400000,2.5900]];
/*规模变动*/
var Data_fluctuationScale = {"categories":["2016-12-31","2017-03-31","2017-06-30","2017-09-30","2017-12-31"],"series":[{"y":17.53,"mom":"-5.87%"},{"y":20.08,"mom":"14.51%"},{"y":26.13,"mom":"30.14%"},{"y":25.25,"mom":"-3.36%"},{"y":22.93,"mom":"-9.18%"}]};;
/*持有人结构*/
var Data_holderStructure = {"series":[{"name":"机构持有比例","data":[4.67,4.67,3.62,3.15]},{"name":"个人持有比例","data":[95.33,95.33,96.38,96.85]},{"name":"内部持有比例","data":[0.0,0.0,0.0,0.0]}],"categories":["2015-12-31","2016-06-30","2016-12-31","2017-06-30"]};
/*申购赎回*/
var Data_assetAllocation ={"series":[{"name":"期间申购","data":[142.70,162.35,188.28,168.87]},{"name":"期间赎回","data":[140.15,156.30,189.16,171.19]},{"name":"总份额","data":[20.08,26.13,25.25,22.93]}],"categories":["2017-03-31","2017-06-30","2017-09-30","2017-12-31"]};
/*现任基金经理*/
var Data_currentFundManager = [{"id":"30487150","pic":"https://pdf.dfcfw.com/pdf/H8_PNG30487150_1.jpg","name":"刘辉","star":2,"workTime":"1年又162天","fundSize":"322.65亿(4只基金)","power":{"avr":"32.96","categories":["经验值","收益率","影响力","稳定性","管理规模"],"dsc":["反映基金经理从业年限和管理基金的经验","根据基金经理投资的阶段收益评分，反映\u003cbr\u003e基金经理投资的盈利能力","根据基金经理所管理基金的机构和个人投\u003cbr\u003e资者持有比例评分","反映基金经理投资收益的波动","根据基金经理现任管理基金资产规模评分"],"data":[40.60,33.70,22.0,18.60,57.60],"jzrq":"2018-02-06"},"profit":{"categories":["任期收益","同类平均"],"series":[{"data":[{"name":null,"color":"#7cb5ec","y":2.7824},{"name":null,"color":"#414c7b","y":3.26}]}],"jzrq":"2018-02-06"}}] ;
/*同类型基金涨幅榜（页面底部通栏）*/
var swithSameType = [['002895_华夏天利货币B_5.8750','002894_华夏天利货币A_5.6210','004398_融通现金宝货币B_5.3370','000902_国开货币B_5.3360','001478_泰康薪意保货币B_5.1400'],['002895_华夏天利货币B_5.26','004973_长城收益宝货币B_5.08','004904_人保货币B_5.05','002884_华润元大现金通货币B_5.01','002894_华夏天利货币A_5.01'],['004973_长城收益宝货币B_5.05','004770_海富通添益货币A_4.99','002884_华润元大现金通货币B_4.99','005151_红土创新优淳货币B_4.90','002895_华夏天利货币B_4.89'],['004770_海富通添益货币A_5.39','004973_长城收益宝货币B_5.13','002884_华润元大现金通货币B_5.03','002895_华夏天利货币B_5.03','004398_融通现金宝货币B_5.01'],['003679_中融现金增利货币C_4.67','003474_南方天天利货币B_4.55','000836_国投瑞银钱多宝货币A_4.52','000837_国投瑞银钱多宝货币I_4.52','003753_工银如意货币B_4.51']];