/**
 * 测试数据
 * @type {arry}
 */
/*2018-02-07 16:08:26*/
//基金或股票信息
var fS_name = "大成慧成货币E";
var fS_code = "002202";
var fund_minsg="";
var ishb=true;
/*原费率*/
var fund_sourceRate="0";
/*现费率*/
var fund_Rate="0";
/*最小申购金额*/
var fund_minsg="";
/*收益率*/
/*近一年收益率*/
var syl_1n="4.1893";
/*近6月收益率*/
var syl_6y="2.1005";
/*近三月收益率*/
var syl_3y="1.0704";
/*近一月收益率*/
var syl_1y="0.38";
/* 基金收益走势图 每万份收益*/
var Data_millionCopiesIncome = [[1457020800000,0.0],[1457193600000,0.0],[1457280000000,0.0],[1457366400000,0.0],[1457452800000,0.0],[1457539200000,0.0],[1457625600000,0.0],[1457798400000,0.0],[1457884800000,0.0],[1457971200000,0.0],[1458057600000,0.0],[1458144000000,0.0],[1458230400000,0.0],[1458403200000,0.0],[1458489600000,0.0],[1458576000000,0.0],[1458662400000,0.0],[1458748800000,0.0],[1458835200000,0.0],[1459008000000,0.0],[1459094400000,0.0],[1459180800000,0.0],[1459267200000,0.0],[1459353600000,0.0],[1459440000000,0.0],[1459699200000,0.0],[1459785600000,0.0],[1459872000000,0.0],[1459958400000,0.0],[1460044800000,0.0],[1460217600000,0.0],[1460304000000,0.0],[1460390400000,0.0],[1460476800000,0.0],[1460563200000,0.0],[1460649600000,0.0],[1460822400000,0.0],[1460908800000,0.0],[1460995200000,0.0],[1461081600000,0.0],[1461168000000,0.0],[1461254400000,0.0],[1461427200000,0.0],[1461513600000,0.0],[1461600000000,0.0],[1461686400000,0.0],[1461772800000,0.0],[1461859200000,0.0],[1462118400000,0.0],[1462204800000,0.0],[1462291200000,0.0],[1462377600000,0.0],[1462464000000,0.0],[1462636800000,0.0],[1462723200000,0.0],[1462809600000,0.0],[1462896000000,0.0],[1462982400000,0.0],[1463068800000,0.0],[1463241600000,0.0],[1463328000000,0.0],[1463414400000,0.0],[1463500800000,0.0],[1463587200000,0.0],[1463673600000,0.0],[1463846400000,0.0],[1463932800000,0.0],[1464019200000,0.0],[1464105600000,0.0],[1464192000000,0.0],[1464278400000,0.0],[1464451200000,0.0],[1464537600000,0.0],[1464624000000,0.0],[1464710400000,0.0],[1464796800000,0.0],[1464883200000,0.0],[1465056000000,0.0],[1465142400000,0.0],[1465228800000,0.0],[1465315200000,0.0],[1465660800000,0.0],[1465747200000,0.0],[1465833600000,0.0],[1465920000000,0.0],[1466006400000,0.0],[1466092800000,0.0],[1466265600000,0.0],[1466352000000,0.0],[1466438400000,0.0],[1466524800000,0.0],[1466611200000,0.0],[1466697600000,0.0],[1466870400000,0.0],[1466956800000,0.0],[1467043200000,0.0],[1467129600000,0.0],[1467216000000,0.0],[1467302400000,0.0],[1467475200000,0.0],[1467561600000,0.0],[1467648000000,0.0],[1467734400000,0.0],[1467820800000,0.0],[1467907200000,0.0],[1468080000000,0.0],[1468166400000,0.0],[1468252800000,0.0],[1468339200000,0.0],[1468425600000,0.0],[1468512000000,0.0],[1468684800000,0.0],[1468771200000,0.0],[1468857600000,0.0],[1468944000000,0.0],[1469030400000,0.0],[1469116800000,0.0],[1469289600000,0.0],[1469376000000,0.0],[1469462400000,0.0],[1469548800000,0.0],[1469635200000,0.0],[1469721600000,0.0],[1469894400000,0.0],[1469980800000,0.0],[1470067200000,0.0],[1470153600000,0.0],[1470240000000,0.0],[1470326400000,0.0],[1470499200000,0.0],[1470585600000,0.0],[1470672000000,0.0],[1470758400000,0.0],[1470844800000,0.0],[1470931200000,0.0],[1471104000000,0.0],[1471190400000,0.0],[1471276800000,0.0],[1471363200000,0.0],[1471449600000,0.0],[1471536000000,0.0],[1471708800000,0.0],[1471795200000,0.0],[1471881600000,0.0],[1471968000000,0.0],[1472054400000,0.0],[1472140800000,0.0],[1472313600000,0.0],[1472400000000,0.0],[1472486400000,0.0],[1472572800000,0.0],[1472659200000,0.0],[1472745600000,0.0],[1472918400000,0.0],[1473004800000,0.0],[1473091200000,0.7287],[1473177600000,0.6565],[1473264000000,0.6517],[1473350400000,0.6507],[1473523200000,1.3062],[1473609600000,0.6516],[1473696000000,0.6567],[1473782400000,0.6421],[1474128000000,2.5682],[1474214400000,0.6676],[1474300800000,0.6411],[1474387200000,0.6377],[1474473600000,0.6542],[1474560000000,0.6526],[1474732800000,1.3019],[1474819200000,0.6685],[1474905600000,0.6685],[1474992000000,0.7545],[1475078400000,0.6457],[1475164800000,0.6288],[1475942400000,5.6588],[1476028800000,0.6475],[1476115200000,0.6972],[1476201600000,0.6884],[1476288000000,0.703],[1476374400000,0.6469],[1476547200000,1.2949],[1476633600000,0.6604],[1476720000000,0.6456],[1476806400000,0.6505],[1476892800000,0.6456],[1476979200000,0.7721],[1477152000000,1.277],[1477238400000,0.6354],[1477324800000,0.6143],[1477411200000,0.5767],[1477497600000,0.6379],[1477584000000,0.6503],[1477756800000,1.2855],[1477843200000,0.5582],[1477929600000,0.6274],[1478016000000,0.6557],[1478102400000,0.6392],[1478188800000,0.6787],[1478361600000,1.2684],[1478448000000,0.633],[1478534400000,0.6405],[1478620800000,0.6427],[1478707200000,0.6285],[1478793600000,0.5883],[1478966400000,1.268],[1479052800000,0.6183],[1479139200000,0.6251],[1479225600000,0.6617],[1479312000000,0.6375],[1479398400000,0.6423],[1479571200000,1.2605],[1479657600000,0.6417],[1479744000000,0.6476],[1479830400000,0.6475],[1479916800000,0.6382],[1480003200000,0.6953],[1480176000000,1.3254],[1480262400000,0.6495],[1480348800000,0.6255],[1480435200000,0.5636],[1480521600000,0.7973],[1480608000000,0.8468],[1480780800000,1.6936],[1480867200000,0.8868],[1480953600000,0.8439],[1481040000000,0.9438],[1481126400000,0.9328],[1481212800000,0.9312],[1481385600000,1.8655],[1481472000000,0.9325],[1481558400000,0.9293],[1481644800000,0.8789],[1481731200000,0.9892],[1481817600000,1.0184],[1481990400000,2.0228],[1482076800000,0.9226],[1482163200000,1.0064],[1482249600000,0.9628],[1482336000000,0.9596],[1482422400000,0.964],[1482595200000,1.9346],[1482681600000,0.935],[1482768000000,0.9626],[1482854400000,0.9678],[1482940800000,0.9633],[1483027200000,0.9633],[1483113600000,0.9633],[1483286400000,1.9178],[1483372800000,0.954],[1483459200000,0.9716],[1483545600000,0.9608],[1483632000000,0.8726],[1483804800000,1.7388],[1483891200000,0.9495],[1483977600000,0.958],[1484064000000,0.9588],[1484150400000,0.9587],[1484236800000,0.9443],[1484409600000,1.8244],[1484496000000,0.936],[1484582400000,0.9681],[1484668800000,0.9729],[1484755200000,0.9809],[1484841600000,0.941],[1485014400000,1.9116],[1485100800000,0.9159],[1485187200000,1.0427],[1485273600000,0.9887],[1485360000000,1.0137],[1485964800000,7.0962],[1486051200000,1.0135],[1486224000000,2.024],[1486310400000,0.9455],[1486396800000,0.9624],[1486483200000,0.9623],[1486569600000,0.9831],[1486656000000,0.9659],[1486828800000,1.9277],[1486915200000,0.9636],[1487001600000,0.9566],[1487088000000,1.0223],[1487174400000,1.0359],[1487260800000,1.0814],[1487433600000,2.1628],[1487520000000,1.1087],[1487606400000,1.0793],[1487692800000,1.0771],[1487779200000,1.0525],[1487865600000,1.089],[1488038400000,2.1801],[1488124800000,1.0856],[1488211200000,1.0802],[1488297600000,1.0676],[1488384000000,1.0837],[1488470400000,1.0781],[1488643200000,2.1534],[1488729600000,1.0902],[1488816000000,1.0942],[1488902400000,1.0662],[1488988800000,1.035],[1489075200000,1.0637],[1489248000000,2.1274],[1489334400000,1.0918],[1489420800000,1.0629],[1489507200000,1.0616],[1489593600000,1.0723],[1489680000000,1.0722],[1489852800000,2.1443],[1489939200000,1.059],[1490025600000,1.0724],[1490112000000,1.0803],[1490198400000,1.1048],[1490284800000,1.0228],[1490457600000,2.1422],[1490544000000,1.0709],[1490630400000,1.0663],[1490716800000,1.1178],[1490803200000,1.1404],[1490889600000,1.1067],[1491235200000,4.3935],[1491321600000,1.092],[1491408000000,1.0507],[1491494400000,1.0704],[1491667200000,2.142],[1491753600000,1.075],[1491840000000,1.0951],[1491926400000,1.09],[1492012800000,1.1119],[1492099200000,1.0747],[1492272000000,2.1488],[1492358400000,1.0826],[1492444800000,1.0818],[1492531200000,1.0817],[1492617600000,1.0803],[1492704000000,1.0354],[1492876800000,2.1865],[1492963200000,1.0694],[1493049600000,1.1093],[1493136000000,1.1027],[1493222400000,1.1076],[1493308800000,1.1127],[1493568000000,3.3394],[1493654400000,1.1238],[1493740800000,1.0902],[1493827200000,1.0947],[1493913600000,1.0721],[1494086400000,2.1686],[1494172800000,1.0675],[1494259200000,1.0582],[1494345600000,1.0514],[1494432000000,1.0644],[1494518400000,1.0398],[1494691200000,2.1131],[1494777600000,1.0233],[1494864000000,1.0744],[1494950400000,0.9895],[1495036800000,1.0628],[1495123200000,1.1464],[1495296000000,2.3519],[1495382400000,1.0573],[1495468800000,1.0952],[1495555200000,1.3755],[1495641600000,1.1789],[1495728000000,1.185],[1496073600000,4.7195],[1496160000000,1.1905],[1496246400000,1.1849],[1496332800000,1.1946],[1496505600000,2.3467],[1496592000000,1.1752],[1496678400000,1.1353],[1496764800000,1.1761],[1496851200000,1.195],[1496937600000,1.1713],[1497110400000,2.3427],[1497196800000,1.1722],[1497283200000,1.16],[1497369600000,1.1706],[1497456000000,1.1623],[1497542400000,1.2003],[1497715200000,2.3979],[1497801600000,1.1661],[1497888000000,1.2107],[1497974400000,1.2074],[1498060800000,1.1902],[1498147200000,1.1882],[1498320000000,2.3753],[1498406400000,1.1837],[1498492800000,1.1941],[1498579200000,1.1977],[1498665600000,1.2003],[1498752000000,1.1843],[1498924800000,2.3673],[1499011200000,1.2124],[1499097600000,1.2192],[1499184000000,1.2225],[1499270400000,1.2274],[1499356800000,1.1793],[1499529600000,2.3523],[1499616000000,1.1769],[1499702400000,1.1944],[1499788800000,1.1815],[1499875200000,1.1818],[1499961600000,1.1894],[1500134400000,2.3726],[1500220800000,1.1766],[1500307200000,1.1848],[1500393600000,1.1378],[1500480000000,1.1585],[1500566400000,1.1948],[1500739200000,2.3549],[1500825600000,1.1876],[1500912000000,1.1585],[1500998400000,1.2062],[1501084800000,1.1871],[1501171200000,1.1837],[1501344000000,2.3596],[1501430400000,1.1934],[1501516800000,1.1442],[1501603200000,1.1638],[1501689600000,1.1817],[1501776000000,1.1828],[1501948800000,2.3644],[1502035200000,1.1686],[1502121600000,1.1684],[1502208000000,1.1948],[1502294400000,1.1705],[1502380800000,1.1639],[1502553600000,2.3193],[1502640000000,1.077],[1502726400000,0.9205],[1502812800000,0.9743],[1502899200000,0.9681],[1502985600000,0.9002],[1503158400000,1.7777],[1503244800000,0.8934],[1503331200000,0.9324],[1503417600000,0.8851],[1503504000000,0.9264],[1503590400000,0.9427],[1503763200000,2.0911],[1503849600000,1.0751],[1503936000000,1.0845],[1504022400000,1.1146],[1504108800000,1.0863],[1504195200000,1.1316],[1504368000000,2.2866],[1504454400000,1.1534],[1504540800000,1.1579],[1504627200000,1.1543],[1504713600000,1.1432],[1504800000000,1.1147],[1504972800000,2.2066],[1505059200000,1.1],[1505145600000,1.0675],[1505232000000,1.0257],[1505318400000,1.0239],[1505404800000,1.0365],[1505577600000,2.094],[1505664000000,1.0462],[1505750400000,1.0723],[1505836800000,1.1032],[1505923200000,1.1141],[1506009600000,1.1119],[1506182400000,2.225],[1506268800000,1.1141],[1506355200000,1.1385],[1506441600000,1.1987],[1506528000000,1.1898],[1506614400000,1.1896],[1507392000000,10.6984],[1507478400000,1.1877],[1507564800000,1.1996],[1507651200000,1.2005],[1507737600000,1.1753],[1507824000000,1.1754],[1507996800000,2.353],[1508083200000,1.1757],[1508169600000,1.0983],[1508256000000,1.114],[1508342400000,1.1086],[1508428800000,1.1083],[1508601600000,2.216],[1508688000000,1.1084],[1508774400000,1.1075],[1508860800000,1.1209],[1508947200000,1.1221],[1509033600000,1.0898],[1509206400000,2.2221],[1509292800000,1.0971],[1509379200000,1.1055],[1509465600000,1.098],[1509552000000,1.1009],[1509638400000,1.1022],[1509811200000,2.1962],[1509897600000,1.0984],[1509984000000,1.0973],[1510070400000,1.0969],[1510156800000,1.0977],[1510243200000,1.0951],[1510416000000,2.1938],[1510502400000,1.0916],[1510588800000,1.1081],[1510675200000,1.099],[1510761600000,1.1206],[1510848000000,1.1368],[1511020800000,2.2748],[1511107200000,1.1324],[1511193600000,1.1223],[1511280000000,1.1054],[1511366400000,1.1245],[1511452800000,1.143],[1511625600000,2.2857],[1511712000000,1.1229],[1511798400000,1.1352],[1511884800000,1.2247],[1511971200000,1.116],[1512057600000,1.1127],[1512230400000,2.2415],[1512316800000,1.114],[1512403200000,1.119],[1512489600000,1.1583],[1512576000000,1.1411],[1512662400000,1.1527],[1512835200000,2.3075],[1512921600000,1.1651],[1513008000000,1.218],[1513094400000,1.1551],[1513180800000,1.1455],[1513267200000,1.1472],[1513440000000,2.2876],[1513526400000,1.1438],[1513612800000,1.1484],[1513699200000,1.1715],[1513785600000,1.2293],[1513872000000,1.1843],[1514044800000,2.3619],[1514131200000,1.1818],[1514217600000,1.1824],[1514304000000,1.1448],[1514390400000,1.2113],[1514476800000,1.1164],[1514649600000,2.2298],[1514736000000,1.1148],[1514822400000,1.1329],[1514908800000,1.2039],[1514995200000,1.209],[1515081600000,1.1911],[1515254400000,2.3838],[1515340800000,1.1892],[1515427200000,1.1928],[1515513600000,1.1828],[1515600000000,1.1849],[1515686400000,1.1945],[1515859200000,2.3871],[1515945600000,1.189],[1516032000000,1.1838],[1516118400000,1.1685],[1516204800000,1.1759],[1516291200000,1.1671],[1516464000000,2.3553],[1516550400000,1.1693],[1516636800000,1.166],[1516723200000,1.2063],[1516809600000,1.2114],[1516896000000,1.2025],[1517068800000,2.4103],[1517155200000,1.1845],[1517241600000,1.1504],[1517328000000,1.1558],[1517414400000,1.1869],[1517500800000,1.1848],[1517673600000,2.3729],[1517760000000,1.1828],[1517846400000,1.1878]];
/*基金收益走势图   7日年化收益率*/
var Data_sevenDaysYearIncome = [[1457020800000,0.0],[1457193600000,0.0],[1457280000000,0.0],[1457366400000,0.0],[1457452800000,0.0],[1457539200000,0.0],[1457625600000,0.0],[1457798400000,0.0],[1457884800000,0.0],[1457971200000,0.0],[1458057600000,0.0],[1458144000000,0.0],[1458230400000,0.0],[1458403200000,0.0],[1458489600000,0.0],[1458576000000,0.0],[1458662400000,0.0],[1458748800000,0.0],[1458835200000,0.0],[1459008000000,0.0],[1459094400000,0.0],[1459180800000,0.0],[1459267200000,0.0],[1459353600000,0.0],[1459440000000,0.0],[1459699200000,0.0],[1459785600000,0.0],[1459872000000,0.0],[1459958400000,0.0],[1460044800000,0.0],[1460217600000,0.0],[1460304000000,0.0],[1460390400000,0.0],[1460476800000,0.0],[1460563200000,0.0],[1460649600000,0.0],[1460822400000,0.0],[1460908800000,0.0],[1460995200000,0.0],[1461081600000,0.0],[1461168000000,0.0],[1461254400000,0.0],[1461427200000,0.0],[1461513600000,0.0],[1461600000000,0.0],[1461686400000,0.0],[1461772800000,0.0],[1461859200000,0.0],[1462118400000,0.0],[1462204800000,0.0],[1462291200000,0.0],[1462377600000,0.0],[1462464000000,0.0],[1462636800000,0.0],[1462723200000,0.0],[1462809600000,0.0],[1462896000000,0.0],[1462982400000,0.0],[1463068800000,0.0],[1463241600000,0.0],[1463328000000,0.0],[1463414400000,0.0],[1463500800000,0.0],[1463587200000,0.0],[1463673600000,0.0],[1463846400000,0.0],[1463932800000,0.0],[1464019200000,0.0],[1464105600000,0.0],[1464192000000,0.0],[1464278400000,0.0],[1464451200000,0.0],[1464537600000,0.0],[1464624000000,0.0],[1464710400000,0.0],[1464796800000,0.0],[1464883200000,0.0],[1465056000000,0.0],[1465142400000,0.0],[1465228800000,0.0],[1465315200000,0.0],[1465660800000,0.0],[1465747200000,0.0],[1465833600000,0.0],[1465920000000,0.0],[1466006400000,0.0],[1466092800000,0.0],[1466265600000,0.0],[1466352000000,0.0],[1466438400000,0.0],[1466524800000,0.0],[1466611200000,0.0],[1466697600000,0.0],[1466870400000,0.0],[1466956800000,0.0],[1467043200000,0.0],[1467129600000,0.0],[1467216000000,0.0],[1467302400000,0.0],[1467475200000,0.0],[1467561600000,0.0],[1467648000000,0.0],[1467734400000,0.0],[1467820800000,0.0],[1467907200000,0.0],[1468080000000,0.0],[1468166400000,0.0],[1468252800000,0.0],[1468339200000,0.0],[1468425600000,0.0],[1468512000000,0.0],[1468684800000,0.0],[1468771200000,0.0],[1468857600000,0.0],[1468944000000,0.0],[1469030400000,0.0],[1469116800000,0.0],[1469289600000,0.0],[1469376000000,0.0],[1469462400000,0.0],[1469548800000,0.0],[1469635200000,0.0],[1469721600000,0.0],[1469894400000,0.0],[1469980800000,0.0],[1470067200000,0.0],[1470153600000,0.0],[1470240000000,0.0],[1470326400000,0.0],[1470499200000,0.0],[1470585600000,0.0],[1470672000000,0.0],[1470758400000,0.0],[1470844800000,0.0],[1470931200000,0.0],[1471104000000,0.0],[1471190400000,0.0],[1471276800000,0.0],[1471363200000,0.0],[1471449600000,0.0],[1471536000000,0.0],[1471708800000,0.0],[1471795200000,0.0],[1471881600000,0.0],[1471968000000,0.0],[1472054400000,0.0],[1472140800000,0.0],[1472313600000,0.0],[1472400000000,0.0],[1472486400000,0.0],[1472572800000,0.0],[1472659200000,0.0],[1472745600000,0.0],[1472918400000,0.0],[1473004800000,0.0],[1473091200000,2.695],[1473177600000,2.56],[1473264000000,2.509],[1473350400000,2.483],[1473523200000,2.459],[1473609600000,2.452],[1473696000000,2.413],[1473782400000,2.406],[1474128000000,2.384],[1474214400000,2.393],[1474300800000,2.384],[1474387200000,2.382],[1474473600000,2.388],[1474560000000,2.394],[1474732800000,2.403],[1474819200000,2.404],[1474905600000,2.419],[1474992000000,2.481],[1475078400000,2.476],[1475164800000,2.464],[1475942400000,2.322],[1476028800000,2.332],[1476115200000,2.368],[1476201600000,2.4],[1476288000000,2.44],[1476374400000,2.449],[1476547200000,2.469],[1476633600000,2.476],[1476720000000,2.448],[1476806400000,2.428],[1476892800000,2.398],[1476979200000,2.464],[1477152000000,2.455],[1477238400000,2.441],[1477324800000,2.425],[1477411200000,2.385],[1477497600000,2.381],[1477584000000,2.316],[1477756800000,2.321],[1477843200000,2.28],[1477929600000,2.287],[1478016000000,2.329],[1478102400000,2.329],[1478188800000,2.345],[1478361600000,2.336],[1478448000000,2.375],[1478534400000,2.382],[1478620800000,2.375],[1478707200000,2.37],[1478793600000,2.322],[1478966400000,2.321],[1479052800000,2.313],[1479139200000,2.305],[1479225600000,2.315],[1479312000000,2.32],[1479398400000,2.349],[1479571200000,2.345],[1479657600000,2.357],[1479744000000,2.369],[1479830400000,2.362],[1479916800000,2.362],[1480003200000,2.391],[1480176000000,2.425],[1480262400000,2.429],[1480348800000,2.418],[1480435200000,2.373],[1480521600000,2.458],[1480608000000,2.539],[1480780800000,2.736],[1480867200000,2.863],[1480953600000,2.98],[1481040000000,3.184],[1481126400000,3.257],[1481212800000,3.303],[1481385600000,3.395],[1481472000000,3.42],[1481558400000,3.466],[1481644800000,3.431],[1481731200000,3.462],[1481817600000,3.509],[1481990400000,3.594],[1482076800000,3.588],[1482163200000,3.63],[1482249600000,3.675],[1482336000000,3.659],[1482422400000,3.63],[1482595200000,3.582],[1482681600000,3.589],[1482768000000,3.565],[1482854400000,3.568],[1482940800000,3.57],[1483027200000,3.57],[1483113600000,3.567],[1483286400000,3.576],[1483372800000,3.571],[1483459200000,3.573],[1483545600000,3.572],[1483632000000,3.523],[1483804800000,3.424],[1483891200000,3.419],[1483977600000,3.421],[1484064000000,3.414],[1484150400000,3.413],[1484236800000,3.452],[1484409600000,3.498],[1484496000000,3.49],[1484582400000,3.496],[1484668800000,3.504],[1484755200000,3.516],[1484841600000,3.514],[1485014400000,3.561],[1485100800000,3.55],[1485187200000,3.59],[1485273600000,3.599],[1485360000000,3.616],[1485964800000,3.769],[1486051200000,3.769],[1486224000000,3.767],[1486310400000,3.73],[1486396800000,3.703],[1486483200000,3.675],[1486569600000,3.658],[1486656000000,3.632],[1486828800000,3.581],[1486915200000,3.59],[1487001600000,3.587],[1487088000000,3.62],[1487174400000,3.648],[1487260800000,3.711],[1487433600000,3.838],[1487520000000,3.916],[1487606400000,3.983],[1487692800000,4.012],[1487779200000,4.021],[1487865600000,4.026],[1488038400000,4.035],[1488124800000,4.023],[1488211200000,4.023],[1488297600000,4.018],[1488384000000,4.035],[1488470400000,4.029],[1488643200000,4.014],[1488729600000,4.017],[1488816000000,4.024],[1488902400000,4.024],[1488988800000,3.997],[1489075200000,3.989],[1489248000000,3.975],[1489334400000,3.976],[1489420800000,3.959],[1489507200000,3.957],[1489593600000,3.977],[1489680000000,3.982],[1489852800000,3.991],[1489939200000,3.973],[1490025600000,3.978],[1490112000000,3.988],[1490198400000,4.006],[1490284800000,3.979],[1490457600000,3.978],[1490544000000,3.984],[1490630400000,3.981],[1490716800000,4.001],[1490803200000,4.021],[1490889600000,4.066],[1491235200000,4.128],[1491321600000,4.114],[1491408000000,4.065],[1491494400000,4.046],[1491667200000,4.016],[1491753600000,4.003],[1491840000000,4.002],[1491926400000,4.001],[1492012800000,4.034],[1492099200000,4.036],[1492272000000,4.04],[1492358400000,4.044],[1492444800000,4.037],[1492531200000,4.032],[1492617600000,4.015],[1492704000000,3.994],[1492876800000,4.014],[1492963200000,4.007],[1493049600000,4.022],[1493136000000,4.033],[1493222400000,4.048],[1493308800000,4.09],[1493568000000,4.135],[1493654400000,4.143],[1493740800000,4.137],[1493827200000,4.13],[1493913600000,4.107],[1494086400000,4.076],[1494172800000,4.051],[1494259200000,4.016],[1494345600000,3.995],[1494432000000,3.978],[1494518400000,3.961],[1494691200000,3.931],[1494777600000,3.907],[1494864000000,3.916],[1494950400000,3.882],[1495036800000,3.881],[1495123200000,3.939],[1495296000000,4.068],[1495382400000,4.087],[1495468800000,4.098],[1495555200000,4.308],[1495641600000,4.371],[1495728000000,4.392],[1496073600000,4.509],[1496160000000,4.408],[1496246400000,4.412],[1496332800000,4.417],[1496505600000,4.41],[1496592000000,4.407],[1496678400000,4.383],[1496764800000,4.375],[1496851200000,4.381],[1496937600000,4.368],[1497110400000,4.366],[1497196800000,4.364],[1497283200000,4.378],[1497369600000,4.375],[1497456000000,4.357],[1497542400000,4.373],[1497715200000,4.403],[1497801600000,4.399],[1497888000000,4.427],[1497974400000,4.447],[1498060800000,4.462],[1498147200000,4.456],[1498320000000,4.443],[1498406400000,4.453],[1498492800000,4.444],[1498579200000,4.439],[1498665600000,4.444],[1498752000000,4.442],[1498924800000,4.437],[1499011200000,4.453],[1499097600000,4.467],[1499184000000,4.48],[1499270400000,4.495],[1499356800000,4.492],[1499529600000,4.484],[1499616000000,4.465],[1499702400000,4.451],[1499788800000,4.429],[1499875200000,4.404],[1499961600000,4.41],[1500134400000,4.421],[1500220800000,4.421],[1500307200000,4.415],[1500393600000,4.392],[1500480000000,4.379],[1500566400000,4.382],[1500739200000,4.372],[1500825600000,4.378],[1500912000000,4.364],[1500998400000,4.401],[1501084800000,4.417],[1501171200000,4.411],[1501344000000,4.413],[1501430400000,4.416],[1501516800000,4.409],[1501603200000,4.385],[1501689600000,4.383],[1501776000000,4.382],[1501948800000,4.385],[1502035200000,4.371],[1502121600000,4.384],[1502208000000,4.401],[1502294400000,4.395],[1502380800000,4.385],[1502553600000,4.36],[1502640000000,4.31],[1502726400000,4.176],[1502812800000,4.056],[1502899200000,3.946],[1502985600000,3.803],[1503158400000,3.511],[1503244800000,3.412],[1503331200000,3.418],[1503417600000,3.37],[1503504000000,3.348],[1503590400000,3.37],[1503763200000,3.54],[1503849600000,3.638],[1503936000000,3.72],[1504022400000,3.844],[1504108800000,3.931],[1504195200000,4.033],[1504368000000,4.139],[1504454400000,4.182],[1504540800000,4.222],[1504627200000,4.243],[1504713600000,4.274],[1504800000000,4.265],[1504972800000,4.221],[1505059200000,4.192],[1505145600000,4.143],[1505232000000,4.074],[1505318400000,4.009],[1505404800000,3.966],[1505577600000,3.905],[1505664000000,3.876],[1505750400000,3.879],[1505836800000,3.921],[1505923200000,3.97],[1506009600000,4.011],[1506182400000,4.082],[1506268800000,4.118],[1506355200000,4.154],[1506441600000,4.206],[1506528000000,4.247],[1506614400000,4.29],[1507392000000,4.434],[1507478400000,4.434],[1507564800000,4.439],[1507651200000,4.446],[1507737600000,4.439],[1507824000000,4.431],[1507996800000,4.418],[1508083200000,4.411],[1508169600000,4.356],[1508256000000,4.309],[1508342400000,4.273],[1508428800000,4.237],[1508601600000,4.162],[1508688000000,4.126],[1508774400000,4.131],[1508860800000,4.134],[1508947200000,4.142],[1509033600000,4.132],[1509206400000,4.135],[1509292800000,4.129],[1509379200000,4.128],[1509465600000,4.115],[1509552000000,4.104],[1509638400000,4.11],[1509811200000,4.096],[1509897600000,4.097],[1509984000000,4.093],[1510070400000,4.092],[1510156800000,4.09],[1510243200000,4.086],[1510416000000,4.085],[1510502400000,4.081],[1510588800000,4.087],[1510675200000,4.088],[1510761600000,4.101],[1510848000000,4.124],[1511020800000,4.168],[1511107200000,4.19],[1511193600000,4.197],[1511280000000,4.201],[1511366400000,4.203],[1511452800000,4.206],[1511625600000,4.212],[1511712000000,4.207],[1511798400000,4.214],[1511884800000,4.279],[1511971200000,4.274],[1512057600000,4.258],[1512230400000,4.234],[1512316800000,4.229],[1512403200000,4.22],[1512489600000,4.184],[1512576000000,4.198],[1512662400000,4.22],[1512835200000,4.255],[1512921600000,4.283],[1513008000000,4.337],[1513094400000,4.335],[1513180800000,4.338],[1513267200000,4.335],[1513440000000,4.324],[1513526400000,4.312],[1513612800000,4.274],[1513699200000,4.283],[1513785600000,4.329],[1513872000000,4.349],[1514044800000,4.39],[1514131200000,4.41],[1514217600000,4.429],[1514304000000,4.414],[1514390400000,4.404],[1514476800000,4.367],[1514649600000,4.296],[1514736000000,4.259],[1514822400000,4.232],[1514908800000,4.264],[1514995200000,4.263],[1515081600000,4.304],[1515254400000,4.387],[1515340800000,4.428],[1515427200000,4.461],[1515513600000,4.449],[1515600000000,4.436],[1515686400000,4.438],[1515859200000,4.44],[1515945600000,4.44],[1516032000000,4.435],[1516118400000,4.427],[1516204800000,4.422],[1516291200000,4.407],[1516464000000,4.39],[1516550400000,4.379],[1516636800000,4.369],[1516723200000,4.39],[1516809600000,4.409],[1516896000000,4.428],[1517068800000,4.458],[1517155200000,4.467],[1517241600000,4.458],[1517328000000,4.431],[1517414400000,4.417],[1517500800000,4.408],[1517673600000,4.387],[1517760000000,4.386],[1517846400000,4.407]];
/*资产配置*/
var Data_assetAllocationCurrency ={"categories":["12-31","09-30","06-30","03-31"],"series":[{"name":"股票","data":[null,null,null,null]},{"name":"债券","data":[24.95,16.75,24.39,27.19]},{"name":"现金","data":[72.3,47.24,78.44,72.2]}]};
/*累计收益率走势*/
var Data_grandTotal = [{"name":"大成慧成货币E","data":[[1501948800000,0],[1502035200000,0.01],[1502121600000,0.02],[1502208000000,0.04],[1502294400000,0.05],[1502380800000,0.06],[1502553600000,0.08],[1502640000000,0.09],[1502726400000,0.10],[1502812800000,0.11],[1502899200000,0.12],[1502985600000,0.13],[1503158400000,0.15],[1503244800000,0.16],[1503331200000,0.17],[1503417600000,0.18],[1503504000000,0.18],[1503590400000,0.19],[1503763200000,0.21],[1503849600000,0.23],[1503936000000,0.24],[1504022400000,0.25],[1504108800000,0.26],[1504195200000,0.27],[1504368000000,0.29],[1504454400000,0.30],[1504540800000,0.32],[1504627200000,0.33],[1504713600000,0.34],[1504800000000,0.35],[1504972800000,0.37],[1505059200000,0.38],[1505145600000,0.39],[1505232000000,0.40],[1505318400000,0.41],[1505404800000,0.43],[1505577600000,0.45],[1505664000000,0.46],[1505750400000,0.47],[1505836800000,0.48],[1505923200000,0.49],[1506009600000,0.50],[1506182400000,0.52],[1506268800000,0.53],[1506355200000,0.55],[1506441600000,0.56],[1506528000000,0.57],[1506614400000,0.58],[1507392000000,0.69],[1507478400000,0.70],[1507564800000,0.71],[1507651200000,0.73],[1507737600000,0.74],[1507824000000,0.75],[1507996800000,0.77],[1508083200000,0.78],[1508169600000,0.80],[1508256000000,0.81],[1508342400000,0.82],[1508428800000,0.83],[1508601600000,0.85],[1508688000000,0.86],[1508774400000,0.87],[1508860800000,0.89],[1508947200000,0.90],[1509033600000,0.91],[1509206400000,0.93],[1509292800000,0.94],[1509379200000,0.95],[1509465600000,0.96],[1509552000000,0.97],[1509638400000,0.99],[1509811200000,1.01],[1509897600000,1.02],[1509984000000,1.03],[1510070400000,1.04],[1510156800000,1.05],[1510243200000,1.06],[1510416000000,1.09],[1510502400000,1.10],[1510588800000,1.11],[1510675200000,1.12],[1510761600000,1.13],[1510848000000,1.14],[1511020800000,1.16],[1511107200000,1.18],[1511193600000,1.19],[1511280000000,1.20],[1511366400000,1.21],[1511452800000,1.22],[1511625600000,1.24],[1511712000000,1.26],[1511798400000,1.27],[1511884800000,1.28],[1511971200000,1.29],[1512057600000,1.30],[1512230400000,1.33],[1512316800000,1.34],[1512403200000,1.35],[1512489600000,1.36],[1512576000000,1.37],[1512662400000,1.38],[1512835200000,1.41],[1512921600000,1.42],[1513008000000,1.43],[1513094400000,1.44],[1513180800000,1.45],[1513267200000,1.47],[1513440000000,1.49],[1513526400000,1.50],[1513612800000,1.51],[1513699200000,1.52],[1513785600000,1.54],[1513872000000,1.55],[1514044800000,1.57],[1514131200000,1.58],[1514217600000,1.60],[1514304000000,1.61],[1514390400000,1.62],[1514476800000,1.63],[1514649600000,1.65],[1514736000000,1.67],[1514822400000,1.68],[1514908800000,1.69],[1514995200000,1.70],[1515081600000,1.71],[1515254400000,1.74],[1515340800000,1.75],[1515427200000,1.76],[1515513600000,1.77],[1515600000000,1.79],[1515686400000,1.80],[1515859200000,1.82],[1515945600000,1.84],[1516032000000,1.85],[1516118400000,1.86],[1516204800000,1.87],[1516291200000,1.88],[1516464000000,1.91],[1516550400000,1.92],[1516636800000,1.93],[1516723200000,1.94],[1516809600000,1.96],[1516896000000,1.97],[1517068800000,1.99],[1517155200000,2.00],[1517241600000,2.02],[1517328000000,2.03],[1517414400000,2.04],[1517500800000,2.05],[1517673600000,2.08],[1517760000000,2.09],[1517846400000,2.10]]},{"name":"同类平均","data":[[1502035200000,0],[1502121600000,0.01],[1502208000000,0.02],[1502294400000,0.03],[1502380800000,0.04],[1502640000000,0.07],[1502726400000,0.08],[1502812800000,0.09],[1502899200000,0.10],[1502985600000,0.11],[1503244800000,0.14],[1503331200000,0.16],[1503417600000,0.17],[1503504000000,0.18],[1503590400000,0.19],[1503849600000,0.22],[1503936000000,0.23],[1504022400000,0.24],[1504108800000,0.25],[1504195200000,0.26],[1504454400000,0.29],[1504540800000,0.30],[1504627200000,0.31],[1504713600000,0.32],[1504800000000,0.34],[1505059200000,0.37],[1505145600000,0.38],[1505232000000,0.39],[1505318400000,0.40],[1505404800000,0.41],[1505664000000,0.44],[1505750400000,0.45],[1505836800000,0.46],[1505923200000,0.47],[1506009600000,0.48],[1506268800000,0.52],[1506355200000,0.53],[1506441600000,0.54],[1506528000000,0.55],[1506614400000,0.56],[1507478400000,0.67],[1507564800000,0.68],[1507651200000,0.69],[1507737600000,0.71],[1507824000000,0.72],[1508083200000,0.75],[1508169600000,0.76],[1508256000000,0.77],[1508342400000,0.78],[1508428800000,0.79],[1508688000000,0.82],[1508774400000,0.83],[1508860800000,0.84],[1508947200000,0.85],[1509033600000,0.86],[1509292800000,0.90],[1509379200000,0.91],[1509465600000,0.92],[1509552000000,0.93],[1509638400000,0.94],[1509897600000,0.97],[1509984000000,0.98],[1510070400000,0.99],[1510156800000,1.00],[1510243200000,1.01],[1510502400000,1.04],[1510588800000,1.06],[1510675200000,1.07],[1510761600000,1.08],[1510848000000,1.09],[1511107200000,1.12],[1511193600000,1.13],[1511280000000,1.14],[1511366400000,1.15],[1511452800000,1.16],[1511712000000,1.20],[1511798400000,1.21],[1511884800000,1.22],[1511971200000,1.23],[1512057600000,1.24],[1512316800000,1.28],[1512403200000,1.29],[1512489600000,1.30],[1512576000000,1.31],[1512662400000,1.32],[1512921600000,1.35],[1513008000000,1.36],[1513094400000,1.38],[1513180800000,1.39],[1513267200000,1.40],[1513526400000,1.43],[1513612800000,1.44],[1513699200000,1.46],[1513785600000,1.47],[1513872000000,1.48],[1514131200000,1.51],[1514217600000,1.53],[1514304000000,1.54],[1514390400000,1.55],[1514476800000,1.57],[1514822400000,1.62],[1514908800000,1.64],[1514995200000,1.65],[1515081600000,1.66],[1515340800000,1.69],[1515427200000,1.71],[1515513600000,1.72],[1515600000000,1.73],[1515686400000,1.74],[1515945600000,1.77],[1516032000000,1.79],[1516118400000,1.80],[1516204800000,1.81],[1516291200000,1.82],[1516550400000,1.86],[1516636800000,1.87],[1516723200000,1.88],[1516809600000,1.89],[1516896000000,1.90],[1517155200000,1.94],[1517241600000,1.95],[1517328000000,1.96],[1517414400000,1.97],[1517500800000,1.98],[1517760000000,2.02],[1517846400000,2.03]]},{"name":"沪深300","data":[[1502035200000,0],[1502121600000,0.15],[1502208000000,0.11],[1502294400000,-0.29],[1502380800000,-2.13],[1502640000000,-0.86],[1502726400000,-0.56],[1502812800000,-0.68],[1502899200000,-0.15],[1502985600000,-0.06],[1503244800000,0.38],[1503331200000,0.68],[1503417600000,0.79],[1503504000000,0.21],[1503590400000,1.85],[1503849600000,3.11],[1503936000000,2.89],[1504022400000,2.88],[1504108800000,2.56],[1504195200000,2.78],[1504454400000,3.19],[1504540800000,3.50],[1504627200000,3.29],[1504713600000,2.77],[1504800000000,2.66],[1505059200000,2.65],[1505145600000,2.98],[1505232000000,3.11],[1505318400000,2.77],[1505404800000,2.80],[1505664000000,3.12],[1505750400000,2.83],[1505836800000,3.10],[1505923200000,2.98],[1506009600000,2.98],[1506268800000,2.44],[1506355200000,2.52],[1506441600000,2.53],[1506528000000,2.57],[1506614400000,2.94],[1507478400000,4.17],[1507564800000,4.38],[1507651200000,4.72],[1507737600000,5.00],[1507824000000,5.21],[1508083200000,5.01],[1508169600000,5.00],[1508256000000,5.83],[1508342400000,5.49],[1508428800000,5.37],[1508688000000,5.47],[1508774400000,6.24],[1508860800000,6.71],[1508947200000,7.16],[1509033600000,7.92],[1509292800000,7.59],[1509379200000,7.51],[1509465600000,7.24],[1509552000000,7.25],[1509638400000,7.13],[1509897600000,7.89],[1509984000000,8.79],[1510070400000,8.62],[1510156800000,9.37],[1510243200000,10.33],[1510502400000,10.77],[1510588800000,10.00],[1510675200000,9.31],[1510761600000,10.15],[1510848000000,10.57],[1511107200000,11.19],[1511193600000,13.17],[1511280000000,13.44],[1511366400000,10.08],[1511452800000,10.13],[1511712000000,8.67],[1511798400000,8.83],[1511884800000,8.77],[1511971200000,7.49],[1512057600000,7.28],[1512316800000,7.84],[1512403200000,8.41],[1512489600000,7.76],[1512576000000,6.55],[1512662400000,7.42],[1512921600000,9.20],[1513008000000,7.76],[1513094400000,8.67],[1513180800000,8.03],[1513267200000,6.82],[1513526400000,6.94],[1513612800000,8.28],[1513699200000,8.15],[1513785600000,9.15],[1513872000000,8.80],[1514131200000,8.45],[1514217600000,8.77],[1514304000000,7.09],[1514390400000,7.84],[1514476800000,8.16],[1514822400000,9.68],[1514908800000,10.32],[1514995200000,10.79],[1515081600000,11.05],[1515340800000,11.63],[1515427200000,12.41],[1515513600000,12.91],[1515600000000,12.85],[1515686400000,13.37],[1515945600000,13.37],[1516032000000,14.27],[1516118400000,13.99],[1516204800000,14.61],[1516291200000,14.99],[1516550400000,16.36],[1516636800000,17.60],[1516723200000,17.79],[1516809600000,17.13],[1516896000000,17.56],[1517155200000,15.43],[1517241600000,14.20],[1517328000000,14.73],[1517414400000,13.93],[1517500800000,14.61],[1517760000000,14.69],[1517846400000,11.33]]}];
/*同类排名*/
var Data_rateInSimilarType = [{"x":1465142400000,"y":396,"sc":"402"},{"x":1465228800000,"y":396,"sc":"402"},{"x":1465315200000,"y":396,"sc":"402"},{"x":1465747200000,"y":396,"sc":"402"},{"x":1465833600000,"y":396,"sc":"402"},{"x":1465920000000,"y":397,"sc":"403"},{"x":1466006400000,"y":397,"sc":"403"},{"x":1466092800000,"y":397,"sc":"403"},{"x":1466352000000,"y":397,"sc":"403"},{"x":1466438400000,"y":398,"sc":"404"},{"x":1466524800000,"y":398,"sc":"404"},{"x":1466611200000,"y":398,"sc":"404"},{"x":1466697600000,"y":398,"sc":"404"},{"x":1466956800000,"y":398,"sc":"404"},{"x":1467043200000,"y":398,"sc":"404"},{"x":1467129600000,"y":398,"sc":"404"},{"x":1467216000000,"y":398,"sc":"404"},{"x":1467302400000,"y":398,"sc":"404"},{"x":1467561600000,"y":398,"sc":"404"},{"x":1467648000000,"y":398,"sc":"404"},{"x":1467734400000,"y":398,"sc":"404"},{"x":1467820800000,"y":398,"sc":"404"},{"x":1467907200000,"y":398,"sc":"404"},{"x":1468166400000,"y":398,"sc":"404"},{"x":1468252800000,"y":398,"sc":"404"},{"x":1468339200000,"y":398,"sc":"404"},{"x":1468425600000,"y":398,"sc":"404"},{"x":1468512000000,"y":398,"sc":"404"},{"x":1468771200000,"y":398,"sc":"404"},{"x":1468857600000,"y":398,"sc":"404"},{"x":1468944000000,"y":399,"sc":"405"},{"x":1469030400000,"y":399,"sc":"405"},{"x":1469116800000,"y":399,"sc":"405"},{"x":1469376000000,"y":399,"sc":"405"},{"x":1469462400000,"y":399,"sc":"405"},{"x":1469548800000,"y":399,"sc":"405"},{"x":1469635200000,"y":401,"sc":"407"},{"x":1469721600000,"y":401,"sc":"407"},{"x":1469980800000,"y":401,"sc":"407"},{"x":1470067200000,"y":401,"sc":"407"},{"x":1470153600000,"y":401,"sc":"407"},{"x":1470240000000,"y":403,"sc":"409"},{"x":1470326400000,"y":403,"sc":"409"},{"x":1470585600000,"y":406,"sc":"412"},{"x":1470672000000,"y":407,"sc":"413"},{"x":1470758400000,"y":407,"sc":"413"},{"x":1470844800000,"y":407,"sc":"413"},{"x":1470931200000,"y":407,"sc":"413"},{"x":1471190400000,"y":407,"sc":"413"},{"x":1471276800000,"y":407,"sc":"413"},{"x":1471363200000,"y":408,"sc":"414"},{"x":1471449600000,"y":409,"sc":"415"},{"x":1471536000000,"y":409,"sc":"415"},{"x":1471795200000,"y":410,"sc":"416"},{"x":1471881600000,"y":410,"sc":"416"},{"x":1471968000000,"y":410,"sc":"416"},{"x":1472054400000,"y":410,"sc":"416"},{"x":1472140800000,"y":410,"sc":"416"},{"x":1472400000000,"y":410,"sc":"416"},{"x":1472486400000,"y":410,"sc":"416"},{"x":1472572800000,"y":410,"sc":"416"},{"x":1472659200000,"y":410,"sc":"416"},{"x":1472745600000,"y":411,"sc":"417"},{"x":1473004800000,"y":415,"sc":"421"},{"x":1473091200000,"y":415,"sc":"421"},{"x":1473177600000,"y":415,"sc":"421"},{"x":1473264000000,"y":417,"sc":"423"},{"x":1473350400000,"y":418,"sc":"424"},{"x":1473609600000,"y":418,"sc":"424"},{"x":1473696000000,"y":418,"sc":"424"},{"x":1473782400000,"y":418,"sc":"424"},{"x":1474214400000,"y":418,"sc":"424"},{"x":1474300800000,"y":418,"sc":"424"},{"x":1474387200000,"y":418,"sc":"424"},{"x":1474473600000,"y":421,"sc":"427"},{"x":1474560000000,"y":421,"sc":"427"},{"x":1474819200000,"y":424,"sc":"430"},{"x":1474905600000,"y":424,"sc":"430"},{"x":1474992000000,"y":424,"sc":"430"},{"x":1475078400000,"y":426,"sc":"432"},{"x":1475164800000,"y":426,"sc":"432"},{"x":1476028800000,"y":428,"sc":"434"},{"x":1476115200000,"y":427,"sc":"434"},{"x":1476201600000,"y":427,"sc":"435"},{"x":1476288000000,"y":429,"sc":"437"},{"x":1476374400000,"y":427,"sc":"435"},{"x":1476633600000,"y":428,"sc":"436"},{"x":1476720000000,"y":430,"sc":"438"},{"x":1476806400000,"y":429,"sc":"437"},{"x":1476892800000,"y":429,"sc":"437"},{"x":1476979200000,"y":429,"sc":"437"},{"x":1477238400000,"y":432,"sc":"440"},{"x":1477324800000,"y":432,"sc":"440"},{"x":1477411200000,"y":433,"sc":"441"},{"x":1477497600000,"y":433,"sc":"441"},{"x":1477584000000,"y":437,"sc":"445"},{"x":1477843200000,"y":439,"sc":"447"},{"x":1477929600000,"y":439,"sc":"447"},{"x":1478016000000,"y":439,"sc":"447"},{"x":1478102400000,"y":438,"sc":"447"},{"x":1478188800000,"y":439,"sc":"448"},{"x":1478448000000,"y":439,"sc":"450"},{"x":1478534400000,"y":439,"sc":"450"},{"x":1478620800000,"y":438,"sc":"450"},{"x":1478707200000,"y":436,"sc":"450"},{"x":1478793600000,"y":436,"sc":"450"},{"x":1479052800000,"y":434,"sc":"450"},{"x":1479139200000,"y":432,"sc":"450"},{"x":1479225600000,"y":432,"sc":"450"},{"x":1479312000000,"y":432,"sc":"450"},{"x":1479398400000,"y":431,"sc":"450"},{"x":1479657600000,"y":429,"sc":"451"},{"x":1479744000000,"y":425,"sc":"451"},{"x":1479830400000,"y":422,"sc":"451"},{"x":1479916800000,"y":416,"sc":"451"},{"x":1480003200000,"y":411,"sc":"451"},{"x":1480262400000,"y":402,"sc":"451"},{"x":1480348800000,"y":399,"sc":"452"},{"x":1480435200000,"y":389,"sc":"452"},{"x":1480521600000,"y":375,"sc":"452"},{"x":1480608000000,"y":360,"sc":"455"},{"x":1480867200000,"y":301,"sc":"455"},{"x":1480953600000,"y":299,"sc":"455"},{"x":1481040000000,"y":295,"sc":"455"},{"x":1481126400000,"y":286,"sc":"455"},{"x":1481212800000,"y":273,"sc":"456"},{"x":1481472000000,"y":253,"sc":"457"},{"x":1481558400000,"y":252,"sc":"458"},{"x":1481644800000,"y":247,"sc":"458"},{"x":1481731200000,"y":226,"sc":"458"},{"x":1481817600000,"y":207,"sc":"458"},{"x":1482076800000,"y":196,"sc":"458"},{"x":1482163200000,"y":188,"sc":"458"},{"x":1482249600000,"y":180,"sc":"458"},{"x":1482336000000,"y":175,"sc":"459"},{"x":1482422400000,"y":170,"sc":"463"},{"x":1482681600000,"y":159,"sc":"464"},{"x":1482768000000,"y":155,"sc":"464"},{"x":1482854400000,"y":159,"sc":"466"},{"x":1482940800000,"y":155,"sc":"466"},{"x":1483027200000,"y":158,"sc":"469"},{"x":1483372800000,"y":144,"sc":"469"},{"x":1483459200000,"y":138,"sc":"468"},{"x":1483545600000,"y":134,"sc":"469"},{"x":1483632000000,"y":135,"sc":"469"},{"x":1483891200000,"y":151,"sc":"469"},{"x":1483977600000,"y":147,"sc":"469"},{"x":1484064000000,"y":146,"sc":"469"},{"x":1484150400000,"y":140,"sc":"469"},{"x":1484236800000,"y":137,"sc":"469"},{"x":1484496000000,"y":141,"sc":"472"},{"x":1484582400000,"y":137,"sc":"474"},{"x":1484668800000,"y":133,"sc":"476"},{"x":1484755200000,"y":131,"sc":"476"},{"x":1484841600000,"y":132,"sc":"476"},{"x":1485100800000,"y":134,"sc":"481"},{"x":1485187200000,"y":130,"sc":"482"},{"x":1485273600000,"y":128,"sc":"484"},{"x":1485360000000,"y":123,"sc":"485"},{"x":1486051200000,"y":106,"sc":"489"},{"x":1486310400000,"y":107,"sc":"491"},{"x":1486396800000,"y":105,"sc":"491"},{"x":1486483200000,"y":106,"sc":"491"},{"x":1486569600000,"y":105,"sc":"491"},{"x":1486656000000,"y":104,"sc":"494"},{"x":1486915200000,"y":104,"sc":"496"},{"x":1487001600000,"y":102,"sc":"496"},{"x":1487088000000,"y":100,"sc":"496"},{"x":1487174400000,"y":94,"sc":"496"},{"x":1487260800000,"y":93,"sc":"496"},{"x":1487520000000,"y":80,"sc":"496"},{"x":1487606400000,"y":83,"sc":"496"},{"x":1487692800000,"y":81,"sc":"496"},{"x":1487779200000,"y":83,"sc":"498"},{"x":1487865600000,"y":80,"sc":"500"},{"x":1488124800000,"y":77,"sc":"503"},{"x":1488211200000,"y":74,"sc":"503"},{"x":1488297600000,"y":76,"sc":"503"},{"x":1488384000000,"y":79,"sc":"511"},{"x":1488470400000,"y":78,"sc":"511"},{"x":1488729600000,"y":80,"sc":"513"},{"x":1488816000000,"y":83,"sc":"515"},{"x":1488902400000,"y":85,"sc":"516"},{"x":1488988800000,"y":89,"sc":"518"},{"x":1489075200000,"y":84,"sc":"518"},{"x":1489334400000,"y":95,"sc":"518"},{"x":1489420800000,"y":97,"sc":"518"},{"x":1489507200000,"y":98,"sc":"518"},{"x":1489593600000,"y":97,"sc":"520"},{"x":1489680000000,"y":96,"sc":"520"},{"x":1489939200000,"y":112,"sc":"522"},{"x":1490025600000,"y":111,"sc":"522"},{"x":1490112000000,"y":116,"sc":"524"},{"x":1490198400000,"y":119,"sc":"530"},{"x":1490284800000,"y":116,"sc":"530"},{"x":1490544000000,"y":126,"sc":"534"},{"x":1490630400000,"y":126,"sc":"535"},{"x":1490716800000,"y":126,"sc":"535"},{"x":1490803200000,"y":125,"sc":"538"},{"x":1490889600000,"y":122,"sc":"538"},{"x":1491321600000,"y":117,"sc":"538"},{"x":1491408000000,"y":116,"sc":"540"},{"x":1491494400000,"y":115,"sc":"540"},{"x":1491753600000,"y":119,"sc":"540"},{"x":1491840000000,"y":116,"sc":"540"},{"x":1491926400000,"y":116,"sc":"540"},{"x":1492012800000,"y":114,"sc":"541"},{"x":1492099200000,"y":109,"sc":"541"},{"x":1492358400000,"y":104,"sc":"543"},{"x":1492444800000,"y":103,"sc":"543"},{"x":1492531200000,"y":103,"sc":"543"},{"x":1492617600000,"y":99,"sc":"545"},{"x":1492704000000,"y":94,"sc":"545"},{"x":1492963200000,"y":92,"sc":"545"},{"x":1493049600000,"y":86,"sc":"547"},{"x":1493136000000,"y":87,"sc":"549"},{"x":1493222400000,"y":80,"sc":"549"},{"x":1493308800000,"y":73,"sc":"549"},{"x":1493654400000,"y":96,"sc":"549"},{"x":1493740800000,"y":92,"sc":"550"},{"x":1493827200000,"y":85,"sc":"550"},{"x":1493913600000,"y":89,"sc":"550"},{"x":1494172800000,"y":93,"sc":"550"},{"x":1494259200000,"y":95,"sc":"550"},{"x":1494345600000,"y":94,"sc":"550"},{"x":1494432000000,"y":91,"sc":"550"},{"x":1494518400000,"y":94,"sc":"550"},{"x":1494777600000,"y":95,"sc":"554"},{"x":1494864000000,"y":98,"sc":"556"},{"x":1494950400000,"y":101,"sc":"560"},{"x":1495036800000,"y":94,"sc":"560"},{"x":1495123200000,"y":104,"sc":"560"},{"x":1495382400000,"y":106,"sc":"560"},{"x":1495468800000,"y":107,"sc":"562"},{"x":1495555200000,"y":105,"sc":"564"},{"x":1495641600000,"y":98,"sc":"564"},{"x":1495728000000,"y":104,"sc":"564"},{"x":1496160000000,"y":98,"sc":"564"},{"x":1496246400000,"y":90,"sc":"564"},{"x":1496332800000,"y":89,"sc":"564"},{"x":1496592000000,"y":86,"sc":"566"},{"x":1496678400000,"y":88,"sc":"566"},{"x":1496764800000,"y":89,"sc":"566"},{"x":1496851200000,"y":87,"sc":"566"},{"x":1496937600000,"y":85,"sc":"566"},{"x":1497196800000,"y":88,"sc":"574"},{"x":1497283200000,"y":88,"sc":"574"},{"x":1497369600000,"y":90,"sc":"575"},{"x":1497456000000,"y":91,"sc":"575"},{"x":1497542400000,"y":92,"sc":"575"},{"x":1497801600000,"y":95,"sc":"577"},{"x":1497888000000,"y":94,"sc":"577"},{"x":1497974400000,"y":92,"sc":"575"},{"x":1498060800000,"y":94,"sc":"575"},{"x":1498147200000,"y":95,"sc":"576"},{"x":1498406400000,"y":93,"sc":"579"},{"x":1498492800000,"y":91,"sc":"579"},{"x":1498579200000,"y":91,"sc":"579"},{"x":1498665600000,"y":93,"sc":"579"},{"x":1498752000000,"y":94,"sc":"582"},{"x":1499011200000,"y":72,"sc":"582"},{"x":1499097600000,"y":93,"sc":"582"},{"x":1499184000000,"y":90,"sc":"583"},{"x":1499270400000,"y":86,"sc":"583"},{"x":1499356800000,"y":84,"sc":"583"},{"x":1499616000000,"y":81,"sc":"583"},{"x":1499702400000,"y":81,"sc":"583"},{"x":1499788800000,"y":81,"sc":"583"},{"x":1499875200000,"y":80,"sc":"583"},{"x":1499961600000,"y":79,"sc":"586"},{"x":1500220800000,"y":78,"sc":"586"},{"x":1500307200000,"y":78,"sc":"586"},{"x":1500393600000,"y":80,"sc":"589"},{"x":1500480000000,"y":81,"sc":"589"},{"x":1500566400000,"y":82,"sc":"593"},{"x":1500825600000,"y":80,"sc":"593"},{"x":1500912000000,"y":83,"sc":"593"},{"x":1500998400000,"y":83,"sc":"594"},{"x":1501084800000,"y":81,"sc":"594"},{"x":1501171200000,"y":78,"sc":"594"},{"x":1501430400000,"y":67,"sc":"594"},{"x":1501516800000,"y":76,"sc":"594"},{"x":1501603200000,"y":77,"sc":"594"},{"x":1501689600000,"y":76,"sc":"594"},{"x":1501776000000,"y":76,"sc":"594"},{"x":1502035200000,"y":70,"sc":"596"},{"x":1502121600000,"y":71,"sc":"596"},{"x":1502208000000,"y":70,"sc":"596"},{"x":1502294400000,"y":71,"sc":"596"},{"x":1502380800000,"y":71,"sc":"596"},{"x":1502640000000,"y":67,"sc":"596"},{"x":1502726400000,"y":67,"sc":"596"},{"x":1502812800000,"y":71,"sc":"596"},{"x":1502899200000,"y":73,"sc":"596"},{"x":1502985600000,"y":78,"sc":"596"},{"x":1503244800000,"y":93,"sc":"597"},{"x":1503331200000,"y":98,"sc":"597"},{"x":1503417600000,"y":100,"sc":"597"},{"x":1503504000000,"y":108,"sc":"596"},{"x":1503590400000,"y":112,"sc":"596"},{"x":1503849600000,"y":104,"sc":"600"},{"x":1503936000000,"y":100,"sc":"600"},{"x":1504022400000,"y":135,"sc":"600"},{"x":1504108800000,"y":141,"sc":"601"},{"x":1504195200000,"y":144,"sc":"601"},{"x":1504454400000,"y":148,"sc":"601"},{"x":1504540800000,"y":151,"sc":"601"},{"x":1504627200000,"y":150,"sc":"601"},{"x":1504713600000,"y":152,"sc":"601"},{"x":1504800000000,"y":155,"sc":"601"},{"x":1505059200000,"y":162,"sc":"603"},{"x":1505145600000,"y":170,"sc":"603"},{"x":1505232000000,"y":174,"sc":"603"},{"x":1505318400000,"y":182,"sc":"605"},{"x":1505404800000,"y":186,"sc":"605"},{"x":1505664000000,"y":198,"sc":"606"},{"x":1505750400000,"y":198,"sc":"606"},{"x":1505836800000,"y":195,"sc":"603"},{"x":1505923200000,"y":196,"sc":"603"},{"x":1506009600000,"y":197,"sc":"603"},{"x":1506268800000,"y":204,"sc":"603"},{"x":1506355200000,"y":202,"sc":"603"},{"x":1506441600000,"y":196,"sc":"604"},{"x":1506528000000,"y":194,"sc":"604"},{"x":1506614400000,"y":192,"sc":"606"},{"x":1507478400000,"y":188,"sc":"606"},{"x":1507564800000,"y":188,"sc":"607"},{"x":1507651200000,"y":187,"sc":"607"},{"x":1507737600000,"y":190,"sc":"611"},{"x":1507824000000,"y":193,"sc":"611"},{"x":1508083200000,"y":204,"sc":"612"},{"x":1508169600000,"y":204,"sc":"612"},{"x":1508256000000,"y":202,"sc":"611"},{"x":1508342400000,"y":203,"sc":"611"},{"x":1508428800000,"y":201,"sc":"611"},{"x":1508688000000,"y":211,"sc":"606"},{"x":1508774400000,"y":214,"sc":"606"},{"x":1508860800000,"y":215,"sc":"607"},{"x":1508947200000,"y":217,"sc":"607"},{"x":1509033600000,"y":219,"sc":"607"},{"x":1509292800000,"y":221,"sc":"609"},{"x":1509379200000,"y":225,"sc":"610"},{"x":1509465600000,"y":225,"sc":"610"},{"x":1509552000000,"y":229,"sc":"613"},{"x":1509638400000,"y":232,"sc":"617"},{"x":1509897600000,"y":240,"sc":"621"},{"x":1509984000000,"y":245,"sc":"621"},{"x":1510070400000,"y":251,"sc":"621"},{"x":1510156800000,"y":258,"sc":"623"},{"x":1510243200000,"y":258,"sc":"623"},{"x":1510502400000,"y":262,"sc":"633"},{"x":1510588800000,"y":261,"sc":"635"},{"x":1510675200000,"y":258,"sc":"635"},{"x":1510761600000,"y":254,"sc":"635"},{"x":1510848000000,"y":252,"sc":"636"},{"x":1511107200000,"y":224,"sc":"636"},{"x":1511193600000,"y":216,"sc":"636"},{"x":1511280000000,"y":211,"sc":"636"},{"x":1511366400000,"y":208,"sc":"636"},{"x":1511452800000,"y":203,"sc":"637"},{"x":1511712000000,"y":196,"sc":"640"},{"x":1511798400000,"y":194,"sc":"640"},{"x":1511884800000,"y":186,"sc":"640"},{"x":1511971200000,"y":186,"sc":"641"},{"x":1512057600000,"y":185,"sc":"643"},{"x":1512316800000,"y":190,"sc":"643"},{"x":1512403200000,"y":192,"sc":"643"},{"x":1512489600000,"y":195,"sc":"643"},{"x":1512576000000,"y":198,"sc":"644"},{"x":1512662400000,"y":199,"sc":"652"},{"x":1512921600000,"y":196,"sc":"652"},{"x":1513008000000,"y":198,"sc":"653"},{"x":1513094400000,"y":193,"sc":"653"},{"x":1513180800000,"y":188,"sc":"654"},{"x":1513267200000,"y":186,"sc":"656"},{"x":1513526400000,"y":185,"sc":"656"},{"x":1513612800000,"y":183,"sc":"656"},{"x":1513699200000,"y":183,"sc":"656"},{"x":1513785600000,"y":180,"sc":"655"},{"x":1513872000000,"y":178,"sc":"655"},{"x":1514131200000,"y":178,"sc":"655"},{"x":1514217600000,"y":180,"sc":"655"},{"x":1514304000000,"y":190,"sc":"654"},{"x":1514390400000,"y":192,"sc":"655"},{"x":1514476800000,"y":197,"sc":"655"},{"x":1514822400000,"y":190,"sc":"655"},{"x":1514908800000,"y":185,"sc":"655"},{"x":1514995200000,"y":179,"sc":"655"},{"x":1515081600000,"y":176,"sc":"655"},{"x":1515340800000,"y":257,"sc":"655"},{"x":1515427200000,"y":261,"sc":"655"},{"x":1515513600000,"y":270,"sc":"656"},{"x":1515600000000,"y":273,"sc":"657"},{"x":1515686400000,"y":275,"sc":"657"},{"x":1515945600000,"y":283,"sc":"657"},{"x":1516032000000,"y":285,"sc":"657"},{"x":1516118400000,"y":279,"sc":"657"},{"x":1516204800000,"y":279,"sc":"657"},{"x":1516291200000,"y":280,"sc":"657"},{"x":1516550400000,"y":289,"sc":"657"},{"x":1516636800000,"y":289,"sc":"657"},{"x":1516723200000,"y":288,"sc":"657"},{"x":1516809600000,"y":287,"sc":"657"},{"x":1516896000000,"y":287,"sc":"655"},{"x":1517155200000,"y":284,"sc":"656"},{"x":1517241600000,"y":290,"sc":"656"},{"x":1517328000000,"y":292,"sc":"656"},{"x":1517414400000,"y":291,"sc":"656"},{"x":1517500800000,"y":287,"sc":"656"},{"x":1517760000000,"y":282,"sc":"656"},{"x":1517846400000,"y":278,"sc":"656"}];
/*百分比排名*/
var Data_rateInSimilarPersent = [[1465142400000,1.4900],[1465228800000,1.4900],[1465315200000,1.4900],[1465747200000,1.4900],[1465833600000,1.4900],[1465920000000,1.4900],[1466006400000,1.4900],[1466092800000,1.4900],[1466352000000,1.4900],[1466438400000,1.4900],[1466524800000,1.4900],[1466611200000,1.4900],[1466697600000,1.4900],[1466956800000,1.4900],[1467043200000,1.4900],[1467129600000,1.4900],[1467216000000,1.4900],[1467302400000,1.4900],[1467561600000,1.4900],[1467648000000,1.4900],[1467734400000,1.4900],[1467820800000,1.4900],[1467907200000,1.4900],[1468166400000,1.4900],[1468252800000,1.4900],[1468339200000,1.4900],[1468425600000,1.4900],[1468512000000,1.4900],[1468771200000,1.4900],[1468857600000,1.4900],[1468944000000,1.4800],[1469030400000,1.4800],[1469116800000,1.4800],[1469376000000,1.4800],[1469462400000,1.4800],[1469548800000,1.4800],[1469635200000,1.4700],[1469721600000,1.4700],[1469980800000,1.4700],[1470067200000,1.4700],[1470153600000,1.4700],[1470240000000,1.4700],[1470326400000,1.4700],[1470585600000,1.4600],[1470672000000,1.4500],[1470758400000,1.4500],[1470844800000,1.4500],[1470931200000,1.4500],[1471190400000,1.4500],[1471276800000,1.4500],[1471363200000,1.4500],[1471449600000,1.4500],[1471536000000,1.4500],[1471795200000,1.4400],[1471881600000,1.4400],[1471968000000,1.4400],[1472054400000,1.4400],[1472140800000,1.4400],[1472400000000,1.4400],[1472486400000,1.4400],[1472572800000,1.4400],[1472659200000,1.4400],[1472745600000,1.4400],[1473004800000,1.4300],[1473091200000,1.4300],[1473177600000,1.4300],[1473264000000,1.4200],[1473350400000,1.4200],[1473609600000,1.4200],[1473696000000,1.4200],[1473782400000,1.4200],[1474214400000,1.4200],[1474300800000,1.4200],[1474387200000,1.4200],[1474473600000,1.4100],[1474560000000,1.4100],[1474819200000,1.4000],[1474905600000,1.4000],[1474992000000,1.4000],[1475078400000,1.3900],[1475164800000,1.3900],[1476028800000,1.3800],[1476115200000,1.6100],[1476201600000,1.8400],[1476288000000,1.8300],[1476374400000,1.8400],[1476633600000,1.8300],[1476720000000,1.8300],[1476806400000,1.8300],[1476892800000,1.8300],[1476979200000,1.8300],[1477238400000,1.8200],[1477324800000,1.8200],[1477411200000,1.8100],[1477497600000,1.8100],[1477584000000,1.8000],[1477843200000,1.7900],[1477929600000,1.7900],[1478016000000,1.7900],[1478102400000,2.0100],[1478188800000,2.0100],[1478448000000,2.4400],[1478534400000,2.4400],[1478620800000,2.6700],[1478707200000,3.1100],[1478793600000,3.1100],[1479052800000,3.5600],[1479139200000,4.00],[1479225600000,4.00],[1479312000000,4.00],[1479398400000,4.2200],[1479657600000,4.8800],[1479744000000,5.7600],[1479830400000,6.4300],[1479916800000,7.7600],[1480003200000,8.8700],[1480262400000,10.8600],[1480348800000,11.7300],[1480435200000,13.9400],[1480521600000,17.0400],[1480608000000,20.8800],[1480867200000,33.8500],[1480953600000,34.2900],[1481040000000,35.1600],[1481126400000,37.1400],[1481212800000,40.1300],[1481472000000,44.6400],[1481558400000,44.9800],[1481644800000,46.0700],[1481731200000,50.6600],[1481817600000,54.8000],[1482076800000,57.2100],[1482163200000,58.9500],[1482249600000,60.7000],[1482336000000,61.8700],[1482422400000,63.2800],[1482681600000,65.7300],[1482768000000,66.5900],[1482854400000,65.8800],[1482940800000,66.7400],[1483027200000,66.3100],[1483372800000,69.3000],[1483459200000,70.5100],[1483545600000,71.4300],[1483632000000,71.2200],[1483891200000,67.8000],[1483977600000,68.6600],[1484064000000,68.8700],[1484150400000,70.1500],[1484236800000,70.7900],[1484496000000,70.1300],[1484582400000,71.1000],[1484668800000,72.0600],[1484755200000,72.4800],[1484841600000,72.2700],[1485100800000,72.1400],[1485187200000,73.0300],[1485273600000,73.5500],[1485360000000,74.6400],[1486051200000,78.3200],[1486310400000,78.2100],[1486396800000,78.6200],[1486483200000,78.4100],[1486569600000,78.6200],[1486656000000,78.9500],[1486915200000,79.0300],[1487001600000,79.4400],[1487088000000,79.8400],[1487174400000,81.0500],[1487260800000,81.2500],[1487520000000,83.8700],[1487606400000,83.2700],[1487692800000,83.6700],[1487779200000,83.3300],[1487865600000,84.00],[1488124800000,84.6900],[1488211200000,85.2900],[1488297600000,84.8900],[1488384000000,84.5400],[1488470400000,84.7400],[1488729600000,84.4100],[1488816000000,83.8800],[1488902400000,83.5300],[1488988800000,82.8200],[1489075200000,83.7800],[1489334400000,81.6600],[1489420800000,81.2700],[1489507200000,81.0800],[1489593600000,81.3500],[1489680000000,81.5400],[1489939200000,78.5400],[1490025600000,78.7400],[1490112000000,77.8600],[1490198400000,77.5500],[1490284800000,78.1100],[1490544000000,76.4000],[1490630400000,76.4500],[1490716800000,76.4500],[1490803200000,76.7700],[1490889600000,77.3200],[1491321600000,78.2500],[1491408000000,78.5200],[1491494400000,78.7000],[1491753600000,77.9600],[1491840000000,78.5200],[1491926400000,78.5200],[1492012800000,78.9300],[1492099200000,79.8500],[1492358400000,80.8500],[1492444800000,81.0300],[1492531200000,81.0300],[1492617600000,81.8300],[1492704000000,82.7500],[1492963200000,83.1200],[1493049600000,84.2800],[1493136000000,84.1500],[1493222400000,85.4300],[1493308800000,86.7000],[1493654400000,82.5100],[1493740800000,83.2700],[1493827200000,84.5500],[1493913600000,83.8200],[1494172800000,83.0900],[1494259200000,82.7300],[1494345600000,82.9100],[1494432000000,83.4500],[1494518400000,82.9100],[1494777600000,82.8500],[1494864000000,82.3700],[1494950400000,81.9600],[1495036800000,83.2100],[1495123200000,81.4300],[1495382400000,81.0700],[1495468800000,80.9600],[1495555200000,81.3800],[1495641600000,82.6200],[1495728000000,81.5600],[1496160000000,82.6200],[1496246400000,84.0400],[1496332800000,84.2200],[1496592000000,84.8100],[1496678400000,84.4500],[1496764800000,84.2800],[1496851200000,84.6300],[1496937600000,84.9800],[1497196800000,84.6700],[1497283200000,84.6700],[1497369600000,84.3500],[1497456000000,84.1700],[1497542400000,84.00],[1497801600000,83.5400],[1497888000000,83.7100],[1497974400000,84.00],[1498060800000,83.6500],[1498147200000,83.5100],[1498406400000,83.9400],[1498492800000,84.2800],[1498579200000,84.2800],[1498665600000,83.9400],[1498752000000,83.8500],[1499011200000,87.6300],[1499097600000,84.0200],[1499184000000,84.5600],[1499270400000,85.2500],[1499356800000,85.5900],[1499616000000,86.1100],[1499702400000,86.1100],[1499788800000,86.1100],[1499875200000,86.2800],[1499961600000,86.5200],[1500220800000,86.6900],[1500307200000,86.6900],[1500393600000,86.4200],[1500480000000,86.2500],[1500566400000,86.1700],[1500825600000,86.5100],[1500912000000,86.00],[1500998400000,86.0300],[1501084800000,86.3600],[1501171200000,86.8700],[1501430400000,88.7200],[1501516800000,87.2100],[1501603200000,87.0400],[1501689600000,87.2100],[1501776000000,87.2100],[1502035200000,88.2600],[1502121600000,88.0900],[1502208000000,88.2600],[1502294400000,88.0900],[1502380800000,88.0900],[1502640000000,88.7600],[1502726400000,88.7600],[1502812800000,88.0900],[1502899200000,87.7500],[1502985600000,86.9100],[1503244800000,84.4200],[1503331200000,83.5800],[1503417600000,83.2500],[1503504000000,81.8800],[1503590400000,81.2100],[1503849600000,82.6700],[1503936000000,83.3300],[1504022400000,77.5000],[1504108800000,76.5400],[1504195200000,76.0400],[1504454400000,75.3700],[1504540800000,74.8800],[1504627200000,75.0400],[1504713600000,74.7100],[1504800000000,74.2100],[1505059200000,73.1300],[1505145600000,71.8100],[1505232000000,71.1400],[1505318400000,69.9200],[1505404800000,69.2600],[1505664000000,67.3300],[1505750400000,67.3300],[1505836800000,67.6600],[1505923200000,67.5000],[1506009600000,67.3300],[1506268800000,66.1700],[1506355200000,66.5000],[1506441600000,67.5500],[1506528000000,67.8800],[1506614400000,68.3200],[1507478400000,68.9800],[1507564800000,69.0300],[1507651200000,69.1900],[1507737600000,68.9000],[1507824000000,68.4100],[1508083200000,66.6700],[1508169600000,66.6700],[1508256000000,66.9400],[1508342400000,66.7800],[1508428800000,67.1000],[1508688000000,65.1800],[1508774400000,64.6900],[1508860800000,64.5800],[1508947200000,64.2500],[1509033600000,63.9200],[1509292800000,63.7100],[1509379200000,63.1100],[1509465600000,63.1100],[1509552000000,62.6400],[1509638400000,62.4000],[1509897600000,61.3500],[1509984000000,60.5500],[1510070400000,59.5800],[1510156800000,58.5900],[1510243200000,58.5900],[1510502400000,58.6100],[1510588800000,58.9000],[1510675200000,59.3700],[1510761600000,60.00],[1510848000000,60.3800],[1511107200000,64.7800],[1511193600000,66.0400],[1511280000000,66.8200],[1511366400000,67.3000],[1511452800000,68.1300],[1511712000000,69.3700],[1511798400000,69.6900],[1511884800000,70.9400],[1511971200000,70.9800],[1512057600000,71.2300],[1512316800000,70.4500],[1512403200000,70.1400],[1512489600000,69.6700],[1512576000000,69.2500],[1512662400000,69.4800],[1512921600000,69.9400],[1513008000000,69.6800],[1513094400000,70.4400],[1513180800000,71.2500],[1513267200000,71.6500],[1513526400000,71.8000],[1513612800000,72.1000],[1513699200000,72.1000],[1513785600000,72.5200],[1513872000000,72.8200],[1514131200000,72.8200],[1514217600000,72.5200],[1514304000000,70.9500],[1514390400000,70.6900],[1514476800000,69.9200],[1514822400000,70.9900],[1514908800000,71.7600],[1514995200000,72.6700],[1515081600000,73.1300],[1515340800000,60.7600],[1515427200000,60.1500],[1515513600000,58.8400],[1515600000000,58.4500],[1515686400000,58.1400],[1515945600000,56.9300],[1516032000000,56.6200],[1516118400000,57.5300],[1516204800000,57.5300],[1516291200000,57.3800],[1516550400000,56.0100],[1516636800000,56.0100],[1516723200000,56.1600],[1516809600000,56.3200],[1516896000000,56.1800],[1517155200000,56.7100],[1517241600000,55.7900],[1517328000000,55.4900],[1517414400000,55.6400],[1517500800000,56.2500],[1517760000000,57.0100],[1517846400000,57.6200]];
/*规模变动*/
var Data_fluctuationScale = {"categories":["2016-12-31","2017-03-31","2017-06-30","2017-09-30","2017-12-31"],"series":[{"y":0.00,"mom":"-87.10%"},{"y":0.00,"mom":"239.88%"},{"y":0.01,"mom":"676.71%"},{"y":0.07,"mom":"1137.31%"},{"y":0.07,"mom":"-2.34%"}]};;
/*持有人结构*/
var Data_holderStructure = {"series":[{"name":"机构持有比例","data":[0,0]},{"name":"个人持有比例","data":[100.0,100.0]},{"name":"内部持有比例","data":[29.1552,23.1396]}],"categories":["2016-12-31","2017-06-30"]};
/*申购赎回*/
var Data_assetAllocation ={"series":[{"name":"期间申购","data":[0.00,0.01,0.16,0.15]},{"name":"期间赎回","data":[0.00,0.01,0.09,0.15]},{"name":"总份额","data":[0.00,0.01,0.07,0.07]}],"categories":["2017-03-31","2017-06-30","2017-09-30","2017-12-31"]};
/*现任基金经理*/
var Data_currentFundManager = [{"id":"30040406","pic":"https://pdf.dfcfw.com/pdf/H8_JPG30040406_1.jpg","name":"王立","star":3,"workTime":"11年又29天","fundSize":"55.12亿(7只基金)","power":{"avr":"58.74","categories":["经验值","收益率","影响力","稳定性","管理规模"],"dsc":["反映基金经理从业年限和管理基金的经验","根据基金经理投资的阶段收益评分，反映\u003cbr\u003e基金经理投资的盈利能力","根据基金经理所管理基金的机构和个人投\u003cbr\u003e资者持有比例评分","反映基金经理投资收益的波动","根据基金经理现任管理基金资产规模评分"],"data":[99.20,68.40,44.70,66.30,22.0],"jzrq":"2018-02-06"},"profit":{"categories":["任期收益","同类平均"],"series":[{"data":[{"name":null,"color":"#7cb5ec","y":5.4502},{"name":null,"color":"#414c7b","y":6.46}]}],"jzrq":"2018-02-06"}},{"id":"30483498","pic":"https://pdf.dfcfw.com/pdf/H8_JPG30483498_1.jpg","name":"陈会荣","star":3,"workTime":"1年又185天","fundSize":"468.19亿(18只基金)","power":{"avr":"51.24","categories":["经验值","收益率","影响力","稳定性","管理规模"],"dsc":["反映基金经理从业年限和管理基金的经验","根据基金经理投资的阶段收益评分，反映\u003cbr\u003e基金经理投资的盈利能力","根据基金经理所管理基金的机构和个人投\u003cbr\u003e资者持有比例评分","反映基金经理投资收益的波动","根据基金经理现任管理基金资产规模评分"],"data":[41.40,49.50,68.20,45.30,62.90],"jzrq":"2018-02-06"},"profit":{"categories":["任期收益","同类平均"],"series":[{"data":[{"name":null,"color":"#7cb5ec","y":3.7075},{"name":null,"color":"#414c7b","y":3.53}]}],"jzrq":"2018-02-06"}}] ;
/*同类型基金涨幅榜（页面底部通栏）*/
var swithSameType = [['002895_华夏天利货币B_5.8750','002894_华夏天利货币A_5.6210','004398_融通现金宝货币B_5.3370','000902_国开货币B_5.3360','001478_泰康薪意保货币B_5.1400'],['002895_华夏天利货币B_5.26','004973_长城收益宝货币B_5.08','004904_人保货币B_5.05','002884_华润元大现金通货币B_5.01','002894_华夏天利货币A_5.01'],['004973_长城收益宝货币B_5.05','004770_海富通添益货币A_4.99','002884_华润元大现金通货币B_4.99','005151_红土创新优淳货币B_4.90','002895_华夏天利货币B_4.89'],['004770_海富通添益货币A_5.39','004973_长城收益宝货币B_5.13','002884_华润元大现金通货币B_5.03','002895_华夏天利货币B_5.03','004398_融通现金宝货币B_5.01'],['003679_中融现金增利货币C_4.67','003474_南方天天利货币B_4.55','000836_国投瑞银钱多宝货币A_4.52','000837_国投瑞银钱多宝货币I_4.52','003753_工银如意货币B_4.51']];