/**
 * 测试数据
 * @type {arry}
 */
/*2018-02-07 17:59:26*/
//基金或股票信息
var fS_name = "财通资管鑫管家货币B";
var fS_code = "003480";
var fund_minsg="5000000";
var ishb=true;
/*原费率*/
var fund_sourceRate="0";
/*现费率*/
var fund_Rate="0";
/*最小申购金额*/
var fund_minsg="5000000";
/*收益率*/
/*近一年收益率*/
var syl_1n="4.2789";
/*近6月收益率*/
var syl_6y="2.1516";
/*近三月收益率*/
var syl_3y="1.0901";
/*近一月收益率*/
var syl_1y="0.3682";
/* 基金收益走势图 每万份收益*/
var Data_millionCopiesIncome = [[1477324800000,0.637],[1477411200000,0.7008],[1477497600000,0.7257],[1477584000000,0.7998],[1477843200000,0.7636],[1477929600000,0.7585],[1478016000000,0.5595],[1478102400000,0.495],[1478188800000,0.6929],[1478361600000,1.4115],[1478448000000,0.7155],[1478534400000,0.7202],[1478620800000,0.7482],[1478707200000,0.7369],[1478793600000,0.762],[1478880000000,0.766],[1478966400000,0.766],[1479052800000,0.7713],[1479139200000,0.7674],[1479225600000,0.7789],[1479312000000,0.7804],[1479398400000,0.7878],[1479484800000,0.7887],[1479571200000,0.7887],[1479657600000,0.7921],[1479744000000,0.8096],[1479830400000,0.7814],[1479916800000,0.7921],[1480003200000,0.8089],[1480089600000,0.8052],[1480176000000,0.8052],[1480262400000,0.8084],[1480348800000,0.7579],[1480435200000,0.8034],[1480521600000,0.9882],[1480608000000,0.9648],[1480694400000,0.9623],[1480780800000,0.9623],[1480867200000,0.9626],[1480953600000,0.9086],[1481040000000,0.9059],[1481126400000,0.9165],[1481212800000,0.9323],[1481299200000,0.93],[1481385600000,0.93],[1481472000000,0.9445],[1481558400000,0.9207],[1481644800000,0.9313],[1481731200000,0.9424],[1481817600000,0.9834],[1481904000000,0.9793],[1481990400000,0.9793],[1482076800000,1.0255],[1482163200000,0.6575],[1482249600000,1.0516],[1482336000000,1.0826],[1482422400000,0.9496],[1482508800000,1.1383],[1482595200000,1.1383],[1482681600000,0.7919],[1482768000000,0.9939],[1482854400000,1.2267],[1482940800000,1.1674],[1483027200000,1.2363],[1483113600000,1.2368],[1483200000000,1.2407],[1483286400000,1.2407],[1483372800000,1.2368],[1483459200000,1.0941],[1483545600000,1.0786],[1483632000000,1.0479],[1483718400000,1.0574],[1483804800000,1.0574],[1483891200000,1.0384],[1483977600000,1.0159],[1484064000000,1.0214],[1484150400000,1.0146],[1484236800000,0.9972],[1484323200000,0.9997],[1484409600000,0.968],[1484496000000,1.0133],[1484582400000,1.0045],[1484668800000,1.0326],[1484755200000,1.0153],[1484841600000,1.0139],[1484928000000,1.0317],[1485014400000,1.0311],[1485100800000,1.0644],[1485187200000,1.0684],[1485273600000,1.0523],[1485360000000,1.0524],[1485446400000,1.0524],[1485532800000,1.0524],[1485619200000,1.0525],[1485705600000,1.0525],[1485792000000,1.0525],[1485878400000,1.0525],[1485964800000,1.0526],[1486051200000,1.053],[1486137600000,1.0529],[1486224000000,1.0529],[1486310400000,1.0496],[1486396800000,1.0101],[1486483200000,1.0079],[1486569600000,0.9063],[1486656000000,0.9093],[1486742400000,0.8963],[1486828800000,0.8964],[1486915200000,0.9362],[1487001600000,0.9373],[1487088000000,0.9277],[1487174400000,0.9127],[1487260800000,0.9021],[1487347200000,0.8709],[1487433600000,0.871],[1487520000000,0.9183],[1487606400000,0.9377],[1487692800000,0.9854],[1487779200000,1.0041],[1487865600000,1.0305],[1487952000000,1.0434],[1488038400000,1.0435],[1488124800000,1.0304],[1488211200000,1.0395],[1488297600000,1.0357],[1488384000000,1.0221],[1488470400000,1.013],[1488556800000,1.0134],[1488643200000,1.0135],[1488729600000,1.0374],[1488816000000,0.9977],[1488902400000,1.1456],[1488988800000,0.9472],[1489075200000,0.9446],[1489161600000,0.9445],[1489248000000,0.9446],[1489334400000,0.9517],[1489420800000,0.9574],[1489507200000,0.9639],[1489593600000,0.9779],[1489680000000,0.948],[1489766400000,0.9404],[1489852800000,0.9404],[1489939200000,1.0296],[1490025600000,1.0075],[1490112000000,0.6161],[1490198400000,1.0454],[1490284800000,1.0859],[1490371200000,1.0845],[1490457600000,1.0479],[1490544000000,1.3239],[1490630400000,1.3367],[1490716800000,1.3438],[1490803200000,1.3576],[1490889600000,1.3298],[1490976000000,1.3391],[1491062400000,1.3391],[1491148800000,1.3392],[1491235200000,1.3392],[1491321600000,1.4374],[1491408000000,1.3407],[1491494400000,1.2797],[1491580800000,1.278],[1491667200000,1.2781],[1491753600000,1.2558],[1491840000000,1.2527],[1491926400000,1.2092],[1492012800000,1.1824],[1492099200000,1.1214],[1492185600000,1.1199],[1492272000000,1.12],[1492358400000,1.4916],[1492444800000,1.0588],[1492531200000,1.0599],[1492617600000,1.0503],[1492704000000,1.0745],[1492790400000,1.0727],[1492876800000,1.0728],[1492963200000,1.1149],[1493049600000,1.1398],[1493136000000,1.151],[1493222400000,1.1533],[1493308800000,1.267],[1493395200000,1.1652],[1493481600000,1.1652],[1493568000000,1.1652],[1493654400000,1.156],[1493740800000,1.1574],[1493827200000,1.142],[1493913600000,1.1531],[1494000000000,1.1506],[1494086400000,1.1507],[1494172800000,1.4964],[1494259200000,1.1269],[1494345600000,1.1265],[1494432000000,1.1177],[1494518400000,1.0922],[1494604800000,1.0662],[1494691200000,1.0424],[1494777600000,1.0956],[1494864000000,1.087],[1494950400000,1.0894],[1495036800000,1.0983],[1495123200000,1.1152],[1495209600000,1.1164],[1495296000000,1.0944],[1495382400000,2.0503],[1495468800000,1.2505],[1495555200000,1.2102],[1495641600000,1.1475],[1495728000000,1.1284],[1495814400000,1.1284],[1495900800000,1.1284],[1495987200000,1.1284],[1496073600000,1.1285],[1496160000000,1.1449],[1496246400000,1.1436],[1496332800000,1.1972],[1496419200000,1.1251],[1496505600000,1.1252],[1496592000000,1.122],[1496678400000,1.1869],[1496764800000,1.1211],[1496851200000,1.1445],[1496937600000,1.1569],[1497024000000,1.157],[1497110400000,1.157],[1497196800000,1.1427],[1497283200000,1.1603],[1497369600000,1.1564],[1497456000000,1.1671],[1497542400000,1.1667],[1497628800000,1.168],[1497715200000,1.1681],[1497801600000,1.195],[1497888000000,1.211],[1497974400000,1.2243],[1498060800000,1.2173],[1498147200000,1.2277],[1498233600000,1.2269],[1498320000000,1.227],[1498406400000,1.2148],[1498492800000,1.2351],[1498579200000,0.9896],[1498665600000,1.5058],[1498752000000,1.2396],[1498838400000,1.2289],[1498924800000,1.229],[1499011200000,1.1671],[1499097600000,1.1833],[1499184000000,1.1956],[1499270400000,1.185],[1499356800000,1.5351],[1499443200000,1.1921],[1499529600000,1.1921],[1499616000000,1.1773],[1499702400000,1.1166],[1499788800000,1.1254],[1499875200000,1.1172],[1499961600000,1.5809],[1500048000000,1.0864],[1500134400000,1.0865],[1500220800000,1.0556],[1500307200000,1.5437],[1500393600000,1.1023],[1500480000000,1.1165],[1500566400000,1.1204],[1500652800000,1.1166],[1500739200000,1.1167],[1500825600000,1.5735],[1500912000000,1.1679],[1500998400000,1.1697],[1501084800000,1.1757],[1501171200000,1.174],[1501257600000,1.1735],[1501344000000,1.1735],[1501430400000,1.1749],[1501516800000,1.1794],[1501603200000,1.1746],[1501689600000,1.2329],[1501776000000,1.5247],[1501862400000,1.1294],[1501948800000,1.1294],[1502035200000,1.1082],[1502121600000,1.0646],[1502208000000,1.0274],[1502294400000,1.2751],[1502380800000,1.1029],[1502467200000,0.987],[1502553600000,0.98],[1502640000000,1.4735],[1502726400000,1.2413],[1502812800000,1.1916],[1502899200000,1.0669],[1502985600000,1.0853],[1503072000000,1.0725],[1503158400000,1.0649],[1503244800000,1.6927],[1503331200000,1.1158],[1503417600000,1.1145],[1503504000000,1.1081],[1503590400000,1.0934],[1503676800000,1.0809],[1503763200000,1.0708],[1503849600000,1.0867],[1503936000000,1.3385],[1504022400000,1.1351],[1504108800000,1.1303],[1504195200000,1.1477],[1504281600000,1.136],[1504368000000,1.136],[1504454400000,1.1495],[1504540800000,1.1464],[1504627200000,1.1217],[1504713600000,1.1079],[1504800000000,1.1061],[1504886400000,1.0853],[1504972800000,1.0854],[1505059200000,1.1034],[1505145600000,1.0985],[1505232000000,1.1056],[1505318400000,1.1109],[1505404800000,1.1194],[1505491200000,1.1184],[1505577600000,1.1184],[1505664000000,1.1178],[1505750400000,1.1139],[1505836800000,1.162],[1505923200000,1.4842],[1506009600000,1.1945],[1506096000000,1.1993],[1506182400000,1.1994],[1506268800000,1.2166],[1506355200000,1.1864],[1506441600000,1.1801],[1506528000000,1.1421],[1506614400000,1.099],[1506700800000,1.1012],[1506787200000,1.097],[1506873600000,1.097],[1506960000000,1.0971],[1507046400000,1.0972],[1507132800000,1.0972],[1507219200000,1.0973],[1507305600000,1.0974],[1507392000000,1.0974],[1507478400000,1.1358],[1507564800000,1.1273],[1507651200000,1.1127],[1507737600000,1.1138],[1507824000000,1.0776],[1507910400000,1.0652],[1507996800000,1.0652],[1508083200000,1.0312],[1508169600000,1.5412],[1508256000000,1.0464],[1508342400000,1.0383],[1508428800000,1.0347],[1508515200000,1.0353],[1508601600000,1.0354],[1508688000000,1.0312],[1508774400000,1.0128],[1508860800000,1.8295],[1508947200000,1.0757],[1509033600000,1.1235],[1509120000000,1.0619],[1509206400000,1.0619],[1509292800000,1.2469],[1509379200000,1.114],[1509465600000,1.1227],[1509552000000,1.1991],[1509638400000,1.0903],[1509724800000,1.0677],[1509811200000,1.0678],[1509897600000,1.0265],[1509984000000,1.3736],[1510070400000,0.9672],[1510156800000,0.9718],[1510243200000,0.9057],[1510329600000,0.8948],[1510416000000,0.8948],[1510502400000,1.4532],[1510588800000,0.8658],[1510675200000,0.8769],[1510761600000,0.8594],[1510848000000,1.7655],[1510934400000,0.9358],[1511020800000,0.9359],[1511107200000,1.3363],[1511193600000,0.9556],[1511280000000,0.9603],[1511366400000,0.9653],[1511452800000,0.9715],[1511539200000,0.9671],[1511625600000,0.9672],[1511712000000,1.5386],[1511798400000,1.0121],[1511884800000,1.9239],[1511971200000,0.9754],[1512057600000,0.9957],[1512144000000,0.9909],[1512230400000,0.9883],[1512316800000,2.2358],[1512403200000,1.0217],[1512489600000,0.9809],[1512576000000,0.9797],[1512662400000,0.995],[1512748800000,0.993],[1512835200000,0.9746],[1512921600000,0.9835],[1513008000000,2.1458],[1513094400000,1.0707],[1513180800000,1.6959],[1513267200000,1.1301],[1513353600000,1.134],[1513440000000,1.134],[1513526400000,1.1368],[1513612800000,1.1261],[1513699200000,1.1056],[1513785600000,1.9299],[1513872000000,1.2194],[1513958400000,1.2025],[1514044800000,1.2033],[1514131200000,1.3116],[1514217600000,1.2844],[1514304000000,1.3014],[1514390400000,1.2034],[1514476800000,1.1879],[1514563200000,1.1967],[1514649600000,1.1969],[1514736000000,1.1913],[1514822400000,1.1324],[1514908800000,1.4464],[1514995200000,1.3589],[1515081600000,1.1159],[1515168000000,1.1],[1515254400000,1.1001],[1515340800000,1.055],[1515427200000,1.0511],[1515513600000,0.9001],[1515600000000,1.0558],[1515686400000,1.888],[1515772800000,1.08],[1515859200000,1.0763],[1515945600000,1.1242],[1516032000000,1.1087],[1516118400000,1.1398],[1516204800000,1.1508],[1516291200000,1.1307],[1516377600000,1.1315],[1516464000000,1.1285],[1516550400000,1.3336],[1516636800000,1.1343],[1516723200000,1.5299],[1516809600000,1.1252],[1516896000000,1.1355],[1516982400000,1.1346],[1517068800000,1.1347],[1517155200000,1.1397],[1517241600000,1.5502],[1517328000000,1.155],[1517414400000,1.1622],[1517500800000,1.5035],[1517587200000,1.1444],[1517673600000,1.1445],[1517760000000,1.1521],[1517846400000,1.1464]];
/*基金收益走势图   7日年化收益率*/
var Data_sevenDaysYearIncome = [[1477324800000,2.3251],[1477411200000,2.4415],[1477497600000,2.5106],[1477584000000,2.6128],[1477843200000,2.662],[1477929600000,2.7254],[1478016000000,2.6517],[1478102400000,2.5314],[1478188800000,2.4757],[1478361600000,2.4409],[1478448000000,2.4158],[1478534400000,2.3958],[1478620800000,2.4942],[1478707200000,2.6203],[1478793600000,2.6564],[1478880000000,2.6878],[1478966400000,2.7191],[1479052800000,2.7482],[1479139200000,2.7729],[1479225600000,2.7889],[1479312000000,2.8115],[1479398400000,2.825],[1479484800000,2.8368],[1479571200000,2.8487],[1479657600000,2.8595],[1479744000000,2.8815],[1479830400000,2.8828],[1479916800000,2.8889],[1480003200000,2.8999],[1480089600000,2.9085],[1480176000000,2.9171],[1480262400000,2.9256],[1480348800000,2.941],[1480435200000,2.953],[1480521600000,3.058],[1480608000000,3.142],[1480694400000,3.226],[1480780800000,3.311],[1480867200000,3.394],[1480953600000,3.475],[1481040000000,3.531],[1481126400000,3.492],[1481212800000,3.474],[1481299200000,3.457],[1481385600000,3.44],[1481472000000,3.43],[1481558400000,3.436],[1481644800000,3.45],[1481731200000,3.464],[1481817600000,3.492],[1481904000000,3.518],[1481990400000,3.545],[1482076800000,3.589],[1482163200000,3.447],[1482249600000,3.511],[1482336000000,3.587],[1482422400000,3.569],[1482508800000,3.655],[1482595200000,3.741],[1482681600000,3.614],[1482768000000,3.796],[1482854400000,3.891],[1482940800000,3.937],[1483027200000,4.093],[1483113600000,4.146],[1483200000000,4.202],[1483286400000,4.446],[1483372800000,4.578],[1483459200000,4.506],[1483545600000,4.457],[1483632000000,4.355],[1483718400000,4.257],[1483804800000,4.158],[1483891200000,4.048],[1483977600000,3.928],[1484064000000,3.889],[1484150400000,3.854],[1484236800000,3.827],[1484323200000,3.795],[1484409600000,3.747],[1484496000000,3.734],[1484582400000,3.727],[1484668800000,3.733],[1484755200000,3.734],[1484841600000,3.743],[1484928000000,3.76],[1485014400000,3.794],[1485100800000,3.822],[1485187200000,3.857],[1485273600000,3.867],[1485360000000,3.887],[1485446400000,3.908],[1485532800000,3.919],[1485619200000,3.931],[1485705600000,3.925],[1485792000000,3.916],[1485878400000,3.916],[1485964800000,3.916],[1486051200000,3.916],[1486137600000,3.917],[1486224000000,3.917],[1486310400000,3.915],[1486396800000,3.892],[1486483200000,3.868],[1486569600000,3.789],[1486656000000,3.711],[1486742400000,3.627],[1486828800000,3.542],[1486915200000,3.481],[1487001600000,3.442],[1487088000000,3.398],[1487174400000,3.402],[1487260800000,3.398],[1487347200000,3.384],[1487433600000,3.371],[1487520000000,3.361],[1487606400000,3.361],[1487692800000,3.392],[1487779200000,3.442],[1487865600000,3.511],[1487952000000,3.604],[1488038400000,3.697],[1488124800000,3.758],[1488211200000,3.813],[1488297600000,3.84],[1488384000000,3.85],[1488470400000,3.84],[1488556800000,3.824],[1488643200000,3.808],[1488729600000,3.812],[1488816000000,3.789],[1488902400000,3.849],[1488988800000,3.808],[1489075200000,3.771],[1489161600000,3.734],[1489248000000,3.696],[1489334400000,3.65],[1489420800000,3.628],[1489507200000,3.53],[1489593600000,3.547],[1489680000000,3.549],[1489766400000,3.546],[1489852800000,3.544],[1489939200000,3.586],[1490025600000,3.613],[1490112000000,3.426],[1490198400000,3.462],[1490284800000,3.536],[1490371200000,3.614],[1490457600000,3.672],[1490544000000,3.832],[1490630400000,4.01],[1490716800000,4.405],[1490803200000,4.575],[1490889600000,4.708],[1490976000000,4.847],[1491062400000,5.007],[1491148800000,5.015],[1491235200000,5.017],[1491321600000,5.068],[1491408000000,5.059],[1491494400000,5.031],[1491580800000,4.998],[1491667200000,4.964],[1491753600000,4.919],[1491840000000,4.871],[1491926400000,4.747],[1492012800000,4.66],[1492099200000,4.574],[1492185600000,4.488],[1492272000000,4.402],[1492358400000,4.53],[1492444800000,4.424],[1492531200000,4.343],[1492617600000,4.271],[1492704000000,4.246],[1492790400000,4.22],[1492876800000,4.195],[1492963200000,3.99],[1493049600000,4.034],[1493136000000,4.083],[1493222400000,4.139],[1493308800000,4.244],[1493395200000,4.294],[1493481600000,4.344],[1493568000000,4.372],[1493654400000,4.381],[1493740800000,4.384],[1493827200000,4.378],[1493913600000,4.316],[1494000000000,4.308],[1494086400000,4.3],[1494172800000,4.48],[1494259200000,4.465],[1494345600000,4.448],[1494432000000,4.435],[1494518400000,4.401],[1494604800000,4.355],[1494691200000,4.297],[1494777600000,4.079],[1494864000000,4.057],[1494950400000,4.037],[1495036800000,4.027],[1495123200000,4.039],[1495209600000,4.066],[1495296000000,4.094],[1495382400000,4.614],[1495468800000,4.703],[1495555200000,4.769],[1495641600000,4.796],[1495728000000,4.803],[1495814400000,4.81],[1495900800000,4.828],[1495987200000,4.326],[1496073600000,4.259],[1496160000000,4.224],[1496246400000,4.222],[1496332800000,4.259],[1496419200000,4.257],[1496505600000,4.256],[1496592000000,4.252],[1496678400000,4.284],[1496764800000,4.271],[1496851200000,4.271],[1496937600000,4.249],[1497024000000,4.267],[1497110400000,4.284],[1497196800000,4.295],[1497283200000,4.281],[1497369600000,4.3],[1497456000000,4.312],[1497542400000,4.318],[1497628800000,4.324],[1497715200000,4.33],[1497801600000,4.358],[1497888000000,4.386],[1497974400000,4.423],[1498060800000,4.45],[1498147200000,4.483],[1498233600000,4.515],[1498320000000,4.547],[1498406400000,4.558],[1498492800000,4.571],[1498579200000,4.444],[1498665600000,4.601],[1498752000000,4.607],[1498838400000,4.608],[1498924800000,4.609],[1499011200000,4.583],[1499097600000,4.555],[1499184000000,4.668],[1499270400000,4.493],[1499356800000,4.654],[1499443200000,4.634],[1499529600000,4.614],[1499616000000,4.619],[1499702400000,4.583],[1499788800000,4.544],[1499875200000,4.508],[1499961600000,4.532],[1500048000000,4.475],[1500134400000,4.417],[1500220800000,4.351],[1500307200000,4.584],[1500393600000,4.571],[1500480000000,4.571],[1500566400000,4.32],[1500652800000,4.336],[1500739200000,4.353],[1500825600000,4.635],[1500912000000,4.43],[1500998400000,4.467],[1501084800000,4.499],[1501171200000,4.528],[1501257600000,4.559],[1501344000000,4.59],[1501430400000,4.373],[1501516800000,4.379],[1501603200000,4.382],[1501689600000,4.413],[1501776000000,4.604],[1501862400000,4.58],[1501948800000,4.556],[1502035200000,4.52],[1502121600000,4.457],[1502208000000,4.377],[1502294400000,4.4],[1502380800000,4.171],[1502467200000,4.094],[1502553600000,4.012],[1502640000000,4.211],[1502726400000,4.307],[1502812800000,4.396],[1502899200000,4.283],[1502985600000,4.273],[1503072000000,4.32],[1503158400000,4.366],[1503244800000,4.485],[1503331200000,4.417],[1503417600000,4.375],[1503504000000,4.397],[1503590400000,4.402],[1503676800000,4.406],[1503763200000,4.41],[1503849600000,4.08],[1503936000000,4.201],[1504022400000,4.212],[1504108800000,4.224],[1504195200000,4.254],[1504281600000,4.284],[1504368000000,4.319],[1504454400000,4.354],[1504540800000,4.249],[1504627200000,4.242],[1504713600000,4.23],[1504800000000,4.207],[1504886400000,4.179],[1504972800000,4.152],[1505059200000,4.127],[1505145600000,4.101],[1505232000000,4.092],[1505318400000,4.094],[1505404800000,4.101],[1505491200000,4.119],[1505577600000,4.137],[1505664000000,4.145],[1505750400000,4.153],[1505836800000,4.184],[1505923200000,4.387],[1506009600000,4.428],[1506096000000,4.472],[1506182400000,4.516],[1506268800000,4.57],[1506355200000,4.609],[1506441600000,4.619],[1506528000000,4.433],[1506614400000,4.381],[1506700800000,4.327],[1506787200000,4.272],[1506873600000,4.207],[1506960000000,4.158],[1507046400000,4.113],[1507132800000,4.089],[1507219200000,4.088],[1507305600000,4.086],[1507392000000,4.086],[1507478400000,4.107],[1507564800000,4.123],[1507651200000,4.132],[1507737600000,4.141],[1507824000000,4.13],[1507910400000,4.113],[1507996800000,4.095],[1508083200000,4.038],[1508169600000,4.263],[1508256000000,4.227],[1508342400000,4.186],[1508428800000,4.163],[1508515200000,4.147],[1508601600000,4.13],[1508688000000,4.13],[1508774400000,3.844],[1508860800000,4.269],[1508947200000,4.289],[1509033600000,4.337],[1509120000000,4.352],[1509206400000,4.366],[1509292800000,4.484],[1509379200000,4.539],[1509465600000,4.154],[1509552000000,4.221],[1509638400000,4.203],[1509724800000,4.206],[1509811200000,4.21],[1509897600000,4.09],[1509984000000,4.231],[1510070400000,4.147],[1510156800000,4.023],[1510243200000,3.923],[1510329600000,3.829],[1510416000000,3.736],[1510502400000,3.967],[1510588800000,3.692],[1510675200000,3.643],[1510761600000,3.582],[1510848000000,4.048],[1510934400000,4.07],[1511020800000,4.092],[1511107200000,4.029],[1511193600000,4.078],[1511280000000,4.123],[1511366400000,4.18],[1511452800000,3.75],[1511539200000,3.767],[1511625600000,3.784],[1511712000000,3.893],[1511798400000,3.924],[1511884800000,4.447],[1511971200000,4.453],[1512057600000,4.466],[1512144000000,4.479],[1512230400000,4.491],[1512316800000,4.871],[1512403200000,4.876],[1512489600000,4.362],[1512576000000,4.364],[1512662400000,4.364],[1512748800000,4.365],[1512835200000,4.358],[1512921600000,3.679],[1513008000000,4.288],[1513094400000,4.337],[1513180800000,4.727],[1513267200000,4.801],[1513353600000,4.878],[1513440000000,4.965],[1513526400000,5.049],[1513612800000,4.492],[1513699200000,4.511],[1513785600000,4.639],[1513872000000,4.687],[1513958400000,4.725],[1514044800000,4.763],[1514131200000,4.858],[1514217600000,4.945],[1514304000000,5.052],[1514390400000,4.655],[1514476800000,4.638],[1514563200000,4.634],[1514649600000,4.631],[1514736000000,4.565],[1514822400000,4.483],[1514908800000,4.562],[1514995200000,4.646],[1515081600000,4.607],[1515168000000,4.554],[1515254400000,4.502],[1515340800000,4.427],[1515427200000,4.383],[1515513600000,4.086],[1515600000000,3.922],[1515686400000,4.341],[1515772800000,4.33],[1515859200000,4.317],[1515945600000,4.355],[1516032000000,4.386],[1516118400000,4.517],[1516204800000,4.568],[1516291200000,4.156],[1516377600000,4.184],[1516464000000,4.213],[1516550400000,4.327],[1516636800000,4.341],[1516723200000,4.553],[1516809600000,4.539],[1516896000000,4.542],[1516982400000,4.543],[1517068800000,4.547],[1517155200000,4.441],[1517241600000,4.668],[1517328000000,4.463],[1517414400000,4.484],[1517500800000,4.684],[1517587200000,4.69],[1517673600000,4.695],[1517760000000,4.702],[1517846400000,4.481]];
/*资产配置*/
var Data_assetAllocationCurrency ={"categories":["12-31","09-30","06-30","03-31"],"series":[{"name":"股票","data":[null,null,null,32.97]},{"name":"债券","data":[72.88,76.9,60.23,32.97]},{"name":"现金","data":[3.78,5.14,5.44,5.21]}]};
/*累计收益率走势*/
var Data_grandTotal = [{"name":"财通资管鑫管家货币B","data":[[1501948800000,0],[1502035200000,0.01],[1502121600000,0.02],[1502208000000,0.03],[1502294400000,0.04],[1502380800000,0.06],[1502467200000,0.07],[1502553600000,0.08],[1502640000000,0.09],[1502726400000,0.10],[1502812800000,0.11],[1502899200000,0.13],[1502985600000,0.14],[1503072000000,0.15],[1503158400000,0.16],[1503244800000,0.17],[1503331200000,0.19],[1503417600000,0.20],[1503504000000,0.21],[1503590400000,0.22],[1503676800000,0.23],[1503763200000,0.24],[1503849600000,0.25],[1503936000000,0.26],[1504022400000,0.28],[1504108800000,0.29],[1504195200000,0.30],[1504281600000,0.31],[1504368000000,0.32],[1504454400000,0.33],[1504540800000,0.34],[1504627200000,0.36],[1504713600000,0.37],[1504800000000,0.38],[1504886400000,0.39],[1504972800000,0.40],[1505059200000,0.41],[1505145600000,0.42],[1505232000000,0.43],[1505318400000,0.44],[1505404800000,0.46],[1505491200000,0.47],[1505577600000,0.48],[1505664000000,0.49],[1505750400000,0.50],[1505836800000,0.51],[1505923200000,0.53],[1506009600000,0.54],[1506096000000,0.55],[1506182400000,0.56],[1506268800000,0.58],[1506355200000,0.59],[1506441600000,0.60],[1506528000000,0.61],[1506614400000,0.62],[1506700800000,0.63],[1506787200000,0.64],[1506873600000,0.66],[1506960000000,0.67],[1507046400000,0.68],[1507132800000,0.69],[1507219200000,0.70],[1507305600000,0.71],[1507392000000,0.72],[1507478400000,0.73],[1507564800000,0.74],[1507651200000,0.76],[1507737600000,0.77],[1507824000000,0.78],[1507910400000,0.79],[1507996800000,0.80],[1508083200000,0.81],[1508169600000,0.82],[1508256000000,0.84],[1508342400000,0.85],[1508428800000,0.86],[1508515200000,0.87],[1508601600000,0.88],[1508688000000,0.89],[1508774400000,0.90],[1508860800000,0.92],[1508947200000,0.93],[1509033600000,0.94],[1509120000000,0.95],[1509206400000,0.96],[1509292800000,0.97],[1509379200000,0.98],[1509465600000,0.99],[1509552000000,1.01],[1509638400000,1.02],[1509724800000,1.03],[1509811200000,1.04],[1509897600000,1.05],[1509984000000,1.06],[1510070400000,1.07],[1510156800000,1.08],[1510243200000,1.09],[1510329600000,1.10],[1510416000000,1.11],[1510502400000,1.13],[1510588800000,1.13],[1510675200000,1.14],[1510761600000,1.15],[1510848000000,1.17],[1510934400000,1.18],[1511020800000,1.19],[1511107200000,1.20],[1511193600000,1.21],[1511280000000,1.22],[1511366400000,1.23],[1511452800000,1.24],[1511539200000,1.25],[1511625600000,1.26],[1511712000000,1.28],[1511798400000,1.29],[1511884800000,1.31],[1511971200000,1.32],[1512057600000,1.33],[1512144000000,1.34],[1512230400000,1.35],[1512316800000,1.37],[1512403200000,1.38],[1512489600000,1.39],[1512576000000,1.40],[1512662400000,1.41],[1512748800000,1.42],[1512835200000,1.43],[1512921600000,1.44],[1513008000000,1.46],[1513094400000,1.47],[1513180800000,1.49],[1513267200000,1.50],[1513353600000,1.51],[1513440000000,1.52],[1513526400000,1.53],[1513612800000,1.55],[1513699200000,1.56],[1513785600000,1.58],[1513872000000,1.59],[1513958400000,1.60],[1514044800000,1.61],[1514131200000,1.63],[1514217600000,1.64],[1514304000000,1.65],[1514390400000,1.67],[1514476800000,1.68],[1514563200000,1.69],[1514649600000,1.70],[1514736000000,1.71],[1514822400000,1.73],[1514908800000,1.74],[1514995200000,1.75],[1515081600000,1.77],[1515168000000,1.78],[1515254400000,1.79],[1515340800000,1.80],[1515427200000,1.81],[1515513600000,1.82],[1515600000000,1.83],[1515686400000,1.85],[1515772800000,1.86],[1515859200000,1.87],[1515945600000,1.88],[1516032000000,1.89],[1516118400000,1.90],[1516204800000,1.92],[1516291200000,1.93],[1516377600000,1.94],[1516464000000,1.95],[1516550400000,1.96],[1516636800000,1.98],[1516723200000,1.99],[1516809600000,2.00],[1516896000000,2.02],[1516982400000,2.03],[1517068800000,2.04],[1517155200000,2.05],[1517241600000,2.07],[1517328000000,2.08],[1517414400000,2.09],[1517500800000,2.10],[1517587200000,2.12],[1517673600000,2.13],[1517760000000,2.14],[1517846400000,2.15]]},{"name":"同类平均","data":[[1502035200000,0],[1502121600000,0.01],[1502208000000,0.02],[1502294400000,0.03],[1502380800000,0.04],[1502640000000,0.07],[1502726400000,0.08],[1502812800000,0.09],[1502899200000,0.10],[1502985600000,0.11],[1503244800000,0.14],[1503331200000,0.16],[1503417600000,0.17],[1503504000000,0.18],[1503590400000,0.19],[1503849600000,0.22],[1503936000000,0.23],[1504022400000,0.24],[1504108800000,0.25],[1504195200000,0.26],[1504454400000,0.29],[1504540800000,0.30],[1504627200000,0.31],[1504713600000,0.32],[1504800000000,0.34],[1505059200000,0.37],[1505145600000,0.38],[1505232000000,0.39],[1505318400000,0.40],[1505404800000,0.41],[1505664000000,0.44],[1505750400000,0.45],[1505836800000,0.46],[1505923200000,0.47],[1506009600000,0.48],[1506268800000,0.52],[1506355200000,0.53],[1506441600000,0.54],[1506528000000,0.55],[1506614400000,0.56],[1507478400000,0.67],[1507564800000,0.68],[1507651200000,0.69],[1507737600000,0.71],[1507824000000,0.72],[1508083200000,0.75],[1508169600000,0.76],[1508256000000,0.77],[1508342400000,0.78],[1508428800000,0.79],[1508688000000,0.82],[1508774400000,0.83],[1508860800000,0.84],[1508947200000,0.85],[1509033600000,0.86],[1509292800000,0.90],[1509379200000,0.91],[1509465600000,0.92],[1509552000000,0.93],[1509638400000,0.94],[1509897600000,0.97],[1509984000000,0.98],[1510070400000,0.99],[1510156800000,1.00],[1510243200000,1.01],[1510502400000,1.04],[1510588800000,1.06],[1510675200000,1.07],[1510761600000,1.08],[1510848000000,1.09],[1511107200000,1.12],[1511193600000,1.13],[1511280000000,1.14],[1511366400000,1.15],[1511452800000,1.16],[1511712000000,1.20],[1511798400000,1.21],[1511884800000,1.22],[1511971200000,1.23],[1512057600000,1.24],[1512316800000,1.28],[1512403200000,1.29],[1512489600000,1.30],[1512576000000,1.31],[1512662400000,1.32],[1512921600000,1.35],[1513008000000,1.36],[1513094400000,1.38],[1513180800000,1.39],[1513267200000,1.40],[1513526400000,1.43],[1513612800000,1.44],[1513699200000,1.46],[1513785600000,1.47],[1513872000000,1.48],[1514131200000,1.51],[1514217600000,1.53],[1514304000000,1.54],[1514390400000,1.55],[1514476800000,1.57],[1514822400000,1.62],[1514908800000,1.64],[1514995200000,1.65],[1515081600000,1.66],[1515340800000,1.69],[1515427200000,1.71],[1515513600000,1.72],[1515600000000,1.73],[1515686400000,1.74],[1515945600000,1.77],[1516032000000,1.79],[1516118400000,1.80],[1516204800000,1.81],[1516291200000,1.82],[1516550400000,1.86],[1516636800000,1.87],[1516723200000,1.88],[1516809600000,1.89],[1516896000000,1.90],[1517155200000,1.94],[1517241600000,1.95],[1517328000000,1.96],[1517414400000,1.97],[1517500800000,1.98],[1517760000000,2.02],[1517846400000,2.03]]},{"name":"沪深300","data":[[1502035200000,0],[1502121600000,0.15],[1502208000000,0.11],[1502294400000,-0.29],[1502380800000,-2.13],[1502640000000,-0.86],[1502726400000,-0.56],[1502812800000,-0.68],[1502899200000,-0.15],[1502985600000,-0.06],[1503244800000,0.38],[1503331200000,0.68],[1503417600000,0.79],[1503504000000,0.21],[1503590400000,1.85],[1503849600000,3.11],[1503936000000,2.89],[1504022400000,2.88],[1504108800000,2.56],[1504195200000,2.78],[1504454400000,3.19],[1504540800000,3.50],[1504627200000,3.29],[1504713600000,2.77],[1504800000000,2.66],[1505059200000,2.65],[1505145600000,2.98],[1505232000000,3.11],[1505318400000,2.77],[1505404800000,2.80],[1505664000000,3.12],[1505750400000,2.83],[1505836800000,3.10],[1505923200000,2.98],[1506009600000,2.98],[1506268800000,2.44],[1506355200000,2.52],[1506441600000,2.53],[1506528000000,2.57],[1506614400000,2.94],[1507478400000,4.17],[1507564800000,4.38],[1507651200000,4.72],[1507737600000,5.00],[1507824000000,5.21],[1508083200000,5.01],[1508169600000,5.00],[1508256000000,5.83],[1508342400000,5.49],[1508428800000,5.37],[1508688000000,5.47],[1508774400000,6.24],[1508860800000,6.71],[1508947200000,7.16],[1509033600000,7.92],[1509292800000,7.59],[1509379200000,7.51],[1509465600000,7.24],[1509552000000,7.25],[1509638400000,7.13],[1509897600000,7.89],[1509984000000,8.79],[1510070400000,8.62],[1510156800000,9.37],[1510243200000,10.33],[1510502400000,10.77],[1510588800000,10.00],[1510675200000,9.31],[1510761600000,10.15],[1510848000000,10.57],[1511107200000,11.19],[1511193600000,13.17],[1511280000000,13.44],[1511366400000,10.08],[1511452800000,10.13],[1511712000000,8.67],[1511798400000,8.83],[1511884800000,8.77],[1511971200000,7.49],[1512057600000,7.28],[1512316800000,7.84],[1512403200000,8.41],[1512489600000,7.76],[1512576000000,6.55],[1512662400000,7.42],[1512921600000,9.20],[1513008000000,7.76],[1513094400000,8.67],[1513180800000,8.03],[1513267200000,6.82],[1513526400000,6.94],[1513612800000,8.28],[1513699200000,8.15],[1513785600000,9.15],[1513872000000,8.80],[1514131200000,8.45],[1514217600000,8.77],[1514304000000,7.09],[1514390400000,7.84],[1514476800000,8.16],[1514822400000,9.68],[1514908800000,10.32],[1514995200000,10.79],[1515081600000,11.05],[1515340800000,11.63],[1515427200000,12.41],[1515513600000,12.91],[1515600000000,12.85],[1515686400000,13.37],[1515945600000,13.37],[1516032000000,14.27],[1516118400000,13.99],[1516204800000,14.61],[1516291200000,14.99],[1516550400000,16.36],[1516636800000,17.60],[1516723200000,17.79],[1516809600000,17.13],[1516896000000,17.56],[1517155200000,15.43],[1517241600000,14.20],[1517328000000,14.73],[1517414400000,13.93],[1517500800000,14.61],[1517760000000,14.69],[1517846400000,11.33]]}];
/*同类排名*/
var Data_rateInSimilarType = [{"x":1485273600000,"y":31,"sc":"484"},{"x":1485360000000,"y":28,"sc":"485"},{"x":1486051200000,"y":19,"sc":"489"},{"x":1486310400000,"y":19,"sc":"491"},{"x":1486396800000,"y":17,"sc":"491"},{"x":1486483200000,"y":17,"sc":"491"},{"x":1486569600000,"y":17,"sc":"491"},{"x":1486656000000,"y":18,"sc":"494"},{"x":1486915200000,"y":21,"sc":"496"},{"x":1487001600000,"y":22,"sc":"496"},{"x":1487088000000,"y":27,"sc":"496"},{"x":1487174400000,"y":27,"sc":"496"},{"x":1487260800000,"y":26,"sc":"496"},{"x":1487520000000,"y":34,"sc":"496"},{"x":1487606400000,"y":36,"sc":"496"},{"x":1487692800000,"y":35,"sc":"496"},{"x":1487779200000,"y":37,"sc":"498"},{"x":1487865600000,"y":37,"sc":"500"},{"x":1488124800000,"y":41,"sc":"503"},{"x":1488211200000,"y":43,"sc":"503"},{"x":1488297600000,"y":44,"sc":"503"},{"x":1488384000000,"y":46,"sc":"511"},{"x":1488470400000,"y":49,"sc":"511"},{"x":1488729600000,"y":53,"sc":"513"},{"x":1488816000000,"y":57,"sc":"515"},{"x":1488902400000,"y":57,"sc":"516"},{"x":1488988800000,"y":62,"sc":"518"},{"x":1489075200000,"y":68,"sc":"518"},{"x":1489334400000,"y":71,"sc":"518"},{"x":1489420800000,"y":72,"sc":"518"},{"x":1489507200000,"y":78,"sc":"518"},{"x":1489593600000,"y":84,"sc":"520"},{"x":1489680000000,"y":92,"sc":"520"},{"x":1489939200000,"y":93,"sc":"522"},{"x":1490025600000,"y":95,"sc":"522"},{"x":1490112000000,"y":102,"sc":"524"},{"x":1490198400000,"y":106,"sc":"530"},{"x":1490284800000,"y":123,"sc":"530"},{"x":1490544000000,"y":111,"sc":"534"},{"x":1490630400000,"y":108,"sc":"535"},{"x":1490716800000,"y":113,"sc":"535"},{"x":1490803200000,"y":112,"sc":"538"},{"x":1490889600000,"y":112,"sc":"538"},{"x":1491321600000,"y":100,"sc":"538"},{"x":1491408000000,"y":96,"sc":"540"},{"x":1491494400000,"y":112,"sc":"540"},{"x":1491753600000,"y":91,"sc":"540"},{"x":1491840000000,"y":88,"sc":"540"},{"x":1491926400000,"y":87,"sc":"540"},{"x":1492012800000,"y":83,"sc":"541"},{"x":1492099200000,"y":98,"sc":"541"},{"x":1492358400000,"y":69,"sc":"543"},{"x":1492444800000,"y":68,"sc":"543"},{"x":1492531200000,"y":72,"sc":"543"},{"x":1492617600000,"y":70,"sc":"545"},{"x":1492704000000,"y":84,"sc":"545"},{"x":1492963200000,"y":71,"sc":"545"},{"x":1493049600000,"y":72,"sc":"547"},{"x":1493136000000,"y":71,"sc":"549"},{"x":1493222400000,"y":77,"sc":"549"},{"x":1493308800000,"y":97,"sc":"549"},{"x":1493654400000,"y":72,"sc":"549"},{"x":1493740800000,"y":70,"sc":"550"},{"x":1493827200000,"y":76,"sc":"550"},{"x":1493913600000,"y":70,"sc":"550"},{"x":1494172800000,"y":64,"sc":"550"},{"x":1494259200000,"y":63,"sc":"550"},{"x":1494345600000,"y":64,"sc":"550"},{"x":1494432000000,"y":68,"sc":"550"},{"x":1494518400000,"y":58,"sc":"550"},{"x":1494777600000,"y":53,"sc":"554"},{"x":1494864000000,"y":55,"sc":"556"},{"x":1494950400000,"y":56,"sc":"560"},{"x":1495036800000,"y":66,"sc":"560"},{"x":1495123200000,"y":51,"sc":"560"},{"x":1495382400000,"y":32,"sc":"560"},{"x":1495468800000,"y":31,"sc":"562"},{"x":1495555200000,"y":28,"sc":"564"},{"x":1495641600000,"y":42,"sc":"564"},{"x":1495728000000,"y":27,"sc":"564"},{"x":1496160000000,"y":30,"sc":"564"},{"x":1496246400000,"y":29,"sc":"564"},{"x":1496332800000,"y":28,"sc":"564"},{"x":1496592000000,"y":25,"sc":"566"},{"x":1496678400000,"y":25,"sc":"566"},{"x":1496764800000,"y":25,"sc":"566"},{"x":1496851200000,"y":24,"sc":"566"},{"x":1496937600000,"y":24,"sc":"566"},{"x":1497196800000,"y":24,"sc":"574"},{"x":1497283200000,"y":23,"sc":"574"},{"x":1497369600000,"y":22,"sc":"575"},{"x":1497456000000,"y":21,"sc":"575"},{"x":1497542400000,"y":20,"sc":"575"},{"x":1497801600000,"y":18,"sc":"577"},{"x":1497888000000,"y":18,"sc":"577"},{"x":1497974400000,"y":19,"sc":"575"},{"x":1498060800000,"y":15,"sc":"575"},{"x":1498147200000,"y":15,"sc":"576"},{"x":1498406400000,"y":15,"sc":"579"},{"x":1498492800000,"y":15,"sc":"579"},{"x":1498579200000,"y":18,"sc":"579"},{"x":1498665600000,"y":17,"sc":"579"},{"x":1498752000000,"y":18,"sc":"582"},{"x":1499011200000,"y":48,"sc":"582"},{"x":1499097600000,"y":25,"sc":"582"},{"x":1499184000000,"y":27,"sc":"583"},{"x":1499270400000,"y":29,"sc":"583"},{"x":1499356800000,"y":27,"sc":"583"},{"x":1499616000000,"y":28,"sc":"583"},{"x":1499702400000,"y":29,"sc":"583"},{"x":1499788800000,"y":30,"sc":"583"},{"x":1499875200000,"y":34,"sc":"583"},{"x":1499961600000,"y":29,"sc":"586"},{"x":1500220800000,"y":41,"sc":"586"},{"x":1500307200000,"y":34,"sc":"586"},{"x":1500393600000,"y":34,"sc":"589"},{"x":1500480000000,"y":34,"sc":"589"},{"x":1500566400000,"y":37,"sc":"593"},{"x":1500825600000,"y":32,"sc":"593"},{"x":1500912000000,"y":32,"sc":"593"},{"x":1500998400000,"y":33,"sc":"594"},{"x":1501084800000,"y":36,"sc":"594"},{"x":1501171200000,"y":38,"sc":"594"},{"x":1501430400000,"y":64,"sc":"594"},{"x":1501516800000,"y":40,"sc":"594"},{"x":1501603200000,"y":41,"sc":"594"},{"x":1501689600000,"y":40,"sc":"594"},{"x":1501776000000,"y":37,"sc":"594"},{"x":1502035200000,"y":39,"sc":"596"},{"x":1502121600000,"y":47,"sc":"596"},{"x":1502208000000,"y":49,"sc":"596"},{"x":1502294400000,"y":49,"sc":"596"},{"x":1502380800000,"y":50,"sc":"596"},{"x":1502640000000,"y":47,"sc":"596"},{"x":1502726400000,"y":46,"sc":"596"},{"x":1502812800000,"y":45,"sc":"596"},{"x":1502899200000,"y":47,"sc":"596"},{"x":1502985600000,"y":47,"sc":"596"},{"x":1503244800000,"y":45,"sc":"597"},{"x":1503331200000,"y":58,"sc":"597"},{"x":1503417600000,"y":63,"sc":"597"},{"x":1503504000000,"y":63,"sc":"596"},{"x":1503590400000,"y":67,"sc":"596"},{"x":1503849600000,"y":91,"sc":"600"},{"x":1503936000000,"y":99,"sc":"600"},{"x":1504022400000,"y":70,"sc":"600"},{"x":1504108800000,"y":69,"sc":"601"},{"x":1504195200000,"y":70,"sc":"601"},{"x":1504454400000,"y":70,"sc":"601"},{"x":1504540800000,"y":69,"sc":"601"},{"x":1504627200000,"y":72,"sc":"601"},{"x":1504713600000,"y":73,"sc":"601"},{"x":1504800000000,"y":74,"sc":"601"},{"x":1505059200000,"y":78,"sc":"603"},{"x":1505145600000,"y":78,"sc":"603"},{"x":1505232000000,"y":79,"sc":"603"},{"x":1505318400000,"y":82,"sc":"605"},{"x":1505404800000,"y":85,"sc":"605"},{"x":1505664000000,"y":86,"sc":"606"},{"x":1505750400000,"y":87,"sc":"606"},{"x":1505836800000,"y":88,"sc":"603"},{"x":1505923200000,"y":83,"sc":"603"},{"x":1506009600000,"y":83,"sc":"603"},{"x":1506268800000,"y":82,"sc":"603"},{"x":1506355200000,"y":80,"sc":"603"},{"x":1506441600000,"y":82,"sc":"604"},{"x":1506528000000,"y":76,"sc":"604"},{"x":1506614400000,"y":81,"sc":"606"},{"x":1507478400000,"y":95,"sc":"606"},{"x":1507564800000,"y":94,"sc":"607"},{"x":1507651200000,"y":97,"sc":"607"},{"x":1507737600000,"y":98,"sc":"611"},{"x":1507824000000,"y":96,"sc":"611"},{"x":1508083200000,"y":113,"sc":"612"},{"x":1508169600000,"y":103,"sc":"612"},{"x":1508256000000,"y":111,"sc":"611"},{"x":1508342400000,"y":111,"sc":"611"},{"x":1508428800000,"y":112,"sc":"611"},{"x":1508688000000,"y":116,"sc":"606"},{"x":1508774400000,"y":128,"sc":"606"},{"x":1508860800000,"y":110,"sc":"607"},{"x":1508947200000,"y":111,"sc":"607"},{"x":1509033600000,"y":111,"sc":"607"},{"x":1509292800000,"y":109,"sc":"609"},{"x":1509379200000,"y":112,"sc":"610"},{"x":1509465600000,"y":113,"sc":"610"},{"x":1509552000000,"y":114,"sc":"613"},{"x":1509638400000,"y":120,"sc":"617"},{"x":1509897600000,"y":142,"sc":"621"},{"x":1509984000000,"y":131,"sc":"621"},{"x":1510070400000,"y":135,"sc":"621"},{"x":1510156800000,"y":139,"sc":"623"},{"x":1510243200000,"y":150,"sc":"623"},{"x":1510502400000,"y":147,"sc":"633"},{"x":1510588800000,"y":164,"sc":"635"},{"x":1510675200000,"y":178,"sc":"635"},{"x":1510761600000,"y":189,"sc":"635"},{"x":1510848000000,"y":163,"sc":"636"},{"x":1511107200000,"y":167,"sc":"636"},{"x":1511193600000,"y":195,"sc":"636"},{"x":1511280000000,"y":201,"sc":"636"},{"x":1511366400000,"y":211,"sc":"636"},{"x":1511452800000,"y":215,"sc":"637"},{"x":1511712000000,"y":214,"sc":"640"},{"x":1511798400000,"y":212,"sc":"640"},{"x":1511884800000,"y":198,"sc":"640"},{"x":1511971200000,"y":204,"sc":"641"},{"x":1512057600000,"y":205,"sc":"643"},{"x":1512316800000,"y":179,"sc":"643"},{"x":1512403200000,"y":185,"sc":"643"},{"x":1512489600000,"y":194,"sc":"643"},{"x":1512576000000,"y":204,"sc":"644"},{"x":1512662400000,"y":203,"sc":"652"},{"x":1512921600000,"y":223,"sc":"652"},{"x":1513008000000,"y":188,"sc":"653"},{"x":1513094400000,"y":192,"sc":"653"},{"x":1513180800000,"y":171,"sc":"654"},{"x":1513267200000,"y":172,"sc":"656"},{"x":1513526400000,"y":180,"sc":"656"},{"x":1513612800000,"y":181,"sc":"656"},{"x":1513699200000,"y":184,"sc":"656"},{"x":1513785600000,"y":166,"sc":"655"},{"x":1513872000000,"y":168,"sc":"655"},{"x":1514131200000,"y":173,"sc":"655"},{"x":1514217600000,"y":170,"sc":"655"},{"x":1514304000000,"y":171,"sc":"654"},{"x":1514390400000,"y":173,"sc":"655"},{"x":1514476800000,"y":178,"sc":"655"},{"x":1514822400000,"y":304,"sc":"655"},{"x":1514908800000,"y":327,"sc":"655"},{"x":1514995200000,"y":345,"sc":"655"},{"x":1515081600000,"y":364,"sc":"655"},{"x":1515340800000,"y":204,"sc":"655"},{"x":1515427200000,"y":208,"sc":"655"},{"x":1515513600000,"y":219,"sc":"656"},{"x":1515600000000,"y":222,"sc":"657"},{"x":1515686400000,"y":197,"sc":"657"},{"x":1515945600000,"y":201,"sc":"657"},{"x":1516032000000,"y":200,"sc":"657"},{"x":1516118400000,"y":213,"sc":"657"},{"x":1516204800000,"y":213,"sc":"657"},{"x":1516291200000,"y":215,"sc":"657"},{"x":1516550400000,"y":207,"sc":"657"},{"x":1516636800000,"y":207,"sc":"657"},{"x":1516723200000,"y":193,"sc":"657"},{"x":1516809600000,"y":220,"sc":"657"},{"x":1516896000000,"y":220,"sc":"655"},{"x":1517155200000,"y":224,"sc":"656"},{"x":1517241600000,"y":217,"sc":"656"},{"x":1517328000000,"y":219,"sc":"656"},{"x":1517414400000,"y":220,"sc":"656"},{"x":1517500800000,"y":216,"sc":"656"},{"x":1517760000000,"y":214,"sc":"656"},{"x":1517846400000,"y":212,"sc":"656"}];
/*百分比排名*/
var Data_rateInSimilarPersent = [[1485273600000,93.6000],[1485360000000,94.2300],[1486051200000,96.1100],[1486310400000,96.1300],[1486396800000,96.5400],[1486483200000,96.5400],[1486569600000,96.5400],[1486656000000,96.3600],[1486915200000,95.7700],[1487001600000,95.5600],[1487088000000,94.5600],[1487174400000,94.5600],[1487260800000,94.7600],[1487520000000,93.1500],[1487606400000,92.7400],[1487692800000,92.9400],[1487779200000,92.5700],[1487865600000,92.6000],[1488124800000,91.8500],[1488211200000,91.4500],[1488297600000,91.2500],[1488384000000,91.00],[1488470400000,90.4100],[1488729600000,89.6700],[1488816000000,88.9300],[1488902400000,88.9500],[1488988800000,88.0300],[1489075200000,86.8700],[1489334400000,86.2900],[1489420800000,86.1000],[1489507200000,84.9400],[1489593600000,83.8500],[1489680000000,82.3100],[1489939200000,82.1800],[1490025600000,81.8000],[1490112000000,80.5300],[1490198400000,80.00],[1490284800000,76.7900],[1490544000000,79.2100],[1490630400000,79.8100],[1490716800000,78.8800],[1490803200000,79.1800],[1490889600000,79.1800],[1491321600000,81.4100],[1491408000000,82.2200],[1491494400000,79.2600],[1491753600000,83.1500],[1491840000000,83.7000],[1491926400000,83.8900],[1492012800000,84.6600],[1492099200000,81.8900],[1492358400000,87.2900],[1492444800000,87.4800],[1492531200000,86.7400],[1492617600000,87.1600],[1492704000000,84.5900],[1492963200000,86.9700],[1493049600000,86.8400],[1493136000000,87.0700],[1493222400000,85.9700],[1493308800000,82.3300],[1493654400000,86.8900],[1493740800000,87.2700],[1493827200000,86.1800],[1493913600000,87.2700],[1494172800000,88.3600],[1494259200000,88.5500],[1494345600000,88.3600],[1494432000000,87.6400],[1494518400000,89.4500],[1494777600000,90.4300],[1494864000000,90.1100],[1494950400000,90.00],[1495036800000,88.2100],[1495123200000,90.8900],[1495382400000,94.2900],[1495468800000,94.4800],[1495555200000,95.0400],[1495641600000,92.5500],[1495728000000,95.2100],[1496160000000,94.6800],[1496246400000,94.8600],[1496332800000,95.0400],[1496592000000,95.5800],[1496678400000,95.5800],[1496764800000,95.5800],[1496851200000,95.7600],[1496937600000,95.7600],[1497196800000,95.8200],[1497283200000,95.9900],[1497369600000,96.1700],[1497456000000,96.3500],[1497542400000,96.5200],[1497801600000,96.8800],[1497888000000,96.8800],[1497974400000,96.7000],[1498060800000,97.3900],[1498147200000,97.4000],[1498406400000,97.4100],[1498492800000,97.4100],[1498579200000,96.8900],[1498665600000,97.0600],[1498752000000,96.9100],[1499011200000,91.7500],[1499097600000,95.7000],[1499184000000,95.3700],[1499270400000,95.0300],[1499356800000,95.3700],[1499616000000,95.2000],[1499702400000,95.0300],[1499788800000,94.8500],[1499875200000,94.1700],[1499961600000,95.0500],[1500220800000,93.00],[1500307200000,94.2000],[1500393600000,94.2300],[1500480000000,94.2300],[1500566400000,93.7600],[1500825600000,94.6000],[1500912000000,94.6000],[1500998400000,94.4400],[1501084800000,93.9400],[1501171200000,93.6000],[1501430400000,89.2300],[1501516800000,93.2700],[1501603200000,93.1000],[1501689600000,93.2700],[1501776000000,93.7700],[1502035200000,93.4600],[1502121600000,92.1100],[1502208000000,91.7800],[1502294400000,91.7800],[1502380800000,91.6100],[1502640000000,92.1100],[1502726400000,92.2800],[1502812800000,92.4500],[1502899200000,92.1100],[1502985600000,92.1100],[1503244800000,92.4600],[1503331200000,90.2800],[1503417600000,89.4500],[1503504000000,89.4300],[1503590400000,88.7600],[1503849600000,84.8300],[1503936000000,83.5000],[1504022400000,88.3300],[1504108800000,88.5200],[1504195200000,88.3500],[1504454400000,88.3500],[1504540800000,88.5200],[1504627200000,88.0200],[1504713600000,87.8500],[1504800000000,87.6900],[1505059200000,87.0600],[1505145600000,87.0600],[1505232000000,86.9000],[1505318400000,86.4500],[1505404800000,85.9500],[1505664000000,85.8100],[1505750400000,85.6400],[1505836800000,85.4100],[1505923200000,86.2400],[1506009600000,86.2400],[1506268800000,86.4000],[1506355200000,86.7300],[1506441600000,86.4200],[1506528000000,87.4200],[1506614400000,86.6300],[1507478400000,84.3200],[1507564800000,84.5100],[1507651200000,84.0200],[1507737600000,83.9600],[1507824000000,84.2900],[1508083200000,81.5400],[1508169600000,83.1700],[1508256000000,81.8300],[1508342400000,81.8300],[1508428800000,81.6700],[1508688000000,80.8600],[1508774400000,78.8800],[1508860800000,81.8800],[1508947200000,81.7100],[1509033600000,81.7100],[1509292800000,82.1000],[1509379200000,81.6400],[1509465600000,81.4800],[1509552000000,81.4000],[1509638400000,80.5500],[1509897600000,77.1300],[1509984000000,78.9000],[1510070400000,78.2600],[1510156800000,77.6900],[1510243200000,75.9200],[1510502400000,76.7800],[1510588800000,74.1700],[1510675200000,71.9700],[1510761600000,70.2400],[1510848000000,74.3700],[1511107200000,73.7400],[1511193600000,69.3400],[1511280000000,68.4000],[1511366400000,66.8200],[1511452800000,66.2500],[1511712000000,66.5600],[1511798400000,66.8700],[1511884800000,69.0600],[1511971200000,68.1700],[1512057600000,68.1200],[1512316800000,72.1600],[1512403200000,71.2300],[1512489600000,69.8300],[1512576000000,68.3200],[1512662400000,68.8700],[1512921600000,65.8000],[1513008000000,71.2100],[1513094400000,70.6000],[1513180800000,73.8500],[1513267200000,73.7800],[1513526400000,72.5600],[1513612800000,72.4100],[1513699200000,71.9500],[1513785600000,74.6600],[1513872000000,74.3500],[1514131200000,73.5900],[1514217600000,74.0500],[1514304000000,73.8500],[1514390400000,73.5900],[1514476800000,72.8200],[1514822400000,53.5900],[1514908800000,50.0800],[1514995200000,47.3300],[1515081600000,44.4300],[1515340800000,68.8500],[1515427200000,68.2400],[1515513600000,66.6200],[1515600000000,66.2100],[1515686400000,70.0200],[1515945600000,69.4100],[1516032000000,69.5600],[1516118400000,67.5800],[1516204800000,67.5800],[1516291200000,67.2800],[1516550400000,68.4900],[1516636800000,68.4900],[1516723200000,70.6200],[1516809600000,66.5100],[1516896000000,66.4100],[1517155200000,65.8500],[1517241600000,66.9200],[1517328000000,66.6200],[1517414400000,66.4600],[1517500800000,67.0700],[1517760000000,67.3800],[1517846400000,67.6800]];
/*规模变动*/
var Data_fluctuationScale = {"categories":["2016-12-31","2017-03-31","2017-06-30","2017-09-30","2017-12-31"],"series":[{"y":42.21,"mom":"-60.13%"},{"y":40.11,"mom":"-4.98%"},{"y":41.13,"mom":"2.54%"},{"y":38.64,"mom":"-6.05%"},{"y":69.01,"mom":"78.59%"}]};;
/*持有人结构*/
var Data_holderStructure = {"series":[{"name":"机构持有比例","data":[98.61,99.54]},{"name":"个人持有比例","data":[1.39,0.46]},{"name":"内部持有比例","data":[0.0,0.0]}],"categories":["2016-12-31","2017-06-30"]};
/*申购赎回*/
var Data_assetAllocation ={"series":[{"name":"期间申购","data":[67.74,23.04,90.58,175.16]},{"name":"期间赎回","data":[69.84,22.02,93.07,144.79]},{"name":"总份额","data":[40.11,41.13,38.64,69.01]}],"categories":["2017-03-31","2017-06-30","2017-09-30","2017-12-31"]};
/*现任基金经理*/
var Data_currentFundManager = [{"id":"30546588","pic":"http://j5.dfcfw.com/avatar/nopic.gif","name":"宫志芳","star":0,"workTime":"173天","fundSize":"88.62亿(10只基金)","power":{"avr":"暂无数据","categories":["经验值","收益率","抗风险","稳定性","择时能力"],"dsc":["反映基金经理从业年限和管理基金的经验","根据基金经理投资的阶段收益评分，反映\u003cbr\u003e基金经理投资的盈利能力","反映基金经理投资的回撤控制能力","反映基金经理投资收益的波动","反映基金经理根据对市场的判断，通过\u003cbr\u003e调整仓位及配置而跑赢业绩的基准能力"],"data":[null,null,null,null,null],"jzrq":"2018-02-06"},"profit":{"categories":["任期收益","同类平均","沪深300"],"series":[{"data":[{"name":null,"color":"#7cb5ec","y":2.0127},{"name":null,"color":"#414c7b","y":1.92},{"name":null,"color":"#f7a35c","y":11.39}]}],"jzrq":"2018-02-06"}}] ;
/*同类型基金涨幅榜（页面底部通栏）*/
var swithSameType = [['002895_华夏天利货币B_5.8750','002894_华夏天利货币A_5.6210','004398_融通现金宝货币B_5.3370','000902_国开货币B_5.3360','001478_泰康薪意保货币B_5.1400'],['002895_华夏天利货币B_5.26','004973_长城收益宝货币B_5.08','004904_人保货币B_5.05','002884_华润元大现金通货币B_5.01','002894_华夏天利货币A_5.01'],['004973_长城收益宝货币B_5.05','004770_海富通添益货币A_4.99','002884_华润元大现金通货币B_4.99','005151_红土创新优淳货币B_4.90','002895_华夏天利货币B_4.89'],['004770_海富通添益货币A_5.39','004973_长城收益宝货币B_5.13','002884_华润元大现金通货币B_5.03','002895_华夏天利货币B_5.03','004398_融通现金宝货币B_5.01'],['003679_中融现金增利货币C_4.67','003474_南方天天利货币B_4.55','000836_国投瑞银钱多宝货币A_4.52','000837_国投瑞银钱多宝货币I_4.52','003753_工银如意货币B_4.51']];