/**
 * 测试数据
 * @type {arry}
 */
/*2018-02-07 16:07:00*/
//基金或股票信息
var fS_name = "大成恒丰宝货币B";
var fS_code = "001698";
var fund_minsg="5000000";
var ishb=true;
/*原费率*/
var fund_sourceRate="0";
/*现费率*/
var fund_Rate="0";
/*最小申购金额*/
var fund_minsg="5000000";
/*收益率*/
/*近一年收益率*/
var syl_1n="4.3842";
/*近6月收益率*/
var syl_6y="2.255";
/*近三月收益率*/
var syl_3y="1.128";
/*近一月收益率*/
var syl_1y="0.4005";
/* 基金收益走势图 每万份收益*/
var Data_millionCopiesIncome = [[1438876800000,0.7301],[1439481600000,0.7297],[1440086400000,0.7293],[1440691200000,0.7289],[1441123200000,0.7285],[1441555200000,0.7283],[1441900800000,0.7479],[1442505600000,0.745],[1443110400000,0.6764],[1443456000000,0.6569],[1443542400000,0.5675],[1444147200000,4.5777],[1444233600000,0.126],[1444320000000,0.3408],[1444492800000,0.6149],[1444579200000,0.652],[1444665600000,0.6493],[1444752000000,0.6529],[1444838400000,0.6547],[1444924800000,0.6341],[1445097600000,1.2639],[1445184000000,0.5823],[1445270400000,0.6749],[1445356800000,0.6681],[1445443200000,0.6833],[1445529600000,0.685],[1445702400000,1.3139],[1445788800000,0.6637],[1445875200000,1.5486],[1445961600000,2.8259],[1446048000000,0.7059],[1446134400000,0.7048],[1446307200000,1.4098],[1446393600000,0.7091],[1446480000000,0.6988],[1446566400000,0.6963],[1446652800000,0.5989],[1446739200000,0.6767],[1446912000000,1.3537],[1446998400000,0.6703],[1447084800000,0.6933],[1447171200000,0.6976],[1447257600000,0.6889],[1447344000000,0.7176],[1447516800000,1.4351],[1447603200000,0.7134],[1447689600000,0.7131],[1447776000000,0.7242],[1447862400000,1.2788],[1447948800000,0.7179],[1448121600000,1.4357],[1448208000000,0.7178],[1448294400000,0.7377],[1448380800000,0.7283],[1448467200000,0.7578],[1448553600000,2.0584],[1448726400000,1.5166],[1448812800000,0.6309],[1448899200000,1.1587],[1448985600000,0.6671],[1449072000000,0.7116],[1449158400000,0.8764],[1449331200000,1.2121],[1449417600000,0.5873],[1449504000000,0.5893],[1449590400000,1.0393],[1449676800000,0.7101],[1449763200000,0.8368],[1449936000000,1.5034],[1450022400000,0.7415],[1450108800000,0.7517],[1450195200000,0.7096],[1450281600000,0.7336],[1450368000000,0.7446],[1450540800000,1.4896],[1450627200000,0.7255],[1450713600000,0.7406],[1450800000000,0.739],[1450886400000,0.7664],[1450972800000,0.7637],[1451145600000,1.5251],[1451232000000,0.7567],[1451318400000,0.749],[1451404800000,0.7696],[1451491200000,0.7783],[1451750400000,2.2967],[1451836800000,0.7651],[1451923200000,0.7506],[1452009600000,0.7646],[1452096000000,0.7251],[1452182400000,0.7281],[1452355200000,1.4554],[1452441600000,0.7291],[1452528000000,0.7033],[1452614400000,0.7044],[1452700800000,0.7098],[1452787200000,0.7147],[1452960000000,1.4296],[1453046400000,2.0853],[1453132800000,0.6912],[1453219200000,0.6831],[1453305600000,0.694],[1453392000000,0.7288],[1453564800000,1.4576],[1453651200000,0.721],[1453737600000,0.4286],[1453824000000,0.6306],[1453910400000,0.6353],[1453996800000,1.3587],[1454169600000,1.0547],[1454256000000,0.7425],[1454342400000,0.6924],[1454428800000,0.7437],[1454515200000,0.742],[1454601600000,0.7419],[1455379200000,6.6765],[1455465600000,0.7003],[1455552000000,0.6168],[1455638400000,0.6096],[1455724800000,0.6118],[1455811200000,0.6212],[1455984000000,1.2423],[1456070400000,0.6029],[1456156800000,0.5776],[1456243200000,0.5797],[1456329600000,0.5814],[1456416000000,0.5823],[1456588800000,1.1648],[1456675200000,0.5771],[1456761600000,0.5904],[1456848000000,0.5995],[1456934400000,0.5996],[1457020800000,0.6033],[1457193600000,1.2066],[1457280000000,0.5538],[1457366400000,1.9003],[1457452800000,0.5909],[1457539200000,0.6326],[1457625600000,0.615],[1457798400000,1.2296],[1457884800000,0.6053],[1457971200000,0.6225],[1458057600000,0.6279],[1458144000000,0.6304],[1458230400000,0.635],[1458403200000,1.2693],[1458489600000,0.6256],[1458576000000,0.5954],[1458662400000,0.6482],[1458748800000,0.6907],[1458835200000,0.7013],[1459008000000,1.4028],[1459094400000,0.7061],[1459180800000,0.681],[1459267200000,0.6675],[1459353600000,0.7206],[1459440000000,0.7487],[1459699200000,2.2468],[1459785600000,0.7348],[1459872000000,0.7216],[1459958400000,0.7336],[1460044800000,1.2363],[1460217600000,1.4946],[1460304000000,0.7399],[1460390400000,0.6807],[1460476800000,0.7026],[1460563200000,0.642],[1460649600000,0.6399],[1460822400000,1.2789],[1460908800000,2.5152],[1460995200000,0.6408],[1461081600000,0.6153],[1461168000000,0.6401],[1461254400000,0.8242],[1461427200000,1.2749],[1461513600000,0.5969],[1461600000000,0.5841],[1461686400000,0.3232],[1461772800000,0.6071],[1461859200000,0.5482],[1462118400000,1.6449],[1462204800000,0.5299],[1462291200000,0.5208],[1462377600000,0.6097],[1462464000000,0.3935],[1462636800000,0.9531],[1462723200000,0.4614],[1462809600000,6.4298],[1462896000000,0.3945],[1462982400000,0.4546],[1463068800000,3.2833],[1463241600000,0.8777],[1463328000000,0.4425],[1463414400000,2.8977],[1463500800000,0.405],[1463587200000,0.4327],[1463673600000,0.4458],[1463846400000,0.8409],[1463932800000,0.4436],[1464019200000,0.4443],[1464105600000,0.4261],[1464192000000,0.4683],[1464278400000,0.4705],[1464451200000,0.9455],[1464537600000,0.4752],[1464624000000,1.8446],[1464710400000,0.4541],[1464796800000,0.4595],[1464883200000,0.4643],[1465056000000,0.9314],[1465142400000,0.4577],[1465228800000,0.4586],[1465315200000,0.4586],[1465660800000,1.8336],[1465747200000,0.4168],[1465833600000,0.4078],[1465920000000,0.4617],[1466006400000,0.4637],[1466092800000,0.4663],[1466265600000,0.9452],[1466352000000,3.1895],[1466438400000,0.4583],[1466524800000,0.4524],[1466611200000,0.9309],[1466697600000,0.4658],[1466870400000,0.9291],[1466956800000,0.9434],[1467043200000,0.4275],[1467129600000,0.4294],[1467216000000,0.4573],[1467302400000,0.4703],[1467475200000,0.941],[1467561600000,2.1296],[1467648000000,0.4622],[1467734400000,0.4646],[1467820800000,0.4614],[1467907200000,0.4664],[1468080000000,0.933],[1468166400000,3.3921],[1468252800000,0.4968],[1468339200000,0.4885],[1468425600000,0.5115],[1468512000000,0.5173],[1468684800000,0.9431],[1468771200000,0.4982],[1468857600000,0.4546],[1468944000000,0.5145],[1469030400000,1.3936],[1469116800000,0.5385],[1469289600000,0.9926],[1469376000000,3.2879],[1469462400000,0.5417],[1469548800000,0.4679],[1469635200000,0.4688],[1469721600000,0.5023],[1469894400000,1.0041],[1469980800000,1.1683],[1470067200000,5.6723],[1470153600000,0.4497],[1470240000000,0.4563],[1470326400000,1.7273],[1470499200000,0.959],[1470585600000,0.4898],[1470672000000,0.4792],[1470758400000,0.4558],[1470844800000,0.5117],[1470931200000,0.5248],[1471104000000,1.0534],[1471190400000,0.5127],[1471276800000,0.5244],[1471363200000,0.5297],[1471449600000,0.4953],[1471536000000,1.3335],[1471708800000,1.0636],[1471795200000,0.5241],[1471881600000,0.5257],[1471968000000,1.7528],[1472054400000,0.5369],[1472140800000,0.5684],[1472313600000,1.1386],[1472400000000,0.5602],[1472486400000,0.5595],[1472572800000,0.7994],[1472659200000,0.5652],[1472745600000,0.5675],[1472918400000,1.1355],[1473004800000,0.5734],[1473091200000,0.5585],[1473177600000,1.232],[1473264000000,0.5306],[1473350400000,0.5942],[1473523200000,1.1899],[1473609600000,0.5376],[1473696000000,0.5759],[1473782400000,0.5756],[1474128000000,2.3015],[1474214400000,0.6086],[1474300800000,1.0396],[1474387200000,0.6128],[1474473600000,0.6305],[1474560000000,0.7024],[1474732800000,1.4038],[1474819200000,0.6939],[1474905600000,0.6841],[1474992000000,0.7065],[1475078400000,0.6779],[1475164800000,0.6862],[1475942400000,6.1812],[1476028800000,0.6851],[1476115200000,0.6613],[1476201600000,1.0267],[1476288000000,0.9198],[1476374400000,0.6204],[1476547200000,1.2403],[1476633600000,0.8785],[1476720000000,0.5692],[1476806400000,0.6148],[1476892800000,1.0239],[1476979200000,0.6687],[1477152000000,1.3365],[1477238400000,0.6712],[1477324800000,0.6408],[1477411200000,0.7509],[1477497600000,0.6573],[1477584000000,0.6925],[1477756800000,1.3863],[1477843200000,0.6838],[1477929600000,2.4427],[1478016000000,1.1145],[1478102400000,1.5407],[1478188800000,0.6265],[1478361600000,1.2552],[1478448000000,1.2983],[1478534400000,0.598],[1478620800000,0.617],[1478707200000,0.5306],[1478793600000,0.5884],[1478966400000,1.1788],[1479052800000,0.6129],[1479139200000,0.5825],[1479225600000,0.6151],[1479312000000,0.5831],[1479398400000,0.6244],[1479571200000,1.2495],[1479657600000,0.625],[1479744000000,0.6732],[1479830400000,0.6602],[1479916800000,0.6147],[1480003200000,0.709],[1480176000000,1.4018],[1480262400000,0.7578],[1480348800000,0.7587],[1480435200000,0.7905],[1480521600000,0.8234],[1480608000000,0.8],[1480780800000,1.5978],[1480867200000,0.8045],[1480953600000,0.7762],[1481040000000,0.8475],[1481126400000,0.8954],[1481212800000,0.8992],[1481385600000,1.7964],[1481472000000,0.8572],[1481558400000,0.8516],[1481644800000,0.85],[1481731200000,0.8569],[1481817600000,0.8845],[1481990400000,1.7989],[1482076800000,0.8465],[1482163200000,0.9236],[1482249600000,0.932],[1482336000000,1.1105],[1482422400000,1.1343],[1482595200000,2.2666],[1482681600000,1.1349],[1482768000000,1.3249],[1482854400000,1.2946],[1482940800000,1.2902],[1483027200000,1.289],[1483113600000,1.289],[1483286400000,2.5774],[1483372800000,1.2404],[1483459200000,1.1768],[1483545600000,1.1625],[1483632000000,1.2382],[1483804800000,2.4766],[1483891200000,1.2383],[1483977600000,0.9106],[1484064000000,1.0515],[1484150400000,1.0497],[1484236800000,1.0486],[1484409600000,2.0975],[1484496000000,1.0482],[1484582400000,1.0475],[1484668800000,1.0726],[1484755200000,1.0699],[1484841600000,1.0784],[1485014400000,2.1569],[1485100800000,1.0747],[1485187200000,1.0705],[1485273600000,1.0669],[1485360000000,1.0664],[1485964800000,7.4646],[1486051200000,1.0646],[1486224000000,2.1289],[1486310400000,1.0534],[1486396800000,1.0498],[1486483200000,1.0325],[1486569600000,1.0354],[1486656000000,1.0348],[1486828800000,2.0695],[1486915200000,1.0344],[1487001600000,1.0352],[1487088000000,1.039],[1487174400000,1.0001],[1487260800000,1.2301],[1487433600000,2.1266],[1487520000000,1.0536],[1487606400000,1.1512],[1487692800000,1.1007],[1487779200000,1.1017],[1487865600000,1.1042],[1488038400000,2.2084],[1488124800000,1.1001],[1488211200000,1.1008],[1488297600000,1.0996],[1488384000000,1.0956],[1488470400000,1.0964],[1488643200000,2.193],[1488729600000,1.0956],[1488816000000,1.0956],[1488902400000,1.0846],[1488988800000,1.0845],[1489075200000,1.0812],[1489248000000,2.1623],[1489334400000,1.0787],[1489420800000,1.0787],[1489507200000,1.0938],[1489593600000,1.0954],[1489680000000,1.1026],[1489852800000,2.2053],[1489939200000,1.1033],[1490025600000,1.1125],[1490112000000,1.1121],[1490198400000,1.1359],[1490284800000,1.1189],[1490457600000,2.2377],[1490544000000,1.1175],[1490630400000,1.1149],[1490716800000,1.1853],[1490803200000,1.1655],[1490889600000,1.1656],[1491235200000,4.6625],[1491321600000,1.1647],[1491408000000,1.1175],[1491494400000,1.1179],[1491667200000,2.2357],[1491753600000,1.1204],[1491840000000,1.1216],[1491926400000,1.1195],[1492012800000,1.1161],[1492099200000,1.1148],[1492272000000,2.2306],[1492358400000,1.1195],[1492444800000,1.1222],[1492531200000,1.1224],[1492617600000,1.1255],[1492704000000,1.1234],[1492876800000,2.2117],[1492963200000,1.133],[1493049600000,1.1348],[1493136000000,1.1283],[1493222400000,1.126],[1493308800000,1.1409],[1493568000000,3.4226],[1493654400000,1.1205],[1493740800000,1.1249],[1493827200000,1.1123],[1493913600000,1.1188],[1494086400000,2.2327],[1494172800000,1.1223],[1494259200000,1.117],[1494345600000,1.1196],[1494432000000,1.1205],[1494518400000,1.113],[1494691200000,2.2259],[1494777600000,1.1125],[1494864000000,1.1286],[1494950400000,1.1239],[1495036800000,1.1263],[1495123200000,1.1265],[1495296000000,2.2528],[1495382400000,1.119],[1495468800000,1.1221],[1495555200000,1.1187],[1495641600000,1.1176],[1495728000000,1.1264],[1496073600000,4.4951],[1496160000000,1.1289],[1496246400000,1.127],[1496332800000,1.1387],[1496505600000,2.2777],[1496592000000,1.1272],[1496678400000,1.1302],[1496764800000,1.1268],[1496851200000,1.1262],[1496937600000,1.1219],[1497110400000,2.2438],[1497196800000,1.1201],[1497283200000,1.1127],[1497369600000,1.1211],[1497456000000,1.1084],[1497542400000,1.1065],[1497715200000,2.2132],[1497801600000,1.1464],[1497888000000,1.0895],[1497974400000,1.1661],[1498060800000,1.2221],[1498147200000,1.2332],[1498320000000,2.4663],[1498406400000,1.2233],[1498492800000,1.2123],[1498579200000,1.2464],[1498665600000,1.2581],[1498752000000,1.2262],[1498924800000,2.4526],[1499011200000,1.2527],[1499097600000,1.2539],[1499184000000,1.2371],[1499270400000,1.1867],[1499356800000,1.2143],[1499529600000,2.4286],[1499616000000,1.2104],[1499702400000,1.2092],[1499788800000,1.1977],[1499875200000,1.2052],[1499961600000,1.2114],[1500134400000,2.423],[1500220800000,1.2274],[1500307200000,1.1905],[1500393600000,1.1839],[1500480000000,1.1925],[1500566400000,1.2081],[1500739200000,2.4157],[1500825600000,1.2468],[1500912000000,1.2067],[1500998400000,1.2004],[1501084800000,1.2133],[1501171200000,1.2103],[1501344000000,2.4071],[1501430400000,1.1766],[1501516800000,1.2153],[1501603200000,1.2076],[1501689600000,1.2143],[1501776000000,1.2121],[1501948800000,2.4171],[1502035200000,1.1984],[1502121600000,1.1959],[1502208000000,1.1931],[1502294400000,1.1946],[1502380800000,1.1968],[1502553600000,2.3935],[1502640000000,1.1877],[1502726400000,1.1878],[1502812800000,1.182],[1502899200000,1.1744],[1502985600000,1.1862],[1503158400000,2.3724],[1503244800000,1.1856],[1503331200000,1.1807],[1503417600000,1.1884],[1503504000000,1.2011],[1503590400000,1.2112],[1503763200000,2.4225],[1503849600000,1.2054],[1503936000000,1.1969],[1504022400000,1.2022],[1504108800000,1.19],[1504195200000,1.2297],[1504368000000,2.4596],[1504454400000,1.2412],[1504540800000,1.1969],[1504627200000,1.2033],[1504713600000,1.2011],[1504800000000,1.2031],[1504972800000,2.4064],[1505059200000,1.2031],[1505145600000,1.1905],[1505232000000,1.1882],[1505318400000,1.1825],[1505404800000,1.1769],[1505577600000,2.3539],[1505664000000,1.1771],[1505750400000,1.1589],[1505836800000,1.3017],[1505923200000,1.1293],[1506009600000,1.1789],[1506182400000,2.3579],[1506268800000,1.1952],[1506355200000,1.1763],[1506441600000,1.2885],[1506528000000,1.2773],[1506614400000,1.2673],[1507392000000,11.4072],[1507478400000,1.289],[1507564800000,1.2359],[1507651200000,1.2476],[1507737600000,1.2548],[1507824000000,1.2592],[1507996800000,2.5184],[1508083200000,1.2553],[1508169600000,1.144],[1508256000000,1.1658],[1508342400000,1.1652],[1508428800000,1.1672],[1508601600000,2.3353],[1508688000000,1.1636],[1508774400000,1.1738],[1508860800000,1.1729],[1508947200000,1.1713],[1509033600000,1.1592],[1509206400000,2.3291],[1509292800000,1.1629],[1509379200000,1.1192],[1509465600000,1.1845],[1509552000000,1.1981],[1509638400000,1.1998],[1509811200000,2.3996],[1509897600000,1.1776],[1509984000000,1.1763],[1510070400000,1.1682],[1510156800000,1.1627],[1510243200000,1.157],[1510416000000,2.3142],[1510502400000,1.1541],[1510588800000,1.1335],[1510675200000,1.1524],[1510761600000,1.1761],[1510848000000,1.1872],[1511020800000,2.3746],[1511107200000,1.1814],[1511193600000,1.1658],[1511280000000,1.2034],[1511366400000,1.1509],[1511452800000,1.2177],[1511625600000,2.4356],[1511712000000,1.2104],[1511798400000,1.2174],[1511884800000,1.2081],[1511971200000,1.1267],[1512057600000,1.2071],[1512230400000,2.4143],[1512316800000,1.2097],[1512403200000,1.2093],[1512489600000,1.1872],[1512576000000,1.1807],[1512662400000,1.1799],[1512835200000,2.3599],[1512921600000,1.1783],[1513008000000,1.2777],[1513094400000,1.3174],[1513180800000,1.2434],[1513267200000,1.2431],[1513440000000,2.4863],[1513526400000,1.2362],[1513612800000,1.2436],[1513699200000,1.2465],[1513785600000,1.3179],[1513872000000,1.2148],[1514044800000,2.4247],[1514131200000,1.195],[1514217600000,1.2613],[1514304000000,1.2647],[1514390400000,1.1625],[1514476800000,1.1597],[1514649600000,2.3195],[1514736000000,1.1598],[1514822400000,1.1598],[1514908800000,1.1566],[1514995200000,1.4344],[1515081600000,1.269],[1515254400000,2.5385],[1515340800000,1.2667],[1515427200000,1.2662],[1515513600000,1.2652],[1515600000000,1.2692],[1515686400000,1.2677],[1515859200000,2.5355],[1515945600000,1.2659],[1516032000000,1.2595],[1516118400000,1.2355],[1516204800000,1.2185],[1516291200000,1.2244],[1516464000000,2.4489],[1516550400000,1.2232],[1516636800000,1.2571],[1516723200000,1.2631],[1516809600000,1.286],[1516896000000,1.2828],[1517068800000,2.5658],[1517155200000,1.2595],[1517241600000,1.2594],[1517328000000,1.259],[1517414400000,1.2058],[1517500800000,1.2062],[1517673600000,2.4125],[1517760000000,1.2171],[1517846400000,1.2184]];
/*基金收益走势图   7日年化收益率*/
var Data_sevenDaysYearIncome = [[1438876800000,2.377],[1439481600000,2.7],[1440086400000,2.698],[1440691200000,2.697],[1441123200000,2.696],[1441555200000,2.695],[1441900800000,2.704],[1442505600000,2.756],[1443110400000,2.64],[1443456000000,2.481],[1443542400000,2.428],[1444147200000,2.416],[1444233600000,2.134],[1444320000000,1.968],[1444492800000,1.6],[1444579200000,1.599],[1444665600000,1.596],[1444752000000,1.596],[1444838400000,1.876],[1444924800000,2.032],[1445097600000,2.378],[1445184000000,2.341],[1445270400000,2.354],[1445356800000,2.362],[1445443200000,2.378],[1445529600000,2.405],[1445702400000,2.432],[1445788800000,2.475],[1445875200000,2.943],[1445961600000,4.107],[1446048000000,4.12],[1446134400000,4.13],[1446307200000,4.183],[1446393600000,4.207],[1446480000000,3.747],[1446566400000,2.601],[1446652800000,2.544],[1446739200000,2.529],[1446912000000,2.499],[1446998400000,2.478],[1447084800000,2.475],[1447171200000,2.476],[1447257600000,2.524],[1447344000000,2.546],[1447516800000,2.589],[1447603200000,2.612],[1447689600000,2.623],[1447776000000,2.637],[1447862400000,2.953],[1447948800000,2.954],[1448121600000,2.954],[1448208000000,2.956],[1448294400000,2.969],[1448380800000,2.972],[1448467200000,2.692],[1448553600000,3.412],[1448726400000,3.456],[1448812800000,3.409],[1448899200000,3.636],[1448985600000,3.603],[1449072000000,3.578],[1449158400000,2.942],[1449331200000,2.779],[1449417600000,2.756],[1449504000000,2.451],[1449590400000,2.65],[1449676800000,2.649],[1449763200000,2.628],[1449936000000,2.784],[1450022400000,2.867],[1450108800000,2.954],[1450195200000,2.777],[1450281600000,2.789],[1450368000000,2.74],[1450540800000,2.733],[1450627200000,2.724],[1450713600000,2.718],[1450800000000,2.734],[1450886400000,2.751],[1450972800000,2.762],[1451145600000,2.781],[1451232000000,2.798],[1451318400000,2.802],[1451404800000,2.818],[1451491200000,2.825],[1451750400000,2.829],[1451836800000,2.834],[1451923200000,2.834],[1452009600000,2.832],[1452096000000,2.803],[1452182400000,2.783],[1452355200000,2.742],[1452441600000,2.723],[1452528000000,2.698],[1452614400000,2.666],[1452700800000,2.657],[1452787200000,2.65],[1452960000000,2.636],[1453046400000,3.365],[1453132800000,3.358],[1453219200000,3.347],[1453305600000,3.338],[1453392000000,3.346],[1453564800000,3.361],[1453651200000,2.628],[1453737600000,2.488],[1453824000000,2.46],[1453910400000,2.429],[1453996800000,2.765],[1454169600000,2.55],[1454256000000,2.561],[1454342400000,2.702],[1454428800000,2.763],[1454515200000,2.82],[1454601600000,2.49],[1455379200000,2.744],[1455465600000,2.722],[1455552000000,2.655],[1455638400000,2.585],[1455724800000,2.515],[1455811200000,2.451],[1455984000000,2.322],[1456070400000,2.27],[1456156800000,2.249],[1456243200000,2.233],[1456329600000,2.217],[1456416000000,2.196],[1456588800000,2.155],[1456675200000,2.141],[1456761600000,2.148],[1456848000000,2.158],[1456934400000,2.168],[1457020800000,2.179],[1457193600000,2.202],[1457280000000,2.189],[1457366400000,2.889],[1457452800000,2.885],[1457539200000,2.903],[1457625600000,2.909],[1457798400000,2.921],[1457884800000,2.949],[1457971200000,2.265],[1458057600000,2.285],[1458144000000,2.284],[1458230400000,2.294],[1458403200000,2.316],[1458489600000,2.326],[1458576000000,2.312],[1458662400000,2.323],[1458748800000,2.355],[1458835200000,2.39],[1459008000000,2.462],[1459094400000,2.505],[1459180800000,2.55],[1459267200000,2.561],[1459353600000,2.577],[1459440000000,2.602],[1459699200000,2.676],[1459785600000,2.705],[1459872000000,2.734],[1459958400000,2.741],[1460044800000,3.002],[1460217600000,3.0],[1460304000000,2.996],[1460390400000,2.967],[1460476800000,2.956],[1460563200000,2.907],[1460649600000,2.588],[1460822400000,2.472],[1460908800000,3.425],[1460995200000,3.404],[1461081600000,3.357],[1461168000000,3.356],[1461254400000,3.455],[1461427200000,3.453],[1461513600000,2.423],[1461600000000,2.393],[1461686400000,2.237],[1461772800000,2.22],[1461859200000,2.073],[1462118400000,1.952],[1462204800000,1.923],[1462291200000,2.028],[1462377600000,2.03],[1462464000000,1.947],[1462636800000,1.871],[1462723200000,1.825],[1462809600000,5.005],[1462896000000,4.936],[1462982400000,4.851],[1463068800000,6.443],[1463241600000,6.401],[1463328000000,6.39],[1463414400000,4.45],[1463500800000,4.455],[1463587200000,4.444],[1463673600000,2.91],[1463846400000,2.89],[1463932800000,2.891],[1464019200000,1.583],[1464105600000,1.594],[1464192000000,1.613],[1464278400000,1.626],[1464451200000,1.682],[1464537600000,1.698],[1464624000000,2.444],[1464710400000,2.458],[1464796800000,2.454],[1464883200000,2.45],[1465056000000,2.443],[1465142400000,2.434],[1465228800000,1.696],[1465315200000,1.698],[1465660800000,1.687],[1465747200000,1.665],[1465833600000,1.638],[1465920000000,1.64],[1466006400000,1.643],[1466092800000,1.647],[1466265600000,1.662],[1466352000000,3.142],[1466438400000,3.169],[1466524800000,3.164],[1466611200000,3.416],[1466697600000,3.416],[1466870400000,3.407],[1466956800000,2.203],[1467043200000,2.187],[1467129600000,2.175],[1467216000000,1.923],[1467302400000,1.925],[1467475200000,1.931],[1467561600000,2.564],[1467648000000,2.582],[1467734400000,2.601],[1467820800000,2.603],[1467907200000,2.601],[1468080000000,2.597],[1468166400000,3.274],[1468252800000,3.293],[1468339200000,3.306],[1468425600000,3.333],[1468512000000,3.36],[1468684800000,3.366],[1468771200000,1.818],[1468857600000,1.796],[1468944000000,1.809],[1469030400000,2.279],[1469116800000,2.29],[1469289600000,2.316],[1469376000000,3.815],[1469462400000,3.863],[1469548800000,3.837],[1469635200000,3.338],[1469721600000,3.318],[1469894400000,3.325],[1469980800000,2.189],[1470067200000,4.959],[1470153600000,4.949],[1470240000000,4.942],[1470326400000,5.615],[1470499200000,5.59],[1470585600000,5.217],[1470672000000,2.407],[1470758400000,2.41],[1470844800000,2.44],[1470931200000,1.799],[1471104000000,1.85],[1471190400000,1.862],[1471276800000,1.886],[1471363200000,1.925],[1471449600000,1.916],[1471536000000,2.347],[1471708800000,2.352],[1471795200000,2.358],[1471881600000,2.359],[1471968000000,3.014],[1472054400000,3.036],[1472140800000,2.626],[1472313600000,2.666],[1472400000000,2.686],[1472486400000,2.704],[1472572800000,2.194],[1472659200000,2.209],[1472745600000,2.209],[1472918400000,2.207],[1473004800000,2.214],[1473091200000,2.214],[1473177600000,2.445],[1473264000000,2.426],[1473350400000,2.44],[1473523200000,2.47],[1473609600000,2.45],[1473696000000,2.46],[1473782400000,2.11],[1474128000000,2.103],[1474214400000,2.14],[1474300800000,2.388],[1474387200000,2.408],[1474473600000,2.437],[1474560000000,2.505],[1474732800000,2.64],[1474819200000,2.686],[1474905600000,2.496],[1474992000000,2.546],[1475078400000,2.571],[1475164800000,2.562],[1475942400000,2.538],[1476028800000,2.538],[1476115200000,2.524],[1476201600000,2.706],[1476288000000,2.831],[1476374400000,2.795],[1476547200000,2.724],[1476633600000,2.827],[1476720000000,2.778],[1476806400000,2.557],[1476892800000,2.613],[1476979200000,2.639],[1477152000000,2.69],[1477238400000,2.579],[1477324800000,2.618],[1477411200000,2.691],[1477497600000,2.494],[1477584000000,2.507],[1477756800000,2.534],[1477843200000,2.541],[1477929600000,3.508],[1478016000000,3.705],[1478102400000,4.183],[1478188800000,4.148],[1478361600000,4.077],[1478448000000,4.411],[1478534400000,3.411],[1478620800000,3.143],[1478707200000,2.602],[1478793600000,2.581],[1478966400000,2.54],[1479052800000,2.174],[1479139200000,2.166],[1479225600000,2.165],[1479312000000,2.193],[1479398400000,2.212],[1479571200000,2.25],[1479657600000,2.257],[1479744000000,2.305],[1479830400000,2.329],[1479916800000,2.346],[1480003200000,2.391],[1480176000000,2.472],[1480262400000,2.543],[1480348800000,2.589],[1480435200000,2.659],[1480521600000,2.77],[1480608000000,2.819],[1480780800000,2.924],[1480867200000,2.949],[1480953600000,2.959],[1481040000000,2.989],[1481126400000,3.028],[1481212800000,3.081],[1481385600000,3.188],[1481472000000,3.217],[1481558400000,3.257],[1481644800000,3.259],[1481731200000,3.238],[1481817600000,3.23],[1481990400000,3.231],[1482076800000,3.226],[1482163200000,3.264],[1482249600000,3.308],[1482336000000,3.445],[1482422400000,3.58],[1482595200000,3.833],[1482681600000,3.989],[1482768000000,4.207],[1482854400000,4.404],[1482940800000,4.502],[1483027200000,4.586],[1483113600000,4.671],[1483286400000,4.84],[1483372800000,4.794],[1483459200000,4.729],[1483545600000,4.66],[1483632000000,4.632],[1483804800000,4.577],[1483891200000,4.549],[1483977600000,4.37],[1484064000000,4.302],[1484150400000,4.24],[1484236800000,4.137],[1484409600000,3.932],[1484496000000,3.829],[1484582400000,3.903],[1484668800000,3.914],[1484755200000,3.925],[1484841600000,3.941],[1485014400000,3.974],[1485100800000,3.988],[1485187200000,4.0],[1485273600000,3.997],[1485360000000,3.996],[1485964800000,3.969],[1486051200000,3.968],[1486224000000,3.966],[1486310400000,3.959],[1486396800000,3.95],[1486483200000,3.931],[1486569600000,3.915],[1486656000000,3.898],[1486828800000,3.866],[1486915200000,3.856],[1487001600000,3.848],[1487088000000,3.852],[1487174400000,3.833],[1487260800000,3.938],[1487433600000,3.969],[1487520000000,3.98],[1487606400000,4.043],[1487692800000,4.076],[1487779200000,4.131],[1487865600000,4.063],[1488038400000,4.107],[1488124800000,4.132],[1488211200000,4.105],[1488297600000,4.104],[1488384000000,4.101],[1488470400000,4.097],[1488643200000,4.089],[1488729600000,4.086],[1488816000000,4.083],[1488902400000,4.075],[1488988800000,4.069],[1489075200000,4.061],[1489248000000,4.044],[1489334400000,4.035],[1489420800000,4.026],[1489507200000,4.031],[1489593600000,4.037],[1489680000000,4.048],[1489852800000,4.072],[1489939200000,4.085],[1490025600000,4.103],[1490112000000,4.113],[1490198400000,4.135],[1490284800000,4.144],[1490457600000,4.162],[1490544000000,4.17],[1490630400000,4.171],[1490716800000,4.211],[1490803200000,4.227],[1490889600000,4.252],[1491235200000,4.357],[1491321600000,4.345],[1491408000000,4.319],[1491494400000,4.293],[1491667200000,4.242],[1491753600000,4.217],[1491840000000,4.193],[1491926400000,4.169],[1492012800000,4.168],[1492099200000,4.166],[1492272000000,4.163],[1492358400000,4.163],[1492444800000,4.163],[1492531200000,4.165],[1492617600000,4.17],[1492704000000,4.174],[1492876800000,4.164],[1492963200000,4.171],[1493049600000,4.178],[1493136000000,4.181],[1493222400000,4.182],[1493308800000,4.191],[1493568000000,4.234],[1493654400000,4.226],[1493740800000,4.224],[1493827200000,4.217],[1493913600000,4.205],[1494086400000,4.178],[1494172800000,4.168],[1494259200000,4.166],[1494345600000,4.163],[1494432000000,4.168],[1494518400000,4.164],[1494691200000,4.161],[1494777600000,4.155],[1494864000000,4.162],[1494950400000,4.164],[1495036800000,4.167],[1495123200000,4.174],[1495296000000,4.189],[1495382400000,4.193],[1495468800000,4.189],[1495555200000,4.186],[1495641600000,4.182],[1495728000000,4.181],[1496073600000,4.182],[1496160000000,4.188],[1496246400000,4.193],[1496332800000,4.199],[1496505600000,4.216],[1496592000000,4.218],[1496678400000,4.221],[1496764800000,4.22],[1496851200000,4.22],[1496937600000,4.21],[1497110400000,4.192],[1497196800000,4.188],[1497283200000,4.179],[1497369600000,4.176],[1497456000000,4.166],[1497542400000,4.158],[1497715200000,4.141],[1497801600000,4.155],[1497888000000,4.143],[1497974400000,4.167],[1498060800000,4.229],[1498147200000,4.298],[1498320000000,4.435],[1498406400000,4.477],[1498492800000,4.544],[1498579200000,4.588],[1498665600000,4.608],[1498752000000,4.604],[1498924800000,4.596],[1499011200000,4.612],[1499097600000,4.635],[1499184000000,4.63],[1499270400000,4.591],[1499356800000,4.585],[1499529600000,4.572],[1499616000000,4.548],[1499702400000,4.524],[1499788800000,4.503],[1499875200000,4.513],[1499961600000,4.511],[1500134400000,4.508],[1500220800000,4.517],[1500307200000,4.507],[1500393600000,4.5],[1500480000000,4.493],[1500566400000,4.491],[1500739200000,4.487],[1500825600000,4.498],[1500912000000,4.506],[1500998400000,4.515],[1501084800000,4.527],[1501171200000,4.528],[1501344000000,4.523],[1501430400000,4.485],[1501516800000,4.49],[1501603200000,4.493],[1501689600000,4.494],[1501776000000,4.495],[1501948800000,4.5],[1502035200000,4.512],[1502121600000,4.502],[1502208000000,4.494],[1502294400000,4.483],[1502380800000,4.475],[1502553600000,4.462],[1502640000000,4.456],[1502726400000,4.452],[1502812800000,4.446],[1502899200000,4.435],[1502985600000,4.429],[1503158400000,4.417],[1503244800000,4.416],[1503331200000,4.412],[1503417600000,4.416],[1503504000000,4.43],[1503590400000,4.444],[1503763200000,4.471],[1503849600000,4.482],[1503936000000,4.491],[1504022400000,4.498],[1504108800000,4.492],[1504195200000,4.503],[1504368000000,4.523],[1504454400000,4.542],[1504540800000,4.542],[1504627200000,4.543],[1504713600000,4.549],[1504800000000,4.534],[1504972800000,4.505],[1505059200000,4.485],[1505145600000,4.481],[1505232000000,4.473],[1505318400000,4.463],[1505404800000,4.449],[1505577600000,4.42],[1505664000000,4.406],[1505750400000,4.389],[1505836800000,4.45],[1505923200000,4.421],[1506009600000,4.422],[1506182400000,4.425],[1506268800000,4.434],[1506355200000,4.444],[1506441600000,4.437],[1506528000000,4.517],[1506614400000,4.566],[1507392000000,4.735],[1507478400000,4.747],[1507564800000,4.729],[1507651200000,4.718],[1507737600000,4.712],[1507824000000,4.707],[1507996800000,4.698],[1508083200000,4.679],[1508169600000,4.629],[1508256000000,4.585],[1508342400000,4.536],[1508428800000,4.486],[1508601600000,4.386],[1508688000000,4.336],[1508774400000,4.352],[1508860800000,4.356],[1508947200000,4.36],[1509033600000,4.355],[1509206400000,4.352],[1509292800000,4.351],[1509379200000,4.322],[1509465600000,4.328],[1509552000000,4.343],[1509638400000,4.365],[1509811200000,4.403],[1509897600000,4.411],[1509984000000,4.442],[1510070400000,4.433],[1510156800000,4.414],[1510243200000,4.391],[1510416000000,4.344],[1510502400000,4.331],[1510588800000,4.308],[1510675200000,4.3],[1510761600000,4.307],[1510848000000,4.323],[1511020800000,4.356],[1511107200000,4.371],[1511193600000,4.389],[1511280000000,4.416],[1511366400000,4.403],[1511452800000,4.419],[1511625600000,4.452],[1511712000000,4.468],[1511798400000,4.496],[1511884800000,4.499],[1511971200000,4.486],[1512057600000,4.48],[1512230400000,4.468],[1512316800000,4.468],[1512403200000,4.464],[1512489600000,4.452],[1512576000000,4.482],[1512662400000,4.467],[1512835200000,4.437],[1512921600000,4.42],[1513008000000,4.457],[1513094400000,4.528],[1513180800000,4.562],[1513267200000,4.597],[1513440000000,4.666],[1513526400000,4.697],[1513612800000,4.679],[1513699200000,4.64],[1513785600000,4.681],[1513872000000,4.665],[1514044800000,4.632],[1514131200000,4.609],[1514217600000,4.619],[1514304000000,4.629],[1514390400000,4.544],[1514476800000,4.514],[1514649600000,4.457],[1514736000000,4.438],[1514822400000,4.382],[1514908800000,4.324],[1514995200000,4.472],[1515081600000,4.531],[1515254400000,4.65],[1515340800000,4.709],[1515427200000,4.767],[1515513600000,4.826],[1515600000000,4.736],[1515686400000,4.735],[1515859200000,4.734],[1515945600000,4.733],[1516032000000,4.73],[1516118400000,4.713],[1516204800000,4.686],[1516291200000,4.662],[1516464000000,4.615],[1516550400000,4.592],[1516636800000,4.59],[1516723200000,4.605],[1516809600000,4.642],[1516896000000,4.674],[1517068800000,4.738],[1517155200000,4.758],[1517241600000,4.759],[1517328000000,4.757],[1517414400000,4.713],[1517500800000,4.671],[1517673600000,4.587],[1517760000000,4.564],[1517846400000,4.542]];
/*资产配置*/
var Data_assetAllocationCurrency ={"categories":["12-31","09-30","06-30","03-31"],"series":[{"name":"股票","data":[null,null,null,null]},{"name":"债券","data":[33.32,28.43,24.6,10.84]},{"name":"现金","data":[64.82,51.83,58.65,86.76]}]};
/*累计收益率走势*/
var Data_grandTotal = [{"name":"大成恒丰宝货币B","data":[[1501948800000,0],[1502035200000,0.01],[1502121600000,0.02],[1502208000000,0.04],[1502294400000,0.05],[1502380800000,0.06],[1502553600000,0.08],[1502640000000,0.10],[1502726400000,0.11],[1502812800000,0.12],[1502899200000,0.13],[1502985600000,0.14],[1503158400000,0.17],[1503244800000,0.18],[1503331200000,0.19],[1503417600000,0.20],[1503504000000,0.21],[1503590400000,0.23],[1503763200000,0.25],[1503849600000,0.26],[1503936000000,0.27],[1504022400000,0.29],[1504108800000,0.30],[1504195200000,0.31],[1504368000000,0.34],[1504454400000,0.35],[1504540800000,0.36],[1504627200000,0.37],[1504713600000,0.38],[1504800000000,0.40],[1504972800000,0.42],[1505059200000,0.43],[1505145600000,0.44],[1505232000000,0.46],[1505318400000,0.47],[1505404800000,0.48],[1505577600000,0.50],[1505664000000,0.52],[1505750400000,0.53],[1505836800000,0.54],[1505923200000,0.55],[1506009600000,0.56],[1506182400000,0.59],[1506268800000,0.60],[1506355200000,0.61],[1506441600000,0.62],[1506528000000,0.64],[1506614400000,0.65],[1507392000000,0.76],[1507478400000,0.78],[1507564800000,0.79],[1507651200000,0.80],[1507737600000,0.82],[1507824000000,0.83],[1507996800000,0.85],[1508083200000,0.87],[1508169600000,0.88],[1508256000000,0.89],[1508342400000,0.90],[1508428800000,0.91],[1508601600000,0.94],[1508688000000,0.95],[1508774400000,0.96],[1508860800000,0.97],[1508947200000,0.98],[1509033600000,1.00],[1509206400000,1.02],[1509292800000,1.03],[1509379200000,1.04],[1509465600000,1.05],[1509552000000,1.07],[1509638400000,1.08],[1509811200000,1.10],[1509897600000,1.11],[1509984000000,1.13],[1510070400000,1.14],[1510156800000,1.15],[1510243200000,1.16],[1510416000000,1.19],[1510502400000,1.20],[1510588800000,1.21],[1510675200000,1.22],[1510761600000,1.23],[1510848000000,1.24],[1511020800000,1.27],[1511107200000,1.28],[1511193600000,1.29],[1511280000000,1.30],[1511366400000,1.32],[1511452800000,1.33],[1511625600000,1.35],[1511712000000,1.36],[1511798400000,1.38],[1511884800000,1.39],[1511971200000,1.40],[1512057600000,1.41],[1512230400000,1.44],[1512316800000,1.45],[1512403200000,1.46],[1512489600000,1.47],[1512576000000,1.49],[1512662400000,1.50],[1512835200000,1.52],[1512921600000,1.53],[1513008000000,1.55],[1513094400000,1.56],[1513180800000,1.57],[1513267200000,1.59],[1513440000000,1.61],[1513526400000,1.62],[1513612800000,1.64],[1513699200000,1.65],[1513785600000,1.66],[1513872000000,1.67],[1514044800000,1.70],[1514131200000,1.71],[1514217600000,1.72],[1514304000000,1.74],[1514390400000,1.75],[1514476800000,1.76],[1514649600000,1.78],[1514736000000,1.80],[1514822400000,1.81],[1514908800000,1.82],[1514995200000,1.83],[1515081600000,1.85],[1515254400000,1.87],[1515340800000,1.89],[1515427200000,1.90],[1515513600000,1.91],[1515600000000,1.92],[1515686400000,1.94],[1515859200000,1.96],[1515945600000,1.98],[1516032000000,1.99],[1516118400000,2.00],[1516204800000,2.01],[1516291200000,2.03],[1516464000000,2.05],[1516550400000,2.06],[1516636800000,2.08],[1516723200000,2.09],[1516809600000,2.10],[1516896000000,2.12],[1517068800000,2.14],[1517155200000,2.16],[1517241600000,2.17],[1517328000000,2.18],[1517414400000,2.19],[1517500800000,2.21],[1517673600000,2.23],[1517760000000,2.24],[1517846400000,2.26]]},{"name":"同类平均","data":[[1502035200000,0],[1502121600000,0.01],[1502208000000,0.02],[1502294400000,0.03],[1502380800000,0.04],[1502640000000,0.07],[1502726400000,0.08],[1502812800000,0.09],[1502899200000,0.10],[1502985600000,0.11],[1503244800000,0.14],[1503331200000,0.16],[1503417600000,0.17],[1503504000000,0.18],[1503590400000,0.19],[1503849600000,0.22],[1503936000000,0.23],[1504022400000,0.24],[1504108800000,0.25],[1504195200000,0.26],[1504454400000,0.29],[1504540800000,0.30],[1504627200000,0.31],[1504713600000,0.32],[1504800000000,0.34],[1505059200000,0.37],[1505145600000,0.38],[1505232000000,0.39],[1505318400000,0.40],[1505404800000,0.41],[1505664000000,0.44],[1505750400000,0.45],[1505836800000,0.46],[1505923200000,0.47],[1506009600000,0.48],[1506268800000,0.52],[1506355200000,0.53],[1506441600000,0.54],[1506528000000,0.55],[1506614400000,0.56],[1507478400000,0.67],[1507564800000,0.68],[1507651200000,0.69],[1507737600000,0.71],[1507824000000,0.72],[1508083200000,0.75],[1508169600000,0.76],[1508256000000,0.77],[1508342400000,0.78],[1508428800000,0.79],[1508688000000,0.82],[1508774400000,0.83],[1508860800000,0.84],[1508947200000,0.85],[1509033600000,0.86],[1509292800000,0.90],[1509379200000,0.91],[1509465600000,0.92],[1509552000000,0.93],[1509638400000,0.94],[1509897600000,0.97],[1509984000000,0.98],[1510070400000,0.99],[1510156800000,1.00],[1510243200000,1.01],[1510502400000,1.04],[1510588800000,1.06],[1510675200000,1.07],[1510761600000,1.08],[1510848000000,1.09],[1511107200000,1.12],[1511193600000,1.13],[1511280000000,1.14],[1511366400000,1.15],[1511452800000,1.16],[1511712000000,1.20],[1511798400000,1.21],[1511884800000,1.22],[1511971200000,1.23],[1512057600000,1.24],[1512316800000,1.28],[1512403200000,1.29],[1512489600000,1.30],[1512576000000,1.31],[1512662400000,1.32],[1512921600000,1.35],[1513008000000,1.36],[1513094400000,1.38],[1513180800000,1.39],[1513267200000,1.40],[1513526400000,1.43],[1513612800000,1.44],[1513699200000,1.46],[1513785600000,1.47],[1513872000000,1.48],[1514131200000,1.51],[1514217600000,1.53],[1514304000000,1.54],[1514390400000,1.55],[1514476800000,1.57],[1514822400000,1.62],[1514908800000,1.64],[1514995200000,1.65],[1515081600000,1.66],[1515340800000,1.69],[1515427200000,1.71],[1515513600000,1.72],[1515600000000,1.73],[1515686400000,1.74],[1515945600000,1.77],[1516032000000,1.79],[1516118400000,1.80],[1516204800000,1.81],[1516291200000,1.82],[1516550400000,1.86],[1516636800000,1.87],[1516723200000,1.88],[1516809600000,1.89],[1516896000000,1.90],[1517155200000,1.94],[1517241600000,1.95],[1517328000000,1.96],[1517414400000,1.97],[1517500800000,1.98],[1517760000000,2.02],[1517846400000,2.03]]},{"name":"沪深300","data":[[1502035200000,0],[1502121600000,0.15],[1502208000000,0.11],[1502294400000,-0.29],[1502380800000,-2.13],[1502640000000,-0.86],[1502726400000,-0.56],[1502812800000,-0.68],[1502899200000,-0.15],[1502985600000,-0.06],[1503244800000,0.38],[1503331200000,0.68],[1503417600000,0.79],[1503504000000,0.21],[1503590400000,1.85],[1503849600000,3.11],[1503936000000,2.89],[1504022400000,2.88],[1504108800000,2.56],[1504195200000,2.78],[1504454400000,3.19],[1504540800000,3.50],[1504627200000,3.29],[1504713600000,2.77],[1504800000000,2.66],[1505059200000,2.65],[1505145600000,2.98],[1505232000000,3.11],[1505318400000,2.77],[1505404800000,2.80],[1505664000000,3.12],[1505750400000,2.83],[1505836800000,3.10],[1505923200000,2.98],[1506009600000,2.98],[1506268800000,2.44],[1506355200000,2.52],[1506441600000,2.53],[1506528000000,2.57],[1506614400000,2.94],[1507478400000,4.17],[1507564800000,4.38],[1507651200000,4.72],[1507737600000,5.00],[1507824000000,5.21],[1508083200000,5.01],[1508169600000,5.00],[1508256000000,5.83],[1508342400000,5.49],[1508428800000,5.37],[1508688000000,5.47],[1508774400000,6.24],[1508860800000,6.71],[1508947200000,7.16],[1509033600000,7.92],[1509292800000,7.59],[1509379200000,7.51],[1509465600000,7.24],[1509552000000,7.25],[1509638400000,7.13],[1509897600000,7.89],[1509984000000,8.79],[1510070400000,8.62],[1510156800000,9.37],[1510243200000,10.33],[1510502400000,10.77],[1510588800000,10.00],[1510675200000,9.31],[1510761600000,10.15],[1510848000000,10.57],[1511107200000,11.19],[1511193600000,13.17],[1511280000000,13.44],[1511366400000,10.08],[1511452800000,10.13],[1511712000000,8.67],[1511798400000,8.83],[1511884800000,8.77],[1511971200000,7.49],[1512057600000,7.28],[1512316800000,7.84],[1512403200000,8.41],[1512489600000,7.76],[1512576000000,6.55],[1512662400000,7.42],[1512921600000,9.20],[1513008000000,7.76],[1513094400000,8.67],[1513180800000,8.03],[1513267200000,6.82],[1513526400000,6.94],[1513612800000,8.28],[1513699200000,8.15],[1513785600000,9.15],[1513872000000,8.80],[1514131200000,8.45],[1514217600000,8.77],[1514304000000,7.09],[1514390400000,7.84],[1514476800000,8.16],[1514822400000,9.68],[1514908800000,10.32],[1514995200000,10.79],[1515081600000,11.05],[1515340800000,11.63],[1515427200000,12.41],[1515513600000,12.91],[1515600000000,12.85],[1515686400000,13.37],[1515945600000,13.37],[1516032000000,14.27],[1516118400000,13.99],[1516204800000,14.61],[1516291200000,14.99],[1516550400000,16.36],[1516636800000,17.60],[1516723200000,17.79],[1516809600000,17.13],[1516896000000,17.56],[1517155200000,15.43],[1517241600000,14.20],[1517328000000,14.73],[1517414400000,13.93],[1517500800000,14.61],[1517760000000,14.69],[1517846400000,11.33]]}];
/*同类排名*/
var Data_rateInSimilarType = [{"x":1446998400000,"y":333,"sc":"348"},{"x":1447084800000,"y":332,"sc":"350"},{"x":1447171200000,"y":332,"sc":"348"},{"x":1447257600000,"y":332,"sc":"348"},{"x":1447344000000,"y":332,"sc":"350"},{"x":1447603200000,"y":332,"sc":"350"},{"x":1447689600000,"y":332,"sc":"350"},{"x":1447776000000,"y":331,"sc":"350"},{"x":1447862400000,"y":331,"sc":"352"},{"x":1447948800000,"y":329,"sc":"350"},{"x":1448208000000,"y":331,"sc":"353"},{"x":1448294400000,"y":331,"sc":"353"},{"x":1448380800000,"y":330,"sc":"351"},{"x":1448467200000,"y":329,"sc":"351"},{"x":1448553600000,"y":326,"sc":"353"},{"x":1448812800000,"y":324,"sc":"353"},{"x":1448899200000,"y":323,"sc":"353"},{"x":1448985600000,"y":323,"sc":"351"},{"x":1449072000000,"y":324,"sc":"351"},{"x":1449158400000,"y":322,"sc":"353"},{"x":1449417600000,"y":319,"sc":"353"},{"x":1449504000000,"y":317,"sc":"353"},{"x":1449590400000,"y":312,"sc":"353"},{"x":1449676800000,"y":311,"sc":"353"},{"x":1449763200000,"y":311,"sc":"353"},{"x":1450022400000,"y":305,"sc":"352"},{"x":1450108800000,"y":301,"sc":"352"},{"x":1450195200000,"y":299,"sc":"352"},{"x":1450281600000,"y":295,"sc":"352"},{"x":1450368000000,"y":296,"sc":"351"},{"x":1450627200000,"y":278,"sc":"351"},{"x":1450713600000,"y":279,"sc":"351"},{"x":1450800000000,"y":273,"sc":"351"},{"x":1450886400000,"y":267,"sc":"351"},{"x":1450972800000,"y":266,"sc":"352"},{"x":1451232000000,"y":241,"sc":"354"},{"x":1451318400000,"y":241,"sc":"354"},{"x":1451404800000,"y":239,"sc":"356"},{"x":1451491200000,"y":240,"sc":"356"},{"x":1451836800000,"y":226,"sc":"356"},{"x":1451923200000,"y":226,"sc":"356"},{"x":1452009600000,"y":223,"sc":"356"},{"x":1452096000000,"y":236,"sc":"356"},{"x":1452182400000,"y":225,"sc":"356"},{"x":1452441600000,"y":210,"sc":"356"},{"x":1452528000000,"y":204,"sc":"356"},{"x":1452614400000,"y":204,"sc":"356"},{"x":1452700800000,"y":200,"sc":"356"},{"x":1452787200000,"y":198,"sc":"356"},{"x":1453046400000,"y":173,"sc":"356"},{"x":1453132800000,"y":168,"sc":"356"},{"x":1453219200000,"y":169,"sc":"356"},{"x":1453305600000,"y":165,"sc":"357"},{"x":1453392000000,"y":167,"sc":"358"},{"x":1453651200000,"y":164,"sc":"360"},{"x":1453737600000,"y":173,"sc":"360"},{"x":1453824000000,"y":183,"sc":"360"},{"x":1453910400000,"y":215,"sc":"360"},{"x":1453996800000,"y":206,"sc":"360"},{"x":1454256000000,"y":209,"sc":"360"},{"x":1454342400000,"y":210,"sc":"360"},{"x":1454428800000,"y":208,"sc":"360"},{"x":1454515200000,"y":207,"sc":"365"},{"x":1454601600000,"y":205,"sc":"366"},{"x":1455465600000,"y":190,"sc":"369"},{"x":1455552000000,"y":191,"sc":"369"},{"x":1455638400000,"y":191,"sc":"369"},{"x":1455724800000,"y":194,"sc":"369"},{"x":1455811200000,"y":204,"sc":"369"},{"x":1456070400000,"y":214,"sc":"369"},{"x":1456156800000,"y":212,"sc":"370"},{"x":1456243200000,"y":217,"sc":"373"},{"x":1456329600000,"y":215,"sc":"373"},{"x":1456416000000,"y":222,"sc":"375"},{"x":1456675200000,"y":242,"sc":"375"},{"x":1456761600000,"y":252,"sc":"376"},{"x":1456848000000,"y":250,"sc":"376"},{"x":1456934400000,"y":254,"sc":"376"},{"x":1457020800000,"y":256,"sc":"376"},{"x":1457280000000,"y":252,"sc":"376"},{"x":1457366400000,"y":236,"sc":"380"},{"x":1457452800000,"y":241,"sc":"380"},{"x":1457539200000,"y":240,"sc":"380"},{"x":1457625600000,"y":242,"sc":"381"},{"x":1457884800000,"y":248,"sc":"381"},{"x":1457971200000,"y":246,"sc":"380"},{"x":1458057600000,"y":245,"sc":"382"},{"x":1458144000000,"y":247,"sc":"383"},{"x":1458230400000,"y":247,"sc":"383"},{"x":1458489600000,"y":252,"sc":"383"},{"x":1458576000000,"y":251,"sc":"385"},{"x":1458662400000,"y":254,"sc":"385"},{"x":1458748800000,"y":257,"sc":"385"},{"x":1458835200000,"y":254,"sc":"391"},{"x":1459094400000,"y":256,"sc":"391"},{"x":1459180800000,"y":252,"sc":"391"},{"x":1459267200000,"y":254,"sc":"391"},{"x":1459353600000,"y":253,"sc":"392"},{"x":1459440000000,"y":247,"sc":"392"},{"x":1459785600000,"y":251,"sc":"392"},{"x":1459872000000,"y":255,"sc":"392"},{"x":1459958400000,"y":252,"sc":"392"},{"x":1460044800000,"y":240,"sc":"392"},{"x":1460304000000,"y":241,"sc":"394"},{"x":1460390400000,"y":240,"sc":"394"},{"x":1460476800000,"y":240,"sc":"394"},{"x":1460563200000,"y":238,"sc":"394"},{"x":1460649600000,"y":237,"sc":"394"},{"x":1460908800000,"y":230,"sc":"394"},{"x":1460995200000,"y":227,"sc":"394"},{"x":1461081600000,"y":227,"sc":"394"},{"x":1461168000000,"y":227,"sc":"394"},{"x":1461254400000,"y":222,"sc":"394"},{"x":1461513600000,"y":228,"sc":"394"},{"x":1461600000000,"y":224,"sc":"394"},{"x":1461686400000,"y":228,"sc":"394"},{"x":1461772800000,"y":226,"sc":"394"},{"x":1461859200000,"y":240,"sc":"394"},{"x":1462204800000,"y":239,"sc":"394"},{"x":1462291200000,"y":244,"sc":"394"},{"x":1462377600000,"y":245,"sc":"400"},{"x":1462464000000,"y":247,"sc":"400"},{"x":1462723200000,"y":248,"sc":"400"},{"x":1462809600000,"y":105,"sc":"400"},{"x":1462896000000,"y":115,"sc":"400"},{"x":1462982400000,"y":122,"sc":"400"},{"x":1463068800000,"y":73,"sc":"400"},{"x":1463328000000,"y":103,"sc":"400"},{"x":1463414400000,"y":67,"sc":"400"},{"x":1463500800000,"y":67,"sc":"400"},{"x":1463587200000,"y":70,"sc":"400"},{"x":1463673600000,"y":71,"sc":"400"},{"x":1463932800000,"y":76,"sc":"400"},{"x":1464019200000,"y":74,"sc":"400"},{"x":1464105600000,"y":75,"sc":"400"},{"x":1464192000000,"y":76,"sc":"400"},{"x":1464278400000,"y":76,"sc":"400"},{"x":1464537600000,"y":84,"sc":"400"},{"x":1464624000000,"y":65,"sc":"400"},{"x":1464710400000,"y":64,"sc":"400"},{"x":1464796800000,"y":65,"sc":"400"},{"x":1464883200000,"y":64,"sc":"400"},{"x":1465142400000,"y":71,"sc":"402"},{"x":1465228800000,"y":71,"sc":"402"},{"x":1465315200000,"y":92,"sc":"402"},{"x":1465747200000,"y":110,"sc":"402"},{"x":1465833600000,"y":113,"sc":"402"},{"x":1465920000000,"y":115,"sc":"403"},{"x":1466006400000,"y":119,"sc":"403"},{"x":1466092800000,"y":122,"sc":"403"},{"x":1466352000000,"y":68,"sc":"403"},{"x":1466438400000,"y":69,"sc":"404"},{"x":1466524800000,"y":73,"sc":"404"},{"x":1466611200000,"y":68,"sc":"404"},{"x":1466697600000,"y":74,"sc":"404"},{"x":1466956800000,"y":76,"sc":"404"},{"x":1467043200000,"y":80,"sc":"404"},{"x":1467129600000,"y":85,"sc":"404"},{"x":1467216000000,"y":84,"sc":"404"},{"x":1467302400000,"y":92,"sc":"404"},{"x":1467561600000,"y":74,"sc":"404"},{"x":1467648000000,"y":75,"sc":"404"},{"x":1467734400000,"y":81,"sc":"404"},{"x":1467820800000,"y":87,"sc":"404"},{"x":1467907200000,"y":118,"sc":"404"},{"x":1468166400000,"y":72,"sc":"404"},{"x":1468252800000,"y":74,"sc":"404"},{"x":1468339200000,"y":78,"sc":"404"},{"x":1468425600000,"y":82,"sc":"404"},{"x":1468512000000,"y":84,"sc":"404"},{"x":1468771200000,"y":155,"sc":"404"},{"x":1468857600000,"y":155,"sc":"404"},{"x":1468944000000,"y":155,"sc":"405"},{"x":1469030400000,"y":139,"sc":"405"},{"x":1469116800000,"y":148,"sc":"405"},{"x":1469376000000,"y":91,"sc":"405"},{"x":1469462400000,"y":93,"sc":"405"},{"x":1469548800000,"y":89,"sc":"405"},{"x":1469635200000,"y":91,"sc":"407"},{"x":1469721600000,"y":91,"sc":"407"},{"x":1469980800000,"y":82,"sc":"407"},{"x":1470067200000,"y":21,"sc":"407"},{"x":1470153600000,"y":17,"sc":"407"},{"x":1470240000000,"y":17,"sc":"409"},{"x":1470326400000,"y":15,"sc":"409"},{"x":1470585600000,"y":15,"sc":"412"},{"x":1470672000000,"y":14,"sc":"413"},{"x":1470758400000,"y":80,"sc":"413"},{"x":1470844800000,"y":74,"sc":"413"},{"x":1470931200000,"y":72,"sc":"413"},{"x":1471190400000,"y":131,"sc":"413"},{"x":1471276800000,"y":123,"sc":"413"},{"x":1471363200000,"y":203,"sc":"414"},{"x":1471449600000,"y":199,"sc":"415"},{"x":1471536000000,"y":174,"sc":"415"},{"x":1471795200000,"y":164,"sc":"416"},{"x":1471881600000,"y":158,"sc":"416"},{"x":1471968000000,"y":116,"sc":"416"},{"x":1472054400000,"y":113,"sc":"416"},{"x":1472140800000,"y":111,"sc":"416"},{"x":1472400000000,"y":105,"sc":"416"},{"x":1472486400000,"y":100,"sc":"416"},{"x":1472572800000,"y":132,"sc":"416"},{"x":1472659200000,"y":128,"sc":"416"},{"x":1472745600000,"y":129,"sc":"417"},{"x":1473004800000,"y":120,"sc":"421"},{"x":1473091200000,"y":117,"sc":"421"},{"x":1473177600000,"y":96,"sc":"421"},{"x":1473264000000,"y":96,"sc":"423"},{"x":1473350400000,"y":95,"sc":"424"},{"x":1473609600000,"y":93,"sc":"424"},{"x":1473696000000,"y":89,"sc":"424"},{"x":1473782400000,"y":91,"sc":"424"},{"x":1474214400000,"y":76,"sc":"424"},{"x":1474300800000,"y":121,"sc":"424"},{"x":1474387200000,"y":120,"sc":"424"},{"x":1474473600000,"y":116,"sc":"427"},{"x":1474560000000,"y":124,"sc":"427"},{"x":1474819200000,"y":112,"sc":"430"},{"x":1474905600000,"y":113,"sc":"430"},{"x":1474992000000,"y":112,"sc":"430"},{"x":1475078400000,"y":105,"sc":"432"},{"x":1475164800000,"y":102,"sc":"432"},{"x":1476028800000,"y":83,"sc":"434"},{"x":1476115200000,"y":141,"sc":"434"},{"x":1476201600000,"y":121,"sc":"435"},{"x":1476288000000,"y":113,"sc":"437"},{"x":1476374400000,"y":109,"sc":"435"},{"x":1476633600000,"y":90,"sc":"436"},{"x":1476720000000,"y":92,"sc":"438"},{"x":1476806400000,"y":90,"sc":"437"},{"x":1476892800000,"y":84,"sc":"437"},{"x":1476979200000,"y":90,"sc":"437"},{"x":1477238400000,"y":87,"sc":"440"},{"x":1477324800000,"y":147,"sc":"440"},{"x":1477411200000,"y":142,"sc":"441"},{"x":1477497600000,"y":136,"sc":"441"},{"x":1477584000000,"y":131,"sc":"445"},{"x":1477843200000,"y":119,"sc":"447"},{"x":1477929600000,"y":89,"sc":"447"},{"x":1478016000000,"y":212,"sc":"447"},{"x":1478102400000,"y":181,"sc":"447"},{"x":1478188800000,"y":181,"sc":"448"},{"x":1478448000000,"y":184,"sc":"450"},{"x":1478534400000,"y":177,"sc":"450"},{"x":1478620800000,"y":176,"sc":"450"},{"x":1478707200000,"y":172,"sc":"450"},{"x":1478793600000,"y":167,"sc":"450"},{"x":1479052800000,"y":163,"sc":"450"},{"x":1479139200000,"y":158,"sc":"450"},{"x":1479225600000,"y":157,"sc":"450"},{"x":1479312000000,"y":153,"sc":"450"},{"x":1479398400000,"y":149,"sc":"450"},{"x":1479657600000,"y":171,"sc":"451"},{"x":1479744000000,"y":165,"sc":"451"},{"x":1479830400000,"y":157,"sc":"451"},{"x":1479916800000,"y":195,"sc":"451"},{"x":1480003200000,"y":190,"sc":"451"},{"x":1480262400000,"y":176,"sc":"451"},{"x":1480348800000,"y":168,"sc":"452"},{"x":1480435200000,"y":165,"sc":"452"},{"x":1480521600000,"y":155,"sc":"452"},{"x":1480608000000,"y":149,"sc":"455"},{"x":1480867200000,"y":146,"sc":"455"},{"x":1480953600000,"y":138,"sc":"455"},{"x":1481040000000,"y":147,"sc":"455"},{"x":1481126400000,"y":143,"sc":"455"},{"x":1481212800000,"y":134,"sc":"456"},{"x":1481472000000,"y":103,"sc":"457"},{"x":1481558400000,"y":99,"sc":"458"},{"x":1481644800000,"y":93,"sc":"458"},{"x":1481731200000,"y":85,"sc":"458"},{"x":1481817600000,"y":76,"sc":"458"},{"x":1482076800000,"y":65,"sc":"458"},{"x":1482163200000,"y":68,"sc":"458"},{"x":1482249600000,"y":63,"sc":"458"},{"x":1482336000000,"y":55,"sc":"459"},{"x":1482422400000,"y":54,"sc":"463"},{"x":1482681600000,"y":45,"sc":"464"},{"x":1482768000000,"y":39,"sc":"464"},{"x":1482854400000,"y":37,"sc":"466"},{"x":1482940800000,"y":30,"sc":"466"},{"x":1483027200000,"y":31,"sc":"469"},{"x":1483372800000,"y":20,"sc":"469"},{"x":1483459200000,"y":20,"sc":"468"},{"x":1483545600000,"y":20,"sc":"469"},{"x":1483632000000,"y":20,"sc":"469"},{"x":1483891200000,"y":18,"sc":"469"},{"x":1483977600000,"y":18,"sc":"469"},{"x":1484064000000,"y":20,"sc":"469"},{"x":1484150400000,"y":20,"sc":"469"},{"x":1484236800000,"y":20,"sc":"469"},{"x":1484496000000,"y":20,"sc":"472"},{"x":1484582400000,"y":17,"sc":"474"},{"x":1484668800000,"y":16,"sc":"476"},{"x":1484755200000,"y":14,"sc":"476"},{"x":1484841600000,"y":16,"sc":"476"},{"x":1485100800000,"y":15,"sc":"481"},{"x":1485187200000,"y":16,"sc":"482"},{"x":1485273600000,"y":16,"sc":"484"},{"x":1485360000000,"y":17,"sc":"485"},{"x":1486051200000,"y":29,"sc":"489"},{"x":1486310400000,"y":26,"sc":"491"},{"x":1486396800000,"y":31,"sc":"491"},{"x":1486483200000,"y":31,"sc":"491"},{"x":1486569600000,"y":30,"sc":"491"},{"x":1486656000000,"y":30,"sc":"494"},{"x":1486915200000,"y":27,"sc":"496"},{"x":1487001600000,"y":25,"sc":"496"},{"x":1487088000000,"y":22,"sc":"496"},{"x":1487174400000,"y":22,"sc":"496"},{"x":1487260800000,"y":21,"sc":"496"},{"x":1487520000000,"y":21,"sc":"496"},{"x":1487606400000,"y":21,"sc":"496"},{"x":1487692800000,"y":20,"sc":"496"},{"x":1487779200000,"y":20,"sc":"498"},{"x":1487865600000,"y":20,"sc":"500"},{"x":1488124800000,"y":21,"sc":"503"},{"x":1488211200000,"y":21,"sc":"503"},{"x":1488297600000,"y":22,"sc":"503"},{"x":1488384000000,"y":22,"sc":"511"},{"x":1488470400000,"y":21,"sc":"511"},{"x":1488729600000,"y":20,"sc":"513"},{"x":1488816000000,"y":20,"sc":"515"},{"x":1488902400000,"y":20,"sc":"516"},{"x":1488988800000,"y":20,"sc":"518"},{"x":1489075200000,"y":18,"sc":"518"},{"x":1489334400000,"y":21,"sc":"518"},{"x":1489420800000,"y":21,"sc":"518"},{"x":1489507200000,"y":22,"sc":"518"},{"x":1489593600000,"y":22,"sc":"520"},{"x":1489680000000,"y":22,"sc":"520"},{"x":1489939200000,"y":23,"sc":"522"},{"x":1490025600000,"y":20,"sc":"522"},{"x":1490112000000,"y":20,"sc":"524"},{"x":1490198400000,"y":22,"sc":"530"},{"x":1490284800000,"y":22,"sc":"530"},{"x":1490544000000,"y":26,"sc":"534"},{"x":1490630400000,"y":26,"sc":"535"},{"x":1490716800000,"y":25,"sc":"535"},{"x":1490803200000,"y":27,"sc":"538"},{"x":1490889600000,"y":30,"sc":"538"},{"x":1491321600000,"y":38,"sc":"538"},{"x":1491408000000,"y":40,"sc":"540"},{"x":1491494400000,"y":36,"sc":"540"},{"x":1491753600000,"y":43,"sc":"540"},{"x":1491840000000,"y":43,"sc":"540"},{"x":1491926400000,"y":42,"sc":"540"},{"x":1492012800000,"y":42,"sc":"541"},{"x":1492099200000,"y":41,"sc":"541"},{"x":1492358400000,"y":46,"sc":"543"},{"x":1492444800000,"y":44,"sc":"543"},{"x":1492531200000,"y":45,"sc":"543"},{"x":1492617600000,"y":45,"sc":"545"},{"x":1492704000000,"y":42,"sc":"545"},{"x":1492963200000,"y":41,"sc":"545"},{"x":1493049600000,"y":40,"sc":"547"},{"x":1493136000000,"y":40,"sc":"549"},{"x":1493222400000,"y":38,"sc":"549"},{"x":1493308800000,"y":36,"sc":"549"},{"x":1493654400000,"y":39,"sc":"549"},{"x":1493740800000,"y":40,"sc":"550"},{"x":1493827200000,"y":35,"sc":"550"},{"x":1493913600000,"y":42,"sc":"550"},{"x":1494172800000,"y":43,"sc":"550"},{"x":1494259200000,"y":43,"sc":"550"},{"x":1494345600000,"y":42,"sc":"550"},{"x":1494432000000,"y":39,"sc":"550"},{"x":1494518400000,"y":43,"sc":"550"},{"x":1494777600000,"y":42,"sc":"554"},{"x":1494864000000,"y":42,"sc":"556"},{"x":1494950400000,"y":47,"sc":"560"},{"x":1495036800000,"y":42,"sc":"560"},{"x":1495123200000,"y":50,"sc":"560"},{"x":1495382400000,"y":50,"sc":"560"},{"x":1495468800000,"y":51,"sc":"562"},{"x":1495555200000,"y":51,"sc":"564"},{"x":1495641600000,"y":49,"sc":"564"},{"x":1495728000000,"y":54,"sc":"564"},{"x":1496160000000,"y":54,"sc":"564"},{"x":1496246400000,"y":53,"sc":"564"},{"x":1496332800000,"y":55,"sc":"564"},{"x":1496592000000,"y":54,"sc":"566"},{"x":1496678400000,"y":54,"sc":"566"},{"x":1496764800000,"y":55,"sc":"566"},{"x":1496851200000,"y":58,"sc":"566"},{"x":1496937600000,"y":58,"sc":"566"},{"x":1497196800000,"y":63,"sc":"574"},{"x":1497283200000,"y":63,"sc":"574"},{"x":1497369600000,"y":63,"sc":"575"},{"x":1497456000000,"y":66,"sc":"575"},{"x":1497542400000,"y":67,"sc":"575"},{"x":1497801600000,"y":70,"sc":"577"},{"x":1497888000000,"y":73,"sc":"577"},{"x":1497974400000,"y":73,"sc":"575"},{"x":1498060800000,"y":72,"sc":"575"},{"x":1498147200000,"y":73,"sc":"576"},{"x":1498406400000,"y":73,"sc":"579"},{"x":1498492800000,"y":73,"sc":"579"},{"x":1498579200000,"y":75,"sc":"579"},{"x":1498665600000,"y":74,"sc":"579"},{"x":1498752000000,"y":76,"sc":"582"},{"x":1499011200000,"y":62,"sc":"582"},{"x":1499097600000,"y":74,"sc":"582"},{"x":1499184000000,"y":77,"sc":"583"},{"x":1499270400000,"y":76,"sc":"583"},{"x":1499356800000,"y":73,"sc":"583"},{"x":1499616000000,"y":72,"sc":"583"},{"x":1499702400000,"y":72,"sc":"583"},{"x":1499788800000,"y":72,"sc":"583"},{"x":1499875200000,"y":72,"sc":"583"},{"x":1499961600000,"y":71,"sc":"586"},{"x":1500220800000,"y":68,"sc":"586"},{"x":1500307200000,"y":68,"sc":"586"},{"x":1500393600000,"y":68,"sc":"589"},{"x":1500480000000,"y":66,"sc":"589"},{"x":1500566400000,"y":68,"sc":"593"},{"x":1500825600000,"y":71,"sc":"593"},{"x":1500912000000,"y":72,"sc":"593"},{"x":1500998400000,"y":71,"sc":"594"},{"x":1501084800000,"y":72,"sc":"594"},{"x":1501171200000,"y":73,"sc":"594"},{"x":1501430400000,"y":61,"sc":"594"},{"x":1501516800000,"y":71,"sc":"594"},{"x":1501603200000,"y":69,"sc":"594"},{"x":1501689600000,"y":69,"sc":"594"},{"x":1501776000000,"y":69,"sc":"594"},{"x":1502035200000,"y":67,"sc":"596"},{"x":1502121600000,"y":68,"sc":"596"},{"x":1502208000000,"y":69,"sc":"596"},{"x":1502294400000,"y":68,"sc":"596"},{"x":1502380800000,"y":68,"sc":"596"},{"x":1502640000000,"y":66,"sc":"596"},{"x":1502726400000,"y":66,"sc":"596"},{"x":1502812800000,"y":66,"sc":"596"},{"x":1502899200000,"y":68,"sc":"596"},{"x":1502985600000,"y":68,"sc":"596"},{"x":1503244800000,"y":68,"sc":"597"},{"x":1503331200000,"y":67,"sc":"597"},{"x":1503417600000,"y":66,"sc":"597"},{"x":1503504000000,"y":66,"sc":"596"},{"x":1503590400000,"y":65,"sc":"596"},{"x":1503849600000,"y":55,"sc":"600"},{"x":1503936000000,"y":52,"sc":"600"},{"x":1504022400000,"y":65,"sc":"600"},{"x":1504108800000,"y":61,"sc":"601"},{"x":1504195200000,"y":62,"sc":"601"},{"x":1504454400000,"y":59,"sc":"601"},{"x":1504540800000,"y":57,"sc":"601"},{"x":1504627200000,"y":59,"sc":"601"},{"x":1504713600000,"y":56,"sc":"601"},{"x":1504800000000,"y":54,"sc":"601"},{"x":1505059200000,"y":51,"sc":"603"},{"x":1505145600000,"y":51,"sc":"603"},{"x":1505232000000,"y":48,"sc":"603"},{"x":1505318400000,"y":49,"sc":"605"},{"x":1505404800000,"y":48,"sc":"605"},{"x":1505664000000,"y":46,"sc":"606"},{"x":1505750400000,"y":46,"sc":"606"},{"x":1505836800000,"y":43,"sc":"603"},{"x":1505923200000,"y":42,"sc":"603"},{"x":1506009600000,"y":41,"sc":"603"},{"x":1506268800000,"y":44,"sc":"603"},{"x":1506355200000,"y":42,"sc":"603"},{"x":1506441600000,"y":40,"sc":"604"},{"x":1506528000000,"y":40,"sc":"604"},{"x":1506614400000,"y":41,"sc":"606"},{"x":1507478400000,"y":33,"sc":"606"},{"x":1507564800000,"y":32,"sc":"607"},{"x":1507651200000,"y":31,"sc":"607"},{"x":1507737600000,"y":30,"sc":"611"},{"x":1507824000000,"y":28,"sc":"611"},{"x":1508083200000,"y":27,"sc":"612"},{"x":1508169600000,"y":28,"sc":"612"},{"x":1508256000000,"y":27,"sc":"611"},{"x":1508342400000,"y":25,"sc":"611"},{"x":1508428800000,"y":25,"sc":"611"},{"x":1508688000000,"y":26,"sc":"606"},{"x":1508774400000,"y":25,"sc":"606"},{"x":1508860800000,"y":25,"sc":"607"},{"x":1508947200000,"y":25,"sc":"607"},{"x":1509033600000,"y":25,"sc":"607"},{"x":1509292800000,"y":25,"sc":"609"},{"x":1509379200000,"y":26,"sc":"610"},{"x":1509465600000,"y":27,"sc":"610"},{"x":1509552000000,"y":26,"sc":"613"},{"x":1509638400000,"y":26,"sc":"617"},{"x":1509897600000,"y":26,"sc":"621"},{"x":1509984000000,"y":26,"sc":"621"},{"x":1510070400000,"y":26,"sc":"621"},{"x":1510156800000,"y":25,"sc":"623"},{"x":1510243200000,"y":25,"sc":"623"},{"x":1510502400000,"y":27,"sc":"633"},{"x":1510588800000,"y":26,"sc":"635"},{"x":1510675200000,"y":28,"sc":"635"},{"x":1510761600000,"y":28,"sc":"635"},{"x":1510848000000,"y":29,"sc":"636"},{"x":1511107200000,"y":29,"sc":"636"},{"x":1511193600000,"y":25,"sc":"636"},{"x":1511280000000,"y":25,"sc":"636"},{"x":1511366400000,"y":24,"sc":"636"},{"x":1511452800000,"y":25,"sc":"637"},{"x":1511712000000,"y":26,"sc":"640"},{"x":1511798400000,"y":24,"sc":"640"},{"x":1511884800000,"y":23,"sc":"640"},{"x":1511971200000,"y":25,"sc":"641"},{"x":1512057600000,"y":26,"sc":"643"},{"x":1512316800000,"y":26,"sc":"643"},{"x":1512403200000,"y":26,"sc":"643"},{"x":1512489600000,"y":27,"sc":"643"},{"x":1512576000000,"y":26,"sc":"644"},{"x":1512662400000,"y":27,"sc":"652"},{"x":1512921600000,"y":29,"sc":"652"},{"x":1513008000000,"y":29,"sc":"653"},{"x":1513094400000,"y":28,"sc":"653"},{"x":1513180800000,"y":28,"sc":"654"},{"x":1513267200000,"y":27,"sc":"656"},{"x":1513526400000,"y":28,"sc":"656"},{"x":1513612800000,"y":26,"sc":"656"},{"x":1513699200000,"y":25,"sc":"656"},{"x":1513785600000,"y":25,"sc":"655"},{"x":1513872000000,"y":25,"sc":"655"},{"x":1514131200000,"y":27,"sc":"655"},{"x":1514217600000,"y":27,"sc":"655"},{"x":1514304000000,"y":28,"sc":"654"},{"x":1514390400000,"y":34,"sc":"655"},{"x":1514476800000,"y":39,"sc":"655"},{"x":1514822400000,"y":46,"sc":"655"},{"x":1514908800000,"y":48,"sc":"655"},{"x":1514995200000,"y":46,"sc":"655"},{"x":1515081600000,"y":46,"sc":"655"},{"x":1515340800000,"y":68,"sc":"655"},{"x":1515427200000,"y":68,"sc":"655"},{"x":1515513600000,"y":71,"sc":"656"},{"x":1515600000000,"y":72,"sc":"657"},{"x":1515686400000,"y":71,"sc":"657"},{"x":1515945600000,"y":74,"sc":"657"},{"x":1516032000000,"y":76,"sc":"657"},{"x":1516118400000,"y":74,"sc":"657"},{"x":1516204800000,"y":76,"sc":"657"},{"x":1516291200000,"y":75,"sc":"657"},{"x":1516550400000,"y":79,"sc":"657"},{"x":1516636800000,"y":83,"sc":"657"},{"x":1516723200000,"y":83,"sc":"657"},{"x":1516809600000,"y":81,"sc":"657"},{"x":1516896000000,"y":80,"sc":"655"},{"x":1517155200000,"y":77,"sc":"656"},{"x":1517241600000,"y":78,"sc":"656"},{"x":1517328000000,"y":79,"sc":"656"},{"x":1517414400000,"y":79,"sc":"656"},{"x":1517500800000,"y":79,"sc":"656"},{"x":1517760000000,"y":83,"sc":"656"},{"x":1517846400000,"y":84,"sc":"656"}];
/*百分比排名*/
var Data_rateInSimilarPersent = [[1446998400000,4.3100],[1447084800000,5.1400],[1447171200000,4.6000],[1447257600000,4.6000],[1447344000000,5.1400],[1447603200000,5.1400],[1447689600000,5.1400],[1447776000000,5.4300],[1447862400000,5.9700],[1447948800000,6.00],[1448208000000,6.2300],[1448294400000,6.2300],[1448380800000,5.9800],[1448467200000,6.2700],[1448553600000,7.6500],[1448812800000,8.2200],[1448899200000,8.5000],[1448985600000,7.9800],[1449072000000,7.6900],[1449158400000,8.7800],[1449417600000,9.6300],[1449504000000,10.2000],[1449590400000,11.6100],[1449676800000,11.9000],[1449763200000,11.9000],[1450022400000,13.3500],[1450108800000,14.4900],[1450195200000,15.0600],[1450281600000,16.1900],[1450368000000,15.6700],[1450627200000,20.8000],[1450713600000,20.5100],[1450800000000,22.2200],[1450886400000,23.9300],[1450972800000,24.4300],[1451232000000,31.9200],[1451318400000,31.9200],[1451404800000,32.8700],[1451491200000,32.5800],[1451836800000,36.5200],[1451923200000,36.5200],[1452009600000,37.3600],[1452096000000,33.7100],[1452182400000,36.8000],[1452441600000,41.0100],[1452528000000,42.7000],[1452614400000,42.7000],[1452700800000,43.8200],[1452787200000,44.3800],[1453046400000,51.4000],[1453132800000,52.8100],[1453219200000,52.5300],[1453305600000,53.7800],[1453392000000,53.3500],[1453651200000,54.4400],[1453737600000,51.9400],[1453824000000,49.1700],[1453910400000,40.2800],[1453996800000,42.7800],[1454256000000,41.9400],[1454342400000,41.6700],[1454428800000,42.2200],[1454515200000,43.2900],[1454601600000,43.9900],[1455465600000,48.5100],[1455552000000,48.2400],[1455638400000,48.2400],[1455724800000,47.4300],[1455811200000,44.7200],[1456070400000,42.0100],[1456156800000,42.7000],[1456243200000,41.8200],[1456329600000,42.3600],[1456416000000,40.8000],[1456675200000,35.4700],[1456761600000,32.9800],[1456848000000,33.5100],[1456934400000,32.4500],[1457020800000,31.9100],[1457280000000,32.9800],[1457366400000,37.8900],[1457452800000,36.5800],[1457539200000,36.8400],[1457625600000,36.4800],[1457884800000,34.9100],[1457971200000,35.2600],[1458057600000,35.8600],[1458144000000,35.5100],[1458230400000,35.5100],[1458489600000,34.2000],[1458576000000,34.8100],[1458662400000,34.0300],[1458748800000,33.2500],[1458835200000,35.0400],[1459094400000,34.5300],[1459180800000,35.5500],[1459267200000,35.0400],[1459353600000,35.4600],[1459440000000,36.9900],[1459785600000,35.9700],[1459872000000,34.9500],[1459958400000,35.7100],[1460044800000,38.7800],[1460304000000,38.8300],[1460390400000,39.0900],[1460476800000,39.0900],[1460563200000,39.5900],[1460649600000,39.8500],[1460908800000,41.6200],[1460995200000,42.3900],[1461081600000,42.3900],[1461168000000,42.3900],[1461254400000,43.6500],[1461513600000,42.1300],[1461600000000,43.1500],[1461686400000,42.1300],[1461772800000,42.6400],[1461859200000,39.0900],[1462204800000,39.3400],[1462291200000,38.0700],[1462377600000,38.7500],[1462464000000,38.2500],[1462723200000,38.00],[1462809600000,73.7500],[1462896000000,71.2500],[1462982400000,69.5000],[1463068800000,81.7500],[1463328000000,74.2500],[1463414400000,83.2500],[1463500800000,83.2500],[1463587200000,82.5000],[1463673600000,82.2500],[1463932800000,81.00],[1464019200000,81.5000],[1464105600000,81.2500],[1464192000000,81.00],[1464278400000,81.00],[1464537600000,79.00],[1464624000000,83.7500],[1464710400000,84.00],[1464796800000,83.7500],[1464883200000,84.00],[1465142400000,82.3400],[1465228800000,82.3400],[1465315200000,77.1100],[1465747200000,72.6400],[1465833600000,71.8900],[1465920000000,71.4600],[1466006400000,70.4700],[1466092800000,69.7300],[1466352000000,83.1300],[1466438400000,82.9200],[1466524800000,81.9300],[1466611200000,83.1700],[1466697600000,81.6800],[1466956800000,81.1900],[1467043200000,80.2000],[1467129600000,78.9600],[1467216000000,79.2100],[1467302400000,77.2300],[1467561600000,81.6800],[1467648000000,81.4400],[1467734400000,79.9500],[1467820800000,78.4700],[1467907200000,70.7900],[1468166400000,82.1800],[1468252800000,81.6800],[1468339200000,80.6900],[1468425600000,79.7000],[1468512000000,79.2100],[1468771200000,61.6300],[1468857600000,61.6300],[1468944000000,61.7300],[1469030400000,65.6800],[1469116800000,63.4600],[1469376000000,77.5300],[1469462400000,77.0400],[1469548800000,78.0200],[1469635200000,77.6400],[1469721600000,77.6400],[1469980800000,79.8500],[1470067200000,94.8400],[1470153600000,95.8200],[1470240000000,95.8400],[1470326400000,96.3300],[1470585600000,96.3600],[1470672000000,96.6100],[1470758400000,80.6300],[1470844800000,82.0800],[1470931200000,82.5700],[1471190400000,68.2800],[1471276800000,70.2200],[1471363200000,50.9700],[1471449600000,52.0500],[1471536000000,58.0700],[1471795200000,60.5800],[1471881600000,62.0200],[1471968000000,72.1200],[1472054400000,72.8400],[1472140800000,73.3200],[1472400000000,74.7600],[1472486400000,75.9600],[1472572800000,68.2700],[1472659200000,69.2300],[1472745600000,69.0600],[1473004800000,71.5000],[1473091200000,72.2100],[1473177600000,77.2000],[1473264000000,77.3000],[1473350400000,77.5900],[1473609600000,78.0700],[1473696000000,79.0100],[1473782400000,78.5400],[1474214400000,82.0800],[1474300800000,71.4600],[1474387200000,71.7000],[1474473600000,72.8300],[1474560000000,70.9600],[1474819200000,73.9500],[1474905600000,73.7200],[1474992000000,73.9500],[1475078400000,75.6900],[1475164800000,76.3900],[1476028800000,80.8800],[1476115200000,67.5100],[1476201600000,72.1800],[1476288000000,74.1400],[1476374400000,74.9400],[1476633600000,79.3600],[1476720000000,79.00],[1476806400000,79.4100],[1476892800000,80.7800],[1476979200000,79.4100],[1477238400000,80.2300],[1477324800000,66.5900],[1477411200000,67.8000],[1477497600000,69.1600],[1477584000000,70.5600],[1477843200000,73.3800],[1477929600000,80.0900],[1478016000000,52.5700],[1478102400000,59.5100],[1478188800000,59.6000],[1478448000000,59.1100],[1478534400000,60.6700],[1478620800000,60.8900],[1478707200000,61.7800],[1478793600000,62.8900],[1479052800000,63.7800],[1479139200000,64.8900],[1479225600000,65.1100],[1479312000000,66.00],[1479398400000,66.8900],[1479657600000,62.0800],[1479744000000,63.4100],[1479830400000,65.1900],[1479916800000,56.7600],[1480003200000,57.8700],[1480262400000,60.9800],[1480348800000,62.8300],[1480435200000,63.5000],[1480521600000,65.7100],[1480608000000,67.2500],[1480867200000,67.9100],[1480953600000,69.6700],[1481040000000,67.6900],[1481126400000,68.5700],[1481212800000,70.6100],[1481472000000,77.4600],[1481558400000,78.3800],[1481644800000,79.6900],[1481731200000,81.4400],[1481817600000,83.4100],[1482076800000,85.8100],[1482163200000,85.1500],[1482249600000,86.2400],[1482336000000,88.0200],[1482422400000,88.3400],[1482681600000,90.3000],[1482768000000,91.5900],[1482854400000,92.0600],[1482940800000,93.5600],[1483027200000,93.3900],[1483372800000,95.7400],[1483459200000,95.7300],[1483545600000,95.7400],[1483632000000,95.7400],[1483891200000,96.1600],[1483977600000,96.1600],[1484064000000,95.7400],[1484150400000,95.7400],[1484236800000,95.7400],[1484496000000,95.7600],[1484582400000,96.4100],[1484668800000,96.6400],[1484755200000,97.0600],[1484841600000,96.6400],[1485100800000,96.8800],[1485187200000,96.6800],[1485273600000,96.6900],[1485360000000,96.4900],[1486051200000,94.0700],[1486310400000,94.7000],[1486396800000,93.6900],[1486483200000,93.6900],[1486569600000,93.8900],[1486656000000,93.9300],[1486915200000,94.5600],[1487001600000,94.9600],[1487088000000,95.5600],[1487174400000,95.5600],[1487260800000,95.7700],[1487520000000,95.7700],[1487606400000,95.7700],[1487692800000,95.9700],[1487779200000,95.9800],[1487865600000,96.00],[1488124800000,95.8300],[1488211200000,95.8300],[1488297600000,95.6300],[1488384000000,95.6900],[1488470400000,95.8900],[1488729600000,96.1000],[1488816000000,96.1200],[1488902400000,96.1200],[1488988800000,96.1400],[1489075200000,96.5300],[1489334400000,95.9500],[1489420800000,95.9500],[1489507200000,95.7500],[1489593600000,95.7700],[1489680000000,95.7700],[1489939200000,95.5900],[1490025600000,96.1700],[1490112000000,96.1800],[1490198400000,95.8500],[1490284800000,95.8500],[1490544000000,95.1300],[1490630400000,95.1400],[1490716800000,95.3300],[1490803200000,94.9800],[1490889600000,94.4200],[1491321600000,92.9400],[1491408000000,92.5900],[1491494400000,93.3300],[1491753600000,92.0400],[1491840000000,92.0400],[1491926400000,92.2200],[1492012800000,92.2400],[1492099200000,92.4200],[1492358400000,91.5300],[1492444800000,91.9000],[1492531200000,91.7100],[1492617600000,91.7400],[1492704000000,92.2900],[1492963200000,92.4800],[1493049600000,92.6900],[1493136000000,92.7100],[1493222400000,93.0800],[1493308800000,93.4400],[1493654400000,92.9000],[1493740800000,92.7300],[1493827200000,93.6400],[1493913600000,92.3600],[1494172800000,92.1800],[1494259200000,92.1800],[1494345600000,92.3600],[1494432000000,92.9100],[1494518400000,92.1800],[1494777600000,92.4200],[1494864000000,92.4500],[1494950400000,91.6100],[1495036800000,92.5000],[1495123200000,91.0700],[1495382400000,91.0700],[1495468800000,90.9300],[1495555200000,90.9600],[1495641600000,91.3100],[1495728000000,90.4300],[1496160000000,90.4300],[1496246400000,90.6000],[1496332800000,90.2500],[1496592000000,90.4600],[1496678400000,90.4600],[1496764800000,90.2800],[1496851200000,89.7500],[1496937600000,89.7500],[1497196800000,89.0200],[1497283200000,89.0200],[1497369600000,89.0400],[1497456000000,88.5200],[1497542400000,88.3500],[1497801600000,87.8700],[1497888000000,87.3500],[1497974400000,87.3000],[1498060800000,87.4800],[1498147200000,87.3300],[1498406400000,87.3900],[1498492800000,87.3900],[1498579200000,87.0500],[1498665600000,87.2200],[1498752000000,86.9400],[1499011200000,89.3500],[1499097600000,87.2900],[1499184000000,86.7900],[1499270400000,86.9600],[1499356800000,87.4800],[1499616000000,87.6500],[1499702400000,87.6500],[1499788800000,87.6500],[1499875200000,87.6500],[1499961600000,87.8800],[1500220800000,88.4000],[1500307200000,88.4000],[1500393600000,88.4600],[1500480000000,88.7900],[1500566400000,88.5300],[1500825600000,88.0300],[1500912000000,87.8600],[1500998400000,88.0500],[1501084800000,87.8800],[1501171200000,87.7100],[1501430400000,89.7300],[1501516800000,88.0500],[1501603200000,88.3800],[1501689600000,88.3800],[1501776000000,88.3800],[1502035200000,88.7600],[1502121600000,88.5900],[1502208000000,88.4200],[1502294400000,88.5900],[1502380800000,88.5900],[1502640000000,88.9300],[1502726400000,88.9300],[1502812800000,88.9300],[1502899200000,88.5900],[1502985600000,88.5900],[1503244800000,88.6100],[1503331200000,88.7800],[1503417600000,88.9400],[1503504000000,88.9300],[1503590400000,89.0900],[1503849600000,90.8300],[1503936000000,91.3300],[1504022400000,89.1700],[1504108800000,89.8500],[1504195200000,89.6800],[1504454400000,90.1800],[1504540800000,90.5200],[1504627200000,90.1800],[1504713600000,90.6800],[1504800000000,91.0100],[1505059200000,91.5400],[1505145600000,91.5400],[1505232000000,92.0400],[1505318400000,91.9000],[1505404800000,92.0700],[1505664000000,92.4100],[1505750400000,92.4100],[1505836800000,92.8700],[1505923200000,93.0300],[1506009600000,93.2000],[1506268800000,92.7000],[1506355200000,93.0300],[1506441600000,93.3800],[1506528000000,93.3800],[1506614400000,93.2300],[1507478400000,94.5500],[1507564800000,94.7300],[1507651200000,94.8900],[1507737600000,95.0900],[1507824000000,95.4200],[1508083200000,95.5900],[1508169600000,95.4200],[1508256000000,95.5800],[1508342400000,95.9100],[1508428800000,95.9100],[1508688000000,95.7100],[1508774400000,95.8700],[1508860800000,95.8800],[1508947200000,95.8800],[1509033600000,95.8800],[1509292800000,95.8900],[1509379200000,95.7400],[1509465600000,95.5700],[1509552000000,95.7600],[1509638400000,95.7900],[1509897600000,95.8100],[1509984000000,95.8100],[1510070400000,95.8100],[1510156800000,95.9900],[1510243200000,95.9900],[1510502400000,95.7300],[1510588800000,95.9100],[1510675200000,95.5900],[1510761600000,95.5900],[1510848000000,95.4400],[1511107200000,95.4400],[1511193600000,96.0700],[1511280000000,96.0700],[1511366400000,96.2300],[1511452800000,96.0800],[1511712000000,95.9400],[1511798400000,96.2500],[1511884800000,96.4100],[1511971200000,96.1000],[1512057600000,95.9600],[1512316800000,95.9600],[1512403200000,95.9600],[1512489600000,95.8000],[1512576000000,95.9600],[1512662400000,95.8600],[1512921600000,95.5500],[1513008000000,95.5600],[1513094400000,95.7100],[1513180800000,95.7200],[1513267200000,95.8800],[1513526400000,95.7300],[1513612800000,96.0400],[1513699200000,96.1900],[1513785600000,96.1800],[1513872000000,96.1800],[1514131200000,95.8800],[1514217600000,95.8800],[1514304000000,95.7200],[1514390400000,94.8100],[1514476800000,94.0500],[1514822400000,92.9800],[1514908800000,92.6700],[1514995200000,92.9800],[1515081600000,92.9800],[1515340800000,89.6200],[1515427200000,89.6200],[1515513600000,89.1800],[1515600000000,89.0400],[1515686400000,89.1900],[1515945600000,88.7400],[1516032000000,88.4300],[1516118400000,88.7400],[1516204800000,88.4300],[1516291200000,88.5800],[1516550400000,87.9800],[1516636800000,87.3700],[1516723200000,87.3700],[1516809600000,87.6700],[1516896000000,87.7900],[1517155200000,88.2600],[1517241600000,88.1100],[1517328000000,87.9600],[1517414400000,87.9600],[1517500800000,87.9600],[1517760000000,87.3500],[1517846400000,87.2000]];
/*规模变动*/
var Data_fluctuationScale = {"categories":["2016-12-31","2017-03-31","2017-06-30","2017-09-30","2017-12-31"],"series":[{"y":51.14,"mom":"6652.20%"},{"y":56.58,"mom":"10.65%"},{"y":80.12,"mom":"41.60%"},{"y":108.09,"mom":"34.91%"},{"y":100.73,"mom":"-6.81%"}]};;
/*持有人结构*/
var Data_holderStructure = {"series":[{"name":"机构持有比例","data":[99.99,99.86,100.0,100.0]},{"name":"个人持有比例","data":[0.01,0.14,0.0,0.0]},{"name":"内部持有比例","data":[0.0,0.0,0.0,0.0]}],"categories":["2015-12-31","2016-06-30","2016-12-31","2017-06-30"]};
/*申购赎回*/
var Data_assetAllocation ={"series":[{"name":"期间申购","data":[35.70,53.24,56.29,70.41]},{"name":"期间赎回","data":[30.25,29.70,28.32,77.77]},{"name":"总份额","data":[56.58,80.12,108.09,100.73]}],"categories":["2017-03-31","2017-06-30","2017-09-30","2017-12-31"]};
/*现任基金经理*/
var Data_currentFundManager = [{"id":"30483498","pic":"https://pdf.dfcfw.com/pdf/H8_JPG30483498_1.jpg","name":"陈会荣","star":3,"workTime":"1年又185天","fundSize":"468.19亿(18只基金)","power":{"avr":"51.24","categories":["经验值","收益率","影响力","稳定性","管理规模"],"dsc":["反映基金经理从业年限和管理基金的经验","根据基金经理投资的阶段收益评分，反映\u003cbr\u003e基金经理投资的盈利能力","根据基金经理所管理基金的机构和个人投\u003cbr\u003e资者持有比例评分","反映基金经理投资收益的波动","根据基金经理现任管理基金资产规模评分"],"data":[41.40,49.50,68.20,45.30,62.90],"jzrq":"2018-02-06"},"profit":{"categories":["任期收益","同类平均"],"series":[{"data":[{"name":null,"color":"#7cb5ec","y":5.7695},{"name":null,"color":"#414c7b","y":5.12}]}],"jzrq":"2018-02-06"}}] ;
/*同类型基金涨幅榜（页面底部通栏）*/
var swithSameType = [['002895_华夏天利货币B_5.8750','002894_华夏天利货币A_5.6210','004398_融通现金宝货币B_5.3370','000902_国开货币B_5.3360','001478_泰康薪意保货币B_5.1400'],['002895_华夏天利货币B_5.26','004973_长城收益宝货币B_5.08','004904_人保货币B_5.05','002884_华润元大现金通货币B_5.01','002894_华夏天利货币A_5.01'],['004973_长城收益宝货币B_5.05','004770_海富通添益货币A_4.99','002884_华润元大现金通货币B_4.99','005151_红土创新优淳货币B_4.90','002895_华夏天利货币B_4.89'],['004770_海富通添益货币A_5.39','004973_长城收益宝货币B_5.13','002884_华润元大现金通货币B_5.03','002895_华夏天利货币B_5.03','004398_融通现金宝货币B_5.01'],['003679_中融现金增利货币C_4.67','003474_南方天天利货币B_4.55','000836_国投瑞银钱多宝货币A_4.52','000837_国投瑞银钱多宝货币I_4.52','003753_工银如意货币B_4.51']];