/**
 * 测试数据
 * @type {arry}
 */
/*2018-02-07 18:01:55*/
//基金或股票信息
var fS_name = "泰达宏利京天宝货币A";
var fS_code = "004414";
var fund_minsg="100";
var ishb=true;
/*原费率*/
var fund_sourceRate="0";
/*现费率*/
var fund_Rate="0";
/*最小申购金额*/
var fund_minsg="100";
/*收益率*/
/*近一年收益率*/
var syl_1n="";
/*近6月收益率*/
var syl_6y="1.9802";
/*近三月收益率*/
var syl_3y="1.0096";
/*近一月收益率*/
var syl_1y="0.3304";
/* 基金收益走势图 每万份收益*/
var Data_millionCopiesIncome = [[1489075200000,0.1733],[1489248000000,0.0999],[1489334400000,1.0613],[1489420800000,1.0866],[1489507200000,1.0865],[1489593600000,1.0863],[1489680000000,1.0862],[1489852800000,2.1723],[1489939200000,1.0858],[1490025600000,1.0856],[1490112000000,1.0855],[1490198400000,1.0854],[1490284800000,1.0852],[1490457600000,2.1704],[1490544000000,1.0848],[1490630400000,1.0847],[1490716800000,1.0845],[1490803200000,1.0844],[1490889600000,1.0843],[1491235200000,4.3292],[1491321600000,1.0797],[1491408000000,1.1285],[1491494400000,0.8712],[1491667200000,1.7678],[1491753600000,0.7619],[1491840000000,0.8645],[1491926400000,0.8753],[1492012800000,0.8727],[1492099200000,0.8864],[1492272000000,1.8022],[1492358400000,0.9154],[1492444800000,0.9679],[1492531200000,0.9756],[1492617600000,0.9751],[1492704000000,0.9452],[1492876800000,1.9124],[1492963200000,0.9514],[1493049600000,1.0865],[1493136000000,1.0913],[1493222400000,1.0995],[1493308800000,1.1522],[1493568000000,3.4776],[1493654400000,0.9773],[1493740800000,0.991],[1493827200000,0.9971],[1493913600000,1.0028],[1494086400000,2.0079],[1494172800000,0.9878],[1494259200000,0.9098],[1494345600000,0.9623],[1494432000000,0.9625],[1494518400000,0.9624],[1494691200000,1.9252],[1494777600000,0.9499],[1494864000000,0.9672],[1494950400000,0.9745],[1495036800000,0.9585],[1495123200000,0.9732],[1495296000000,1.9472],[1495382400000,0.9726],[1495468800000,0.9628],[1495555200000,0.929],[1495641600000,0.9704],[1495728000000,0.9708],[1496073600000,3.8839],[1496160000000,0.9677],[1496246400000,0.9955],[1496332800000,0.9963],[1496505600000,1.9926],[1496592000000,0.9952],[1496678400000,0.9919],[1496764800000,0.9972],[1496851200000,1.13],[1496937600000,1.1382],[1497110400000,2.2765],[1497196800000,1.1378],[1497283200000,1.183],[1497369600000,1.2072],[1497456000000,1.212],[1497542400000,1.2118],[1497715200000,2.4241],[1497801600000,1.2114],[1497888000000,1.2114],[1497974400000,1.2109],[1498060800000,0.6771],[1498147200000,1.1739],[1498320000000,2.3747],[1498406400000,1.1869],[1498492800000,1.1866],[1498579200000,1.1851],[1498665600000,1.1954],[1498752000000,1.1833],[1498924800000,2.3666],[1499011200000,1.1864],[1499097600000,1.186],[1499184000000,1.1849],[1499270400000,1.1826],[1499356800000,1.0954],[1499529600000,2.1992],[1499616000000,1.0485],[1499702400000,1.0528],[1499788800000,1.0526],[1499875200000,1.0527],[1499961600000,1.0588],[1500134400000,2.1181],[1500220800000,1.0504],[1500307200000,1.0781],[1500393600000,1.0635],[1500480000000,1.0642],[1500566400000,1.0641],[1500739200000,2.1284],[1500825600000,1.0524],[1500912000000,0.8013],[1500998400000,1.1119],[1501084800000,1.0747],[1501171200000,1.059],[1501344000000,2.1071],[1501430400000,1.0868],[1501516800000,1.064],[1501603200000,1.0235],[1501689600000,1.03],[1501776000000,1.0603],[1501948800000,2.0777],[1502035200000,1.0384],[1502121600000,1.0375],[1502208000000,1.0234],[1502294400000,1.0247],[1502380800000,1.0093],[1502553600000,2.0501],[1502640000000,1.0247],[1502726400000,1.0242],[1502812800000,1.0429],[1502899200000,1.0485],[1502985600000,1.0415],[1503158400000,2.0841],[1503244800000,1.0329],[1503331200000,1.0428],[1503417600000,1.0408],[1503504000000,1.0238],[1503590400000,1.0413],[1503763200000,2.0832],[1503849600000,1.0411],[1503936000000,1.0417],[1504022400000,1.0457],[1504108800000,0.9671],[1504195200000,1.0382],[1504368000000,2.0765],[1504454400000,1.0406],[1504540800000,1.0337],[1504627200000,1.0332],[1504713600000,1.0331],[1504800000000,0.9832],[1504972800000,1.9516],[1505059200000,1.0268],[1505145600000,1.028],[1505232000000,1.025],[1505318400000,0.9299],[1505404800000,1.0408],[1505577600000,2.0871],[1505664000000,1.0349],[1505750400000,1.038],[1505836800000,1.0424],[1505923200000,1.0612],[1506009600000,1.0751],[1506182400000,2.1508],[1506268800000,1.0629],[1506355200000,1.0876],[1506441600000,1.0835],[1506528000000,1.0843],[1506614400000,1.0274],[1507392000000,9.2504],[1507478400000,1.0764],[1507564800000,1.0733],[1507651200000,1.0421],[1507737600000,1.0784],[1507824000000,1.0659],[1507996800000,2.1402],[1508083200000,1.0723],[1508169600000,1.0516],[1508256000000,1.0432],[1508342400000,1.0508],[1508428800000,1.0537],[1508601600000,2.108],[1508688000000,1.033],[1508774400000,1.0331],[1508860800000,1.0401],[1508947200000,1.0747],[1509033600000,1.0691],[1509206400000,2.1388],[1509292800000,1.0578],[1509379200000,1.0562],[1509465600000,1.0608],[1509552000000,1.0132],[1509638400000,1.015],[1509811200000,2.0309],[1509897600000,1.0306],[1509984000000,1.0431],[1510070400000,1.0391],[1510156800000,1.0446],[1510243200000,1.0492],[1510416000000,2.0984],[1510502400000,1.0507],[1510588800000,0.982],[1510675200000,1.0399],[1510761600000,1.0528],[1510848000000,1.0494],[1511020800000,2.0563],[1511107200000,1.0482],[1511193600000,1.0491],[1511280000000,1.0519],[1511366400000,0.9934],[1511452800000,0.823],[1511625600000,2.1076],[1511712000000,0.969],[1511798400000,0.7784],[1511884800000,0.9053],[1511971200000,0.9168],[1512057600000,1.0462],[1512230400000,2.0911],[1512316800000,1.0703],[1512403200000,1.0711],[1512489600000,1.0563],[1512576000000,1.0752],[1512662400000,1.1313],[1512835200000,2.2632],[1512921600000,1.2708],[1513008000000,1.1621],[1513094400000,1.1692],[1513180800000,1.1702],[1513267200000,1.1918],[1513440000000,2.3784],[1513526400000,1.1908],[1513612800000,1.1877],[1513699200000,1.1981],[1513785600000,1.1903],[1513872000000,0.3187],[1514044800000,2.4417],[1514131200000,1.062],[1514217600000,1.594],[1514304000000,1.5751],[1514390400000,1.4327],[1514476800000,1.5972],[1514649600000,3.1973],[1514736000000,1.5993],[1514822400000,1.3082],[1514908800000,1.197],[1514995200000,1.0397],[1515081600000,1.0418],[1515254400000,2.084],[1515340800000,1.0332],[1515427200000,1.1189],[1515513600000,1.0753],[1515600000000,1.0639],[1515686400000,1.0365],[1515859200000,2.0762],[1515945600000,1.041],[1516032000000,1.0123],[1516118400000,1.0149],[1516204800000,1.0372],[1516291200000,1.0489],[1516464000000,2.0984],[1516550400000,1.0605],[1516636800000,1.0565],[1516723200000,1.0432],[1516809600000,1.0561],[1516896000000,1.0538],[1517068800000,2.0691],[1517155200000,1.0432],[1517241600000,1.0446],[1517328000000,1.0538],[1517414400000,0.9903],[1517500800000,0.9647],[1517673600000,1.9298],[1517760000000,0.9522],[1517846400000,0.9342]];
/*基金收益走势图   7日年化收益率*/
var Data_sevenDaysYearIncome = [[1489075200000,0.635],[1489248000000,0.333],[1489334400000,1.225],[1489420800000,1.783],[1489507200000,2.157],[1489593600000,2.424],[1489680000000,2.913],[1489852800000,4.031],[1489939200000,4.044],[1490025600000,4.044],[1490112000000,4.043],[1490198400000,4.043],[1490284800000,4.042],[1490457600000,4.041],[1490544000000,4.041],[1490630400000,4.04],[1490716800000,4.039],[1490803200000,4.039],[1490889600000,4.038],[1491235200000,4.033],[1491321600000,4.03],[1491408000000,4.054],[1491494400000,3.938],[1491667200000,3.724],[1491753600000,3.55],[1491840000000,3.433],[1491926400000,3.323],[1492012800000,3.185],[1492099200000,3.193],[1492272000000,3.212],[1492358400000,3.294],[1492444800000,3.35],[1492531200000,3.404],[1492617600000,3.459],[1492704000000,3.491],[1492876800000,3.551],[1492963200000,3.57],[1493049600000,3.634],[1493136000000,3.697],[1493222400000,3.764],[1493308800000,3.876],[1493568000000,4.2089],[1493654400000,4.15],[1493740800000,4.095],[1493827200000,4.04],[1493913600000,3.959],[1494086400000,3.79],[1494172800000,3.698],[1494259200000,3.661],[1494345600000,3.646],[1494432000000,3.627],[1494518400000,3.605],[1494691200000,3.561],[1494777600000,3.54],[1494864000000,3.571],[1494950400000,3.578],[1495036800000,3.575],[1495123200000,3.581],[1495296000000,3.593],[1495382400000,3.605],[1495468800000,3.603],[1495555200000,3.579],[1495641600000,3.585],[1495728000000,3.584],[1496073600000,3.584],[1496160000000,3.605],[1496246400000,3.619],[1496332800000,3.633],[1496505600000,3.66],[1496592000000,3.673],[1496678400000,3.684],[1496764800000,3.7],[1496851200000,3.773],[1496937600000,3.85],[1497110400000,4.0039],[1497196800000,4.081],[1497283200000,4.185],[1497369600000,4.299],[1497456000000,4.343],[1497542400000,4.384],[1497715200000,4.464],[1497801600000,4.504],[1497888000000,4.519],[1497974400000,4.521],[1498060800000,4.23],[1498147200000,4.21],[1498320000000,4.183],[1498406400000,4.17],[1498492800000,4.156],[1498579200000,4.142],[1498665600000,4.424],[1498752000000,4.429],[1498924800000,4.425],[1499011200000,4.424],[1499097600000,4.424],[1499184000000,4.424],[1499270400000,4.417],[1499356800000,4.369],[1499529600000,4.2779],[1499616000000,4.203],[1499702400000,4.131],[1499788800000,4.059],[1499875200000,3.989],[1499961600000,3.969],[1500134400000,3.925],[1500220800000,3.926],[1500307200000,3.94],[1500393600000,3.946],[1500480000000,3.952],[1500566400000,3.955],[1500739200000,3.96],[1500825600000,3.961],[1500912000000,3.811],[1500998400000,3.838],[1501084800000,3.843],[1501171200000,3.84],[1501344000000,3.829],[1501430400000,3.848],[1501516800000,3.99],[1501603200000,3.942],[1501689600000,3.918],[1501776000000,3.918],[1501948800000,3.903],[1502035200000,3.876],[1502121600000,3.862],[1502208000000,3.862],[1502294400000,3.859],[1502380800000,3.831],[1502553600000,3.816],[1502640000000,3.809],[1502726400000,3.802],[1502812800000,3.812],[1502899200000,3.825],[1502985600000,3.843],[1503158400000,3.861],[1503244800000,3.866],[1503331200000,3.876],[1503417600000,3.875],[1503504000000,3.861],[1503590400000,3.861],[1503763200000,3.861],[1503849600000,3.865],[1503936000000,3.864],[1504022400000,3.867],[1504108800000,3.836],[1504195200000,3.835],[1504368000000,3.831],[1504454400000,3.831],[1504540800000,3.826],[1504627200000,3.82],[1504713600000,3.855],[1504800000000,3.826],[1504972800000,3.758],[1505059200000,3.751],[1505145600000,3.747],[1505232000000,3.743],[1505318400000,3.687],[1505404800000,3.718],[1505577600000,3.792],[1505664000000,3.796],[1505750400000,3.801],[1505836800000,3.811],[1505923200000,3.882],[1506009600000,3.901],[1506182400000,3.935],[1506268800000,3.95],[1506355200000,3.977],[1506441600000,3.999],[1506528000000,4.012],[1506614400000,3.986],[1507392000000,3.823],[1507478400000,3.849],[1507564800000,3.874],[1507651200000,3.881],[1507737600000,3.909],[1507824000000,3.929],[1507996800000,3.975],[1508083200000,3.973],[1508169600000,3.961],[1508256000000,3.962],[1508342400000,3.947],[1508428800000,3.94],[1508601600000,3.923],[1508688000000,3.901],[1508774400000,3.891],[1508860800000,3.89],[1508947200000,3.903],[1509033600000,3.911],[1509206400000,3.928],[1509292800000,3.941],[1509379200000,3.954],[1509465600000,3.965],[1509552000000,3.932],[1509638400000,3.902],[1509811200000,3.844],[1509897600000,3.829],[1509984000000,3.822],[1510070400000,3.81],[1510156800000,3.827],[1510243200000,3.846],[1510416000000,3.882],[1510502400000,3.893],[1510588800000,3.86],[1510675200000,3.861],[1510761600000,3.865],[1510848000000,3.865],[1511020800000,3.842],[1511107200000,3.841],[1511193600000,3.877],[1511280000000,3.884],[1511366400000,3.852],[1511452800000,3.729],[1511625600000,3.757],[1511712000000,3.714],[1511798400000,3.568],[1511884800000,3.489],[1511971200000,3.447],[1512057600000,3.568],[1512230400000,3.559],[1512316800000,3.613],[1512403200000,3.772],[1512489600000,3.853],[1512576000000,3.939],[1512662400000,3.985],[1512835200000,4.079],[1512921600000,4.188],[1513008000000,4.237],[1513094400000,4.298],[1513180800000,4.35],[1513267200000,4.383],[1513440000000,4.446],[1513526400000,4.402],[1513612800000,4.416],[1513699200000,4.432],[1513785600000,4.443],[1513872000000,3.968],[1514044800000,4.003],[1514131200000,3.933],[1514217600000,4.153],[1514304000000,4.358],[1514390400000,4.49],[1514476800000,5.189],[1514649600000,5.604],[1514736000000,5.9],[1514822400000,5.743],[1514908800000,5.535],[1514995200000,5.319],[1515081600000,5.014],[1515254400000,4.406],[1515340800000,4.099],[1515427200000,3.996],[1515513600000,3.93],[1515600000000,3.943],[1515686400000,3.94],[1515859200000,3.936],[1515945600000,3.94],[1516032000000,3.882],[1516118400000,3.85],[1516204800000,3.835],[1516291200000,3.842],[1516464000000,3.854],[1516550400000,3.865],[1516636800000,3.888],[1516723200000,3.904],[1516809600000,3.914],[1516896000000,3.917],[1517068800000,3.901],[1517155200000,3.891],[1517241600000,3.885],[1517328000000,3.891],[1517414400000,3.855],[1517500800000,3.807],[1517673600000,3.731],[1517760000000,3.682],[1517846400000,3.623]];
/*资产配置*/
var Data_assetAllocationCurrency ={"categories":["12-31","09-30","06-30"],"series":[{"name":"股票","data":[null,null,null]},{"name":"债券","data":[60.01,25.28,11.04]},{"name":"现金","data":[0.12,76.62,75.34]}]};
/*累计收益率走势*/
var Data_grandTotal = [{"name":"泰达宏利京天宝货币A","data":[[1501948800000,0],[1502035200000,0.01],[1502121600000,0.02],[1502208000000,0.03],[1502294400000,0.04],[1502380800000,0.05],[1502553600000,0.07],[1502640000000,0.08],[1502726400000,0.09],[1502812800000,0.10],[1502899200000,0.11],[1502985600000,0.12],[1503158400000,0.14],[1503244800000,0.15],[1503331200000,0.17],[1503417600000,0.18],[1503504000000,0.19],[1503590400000,0.20],[1503763200000,0.22],[1503849600000,0.23],[1503936000000,0.24],[1504022400000,0.25],[1504108800000,0.26],[1504195200000,0.27],[1504368000000,0.29],[1504454400000,0.30],[1504540800000,0.31],[1504627200000,0.32],[1504713600000,0.33],[1504800000000,0.34],[1504972800000,0.36],[1505059200000,0.37],[1505145600000,0.38],[1505232000000,0.39],[1505318400000,0.40],[1505404800000,0.41],[1505577600000,0.43],[1505664000000,0.44],[1505750400000,0.45],[1505836800000,0.46],[1505923200000,0.47],[1506009600000,0.49],[1506182400000,0.51],[1506268800000,0.52],[1506355200000,0.53],[1506441600000,0.54],[1506528000000,0.55],[1506614400000,0.56],[1507392000000,0.65],[1507478400000,0.66],[1507564800000,0.68],[1507651200000,0.69],[1507737600000,0.70],[1507824000000,0.71],[1507996800000,0.73],[1508083200000,0.74],[1508169600000,0.75],[1508256000000,0.76],[1508342400000,0.77],[1508428800000,0.78],[1508601600000,0.80],[1508688000000,0.81],[1508774400000,0.82],[1508860800000,0.83],[1508947200000,0.85],[1509033600000,0.86],[1509206400000,0.88],[1509292800000,0.89],[1509379200000,0.90],[1509465600000,0.91],[1509552000000,0.92],[1509638400000,0.93],[1509811200000,0.95],[1509897600000,0.96],[1509984000000,0.97],[1510070400000,0.98],[1510156800000,0.99],[1510243200000,1.00],[1510416000000,1.02],[1510502400000,1.03],[1510588800000,1.04],[1510675200000,1.06],[1510761600000,1.07],[1510848000000,1.08],[1511020800000,1.10],[1511107200000,1.11],[1511193600000,1.12],[1511280000000,1.13],[1511366400000,1.14],[1511452800000,1.15],[1511625600000,1.17],[1511712000000,1.18],[1511798400000,1.19],[1511884800000,1.20],[1511971200000,1.20],[1512057600000,1.22],[1512230400000,1.24],[1512316800000,1.25],[1512403200000,1.26],[1512489600000,1.27],[1512576000000,1.28],[1512662400000,1.29],[1512835200000,1.31],[1512921600000,1.33],[1513008000000,1.34],[1513094400000,1.35],[1513180800000,1.36],[1513267200000,1.37],[1513440000000,1.40],[1513526400000,1.41],[1513612800000,1.42],[1513699200000,1.44],[1513785600000,1.45],[1513872000000,1.45],[1514044800000,1.48],[1514131200000,1.49],[1514217600000,1.50],[1514304000000,1.52],[1514390400000,1.53],[1514476800000,1.55],[1514649600000,1.58],[1514736000000,1.60],[1514822400000,1.61],[1514908800000,1.62],[1514995200000,1.63],[1515081600000,1.64],[1515254400000,1.67],[1515340800000,1.68],[1515427200000,1.69],[1515513600000,1.70],[1515600000000,1.71],[1515686400000,1.72],[1515859200000,1.74],[1515945600000,1.75],[1516032000000,1.76],[1516118400000,1.77],[1516204800000,1.78],[1516291200000,1.79],[1516464000000,1.81],[1516550400000,1.83],[1516636800000,1.84],[1516723200000,1.85],[1516809600000,1.86],[1516896000000,1.87],[1517068800000,1.89],[1517155200000,1.90],[1517241600000,1.91],[1517328000000,1.92],[1517414400000,1.93],[1517500800000,1.94],[1517673600000,1.96],[1517760000000,1.97],[1517846400000,1.98]]},{"name":"同类平均","data":[[1502035200000,0],[1502121600000,0.01],[1502208000000,0.02],[1502294400000,0.03],[1502380800000,0.04],[1502640000000,0.07],[1502726400000,0.08],[1502812800000,0.09],[1502899200000,0.10],[1502985600000,0.11],[1503244800000,0.14],[1503331200000,0.16],[1503417600000,0.17],[1503504000000,0.18],[1503590400000,0.19],[1503849600000,0.22],[1503936000000,0.23],[1504022400000,0.24],[1504108800000,0.25],[1504195200000,0.26],[1504454400000,0.29],[1504540800000,0.30],[1504627200000,0.31],[1504713600000,0.32],[1504800000000,0.34],[1505059200000,0.37],[1505145600000,0.38],[1505232000000,0.39],[1505318400000,0.40],[1505404800000,0.41],[1505664000000,0.44],[1505750400000,0.45],[1505836800000,0.46],[1505923200000,0.47],[1506009600000,0.48],[1506268800000,0.52],[1506355200000,0.53],[1506441600000,0.54],[1506528000000,0.55],[1506614400000,0.56],[1507478400000,0.67],[1507564800000,0.68],[1507651200000,0.69],[1507737600000,0.71],[1507824000000,0.72],[1508083200000,0.75],[1508169600000,0.76],[1508256000000,0.77],[1508342400000,0.78],[1508428800000,0.79],[1508688000000,0.82],[1508774400000,0.83],[1508860800000,0.84],[1508947200000,0.85],[1509033600000,0.86],[1509292800000,0.90],[1509379200000,0.91],[1509465600000,0.92],[1509552000000,0.93],[1509638400000,0.94],[1509897600000,0.97],[1509984000000,0.98],[1510070400000,0.99],[1510156800000,1.00],[1510243200000,1.01],[1510502400000,1.04],[1510588800000,1.06],[1510675200000,1.07],[1510761600000,1.08],[1510848000000,1.09],[1511107200000,1.12],[1511193600000,1.13],[1511280000000,1.14],[1511366400000,1.15],[1511452800000,1.16],[1511712000000,1.20],[1511798400000,1.21],[1511884800000,1.22],[1511971200000,1.23],[1512057600000,1.24],[1512316800000,1.28],[1512403200000,1.29],[1512489600000,1.30],[1512576000000,1.31],[1512662400000,1.32],[1512921600000,1.35],[1513008000000,1.36],[1513094400000,1.38],[1513180800000,1.39],[1513267200000,1.40],[1513526400000,1.43],[1513612800000,1.44],[1513699200000,1.46],[1513785600000,1.47],[1513872000000,1.48],[1514131200000,1.51],[1514217600000,1.53],[1514304000000,1.54],[1514390400000,1.55],[1514476800000,1.57],[1514822400000,1.62],[1514908800000,1.64],[1514995200000,1.65],[1515081600000,1.66],[1515340800000,1.69],[1515427200000,1.71],[1515513600000,1.72],[1515600000000,1.73],[1515686400000,1.74],[1515945600000,1.77],[1516032000000,1.79],[1516118400000,1.80],[1516204800000,1.81],[1516291200000,1.82],[1516550400000,1.86],[1516636800000,1.87],[1516723200000,1.88],[1516809600000,1.89],[1516896000000,1.90],[1517155200000,1.94],[1517241600000,1.95],[1517328000000,1.96],[1517414400000,1.97],[1517500800000,1.98],[1517760000000,2.02],[1517846400000,2.03]]},{"name":"沪深300","data":[[1502035200000,0],[1502121600000,0.15],[1502208000000,0.11],[1502294400000,-0.29],[1502380800000,-2.13],[1502640000000,-0.86],[1502726400000,-0.56],[1502812800000,-0.68],[1502899200000,-0.15],[1502985600000,-0.06],[1503244800000,0.38],[1503331200000,0.68],[1503417600000,0.79],[1503504000000,0.21],[1503590400000,1.85],[1503849600000,3.11],[1503936000000,2.89],[1504022400000,2.88],[1504108800000,2.56],[1504195200000,2.78],[1504454400000,3.19],[1504540800000,3.50],[1504627200000,3.29],[1504713600000,2.77],[1504800000000,2.66],[1505059200000,2.65],[1505145600000,2.98],[1505232000000,3.11],[1505318400000,2.77],[1505404800000,2.80],[1505664000000,3.12],[1505750400000,2.83],[1505836800000,3.10],[1505923200000,2.98],[1506009600000,2.98],[1506268800000,2.44],[1506355200000,2.52],[1506441600000,2.53],[1506528000000,2.57],[1506614400000,2.94],[1507478400000,4.17],[1507564800000,4.38],[1507651200000,4.72],[1507737600000,5.00],[1507824000000,5.21],[1508083200000,5.01],[1508169600000,5.00],[1508256000000,5.83],[1508342400000,5.49],[1508428800000,5.37],[1508688000000,5.47],[1508774400000,6.24],[1508860800000,6.71],[1508947200000,7.16],[1509033600000,7.92],[1509292800000,7.59],[1509379200000,7.51],[1509465600000,7.24],[1509552000000,7.25],[1509638400000,7.13],[1509897600000,7.89],[1509984000000,8.79],[1510070400000,8.62],[1510156800000,9.37],[1510243200000,10.33],[1510502400000,10.77],[1510588800000,10.00],[1510675200000,9.31],[1510761600000,10.15],[1510848000000,10.57],[1511107200000,11.19],[1511193600000,13.17],[1511280000000,13.44],[1511366400000,10.08],[1511452800000,10.13],[1511712000000,8.67],[1511798400000,8.83],[1511884800000,8.77],[1511971200000,7.49],[1512057600000,7.28],[1512316800000,7.84],[1512403200000,8.41],[1512489600000,7.76],[1512576000000,6.55],[1512662400000,7.42],[1512921600000,9.20],[1513008000000,7.76],[1513094400000,8.67],[1513180800000,8.03],[1513267200000,6.82],[1513526400000,6.94],[1513612800000,8.28],[1513699200000,8.15],[1513785600000,9.15],[1513872000000,8.80],[1514131200000,8.45],[1514217600000,8.77],[1514304000000,7.09],[1514390400000,7.84],[1514476800000,8.16],[1514822400000,9.68],[1514908800000,10.32],[1514995200000,10.79],[1515081600000,11.05],[1515340800000,11.63],[1515427200000,12.41],[1515513600000,12.91],[1515600000000,12.85],[1515686400000,13.37],[1515945600000,13.37],[1516032000000,14.27],[1516118400000,13.99],[1516204800000,14.61],[1516291200000,14.99],[1516550400000,16.36],[1516636800000,17.60],[1516723200000,17.79],[1516809600000,17.13],[1516896000000,17.56],[1517155200000,15.43],[1517241600000,14.20],[1517328000000,14.73],[1517414400000,13.93],[1517500800000,14.61],[1517760000000,14.69],[1517846400000,11.33]]}];
/*同类排名*/
var Data_rateInSimilarType = [{"x":1497196800000,"y":312,"sc":"574"},{"x":1497283200000,"y":308,"sc":"574"},{"x":1497369600000,"y":313,"sc":"575"},{"x":1497456000000,"y":314,"sc":"575"},{"x":1497542400000,"y":314,"sc":"575"},{"x":1497801600000,"y":317,"sc":"577"},{"x":1497888000000,"y":321,"sc":"577"},{"x":1497974400000,"y":320,"sc":"575"},{"x":1498060800000,"y":330,"sc":"575"},{"x":1498147200000,"y":335,"sc":"576"},{"x":1498406400000,"y":338,"sc":"579"},{"x":1498492800000,"y":338,"sc":"579"},{"x":1498579200000,"y":340,"sc":"579"},{"x":1498665600000,"y":339,"sc":"579"},{"x":1498752000000,"y":334,"sc":"582"},{"x":1499011200000,"y":309,"sc":"582"},{"x":1499097600000,"y":325,"sc":"582"},{"x":1499184000000,"y":324,"sc":"583"},{"x":1499270400000,"y":328,"sc":"583"},{"x":1499356800000,"y":324,"sc":"583"},{"x":1499616000000,"y":311,"sc":"583"},{"x":1499702400000,"y":307,"sc":"583"},{"x":1499788800000,"y":306,"sc":"583"},{"x":1499875200000,"y":300,"sc":"583"},{"x":1499961600000,"y":302,"sc":"586"},{"x":1500220800000,"y":301,"sc":"586"},{"x":1500307200000,"y":302,"sc":"586"},{"x":1500393600000,"y":306,"sc":"589"},{"x":1500480000000,"y":308,"sc":"589"},{"x":1500566400000,"y":306,"sc":"593"},{"x":1500825600000,"y":307,"sc":"593"},{"x":1500912000000,"y":313,"sc":"593"},{"x":1500998400000,"y":316,"sc":"594"},{"x":1501084800000,"y":320,"sc":"594"},{"x":1501171200000,"y":321,"sc":"594"},{"x":1501430400000,"y":300,"sc":"594"},{"x":1501516800000,"y":333,"sc":"594"},{"x":1501603200000,"y":332,"sc":"594"},{"x":1501689600000,"y":334,"sc":"594"},{"x":1501776000000,"y":333,"sc":"594"},{"x":1502035200000,"y":336,"sc":"596"},{"x":1502121600000,"y":337,"sc":"596"},{"x":1502208000000,"y":333,"sc":"596"},{"x":1502294400000,"y":332,"sc":"596"},{"x":1502380800000,"y":332,"sc":"596"},{"x":1502640000000,"y":332,"sc":"596"},{"x":1502726400000,"y":328,"sc":"596"},{"x":1502812800000,"y":327,"sc":"596"},{"x":1502899200000,"y":326,"sc":"596"},{"x":1502985600000,"y":325,"sc":"596"},{"x":1503244800000,"y":326,"sc":"597"},{"x":1503331200000,"y":327,"sc":"597"},{"x":1503417600000,"y":325,"sc":"597"},{"x":1503504000000,"y":325,"sc":"596"},{"x":1503590400000,"y":326,"sc":"596"},{"x":1503849600000,"y":304,"sc":"600"},{"x":1503936000000,"y":300,"sc":"600"},{"x":1504022400000,"y":323,"sc":"600"},{"x":1504108800000,"y":323,"sc":"601"},{"x":1504195200000,"y":326,"sc":"601"},{"x":1504454400000,"y":327,"sc":"601"},{"x":1504540800000,"y":326,"sc":"601"},{"x":1504627200000,"y":326,"sc":"601"},{"x":1504713600000,"y":325,"sc":"601"},{"x":1504800000000,"y":331,"sc":"601"},{"x":1505059200000,"y":345,"sc":"603"},{"x":1505145600000,"y":349,"sc":"603"},{"x":1505232000000,"y":356,"sc":"603"},{"x":1505318400000,"y":370,"sc":"605"},{"x":1505404800000,"y":377,"sc":"605"},{"x":1505664000000,"y":393,"sc":"606"},{"x":1505750400000,"y":390,"sc":"606"},{"x":1505836800000,"y":393,"sc":"603"},{"x":1505923200000,"y":394,"sc":"603"},{"x":1506009600000,"y":385,"sc":"603"},{"x":1506268800000,"y":393,"sc":"603"},{"x":1506355200000,"y":388,"sc":"603"},{"x":1506441600000,"y":389,"sc":"604"},{"x":1506528000000,"y":391,"sc":"604"},{"x":1506614400000,"y":390,"sc":"606"},{"x":1507478400000,"y":443,"sc":"606"},{"x":1507564800000,"y":447,"sc":"607"},{"x":1507651200000,"y":451,"sc":"607"},{"x":1507737600000,"y":453,"sc":"611"},{"x":1507824000000,"y":455,"sc":"611"},{"x":1508083200000,"y":464,"sc":"612"},{"x":1508169600000,"y":464,"sc":"612"},{"x":1508256000000,"y":462,"sc":"611"},{"x":1508342400000,"y":460,"sc":"611"},{"x":1508428800000,"y":458,"sc":"611"},{"x":1508688000000,"y":459,"sc":"606"},{"x":1508774400000,"y":455,"sc":"606"},{"x":1508860800000,"y":451,"sc":"607"},{"x":1508947200000,"y":452,"sc":"607"},{"x":1509033600000,"y":451,"sc":"607"},{"x":1509292800000,"y":447,"sc":"609"},{"x":1509379200000,"y":448,"sc":"610"},{"x":1509465600000,"y":450,"sc":"610"},{"x":1509552000000,"y":451,"sc":"613"},{"x":1509638400000,"y":450,"sc":"617"},{"x":1509897600000,"y":456,"sc":"621"},{"x":1509984000000,"y":455,"sc":"621"},{"x":1510070400000,"y":455,"sc":"621"},{"x":1510156800000,"y":457,"sc":"623"},{"x":1510243200000,"y":457,"sc":"623"},{"x":1510502400000,"y":457,"sc":"633"},{"x":1510588800000,"y":457,"sc":"635"},{"x":1510675200000,"y":456,"sc":"635"},{"x":1510761600000,"y":458,"sc":"635"},{"x":1510848000000,"y":462,"sc":"636"},{"x":1511107200000,"y":463,"sc":"636"},{"x":1511193600000,"y":466,"sc":"636"},{"x":1511280000000,"y":464,"sc":"636"},{"x":1511366400000,"y":465,"sc":"636"},{"x":1511452800000,"y":471,"sc":"637"},{"x":1511712000000,"y":477,"sc":"640"},{"x":1511798400000,"y":489,"sc":"640"},{"x":1511884800000,"y":494,"sc":"640"},{"x":1511971200000,"y":493,"sc":"641"},{"x":1512057600000,"y":492,"sc":"643"},{"x":1512316800000,"y":495,"sc":"643"},{"x":1512403200000,"y":496,"sc":"643"},{"x":1512489600000,"y":498,"sc":"643"},{"x":1512576000000,"y":499,"sc":"644"},{"x":1512662400000,"y":504,"sc":"652"},{"x":1512921600000,"y":490,"sc":"652"},{"x":1513008000000,"y":492,"sc":"653"},{"x":1513094400000,"y":490,"sc":"653"},{"x":1513180800000,"y":482,"sc":"654"},{"x":1513267200000,"y":478,"sc":"656"},{"x":1513526400000,"y":476,"sc":"656"},{"x":1513612800000,"y":470,"sc":"656"},{"x":1513699200000,"y":464,"sc":"656"},{"x":1513785600000,"y":461,"sc":"655"},{"x":1513872000000,"y":485,"sc":"655"},{"x":1514131200000,"y":482,"sc":"655"},{"x":1514217600000,"y":468,"sc":"655"},{"x":1514304000000,"y":454,"sc":"654"},{"x":1514390400000,"y":445,"sc":"655"},{"x":1514476800000,"y":432,"sc":"655"},{"x":1514822400000,"y":367,"sc":"655"},{"x":1514908800000,"y":357,"sc":"655"},{"x":1514995200000,"y":350,"sc":"655"},{"x":1515081600000,"y":338,"sc":"655"},{"x":1515340800000,"y":409,"sc":"655"},{"x":1515427200000,"y":415,"sc":"655"},{"x":1515513600000,"y":416,"sc":"656"},{"x":1515600000000,"y":415,"sc":"657"},{"x":1515686400000,"y":418,"sc":"657"},{"x":1515945600000,"y":419,"sc":"657"},{"x":1516032000000,"y":420,"sc":"657"},{"x":1516118400000,"y":424,"sc":"657"},{"x":1516204800000,"y":425,"sc":"657"},{"x":1516291200000,"y":430,"sc":"657"},{"x":1516550400000,"y":445,"sc":"657"},{"x":1516636800000,"y":446,"sc":"657"},{"x":1516723200000,"y":449,"sc":"657"},{"x":1516809600000,"y":450,"sc":"657"},{"x":1516896000000,"y":452,"sc":"655"},{"x":1517155200000,"y":466,"sc":"656"},{"x":1517241600000,"y":469,"sc":"656"},{"x":1517328000000,"y":474,"sc":"656"},{"x":1517414400000,"y":476,"sc":"656"},{"x":1517500800000,"y":475,"sc":"656"},{"x":1517760000000,"y":482,"sc":"656"},{"x":1517846400000,"y":485,"sc":"656"}];
/*百分比排名*/
var Data_rateInSimilarPersent = [[1497196800000,45.6400],[1497283200000,46.3400],[1497369600000,45.5700],[1497456000000,45.3900],[1497542400000,45.3900],[1497801600000,45.0600],[1497888000000,44.3700],[1497974400000,44.3500],[1498060800000,42.6100],[1498147200000,41.8400],[1498406400000,41.6200],[1498492800000,41.6200],[1498579200000,41.2800],[1498665600000,41.4500],[1498752000000,42.6100],[1499011200000,46.9100],[1499097600000,44.1600],[1499184000000,44.4300],[1499270400000,43.7400],[1499356800000,44.4300],[1499616000000,46.6600],[1499702400000,47.3400],[1499788800000,47.5100],[1499875200000,48.5400],[1499961600000,48.4600],[1500220800000,48.6300],[1500307200000,48.4600],[1500393600000,48.0500],[1500480000000,47.7100],[1500566400000,48.4000],[1500825600000,48.2300],[1500912000000,47.2200],[1500998400000,46.8000],[1501084800000,46.1300],[1501171200000,45.9600],[1501430400000,49.4900],[1501516800000,43.9400],[1501603200000,44.1100],[1501689600000,43.7700],[1501776000000,43.9400],[1502035200000,43.6200],[1502121600000,43.4600],[1502208000000,44.1300],[1502294400000,44.3000],[1502380800000,44.3000],[1502640000000,44.3000],[1502726400000,44.9700],[1502812800000,45.1300],[1502899200000,45.3000],[1502985600000,45.4700],[1503244800000,45.3900],[1503331200000,45.2300],[1503417600000,45.5600],[1503504000000,45.4700],[1503590400000,45.3000],[1503849600000,49.3300],[1503936000000,50.00],[1504022400000,46.1700],[1504108800000,46.2600],[1504195200000,45.7600],[1504454400000,45.5900],[1504540800000,45.7600],[1504627200000,45.7600],[1504713600000,45.9200],[1504800000000,44.9300],[1505059200000,42.7900],[1505145600000,42.1200],[1505232000000,40.9600],[1505318400000,38.8400],[1505404800000,37.6900],[1505664000000,35.1500],[1505750400000,35.6400],[1505836800000,34.8300],[1505923200000,34.6600],[1506009600000,36.1500],[1506268800000,34.8300],[1506355200000,35.6600],[1506441600000,35.6000],[1506528000000,35.2600],[1506614400000,35.6400],[1507478400000,26.9000],[1507564800000,26.3600],[1507651200000,25.7000],[1507737600000,25.8600],[1507824000000,25.5300],[1508083200000,24.1800],[1508169600000,24.1800],[1508256000000,24.3900],[1508342400000,24.7100],[1508428800000,25.0400],[1508688000000,24.2600],[1508774400000,24.9200],[1508860800000,25.7000],[1508947200000,25.5400],[1509033600000,25.7000],[1509292800000,26.6000],[1509379200000,26.5600],[1509465600000,26.2300],[1509552000000,26.4300],[1509638400000,27.0700],[1509897600000,26.5700],[1509984000000,26.7300],[1510070400000,26.7300],[1510156800000,26.6500],[1510243200000,26.6500],[1510502400000,27.8000],[1510588800000,28.0300],[1510675200000,28.1900],[1510761600000,27.8700],[1510848000000,27.3600],[1511107200000,27.2000],[1511193600000,26.7300],[1511280000000,27.0400],[1511366400000,26.8900],[1511452800000,26.0600],[1511712000000,25.4700],[1511798400000,23.5900],[1511884800000,22.8100],[1511971200000,23.0900],[1512057600000,23.4800],[1512316800000,23.0200],[1512403200000,22.8600],[1512489600000,22.5500],[1512576000000,22.5200],[1512662400000,22.7000],[1512921600000,24.8500],[1513008000000,24.6600],[1513094400000,24.9600],[1513180800000,26.3000],[1513267200000,27.1300],[1513526400000,27.4400],[1513612800000,28.3500],[1513699200000,29.2700],[1513785600000,29.6200],[1513872000000,25.9500],[1514131200000,26.4100],[1514217600000,28.5500],[1514304000000,30.5800],[1514390400000,32.0600],[1514476800000,34.0500],[1514822400000,43.9700],[1514908800000,45.5000],[1514995200000,46.5600],[1515081600000,48.4000],[1515340800000,37.5600],[1515427200000,36.6400],[1515513600000,36.5900],[1515600000000,36.8300],[1515686400000,36.3800],[1515945600000,36.2300],[1516032000000,36.0700],[1516118400000,35.4600],[1516204800000,35.3100],[1516291200000,34.5500],[1516550400000,32.2700],[1516636800000,32.1200],[1516723200000,31.6600],[1516809600000,31.5100],[1516896000000,30.9900],[1517155200000,28.9600],[1517241600000,28.5100],[1517328000000,27.7400],[1517414400000,27.4400],[1517500800000,27.5900],[1517760000000,26.5200],[1517846400000,26.0700]];
/*规模变动*/
var Data_fluctuationScale = {"categories":["2017-03-24","2017-03-31","2017-06-30","2017-09-30","2017-12-31"],"series":[{"y":0.52,"mom":"0.08%"},{"y":0.52,"mom":"0.08%"},{"y":0.06,"mom":"-88.88%"},{"y":0.02,"mom":"-66.80%"},{"y":0.01,"mom":"-24.99%"}]};;
/*持有人结构*/
var Data_holderStructure = {"series":[{"name":"机构持有比例","data":[0.0]},{"name":"个人持有比例","data":[100.0]},{"name":"内部持有比例","data":[0.1789]}],"categories":["2017-06-30"]};
/*申购赎回*/
var Data_assetAllocation ={"series":[{"name":"期间申购","data":[0.05,0.00,0.01]},{"name":"期间赎回","data":[0.51,0.04,0.02]},{"name":"总份额","data":[0.06,0.02,0.01]}],"categories":["2017-06-30","2017-09-30","2017-12-31"]};
/*现任基金经理*/
var Data_currentFundManager = [{"id":"30336358","pic":"https://pdf.dfcfw.com/pdf/H8_JPG30336358_1.jpg","name":"丁宇佳","star":4,"workTime":"2年又319天","fundSize":"279.96亿(22只基金)","power":{"avr":"63.16","categories":["经验值","收益率","抗风险","稳定性","择时能力"],"dsc":["反映基金经理从业年限和管理基金的经验","根据基金经理投资的阶段收益评分，反映\u003cbr\u003e基金经理投资的盈利能力","反映基金经理投资的回撤控制能力","反映基金经理投资收益的波动","反映基金经理根据对市场的判断，通过\u003cbr\u003e调整仓位及配置而跑赢业绩的基准能力"],"data":[59.50,68.80,92.90,89.0,12.0],"jzrq":"2018-02-06"},"profit":{"categories":["任期收益","同类平均","沪深300"],"series":[{"data":[{"name":null,"color":"#7cb5ec","y":3.5653},{"name":null,"color":"#414c7b","y":3.65},{"name":null,"color":"#f7a35c","y":21.03}]}],"jzrq":"2018-02-06"}},{"id":"30073898","pic":"https://pdf.dfcfw.com/pdf/H8_GIF30073898_1.jpg","name":"王靖","star":0,"workTime":"2年又43天","fundSize":"25.82亿(7只基金)","power":{"avr":"暂无数据","categories":["经验值","收益率","影响力","稳定性","管理规模"],"dsc":["反映基金经理从业年限和管理基金的经验","根据基金经理投资的阶段收益评分，反映\u003cbr\u003e基金经理投资的盈利能力","根据基金经理所管理基金的机构和个人投\u003cbr\u003e资者持有比例评分","反映基金经理投资收益的波动","根据基金经理现任管理基金资产规模评分"],"data":[null,null,null,null,null],"jzrq":"2018-02-06"},"profit":{"categories":["任期收益","同类平均"],"series":[{"data":[{"name":null,"color":"#7cb5ec","y":1.0718},{"name":null,"color":"#414c7b","y":1.12}]}],"jzrq":"2018-02-06"}}] ;
/*同类型基金涨幅榜（页面底部通栏）*/
var swithSameType = [['002895_华夏天利货币B_5.8750','002894_华夏天利货币A_5.6210','004398_融通现金宝货币B_5.3370','000902_国开货币B_5.3360','001478_泰康薪意保货币B_5.1400'],['002895_华夏天利货币B_5.26','004973_长城收益宝货币B_5.08','004904_人保货币B_5.05','002884_华润元大现金通货币B_5.01','002894_华夏天利货币A_5.01'],['004973_长城收益宝货币B_5.05','004770_海富通添益货币A_4.99','002884_华润元大现金通货币B_4.99','005151_红土创新优淳货币B_4.90','002895_华夏天利货币B_4.89'],['004770_海富通添益货币A_5.39','004973_长城收益宝货币B_5.13','002884_华润元大现金通货币B_5.03','002895_华夏天利货币B_5.03','004398_融通现金宝货币B_5.01'],['003679_中融现金增利货币C_4.67','003474_南方天天利货币B_4.55','000836_国投瑞银钱多宝货币A_4.52','000837_国投瑞银钱多宝货币I_4.52','003753_工银如意货币B_4.51']];