/**
 * 测试数据
 * @type {arry}
 */
/*2018-02-07 17:59:27*/
//基金或股票信息
var fS_name = "交银天鑫宝货币E";
var fS_code = "003483";
var fund_minsg="";
var ishb=true;
/*原费率*/
var fund_sourceRate="0";
/*现费率*/
var fund_Rate="0";
/*最小申购金额*/
var fund_minsg="";
/*收益率*/
/*近一年收益率*/
var syl_1n="4.1007";
/*近6月收益率*/
var syl_6y="2.1969";
/*近三月收益率*/
var syl_3y="1.1122";
/*近一月收益率*/
var syl_1y="0.3812";
/* 基金收益走势图 每万份收益*/
var Data_millionCopiesIncome = [[1481040000000,1.3414],[1481212800000,0.6806],[1481731200000,0.6803],[1481817600000,0.6802],[1481990400000,1.3603],[1482076800000,0.6801],[1482163200000,0.68],[1482249600000,0.68],[1482336000000,0.5823],[1482422400000,0.7594],[1482595200000,1.5191],[1482681600000,0.7591],[1482768000000,1.2225],[1482854400000,1.3403],[1482940800000,2.8194],[1483027200000,1.0345],[1483113600000,0.4939],[1483286400000,0.9444],[1483372800000,0.4718],[1483459200000,0.94],[1483545600000,0.9367],[1483632000000,1.4564],[1483804800000,0.8619],[1483891200000,0.4313],[1483977600000,0.7956],[1484064000000,0.7493],[1484150400000,0.728],[1484236800000,1.0483],[1484409600000,0.8019],[1484496000000,0.4007],[1484582400000,0.7804],[1484668800000,1.3028],[1484755200000,1.5753],[1484841600000,2.5525],[1485014400000,1.1446],[1485100800000,0.5637],[1485187200000,1.3599],[1485273600000,1.0879],[1485360000000,4.2402],[1485964800000,3.0723],[1486051200000,0.4419],[1486224000000,1.3954],[1486310400000,0.7122],[1486396800000,0.8729],[1486483200000,0.668],[1486569600000,0.6114],[1486656000000,0.8056],[1486828800000,0.6913],[1486915200000,0.3457],[1487001600000,0.7116],[1487088000000,0.8896],[1487174400000,0.7845],[1487260800000,1.337],[1487433600000,0.8047],[1487520000000,0.2788],[1487606400000,0.958],[1487692800000,0.9172],[1487779200000,0.9684],[1487865600000,1.2529],[1488038400000,0.7231],[1488124800000,0.3779],[1488211200000,0.9899],[1488297600000,1.0316],[1488384000000,0.7385],[1488470400000,0.7092],[1488643200000,0.6908],[1488729600000,0.28],[1488816000000,0.6645],[1488902400000,0.5983],[1488988800000,0.682],[1489075200000,1.0066],[1489248000000,1.7638],[1489334400000,0.9469],[1489420800000,1.014],[1489507200000,1.0321],[1489593600000,1.0571],[1489680000000,1.0591],[1489852800000,2.1183],[1489939200000,1.0562],[1490025600000,1.055],[1490112000000,1.0524],[1490198400000,1.0494],[1490284800000,1.0496],[1490457600000,2.0993],[1490544000000,1.0463],[1490630400000,1.046],[1490716800000,1.047],[1490803200000,1.0711],[1490889600000,1.071],[1491235200000,4.2966],[1491321600000,1.0384],[1491408000000,1.0469],[1491494400000,1.0466],[1491667200000,2.0955],[1491753600000,1.0457],[1491840000000,1.0445],[1491926400000,1.0453],[1492012800000,1.0453],[1492099200000,1.0469],[1492272000000,2.0941],[1492358400000,1.0429],[1492444800000,1.0476],[1492531200000,1.049],[1492617600000,1.0604],[1492704000000,1.0619],[1492876800000,1.8883],[1492963200000,1.0324],[1493049600000,1.0366],[1493136000000,1.0335],[1493222400000,1.0353],[1493308800000,0.9473],[1493568000000,3.211],[1493654400000,1.0364],[1493740800000,1.0368],[1493827200000,1.0343],[1493913600000,1.0332],[1494086400000,2.0704],[1494172800000,1.0069],[1494259200000,1.0336],[1494345600000,1.0338],[1494432000000,1.0334],[1494518400000,1.0256],[1494691200000,2.051],[1494777600000,1.0303],[1494864000000,1.0333],[1494950400000,1.033],[1495036800000,1.0339],[1495123200000,1.0288],[1495296000000,2.0594],[1495382400000,1.0438],[1495468800000,1.02],[1495555200000,0.9436],[1495641600000,1.074],[1495728000000,1.1074],[1496073600000,4.4335],[1496160000000,1.1091],[1496246400000,1.0972],[1496332800000,1.0444],[1496505600000,2.0909],[1496592000000,1.0471],[1496678400000,1.08],[1496764800000,1.113],[1496851200000,1.1133],[1496937600000,1.1135],[1497110400000,2.2273],[1497196800000,1.1133],[1497283200000,1.1132],[1497369600000,1.1136],[1497456000000,1.1544],[1497542400000,1.1488],[1497715200000,2.2977],[1497801600000,1.1572],[1497888000000,1.1546],[1497974400000,1.144],[1498060800000,1.1454],[1498147200000,1.1331],[1498320000000,2.2666],[1498406400000,1.0969],[1498492800000,0.9438],[1498579200000,1.2177],[1498665600000,1.1689],[1498752000000,1.1638],[1498924800000,2.33],[1499011200000,1.179],[1499097600000,1.1456],[1499184000000,1.1456],[1499270400000,1.1407],[1499356800000,1.1338],[1499529600000,2.2682],[1499616000000,1.1397],[1499702400000,1.1239],[1499788800000,1.1237],[1499875200000,1.1202],[1499961600000,1.1245],[1500134400000,2.2505],[1500220800000,1.1233],[1500307200000,1.1277],[1500393600000,1.1311],[1500480000000,2.029],[1500566400000,2.5681],[1500739200000,2.2828],[1500825600000,1.1432],[1500912000000,1.1561],[1500998400000,1.1366],[1501084800000,1.1237],[1501171200000,1.1215],[1501344000000,2.243],[1501430400000,1.1424],[1501516800000,1.1455],[1501603200000,1.1473],[1501689600000,1.1488],[1501776000000,1.1512],[1501948800000,2.3228],[1502035200000,1.1994],[1502121600000,1.1703],[1502208000000,1.1506],[1502294400000,1.1528],[1502380800000,1.1428],[1502553600000,2.2857],[1502640000000,1.1455],[1502726400000,1.1469],[1502812800000,1.1472],[1502899200000,1.1241],[1502985600000,1.1478],[1503158400000,2.2954],[1503244800000,1.1467],[1503331200000,1.1502],[1503417600000,1.1523],[1503504000000,1.1537],[1503590400000,1.1444],[1503763200000,2.2842],[1503849600000,1.1419],[1503936000000,1.1447],[1504022400000,1.1631],[1504108800000,1.1601],[1504195200000,1.1595],[1504368000000,2.3188],[1504454400000,1.1587],[1504540800000,1.1482],[1504627200000,1.1535],[1504713600000,1.1576],[1504800000000,1.1562],[1504972800000,2.3121],[1505059200000,1.1585],[1505145600000,1.167],[1505232000000,1.1429],[1505318400000,1.1448],[1505404800000,1.1571],[1505577600000,2.2808],[1505664000000,1.1454],[1505750400000,1.1494],[1505836800000,1.1521],[1505923200000,1.1589],[1506009600000,1.1695],[1506182400000,2.3349],[1506268800000,1.1661],[1506355200000,1.1568],[1506441600000,1.1575],[1506528000000,1.1699],[1506614400000,1.1768],[1507392000000,10.5883],[1507478400000,1.176],[1507564800000,1.1754],[1507651200000,1.1732],[1507737600000,1.179],[1507824000000,1.1952],[1507996800000,2.3312],[1508083200000,1.1652],[1508169600000,1.1611],[1508256000000,1.158],[1508342400000,1.1569],[1508428800000,1.1587],[1508601600000,2.3178],[1508688000000,1.1579],[1508774400000,1.1568],[1508860800000,1.1582],[1508947200000,1.1603],[1509033600000,1.169],[1509206400000,2.3258],[1509292800000,1.1659],[1509379200000,1.167],[1509465600000,1.1768],[1509552000000,1.1726],[1509638400000,1.1662],[1509811200000,2.3326],[1509897600000,1.166],[1509984000000,1.1646],[1510070400000,1.1262],[1510156800000,1.163],[1510243200000,1.1625],[1510416000000,2.3248],[1510502400000,1.1606],[1510588800000,1.1584],[1510675200000,1.1616],[1510761600000,1.164],[1510848000000,1.1676],[1511020800000,2.3332],[1511107200000,1.1715],[1511193600000,1.166],[1511280000000,1.1653],[1511366400000,1.1709],[1511452800000,1.1722],[1511625600000,2.3544],[1511712000000,1.1785],[1511798400000,1.1895],[1511884800000,1.2122],[1511971200000,1.2126],[1512057600000,1.1832],[1512230400000,2.3665],[1512316800000,1.1809],[1512403200000,1.1956],[1512489600000,1.1688],[1512576000000,1.1472],[1512662400000,1.1376],[1512835200000,2.2757],[1512921600000,1.1439],[1513008000000,1.1434],[1513094400000,1.1577],[1513180800000,1.1784],[1513267200000,1.1615],[1513440000000,2.3443],[1513526400000,1.1725],[1513612800000,1.2302],[1513699200000,1.2199],[1513785600000,1.3067],[1513872000000,1.3169],[1514044800000,2.6275],[1514131200000,1.3019],[1514217600000,1.3523],[1514304000000,1.3573],[1514390400000,1.3716],[1514476800000,1.367],[1514649600000,2.722],[1514736000000,1.3607],[1514822400000,1.3056],[1514908800000,1.2906],[1514995200000,1.199],[1515081600000,1.207],[1515254400000,2.4002],[1515340800000,1.1926],[1515427200000,1.2611],[1515513600000,1.1988],[1515600000000,1.1522],[1515686400000,1.1509],[1515859200000,2.2681],[1515945600000,1.1476],[1516032000000,1.1303],[1516118400000,1.1558],[1516204800000,1.1668],[1516291200000,1.6377],[1516464000000,2.4064],[1516550400000,1.2597],[1516636800000,1.2036],[1516723200000,1.1821],[1516809600000,1.1905],[1516896000000,1.1824],[1517068800000,2.3536],[1517155200000,1.1766],[1517241600000,1.1804],[1517328000000,1.1788],[1517414400000,1.1653],[1517500800000,1.1467],[1517673600000,2.2909],[1517760000000,1.1412],[1517846400000,1.1282]];
/*基金收益走势图   7日年化收益率*/
var Data_sevenDaysYearIncome = [[1481040000000,5.018],[1481212800000,3.292],[1481731200000,2.504],[1481817600000,2.504],[1481990400000,2.503],[1482076800000,2.503],[1482163200000,2.514],[1482249600000,2.513],[1482336000000,2.461],[1482422400000,2.503],[1482595200000,2.588],[1482681600000,2.631],[1482768000000,2.921],[1482854400000,3.276],[1482940800000,4.488],[1483027200000,4.638],[1483113600000,4.493],[1483286400000,4.181],[1483372800000,3.774],[1483459200000,3.557],[1483545600000,2.546],[1483632000000,2.772],[1483804800000,2.716],[1483891200000,2.694],[1483977600000,2.867],[1484064000000,2.765],[1484150400000,2.653],[1484236800000,2.435],[1484409600000,2.403],[1484496000000,2.387],[1484582400000,2.379],[1484668800000,2.675],[1484755200000,3.129],[1484841600000,3.941],[1485014400000,4.127],[1485100800000,4.215],[1485187200000,4.531],[1485273600000,4.414],[1485360000000,5.874],[1485964800000,1.615],[1486051200000,1.616],[1486224000000,1.891],[1486310400000,2.036],[1486396800000,2.267],[1486483200000,2.39],[1486569600000,2.482],[1486656000000,2.676],[1486828800000,2.3],[1486915200000,2.105],[1487001600000,2.019],[1487088000000,2.137],[1487174400000,2.229],[1487260800000,2.513],[1487433600000,2.573],[1487520000000,2.538],[1487606400000,2.669],[1487692800000,2.684],[1487779200000,2.783],[1487865600000,2.738],[1488038400000,2.694],[1488124800000,2.747],[1488211200000,2.764],[1488297600000,2.825],[1488384000000,2.702],[1488470400000,2.412],[1488643200000,2.394],[1488729600000,2.342],[1488816000000,2.169],[1488902400000,1.938],[1488988800000,1.908],[1489075200000,2.066],[1489248000000,2.639],[1489334400000,2.996],[1489420800000,3.184],[1489507200000,3.418],[1489593600000,3.62],[1489680000000,3.649],[1489852800000,3.84],[1489939200000,3.9],[1490025600000,3.922],[1490112000000,3.933],[1490198400000,3.929],[1490284800000,3.923],[1490457600000,3.913],[1490544000000,3.908],[1490630400000,3.903],[1490716800000,3.9],[1490803200000,3.912],[1490889600000,3.923],[1491235200000,3.98],[1491321600000,3.975],[1491408000000,3.962],[1491494400000,3.949],[1491667200000,3.92],[1491753600000,3.905],[1491840000000,3.889],[1491926400000,3.893],[1492012800000,3.892],[1492099200000,3.892],[1492272000000,3.891],[1492358400000,3.89],[1492444800000,3.892],[1492531200000,3.894],[1492617600000,3.902],[1492704000000,3.91],[1492876800000,3.798],[1492963200000,3.793],[1493049600000,3.787],[1493136000000,3.778],[1493222400000,3.765],[1493308800000,3.703],[1493568000000,3.86],[1493654400000,3.86],[1493740800000,3.862],[1493827200000,3.861],[1493913600000,3.908],[1494086400000,3.87],[1494172800000,3.835],[1494259200000,3.834],[1494345600000,3.832],[1494432000000,3.832],[1494518400000,3.827],[1494691200000,3.817],[1494777600000,3.83],[1494864000000,3.829],[1494950400000,3.829],[1495036800000,3.829],[1495123200000,3.831],[1495296000000,3.836],[1495382400000,3.843],[1495468800000,3.836],[1495555200000,3.787],[1495641600000,3.809],[1495728000000,3.852],[1496073600000,4.02],[1496160000000,4.11],[1496246400000,4.122],[1496332800000,4.088],[1496505600000,4.02],[1496592000000,3.986],[1496678400000,3.971],[1496764800000,3.973],[1496851200000,3.982],[1496937600000,4.019],[1497110400000,4.093],[1497196800000,4.129],[1497283200000,4.147],[1497369600000,4.148],[1497456000000,4.17],[1497542400000,4.189],[1497715200000,4.227],[1497801600000,4.251],[1497888000000,4.274],[1497974400000,4.29],[1498060800000,4.285],[1498147200000,4.277],[1498320000000,4.26],[1498406400000,4.227],[1498492800000,4.113],[1498579200000,4.153],[1498665600000,4.165],[1498752000000,4.182],[1498924800000,4.217],[1499011200000,4.261],[1499097600000,4.371],[1499184000000,4.332],[1499270400000,4.316],[1499356800000,4.3],[1499529600000,4.266],[1499616000000,4.245],[1499702400000,4.233],[1499788800000,4.221],[1499875200000,4.21],[1499961600000,4.205],[1500134400000,4.196],[1500220800000,4.187],[1500307200000,4.189],[1500393600000,4.193],[1500480000000,4.688],[1500566400000,5.478],[1500739200000,5.496],[1500825600000,5.507],[1500912000000,5.523],[1500998400000,5.526],[1501084800000,5.029],[1501171200000,4.24],[1501344000000,4.218],[1501430400000,4.218],[1501516800000,4.212],[1501603200000,4.218],[1501689600000,4.231],[1501776000000,4.248],[1501948800000,4.291],[1502035200000,4.322],[1502121600000,4.335],[1502208000000,4.337],[1502294400000,4.339],[1502380800000,4.335],[1502553600000,4.315],[1502640000000,4.285],[1502726400000,4.273],[1502812800000,4.271],[1502899200000,4.255],[1502985600000,4.258],[1503158400000,4.263],[1503244800000,4.264],[1503331200000,4.266],[1503417600000,4.268],[1503504000000,4.284],[1503590400000,4.283],[1503763200000,4.276],[1503849600000,4.274],[1503936000000,4.271],[1504022400000,4.277],[1504108800000,4.28],[1504195200000,4.288],[1504368000000,4.307],[1504454400000,4.316],[1504540800000,4.318],[1504627200000,4.313],[1504713600000,4.312],[1504800000000,4.31],[1504972800000,4.306],[1505059200000,4.306],[1505145600000,4.316],[1505232000000,4.311],[1505318400000,4.304],[1505404800000,4.304],[1505577600000,4.287],[1505664000000,4.28],[1505750400000,4.27],[1505836800000,4.275],[1505923200000,4.283],[1506009600000,4.29],[1506182400000,4.319],[1506268800000,4.331],[1506355200000,4.335],[1506441600000,4.338],[1506528000000,4.344],[1506614400000,4.348],[1507392000000,4.387],[1507478400000,4.387],[1507564800000,4.386],[1507651200000,4.384],[1507737600000,4.386],[1507824000000,4.396],[1507996800000,4.384],[1508083200000,4.379],[1508169600000,4.371],[1508256000000,4.363],[1508342400000,4.35],[1508428800000,4.331],[1508601600000,4.323],[1508688000000,4.319],[1508774400000,4.317],[1508860800000,4.317],[1508947200000,4.319],[1509033600000,4.325],[1509206400000,4.329],[1509292800000,4.333],[1509379200000,4.339],[1509465600000,4.349],[1509552000000,4.356],[1509638400000,4.354],[1509811200000,4.358],[1509897600000,4.358],[1509984000000,4.357],[1510070400000,4.329],[1510156800000,4.324],[1510243200000,4.322],[1510416000000,4.318],[1510502400000,4.315],[1510588800000,4.311],[1510675200000,4.331],[1510761600000,4.331],[1510848000000,4.334],[1511020800000,4.338],[1511107200000,4.344],[1511193600000,4.348],[1511280000000,4.35],[1511366400000,4.354],[1511452800000,4.357],[1511625600000,4.368],[1511712000000,4.372],[1511798400000,4.385],[1511884800000,4.411],[1511971200000,4.433],[1512057600000,4.439],[1512230400000,4.446],[1512316800000,4.447],[1512403200000,4.45],[1512489600000,4.427],[1512576000000,4.391],[1512662400000,4.366],[1512835200000,4.317],[1512921600000,4.297],[1513008000000,4.268],[1513094400000,4.262],[1513180800000,4.279],[1513267200000,4.292],[1513440000000,4.33],[1513526400000,4.345],[1513612800000,4.392],[1513699200000,4.426],[1513785600000,4.496],[1513872000000,4.581],[1514044800000,4.735],[1514131200000,4.806],[1514217600000,4.873],[1514304000000,4.948],[1514390400000,4.983],[1514476800000,5.011],[1514649600000,5.063],[1514736000000,5.095],[1514822400000,5.069],[1514908800000,5.033],[1514995200000,4.938],[1515081600000,4.851],[1515254400000,4.675],[1515340800000,4.583],[1515427200000,4.559],[1515513600000,4.509],[1515600000000,4.483],[1515686400000,4.453],[1515859200000,4.381],[1515945600000,4.357],[1516032000000,4.285],[1516118400000,4.262],[1516204800000,4.27],[1516291200000,4.535],[1516464000000,4.61],[1516550400000,4.671],[1516636800000,4.711],[1516723200000,4.726],[1516809600000,4.739],[1516896000000,4.49],[1517068800000,4.462],[1517155200000,4.416],[1517241600000,4.404],[1517328000000,4.402],[1517414400000,4.388],[1517500800000,4.369],[1517673600000,4.335],[1517760000000,4.316],[1517846400000,4.287]];
/*资产配置*/
var Data_assetAllocationCurrency ={"categories":["12-31","09-30","06-30","03-31"],"series":[{"name":"股票","data":[null,null,null,null]},{"name":"债券","data":[32.94,39.09,103.62,94.14]},{"name":"现金","data":[25.29,54.76,0.17,1.11]}]};
/*累计收益率走势*/
var Data_grandTotal = [{"name":"交银天鑫宝货币E","data":[[1501948800000,0],[1502035200000,0.01],[1502121600000,0.02],[1502208000000,0.04],[1502294400000,0.05],[1502380800000,0.06],[1502553600000,0.08],[1502640000000,0.09],[1502726400000,0.10],[1502812800000,0.12],[1502899200000,0.13],[1502985600000,0.14],[1503158400000,0.16],[1503244800000,0.17],[1503331200000,0.18],[1503417600000,0.20],[1503504000000,0.21],[1503590400000,0.22],[1503763200000,0.24],[1503849600000,0.25],[1503936000000,0.26],[1504022400000,0.28],[1504108800000,0.29],[1504195200000,0.30],[1504368000000,0.32],[1504454400000,0.33],[1504540800000,0.35],[1504627200000,0.36],[1504713600000,0.37],[1504800000000,0.38],[1504972800000,0.40],[1505059200000,0.42],[1505145600000,0.43],[1505232000000,0.44],[1505318400000,0.45],[1505404800000,0.46],[1505577600000,0.48],[1505664000000,0.50],[1505750400000,0.51],[1505836800000,0.52],[1505923200000,0.53],[1506009600000,0.54],[1506182400000,0.57],[1506268800000,0.58],[1506355200000,0.59],[1506441600000,0.60],[1506528000000,0.61],[1506614400000,0.62],[1507392000000,0.73],[1507478400000,0.74],[1507564800000,0.76],[1507651200000,0.77],[1507737600000,0.78],[1507824000000,0.79],[1507996800000,0.81],[1508083200000,0.83],[1508169600000,0.84],[1508256000000,0.85],[1508342400000,0.86],[1508428800000,0.87],[1508601600000,0.90],[1508688000000,0.91],[1508774400000,0.92],[1508860800000,0.93],[1508947200000,0.94],[1509033600000,0.95],[1509206400000,0.98],[1509292800000,0.99],[1509379200000,1.00],[1509465600000,1.01],[1509552000000,1.03],[1509638400000,1.04],[1509811200000,1.06],[1509897600000,1.07],[1509984000000,1.08],[1510070400000,1.10],[1510156800000,1.11],[1510243200000,1.12],[1510416000000,1.14],[1510502400000,1.15],[1510588800000,1.17],[1510675200000,1.18],[1510761600000,1.19],[1510848000000,1.20],[1511020800000,1.23],[1511107200000,1.24],[1511193600000,1.25],[1511280000000,1.26],[1511366400000,1.27],[1511452800000,1.28],[1511625600000,1.31],[1511712000000,1.32],[1511798400000,1.33],[1511884800000,1.34],[1511971200000,1.36],[1512057600000,1.37],[1512230400000,1.39],[1512316800000,1.40],[1512403200000,1.42],[1512489600000,1.43],[1512576000000,1.44],[1512662400000,1.45],[1512835200000,1.48],[1512921600000,1.49],[1513008000000,1.50],[1513094400000,1.51],[1513180800000,1.52],[1513267200000,1.53],[1513440000000,1.56],[1513526400000,1.57],[1513612800000,1.58],[1513699200000,1.59],[1513785600000,1.61],[1513872000000,1.62],[1514044800000,1.65],[1514131200000,1.66],[1514217600000,1.67],[1514304000000,1.69],[1514390400000,1.70],[1514476800000,1.72],[1514649600000,1.74],[1514736000000,1.76],[1514822400000,1.77],[1514908800000,1.78],[1514995200000,1.80],[1515081600000,1.81],[1515254400000,1.83],[1515340800000,1.85],[1515427200000,1.86],[1515513600000,1.87],[1515600000000,1.88],[1515686400000,1.89],[1515859200000,1.92],[1515945600000,1.93],[1516032000000,1.94],[1516118400000,1.95],[1516204800000,1.96],[1516291200000,1.98],[1516464000000,2.01],[1516550400000,2.02],[1516636800000,2.03],[1516723200000,2.04],[1516809600000,2.05],[1516896000000,2.07],[1517068800000,2.09],[1517155200000,2.10],[1517241600000,2.11],[1517328000000,2.13],[1517414400000,2.14],[1517500800000,2.15],[1517673600000,2.17],[1517760000000,2.19],[1517846400000,2.20]]},{"name":"同类平均","data":[[1502035200000,0],[1502121600000,0.01],[1502208000000,0.02],[1502294400000,0.03],[1502380800000,0.04],[1502640000000,0.07],[1502726400000,0.08],[1502812800000,0.09],[1502899200000,0.10],[1502985600000,0.11],[1503244800000,0.14],[1503331200000,0.16],[1503417600000,0.17],[1503504000000,0.18],[1503590400000,0.19],[1503849600000,0.22],[1503936000000,0.23],[1504022400000,0.24],[1504108800000,0.25],[1504195200000,0.26],[1504454400000,0.29],[1504540800000,0.30],[1504627200000,0.31],[1504713600000,0.32],[1504800000000,0.34],[1505059200000,0.37],[1505145600000,0.38],[1505232000000,0.39],[1505318400000,0.40],[1505404800000,0.41],[1505664000000,0.44],[1505750400000,0.45],[1505836800000,0.46],[1505923200000,0.47],[1506009600000,0.48],[1506268800000,0.52],[1506355200000,0.53],[1506441600000,0.54],[1506528000000,0.55],[1506614400000,0.56],[1507478400000,0.67],[1507564800000,0.68],[1507651200000,0.69],[1507737600000,0.71],[1507824000000,0.72],[1508083200000,0.75],[1508169600000,0.76],[1508256000000,0.77],[1508342400000,0.78],[1508428800000,0.79],[1508688000000,0.82],[1508774400000,0.83],[1508860800000,0.84],[1508947200000,0.85],[1509033600000,0.86],[1509292800000,0.90],[1509379200000,0.91],[1509465600000,0.92],[1509552000000,0.93],[1509638400000,0.94],[1509897600000,0.97],[1509984000000,0.98],[1510070400000,0.99],[1510156800000,1.00],[1510243200000,1.01],[1510502400000,1.04],[1510588800000,1.06],[1510675200000,1.07],[1510761600000,1.08],[1510848000000,1.09],[1511107200000,1.12],[1511193600000,1.13],[1511280000000,1.14],[1511366400000,1.15],[1511452800000,1.16],[1511712000000,1.20],[1511798400000,1.21],[1511884800000,1.22],[1511971200000,1.23],[1512057600000,1.24],[1512316800000,1.28],[1512403200000,1.29],[1512489600000,1.30],[1512576000000,1.31],[1512662400000,1.32],[1512921600000,1.35],[1513008000000,1.36],[1513094400000,1.38],[1513180800000,1.39],[1513267200000,1.40],[1513526400000,1.43],[1513612800000,1.44],[1513699200000,1.46],[1513785600000,1.47],[1513872000000,1.48],[1514131200000,1.51],[1514217600000,1.53],[1514304000000,1.54],[1514390400000,1.55],[1514476800000,1.57],[1514822400000,1.62],[1514908800000,1.64],[1514995200000,1.65],[1515081600000,1.66],[1515340800000,1.69],[1515427200000,1.71],[1515513600000,1.72],[1515600000000,1.73],[1515686400000,1.74],[1515945600000,1.77],[1516032000000,1.79],[1516118400000,1.80],[1516204800000,1.81],[1516291200000,1.82],[1516550400000,1.86],[1516636800000,1.87],[1516723200000,1.88],[1516809600000,1.89],[1516896000000,1.90],[1517155200000,1.94],[1517241600000,1.95],[1517328000000,1.96],[1517414400000,1.97],[1517500800000,1.98],[1517760000000,2.02],[1517846400000,2.03]]},{"name":"沪深300","data":[[1502035200000,0],[1502121600000,0.15],[1502208000000,0.11],[1502294400000,-0.29],[1502380800000,-2.13],[1502640000000,-0.86],[1502726400000,-0.56],[1502812800000,-0.68],[1502899200000,-0.15],[1502985600000,-0.06],[1503244800000,0.38],[1503331200000,0.68],[1503417600000,0.79],[1503504000000,0.21],[1503590400000,1.85],[1503849600000,3.11],[1503936000000,2.89],[1504022400000,2.88],[1504108800000,2.56],[1504195200000,2.78],[1504454400000,3.19],[1504540800000,3.50],[1504627200000,3.29],[1504713600000,2.77],[1504800000000,2.66],[1505059200000,2.65],[1505145600000,2.98],[1505232000000,3.11],[1505318400000,2.77],[1505404800000,2.80],[1505664000000,3.12],[1505750400000,2.83],[1505836800000,3.10],[1505923200000,2.98],[1506009600000,2.98],[1506268800000,2.44],[1506355200000,2.52],[1506441600000,2.53],[1506528000000,2.57],[1506614400000,2.94],[1507478400000,4.17],[1507564800000,4.38],[1507651200000,4.72],[1507737600000,5.00],[1507824000000,5.21],[1508083200000,5.01],[1508169600000,5.00],[1508256000000,5.83],[1508342400000,5.49],[1508428800000,5.37],[1508688000000,5.47],[1508774400000,6.24],[1508860800000,6.71],[1508947200000,7.16],[1509033600000,7.92],[1509292800000,7.59],[1509379200000,7.51],[1509465600000,7.24],[1509552000000,7.25],[1509638400000,7.13],[1509897600000,7.89],[1509984000000,8.79],[1510070400000,8.62],[1510156800000,9.37],[1510243200000,10.33],[1510502400000,10.77],[1510588800000,10.00],[1510675200000,9.31],[1510761600000,10.15],[1510848000000,10.57],[1511107200000,11.19],[1511193600000,13.17],[1511280000000,13.44],[1511366400000,10.08],[1511452800000,10.13],[1511712000000,8.67],[1511798400000,8.83],[1511884800000,8.77],[1511971200000,7.49],[1512057600000,7.28],[1512316800000,7.84],[1512403200000,8.41],[1512489600000,7.76],[1512576000000,6.55],[1512662400000,7.42],[1512921600000,9.20],[1513008000000,7.76],[1513094400000,8.67],[1513180800000,8.03],[1513267200000,6.82],[1513526400000,6.94],[1513612800000,8.28],[1513699200000,8.15],[1513785600000,9.15],[1513872000000,8.80],[1514131200000,8.45],[1514217600000,8.77],[1514304000000,7.09],[1514390400000,7.84],[1514476800000,8.16],[1514822400000,9.68],[1514908800000,10.32],[1514995200000,10.79],[1515081600000,11.05],[1515340800000,11.63],[1515427200000,12.41],[1515513600000,12.91],[1515600000000,12.85],[1515686400000,13.37],[1515945600000,13.37],[1516032000000,14.27],[1516118400000,13.99],[1516204800000,14.61],[1516291200000,14.99],[1516550400000,16.36],[1516636800000,17.60],[1516723200000,17.79],[1516809600000,17.13],[1516896000000,17.56],[1517155200000,15.43],[1517241600000,14.20],[1517328000000,14.73],[1517414400000,13.93],[1517500800000,14.61],[1517760000000,14.69],[1517846400000,11.33]]}];
/*同类排名*/
var Data_rateInSimilarType = [{"x":1488816000000,"y":433,"sc":"515"},{"x":1488902400000,"y":431,"sc":"516"},{"x":1488988800000,"y":435,"sc":"518"},{"x":1489075200000,"y":433,"sc":"518"},{"x":1489334400000,"y":406,"sc":"518"},{"x":1489420800000,"y":394,"sc":"518"},{"x":1489507200000,"y":393,"sc":"518"},{"x":1489593600000,"y":394,"sc":"520"},{"x":1489680000000,"y":392,"sc":"520"},{"x":1489939200000,"y":392,"sc":"522"},{"x":1490025600000,"y":390,"sc":"522"},{"x":1490112000000,"y":391,"sc":"524"},{"x":1490198400000,"y":394,"sc":"530"},{"x":1490284800000,"y":387,"sc":"530"},{"x":1490544000000,"y":403,"sc":"534"},{"x":1490630400000,"y":408,"sc":"535"},{"x":1490716800000,"y":427,"sc":"535"},{"x":1490803200000,"y":430,"sc":"538"},{"x":1490889600000,"y":426,"sc":"538"},{"x":1491321600000,"y":422,"sc":"538"},{"x":1491408000000,"y":430,"sc":"540"},{"x":1491494400000,"y":430,"sc":"540"},{"x":1491753600000,"y":419,"sc":"540"},{"x":1491840000000,"y":413,"sc":"540"},{"x":1491926400000,"y":410,"sc":"540"},{"x":1492012800000,"y":416,"sc":"541"},{"x":1492099200000,"y":410,"sc":"541"},{"x":1492358400000,"y":394,"sc":"543"},{"x":1492444800000,"y":399,"sc":"543"},{"x":1492531200000,"y":410,"sc":"543"},{"x":1492617600000,"y":428,"sc":"545"},{"x":1492704000000,"y":425,"sc":"545"},{"x":1492963200000,"y":427,"sc":"545"},{"x":1493049600000,"y":428,"sc":"547"},{"x":1493136000000,"y":462,"sc":"549"},{"x":1493222400000,"y":459,"sc":"549"},{"x":1493308800000,"y":454,"sc":"549"},{"x":1493654400000,"y":429,"sc":"549"},{"x":1493740800000,"y":424,"sc":"550"},{"x":1493827200000,"y":421,"sc":"550"},{"x":1493913600000,"y":420,"sc":"550"},{"x":1494172800000,"y":417,"sc":"550"},{"x":1494259200000,"y":413,"sc":"550"},{"x":1494345600000,"y":409,"sc":"550"},{"x":1494432000000,"y":406,"sc":"550"},{"x":1494518400000,"y":397,"sc":"550"},{"x":1494777600000,"y":383,"sc":"554"},{"x":1494864000000,"y":381,"sc":"556"},{"x":1494950400000,"y":393,"sc":"560"},{"x":1495036800000,"y":382,"sc":"560"},{"x":1495123200000,"y":370,"sc":"560"},{"x":1495382400000,"y":353,"sc":"560"},{"x":1495468800000,"y":357,"sc":"562"},{"x":1495555200000,"y":366,"sc":"564"},{"x":1495641600000,"y":355,"sc":"564"},{"x":1495728000000,"y":334,"sc":"564"},{"x":1496160000000,"y":305,"sc":"564"},{"x":1496246400000,"y":307,"sc":"564"},{"x":1496332800000,"y":304,"sc":"564"},{"x":1496592000000,"y":264,"sc":"566"},{"x":1496678400000,"y":246,"sc":"566"},{"x":1496764800000,"y":233,"sc":"566"},{"x":1496851200000,"y":221,"sc":"566"},{"x":1496937600000,"y":220,"sc":"566"},{"x":1497196800000,"y":220,"sc":"574"},{"x":1497283200000,"y":219,"sc":"574"},{"x":1497369600000,"y":219,"sc":"575"},{"x":1497456000000,"y":217,"sc":"575"},{"x":1497542400000,"y":218,"sc":"575"},{"x":1497801600000,"y":222,"sc":"577"},{"x":1497888000000,"y":224,"sc":"577"},{"x":1497974400000,"y":221,"sc":"575"},{"x":1498060800000,"y":220,"sc":"575"},{"x":1498147200000,"y":225,"sc":"576"},{"x":1498406400000,"y":235,"sc":"579"},{"x":1498492800000,"y":238,"sc":"579"},{"x":1498579200000,"y":240,"sc":"579"},{"x":1498665600000,"y":242,"sc":"579"},{"x":1498752000000,"y":242,"sc":"582"},{"x":1499011200000,"y":205,"sc":"582"},{"x":1499097600000,"y":240,"sc":"582"},{"x":1499184000000,"y":238,"sc":"583"},{"x":1499270400000,"y":235,"sc":"583"},{"x":1499356800000,"y":234,"sc":"583"},{"x":1499616000000,"y":229,"sc":"583"},{"x":1499702400000,"y":229,"sc":"583"},{"x":1499788800000,"y":228,"sc":"583"},{"x":1499875200000,"y":225,"sc":"583"},{"x":1499961600000,"y":228,"sc":"586"},{"x":1500220800000,"y":231,"sc":"586"},{"x":1500307200000,"y":229,"sc":"586"},{"x":1500393600000,"y":229,"sc":"589"},{"x":1500480000000,"y":199,"sc":"589"},{"x":1500566400000,"y":151,"sc":"593"},{"x":1500825600000,"y":147,"sc":"593"},{"x":1500912000000,"y":148,"sc":"593"},{"x":1500998400000,"y":147,"sc":"594"},{"x":1501084800000,"y":147,"sc":"594"},{"x":1501171200000,"y":142,"sc":"594"},{"x":1501430400000,"y":126,"sc":"594"},{"x":1501516800000,"y":139,"sc":"594"},{"x":1501603200000,"y":139,"sc":"594"},{"x":1501689600000,"y":134,"sc":"594"},{"x":1501776000000,"y":134,"sc":"594"},{"x":1502035200000,"y":128,"sc":"596"},{"x":1502121600000,"y":123,"sc":"596"},{"x":1502208000000,"y":125,"sc":"596"},{"x":1502294400000,"y":126,"sc":"596"},{"x":1502380800000,"y":125,"sc":"596"},{"x":1502640000000,"y":120,"sc":"596"},{"x":1502726400000,"y":118,"sc":"596"},{"x":1502812800000,"y":116,"sc":"596"},{"x":1502899200000,"y":115,"sc":"596"},{"x":1502985600000,"y":114,"sc":"596"},{"x":1503244800000,"y":111,"sc":"597"},{"x":1503331200000,"y":109,"sc":"597"},{"x":1503417600000,"y":106,"sc":"597"},{"x":1503504000000,"y":103,"sc":"596"},{"x":1503590400000,"y":103,"sc":"596"},{"x":1503849600000,"y":90,"sc":"600"},{"x":1503936000000,"y":86,"sc":"600"},{"x":1504022400000,"y":103,"sc":"600"},{"x":1504108800000,"y":103,"sc":"601"},{"x":1504195200000,"y":103,"sc":"601"},{"x":1504454400000,"y":101,"sc":"601"},{"x":1504540800000,"y":100,"sc":"601"},{"x":1504627200000,"y":100,"sc":"601"},{"x":1504713600000,"y":98,"sc":"601"},{"x":1504800000000,"y":98,"sc":"601"},{"x":1505059200000,"y":95,"sc":"603"},{"x":1505145600000,"y":97,"sc":"603"},{"x":1505232000000,"y":97,"sc":"603"},{"x":1505318400000,"y":100,"sc":"605"},{"x":1505404800000,"y":98,"sc":"605"},{"x":1505664000000,"y":98,"sc":"606"},{"x":1505750400000,"y":99,"sc":"606"},{"x":1505836800000,"y":99,"sc":"603"},{"x":1505923200000,"y":98,"sc":"603"},{"x":1506009600000,"y":96,"sc":"603"},{"x":1506268800000,"y":90,"sc":"603"},{"x":1506355200000,"y":88,"sc":"603"},{"x":1506441600000,"y":85,"sc":"604"},{"x":1506528000000,"y":84,"sc":"604"},{"x":1506614400000,"y":82,"sc":"606"},{"x":1507478400000,"y":68,"sc":"606"},{"x":1507564800000,"y":65,"sc":"607"},{"x":1507651200000,"y":63,"sc":"607"},{"x":1507737600000,"y":62,"sc":"611"},{"x":1507824000000,"y":59,"sc":"611"},{"x":1508083200000,"y":57,"sc":"612"},{"x":1508169600000,"y":55,"sc":"612"},{"x":1508256000000,"y":54,"sc":"611"},{"x":1508342400000,"y":52,"sc":"611"},{"x":1508428800000,"y":66,"sc":"611"},{"x":1508688000000,"y":99,"sc":"606"},{"x":1508774400000,"y":95,"sc":"606"},{"x":1508860800000,"y":91,"sc":"607"},{"x":1508947200000,"y":86,"sc":"607"},{"x":1509033600000,"y":86,"sc":"607"},{"x":1509292800000,"y":81,"sc":"609"},{"x":1509379200000,"y":78,"sc":"610"},{"x":1509465600000,"y":77,"sc":"610"},{"x":1509552000000,"y":76,"sc":"613"},{"x":1509638400000,"y":76,"sc":"617"},{"x":1509897600000,"y":75,"sc":"621"},{"x":1509984000000,"y":74,"sc":"621"},{"x":1510070400000,"y":77,"sc":"621"},{"x":1510156800000,"y":78,"sc":"623"},{"x":1510243200000,"y":77,"sc":"623"},{"x":1510502400000,"y":74,"sc":"633"},{"x":1510588800000,"y":72,"sc":"635"},{"x":1510675200000,"y":72,"sc":"635"},{"x":1510761600000,"y":71,"sc":"635"},{"x":1510848000000,"y":71,"sc":"636"},{"x":1511107200000,"y":72,"sc":"636"},{"x":1511193600000,"y":73,"sc":"636"},{"x":1511280000000,"y":77,"sc":"636"},{"x":1511366400000,"y":78,"sc":"636"},{"x":1511452800000,"y":77,"sc":"637"},{"x":1511712000000,"y":75,"sc":"640"},{"x":1511798400000,"y":73,"sc":"640"},{"x":1511884800000,"y":70,"sc":"640"},{"x":1511971200000,"y":69,"sc":"641"},{"x":1512057600000,"y":70,"sc":"643"},{"x":1512316800000,"y":70,"sc":"643"},{"x":1512403200000,"y":70,"sc":"643"},{"x":1512489600000,"y":69,"sc":"643"},{"x":1512576000000,"y":72,"sc":"644"},{"x":1512662400000,"y":74,"sc":"652"},{"x":1512921600000,"y":75,"sc":"652"},{"x":1513008000000,"y":79,"sc":"653"},{"x":1513094400000,"y":79,"sc":"653"},{"x":1513180800000,"y":79,"sc":"654"},{"x":1513267200000,"y":83,"sc":"656"},{"x":1513526400000,"y":88,"sc":"656"},{"x":1513612800000,"y":87,"sc":"656"},{"x":1513699200000,"y":90,"sc":"656"},{"x":1513785600000,"y":83,"sc":"655"},{"x":1513872000000,"y":77,"sc":"655"},{"x":1514131200000,"y":77,"sc":"655"},{"x":1514217600000,"y":74,"sc":"655"},{"x":1514304000000,"y":69,"sc":"654"},{"x":1514390400000,"y":69,"sc":"655"},{"x":1514476800000,"y":69,"sc":"655"},{"x":1514822400000,"y":59,"sc":"655"},{"x":1514908800000,"y":61,"sc":"655"},{"x":1514995200000,"y":60,"sc":"655"},{"x":1515081600000,"y":60,"sc":"655"},{"x":1515340800000,"y":80,"sc":"655"},{"x":1515427200000,"y":79,"sc":"655"},{"x":1515513600000,"y":82,"sc":"656"},{"x":1515600000000,"y":84,"sc":"657"},{"x":1515686400000,"y":85,"sc":"657"},{"x":1515945600000,"y":95,"sc":"657"},{"x":1516032000000,"y":98,"sc":"657"},{"x":1516118400000,"y":99,"sc":"657"},{"x":1516204800000,"y":100,"sc":"657"},{"x":1516291200000,"y":89,"sc":"657"},{"x":1516550400000,"y":92,"sc":"657"},{"x":1516636800000,"y":92,"sc":"657"},{"x":1516723200000,"y":95,"sc":"657"},{"x":1516809600000,"y":96,"sc":"657"},{"x":1516896000000,"y":100,"sc":"655"},{"x":1517155200000,"y":108,"sc":"656"},{"x":1517241600000,"y":110,"sc":"656"},{"x":1517328000000,"y":115,"sc":"656"},{"x":1517414400000,"y":117,"sc":"656"},{"x":1517500800000,"y":118,"sc":"656"},{"x":1517760000000,"y":124,"sc":"656"},{"x":1517846400000,"y":129,"sc":"656"}];
/*百分比排名*/
var Data_rateInSimilarPersent = [[1488816000000,15.9200],[1488902400000,16.4700],[1488988800000,16.0200],[1489075200000,16.4100],[1489334400000,21.6200],[1489420800000,23.9400],[1489507200000,24.1300],[1489593600000,24.2300],[1489680000000,24.6200],[1489939200000,24.9000],[1490025600000,25.2900],[1490112000000,25.3800],[1490198400000,25.6600],[1490284800000,26.9800],[1490544000000,24.5300],[1490630400000,23.7400],[1490716800000,20.1900],[1490803200000,20.0700],[1490889600000,20.8200],[1491321600000,21.5600],[1491408000000,20.3700],[1491494400000,20.3700],[1491753600000,22.4100],[1491840000000,23.5200],[1491926400000,24.0700],[1492012800000,23.1100],[1492099200000,24.2100],[1492358400000,27.4400],[1492444800000,26.5200],[1492531200000,24.4900],[1492617600000,21.4700],[1492704000000,22.0200],[1492963200000,21.6500],[1493049600000,21.7600],[1493136000000,15.8500],[1493222400000,16.3900],[1493308800000,17.3000],[1493654400000,21.8600],[1493740800000,22.9100],[1493827200000,23.4500],[1493913600000,23.6400],[1494172800000,24.1800],[1494259200000,24.9100],[1494345600000,25.6400],[1494432000000,26.1800],[1494518400000,27.8200],[1494777600000,30.8700],[1494864000000,31.4700],[1494950400000,29.8200],[1495036800000,31.7900],[1495123200000,33.9300],[1495382400000,36.9600],[1495468800000,36.4800],[1495555200000,35.1100],[1495641600000,37.0600],[1495728000000,40.7800],[1496160000000,45.9200],[1496246400000,45.5700],[1496332800000,46.1000],[1496592000000,53.3600],[1496678400000,56.5400],[1496764800000,58.8300],[1496851200000,60.9500],[1496937600000,61.1300],[1497196800000,61.6700],[1497283200000,61.8500],[1497369600000,61.9100],[1497456000000,62.2600],[1497542400000,62.0900],[1497801600000,61.5300],[1497888000000,61.1800],[1497974400000,61.5700],[1498060800000,61.7400],[1498147200000,60.9400],[1498406400000,59.4100],[1498492800000,58.8900],[1498579200000,58.5500],[1498665600000,58.2000],[1498752000000,58.4200],[1499011200000,64.7800],[1499097600000,58.7600],[1499184000000,59.1800],[1499270400000,59.6900],[1499356800000,59.8600],[1499616000000,60.7200],[1499702400000,60.7200],[1499788800000,60.8900],[1499875200000,61.4100],[1499961600000,61.0900],[1500220800000,60.5800],[1500307200000,60.9200],[1500393600000,61.1200],[1500480000000,66.2100],[1500566400000,74.5400],[1500825600000,75.2100],[1500912000000,75.0400],[1500998400000,75.2500],[1501084800000,75.2500],[1501171200000,76.0900],[1501430400000,78.7900],[1501516800000,76.6000],[1501603200000,76.6000],[1501689600000,77.4400],[1501776000000,77.4400],[1502035200000,78.5200],[1502121600000,79.3600],[1502208000000,79.0300],[1502294400000,78.8600],[1502380800000,79.0300],[1502640000000,79.8700],[1502726400000,80.2000],[1502812800000,80.5400],[1502899200000,80.7000],[1502985600000,80.8700],[1503244800000,81.4100],[1503331200000,81.7400],[1503417600000,82.2400],[1503504000000,82.7200],[1503590400000,82.7200],[1503849600000,85.00],[1503936000000,85.6700],[1504022400000,82.8300],[1504108800000,82.8600],[1504195200000,82.8600],[1504454400000,83.1900],[1504540800000,83.3600],[1504627200000,83.3600],[1504713600000,83.6900],[1504800000000,83.6900],[1505059200000,84.2500],[1505145600000,83.9100],[1505232000000,83.9100],[1505318400000,83.4700],[1505404800000,83.8000],[1505664000000,83.8300],[1505750400000,83.6600],[1505836800000,83.5800],[1505923200000,83.7500],[1506009600000,84.0800],[1506268800000,85.0700],[1506355200000,85.4100],[1506441600000,85.9300],[1506528000000,86.0900],[1506614400000,86.4700],[1507478400000,88.7800],[1507564800000,89.2900],[1507651200000,89.6200],[1507737600000,89.8500],[1507824000000,90.3400],[1508083200000,90.6900],[1508169600000,91.0100],[1508256000000,91.1600],[1508342400000,91.4900],[1508428800000,89.2000],[1508688000000,83.6600],[1508774400000,84.3200],[1508860800000,85.0100],[1508947200000,85.8300],[1509033600000,85.8300],[1509292800000,86.7000],[1509379200000,87.2100],[1509465600000,87.3800],[1509552000000,87.6000],[1509638400000,87.6800],[1509897600000,87.9200],[1509984000000,88.0800],[1510070400000,87.6000],[1510156800000,87.4800],[1510243200000,87.6400],[1510502400000,88.3100],[1510588800000,88.6600],[1510675200000,88.6600],[1510761600000,88.8200],[1510848000000,88.8400],[1511107200000,88.6800],[1511193600000,88.5200],[1511280000000,87.8900],[1511366400000,87.7400],[1511452800000,87.9100],[1511712000000,88.2800],[1511798400000,88.5900],[1511884800000,89.0600],[1511971200000,89.2400],[1512057600000,89.1100],[1512316800000,89.1100],[1512403200000,89.1100],[1512489600000,89.2700],[1512576000000,88.8200],[1512662400000,88.6500],[1512921600000,88.5000],[1513008000000,87.9000],[1513094400000,87.9000],[1513180800000,87.9200],[1513267200000,87.3500],[1513526400000,86.5900],[1513612800000,86.7400],[1513699200000,86.2800],[1513785600000,87.3300],[1513872000000,88.2400],[1514131200000,88.2400],[1514217600000,88.7000],[1514304000000,89.4500],[1514390400000,89.4700],[1514476800000,89.4700],[1514822400000,90.9900],[1514908800000,90.6900],[1514995200000,90.8400],[1515081600000,90.8400],[1515340800000,87.7900],[1515427200000,87.9400],[1515513600000,87.5000],[1515600000000,87.2100],[1515686400000,87.0600],[1515945600000,85.5400],[1516032000000,85.0800],[1516118400000,84.9300],[1516204800000,84.7800],[1516291200000,86.4500],[1516550400000,86.00],[1516636800000,86.00],[1516723200000,85.5400],[1516809600000,85.3900],[1516896000000,84.7300],[1517155200000,83.5400],[1517241600000,83.2300],[1517328000000,82.4700],[1517414400000,82.1600],[1517500800000,82.0100],[1517760000000,81.1000],[1517846400000,80.3400]];
/*规模变动*/
var Data_fluctuationScale = {"categories":["2016-12-31","2017-03-31","2017-06-30","2017-09-30","2017-12-31"],"series":[{"y":2.00,"mom":"0.19%"},{"y":20.04,"mom":"899.94%"},{"y":20.24,"mom":"0.97%"},{"y":150.11,"mom":"641.70%"},{"y":234.51,"mom":"56.23%"}]};;
/*持有人结构*/
var Data_holderStructure = {"series":[{"name":"机构持有比例","data":[]},{"name":"个人持有比例","data":[]},{"name":"内部持有比例","data":[]}],"categories":[]};
/*申购赎回*/
var Data_assetAllocation ={"series":[{"name":"期间申购","data":[20.05,0.20,179.93,192.78]},{"name":"期间赎回","data":[2.02,0.00,50.06,108.38]},{"name":"总份额","data":[20.04,20.24,150.11,234.51]}],"categories":["2017-03-31","2017-06-30","2017-09-30","2017-12-31"]};
/*现任基金经理*/
var Data_currentFundManager = [{"id":"30131854","pic":"https://pdf.dfcfw.com/pdf/H8_JPG30131854_1.jpg","name":"连端清","star":4,"workTime":"2年又188天","fundSize":"840.71亿(30只基金)","power":{"avr":"65.42","categories":["经验值","收益率","影响力","稳定性","管理规模"],"dsc":["反映基金经理从业年限和管理基金的经验","根据基金经理投资的阶段收益评分，反映\u003cbr\u003e基金经理投资的盈利能力","根据基金经理所管理基金的机构和个人投\u003cbr\u003e资者持有比例评分","反映基金经理投资收益的波动","根据基金经理现任管理基金资产规模评分"],"data":[53.40,75.80,65.20,50.0,77.30],"jzrq":"2018-02-06"},"profit":{"categories":["任期收益","同类平均"],"series":[{"data":[{"name":null,"color":"#7cb5ec","y":4.6027},{"name":null,"color":"#414c7b","y":4.47}]}],"jzrq":"2018-02-06"}},{"id":"30350050","pic":"https://pdf.dfcfw.com/pdf/H8_JPG30350050_1.jpg","name":"黄莹洁","star":4,"workTime":"2年又257天","fundSize":"797.60亿(22只基金)","power":{"avr":"63.03","categories":["经验值","收益率","影响力","稳定性","管理规模"],"dsc":["反映基金经理从业年限和管理基金的经验","根据基金经理投资的阶段收益评分，反映\u003cbr\u003e基金经理投资的盈利能力","根据基金经理所管理基金的机构和个人投\u003cbr\u003e资者持有比例评分","反映基金经理投资收益的波动","根据基金经理现任管理基金资产规模评分"],"data":[57.90,71.60,96.20,41.90,78.0],"jzrq":"2018-02-06"},"profit":{"categories":["任期收益","同类平均"],"series":[{"data":[{"name":null,"color":"#7cb5ec","y":4.6027},{"name":null,"color":"#414c7b","y":4.47}]}],"jzrq":"2018-02-06"}}] ;
/*同类型基金涨幅榜（页面底部通栏）*/
var swithSameType = [['002895_华夏天利货币B_5.8750','002894_华夏天利货币A_5.6210','004398_融通现金宝货币B_5.3370','000902_国开货币B_5.3360','001478_泰康薪意保货币B_5.1400'],['002895_华夏天利货币B_5.26','004973_长城收益宝货币B_5.08','004904_人保货币B_5.05','002884_华润元大现金通货币B_5.01','002894_华夏天利货币A_5.01'],['004973_长城收益宝货币B_5.05','004770_海富通添益货币A_4.99','002884_华润元大现金通货币B_4.99','005151_红土创新优淳货币B_4.90','002895_华夏天利货币B_4.89'],['004770_海富通添益货币A_5.39','004973_长城收益宝货币B_5.13','002884_华润元大现金通货币B_5.03','002895_华夏天利货币B_5.03','004398_融通现金宝货币B_5.01'],['003679_中融现金增利货币C_4.67','003474_南方天天利货币B_4.55','000836_国投瑞银钱多宝货币A_4.52','000837_国投瑞银钱多宝货币I_4.52','003753_工银如意货币B_4.51']];