/**
 * 测试数据
 * @type {arry}
 */
/*2018-02-07 16:07:40*/
//基金或股票信息
var fS_name = "兴银现金增利货币";
var fS_code = "001937";
var fund_minsg="100";
var ishb=true;
/*原费率*/
var fund_sourceRate="0";
/*现费率*/
var fund_Rate="0";
/*最小申购金额*/
var fund_minsg="100";
/*收益率*/
/*近一年收益率*/
var syl_1n="3.8397";
/*近6月收益率*/
var syl_6y="2.1316";
/*近三月收益率*/
var syl_3y="1.077";
/*近一月收益率*/
var syl_1y="0.3833";
/* 基金收益走势图 每万份收益*/
var Data_millionCopiesIncome = [[1446652800000,0.5802],[1446739200000,0.5802],[1446912000000,1.1603],[1446998400000,0.58],[1447084800000,0.7031],[1447171200000,0.5081],[1447257600000,0.5097],[1447344000000,0.5097],[1447516800000,1.0193],[1447603200000,0.5096],[1447689600000,0.5095],[1447776000000,0.5102],[1447862400000,0.5102],[1447948800000,0.5101],[1448121600000,1.0202],[1448208000000,0.51],[1448294400000,0.4533],[1448380800000,0.4559],[1448467200000,0.4576],[1448553600000,0.4575],[1448726400000,0.9151],[1448812800000,0.4575],[1448899200000,0.5046],[1448985600000,0.5015],[1449072000000,0.5015],[1449158400000,0.5922],[1449331200000,0.8773],[1449417600000,0.5516],[1449504000000,0.5699],[1449590400000,0.6141],[1449676800000,0.6228],[1449763200000,0.6284],[1449936000000,1.258],[1450022400000,0.6011],[1450108800000,0.6978],[1450195200000,0.6905],[1450281600000,0.7095],[1450368000000,0.7105],[1450540800000,1.4224],[1450627200000,0.7094],[1450713600000,0.714],[1450800000000,0.7042],[1450886400000,0.7048],[1450972800000,0.7048],[1451145600000,1.4097],[1451232000000,0.7047],[1451318400000,0.7084],[1451404800000,0.755],[1451491200000,0.7643],[1451750400000,1.9258],[1451836800000,0.6417],[1451923200000,0.6374],[1452009600000,0.6159],[1452096000000,0.6113],[1452182400000,0.6406],[1452355200000,1.2821],[1452441600000,0.6422],[1452528000000,0.6412],[1452614400000,0.6413],[1452700800000,0.6413],[1452787200000,0.6412],[1452960000000,1.2823],[1453046400000,0.6419],[1453132800000,0.6382],[1453219200000,0.5967],[1453305600000,0.6414],[1453392000000,0.6562],[1453564800000,1.3158],[1453651200000,0.7914],[1453737600000,0.6613],[1453824000000,0.8061],[1453910400000,0.6464],[1453996800000,0.669],[1454169600000,1.3384],[1454256000000,0.6691],[1454342400000,0.669],[1454428800000,0.6684],[1454515200000,0.6685],[1454601600000,0.6685],[1455379200000,6.0178],[1455465600000,0.6715],[1455552000000,0.8306],[1455638400000,0.6747],[1455724800000,0.6708],[1455811200000,0.6671],[1455984000000,1.3346],[1456070400000,0.6745],[1456156800000,0.6628],[1456243200000,0.6598],[1456329600000,0.6566],[1456416000000,0.887],[1456588800000,1.2878],[1456675200000,0.6473],[1456761600000,0.6447],[1456848000000,0.6446],[1456934400000,0.6443],[1457020800000,0.6443],[1457193600000,1.289],[1457280000000,0.6424],[1457366400000,1.1044],[1457452800000,0.6465],[1457539200000,0.6467],[1457625600000,0.6468],[1457798400000,1.2937],[1457884800000,0.6466],[1457971200000,0.6401],[1458057600000,1.0305],[1458144000000,0.6358],[1458230400000,0.6891],[1458403200000,1.2767],[1458489600000,0.6298],[1458576000000,0.6288],[1458662400000,0.637],[1458748800000,0.6189],[1458835200000,0.6149],[1459008000000,1.203],[1459094400000,0.6084],[1459180800000,0.5708],[1459267200000,0.5869],[1459353600000,0.5881],[1459440000000,0.7099],[1459699200000,1.7713],[1459785600000,0.8072],[1459872000000,0.7817],[1459958400000,0.5973],[1460044800000,0.6329],[1460217600000,1.1692],[1460304000000,0.5834],[1460390400000,0.5829],[1460476800000,0.5821],[1460563200000,0.7515],[1460649600000,1.0389],[1460822400000,1.1966],[1460908800000,0.6458],[1460995200000,0.5991],[1461081600000,0.6006],[1461168000000,0.597],[1461254400000,0.6398],[1461427200000,1.1875],[1461513600000,0.5933],[1461600000000,0.588],[1461686400000,0.5946],[1461772800000,0.5948],[1461859200000,0.5972],[1462118400000,1.7759],[1462204800000,0.6555],[1462291200000,0.5963],[1462377600000,0.9957],[1462464000000,0.5933],[1462636800000,1.2023],[1462723200000,0.5989],[1462809600000,0.5999],[1462896000000,0.5927],[1462982400000,0.5649],[1463068800000,0.7736],[1463241600000,1.2136],[1463328000000,0.5591],[1463414400000,0.6099],[1463500800000,0.5088],[1463587200000,0.6097],[1463673600000,0.5764],[1463846400000,1.2199],[1463932800000,0.6978],[1464019200000,0.5779],[1464105600000,0.6193],[1464192000000,0.5001],[1464278400000,0.6109],[1464451200000,1.2165],[1464537600000,0.616],[1464624000000,0.6129],[1464710400000,0.6235],[1464796800000,0.5216],[1464883200000,0.5698],[1465056000000,1.14],[1465142400000,0.5552],[1465228800000,0.9959],[1465315200000,0.5474],[1465660800000,2.1901],[1465747200000,0.5534],[1465833600000,0.5601],[1465920000000,0.8417],[1466006400000,0.8366],[1466092800000,0.5624],[1466265600000,1.1446],[1466352000000,1.1496],[1466438400000,1.3209],[1466524800000,0.6235],[1466611200000,0.6686],[1466697600000,0.6362],[1466870400000,1.3021],[1466956800000,0.6751],[1467043200000,0.6583],[1467129600000,0.6565],[1467216000000,0.6569],[1467302400000,0.7251],[1467475200000,1.3553],[1467561600000,0.7093],[1467648000000,0.7519],[1467734400000,0.6784],[1467820800000,0.6919],[1467907200000,0.6743],[1468080000000,1.349],[1468166400000,0.7517],[1468252800000,0.6751],[1468339200000,0.8285],[1468425600000,0.6566],[1468512000000,0.6546],[1468684800000,1.3097],[1468771200000,0.654],[1468857600000,0.6647],[1468944000000,0.7337],[1469030400000,1.1083],[1469116800000,1.0403],[1469289600000,1.3342],[1469376000000,0.5004],[1469462400000,0.6583],[1469548800000,0.6539],[1469635200000,0.6585],[1469721600000,0.6611],[1469894400000,1.3227],[1469980800000,0.6647],[1470067200000,0.6648],[1470153600000,0.6646],[1470240000000,0.6698],[1470326400000,0.6613],[1470499200000,1.323],[1470585600000,0.6623],[1470672000000,0.6397],[1470758400000,0.6305],[1470844800000,0.621],[1470931200000,0.6289],[1471104000000,1.2414],[1471190400000,0.625],[1471276800000,0.6306],[1471363200000,0.6384],[1471449600000,0.6331],[1471536000000,1.129],[1471708800000,1.343],[1471795200000,0.8179],[1471881600000,0.6543],[1471968000000,0.7823],[1472054400000,0.6398],[1472140800000,0.6507],[1472313600000,1.3022],[1472400000000,0.6383],[1472486400000,0.8867],[1472572800000,1.0218],[1472659200000,0.6493],[1472745600000,0.6484],[1472918400000,1.2972],[1473004800000,0.6482],[1473091200000,0.7179],[1473177600000,0.6648],[1473264000000,0.6649],[1473350400000,0.6244],[1473523200000,1.3211],[1473609600000,0.662],[1473696000000,0.6624],[1473782400000,0.6624],[1474128000000,2.5927],[1474214400000,0.6544],[1474300800000,0.6549],[1474387200000,0.6587],[1474473600000,0.6492],[1474560000000,0.6386],[1474732800000,1.3082],[1474819200000,1.251],[1474905600000,0.6539],[1474992000000,2.0499],[1475078400000,0.6647],[1475164800000,0.6648],[1475942400000,5.9733],[1476028800000,0.6578],[1476115200000,0.6544],[1476201600000,0.6607],[1476288000000,0.6612],[1476374400000,0.6537],[1476547200000,1.2987],[1476633600000,0.6176],[1476720000000,0.2863],[1476806400000,0.2856],[1476892800000,1.2952],[1476979200000,1.3259],[1477152000000,1.2875],[1477238400000,0.6392],[1477324800000,0.6727],[1477411200000,0.6699],[1477497600000,0.6709],[1477584000000,0.6723],[1477756800000,1.3446],[1477843200000,0.6501],[1477929600000,0.669],[1478016000000,0.6773],[1478102400000,0.6801],[1478188800000,0.6829],[1478361600000,1.3664],[1478448000000,0.6801],[1478534400000,0.6693],[1478620800000,0.6725],[1478707200000,0.6728],[1478793600000,0.6651],[1478966400000,1.3307],[1479052800000,0.6654],[1479139200000,0.6696],[1479225600000,0.6695],[1479312000000,0.6697],[1479398400000,0.7471],[1479571200000,1.337],[1479657600000,0.9398],[1479744000000,0.7705],[1479830400000,0.6721],[1479916800000,0.6719],[1480003200000,0.6721],[1480176000000,1.3443],[1480262400000,0.9905],[1480348800000,0.9522],[1480435200000,0.6589],[1480521600000,0.6587],[1480608000000,0.6632],[1480780800000,1.3268],[1480867200000,0.6585],[1480953600000,0.6546],[1481040000000,0.6583],[1481126400000,0.6587],[1481212800000,0.6587],[1481385600000,1.3174],[1481472000000,0.6586],[1481558400000,0.6623],[1481644800000,0.6641],[1481731200000,0.646],[1481817600000,0.9166],[1481990400000,1.3705],[1482076800000,0.381],[1482163200000,0.6749],[1482249600000,0.3954],[1482336000000,0.7301],[1482422400000,1.4027],[1482595200000,1.5448],[1482681600000,0.7722],[1482768000000,0.7518],[1482854400000,0.8008],[1482940800000,0.8007],[1483027200000,0.8007],[1483113600000,0.8007],[1483286400000,1.4892],[1483372800000,0.8003],[1483459200000,0.4798],[1483545600000,0.7023],[1483632000000,0.5463],[1483804800000,1.416],[1483891200000,0.7353],[1483977600000,0.5363],[1484064000000,0.7211],[1484150400000,0.7217],[1484236800000,0.7215],[1484409600000,1.4353],[1484496000000,0.3576],[1484582400000,0.6832],[1484668800000,0.6792],[1484755200000,0.5661],[1484841600000,0.5864],[1485014400000,1.3747],[1485100800000,0.7547],[1485187200000,0.7556],[1485273600000,0.7688],[1485360000000,0.7692],[1485964800000,5.3832],[1486051200000,1.0205],[1486224000000,1.5855],[1486310400000,0.7473],[1486396800000,0.7806],[1486483200000,0.7791],[1486569600000,0.779],[1486656000000,0.7797],[1486828800000,1.56],[1486915200000,0.4328],[1487001600000,0.4461],[1487088000000,0.4357],[1487174400000,0.439],[1487260800000,0.4358],[1487433600000,1.5641],[1487520000000,0.4782],[1487606400000,0.4931],[1487692800000,0.4852],[1487779200000,0.8053],[1487865600000,0.5001],[1488038400000,1.602],[1488124800000,1.4201],[1488211200000,0.8132],[1488297600000,0.8315],[1488384000000,0.845],[1488470400000,0.8452],[1488643200000,1.6906],[1488729600000,0.8372],[1488816000000,0.8378],[1488902400000,0.8147],[1488988800000,0.7994],[1489075200000,0.3777],[1489248000000,1.6395],[1489334400000,0.8163],[1489420800000,0.809],[1489507200000,0.7715],[1489593600000,0.8135],[1489680000000,0.3736],[1489852800000,1.6383],[1489939200000,0.7745],[1490025600000,0.9153],[1490112000000,0.3134],[1490198400000,0.576],[1490284800000,0.279],[1490457600000,0.8601],[1490544000000,0.3819],[1490630400000,0.4968],[1490716800000,0.4718],[1490803200000,1.0689],[1490889600000,1.9615],[1491235200000,4.9249],[1491321600000,0.9171],[1491408000000,1.0689],[1491494400000,1.1864],[1491667200000,1.7666],[1491753600000,0.956],[1491840000000,0.9403],[1491926400000,0.9408],[1492012800000,0.9411],[1492099200000,0.9416],[1492272000000,1.8833],[1492358400000,0.9414],[1492444800000,0.9499],[1492531200000,0.938],[1492617600000,0.9519],[1492704000000,0.9516],[1492876800000,1.8333],[1492963200000,0.9479],[1493049600000,0.9493],[1493136000000,0.9504],[1493222400000,0.9503],[1493308800000,0.9502],[1493568000000,2.8506],[1493654400000,0.9378],[1493740800000,0.9379],[1493827200000,0.9421],[1493913600000,0.9466],[1494086400000,1.8932],[1494172800000,1.0019],[1494259200000,0.9997],[1494345600000,1.0016],[1494432000000,1.0062],[1494518400000,1.0068],[1494691200000,2.0148],[1494777600000,1.0103],[1494864000000,1.0166],[1494950400000,1.0183],[1495036800000,0.9972],[1495123200000,0.9877],[1495296000000,1.979],[1495382400000,0.9911],[1495468800000,1.0866],[1495555200000,1.0046],[1495641600000,1.0124],[1495728000000,1.0113],[1496073600000,4.0154],[1496160000000,1.0046],[1496246400000,0.9887],[1496332800000,0.9869],[1496505600000,1.9737],[1496592000000,0.99],[1496678400000,0.9755],[1496764800000,0.9698],[1496851200000,0.815],[1496937600000,0.586],[1497110400000,1.1721],[1497196800000,0.7892],[1497283200000,0.7525],[1497369600000,1.069],[1497456000000,1.076],[1497542400000,1.0737],[1497715200000,2.1497],[1497801600000,1.1047],[1497888000000,1.1192],[1497974400000,1.1206],[1498060800000,1.1205],[1498147200000,1.1204],[1498320000000,2.2409],[1498406400000,1.1201],[1498492800000,1.12],[1498579200000,1.1199],[1498665600000,1.0596],[1498752000000,1.2295],[1498924800000,2.4054],[1499011200000,1.2649],[1499097600000,1.1661],[1499184000000,1.1517],[1499270400000,1.1428],[1499356800000,0.9623],[1499529600000,1.9247],[1499616000000,0.9742],[1499702400000,0.9839],[1499788800000,0.7955],[1499875200000,0.7446],[1499961600000,0.8158],[1500134400000,1.6325],[1500220800000,0.741],[1500307200000,0.6667],[1500393600000,1.0575],[1500480000000,1.0528],[1500566400000,1.0465],[1500739200000,2.0961],[1500825600000,1.0566],[1500912000000,1.0567],[1500998400000,1.076],[1501084800000,1.0768],[1501171200000,1.0871],[1501344000000,2.1863],[1501430400000,1.0928],[1501516800000,1.0927],[1501603200000,1.0717],[1501689600000,1.0826],[1501776000000,1.0637],[1501948800000,2.1285],[1502035200000,1.0355],[1502121600000,1.0617],[1502208000000,0.946],[1502294400000,0.9855],[1502380800000,0.9924],[1502553600000,1.9859],[1502640000000,0.9927],[1502726400000,0.9936],[1502812800000,1.0164],[1502899200000,1.055],[1502985600000,1.0657],[1503158400000,2.1337],[1503244800000,1.0706],[1503331200000,1.0772],[1503417600000,1.0275],[1503504000000,1.1127],[1503590400000,1.1155],[1503763200000,2.2322],[1503849600000,1.1199],[1503936000000,1.122],[1504022400000,1.151],[1504108800000,1.1599],[1504195200000,1.1479],[1504368000000,2.2969],[1504454400000,1.135],[1504540800000,1.1063],[1504627200000,1.1185],[1504713600000,1.3743],[1504800000000,1.2197],[1504972800000,2.2436],[1505059200000,1.1717],[1505145600000,1.1879],[1505232000000,1.1689],[1505318400000,1.1492],[1505404800000,1.1603],[1505577600000,2.3241],[1505664000000,1.1455],[1505750400000,1.1573],[1505836800000,1.153],[1505923200000,1.1536],[1506009600000,1.1935],[1506182400000,2.3893],[1506268800000,1.204],[1506355200000,1.1629],[1506441600000,1.1897],[1506528000000,1.2031],[1506614400000,1.2034],[1507392000000,10.834],[1507478400000,1.1906],[1507564800000,1.0629],[1507651200000,1.2326],[1507737600000,1.0807],[1507824000000,1.1162],[1507996800000,2.2041],[1508083200000,1.0659],[1508169600000,1.1311],[1508256000000,1.1227],[1508342400000,1.1128],[1508428800000,1.1146],[1508601600000,2.1604],[1508688000000,1.0728],[1508774400000,1.0999],[1508860800000,1.098],[1508947200000,1.0858],[1509033600000,1.0743],[1509206400000,2.1689],[1509292800000,1.1717],[1509379200000,1.1444],[1509465600000,1.1768],[1509552000000,1.1683],[1509638400000,1.1737],[1509811200000,2.3501],[1509897600000,1.1853],[1509984000000,1.1134],[1510070400000,1.1386],[1510156800000,1.1425],[1510243200000,1.1446],[1510416000000,2.2904],[1510502400000,1.1388],[1510588800000,1.1394],[1510675200000,1.1113],[1510761600000,1.1121],[1510848000000,1.1239],[1511020800000,2.2489],[1511107200000,1.1218],[1511193600000,1.1199],[1511280000000,1.0921],[1511366400000,1.109],[1511452800000,1.1423],[1511625600000,2.2939],[1511712000000,1.1049],[1511798400000,1.0936],[1511884800000,1.1564],[1511971200000,1.1253],[1512057600000,1.1846],[1512230400000,2.3707],[1512316800000,1.1937],[1512403200000,1.1906],[1512489600000,1.0413],[1512576000000,1.1569],[1512662400000,1.0904],[1512835200000,2.1836],[1512921600000,1.1713],[1513008000000,1.1759],[1513094400000,1.1141],[1513180800000,1.2114],[1513267200000,1.2131],[1513440000000,2.2562],[1513526400000,1.1985],[1513612800000,1.188],[1513699200000,1.1779],[1513785600000,1.1968],[1513872000000,0.7397],[1514044800000,2.3629],[1514131200000,0.5844],[1514217600000,1.213],[1514304000000,1.2094],[1514390400000,1.3038],[1514476800000,1.2056],[1514649600000,2.6445],[1514736000000,1.3227],[1514822400000,1.2546],[1514908800000,1.2625],[1514995200000,1.2009],[1515081600000,1.1943],[1515254400000,2.3909],[1515340800000,1.1917],[1515427200000,1.1781],[1515513600000,1.1692],[1515600000000,1.1425],[1515686400000,1.1436],[1515859200000,2.2894],[1515945600000,1.1695],[1516032000000,1.1916],[1516118400000,1.2056],[1516204800000,1.2255],[1516291200000,1.1798],[1516464000000,2.364],[1516550400000,1.2031],[1516636800000,1.2104],[1516723200000,1.1943],[1516809600000,1.203],[1516896000000,1.2168],[1517068800000,2.4378],[1517155200000,1.2213],[1517241600000,1.2105],[1517328000000,1.2118],[1517414400000,1.2229],[1517500800000,1.2241],[1517673600000,2.4487],[1517760000000,1.2077],[1517846400000,1.2042]];
/*基金收益走势图   7日年化收益率*/
var Data_sevenDaysYearIncome = [[1446652800000,4.069],[1446739200000,3.68],[1446912000000,3.238],[1446998400000,2.129],[1447084800000,2.206],[1447171200000,2.167],[1447257600000,2.13],[1447344000000,2.092],[1447516800000,2.017],[1447603200000,1.98],[1447689600000,1.877],[1447776000000,1.878],[1447862400000,1.878],[1447948800000,1.878],[1448121600000,1.879],[1448208000000,1.879],[1448294400000,1.849],[1448380800000,1.82],[1448467200000,1.792],[1448553600000,1.764],[1448726400000,1.709],[1448812800000,1.681],[1448899200000,1.708],[1448985600000,1.732],[1449072000000,1.756],[1449158400000,1.827],[1449331200000,1.807],[1449417600000,1.857],[1449504000000,1.892],[1449590400000,1.951],[1449676800000,2.016],[1449763200000,2.035],[1449936000000,2.238],[1450022400000,2.264],[1450108800000,2.333],[1450195200000,2.373],[1450281600000,2.42],[1450368000000,2.463],[1450540800000,2.551],[1450627200000,2.609],[1450713600000,2.618],[1450800000000,2.625],[1450886400000,2.623],[1450972800000,2.62],[1451145600000,2.613],[1451232000000,2.61],[1451318400000,2.607],[1451404800000,2.635],[1451491200000,2.666],[1451750400000,2.565],[1451836800000,2.532],[1451923200000,2.494],[1452009600000,2.419],[1452096000000,2.338],[1452182400000,2.337],[1452355200000,2.336],[1452441600000,2.337],[1452528000000,2.339],[1452614400000,2.352],[1452700800000,2.368],[1452787200000,2.368],[1452960000000,2.369],[1453046400000,2.368],[1453132800000,2.367],[1453219200000,2.343],[1453305600000,2.343],[1453392000000,2.351],[1453564800000,2.369],[1453651200000,2.449],[1453737600000,2.461],[1453824000000,2.573],[1453910400000,2.576],[1453996800000,2.582],[1454169600000,2.595],[1454256000000,2.529],[1454342400000,2.533],[1454428800000,2.46],[1454515200000,2.472],[1454601600000,2.471],[1455379200000,2.471],[1455465600000,2.472],[1455552000000,2.559],[1455638400000,2.562],[1455724800000,2.563],[1455811200000,2.562],[1455984000000,2.561],[1456070400000,2.562],[1456156800000,2.473],[1456243200000,2.465],[1456329600000,2.457],[1456416000000,2.575],[1456588800000,2.55],[1456675200000,2.535],[1456761600000,2.525],[1456848000000,2.517],[1456934400000,2.511],[1457020800000,2.381],[1457193600000,2.382],[1457280000000,2.379],[1457366400000,2.625],[1457452800000,2.626],[1457539200000,2.627],[1457625600000,2.628],[1457798400000,2.631],[1457884800000,2.633],[1457971200000,2.385],[1458057600000,2.59],[1458144000000,2.584],[1458230400000,2.607],[1458403200000,2.598],[1458489600000,2.589],[1458576000000,2.583],[1458662400000,2.373],[1458748800000,2.364],[1458835200000,2.324],[1459008000000,2.285],[1459094400000,2.273],[1459180800000,2.242],[1459267200000,2.216],[1459353600000,2.199],[1459440000000,2.25],[1459699200000,2.228],[1459785600000,2.355],[1459872000000,2.459],[1459958400000,2.463],[1460044800000,2.422],[1460217600000,2.416],[1460304000000,2.412],[1460390400000,2.293],[1460476800000,2.186],[1460563200000,2.268],[1460649600000,2.485],[1460822400000,2.5],[1460908800000,2.533],[1460995200000,2.542],[1461081600000,2.552],[1461168000000,2.469],[1461254400000,2.256],[1461427200000,2.251],[1461513600000,2.223],[1461600000000,2.217],[1461686400000,2.214],[1461772800000,2.213],[1461859200000,2.19],[1462118400000,2.188],[1462204800000,2.224],[1462291200000,2.225],[1462377600000,2.438],[1462464000000,2.436],[1462636800000,2.446],[1462723200000,2.45],[1462809600000,2.42],[1462896000000,2.418],[1462982400000,2.189],[1463068800000,2.285],[1463241600000,2.291],[1463328000000,2.269],[1463414400000,2.275],[1463500800000,2.23],[1463587200000,2.254],[1463673600000,2.149],[1463846400000,2.152],[1463932800000,2.226],[1464019200000,2.209],[1464105600000,2.268],[1464192000000,2.21],[1464278400000,2.228],[1464451200000,2.226],[1464537600000,2.182],[1464624000000,2.201],[1464710400000,2.203],[1464796800000,2.215],[1464883200000,2.193],[1465056000000,2.152],[1465142400000,2.12],[1465228800000,2.324],[1465315200000,2.283],[1465660800000,2.261],[1465747200000,2.26],[1465833600000,2.028],[1465920000000,2.185],[1466006400000,2.339],[1466092800000,2.347],[1466265600000,2.373],[1466352000000,2.692],[1466438400000,3.1],[1466524800000,2.983],[1466611200000,2.893],[1466697600000,2.933],[1466870400000,3.017],[1466956800000,2.763],[1467043200000,2.408],[1467129600000,2.426],[1467216000000,2.42],[1467302400000,2.467],[1467475200000,2.495],[1467561600000,2.514],[1467648000000,2.564],[1467734400000,2.575],[1467820800000,2.594],[1467907200000,2.567],[1468080000000,2.564],[1468166400000,2.586],[1468252800000,2.545],[1468339200000,2.626],[1468425600000,2.607],[1468512000000,2.596],[1468684800000,2.575],[1468771200000,2.523],[1468857600000,2.517],[1468944000000,2.467],[1469030400000,2.708],[1469116800000,2.915],[1469289600000,2.928],[1469376000000,2.846],[1469462400000,2.842],[1469548800000,2.8],[1469635200000,2.559],[1469721600000,2.356],[1469894400000,2.35],[1469980800000,2.438],[1470067200000,2.441],[1470153600000,2.447],[1470240000000,2.453],[1470326400000,2.453],[1470499200000,2.453],[1470585600000,2.452],[1470672000000,2.439],[1470758400000,2.42],[1470844800000,2.394],[1470931200000,2.377],[1471104000000,2.333],[1471190400000,2.314],[1471276800000,2.309],[1471363200000,2.313],[1471449600000,2.319],[1471536000000,2.586],[1471708800000,2.641],[1471795200000,2.744],[1471881600000,2.757],[1471968000000,2.834],[1472054400000,2.838],[1472140800000,2.581],[1472313600000,2.56],[1472400000000,2.464],[1472486400000,2.588],[1472572800000,2.716],[1472659200000,2.721],[1472745600000,2.72],[1472918400000,2.717],[1473004800000,2.722],[1473091200000,2.632],[1473177600000,2.441],[1473264000000,2.45],[1473350400000,2.437],[1473523200000,2.45],[1473609600000,2.457],[1473696000000,2.427],[1473782400000,2.426],[1474128000000,2.417],[1474214400000,2.412],[1474300800000,2.408],[1474387200000,2.407],[1474473600000,2.408],[1474560000000,2.404],[1474732800000,2.408],[1474819200000,2.727],[1474905600000,2.727],[1474992000000,3.475],[1475078400000,3.483],[1475164800000,3.497],[1475942400000,2.451],[1476028800000,2.447],[1476115200000,2.441],[1476201600000,2.439],[1476288000000,2.437],[1476374400000,2.431],[1476547200000,2.42],[1476633600000,2.399],[1476720000000,2.202],[1476806400000,2.003],[1476892800000,2.34],[1476979200000,2.7],[1477152000000,2.694],[1477238400000,2.705],[1477324800000,2.913],[1477411200000,3.119],[1477497600000,2.784],[1477584000000,2.434],[1477756800000,2.465],[1477843200000,2.47],[1477929600000,2.469],[1478016000000,2.472],[1478102400000,2.477],[1478188800000,2.483],[1478361600000,2.495],[1478448000000,2.511],[1478534400000,2.511],[1478620800000,2.508],[1478707200000,2.504],[1478793600000,2.495],[1478966400000,2.476],[1479052800000,2.468],[1479139200000,2.468],[1479225600000,2.467],[1479312000000,2.465],[1479398400000,2.509],[1479571200000,2.512],[1479657600000,2.659],[1479744000000,2.713],[1479830400000,2.714],[1479916800000,2.715],[1480003200000,2.675],[1480176000000,2.679],[1480262400000,2.706],[1480348800000,2.804],[1480435200000,2.797],[1480521600000,2.79],[1480608000000,2.785],[1480780800000,2.775],[1480867200000,2.598],[1480953600000,2.439],[1481040000000,2.438],[1481126400000,2.438],[1481212800000,2.436],[1481385600000,2.431],[1481472000000,2.431],[1481558400000,2.435],[1481644800000,2.438],[1481731200000,2.431],[1481817600000,2.569],[1481990400000,2.598],[1482076800000,2.449],[1482163200000,2.456],[1482249600000,2.312],[1482336000000,2.357],[1482422400000,2.617],[1482595200000,2.71],[1482681600000,2.92],[1482768000000,2.961],[1482854400000,3.179],[1482940800000,3.217],[1483027200000,2.894],[1483113600000,2.909],[1483286400000,2.879],[1483372800000,2.905],[1483459200000,2.733],[1483545600000,2.68],[1483632000000,2.544],[1483804800000,2.475],[1483891200000,2.47],[1483977600000,2.329],[1484064000000,2.458],[1484150400000,2.468],[1484236800000,2.562],[1484409600000,2.572],[1484496000000,2.371],[1484582400000,2.449],[1484668800000,2.427],[1484755200000,2.344],[1484841600000,2.272],[1485014400000,2.239],[1485100800000,2.451],[1485187200000,2.49],[1485273600000,2.538],[1485360000000,2.646],[1485964800000,2.847],[1486051200000,2.981],[1486224000000,3.006],[1486310400000,2.995],[1486396800000,3.001],[1486483200000,3.006],[1486569600000,3.012],[1486656000000,2.883],[1486828800000,2.869],[1486915200000,2.701],[1487001600000,2.522],[1487088000000,2.338],[1487174400000,2.157],[1487260800000,1.974],[1487433600000,1.976],[1487520000000,2.001],[1487606400000,2.026],[1487692800000,2.052],[1487779200000,2.247],[1487865600000,2.281],[1488038400000,2.301],[1488124800000,2.805],[1488211200000,2.977],[1488297600000,3.163],[1488384000000,3.184],[1488470400000,3.37],[1488643200000,3.418],[1488729600000,3.104],[1488816000000,3.117],[1488902400000,3.108],[1488988800000,3.084],[1489075200000,2.833],[1489248000000,2.805],[1489334400000,2.794],[1489420800000,2.779],[1489507200000,2.756],[1489593600000,2.763],[1489680000000,2.761],[1489852800000,2.76],[1489939200000,2.738],[1490025600000,2.795],[1490112000000,2.55],[1490198400000,2.423],[1490284800000,2.372],[1490457600000,1.958],[1490544000000,1.749],[1490630400000,1.527],[1490716800000,1.611],[1490803200000,1.873],[1490889600000,2.77],[1491235200000,4.492],[1491321600000,4.735],[1491408000000,4.735],[1491494400000,4.312],[1491667200000,3.935],[1491753600000,3.786],[1491840000000,3.628],[1491926400000,3.641],[1492012800000,3.572],[1492099200000,3.44],[1492272000000,3.503],[1492358400000,3.495],[1492444800000,3.5],[1492531200000,3.499],[1492617600000,3.504],[1492704000000,3.51],[1492876800000,3.483],[1492963200000,3.486],[1493049600000,3.486],[1493136000000,3.493],[1493222400000,3.492],[1493308800000,3.491],[1493568000000,3.529],[1493654400000,3.522],[1493740800000,3.516],[1493827200000,3.511],[1493913600000,3.509],[1494086400000,3.505],[1494172800000,3.533],[1494259200000,3.567],[1494345600000,3.601],[1494432000000,3.636],[1494518400000,3.668],[1494691200000,3.734],[1494777600000,3.739],[1494864000000,3.748],[1494950400000,3.757],[1495036800000,3.752],[1495123200000,3.742],[1495296000000,3.722],[1495382400000,3.712],[1495468800000,3.75],[1495555200000,3.742],[1495641600000,3.75],[1495728000000,3.763],[1496073600000,3.741],[1496160000000,3.741],[1496246400000,3.728],[1496332800000,3.715],[1496505600000,3.688],[1496592000000,3.685],[1496678400000,3.674],[1496764800000,3.655],[1496851200000,3.561],[1496937600000,3.345],[1497110400000,2.914],[1497196800000,2.806],[1497283200000,2.687],[1497369600000,2.74],[1497456000000,2.88],[1497542400000,3.142],[1497715200000,3.669],[1497801600000,3.839],[1497888000000,4.038],[1497974400000,4.066],[1498060800000,4.09],[1498147200000,4.115],[1498320000000,4.165],[1498406400000,4.173],[1498492800000,4.174],[1498579200000,4.173],[1498665600000,4.14],[1498752000000,4.2],[1498924800000,4.289],[1499011200000,4.368],[1499097600000,4.393],[1499184000000,4.41],[1499270400000,4.455],[1499356800000,4.31],[1499529600000,4.049],[1499616000000,3.891],[1499702400000,3.793],[1499788800000,3.6],[1499875200000,3.385],[1499961600000,3.306],[1500134400000,3.149],[1500220800000,3.024],[1500307200000,2.853],[1500393600000,2.994],[1500480000000,3.16],[1500566400000,3.284],[1500739200000,3.534],[1500825600000,3.704],[1500912000000,3.916],[1500998400000,3.926],[1501084800000,3.939],[1501171200000,3.961],[1501344000000,4.009],[1501430400000,4.029],[1501516800000,4.049],[1501603200000,4.046],[1501689600000,4.049],[1501776000000,4.037],[1501948800000,4.005],[1502035200000,3.974],[1502121600000,3.957],[1502208000000,3.889],[1502294400000,3.837],[1502380800000,3.798],[1502553600000,3.721],[1502640000000,3.698],[1502726400000,3.661],[1502812800000,3.699],[1502899200000,3.737],[1502985600000,3.776],[1503158400000,3.856],[1503244800000,3.899],[1503331200000,3.944],[1503417600000,3.95],[1503504000000,3.981],[1503590400000,4.008],[1503763200000,4.062],[1503849600000,4.088],[1503936000000,4.113],[1504022400000,4.18],[1504108800000,4.205],[1504195200000,4.223],[1504368000000,4.258],[1504454400000,4.266],[1504540800000,4.258],[1504627200000,4.24],[1504713600000,4.357],[1504800000000,4.396],[1504972800000,4.367],[1505059200000,4.387],[1505145600000,4.431],[1505232000000,4.459],[1505318400000,4.336],[1505404800000,4.304],[1505577600000,4.348],[1505664000000,4.333],[1505750400000,4.317],[1505836800000,4.308],[1505923200000,4.31],[1506009600000,4.328],[1506182400000,4.364],[1506268800000,4.396],[1506355200000,4.399],[1506441600000,4.419],[1506528000000,4.446],[1506614400000,4.451],[1507392000000,4.492],[1507478400000,4.485],[1507564800000,4.408],[1507651200000,4.424],[1507737600000,4.357],[1507824000000,4.309],[1507996800000,4.198],[1508083200000,4.13],[1508169600000,4.167],[1508256000000,4.108],[1508342400000,4.125],[1508428800000,4.124],[1508601600000,4.101],[1508688000000,4.104],[1508774400000,4.087],[1508860800000,4.074],[1508947200000,4.059],[1509033600000,4.037],[1509206400000,4.042],[1509292800000,4.096],[1509379200000,4.12],[1509465600000,4.163],[1509552000000,4.207],[1509638400000,4.261],[1509811200000,4.36],[1509897600000,4.367],[1509984000000,4.351],[1510070400000,4.33],[1510156800000,4.316],[1510243200000,4.3],[1510416000000,4.268],[1510502400000,4.242],[1510588800000,4.256],[1510675200000,4.242],[1510761600000,4.225],[1510848000000,4.214],[1511020800000,4.191],[1511107200000,4.182],[1511193600000,4.171],[1511280000000,4.161],[1511366400000,4.159],[1511452800000,4.169],[1511625600000,4.194],[1511712000000,4.184],[1511798400000,4.17],[1511884800000,4.205],[1511971200000,4.214],[1512057600000,4.237],[1512230400000,4.279],[1512316800000,4.327],[1512403200000,4.38],[1512489600000,4.317],[1512576000000,4.334],[1512662400000,4.283],[1512835200000,4.181],[1512921600000,4.169],[1513008000000,4.161],[1513094400000,4.201],[1513180800000,4.23],[1513267200000,4.297],[1513440000000,4.337],[1513526400000,4.351],[1513612800000,4.358],[1513699200000,4.393],[1513785600000,4.385],[1513872000000,4.127],[1514044800000,4.185],[1514131200000,3.852],[1514217600000,3.866],[1514304000000,3.883],[1514390400000,3.941],[1514476800000,4.194],[1514649600000,4.347],[1514736000000,4.749],[1514822400000,4.772],[1514908800000,4.801],[1514995200000,4.745],[1515081600000,4.739],[1515254400000,4.6],[1515340800000,4.529],[1515427200000,4.487],[1515513600000,4.436],[1515600000000,4.404],[1515686400000,4.377],[1515859200000,4.322],[1515945600000,4.31],[1516032000000,4.317],[1516118400000,4.337],[1516204800000,4.382],[1516291200000,4.402],[1516464000000,4.442],[1516550400000,4.461],[1516636800000,4.471],[1516723200000,4.465],[1516809600000,4.452],[1516896000000,4.473],[1517068800000,4.513],[1517155200000,4.523],[1517241600000,4.523],[1517328000000,4.532],[1517414400000,4.543],[1517500800000,4.547],[1517673600000,4.553],[1517760000000,4.546],[1517846400000,4.542]];
/*资产配置*/
var Data_assetAllocationCurrency ={"categories":["12-31","09-30","06-30","03-31"],"series":[{"name":"股票","data":[null,null,null,null]},{"name":"债券","data":[77.34,51.15,17.55,23.65]},{"name":"现金","data":[16.17,37.13,29.34,19.65]}]};
/*累计收益率走势*/
var Data_grandTotal = [{"name":"兴银现金增利货币","data":[[1501948800000,0],[1502035200000,0.01],[1502121600000,0.02],[1502208000000,0.03],[1502294400000,0.04],[1502380800000,0.05],[1502553600000,0.07],[1502640000000,0.08],[1502726400000,0.09],[1502812800000,0.10],[1502899200000,0.11],[1502985600000,0.12],[1503158400000,0.14],[1503244800000,0.15],[1503331200000,0.16],[1503417600000,0.17],[1503504000000,0.19],[1503590400000,0.20],[1503763200000,0.22],[1503849600000,0.23],[1503936000000,0.24],[1504022400000,0.25],[1504108800000,0.26],[1504195200000,0.28],[1504368000000,0.30],[1504454400000,0.31],[1504540800000,0.32],[1504627200000,0.33],[1504713600000,0.35],[1504800000000,0.36],[1504972800000,0.38],[1505059200000,0.39],[1505145600000,0.41],[1505232000000,0.42],[1505318400000,0.43],[1505404800000,0.44],[1505577600000,0.46],[1505664000000,0.48],[1505750400000,0.49],[1505836800000,0.50],[1505923200000,0.51],[1506009600000,0.52],[1506182400000,0.55],[1506268800000,0.56],[1506355200000,0.57],[1506441600000,0.58],[1506528000000,0.59],[1506614400000,0.61],[1507392000000,0.71],[1507478400000,0.73],[1507564800000,0.74],[1507651200000,0.75],[1507737600000,0.76],[1507824000000,0.77],[1507996800000,0.79],[1508083200000,0.81],[1508169600000,0.82],[1508256000000,0.83],[1508342400000,0.84],[1508428800000,0.85],[1508601600000,0.87],[1508688000000,0.88],[1508774400000,0.89],[1508860800000,0.91],[1508947200000,0.92],[1509033600000,0.93],[1509206400000,0.95],[1509292800000,0.96],[1509379200000,0.97],[1509465600000,0.98],[1509552000000,1.00],[1509638400000,1.01],[1509811200000,1.03],[1509897600000,1.04],[1509984000000,1.05],[1510070400000,1.07],[1510156800000,1.08],[1510243200000,1.09],[1510416000000,1.11],[1510502400000,1.12],[1510588800000,1.14],[1510675200000,1.15],[1510761600000,1.16],[1510848000000,1.17],[1511020800000,1.19],[1511107200000,1.20],[1511193600000,1.21],[1511280000000,1.23],[1511366400000,1.24],[1511452800000,1.25],[1511625600000,1.27],[1511712000000,1.28],[1511798400000,1.29],[1511884800000,1.31],[1511971200000,1.32],[1512057600000,1.33],[1512230400000,1.35],[1512316800000,1.37],[1512403200000,1.38],[1512489600000,1.39],[1512576000000,1.40],[1512662400000,1.41],[1512835200000,1.43],[1512921600000,1.44],[1513008000000,1.46],[1513094400000,1.47],[1513180800000,1.48],[1513267200000,1.49],[1513440000000,1.52],[1513526400000,1.53],[1513612800000,1.54],[1513699200000,1.55],[1513785600000,1.56],[1513872000000,1.57],[1514044800000,1.60],[1514131200000,1.60],[1514217600000,1.61],[1514304000000,1.63],[1514390400000,1.64],[1514476800000,1.65],[1514649600000,1.68],[1514736000000,1.69],[1514822400000,1.70],[1514908800000,1.72],[1514995200000,1.73],[1515081600000,1.74],[1515254400000,1.77],[1515340800000,1.78],[1515427200000,1.79],[1515513600000,1.80],[1515600000000,1.81],[1515686400000,1.83],[1515859200000,1.85],[1515945600000,1.86],[1516032000000,1.87],[1516118400000,1.88],[1516204800000,1.90],[1516291200000,1.91],[1516464000000,1.93],[1516550400000,1.95],[1516636800000,1.96],[1516723200000,1.97],[1516809600000,1.98],[1516896000000,1.99],[1517068800000,2.02],[1517155200000,2.03],[1517241600000,2.04],[1517328000000,2.06],[1517414400000,2.07],[1517500800000,2.08],[1517673600000,2.11],[1517760000000,2.12],[1517846400000,2.13]]},{"name":"同类平均","data":[[1502035200000,0],[1502121600000,0.01],[1502208000000,0.02],[1502294400000,0.03],[1502380800000,0.04],[1502640000000,0.07],[1502726400000,0.08],[1502812800000,0.09],[1502899200000,0.10],[1502985600000,0.11],[1503244800000,0.14],[1503331200000,0.16],[1503417600000,0.17],[1503504000000,0.18],[1503590400000,0.19],[1503849600000,0.22],[1503936000000,0.23],[1504022400000,0.24],[1504108800000,0.25],[1504195200000,0.26],[1504454400000,0.29],[1504540800000,0.30],[1504627200000,0.31],[1504713600000,0.32],[1504800000000,0.34],[1505059200000,0.37],[1505145600000,0.38],[1505232000000,0.39],[1505318400000,0.40],[1505404800000,0.41],[1505664000000,0.44],[1505750400000,0.45],[1505836800000,0.46],[1505923200000,0.47],[1506009600000,0.48],[1506268800000,0.52],[1506355200000,0.53],[1506441600000,0.54],[1506528000000,0.55],[1506614400000,0.56],[1507478400000,0.67],[1507564800000,0.68],[1507651200000,0.69],[1507737600000,0.71],[1507824000000,0.72],[1508083200000,0.75],[1508169600000,0.76],[1508256000000,0.77],[1508342400000,0.78],[1508428800000,0.79],[1508688000000,0.82],[1508774400000,0.83],[1508860800000,0.84],[1508947200000,0.85],[1509033600000,0.86],[1509292800000,0.90],[1509379200000,0.91],[1509465600000,0.92],[1509552000000,0.93],[1509638400000,0.94],[1509897600000,0.97],[1509984000000,0.98],[1510070400000,0.99],[1510156800000,1.00],[1510243200000,1.01],[1510502400000,1.04],[1510588800000,1.06],[1510675200000,1.07],[1510761600000,1.08],[1510848000000,1.09],[1511107200000,1.12],[1511193600000,1.13],[1511280000000,1.14],[1511366400000,1.15],[1511452800000,1.16],[1511712000000,1.20],[1511798400000,1.21],[1511884800000,1.22],[1511971200000,1.23],[1512057600000,1.24],[1512316800000,1.28],[1512403200000,1.29],[1512489600000,1.30],[1512576000000,1.31],[1512662400000,1.32],[1512921600000,1.35],[1513008000000,1.36],[1513094400000,1.38],[1513180800000,1.39],[1513267200000,1.40],[1513526400000,1.43],[1513612800000,1.44],[1513699200000,1.46],[1513785600000,1.47],[1513872000000,1.48],[1514131200000,1.51],[1514217600000,1.53],[1514304000000,1.54],[1514390400000,1.55],[1514476800000,1.57],[1514822400000,1.62],[1514908800000,1.64],[1514995200000,1.65],[1515081600000,1.66],[1515340800000,1.69],[1515427200000,1.71],[1515513600000,1.72],[1515600000000,1.73],[1515686400000,1.74],[1515945600000,1.77],[1516032000000,1.79],[1516118400000,1.80],[1516204800000,1.81],[1516291200000,1.82],[1516550400000,1.86],[1516636800000,1.87],[1516723200000,1.88],[1516809600000,1.89],[1516896000000,1.90],[1517155200000,1.94],[1517241600000,1.95],[1517328000000,1.96],[1517414400000,1.97],[1517500800000,1.98],[1517760000000,2.02],[1517846400000,2.03]]},{"name":"沪深300","data":[[1502035200000,0],[1502121600000,0.15],[1502208000000,0.11],[1502294400000,-0.29],[1502380800000,-2.13],[1502640000000,-0.86],[1502726400000,-0.56],[1502812800000,-0.68],[1502899200000,-0.15],[1502985600000,-0.06],[1503244800000,0.38],[1503331200000,0.68],[1503417600000,0.79],[1503504000000,0.21],[1503590400000,1.85],[1503849600000,3.11],[1503936000000,2.89],[1504022400000,2.88],[1504108800000,2.56],[1504195200000,2.78],[1504454400000,3.19],[1504540800000,3.50],[1504627200000,3.29],[1504713600000,2.77],[1504800000000,2.66],[1505059200000,2.65],[1505145600000,2.98],[1505232000000,3.11],[1505318400000,2.77],[1505404800000,2.80],[1505664000000,3.12],[1505750400000,2.83],[1505836800000,3.10],[1505923200000,2.98],[1506009600000,2.98],[1506268800000,2.44],[1506355200000,2.52],[1506441600000,2.53],[1506528000000,2.57],[1506614400000,2.94],[1507478400000,4.17],[1507564800000,4.38],[1507651200000,4.72],[1507737600000,5.00],[1507824000000,5.21],[1508083200000,5.01],[1508169600000,5.00],[1508256000000,5.83],[1508342400000,5.49],[1508428800000,5.37],[1508688000000,5.47],[1508774400000,6.24],[1508860800000,6.71],[1508947200000,7.16],[1509033600000,7.92],[1509292800000,7.59],[1509379200000,7.51],[1509465600000,7.24],[1509552000000,7.25],[1509638400000,7.13],[1509897600000,7.89],[1509984000000,8.79],[1510070400000,8.62],[1510156800000,9.37],[1510243200000,10.33],[1510502400000,10.77],[1510588800000,10.00],[1510675200000,9.31],[1510761600000,10.15],[1510848000000,10.57],[1511107200000,11.19],[1511193600000,13.17],[1511280000000,13.44],[1511366400000,10.08],[1511452800000,10.13],[1511712000000,8.67],[1511798400000,8.83],[1511884800000,8.77],[1511971200000,7.49],[1512057600000,7.28],[1512316800000,7.84],[1512403200000,8.41],[1512489600000,7.76],[1512576000000,6.55],[1512662400000,7.42],[1512921600000,9.20],[1513008000000,7.76],[1513094400000,8.67],[1513180800000,8.03],[1513267200000,6.82],[1513526400000,6.94],[1513612800000,8.28],[1513699200000,8.15],[1513785600000,9.15],[1513872000000,8.80],[1514131200000,8.45],[1514217600000,8.77],[1514304000000,7.09],[1514390400000,7.84],[1514476800000,8.16],[1514822400000,9.68],[1514908800000,10.32],[1514995200000,10.79],[1515081600000,11.05],[1515340800000,11.63],[1515427200000,12.41],[1515513600000,12.91],[1515600000000,12.85],[1515686400000,13.37],[1515945600000,13.37],[1516032000000,14.27],[1516118400000,13.99],[1516204800000,14.61],[1516291200000,14.99],[1516550400000,16.36],[1516636800000,17.60],[1516723200000,17.79],[1516809600000,17.13],[1516896000000,17.56],[1517155200000,15.43],[1517241600000,14.20],[1517328000000,14.73],[1517414400000,13.93],[1517500800000,14.61],[1517760000000,14.69],[1517846400000,11.33]]}];
/*同类排名*/
var Data_rateInSimilarType = [{"x":1454601600000,"y":333,"sc":"366"},{"x":1455465600000,"y":333,"sc":"369"},{"x":1455552000000,"y":331,"sc":"369"},{"x":1455638400000,"y":329,"sc":"369"},{"x":1455724800000,"y":329,"sc":"369"},{"x":1455811200000,"y":329,"sc":"369"},{"x":1456070400000,"y":327,"sc":"369"},{"x":1456156800000,"y":328,"sc":"370"},{"x":1456243200000,"y":330,"sc":"373"},{"x":1456329600000,"y":327,"sc":"373"},{"x":1456416000000,"y":328,"sc":"375"},{"x":1456675200000,"y":320,"sc":"375"},{"x":1456761600000,"y":318,"sc":"376"},{"x":1456848000000,"y":318,"sc":"376"},{"x":1456934400000,"y":319,"sc":"376"},{"x":1457020800000,"y":316,"sc":"376"},{"x":1457280000000,"y":313,"sc":"376"},{"x":1457366400000,"y":307,"sc":"380"},{"x":1457452800000,"y":305,"sc":"380"},{"x":1457539200000,"y":305,"sc":"380"},{"x":1457625600000,"y":307,"sc":"381"},{"x":1457884800000,"y":306,"sc":"381"},{"x":1457971200000,"y":306,"sc":"380"},{"x":1458057600000,"y":304,"sc":"382"},{"x":1458144000000,"y":305,"sc":"383"},{"x":1458230400000,"y":303,"sc":"383"},{"x":1458489600000,"y":305,"sc":"383"},{"x":1458576000000,"y":306,"sc":"385"},{"x":1458662400000,"y":304,"sc":"385"},{"x":1458748800000,"y":304,"sc":"385"},{"x":1458835200000,"y":301,"sc":"391"},{"x":1459094400000,"y":304,"sc":"391"},{"x":1459180800000,"y":300,"sc":"391"},{"x":1459267200000,"y":301,"sc":"391"},{"x":1459353600000,"y":303,"sc":"392"},{"x":1459440000000,"y":301,"sc":"392"},{"x":1459785600000,"y":303,"sc":"392"},{"x":1459872000000,"y":303,"sc":"392"},{"x":1459958400000,"y":302,"sc":"392"},{"x":1460044800000,"y":301,"sc":"392"},{"x":1460304000000,"y":303,"sc":"394"},{"x":1460390400000,"y":303,"sc":"394"},{"x":1460476800000,"y":304,"sc":"394"},{"x":1460563200000,"y":301,"sc":"394"},{"x":1460649600000,"y":298,"sc":"394"},{"x":1460908800000,"y":299,"sc":"394"},{"x":1460995200000,"y":299,"sc":"394"},{"x":1461081600000,"y":296,"sc":"394"},{"x":1461168000000,"y":293,"sc":"394"},{"x":1461254400000,"y":296,"sc":"394"},{"x":1461513600000,"y":304,"sc":"394"},{"x":1461600000000,"y":304,"sc":"394"},{"x":1461686400000,"y":304,"sc":"394"},{"x":1461772800000,"y":304,"sc":"394"},{"x":1461859200000,"y":306,"sc":"394"},{"x":1462204800000,"y":303,"sc":"394"},{"x":1462291200000,"y":301,"sc":"394"},{"x":1462377600000,"y":292,"sc":"400"},{"x":1462464000000,"y":292,"sc":"400"},{"x":1462723200000,"y":280,"sc":"400"},{"x":1462809600000,"y":281,"sc":"400"},{"x":1462896000000,"y":278,"sc":"400"},{"x":1462982400000,"y":276,"sc":"400"},{"x":1463068800000,"y":271,"sc":"400"},{"x":1463328000000,"y":307,"sc":"400"},{"x":1463414400000,"y":309,"sc":"400"},{"x":1463500800000,"y":311,"sc":"400"},{"x":1463587200000,"y":312,"sc":"400"},{"x":1463673600000,"y":312,"sc":"400"},{"x":1463932800000,"y":312,"sc":"400"},{"x":1464019200000,"y":315,"sc":"400"},{"x":1464105600000,"y":317,"sc":"400"},{"x":1464192000000,"y":317,"sc":"400"},{"x":1464278400000,"y":317,"sc":"400"},{"x":1464537600000,"y":318,"sc":"400"},{"x":1464624000000,"y":318,"sc":"400"},{"x":1464710400000,"y":318,"sc":"400"},{"x":1464796800000,"y":319,"sc":"400"},{"x":1464883200000,"y":319,"sc":"400"},{"x":1465142400000,"y":319,"sc":"402"},{"x":1465228800000,"y":318,"sc":"402"},{"x":1465315200000,"y":320,"sc":"402"},{"x":1465747200000,"y":326,"sc":"402"},{"x":1465833600000,"y":321,"sc":"402"},{"x":1465920000000,"y":322,"sc":"403"},{"x":1466006400000,"y":324,"sc":"403"},{"x":1466092800000,"y":322,"sc":"403"},{"x":1466352000000,"y":320,"sc":"403"},{"x":1466438400000,"y":306,"sc":"404"},{"x":1466524800000,"y":304,"sc":"404"},{"x":1466611200000,"y":306,"sc":"404"},{"x":1466697600000,"y":306,"sc":"404"},{"x":1466956800000,"y":302,"sc":"404"},{"x":1467043200000,"y":303,"sc":"404"},{"x":1467129600000,"y":304,"sc":"404"},{"x":1467216000000,"y":298,"sc":"404"},{"x":1467302400000,"y":297,"sc":"404"},{"x":1467561600000,"y":294,"sc":"404"},{"x":1467648000000,"y":298,"sc":"404"},{"x":1467734400000,"y":299,"sc":"404"},{"x":1467820800000,"y":294,"sc":"404"},{"x":1467907200000,"y":292,"sc":"404"},{"x":1468166400000,"y":284,"sc":"404"},{"x":1468252800000,"y":284,"sc":"404"},{"x":1468339200000,"y":282,"sc":"404"},{"x":1468425600000,"y":286,"sc":"404"},{"x":1468512000000,"y":296,"sc":"404"},{"x":1468771200000,"y":297,"sc":"404"},{"x":1468857600000,"y":292,"sc":"404"},{"x":1468944000000,"y":292,"sc":"405"},{"x":1469030400000,"y":281,"sc":"405"},{"x":1469116800000,"y":270,"sc":"405"},{"x":1469376000000,"y":269,"sc":"405"},{"x":1469462400000,"y":268,"sc":"405"},{"x":1469548800000,"y":265,"sc":"405"},{"x":1469635200000,"y":265,"sc":"407"},{"x":1469721600000,"y":265,"sc":"407"},{"x":1469980800000,"y":251,"sc":"407"},{"x":1470067200000,"y":262,"sc":"407"},{"x":1470153600000,"y":260,"sc":"407"},{"x":1470240000000,"y":261,"sc":"409"},{"x":1470326400000,"y":266,"sc":"409"},{"x":1470585600000,"y":269,"sc":"412"},{"x":1470672000000,"y":264,"sc":"413"},{"x":1470758400000,"y":262,"sc":"413"},{"x":1470844800000,"y":260,"sc":"413"},{"x":1470931200000,"y":259,"sc":"413"},{"x":1471190400000,"y":261,"sc":"413"},{"x":1471276800000,"y":263,"sc":"413"},{"x":1471363200000,"y":261,"sc":"414"},{"x":1471449600000,"y":257,"sc":"415"},{"x":1471536000000,"y":248,"sc":"415"},{"x":1471795200000,"y":244,"sc":"416"},{"x":1471881600000,"y":242,"sc":"416"},{"x":1471968000000,"y":238,"sc":"416"},{"x":1472054400000,"y":240,"sc":"416"},{"x":1472140800000,"y":243,"sc":"416"},{"x":1472400000000,"y":243,"sc":"416"},{"x":1472486400000,"y":238,"sc":"416"},{"x":1472572800000,"y":229,"sc":"416"},{"x":1472659200000,"y":225,"sc":"416"},{"x":1472745600000,"y":225,"sc":"417"},{"x":1473004800000,"y":215,"sc":"421"},{"x":1473091200000,"y":207,"sc":"421"},{"x":1473177600000,"y":219,"sc":"421"},{"x":1473264000000,"y":214,"sc":"423"},{"x":1473350400000,"y":212,"sc":"424"},{"x":1473609600000,"y":206,"sc":"424"},{"x":1473696000000,"y":199,"sc":"424"},{"x":1473782400000,"y":199,"sc":"424"},{"x":1474214400000,"y":209,"sc":"424"},{"x":1474300800000,"y":215,"sc":"424"},{"x":1474387200000,"y":241,"sc":"424"},{"x":1474473600000,"y":241,"sc":"427"},{"x":1474560000000,"y":239,"sc":"427"},{"x":1474819200000,"y":222,"sc":"430"},{"x":1474905600000,"y":223,"sc":"430"},{"x":1474992000000,"y":181,"sc":"430"},{"x":1475078400000,"y":178,"sc":"432"},{"x":1475164800000,"y":177,"sc":"432"},{"x":1476028800000,"y":183,"sc":"434"},{"x":1476115200000,"y":181,"sc":"434"},{"x":1476201600000,"y":182,"sc":"435"},{"x":1476288000000,"y":187,"sc":"437"},{"x":1476374400000,"y":187,"sc":"435"},{"x":1476633600000,"y":185,"sc":"436"},{"x":1476720000000,"y":190,"sc":"438"},{"x":1476806400000,"y":209,"sc":"437"},{"x":1476892800000,"y":184,"sc":"437"},{"x":1476979200000,"y":182,"sc":"437"},{"x":1477238400000,"y":200,"sc":"440"},{"x":1477324800000,"y":192,"sc":"440"},{"x":1477411200000,"y":197,"sc":"441"},{"x":1477497600000,"y":196,"sc":"441"},{"x":1477584000000,"y":195,"sc":"445"},{"x":1477843200000,"y":192,"sc":"447"},{"x":1477929600000,"y":190,"sc":"447"},{"x":1478016000000,"y":189,"sc":"447"},{"x":1478102400000,"y":189,"sc":"447"},{"x":1478188800000,"y":190,"sc":"448"},{"x":1478448000000,"y":192,"sc":"450"},{"x":1478534400000,"y":190,"sc":"450"},{"x":1478620800000,"y":189,"sc":"450"},{"x":1478707200000,"y":192,"sc":"450"},{"x":1478793600000,"y":186,"sc":"450"},{"x":1479052800000,"y":185,"sc":"450"},{"x":1479139200000,"y":181,"sc":"450"},{"x":1479225600000,"y":181,"sc":"450"},{"x":1479312000000,"y":178,"sc":"450"},{"x":1479398400000,"y":176,"sc":"450"},{"x":1479657600000,"y":182,"sc":"451"},{"x":1479744000000,"y":180,"sc":"451"},{"x":1479830400000,"y":178,"sc":"451"},{"x":1479916800000,"y":183,"sc":"451"},{"x":1480003200000,"y":184,"sc":"451"},{"x":1480262400000,"y":171,"sc":"451"},{"x":1480348800000,"y":164,"sc":"452"},{"x":1480435200000,"y":178,"sc":"452"},{"x":1480521600000,"y":177,"sc":"452"},{"x":1480608000000,"y":176,"sc":"455"},{"x":1480867200000,"y":180,"sc":"455"},{"x":1480953600000,"y":180,"sc":"455"},{"x":1481040000000,"y":181,"sc":"455"},{"x":1481126400000,"y":187,"sc":"455"},{"x":1481212800000,"y":183,"sc":"456"},{"x":1481472000000,"y":182,"sc":"457"},{"x":1481558400000,"y":184,"sc":"458"},{"x":1481644800000,"y":183,"sc":"458"},{"x":1481731200000,"y":173,"sc":"458"},{"x":1481817600000,"y":167,"sc":"458"},{"x":1482076800000,"y":193,"sc":"458"},{"x":1482163200000,"y":196,"sc":"458"},{"x":1482249600000,"y":205,"sc":"458"},{"x":1482336000000,"y":205,"sc":"459"},{"x":1482422400000,"y":184,"sc":"463"},{"x":1482681600000,"y":211,"sc":"464"},{"x":1482768000000,"y":211,"sc":"464"},{"x":1482854400000,"y":248,"sc":"466"},{"x":1482940800000,"y":250,"sc":"466"},{"x":1483027200000,"y":250,"sc":"469"},{"x":1483372800000,"y":249,"sc":"469"},{"x":1483459200000,"y":253,"sc":"468"},{"x":1483545600000,"y":254,"sc":"469"},{"x":1483632000000,"y":256,"sc":"469"},{"x":1483891200000,"y":294,"sc":"469"},{"x":1483977600000,"y":293,"sc":"469"},{"x":1484064000000,"y":295,"sc":"469"},{"x":1484150400000,"y":295,"sc":"469"},{"x":1484236800000,"y":296,"sc":"469"},{"x":1484496000000,"y":310,"sc":"472"},{"x":1484582400000,"y":308,"sc":"474"},{"x":1484668800000,"y":304,"sc":"476"},{"x":1484755200000,"y":303,"sc":"476"},{"x":1484841600000,"y":319,"sc":"476"},{"x":1485100800000,"y":353,"sc":"481"},{"x":1485187200000,"y":358,"sc":"482"},{"x":1485273600000,"y":363,"sc":"484"},{"x":1485360000000,"y":364,"sc":"485"},{"x":1486051200000,"y":377,"sc":"489"},{"x":1486310400000,"y":387,"sc":"491"},{"x":1486396800000,"y":383,"sc":"491"},{"x":1486483200000,"y":381,"sc":"491"},{"x":1486569600000,"y":380,"sc":"491"},{"x":1486656000000,"y":381,"sc":"494"},{"x":1486915200000,"y":391,"sc":"496"},{"x":1487001600000,"y":395,"sc":"496"},{"x":1487088000000,"y":408,"sc":"496"},{"x":1487174400000,"y":412,"sc":"496"},{"x":1487260800000,"y":412,"sc":"496"},{"x":1487520000000,"y":417,"sc":"496"},{"x":1487606400000,"y":423,"sc":"496"},{"x":1487692800000,"y":433,"sc":"496"},{"x":1487779200000,"y":433,"sc":"498"},{"x":1487865600000,"y":438,"sc":"500"},{"x":1488124800000,"y":436,"sc":"503"},{"x":1488211200000,"y":440,"sc":"503"},{"x":1488297600000,"y":439,"sc":"503"},{"x":1488384000000,"y":443,"sc":"511"},{"x":1488470400000,"y":441,"sc":"511"},{"x":1488729600000,"y":444,"sc":"513"},{"x":1488816000000,"y":449,"sc":"515"},{"x":1488902400000,"y":450,"sc":"516"},{"x":1488988800000,"y":452,"sc":"518"},{"x":1489075200000,"y":457,"sc":"518"},{"x":1489334400000,"y":456,"sc":"518"},{"x":1489420800000,"y":458,"sc":"518"},{"x":1489507200000,"y":457,"sc":"518"},{"x":1489593600000,"y":463,"sc":"520"},{"x":1489680000000,"y":464,"sc":"520"},{"x":1489939200000,"y":468,"sc":"522"},{"x":1490025600000,"y":467,"sc":"522"},{"x":1490112000000,"y":472,"sc":"524"},{"x":1490198400000,"y":482,"sc":"530"},{"x":1490284800000,"y":482,"sc":"530"},{"x":1490544000000,"y":496,"sc":"534"},{"x":1490630400000,"y":497,"sc":"535"},{"x":1490716800000,"y":498,"sc":"535"},{"x":1490803200000,"y":501,"sc":"538"},{"x":1490889600000,"y":499,"sc":"538"},{"x":1491321600000,"y":491,"sc":"538"},{"x":1491408000000,"y":493,"sc":"540"},{"x":1491494400000,"y":491,"sc":"540"},{"x":1491753600000,"y":490,"sc":"540"},{"x":1491840000000,"y":489,"sc":"540"},{"x":1491926400000,"y":489,"sc":"540"},{"x":1492012800000,"y":490,"sc":"541"},{"x":1492099200000,"y":490,"sc":"541"},{"x":1492358400000,"y":485,"sc":"543"},{"x":1492444800000,"y":484,"sc":"543"},{"x":1492531200000,"y":483,"sc":"543"},{"x":1492617600000,"y":484,"sc":"545"},{"x":1492704000000,"y":485,"sc":"545"},{"x":1492963200000,"y":481,"sc":"545"},{"x":1493049600000,"y":482,"sc":"547"},{"x":1493136000000,"y":483,"sc":"549"},{"x":1493222400000,"y":482,"sc":"549"},{"x":1493308800000,"y":479,"sc":"549"},{"x":1493654400000,"y":485,"sc":"549"},{"x":1493740800000,"y":487,"sc":"550"},{"x":1493827200000,"y":487,"sc":"550"},{"x":1493913600000,"y":486,"sc":"550"},{"x":1494172800000,"y":486,"sc":"550"},{"x":1494259200000,"y":485,"sc":"550"},{"x":1494345600000,"y":484,"sc":"550"},{"x":1494432000000,"y":481,"sc":"550"},{"x":1494518400000,"y":484,"sc":"550"},{"x":1494777600000,"y":479,"sc":"554"},{"x":1494864000000,"y":475,"sc":"556"},{"x":1494950400000,"y":476,"sc":"560"},{"x":1495036800000,"y":476,"sc":"560"},{"x":1495123200000,"y":476,"sc":"560"},{"x":1495382400000,"y":473,"sc":"560"},{"x":1495468800000,"y":472,"sc":"562"},{"x":1495555200000,"y":464,"sc":"564"},{"x":1495641600000,"y":464,"sc":"564"},{"x":1495728000000,"y":463,"sc":"564"},{"x":1496160000000,"y":465,"sc":"564"},{"x":1496246400000,"y":464,"sc":"564"},{"x":1496332800000,"y":463,"sc":"564"},{"x":1496592000000,"y":465,"sc":"566"},{"x":1496678400000,"y":464,"sc":"566"},{"x":1496764800000,"y":466,"sc":"566"},{"x":1496851200000,"y":469,"sc":"566"},{"x":1496937600000,"y":473,"sc":"566"},{"x":1497196800000,"y":485,"sc":"574"},{"x":1497283200000,"y":486,"sc":"574"},{"x":1497369600000,"y":482,"sc":"575"},{"x":1497456000000,"y":482,"sc":"575"},{"x":1497542400000,"y":481,"sc":"575"},{"x":1497801600000,"y":474,"sc":"577"},{"x":1497888000000,"y":473,"sc":"577"},{"x":1497974400000,"y":467,"sc":"575"},{"x":1498060800000,"y":460,"sc":"575"},{"x":1498147200000,"y":456,"sc":"576"},{"x":1498406400000,"y":430,"sc":"579"},{"x":1498492800000,"y":423,"sc":"579"},{"x":1498579200000,"y":417,"sc":"579"},{"x":1498665600000,"y":405,"sc":"579"},{"x":1498752000000,"y":419,"sc":"582"},{"x":1499011200000,"y":392,"sc":"582"},{"x":1499097600000,"y":420,"sc":"582"},{"x":1499184000000,"y":422,"sc":"583"},{"x":1499270400000,"y":419,"sc":"583"},{"x":1499356800000,"y":425,"sc":"583"},{"x":1499616000000,"y":419,"sc":"583"},{"x":1499702400000,"y":420,"sc":"583"},{"x":1499788800000,"y":425,"sc":"583"},{"x":1499875200000,"y":433,"sc":"583"},{"x":1499961600000,"y":440,"sc":"586"},{"x":1500220800000,"y":457,"sc":"586"},{"x":1500307200000,"y":465,"sc":"586"},{"x":1500393600000,"y":469,"sc":"589"},{"x":1500480000000,"y":470,"sc":"589"},{"x":1500566400000,"y":472,"sc":"593"},{"x":1500825600000,"y":477,"sc":"593"},{"x":1500912000000,"y":473,"sc":"593"},{"x":1500998400000,"y":474,"sc":"594"},{"x":1501084800000,"y":472,"sc":"594"},{"x":1501171200000,"y":471,"sc":"594"},{"x":1501430400000,"y":460,"sc":"594"},{"x":1501516800000,"y":464,"sc":"594"},{"x":1501603200000,"y":460,"sc":"594"},{"x":1501689600000,"y":458,"sc":"594"},{"x":1501776000000,"y":454,"sc":"594"},{"x":1502035200000,"y":449,"sc":"596"},{"x":1502121600000,"y":450,"sc":"596"},{"x":1502208000000,"y":450,"sc":"596"},{"x":1502294400000,"y":452,"sc":"596"},{"x":1502380800000,"y":457,"sc":"596"},{"x":1502640000000,"y":461,"sc":"596"},{"x":1502726400000,"y":462,"sc":"596"},{"x":1502812800000,"y":465,"sc":"596"},{"x":1502899200000,"y":468,"sc":"596"},{"x":1502985600000,"y":468,"sc":"596"},{"x":1503244800000,"y":467,"sc":"597"},{"x":1503331200000,"y":467,"sc":"597"},{"x":1503417600000,"y":468,"sc":"597"},{"x":1503504000000,"y":466,"sc":"596"},{"x":1503590400000,"y":463,"sc":"596"},{"x":1503849600000,"y":458,"sc":"600"},{"x":1503936000000,"y":451,"sc":"600"},{"x":1504022400000,"y":463,"sc":"600"},{"x":1504108800000,"y":461,"sc":"601"},{"x":1504195200000,"y":463,"sc":"601"},{"x":1504454400000,"y":453,"sc":"601"},{"x":1504540800000,"y":450,"sc":"601"},{"x":1504627200000,"y":449,"sc":"601"},{"x":1504713600000,"y":442,"sc":"601"},{"x":1504800000000,"y":435,"sc":"601"},{"x":1505059200000,"y":395,"sc":"603"},{"x":1505145600000,"y":384,"sc":"603"},{"x":1505232000000,"y":369,"sc":"603"},{"x":1505318400000,"y":375,"sc":"605"},{"x":1505404800000,"y":372,"sc":"605"},{"x":1505664000000,"y":372,"sc":"606"},{"x":1505750400000,"y":367,"sc":"606"},{"x":1505836800000,"y":361,"sc":"603"},{"x":1505923200000,"y":360,"sc":"603"},{"x":1506009600000,"y":360,"sc":"603"},{"x":1506268800000,"y":351,"sc":"603"},{"x":1506355200000,"y":346,"sc":"603"},{"x":1506441600000,"y":339,"sc":"604"},{"x":1506528000000,"y":337,"sc":"604"},{"x":1506614400000,"y":332,"sc":"606"},{"x":1507478400000,"y":300,"sc":"606"},{"x":1507564800000,"y":298,"sc":"607"},{"x":1507651200000,"y":293,"sc":"607"},{"x":1507737600000,"y":287,"sc":"611"},{"x":1507824000000,"y":270,"sc":"611"},{"x":1508083200000,"y":243,"sc":"612"},{"x":1508169600000,"y":227,"sc":"612"},{"x":1508256000000,"y":202,"sc":"611"},{"x":1508342400000,"y":197,"sc":"611"},{"x":1508428800000,"y":195,"sc":"611"},{"x":1508688000000,"y":189,"sc":"606"},{"x":1508774400000,"y":190,"sc":"606"},{"x":1508860800000,"y":185,"sc":"607"},{"x":1508947200000,"y":186,"sc":"607"},{"x":1509033600000,"y":185,"sc":"607"},{"x":1509292800000,"y":181,"sc":"609"},{"x":1509379200000,"y":178,"sc":"610"},{"x":1509465600000,"y":175,"sc":"610"},{"x":1509552000000,"y":173,"sc":"613"},{"x":1509638400000,"y":171,"sc":"617"},{"x":1509897600000,"y":159,"sc":"621"},{"x":1509984000000,"y":156,"sc":"621"},{"x":1510070400000,"y":152,"sc":"621"},{"x":1510156800000,"y":149,"sc":"623"},{"x":1510243200000,"y":148,"sc":"623"},{"x":1510502400000,"y":129,"sc":"633"},{"x":1510588800000,"y":125,"sc":"635"},{"x":1510675200000,"y":121,"sc":"635"},{"x":1510761600000,"y":117,"sc":"635"},{"x":1510848000000,"y":119,"sc":"636"},{"x":1511107200000,"y":117,"sc":"636"},{"x":1511193600000,"y":116,"sc":"636"},{"x":1511280000000,"y":115,"sc":"636"},{"x":1511366400000,"y":111,"sc":"636"},{"x":1511452800000,"y":110,"sc":"637"},{"x":1511712000000,"y":112,"sc":"640"},{"x":1511798400000,"y":111,"sc":"640"},{"x":1511884800000,"y":110,"sc":"640"},{"x":1511971200000,"y":114,"sc":"641"},{"x":1512057600000,"y":113,"sc":"643"},{"x":1512316800000,"y":113,"sc":"643"},{"x":1512403200000,"y":107,"sc":"643"},{"x":1512489600000,"y":112,"sc":"643"},{"x":1512576000000,"y":121,"sc":"644"},{"x":1512662400000,"y":124,"sc":"652"},{"x":1512921600000,"y":134,"sc":"652"},{"x":1513008000000,"y":139,"sc":"653"},{"x":1513094400000,"y":141,"sc":"653"},{"x":1513180800000,"y":142,"sc":"654"},{"x":1513267200000,"y":143,"sc":"656"},{"x":1513526400000,"y":151,"sc":"656"},{"x":1513612800000,"y":149,"sc":"656"},{"x":1513699200000,"y":152,"sc":"656"},{"x":1513785600000,"y":151,"sc":"655"},{"x":1513872000000,"y":171,"sc":"655"},{"x":1514131200000,"y":205,"sc":"655"},{"x":1514217600000,"y":209,"sc":"655"},{"x":1514304000000,"y":214,"sc":"654"},{"x":1514390400000,"y":212,"sc":"655"},{"x":1514476800000,"y":219,"sc":"655"},{"x":1514822400000,"y":174,"sc":"655"},{"x":1514908800000,"y":167,"sc":"655"},{"x":1514995200000,"y":165,"sc":"655"},{"x":1515081600000,"y":162,"sc":"655"},{"x":1515340800000,"y":248,"sc":"655"},{"x":1515427200000,"y":250,"sc":"655"},{"x":1515513600000,"y":252,"sc":"656"},{"x":1515600000000,"y":255,"sc":"657"},{"x":1515686400000,"y":254,"sc":"657"},{"x":1515945600000,"y":264,"sc":"657"},{"x":1516032000000,"y":259,"sc":"657"},{"x":1516118400000,"y":257,"sc":"657"},{"x":1516204800000,"y":257,"sc":"657"},{"x":1516291200000,"y":258,"sc":"657"},{"x":1516550400000,"y":257,"sc":"657"},{"x":1516636800000,"y":256,"sc":"657"},{"x":1516723200000,"y":256,"sc":"657"},{"x":1516809600000,"y":252,"sc":"657"},{"x":1516896000000,"y":251,"sc":"655"},{"x":1517155200000,"y":245,"sc":"656"},{"x":1517241600000,"y":253,"sc":"656"},{"x":1517328000000,"y":250,"sc":"656"},{"x":1517414400000,"y":249,"sc":"656"},{"x":1517500800000,"y":251,"sc":"656"},{"x":1517760000000,"y":260,"sc":"656"},{"x":1517846400000,"y":258,"sc":"656"}];
/*百分比排名*/
var Data_rateInSimilarPersent = [[1454601600000,9.0200],[1455465600000,9.7600],[1455552000000,10.3000],[1455638400000,10.8400],[1455724800000,10.8400],[1455811200000,10.8400],[1456070400000,11.3800],[1456156800000,11.3500],[1456243200000,11.5300],[1456329600000,12.3300],[1456416000000,12.5300],[1456675200000,14.6700],[1456761600000,15.4300],[1456848000000,15.4300],[1456934400000,15.1600],[1457020800000,15.9600],[1457280000000,16.7600],[1457366400000,19.2100],[1457452800000,19.7400],[1457539200000,19.7400],[1457625600000,19.4200],[1457884800000,19.6900],[1457971200000,19.4700],[1458057600000,20.4200],[1458144000000,20.3700],[1458230400000,20.8900],[1458489600000,20.3700],[1458576000000,20.5200],[1458662400000,21.0400],[1458748800000,21.0400],[1458835200000,23.0200],[1459094400000,22.2500],[1459180800000,23.2700],[1459267200000,23.0200],[1459353600000,22.7000],[1459440000000,23.2100],[1459785600000,22.7000],[1459872000000,22.7000],[1459958400000,22.9600],[1460044800000,23.2100],[1460304000000,23.1000],[1460390400000,23.1000],[1460476800000,22.8400],[1460563200000,23.6000],[1460649600000,24.3700],[1460908800000,24.1100],[1460995200000,24.1100],[1461081600000,24.8700],[1461168000000,25.6300],[1461254400000,24.8700],[1461513600000,22.8400],[1461600000000,22.8400],[1461686400000,22.8400],[1461772800000,22.8400],[1461859200000,22.3400],[1462204800000,23.1000],[1462291200000,23.6000],[1462377600000,27.00],[1462464000000,27.00],[1462723200000,30.00],[1462809600000,29.7500],[1462896000000,30.5000],[1462982400000,31.00],[1463068800000,32.2500],[1463328000000,23.2500],[1463414400000,22.7500],[1463500800000,22.2500],[1463587200000,22.00],[1463673600000,22.00],[1463932800000,22.00],[1464019200000,21.2500],[1464105600000,20.7500],[1464192000000,20.7500],[1464278400000,20.7500],[1464537600000,20.5000],[1464624000000,20.5000],[1464710400000,20.5000],[1464796800000,20.2500],[1464883200000,20.2500],[1465142400000,20.6500],[1465228800000,20.9000],[1465315200000,20.4000],[1465747200000,18.9100],[1465833600000,20.1500],[1465920000000,20.1000],[1466006400000,19.6000],[1466092800000,20.1000],[1466352000000,20.6000],[1466438400000,24.2600],[1466524800000,24.7500],[1466611200000,24.2600],[1466697600000,24.2600],[1466956800000,25.2500],[1467043200000,25.00],[1467129600000,24.7500],[1467216000000,26.2400],[1467302400000,26.4900],[1467561600000,27.2300],[1467648000000,26.2400],[1467734400000,25.9900],[1467820800000,27.2300],[1467907200000,27.7200],[1468166400000,29.7000],[1468252800000,29.7000],[1468339200000,30.2000],[1468425600000,29.2100],[1468512000000,26.7300],[1468771200000,26.4900],[1468857600000,27.7200],[1468944000000,27.9000],[1469030400000,30.6200],[1469116800000,33.3300],[1469376000000,33.5800],[1469462400000,33.8300],[1469548800000,34.5700],[1469635200000,34.8900],[1469721600000,34.8900],[1469980800000,38.3300],[1470067200000,35.6300],[1470153600000,36.1200],[1470240000000,36.1900],[1470326400000,34.9600],[1470585600000,34.7100],[1470672000000,36.0800],[1470758400000,36.5600],[1470844800000,37.0500],[1470931200000,37.2900],[1471190400000,36.8000],[1471276800000,36.3200],[1471363200000,36.9600],[1471449600000,38.0700],[1471536000000,40.2400],[1471795200000,41.3500],[1471881600000,41.8300],[1471968000000,42.7900],[1472054400000,42.3100],[1472140800000,41.5900],[1472400000000,41.5900],[1472486400000,42.7900],[1472572800000,44.9500],[1472659200000,45.9100],[1472745600000,46.0400],[1473004800000,48.9300],[1473091200000,50.8300],[1473177600000,47.9800],[1473264000000,49.4100],[1473350400000,50.00],[1473609600000,51.4200],[1473696000000,53.0700],[1473782400000,53.0700],[1474214400000,50.7100],[1474300800000,49.2900],[1474387200000,43.1600],[1474473600000,43.5600],[1474560000000,44.0300],[1474819200000,48.3700],[1474905600000,48.1400],[1474992000000,57.9100],[1475078400000,58.8000],[1475164800000,59.0300],[1476028800000,57.8300],[1476115200000,58.2900],[1476201600000,58.1600],[1476288000000,57.2100],[1476374400000,57.0100],[1476633600000,57.5700],[1476720000000,56.6200],[1476806400000,52.1700],[1476892800000,57.8900],[1476979200000,58.3500],[1477238400000,54.5500],[1477324800000,56.3600],[1477411200000,55.3300],[1477497600000,55.5600],[1477584000000,56.1800],[1477843200000,57.0500],[1477929600000,57.4900],[1478016000000,57.7200],[1478102400000,57.7200],[1478188800000,57.5900],[1478448000000,57.3300],[1478534400000,57.7800],[1478620800000,58.00],[1478707200000,57.3300],[1478793600000,58.6700],[1479052800000,58.8900],[1479139200000,59.7800],[1479225600000,59.7800],[1479312000000,60.4400],[1479398400000,60.8900],[1479657600000,59.6500],[1479744000000,60.0900],[1479830400000,60.5300],[1479916800000,59.4200],[1480003200000,59.2000],[1480262400000,62.0800],[1480348800000,63.7200],[1480435200000,60.6200],[1480521600000,60.8400],[1480608000000,61.3200],[1480867200000,60.4400],[1480953600000,60.4400],[1481040000000,60.2200],[1481126400000,58.9000],[1481212800000,59.8700],[1481472000000,60.1800],[1481558400000,59.8300],[1481644800000,60.0400],[1481731200000,62.2300],[1481817600000,63.5400],[1482076800000,57.8600],[1482163200000,57.2100],[1482249600000,55.2400],[1482336000000,55.3400],[1482422400000,60.2600],[1482681600000,54.5300],[1482768000000,54.5300],[1482854400000,46.7800],[1482940800000,46.3500],[1483027200000,46.7000],[1483372800000,46.9100],[1483459200000,45.9400],[1483545600000,45.8400],[1483632000000,45.4200],[1483891200000,37.3100],[1483977600000,37.5300],[1484064000000,37.1000],[1484150400000,37.1000],[1484236800000,36.8900],[1484496000000,34.3200],[1484582400000,35.0200],[1484668800000,36.1300],[1484755200000,36.3400],[1484841600000,32.9800],[1485100800000,26.6100],[1485187200000,25.7300],[1485273600000,25.00],[1485360000000,24.9500],[1486051200000,22.9000],[1486310400000,21.1800],[1486396800000,22.00],[1486483200000,22.4000],[1486569600000,22.6100],[1486656000000,22.8700],[1486915200000,21.1700],[1487001600000,20.3600],[1487088000000,17.7400],[1487174400000,16.9400],[1487260800000,16.9400],[1487520000000,15.9300],[1487606400000,14.7200],[1487692800000,12.7000],[1487779200000,13.0500],[1487865600000,12.4000],[1488124800000,13.3200],[1488211200000,12.5200],[1488297600000,12.7200],[1488384000000,13.3100],[1488470400000,13.7000],[1488729600000,13.4500],[1488816000000,12.8200],[1488902400000,12.7900],[1488988800000,12.7400],[1489075200000,11.7800],[1489334400000,11.9700],[1489420800000,11.5800],[1489507200000,11.7800],[1489593600000,10.9600],[1489680000000,10.7700],[1489939200000,10.3400],[1490025600000,10.5400],[1490112000000,9.9200],[1490198400000,9.0600],[1490284800000,9.0600],[1490544000000,7.1200],[1490630400000,7.1000],[1490716800000,6.9200],[1490803200000,6.8800],[1490889600000,7.2500],[1491321600000,8.7400],[1491408000000,8.7000],[1491494400000,9.0700],[1491753600000,9.2600],[1491840000000,9.4400],[1491926400000,9.4400],[1492012800000,9.4300],[1492099200000,9.4300],[1492358400000,10.6800],[1492444800000,10.8700],[1492531200000,11.0500],[1492617600000,11.1900],[1492704000000,11.0100],[1492963200000,11.7400],[1493049600000,11.8800],[1493136000000,12.0200],[1493222400000,12.2000],[1493308800000,12.7500],[1493654400000,11.6600],[1493740800000,11.4500],[1493827200000,11.4500],[1493913600000,11.6400],[1494172800000,11.6400],[1494259200000,11.8200],[1494345600000,12.00],[1494432000000,12.5500],[1494518400000,12.00],[1494777600000,13.5400],[1494864000000,14.5700],[1494950400000,15.00],[1495036800000,15.00],[1495123200000,15.00],[1495382400000,15.5400],[1495468800000,16.0100],[1495555200000,17.7300],[1495641600000,17.7300],[1495728000000,17.9100],[1496160000000,17.5500],[1496246400000,17.7300],[1496332800000,17.9100],[1496592000000,17.8400],[1496678400000,18.0200],[1496764800000,17.6700],[1496851200000,17.1400],[1496937600000,16.4300],[1497196800000,15.5100],[1497283200000,15.3300],[1497369600000,16.1700],[1497456000000,16.1700],[1497542400000,16.3500],[1497801600000,17.8500],[1497888000000,18.0200],[1497974400000,18.7800],[1498060800000,20.00],[1498147200000,20.8300],[1498406400000,25.7300],[1498492800000,26.9400],[1498579200000,27.9800],[1498665600000,30.0500],[1498752000000,28.0100],[1499011200000,32.6500],[1499097600000,27.8400],[1499184000000,27.6200],[1499270400000,28.1300],[1499356800000,27.1000],[1499616000000,28.1300],[1499702400000,27.9600],[1499788800000,27.1000],[1499875200000,25.7300],[1499961600000,24.9100],[1500220800000,22.0100],[1500307200000,20.6500],[1500393600000,20.3700],[1500480000000,20.2000],[1500566400000,20.4000],[1500825600000,19.5600],[1500912000000,20.2400],[1500998400000,20.2000],[1501084800000,20.5400],[1501171200000,20.7100],[1501430400000,22.5600],[1501516800000,21.8900],[1501603200000,22.5600],[1501689600000,22.9000],[1501776000000,23.5700],[1502035200000,24.6600],[1502121600000,24.5000],[1502208000000,24.5000],[1502294400000,24.1600],[1502380800000,23.3200],[1502640000000,22.6500],[1502726400000,22.4800],[1502812800000,21.9800],[1502899200000,21.4800],[1502985600000,21.4800],[1503244800000,21.7800],[1503331200000,21.7800],[1503417600000,21.6100],[1503504000000,21.8100],[1503590400000,22.3200],[1503849600000,23.6700],[1503936000000,24.8300],[1504022400000,22.8300],[1504108800000,23.2900],[1504195200000,22.9600],[1504454400000,24.6300],[1504540800000,25.1200],[1504627200000,25.2900],[1504713600000,26.4600],[1504800000000,27.6200],[1505059200000,34.4900],[1505145600000,36.3200],[1505232000000,38.8100],[1505318400000,38.0200],[1505404800000,38.5100],[1505664000000,38.6100],[1505750400000,39.4400],[1505836800000,40.1300],[1505923200000,40.3000],[1506009600000,40.3000],[1506268800000,41.7900],[1506355200000,42.6200],[1506441600000,43.8700],[1506528000000,44.2100],[1506614400000,45.2100],[1507478400000,50.5000],[1507564800000,50.9100],[1507651200000,51.7300],[1507737600000,53.0300],[1507824000000,55.8100],[1508083200000,60.2900],[1508169600000,62.9100],[1508256000000,66.9400],[1508342400000,67.7600],[1508428800000,68.0900],[1508688000000,68.8100],[1508774400000,68.6500],[1508860800000,69.5200],[1508947200000,69.3600],[1509033600000,69.5200],[1509292800000,70.2800],[1509379200000,70.8200],[1509465600000,71.3100],[1509552000000,71.7800],[1509638400000,72.2900],[1509897600000,74.4000],[1509984000000,74.8800],[1510070400000,75.5200],[1510156800000,76.0800],[1510243200000,76.2400],[1510502400000,79.6200],[1510588800000,80.3100],[1510675200000,80.9400],[1510761600000,81.5700],[1510848000000,81.2900],[1511107200000,81.6000],[1511193600000,81.7600],[1511280000000,81.9200],[1511366400000,82.5500],[1511452800000,82.7300],[1511712000000,82.5000],[1511798400000,82.6600],[1511884800000,82.8100],[1511971200000,82.2200],[1512057600000,82.4300],[1512316800000,82.4300],[1512403200000,83.3600],[1512489600000,82.5800],[1512576000000,81.2100],[1512662400000,80.9800],[1512921600000,79.4500],[1513008000000,78.7100],[1513094400000,78.4100],[1513180800000,78.2900],[1513267200000,78.2000],[1513526400000,76.9800],[1513612800000,77.2900],[1513699200000,76.8300],[1513785600000,76.9500],[1513872000000,73.8900],[1514131200000,68.7000],[1514217600000,68.0900],[1514304000000,67.2800],[1514390400000,67.6300],[1514476800000,66.5600],[1514822400000,73.4400],[1514908800000,74.5000],[1514995200000,74.8100],[1515081600000,75.2700],[1515340800000,62.1400],[1515427200000,61.8300],[1515513600000,61.5900],[1515600000000,61.1900],[1515686400000,61.3400],[1515945600000,59.8200],[1516032000000,60.5800],[1516118400000,60.8800],[1516204800000,60.8800],[1516291200000,60.7300],[1516550400000,60.8800],[1516636800000,61.0400],[1516723200000,61.0400],[1516809600000,61.6400],[1516896000000,61.6800],[1517155200000,62.6500],[1517241600000,61.4300],[1517328000000,61.8900],[1517414400000,62.0400],[1517500800000,61.7400],[1517760000000,60.3700],[1517846400000,60.6700]];
/*规模变动*/
var Data_fluctuationScale = {"categories":["2016-12-31","2017-03-31","2017-06-30","2017-09-30","2017-12-31"],"series":[{"y":87.74,"mom":"0.63%"},{"y":33.10,"mom":"-62.28%"},{"y":42.35,"mom":"27.94%"},{"y":37.53,"mom":"-11.37%"},{"y":19.59,"mom":"-47.81%"}]};;
/*持有人结构*/
var Data_holderStructure = {"series":[{"name":"机构持有比例","data":[100.0,99.99,99.99]},{"name":"个人持有比例","data":[0.0,0.01,0.01]},{"name":"内部持有比例","data":[0.0,0.0,0.0]}],"categories":["2016-06-30","2016-12-31","2017-06-30"]};
/*申购赎回*/
var Data_assetAllocation ={"series":[{"name":"期间申购","data":[0.36,54.30,1.44,21.98]},{"name":"期间赎回","data":[55.00,45.05,6.26,39.92]},{"name":"总份额","data":[33.10,42.35,37.53,19.59]}],"categories":["2017-03-31","2017-06-30","2017-09-30","2017-12-31"]};
/*现任基金经理*/
var Data_currentFundManager = [{"id":"30392782","pic":"https://pdf.dfcfw.com/pdf/H8_JPG30392782_1.jpg","name":"陈博亮","star":3,"workTime":"2年又81天","fundSize":"121.03亿(5只基金)","power":{"avr":"52.02","categories":["经验值","收益率","抗风险","稳定性","管理规模"],"dsc":["反映基金经理从业年限和管理基金的经验","根据基金经理投资的阶段收益评分，反映\u003cbr\u003e基金经理投资的盈利能力","反映基金经理投资的回撤控制能力","反映基金经理投资收益的波动","根据基金经理现任管理基金资产规模评分"],"data":[44.0,39.40,65.0,43.70,82.10],"jzrq":"2018-02-06"},"profit":{"categories":["任期收益","同类平均"],"series":[{"data":[{"name":null,"color":"#7cb5ec","y":6.9929},{"name":null,"color":"#414c7b","y":7.32}]}],"jzrq":"2018-02-06"}}] ;
/*同类型基金涨幅榜（页面底部通栏）*/
var swithSameType = [['002895_华夏天利货币B_5.8750','002894_华夏天利货币A_5.6210','004398_融通现金宝货币B_5.3370','000902_国开货币B_5.3360','001478_泰康薪意保货币B_5.1400'],['002895_华夏天利货币B_5.26','004973_长城收益宝货币B_5.08','004904_人保货币B_5.05','002884_华润元大现金通货币B_5.01','002894_华夏天利货币A_5.01'],['004973_长城收益宝货币B_5.05','004770_海富通添益货币A_4.99','002884_华润元大现金通货币B_4.99','005151_红土创新优淳货币B_4.90','002895_华夏天利货币B_4.89'],['004770_海富通添益货币A_5.39','004973_长城收益宝货币B_5.13','002884_华润元大现金通货币B_5.03','002895_华夏天利货币B_5.03','004398_融通现金宝货币B_5.01'],['003679_中融现金增利货币C_4.67','003474_南方天天利货币B_4.55','000836_国投瑞银钱多宝货币A_4.52','000837_国投瑞银钱多宝货币I_4.52','003753_工银如意货币B_4.51']];