/**
 * 测试数据
 * @type {arry}
 */
/*2018-02-07 15:31:27*/
//基金或股票信息
var fS_name = "国金众赢货币";
var fS_code = "001234";
var fund_minsg="";
var ishb=true;
/*原费率*/
var fund_sourceRate="0";
/*现费率*/
var fund_Rate="0";
/*最小申购金额*/
var fund_minsg="";
/*收益率*/
/*近一年收益率*/
var syl_1n="4.2445";
/*近6月收益率*/
var syl_6y="2.1583";
/*近三月收益率*/
var syl_3y="1.0842";
/*近一月收益率*/
var syl_1y="0.3674";
/* 基金收益走势图 每万份收益*/
var Data_millionCopiesIncome = [[1435248000000,1.6231],[1435593600000,1.444],[1435852800000,1.4433],[1436025600000,2.8865],[1436112000000,1.4426],[1436198400000,1.4248],[1436284800000,1.4204],[1436371200000,1.3968],[1436457600000,1.4444],[1436630400000,2.901],[1436716800000,1.4494],[1436803200000,1.4464],[1436889600000,1.4443],[1436976000000,1.4411],[1437062400000,1.4367],[1437235200000,2.872],[1437321600000,1.4339],[1437408000000,1.4296],[1437494400000,1.4287],[1437580800000,1.4283],[1437667200000,1.4391],[1437840000000,2.882],[1437926400000,1.4308],[1438012800000,1.4152],[1438099200000,1.3922],[1438185600000,1.4418],[1438272000000,1.447],[1438444800000,2.8887],[1438531200000,1.4404],[1438617600000,1.4342],[1438704000000,1.4316],[1438790400000,1.4295],[1438876800000,1.4108],[1439049600000,2.8151],[1439136000000,1.334],[1439222400000,1.4216],[1439308800000,1.424],[1439395200000,1.4196],[1439481600000,1.4157],[1439654400000,2.8301],[1439740800000,1.428],[1439827200000,1.6747],[1439913600000,1.4788],[1440000000000,1.4086],[1440086400000,1.3808],[1440259200000,2.6822],[1440345600000,1.3469],[1440432000000,1.3458],[1440518400000,1.344],[1440604800000,1.3416],[1440691200000,1.3397],[1440864000000,2.6548],[1440950400000,1.3317],[1441036800000,1.3427],[1441123200000,1.352],[1441468800000,5.3693],[1441555200000,1.3286],[1441641600000,1.3303],[1441728000000,1.3216],[1441814400000,1.2927],[1441900800000,1.2852],[1442073600000,2.5581],[1442160000000,1.2687],[1442246400000,1.2575],[1442332800000,1.2511],[1442419200000,1.2484],[1442505600000,1.2432],[1442678400000,2.481],[1442764800000,1.2461],[1442851200000,1.2707],[1442937600000,1.2086],[1443024000000,1.217],[1443110400000,1.1957],[1443283200000,2.2292],[1443369600000,1.3058],[1443456000000,1.35],[1443542400000,0.9897],[1444147200000,6.9095],[1444233600000,0.9738],[1444320000000,0.8572],[1444492800000,1.7251],[1444579200000,0.8816],[1444665600000,0.887],[1444752000000,0.8871],[1444838400000,0.8941],[1444924800000,0.926],[1445097600000,1.8693],[1445184000000,1.0198],[1445270400000,1.0966],[1445356800000,1.0591],[1445443200000,1.3309],[1445529600000,0.9433],[1445702400000,1.7616],[1445788800000,0.8647],[1445875200000,0.8669],[1445961600000,0.9975],[1446048000000,0.8609],[1446134400000,0.8546],[1446307200000,1.7124],[1446393600000,0.8659],[1446480000000,0.8735],[1446566400000,0.8665],[1446652800000,0.8729],[1446739200000,0.87],[1446912000000,1.7372],[1446998400000,0.9137],[1447084800000,0.8757],[1447171200000,0.8823],[1447257600000,0.8841],[1447344000000,0.8896],[1447516800000,1.7829],[1447603200000,0.8888],[1447689600000,0.8978],[1447776000000,0.8993],[1447862400000,0.9105],[1447948800000,0.8819],[1448121600000,1.7539],[1448208000000,0.8833],[1448294400000,0.8863],[1448380800000,0.89],[1448467200000,0.9022],[1448553600000,0.8872],[1448726400000,1.7582],[1448812800000,0.8888],[1448899200000,0.905],[1448985600000,0.9396],[1449072000000,0.9701],[1449158400000,0.9298],[1449331200000,1.8437],[1449417600000,0.915],[1449504000000,0.9093],[1449590400000,0.9058],[1449676800000,0.9185],[1449763200000,0.8985],[1449936000000,1.7896],[1450022400000,2.0215],[1450108800000,0.9172],[1450195200000,0.9266],[1450281600000,0.9399],[1450368000000,0.9169],[1450540800000,1.8156],[1450627200000,1.0596],[1450713600000,0.9031],[1450800000000,0.9121],[1450886400000,0.9389],[1450972800000,0.9359],[1451145600000,1.8683],[1451232000000,1.0745],[1451318400000,0.9242],[1451404800000,0.8791],[1451491200000,0.8841],[1451750400000,2.6584],[1451836800000,0.8783],[1451923200000,0.9038],[1452009600000,0.9031],[1452096000000,0.9106],[1452182400000,0.8849],[1452355200000,1.7619],[1452441600000,0.8766],[1452528000000,0.8776],[1452614400000,0.881],[1452700800000,0.9071],[1452787200000,0.9058],[1452960000000,1.8031],[1453046400000,0.9046],[1453132800000,0.9052],[1453219200000,0.896],[1453305600000,0.8886],[1453392000000,1.1745],[1453564800000,1.4854],[1453651200000,0.8459],[1453737600000,1.1254],[1453824000000,0.7632],[1453910400000,0.7657],[1453996800000,0.7638],[1454169600000,1.521],[1454256000000,1.6127],[1454342400000,1.7361],[1454428800000,0.9754],[1454515200000,0.9163],[1454601600000,0.8923],[1455379200000,7.9236],[1455465600000,0.8559],[1455552000000,0.8575],[1455638400000,0.8477],[1455724800000,0.8451],[1455811200000,0.8543],[1455984000000,1.704],[1456070400000,0.846],[1456156800000,0.8501],[1456243200000,0.8629],[1456329600000,0.7771],[1456416000000,0.8525],[1456588800000,1.699],[1456675200000,0.8638],[1456761600000,0.8972],[1456848000000,0.8532],[1456934400000,0.8571],[1457020800000,0.9894],[1457193600000,1.6631],[1457280000000,1.1374],[1457366400000,0.8343],[1457452800000,0.842],[1457539200000,1.2038],[1457625600000,0.8052],[1457798400000,1.6033],[1457884800000,0.725],[1457971200000,0.7793],[1458057600000,0.8822],[1458144000000,1.3637],[1458230400000,0.9118],[1458403200000,1.5289],[1458489600000,0.856],[1458576000000,0.7371],[1458662400000,0.7476],[1458748800000,0.7817],[1458835200000,0.9131],[1459008000000,1.479],[1459094400000,1.5526],[1459180800000,0.7582],[1459267200000,0.7382],[1459353600000,0.7742],[1459440000000,0.768],[1459699200000,2.2691],[1459785600000,0.7268],[1459872000000,0.7523],[1459958400000,0.7652],[1460044800000,0.862],[1460217600000,1.4339],[1460304000000,1.1185],[1460390400000,0.7539],[1460476800000,1.6184],[1460563200000,0.82],[1460649600000,0.6872],[1460822400000,1.3638],[1460908800000,0.6813],[1460995200000,0.6995],[1461081600000,0.7114],[1461168000000,0.7123],[1461254400000,1.4719],[1461427200000,1.4114],[1461513600000,0.7153],[1461600000000,0.7246],[1461686400000,0.7294],[1461772800000,1.2236],[1461859200000,0.7335],[1462118400000,2.0875],[1462204800000,0.8225],[1462291200000,0.7942],[1462377600000,0.7011],[1462464000000,0.6844],[1462636800000,1.359],[1462723200000,0.8003],[1462809600000,0.8163],[1462896000000,0.7049],[1462982400000,0.7829],[1463068800000,0.7046],[1463241600000,1.3625],[1463328000000,0.6991],[1463414400000,0.7416],[1463500800000,0.7166],[1463587200000,0.7144],[1463673600000,1.0578],[1463846400000,1.3914],[1463932800000,0.8008],[1464019200000,0.686],[1464105600000,0.6844],[1464192000000,0.7009],[1464278400000,0.6869],[1464451200000,1.3437],[1464537600000,0.6692],[1464624000000,0.6822],[1464710400000,1.0355],[1464796800000,0.7216],[1464883200000,1.1302],[1465056000000,1.4174],[1465142400000,0.7042],[1465228800000,0.7051],[1465315200000,0.7222],[1465660800000,2.89],[1465747200000,0.7248],[1465833600000,0.7198],[1465920000000,0.73],[1466006400000,0.7343],[1466092800000,0.7216],[1466265600000,1.3961],[1466352000000,0.7169],[1466438400000,0.7291],[1466524800000,0.7291],[1466611200000,0.7339],[1466697600000,0.7366],[1466870400000,1.4494],[1466956800000,0.9843],[1467043200000,0.7238],[1467129600000,0.7306],[1467216000000,0.744],[1467302400000,0.744],[1467475200000,1.4848],[1467561600000,0.7354],[1467648000000,0.7403],[1467734400000,0.7414],[1467820800000,0.7399],[1467907200000,0.7316],[1468080000000,1.4562],[1468166400000,0.7333],[1468252800000,0.7365],[1468339200000,0.7427],[1468425600000,0.7441],[1468512000000,0.898],[1468684800000,1.4462],[1468771200000,0.7157],[1468857600000,0.7162],[1468944000000,1.2672],[1469030400000,0.7147],[1469116800000,0.7171],[1469289600000,1.4202],[1469376000000,1.2036],[1469462400000,0.7126],[1469548800000,0.7169],[1469635200000,1.512],[1469721600000,0.7198],[1469894400000,1.4326],[1469980800000,0.712],[1470067200000,0.7122],[1470153600000,0.7191],[1470240000000,0.7161],[1470326400000,0.7112],[1470499200000,1.4122],[1470585600000,0.7049],[1470672000000,0.7115],[1470758400000,0.7139],[1470844800000,0.7179],[1470931200000,0.7138],[1471104000000,1.3853],[1471190400000,0.7096],[1471276800000,0.7163],[1471363200000,0.7229],[1471449600000,0.7064],[1471536000000,0.7007],[1471708800000,1.3867],[1471795200000,1.2508],[1471881600000,0.7035],[1471968000000,0.7023],[1472054400000,0.9845],[1472140800000,0.7035],[1472313600000,1.384],[1472400000000,1.4452],[1472486400000,0.6999],[1472572800000,0.6901],[1472659200000,0.6968],[1472745600000,0.695],[1472918400000,1.3785],[1473004800000,0.6878],[1473091200000,0.6939],[1473177600000,0.6918],[1473264000000,0.6877],[1473350400000,0.6861],[1473523200000,1.3359],[1473609600000,2.0038],[1473696000000,0.6773],[1473782400000,0.6864],[1474128000000,2.7528],[1474214400000,0.6921],[1474300800000,0.6935],[1474387200000,0.69],[1474473600000,0.6939],[1474560000000,0.6941],[1474732800000,1.3691],[1474819200000,1.5573],[1474905600000,0.6906],[1474992000000,1.2053],[1475078400000,0.6951],[1475164800000,0.6964],[1475942400000,6.2318],[1476028800000,0.6862],[1476115200000,0.6932],[1476201600000,1.7717],[1476288000000,0.6936],[1476374400000,0.6918],[1476547200000,1.3828],[1476633600000,0.6891],[1476720000000,0.6887],[1476806400000,0.6911],[1476892800000,0.6917],[1476979200000,0.7008],[1477152000000,1.3589],[1477238400000,1.6112],[1477324800000,0.8968],[1477411200000,0.6948],[1477497600000,0.6932],[1477584000000,0.6949],[1477756800000,1.3876],[1477843200000,0.6921],[1477929600000,0.6916],[1478016000000,0.6937],[1478102400000,0.6908],[1478188800000,0.6917],[1478361600000,1.3786],[1478448000000,0.6929],[1478534400000,0.7072],[1478620800000,0.6955],[1478707200000,0.6926],[1478793600000,0.6914],[1478966400000,1.3799],[1479052800000,0.6923],[1479139200000,0.6902],[1479225600000,0.6893],[1479312000000,0.6966],[1479398400000,0.692],[1479571200000,1.379],[1479657600000,0.6966],[1479744000000,0.6996],[1479830400000,0.698],[1479916800000,0.7096],[1480003200000,0.7143],[1480176000000,1.4243],[1480262400000,0.7122],[1480348800000,0.7093],[1480435200000,0.6722],[1480521600000,0.7116],[1480608000000,0.7267],[1480780800000,1.4505],[1480867200000,0.6165],[1480953600000,0.7287],[1481040000000,0.7273],[1481126400000,0.741],[1481212800000,0.7614],[1481385600000,1.5193],[1481472000000,0.7416],[1481558400000,0.7854],[1481644800000,0.7746],[1481731200000,0.7826],[1481817600000,0.7755],[1481990400000,1.5422],[1482076800000,0.7706],[1482163200000,0.7903],[1482249600000,0.7986],[1482336000000,0.7967],[1482422400000,0.8176],[1482595200000,1.5989],[1482681600000,0.8503],[1482768000000,0.6873],[1482854400000,0.8769],[1482940800000,0.8729],[1483027200000,0.8651],[1483113600000,0.8652],[1483286400000,1.7299],[1483372800000,0.8664],[1483459200000,0.8706],[1483545600000,0.6155],[1483632000000,0.8707],[1483804800000,1.7349],[1483891200000,0.8709],[1483977600000,0.8671],[1484064000000,0.5867],[1484150400000,0.8793],[1484236800000,0.8868],[1484409600000,1.7564],[1484496000000,0.8966],[1484582400000,0.9038],[1484668800000,1.2067],[1484755200000,1.1628],[1484841600000,0.9766],[1485014400000,1.9457],[1485100800000,0.945],[1485187200000,0.9943],[1485273600000,1.9505],[1485360000000,0.991],[1485964800000,6.9119],[1486051200000,0.9917],[1486224000000,1.9754],[1486310400000,0.9903],[1486396800000,0.9869],[1486483200000,0.9921],[1486569600000,1.0014],[1486656000000,0.9925],[1486828800000,1.9674],[1486915200000,1.4916],[1487001600000,1.0119],[1487088000000,1.0037],[1487174400000,1.003],[1487260800000,1.0158],[1487433600000,2.0263],[1487520000000,1.0172],[1487606400000,1.0169],[1487692800000,1.0301],[1487779200000,1.0244],[1487865600000,1.0333],[1488038400000,2.0698],[1488124800000,1.0328],[1488211200000,1.0379],[1488297600000,1.0428],[1488384000000,1.0592],[1488470400000,1.0535],[1488643200000,2.1009],[1488729600000,1.0502],[1488816000000,1.059],[1488902400000,1.0585],[1488988800000,1.0543],[1489075200000,1.0478],[1489248000000,2.0811],[1489334400000,1.0498],[1489420800000,1.0612],[1489507200000,1.0683],[1489593600000,1.0505],[1489680000000,1.0261],[1489852800000,2.0483],[1489939200000,1.0447],[1490025600000,1.0741],[1490112000000,1.1844],[1490198400000,1.1226],[1490284800000,1.1349],[1490457600000,2.2679],[1490544000000,1.1465],[1490630400000,1.1272],[1490716800000,1.135],[1490803200000,1.1227],[1490889600000,1.1062],[1491235200000,4.4468],[1491321600000,1.0902],[1491408000000,1.1054],[1491494400000,1.0969],[1491667200000,2.1799],[1491753600000,1.187],[1491840000000,1.0784],[1491926400000,1.088],[1492012800000,1.0718],[1492099200000,1.0723],[1492272000000,2.1212],[1492358400000,1.0719],[1492444800000,1.073],[1492531200000,1.0769],[1492617600000,1.0754],[1492704000000,1.082],[1492876800000,2.1291],[1492963200000,1.0833],[1493049600000,1.0945],[1493136000000,1.1013],[1493222400000,1.0959],[1493308800000,1.1194],[1493568000000,3.3428],[1493654400000,1.1495],[1493740800000,1.1215],[1493827200000,1.1288],[1493913600000,1.1291],[1494086400000,2.2546],[1494172800000,1.1262],[1494259200000,1.1225],[1494345600000,1.1261],[1494432000000,1.124],[1494518400000,1.1025],[1494691200000,2.1695],[1494777600000,1.1155],[1494864000000,1.1205],[1494950400000,1.1213],[1495036800000,1.1185],[1495123200000,1.117],[1495296000000,2.2318],[1495382400000,1.1284],[1495468800000,1.1323],[1495555200000,1.1324],[1495641600000,1.1379],[1495728000000,1.1382],[1496073600000,4.5507],[1496160000000,1.1369],[1496246400000,1.1404],[1496332800000,1.1412],[1496505600000,2.2798],[1496592000000,1.1426],[1496678400000,1.1402],[1496764800000,1.1406],[1496851200000,1.1475],[1496937600000,1.1802],[1497110400000,2.3032],[1497196800000,1.1599],[1497283200000,1.1632],[1497369600000,1.194],[1497456000000,1.2106],[1497542400000,1.1986],[1497715200000,2.3981],[1497801600000,1.1972],[1497888000000,1.1988],[1497974400000,1.2103],[1498060800000,1.1968],[1498147200000,1.1846],[1498320000000,2.3958],[1498406400000,1.3347],[1498492800000,1.2154],[1498579200000,1.2208],[1498665600000,1.2214],[1498752000000,1.2125],[1498924800000,2.425],[1499011200000,1.2169],[1499097600000,1.183],[1499184000000,1.1939],[1499270400000,1.1825],[1499356800000,1.1744],[1499529600000,2.3449],[1499616000000,1.1643],[1499702400000,1.1564],[1499788800000,1.1509],[1499875200000,1.1465],[1499961600000,1.1371],[1500134400000,2.2704],[1500220800000,1.1357],[1500307200000,1.1324],[1500393600000,1.1371],[1500480000000,1.1388],[1500566400000,1.1499],[1500739200000,2.2989],[1500825600000,1.1544],[1500912000000,1.157],[1500998400000,1.1539],[1501084800000,1.1543],[1501171200000,1.1556],[1501344000000,2.3074],[1501430400000,1.1454],[1501516800000,1.1526],[1501603200000,1.1546],[1501689600000,1.1531],[1501776000000,1.1583],[1501948800000,2.3124],[1502035200000,1.1548],[1502121600000,1.1558],[1502208000000,1.1549],[1502294400000,1.1537],[1502380800000,1.1557],[1502553600000,2.3029],[1502640000000,1.1453],[1502726400000,1.144],[1502812800000,1.1433],[1502899200000,1.144],[1502985600000,1.146],[1503158400000,2.2793],[1503244800000,1.149],[1503331200000,1.1456],[1503417600000,1.1499],[1503504000000,1.1841],[1503590400000,1.1531],[1503763200000,2.3042],[1503849600000,1.1548],[1503936000000,1.1526],[1504022400000,1.1577],[1504108800000,1.1506],[1504195200000,1.1537],[1504368000000,2.3076],[1504454400000,1.1538],[1504540800000,1.1545],[1504627200000,1.153],[1504713600000,1.1596],[1504800000000,1.1487],[1504972800000,2.2838],[1505059200000,1.146],[1505145600000,1.1453],[1505232000000,1.1461],[1505318400000,1.1441],[1505404800000,1.1418],[1505577600000,2.2601],[1505664000000,1.1385],[1505750400000,1.1395],[1505836800000,1.1412],[1505923200000,1.1601],[1506009600000,1.1521],[1506182400000,2.269],[1506268800000,1.1402],[1506355200000,1.1475],[1506441600000,1.1432],[1506528000000,1.1478],[1506614400000,1.119],[1507392000000,10.2986],[1507478400000,1.1491],[1507564800000,1.1477],[1507651200000,1.1533],[1507737600000,1.1526],[1507824000000,1.1496],[1507996800000,2.2952],[1508083200000,1.2785],[1508169600000,1.1501],[1508256000000,1.1508],[1508342400000,1.1457],[1508428800000,1.1433],[1508601600000,2.283],[1508688000000,1.1461],[1508774400000,1.1448],[1508860800000,1.1518],[1508947200000,1.1434],[1509033600000,1.1521],[1509206400000,2.3003],[1509292800000,1.144],[1509379200000,1.1354],[1509465600000,1.1576],[1509552000000,1.1602],[1509638400000,1.1484],[1509811200000,2.2952],[1509897600000,1.1443],[1509984000000,1.1485],[1510070400000,1.1437],[1510156800000,1.1441],[1510243200000,1.1389],[1510416000000,2.2765],[1510502400000,1.1341],[1510588800000,1.144],[1510675200000,1.1437],[1510761600000,1.1452],[1510848000000,1.1448],[1511020800000,2.2875],[1511107200000,1.145],[1511193600000,1.1456],[1511280000000,1.1437],[1511366400000,1.156],[1511452800000,1.1577],[1511625600000,2.3151],[1511712000000,1.1544],[1511798400000,1.1525],[1511884800000,1.1667],[1511971200000,1.1588],[1512057600000,1.16],[1512144000000,1.1585],[1512230400000,1.1586],[1512316800000,1.1485],[1512403200000,1.1463],[1512489600000,1.1455],[1512576000000,1.1406],[1512662400000,1.1404],[1512748800000,1.1404],[1512835200000,1.1405],[1512921600000,1.1313],[1513008000000,1.1383],[1513094400000,1.1458],[1513180800000,1.1488],[1513267200000,1.1559],[1513353600000,1.1553],[1513440000000,1.1554],[1513526400000,1.1592],[1513612800000,1.1629],[1513699200000,1.1751],[1513785600000,1.1866],[1513872000000,1.1977],[1513958400000,1.1978],[1514044800000,1.1978],[1514131200000,1.097],[1514217600000,1.1489],[1514304000000,1.2357],[1514390400000,1.2147],[1514476800000,1.2603],[1514563200000,1.2608],[1514649600000,1.2608],[1514736000000,1.2594],[1514822400000,1.236],[1514908800000,1.2377],[1514995200000,1.2323],[1515081600000,1.2023],[1515168000000,1.1955],[1515254400000,1.1956],[1515340800000,1.1675],[1515427200000,1.1617],[1515513600000,1.1603],[1515600000000,1.1583],[1515686400000,1.1622],[1515772800000,1.1604],[1515859200000,1.1604],[1515945600000,1.1592],[1516032000000,1.1612],[1516118400000,1.1547],[1516204800000,1.1651],[1516291200000,1.1755],[1516377600000,1.1741],[1516464000000,1.169],[1516550400000,1.1813],[1516636800000,1.1894],[1516723200000,1.2009],[1516809600000,1.2047],[1516896000000,1.2018],[1516982400000,1.2008],[1517068800000,1.2008],[1517155200000,1.1996],[1517241600000,1.1994],[1517328000000,1.3613],[1517414400000,1.1988],[1517500800000,1.1806],[1517587200000,1.1798],[1517673600000,1.1799],[1517760000000,1.1603],[1517846400000,1.1461]];
/*基金收益走势图   7日年化收益率*/
var Data_sevenDaysYearIncome = [[1435248000000,3.31],[1435593600000,5.15],[1435852800000,5.8],[1436025600000,5.81],[1436112000000,5.41],[1436198400000,5.4],[1436284800000,5.39],[1436371200000,5.36],[1436457600000,5.36],[1436630400000,5.37],[1436716800000,5.37],[1436803200000,5.38],[1436889600000,5.4],[1436976000000,5.42],[1437062400000,5.42],[1437235200000,5.4],[1437321600000,5.39],[1437408000000,5.38],[1437494400000,5.38],[1437580800000,5.37],[1437667200000,5.37],[1437840000000,5.38],[1437926400000,5.37],[1438012800000,5.37],[1438099200000,5.35],[1438185600000,5.35],[1438272000000,5.36],[1438444800000,5.36],[1438531200000,5.37],[1438617600000,5.38],[1438704000000,5.4],[1438790400000,5.39],[1438876800000,5.37],[1439049600000,5.33],[1439136000000,5.27],[1439222400000,5.27],[1439308800000,5.26],[1439395200000,5.26],[1439481600000,5.26],[1439654400000,5.27],[1439740800000,5.32],[1439827200000,5.46],[1439913600000,5.49],[1440000000000,5.48],[1440086400000,5.46],[1440259200000,5.38],[1440345600000,5.34],[1440432000000,5.16],[1440518400000,5.08],[1440604800000,5.05],[1440691200000,5.02],[1440864000000,5.01],[1440950400000,5.0],[1441036800000,5.0],[1441123200000,5.0],[1441468800000,5.02],[1441555200000,5.02],[1441641600000,5.01],[1441728000000,5.0],[1441814400000,4.97],[1441900800000,4.94],[1442073600000,4.87],[1442160000000,4.84],[1442246400000,4.8],[1442332800000,4.76],[1442419200000,4.73],[1442505600000,4.71],[1442678400000,4.67],[1442764800000,4.66],[1442851200000,4.66],[1442937600000,4.64],[1443024000000,4.62],[1443110400000,4.6],[1443283200000,4.46],[1443369600000,4.49],[1443456000000,4.53],[1443542400000,4.42],[1444147200000,3.67],[1444233600000,3.66],[1444320000000,3.59],[1444492800000,3.46],[1444579200000,3.4],[1444665600000,3.35],[1444752000000,3.29],[1444838400000,3.25],[1444924800000,3.29],[1445097600000,3.36],[1445184000000,3.44],[1445270400000,3.55],[1445356800000,3.64],[1445443200000,3.88],[1445529600000,3.89],[1445702400000,3.83],[1445788800000,3.75],[1445875200000,3.62],[1445961600000,3.59],[1446048000000,3.34],[1446134400000,3.29],[1446307200000,3.26],[1446393600000,3.26],[1446480000000,3.27],[1446566400000,3.2],[1446652800000,3.2],[1446739200000,3.21],[1446912000000,3.22],[1446998400000,3.25],[1447084800000,3.25],[1447171200000,3.26],[1447257600000,3.27],[1447344000000,3.28],[1447516800000,3.3],[1447603200000,3.29],[1447689600000,3.3],[1447776000000,3.31],[1447862400000,3.32],[1447948800000,3.32],[1448121600000,3.3],[1448208000000,3.3],[1448294400000,3.29],[1448380800000,3.29],[1448467200000,3.28],[1448553600000,3.29],[1448726400000,3.29],[1448812800000,3.29],[1448899200000,3.3],[1448985600000,3.33],[1449072000000,3.37],[1449158400000,3.39],[1449331200000,3.43],[1449417600000,3.45],[1449504000000,3.45],[1449590400000,3.43],[1449676800000,3.41],[1449763200000,3.39],[1449936000000,3.36],[1450022400000,3.96],[1450108800000,3.96],[1450195200000,3.97],[1450281600000,3.98],[1450368000000,3.99],[1450540800000,4.01],[1450627200000,3.49],[1450713600000,3.48],[1450800000000,3.47],[1450886400000,3.47],[1450972800000,3.48],[1451145600000,3.51],[1451232000000,3.52],[1451318400000,3.53],[1451404800000,3.51],[1451491200000,3.48],[1451750400000,3.4],[1451836800000,3.3],[1451923200000,3.29],[1452009600000,3.3],[1452096000000,3.31],[1452182400000,3.31],[1452355200000,3.31],[1452441600000,3.31],[1452528000000,3.29],[1452614400000,3.28],[1452700800000,3.28],[1452787200000,3.29],[1452960000000,3.31],[1453046400000,3.33],[1453132800000,3.34],[1453219200000,3.35],[1453305600000,3.34],[1453392000000,3.49],[1453564800000,3.31],[1453651200000,3.28],[1453737600000,3.4],[1453824000000,3.33],[1453910400000,3.26],[1453996800000,3.04],[1454169600000,3.06],[1454256000000,3.48],[1454342400000,3.81],[1454428800000,3.92],[1454515200000,4.0],[1454601600000,4.07],[1455379200000,3.27],[1455465600000,3.25],[1455552000000,3.24],[1455638400000,3.22],[1455724800000,3.2],[1455811200000,3.19],[1455984000000,3.16],[1456070400000,3.15],[1456156800000,3.15],[1456243200000,3.16],[1456329600000,3.12],[1456416000000,3.12],[1456588800000,3.12],[1456675200000,3.13],[1456761600000,3.15],[1456848000000,3.15],[1456934400000,3.19],[1457020800000,3.26],[1457193600000,3.24],[1457280000000,3.39],[1457366400000,3.36],[1457452800000,3.35],[1457539200000,3.54],[1457625600000,3.44],[1457798400000,3.41],[1457884800000,3.19],[1457971200000,3.16],[1458057600000,3.18],[1458144000000,3.26],[1458230400000,3.32],[1458403200000,3.28],[1458489600000,3.35],[1458576000000,3.33],[1458662400000,3.26],[1458748800000,2.94],[1458835200000,2.94],[1459008000000,2.92],[1459094400000,3.29],[1459180800000,3.3],[1459267200000,3.3],[1459353600000,3.29],[1459440000000,3.22],[1459699200000,2.81],[1459785600000,2.79],[1459872000000,2.8],[1459958400000,2.79],[1460044800000,2.84],[1460217600000,2.8],[1460304000000,2.99],[1460390400000,3.01],[1460476800000,3.48],[1460563200000,3.5],[1460649600000,3.41],[1460822400000,3.37],[1460908800000,3.14],[1460995200000,3.11],[1461081600000,2.62],[1461168000000,2.56],[1461254400000,2.98],[1461427200000,3.01],[1461513600000,3.03],[1461600000000,3.04],[1461686400000,3.05],[1461772800000,3.33],[1461859200000,2.93],[1462118400000,2.91],[1462204800000,2.96],[1462291200000,3.0],[1462377600000,2.72],[1462464000000,2.69],[1462636800000,2.67],[1462723200000,2.73],[1462809600000,2.72],[1462896000000,2.68],[1462982400000,2.72],[1463068800000,2.73],[1463241600000,2.73],[1463328000000,2.68],[1463414400000,2.64],[1463500800000,2.65],[1463587200000,2.61],[1463673600000,2.8],[1463846400000,2.81],[1463932800000,2.87],[1464019200000,2.84],[1464105600000,2.82],[1464192000000,2.81],[1464278400000,2.61],[1464451200000,2.59],[1464537600000,2.52],[1464624000000,2.52],[1464710400000,2.7],[1464796800000,2.72],[1464883200000,2.95],[1465056000000,2.99],[1465142400000,3.01],[1465228800000,3.02],[1465315200000,2.86],[1465660800000,2.65],[1465747200000,2.66],[1465833600000,2.67],[1465920000000,2.68],[1466006400000,2.68],[1466092800000,2.68],[1466265600000,2.66],[1466352000000,2.65],[1466438400000,2.66],[1466524800000,2.66],[1466611200000,2.66],[1466697600000,2.66],[1466870400000,2.69],[1466956800000,2.84],[1467043200000,2.83],[1467129600000,2.83],[1467216000000,2.84],[1467302400000,2.84],[1467475200000,2.86],[1467561600000,2.73],[1467648000000,2.74],[1467734400000,2.74],[1467820800000,2.74],[1467907200000,2.73],[1468080000000,2.72],[1468166400000,2.72],[1468252800000,2.72],[1468339200000,2.72],[1468425600000,2.72],[1468512000000,2.81],[1468684800000,2.8],[1468771200000,2.79],[1468857600000,2.78],[1468944000000,3.06],[1469030400000,3.05],[1469116800000,2.95],[1469289600000,2.94],[1469376000000,3.2],[1469462400000,3.2],[1469548800000,2.9],[1469635200000,3.33],[1469721600000,3.33],[1469894400000,3.34],[1469980800000,3.07],[1470067200000,3.07],[1470153600000,3.07],[1470240000000,2.65],[1470326400000,2.64],[1470499200000,2.63],[1470585600000,2.63],[1470672000000,2.63],[1470758400000,2.63],[1470844800000,2.63],[1470931200000,2.63],[1471104000000,2.61],[1471190400000,2.62],[1471276800000,2.62],[1471363200000,2.62],[1471449600000,2.62],[1471536000000,2.61],[1471708800000,2.61],[1471795200000,2.9],[1471881600000,2.89],[1471968000000,2.88],[1472054400000,3.03],[1472140800000,3.03],[1472313600000,3.03],[1472400000000,3.14],[1472486400000,3.13],[1472572800000,3.13],[1472659200000,2.97],[1472745600000,2.97],[1472918400000,2.97],[1473004800000,2.56],[1473091200000,2.56],[1473177600000,2.56],[1473264000000,2.55],[1473350400000,2.55],[1473523200000,2.53],[1473609600000,3.23],[1473696000000,3.22],[1473782400000,3.22],[1474128000000,3.24],[1474214400000,2.54],[1474300800000,2.55],[1474387200000,2.55],[1474473600000,2.55],[1474560000000,2.56],[1474732800000,2.55],[1474819200000,3.02],[1474905600000,3.01],[1474992000000,3.29],[1475078400000,3.29],[1475164800000,3.29],[1475942400000,2.56],[1476028800000,2.56],[1476115200000,2.56],[1476201600000,3.14],[1476288000000,3.14],[1476374400000,3.14],[1476547200000,3.13],[1476633600000,3.14],[1476720000000,3.13],[1476806400000,2.55],[1476892800000,2.55],[1476979200000,2.56],[1477152000000,2.55],[1477238400000,3.04],[1477324800000,3.15],[1477411200000,3.15],[1477497600000,3.15],[1477584000000,3.15],[1477756800000,3.17],[1477843200000,2.67],[1477929600000,2.56],[1478016000000,2.56],[1478102400000,2.56],[1478188800000,2.56],[1478361600000,2.55],[1478448000000,2.56],[1478534400000,2.56],[1478620800000,2.56],[1478707200000,2.57],[1478793600000,2.57],[1478966400000,2.57],[1479052800000,2.57],[1479139200000,2.56],[1479225600000,2.55],[1479312000000,2.56],[1479398400000,2.56],[1479571200000,2.56],[1479657600000,2.56],[1479744000000,2.56],[1479830400000,2.57],[1479916800000,2.57],[1480003200000,2.59],[1480176000000,2.61],[1480262400000,2.62],[1480348800000,2.62],[1480435200000,2.61],[1480521600000,2.61],[1480608000000,2.62],[1480780800000,2.63],[1480867200000,2.58],[1480953600000,2.59],[1481040000000,2.62],[1481126400000,2.64],[1481212800000,2.65],[1481385600000,2.69],[1481472000000,2.76],[1481558400000,2.79],[1481644800000,2.81],[1481731200000,2.84],[1481817600000,2.84],[1481990400000,2.86],[1482076800000,2.87],[1482163200000,2.87],[1482249600000,2.89],[1482336000000,2.9],[1482422400000,2.92],[1482595200000,2.95],[1482681600000,2.99],[1482768000000,2.94],[1482854400000,2.98],[1482940800000,3.02],[1483027200000,3.04],[1483113600000,3.08],[1483286400000,3.12],[1483372800000,3.22],[1483459200000,3.22],[1483545600000,3.08],[1483632000000,3.08],[1483804800000,3.08],[1483891200000,3.09],[1483977600000,3.09],[1484064000000,2.93],[1484150400000,3.08],[1484236800000,3.08],[1484409600000,3.1],[1484496000000,3.11],[1484582400000,3.13],[1484668800000,3.46],[1484755200000,3.62],[1484841600000,3.66],[1485014400000,3.77],[1485100800000,3.79],[1485187200000,3.84],[1485273600000,4.25],[1485360000000,4.15],[1485964800000,3.67],[1486051200000,3.67],[1486224000000,3.67],[1486310400000,3.67],[1486396800000,3.67],[1486483200000,3.68],[1486569600000,3.68],[1486656000000,3.68],[1486828800000,3.68],[1486915200000,3.95],[1487001600000,3.96],[1487088000000,3.97],[1487174400000,3.97],[1487260800000,3.98],[1487433600000,4.02],[1487520000000,3.76],[1487606400000,3.76],[1487692800000,3.78],[1487779200000,3.79],[1487865600000,3.8],[1488038400000,3.82],[1488124800000,3.83],[1488211200000,3.84],[1488297600000,3.85],[1488384000000,3.87],[1488470400000,3.88],[1488643200000,3.89],[1488729600000,3.9],[1488816000000,3.92],[1488902400000,3.92],[1488988800000,3.92],[1489075200000,3.92],[1489248000000,3.91],[1489334400000,3.91],[1489420800000,3.91],[1489507200000,3.91],[1489593600000,3.91],[1489680000000,3.9],[1489852800000,3.88],[1489939200000,3.88],[1490025600000,3.89],[1490112000000,3.95],[1490198400000,3.99],[1490284800000,4.05],[1490457600000,4.17],[1490544000000,4.22],[1490630400000,4.25],[1490716800000,4.22],[1490803200000,4.22],[1490889600000,4.21],[1491235200000,4.16],[1491321600000,4.13],[1491408000000,4.12],[1491494400000,4.12],[1491667200000,4.09],[1491753600000,4.14],[1491840000000,4.12],[1491926400000,4.12],[1492012800000,4.1],[1492099200000,4.08],[1492272000000,4.05],[1492358400000,3.99],[1492444800000,3.99],[1492531200000,3.98],[1492617600000,3.98],[1492704000000,3.99],[1492876800000,3.99],[1492963200000,4.0],[1493049600000,4.01],[1493136000000,4.02],[1493222400000,4.03],[1493308800000,4.05],[1493568000000,4.13],[1493654400000,4.16],[1493740800000,4.17],[1493827200000,4.18],[1493913600000,4.19],[1494086400000,4.2],[1494172800000,4.21],[1494259200000,4.2],[1494345600000,4.2],[1494432000000,4.2],[1494518400000,4.18],[1494691200000,4.13],[1494777600000,4.13],[1494864000000,4.13],[1494950400000,4.13],[1495036800000,4.12],[1495123200000,4.13],[1495296000000,4.16],[1495382400000,4.17],[1495468800000,4.18],[1495555200000,4.18],[1495641600000,4.19],[1495728000000,4.21],[1496073600000,4.24],[1496160000000,4.24],[1496246400000,4.24],[1496332800000,4.24],[1496505600000,4.25],[1496592000000,4.25],[1496678400000,4.25],[1496764800000,4.25],[1496851200000,4.26],[1496937600000,4.28],[1497110400000,4.29],[1497196800000,4.3],[1497283200000,4.31],[1497369600000,4.34],[1497456000000,4.37],[1497542400000,4.38],[1497715200000,4.44],[1497801600000,4.46],[1497888000000,4.48],[1497974400000,4.48],[1498060800000,4.48],[1498147200000,4.47],[1498320000000,4.47],[1498406400000,4.54],[1498492800000,4.55],[1498579200000,4.56],[1498665600000,4.57],[1498752000000,4.59],[1498924800000,4.6],[1499011200000,4.54],[1499097600000,4.52],[1499184000000,4.51],[1499270400000,4.48],[1499356800000,4.46],[1499529600000,4.42],[1499616000000,4.39],[1499702400000,4.38],[1499788800000,4.35],[1499875200000,4.33],[1499961600000,4.31],[1500134400000,4.27],[1500220800000,4.26],[1500307200000,4.24],[1500393600000,4.24],[1500480000000,4.23],[1500566400000,4.24],[1500739200000,4.26],[1500825600000,4.27],[1500912000000,4.28],[1500998400000,4.29],[1501084800000,4.3],[1501171200000,4.3],[1501344000000,4.3],[1501430400000,4.3],[1501516800000,4.3],[1501603200000,4.3],[1501689600000,4.3],[1501776000000,4.3],[1501948800000,4.3],[1502035200000,4.31],[1502121600000,4.31],[1502208000000,4.31],[1502294400000,4.31],[1502380800000,4.31],[1502553600000,4.3],[1502640000000,4.3],[1502726400000,4.29],[1502812800000,4.28],[1502899200000,4.28],[1502985600000,4.27],[1503158400000,4.26],[1503244800000,4.26],[1503331200000,4.26],[1503417600000,4.27],[1503504000000,4.29],[1503590400000,4.29],[1503763200000,4.31],[1503849600000,4.31],[1503936000000,4.31],[1504022400000,4.32],[1504108800000,4.3],[1504195200000,4.3],[1504368000000,4.3],[1504454400000,4.3],[1504540800000,4.3],[1504627200000,4.3],[1504713600000,4.3],[1504800000000,4.3],[1504972800000,4.29],[1505059200000,4.28],[1505145600000,4.28],[1505232000000,4.28],[1505318400000,4.27],[1505404800000,4.26],[1505577600000,4.25],[1505664000000,4.25],[1505750400000,4.24],[1505836800000,4.24],[1505923200000,4.25],[1506009600000,4.25],[1506182400000,4.26],[1506268800000,4.26],[1506355200000,4.26],[1506441600000,4.27],[1506528000000,4.26],[1506614400000,4.24],[1507392000000,4.27],[1507478400000,4.27],[1507564800000,4.27],[1507651200000,4.27],[1507737600000,4.28],[1507824000000,4.28],[1507996800000,4.29],[1508083200000,4.36],[1508169600000,4.36],[1508256000000,4.36],[1508342400000,4.35],[1508428800000,4.35],[1508601600000,4.34],[1508688000000,4.27],[1508774400000,4.27],[1508860800000,4.27],[1508947200000,4.27],[1509033600000,4.27],[1509206400000,4.28],[1509292800000,4.28],[1509379200000,4.27],[1509465600000,4.28],[1509552000000,4.29],[1509638400000,4.28],[1509811200000,4.28],[1509897600000,4.28],[1509984000000,4.29],[1510070400000,4.28],[1510156800000,4.27],[1510243200000,4.27],[1510416000000,4.26],[1510502400000,4.25],[1510588800000,4.25],[1510675200000,4.25],[1510761600000,4.25],[1510848000000,4.25],[1511020800000,4.26],[1511107200000,4.26],[1511193600000,4.27],[1511280000000,4.27],[1511366400000,4.27],[1511452800000,4.28],[1511625600000,4.29],[1511712000000,4.3],[1511798400000,4.3],[1511884800000,4.32],[1511971200000,4.32],[1512057600000,4.32],[1512144000000,4.32],[1512230400000,4.32],[1512316800000,4.32],[1512403200000,4.31],[1512489600000,4.3],[1512576000000,4.29],[1512662400000,4.28],[1512748800000,4.27],[1512835200000,4.26],[1512921600000,4.25],[1513008000000,4.25],[1513094400000,4.25],[1513180800000,4.25],[1513267200000,4.26],[1513353600000,4.27],[1513440000000,4.28],[1513526400000,4.29],[1513612800000,4.3],[1513699200000,4.32],[1513785600000,4.34],[1513872000000,4.36],[1513958400000,4.39],[1514044800000,4.41],[1514131200000,4.38],[1514217600000,4.37],[1514304000000,4.4],[1514390400000,4.42],[1514476800000,4.45],[1514563200000,4.49],[1514649600000,4.52],[1514736000000,4.61],[1514822400000,4.66],[1514908800000,4.66],[1514995200000,4.67],[1515081600000,4.63],[1515168000000,4.6],[1515254400000,4.56],[1515340800000,4.51],[1515427200000,4.47],[1515513600000,4.43],[1515600000000,4.39],[1515686400000,4.37],[1515772800000,4.35],[1515859200000,4.33],[1515945600000,4.33],[1516032000000,4.33],[1516118400000,4.32],[1516204800000,4.33],[1516291200000,4.33],[1516377600000,4.34],[1516464000000,4.35],[1516550400000,4.36],[1516636800000,4.37],[1516723200000,4.4],[1516809600000,4.42],[1516896000000,4.43],[1516982400000,4.45],[1517068800000,4.47],[1517155200000,4.48],[1517241600000,4.48],[1517328000000,4.57],[1517414400000,4.57],[1517500800000,4.55],[1517587200000,4.54],[1517673600000,4.53],[1517760000000,4.51],[1517846400000,4.48]];
/*资产配置*/
var Data_assetAllocationCurrency ={"categories":["12-31","09-30","06-30","03-31"],"series":[{"name":"股票","data":[null,null,null,null]},{"name":"债券","data":[54.57,43.07,44.14,43.87]},{"name":"现金","data":[33.19,24.08,29.78,29.25]}]};
/*累计收益率走势*/
var Data_grandTotal = [{"name":"国金众赢货币","data":[[1501948800000,0],[1502035200000,0.01],[1502121600000,0.02],[1502208000000,0.03],[1502294400000,0.05],[1502380800000,0.06],[1502553600000,0.08],[1502640000000,0.09],[1502726400000,0.10],[1502812800000,0.12],[1502899200000,0.13],[1502985600000,0.14],[1503158400000,0.16],[1503244800000,0.17],[1503331200000,0.18],[1503417600000,0.20],[1503504000000,0.21],[1503590400000,0.22],[1503763200000,0.24],[1503849600000,0.25],[1503936000000,0.27],[1504022400000,0.28],[1504108800000,0.29],[1504195200000,0.30],[1504368000000,0.32],[1504454400000,0.33],[1504540800000,0.35],[1504627200000,0.36],[1504713600000,0.37],[1504800000000,0.38],[1504972800000,0.40],[1505059200000,0.42],[1505145600000,0.43],[1505232000000,0.44],[1505318400000,0.45],[1505404800000,0.46],[1505577600000,0.48],[1505664000000,0.50],[1505750400000,0.51],[1505836800000,0.52],[1505923200000,0.53],[1506009600000,0.54],[1506182400000,0.56],[1506268800000,0.58],[1506355200000,0.59],[1506441600000,0.60],[1506528000000,0.61],[1506614400000,0.62],[1507392000000,0.73],[1507478400000,0.74],[1507564800000,0.75],[1507651200000,0.76],[1507737600000,0.77],[1507824000000,0.78],[1507996800000,0.81],[1508083200000,0.82],[1508169600000,0.83],[1508256000000,0.84],[1508342400000,0.85],[1508428800000,0.87],[1508601600000,0.89],[1508688000000,0.90],[1508774400000,0.91],[1508860800000,0.92],[1508947200000,0.93],[1509033600000,0.95],[1509206400000,0.97],[1509292800000,0.98],[1509379200000,0.99],[1509465600000,1.00],[1509552000000,1.02],[1509638400000,1.03],[1509811200000,1.05],[1509897600000,1.06],[1509984000000,1.07],[1510070400000,1.09],[1510156800000,1.10],[1510243200000,1.11],[1510416000000,1.13],[1510502400000,1.14],[1510588800000,1.15],[1510675200000,1.17],[1510761600000,1.18],[1510848000000,1.19],[1511020800000,1.21],[1511107200000,1.22],[1511193600000,1.24],[1511280000000,1.25],[1511366400000,1.26],[1511452800000,1.27],[1511625600000,1.29],[1511712000000,1.31],[1511798400000,1.32],[1511884800000,1.33],[1511971200000,1.34],[1512057600000,1.35],[1512144000000,1.36],[1512230400000,1.38],[1512316800000,1.39],[1512403200000,1.40],[1512489600000,1.41],[1512576000000,1.42],[1512662400000,1.43],[1512748800000,1.45],[1512835200000,1.46],[1512921600000,1.47],[1513008000000,1.48],[1513094400000,1.49],[1513180800000,1.50],[1513267200000,1.52],[1513353600000,1.53],[1513440000000,1.54],[1513526400000,1.55],[1513612800000,1.56],[1513699200000,1.57],[1513785600000,1.59],[1513872000000,1.60],[1513958400000,1.61],[1514044800000,1.62],[1514131200000,1.63],[1514217600000,1.65],[1514304000000,1.66],[1514390400000,1.67],[1514476800000,1.68],[1514563200000,1.70],[1514649600000,1.71],[1514736000000,1.72],[1514822400000,1.73],[1514908800000,1.75],[1514995200000,1.76],[1515081600000,1.77],[1515168000000,1.78],[1515254400000,1.80],[1515340800000,1.81],[1515427200000,1.82],[1515513600000,1.83],[1515600000000,1.84],[1515686400000,1.86],[1515772800000,1.87],[1515859200000,1.88],[1515945600000,1.89],[1516032000000,1.90],[1516118400000,1.91],[1516204800000,1.93],[1516291200000,1.94],[1516377600000,1.95],[1516464000000,1.96],[1516550400000,1.97],[1516636800000,1.99],[1516723200000,2.00],[1516809600000,2.01],[1516896000000,2.02],[1516982400000,2.04],[1517068800000,2.05],[1517155200000,2.06],[1517241600000,2.07],[1517328000000,2.09],[1517414400000,2.10],[1517500800000,2.11],[1517587200000,2.12],[1517673600000,2.13],[1517760000000,2.15],[1517846400000,2.16]]},{"name":"同类平均","data":[[1502035200000,0],[1502121600000,0.01],[1502208000000,0.02],[1502294400000,0.03],[1502380800000,0.04],[1502640000000,0.07],[1502726400000,0.08],[1502812800000,0.09],[1502899200000,0.10],[1502985600000,0.11],[1503244800000,0.14],[1503331200000,0.16],[1503417600000,0.17],[1503504000000,0.18],[1503590400000,0.19],[1503849600000,0.22],[1503936000000,0.23],[1504022400000,0.24],[1504108800000,0.25],[1504195200000,0.26],[1504454400000,0.29],[1504540800000,0.30],[1504627200000,0.31],[1504713600000,0.32],[1504800000000,0.34],[1505059200000,0.37],[1505145600000,0.38],[1505232000000,0.39],[1505318400000,0.40],[1505404800000,0.41],[1505664000000,0.44],[1505750400000,0.45],[1505836800000,0.46],[1505923200000,0.47],[1506009600000,0.48],[1506268800000,0.52],[1506355200000,0.53],[1506441600000,0.54],[1506528000000,0.55],[1506614400000,0.56],[1507478400000,0.67],[1507564800000,0.68],[1507651200000,0.69],[1507737600000,0.71],[1507824000000,0.72],[1508083200000,0.75],[1508169600000,0.76],[1508256000000,0.77],[1508342400000,0.78],[1508428800000,0.79],[1508688000000,0.82],[1508774400000,0.83],[1508860800000,0.84],[1508947200000,0.85],[1509033600000,0.86],[1509292800000,0.90],[1509379200000,0.91],[1509465600000,0.92],[1509552000000,0.93],[1509638400000,0.94],[1509897600000,0.97],[1509984000000,0.98],[1510070400000,0.99],[1510156800000,1.00],[1510243200000,1.01],[1510502400000,1.04],[1510588800000,1.06],[1510675200000,1.07],[1510761600000,1.08],[1510848000000,1.09],[1511107200000,1.12],[1511193600000,1.13],[1511280000000,1.14],[1511366400000,1.15],[1511452800000,1.16],[1511712000000,1.20],[1511798400000,1.21],[1511884800000,1.22],[1511971200000,1.23],[1512057600000,1.24],[1512316800000,1.28],[1512403200000,1.29],[1512489600000,1.30],[1512576000000,1.31],[1512662400000,1.32],[1512921600000,1.35],[1513008000000,1.36],[1513094400000,1.38],[1513180800000,1.39],[1513267200000,1.40],[1513526400000,1.43],[1513612800000,1.44],[1513699200000,1.46],[1513785600000,1.47],[1513872000000,1.48],[1514131200000,1.51],[1514217600000,1.53],[1514304000000,1.54],[1514390400000,1.55],[1514476800000,1.57],[1514822400000,1.62],[1514908800000,1.64],[1514995200000,1.65],[1515081600000,1.66],[1515340800000,1.69],[1515427200000,1.71],[1515513600000,1.72],[1515600000000,1.73],[1515686400000,1.74],[1515945600000,1.77],[1516032000000,1.79],[1516118400000,1.80],[1516204800000,1.81],[1516291200000,1.82],[1516550400000,1.86],[1516636800000,1.87],[1516723200000,1.88],[1516809600000,1.89],[1516896000000,1.90],[1517155200000,1.94],[1517241600000,1.95],[1517328000000,1.96],[1517414400000,1.97],[1517500800000,1.98],[1517760000000,2.02],[1517846400000,2.03]]},{"name":"沪深300","data":[[1502035200000,0],[1502121600000,0.15],[1502208000000,0.11],[1502294400000,-0.29],[1502380800000,-2.13],[1502640000000,-0.86],[1502726400000,-0.56],[1502812800000,-0.68],[1502899200000,-0.15],[1502985600000,-0.06],[1503244800000,0.38],[1503331200000,0.68],[1503417600000,0.79],[1503504000000,0.21],[1503590400000,1.85],[1503849600000,3.11],[1503936000000,2.89],[1504022400000,2.88],[1504108800000,2.56],[1504195200000,2.78],[1504454400000,3.19],[1504540800000,3.50],[1504627200000,3.29],[1504713600000,2.77],[1504800000000,2.66],[1505059200000,2.65],[1505145600000,2.98],[1505232000000,3.11],[1505318400000,2.77],[1505404800000,2.80],[1505664000000,3.12],[1505750400000,2.83],[1505836800000,3.10],[1505923200000,2.98],[1506009600000,2.98],[1506268800000,2.44],[1506355200000,2.52],[1506441600000,2.53],[1506528000000,2.57],[1506614400000,2.94],[1507478400000,4.17],[1507564800000,4.38],[1507651200000,4.72],[1507737600000,5.00],[1507824000000,5.21],[1508083200000,5.01],[1508169600000,5.00],[1508256000000,5.83],[1508342400000,5.49],[1508428800000,5.37],[1508688000000,5.47],[1508774400000,6.24],[1508860800000,6.71],[1508947200000,7.16],[1509033600000,7.92],[1509292800000,7.59],[1509379200000,7.51],[1509465600000,7.24],[1509552000000,7.25],[1509638400000,7.13],[1509897600000,7.89],[1509984000000,8.79],[1510070400000,8.62],[1510156800000,9.37],[1510243200000,10.33],[1510502400000,10.77],[1510588800000,10.00],[1510675200000,9.31],[1510761600000,10.15],[1510848000000,10.57],[1511107200000,11.19],[1511193600000,13.17],[1511280000000,13.44],[1511366400000,10.08],[1511452800000,10.13],[1511712000000,8.67],[1511798400000,8.83],[1511884800000,8.77],[1511971200000,7.49],[1512057600000,7.28],[1512316800000,7.84],[1512403200000,8.41],[1512489600000,7.76],[1512576000000,6.55],[1512662400000,7.42],[1512921600000,9.20],[1513008000000,7.76],[1513094400000,8.67],[1513180800000,8.03],[1513267200000,6.82],[1513526400000,6.94],[1513612800000,8.28],[1513699200000,8.15],[1513785600000,9.15],[1513872000000,8.80],[1514131200000,8.45],[1514217600000,8.77],[1514304000000,7.09],[1514390400000,7.84],[1514476800000,8.16],[1514822400000,9.68],[1514908800000,10.32],[1514995200000,10.79],[1515081600000,11.05],[1515340800000,11.63],[1515427200000,12.41],[1515513600000,12.91],[1515600000000,12.85],[1515686400000,13.37],[1515945600000,13.37],[1516032000000,14.27],[1516118400000,13.99],[1516204800000,14.61],[1516291200000,14.99],[1516550400000,16.36],[1516636800000,17.60],[1516723200000,17.79],[1516809600000,17.13],[1516896000000,17.56],[1517155200000,15.43],[1517241600000,14.20],[1517328000000,14.73],[1517414400000,13.93],[1517500800000,14.61],[1517760000000,14.69],[1517846400000,11.33]]}];
/*同类排名*/
var Data_rateInSimilarType = [{"x":1443369600000,"y":1,"sc":"342"},{"x":1443456000000,"y":1,"sc":"342"},{"x":1443542400000,"y":1,"sc":"342"},{"x":1444233600000,"y":1,"sc":"344"},{"x":1444320000000,"y":1,"sc":"344"},{"x":1444579200000,"y":1,"sc":"342"},{"x":1444665600000,"y":1,"sc":"340"},{"x":1444752000000,"y":1,"sc":"342"},{"x":1444838400000,"y":1,"sc":"341"},{"x":1444924800000,"y":1,"sc":"343"},{"x":1445184000000,"y":1,"sc":"342"},{"x":1445270400000,"y":1,"sc":"342"},{"x":1445356800000,"y":1,"sc":"344"},{"x":1445443200000,"y":1,"sc":"345"},{"x":1445529600000,"y":1,"sc":"345"},{"x":1445788800000,"y":1,"sc":"345"},{"x":1445875200000,"y":1,"sc":"345"},{"x":1445961600000,"y":1,"sc":"345"},{"x":1446048000000,"y":1,"sc":"345"},{"x":1446134400000,"y":1,"sc":"347"},{"x":1446393600000,"y":1,"sc":"345"},{"x":1446480000000,"y":2,"sc":"345"},{"x":1446566400000,"y":2,"sc":"345"},{"x":1446652800000,"y":2,"sc":"345"},{"x":1446739200000,"y":2,"sc":"345"},{"x":1446998400000,"y":3,"sc":"348"},{"x":1447084800000,"y":3,"sc":"350"},{"x":1447171200000,"y":3,"sc":"348"},{"x":1447257600000,"y":3,"sc":"348"},{"x":1447344000000,"y":3,"sc":"350"},{"x":1447603200000,"y":4,"sc":"350"},{"x":1447689600000,"y":4,"sc":"350"},{"x":1447776000000,"y":4,"sc":"350"},{"x":1447862400000,"y":4,"sc":"352"},{"x":1447948800000,"y":4,"sc":"350"},{"x":1448208000000,"y":6,"sc":"353"},{"x":1448294400000,"y":6,"sc":"353"},{"x":1448380800000,"y":7,"sc":"351"},{"x":1448467200000,"y":7,"sc":"351"},{"x":1448553600000,"y":6,"sc":"353"},{"x":1448812800000,"y":7,"sc":"353"},{"x":1448899200000,"y":7,"sc":"353"},{"x":1448985600000,"y":7,"sc":"351"},{"x":1449072000000,"y":7,"sc":"351"},{"x":1449158400000,"y":7,"sc":"353"},{"x":1449417600000,"y":11,"sc":"353"},{"x":1449504000000,"y":10,"sc":"353"},{"x":1449590400000,"y":11,"sc":"353"},{"x":1449676800000,"y":11,"sc":"353"},{"x":1449763200000,"y":12,"sc":"353"},{"x":1450022400000,"y":11,"sc":"352"},{"x":1450108800000,"y":12,"sc":"352"},{"x":1450195200000,"y":11,"sc":"352"},{"x":1450281600000,"y":10,"sc":"352"},{"x":1450368000000,"y":11,"sc":"351"},{"x":1450627200000,"y":13,"sc":"351"},{"x":1450713600000,"y":14,"sc":"351"},{"x":1450800000000,"y":17,"sc":"351"},{"x":1450886400000,"y":17,"sc":"351"},{"x":1450972800000,"y":16,"sc":"352"},{"x":1451232000000,"y":18,"sc":"354"},{"x":1451318400000,"y":20,"sc":"354"},{"x":1451404800000,"y":20,"sc":"356"},{"x":1451491200000,"y":21,"sc":"356"},{"x":1451836800000,"y":17,"sc":"356"},{"x":1451923200000,"y":18,"sc":"356"},{"x":1452009600000,"y":18,"sc":"356"},{"x":1452096000000,"y":24,"sc":"356"},{"x":1452182400000,"y":26,"sc":"356"},{"x":1452441600000,"y":25,"sc":"356"},{"x":1452528000000,"y":26,"sc":"356"},{"x":1452614400000,"y":26,"sc":"356"},{"x":1452700800000,"y":25,"sc":"356"},{"x":1452787200000,"y":26,"sc":"356"},{"x":1453046400000,"y":26,"sc":"356"},{"x":1453132800000,"y":26,"sc":"356"},{"x":1453219200000,"y":27,"sc":"356"},{"x":1453305600000,"y":26,"sc":"357"},{"x":1453392000000,"y":26,"sc":"358"},{"x":1453651200000,"y":29,"sc":"360"},{"x":1453737600000,"y":26,"sc":"360"},{"x":1453824000000,"y":27,"sc":"360"},{"x":1453910400000,"y":26,"sc":"360"},{"x":1453996800000,"y":26,"sc":"360"},{"x":1454256000000,"y":24,"sc":"360"},{"x":1454342400000,"y":24,"sc":"360"},{"x":1454428800000,"y":22,"sc":"360"},{"x":1454515200000,"y":21,"sc":"365"},{"x":1454601600000,"y":21,"sc":"366"},{"x":1455465600000,"y":14,"sc":"369"},{"x":1455552000000,"y":15,"sc":"369"},{"x":1455638400000,"y":16,"sc":"369"},{"x":1455724800000,"y":16,"sc":"369"},{"x":1455811200000,"y":14,"sc":"369"},{"x":1456070400000,"y":16,"sc":"369"},{"x":1456156800000,"y":15,"sc":"370"},{"x":1456243200000,"y":17,"sc":"373"},{"x":1456329600000,"y":18,"sc":"373"},{"x":1456416000000,"y":17,"sc":"375"},{"x":1456675200000,"y":19,"sc":"375"},{"x":1456761600000,"y":20,"sc":"376"},{"x":1456848000000,"y":19,"sc":"376"},{"x":1456934400000,"y":19,"sc":"376"},{"x":1457020800000,"y":18,"sc":"376"},{"x":1457280000000,"y":16,"sc":"376"},{"x":1457366400000,"y":16,"sc":"380"},{"x":1457452800000,"y":17,"sc":"380"},{"x":1457539200000,"y":13,"sc":"380"},{"x":1457625600000,"y":13,"sc":"381"},{"x":1457884800000,"y":19,"sc":"381"},{"x":1457971200000,"y":17,"sc":"380"},{"x":1458057600000,"y":17,"sc":"382"},{"x":1458144000000,"y":16,"sc":"383"},{"x":1458230400000,"y":17,"sc":"383"},{"x":1458489600000,"y":17,"sc":"383"},{"x":1458576000000,"y":17,"sc":"385"},{"x":1458662400000,"y":17,"sc":"385"},{"x":1458748800000,"y":17,"sc":"385"},{"x":1458835200000,"y":18,"sc":"391"},{"x":1459094400000,"y":14,"sc":"391"},{"x":1459180800000,"y":12,"sc":"391"},{"x":1459267200000,"y":14,"sc":"391"},{"x":1459353600000,"y":16,"sc":"392"},{"x":1459440000000,"y":15,"sc":"392"},{"x":1459785600000,"y":18,"sc":"392"},{"x":1459872000000,"y":18,"sc":"392"},{"x":1459958400000,"y":18,"sc":"392"},{"x":1460044800000,"y":18,"sc":"392"},{"x":1460304000000,"y":18,"sc":"394"},{"x":1460390400000,"y":18,"sc":"394"},{"x":1460476800000,"y":16,"sc":"394"},{"x":1460563200000,"y":15,"sc":"394"},{"x":1460649600000,"y":15,"sc":"394"},{"x":1460908800000,"y":16,"sc":"394"},{"x":1460995200000,"y":16,"sc":"394"},{"x":1461081600000,"y":17,"sc":"394"},{"x":1461168000000,"y":18,"sc":"394"},{"x":1461254400000,"y":15,"sc":"394"},{"x":1461513600000,"y":16,"sc":"394"},{"x":1461600000000,"y":17,"sc":"394"},{"x":1461686400000,"y":15,"sc":"394"},{"x":1461772800000,"y":12,"sc":"394"},{"x":1461859200000,"y":11,"sc":"394"},{"x":1462204800000,"y":22,"sc":"394"},{"x":1462291200000,"y":22,"sc":"394"},{"x":1462377600000,"y":22,"sc":"400"},{"x":1462464000000,"y":21,"sc":"400"},{"x":1462723200000,"y":20,"sc":"400"},{"x":1462809600000,"y":20,"sc":"400"},{"x":1462896000000,"y":20,"sc":"400"},{"x":1462982400000,"y":19,"sc":"400"},{"x":1463068800000,"y":19,"sc":"400"},{"x":1463328000000,"y":25,"sc":"400"},{"x":1463414400000,"y":25,"sc":"400"},{"x":1463500800000,"y":25,"sc":"400"},{"x":1463587200000,"y":25,"sc":"400"},{"x":1463673600000,"y":23,"sc":"400"},{"x":1463932800000,"y":25,"sc":"400"},{"x":1464019200000,"y":24,"sc":"400"},{"x":1464105600000,"y":24,"sc":"400"},{"x":1464192000000,"y":25,"sc":"400"},{"x":1464278400000,"y":26,"sc":"400"},{"x":1464537600000,"y":29,"sc":"400"},{"x":1464624000000,"y":29,"sc":"400"},{"x":1464710400000,"y":27,"sc":"400"},{"x":1464796800000,"y":28,"sc":"400"},{"x":1464883200000,"y":25,"sc":"400"},{"x":1465142400000,"y":29,"sc":"402"},{"x":1465228800000,"y":30,"sc":"402"},{"x":1465315200000,"y":25,"sc":"402"},{"x":1465747200000,"y":31,"sc":"402"},{"x":1465833600000,"y":31,"sc":"402"},{"x":1465920000000,"y":33,"sc":"403"},{"x":1466006400000,"y":34,"sc":"403"},{"x":1466092800000,"y":39,"sc":"403"},{"x":1466352000000,"y":40,"sc":"403"},{"x":1466438400000,"y":41,"sc":"404"},{"x":1466524800000,"y":40,"sc":"404"},{"x":1466611200000,"y":42,"sc":"404"},{"x":1466697600000,"y":42,"sc":"404"},{"x":1466956800000,"y":42,"sc":"404"},{"x":1467043200000,"y":47,"sc":"404"},{"x":1467129600000,"y":49,"sc":"404"},{"x":1467216000000,"y":45,"sc":"404"},{"x":1467302400000,"y":46,"sc":"404"},{"x":1467561600000,"y":47,"sc":"404"},{"x":1467648000000,"y":42,"sc":"404"},{"x":1467734400000,"y":42,"sc":"404"},{"x":1467820800000,"y":43,"sc":"404"},{"x":1467907200000,"y":47,"sc":"404"},{"x":1468166400000,"y":53,"sc":"404"},{"x":1468252800000,"y":55,"sc":"404"},{"x":1468339200000,"y":67,"sc":"404"},{"x":1468425600000,"y":70,"sc":"404"},{"x":1468512000000,"y":64,"sc":"404"},{"x":1468771200000,"y":64,"sc":"404"},{"x":1468857600000,"y":63,"sc":"404"},{"x":1468944000000,"y":59,"sc":"405"},{"x":1469030400000,"y":58,"sc":"405"},{"x":1469116800000,"y":70,"sc":"405"},{"x":1469376000000,"y":65,"sc":"405"},{"x":1469462400000,"y":63,"sc":"405"},{"x":1469548800000,"y":63,"sc":"405"},{"x":1469635200000,"y":61,"sc":"407"},{"x":1469721600000,"y":60,"sc":"407"},{"x":1469980800000,"y":55,"sc":"407"},{"x":1470067200000,"y":65,"sc":"407"},{"x":1470153600000,"y":68,"sc":"407"},{"x":1470240000000,"y":71,"sc":"409"},{"x":1470326400000,"y":71,"sc":"409"},{"x":1470585600000,"y":70,"sc":"412"},{"x":1470672000000,"y":70,"sc":"413"},{"x":1470758400000,"y":67,"sc":"413"},{"x":1470844800000,"y":65,"sc":"413"},{"x":1470931200000,"y":65,"sc":"413"},{"x":1471190400000,"y":64,"sc":"413"},{"x":1471276800000,"y":64,"sc":"413"},{"x":1471363200000,"y":66,"sc":"414"},{"x":1471449600000,"y":67,"sc":"415"},{"x":1471536000000,"y":67,"sc":"415"},{"x":1471795200000,"y":67,"sc":"416"},{"x":1471881600000,"y":66,"sc":"416"},{"x":1471968000000,"y":66,"sc":"416"},{"x":1472054400000,"y":64,"sc":"416"},{"x":1472140800000,"y":62,"sc":"416"},{"x":1472400000000,"y":47,"sc":"416"},{"x":1472486400000,"y":47,"sc":"416"},{"x":1472572800000,"y":45,"sc":"416"},{"x":1472659200000,"y":50,"sc":"416"},{"x":1472745600000,"y":50,"sc":"417"},{"x":1473004800000,"y":56,"sc":"421"},{"x":1473091200000,"y":56,"sc":"421"},{"x":1473177600000,"y":56,"sc":"421"},{"x":1473264000000,"y":55,"sc":"423"},{"x":1473350400000,"y":53,"sc":"424"},{"x":1473609600000,"y":43,"sc":"424"},{"x":1473696000000,"y":43,"sc":"424"},{"x":1473782400000,"y":45,"sc":"424"},{"x":1474214400000,"y":47,"sc":"424"},{"x":1474300800000,"y":50,"sc":"424"},{"x":1474387200000,"y":47,"sc":"424"},{"x":1474473600000,"y":50,"sc":"427"},{"x":1474560000000,"y":50,"sc":"427"},{"x":1474819200000,"y":39,"sc":"430"},{"x":1474905600000,"y":44,"sc":"430"},{"x":1474992000000,"y":40,"sc":"430"},{"x":1475078400000,"y":40,"sc":"432"},{"x":1475164800000,"y":41,"sc":"432"},{"x":1476028800000,"y":46,"sc":"434"},{"x":1476115200000,"y":45,"sc":"434"},{"x":1476201600000,"y":34,"sc":"435"},{"x":1476288000000,"y":34,"sc":"437"},{"x":1476374400000,"y":32,"sc":"435"},{"x":1476633600000,"y":34,"sc":"436"},{"x":1476720000000,"y":36,"sc":"438"},{"x":1476806400000,"y":34,"sc":"437"},{"x":1476892800000,"y":37,"sc":"437"},{"x":1476979200000,"y":39,"sc":"437"},{"x":1477238400000,"y":27,"sc":"440"},{"x":1477324800000,"y":28,"sc":"440"},{"x":1477411200000,"y":31,"sc":"441"},{"x":1477497600000,"y":33,"sc":"441"},{"x":1477584000000,"y":44,"sc":"445"},{"x":1477843200000,"y":46,"sc":"447"},{"x":1477929600000,"y":46,"sc":"447"},{"x":1478016000000,"y":46,"sc":"447"},{"x":1478102400000,"y":47,"sc":"447"},{"x":1478188800000,"y":46,"sc":"448"},{"x":1478448000000,"y":48,"sc":"450"},{"x":1478534400000,"y":47,"sc":"450"},{"x":1478620800000,"y":45,"sc":"450"},{"x":1478707200000,"y":45,"sc":"450"},{"x":1478793600000,"y":45,"sc":"450"},{"x":1479052800000,"y":46,"sc":"450"},{"x":1479139200000,"y":46,"sc":"450"},{"x":1479225600000,"y":49,"sc":"450"},{"x":1479312000000,"y":47,"sc":"450"},{"x":1479398400000,"y":49,"sc":"450"},{"x":1479657600000,"y":50,"sc":"451"},{"x":1479744000000,"y":58,"sc":"451"},{"x":1479830400000,"y":58,"sc":"451"},{"x":1479916800000,"y":57,"sc":"451"},{"x":1480003200000,"y":63,"sc":"451"},{"x":1480262400000,"y":62,"sc":"451"},{"x":1480348800000,"y":75,"sc":"452"},{"x":1480435200000,"y":76,"sc":"452"},{"x":1480521600000,"y":74,"sc":"452"},{"x":1480608000000,"y":73,"sc":"455"},{"x":1480867200000,"y":78,"sc":"455"},{"x":1480953600000,"y":76,"sc":"455"},{"x":1481040000000,"y":77,"sc":"455"},{"x":1481126400000,"y":79,"sc":"455"},{"x":1481212800000,"y":78,"sc":"456"},{"x":1481472000000,"y":102,"sc":"457"},{"x":1481558400000,"y":102,"sc":"458"},{"x":1481644800000,"y":95,"sc":"458"},{"x":1481731200000,"y":91,"sc":"458"},{"x":1481817600000,"y":86,"sc":"458"},{"x":1482076800000,"y":99,"sc":"458"},{"x":1482163200000,"y":94,"sc":"458"},{"x":1482249600000,"y":98,"sc":"458"},{"x":1482336000000,"y":97,"sc":"459"},{"x":1482422400000,"y":95,"sc":"463"},{"x":1482681600000,"y":115,"sc":"464"},{"x":1482768000000,"y":120,"sc":"464"},{"x":1482854400000,"y":134,"sc":"466"},{"x":1482940800000,"y":136,"sc":"466"},{"x":1483027200000,"y":144,"sc":"469"},{"x":1483372800000,"y":140,"sc":"469"},{"x":1483459200000,"y":137,"sc":"468"},{"x":1483545600000,"y":141,"sc":"469"},{"x":1483632000000,"y":140,"sc":"469"},{"x":1483891200000,"y":168,"sc":"469"},{"x":1483977600000,"y":167,"sc":"469"},{"x":1484064000000,"y":175,"sc":"469"},{"x":1484150400000,"y":195,"sc":"469"},{"x":1484236800000,"y":193,"sc":"469"},{"x":1484496000000,"y":196,"sc":"472"},{"x":1484582400000,"y":193,"sc":"474"},{"x":1484668800000,"y":187,"sc":"476"},{"x":1484755200000,"y":181,"sc":"476"},{"x":1484841600000,"y":183,"sc":"476"},{"x":1485100800000,"y":183,"sc":"481"},{"x":1485187200000,"y":200,"sc":"482"},{"x":1485273600000,"y":190,"sc":"484"},{"x":1485360000000,"y":188,"sc":"485"},{"x":1486051200000,"y":177,"sc":"489"},{"x":1486310400000,"y":177,"sc":"491"},{"x":1486396800000,"y":173,"sc":"491"},{"x":1486483200000,"y":174,"sc":"491"},{"x":1486569600000,"y":174,"sc":"491"},{"x":1486656000000,"y":172,"sc":"494"},{"x":1486915200000,"y":158,"sc":"496"},{"x":1487001600000,"y":154,"sc":"496"},{"x":1487088000000,"y":154,"sc":"496"},{"x":1487174400000,"y":156,"sc":"496"},{"x":1487260800000,"y":154,"sc":"496"},{"x":1487520000000,"y":150,"sc":"496"},{"x":1487606400000,"y":149,"sc":"496"},{"x":1487692800000,"y":148,"sc":"496"},{"x":1487779200000,"y":149,"sc":"498"},{"x":1487865600000,"y":149,"sc":"500"},{"x":1488124800000,"y":152,"sc":"503"},{"x":1488211200000,"y":149,"sc":"503"},{"x":1488297600000,"y":149,"sc":"503"},{"x":1488384000000,"y":148,"sc":"511"},{"x":1488470400000,"y":144,"sc":"511"},{"x":1488729600000,"y":148,"sc":"513"},{"x":1488816000000,"y":148,"sc":"515"},{"x":1488902400000,"y":149,"sc":"516"},{"x":1488988800000,"y":149,"sc":"518"},{"x":1489075200000,"y":146,"sc":"518"},{"x":1489334400000,"y":147,"sc":"518"},{"x":1489420800000,"y":146,"sc":"518"},{"x":1489507200000,"y":147,"sc":"518"},{"x":1489593600000,"y":145,"sc":"520"},{"x":1489680000000,"y":144,"sc":"520"},{"x":1489939200000,"y":145,"sc":"522"},{"x":1490025600000,"y":143,"sc":"522"},{"x":1490112000000,"y":143,"sc":"524"},{"x":1490198400000,"y":148,"sc":"530"},{"x":1490284800000,"y":145,"sc":"530"},{"x":1490544000000,"y":142,"sc":"534"},{"x":1490630400000,"y":135,"sc":"535"},{"x":1490716800000,"y":135,"sc":"535"},{"x":1490803200000,"y":132,"sc":"538"},{"x":1490889600000,"y":131,"sc":"538"},{"x":1491321600000,"y":108,"sc":"538"},{"x":1491408000000,"y":107,"sc":"540"},{"x":1491494400000,"y":102,"sc":"540"},{"x":1491753600000,"y":99,"sc":"540"},{"x":1491840000000,"y":92,"sc":"540"},{"x":1491926400000,"y":88,"sc":"540"},{"x":1492012800000,"y":86,"sc":"541"},{"x":1492099200000,"y":75,"sc":"541"},{"x":1492358400000,"y":76,"sc":"543"},{"x":1492444800000,"y":81,"sc":"543"},{"x":1492531200000,"y":82,"sc":"543"},{"x":1492617600000,"y":78,"sc":"545"},{"x":1492704000000,"y":69,"sc":"545"},{"x":1492963200000,"y":75,"sc":"545"},{"x":1493049600000,"y":89,"sc":"547"},{"x":1493136000000,"y":92,"sc":"549"},{"x":1493222400000,"y":84,"sc":"549"},{"x":1493308800000,"y":76,"sc":"549"},{"x":1493654400000,"y":89,"sc":"549"},{"x":1493740800000,"y":87,"sc":"550"},{"x":1493827200000,"y":73,"sc":"550"},{"x":1493913600000,"y":83,"sc":"550"},{"x":1494172800000,"y":87,"sc":"550"},{"x":1494259200000,"y":89,"sc":"550"},{"x":1494345600000,"y":89,"sc":"550"},{"x":1494432000000,"y":77,"sc":"550"},{"x":1494518400000,"y":86,"sc":"550"},{"x":1494777600000,"y":91,"sc":"554"},{"x":1494864000000,"y":91,"sc":"556"},{"x":1494950400000,"y":92,"sc":"560"},{"x":1495036800000,"y":83,"sc":"560"},{"x":1495123200000,"y":91,"sc":"560"},{"x":1495382400000,"y":91,"sc":"560"},{"x":1495468800000,"y":91,"sc":"562"},{"x":1495555200000,"y":89,"sc":"564"},{"x":1495641600000,"y":80,"sc":"564"},{"x":1495728000000,"y":87,"sc":"564"},{"x":1496160000000,"y":79,"sc":"564"},{"x":1496246400000,"y":79,"sc":"564"},{"x":1496332800000,"y":79,"sc":"564"},{"x":1496592000000,"y":80,"sc":"566"},{"x":1496678400000,"y":81,"sc":"566"},{"x":1496764800000,"y":81,"sc":"566"},{"x":1496851200000,"y":80,"sc":"566"},{"x":1496937600000,"y":78,"sc":"566"},{"x":1497196800000,"y":77,"sc":"574"},{"x":1497283200000,"y":79,"sc":"574"},{"x":1497369600000,"y":78,"sc":"575"},{"x":1497456000000,"y":78,"sc":"575"},{"x":1497542400000,"y":79,"sc":"575"},{"x":1497801600000,"y":75,"sc":"577"},{"x":1497888000000,"y":76,"sc":"577"},{"x":1497974400000,"y":80,"sc":"575"},{"x":1498060800000,"y":82,"sc":"575"},{"x":1498147200000,"y":81,"sc":"576"},{"x":1498406400000,"y":81,"sc":"579"},{"x":1498492800000,"y":81,"sc":"579"},{"x":1498579200000,"y":82,"sc":"579"},{"x":1498665600000,"y":83,"sc":"579"},{"x":1498752000000,"y":82,"sc":"582"},{"x":1499011200000,"y":66,"sc":"582"},{"x":1499097600000,"y":77,"sc":"582"},{"x":1499184000000,"y":79,"sc":"583"},{"x":1499270400000,"y":80,"sc":"583"},{"x":1499356800000,"y":77,"sc":"583"},{"x":1499616000000,"y":77,"sc":"583"},{"x":1499702400000,"y":77,"sc":"583"},{"x":1499788800000,"y":76,"sc":"583"},{"x":1499875200000,"y":77,"sc":"583"},{"x":1499961600000,"y":78,"sc":"586"},{"x":1500220800000,"y":79,"sc":"586"},{"x":1500307200000,"y":80,"sc":"586"},{"x":1500393600000,"y":82,"sc":"589"},{"x":1500480000000,"y":84,"sc":"589"},{"x":1500566400000,"y":87,"sc":"593"},{"x":1500825600000,"y":87,"sc":"593"},{"x":1500912000000,"y":88,"sc":"593"},{"x":1500998400000,"y":88,"sc":"594"},{"x":1501084800000,"y":87,"sc":"594"},{"x":1501171200000,"y":90,"sc":"594"},{"x":1501430400000,"y":78,"sc":"594"},{"x":1501516800000,"y":89,"sc":"594"},{"x":1501603200000,"y":87,"sc":"594"},{"x":1501689600000,"y":87,"sc":"594"},{"x":1501776000000,"y":88,"sc":"594"},{"x":1502035200000,"y":88,"sc":"596"},{"x":1502121600000,"y":87,"sc":"596"},{"x":1502208000000,"y":84,"sc":"596"},{"x":1502294400000,"y":82,"sc":"596"},{"x":1502380800000,"y":83,"sc":"596"},{"x":1502640000000,"y":84,"sc":"596"},{"x":1502726400000,"y":85,"sc":"596"},{"x":1502812800000,"y":88,"sc":"596"},{"x":1502899200000,"y":88,"sc":"596"},{"x":1502985600000,"y":90,"sc":"596"},{"x":1503244800000,"y":88,"sc":"597"},{"x":1503331200000,"y":87,"sc":"597"},{"x":1503417600000,"y":86,"sc":"597"},{"x":1503504000000,"y":86,"sc":"596"},{"x":1503590400000,"y":89,"sc":"596"},{"x":1503849600000,"y":78,"sc":"600"},{"x":1503936000000,"y":73,"sc":"600"},{"x":1504022400000,"y":94,"sc":"600"},{"x":1504108800000,"y":92,"sc":"601"},{"x":1504195200000,"y":93,"sc":"601"},{"x":1504454400000,"y":97,"sc":"601"},{"x":1504540800000,"y":96,"sc":"601"},{"x":1504627200000,"y":97,"sc":"601"},{"x":1504713600000,"y":98,"sc":"601"},{"x":1504800000000,"y":99,"sc":"601"},{"x":1505059200000,"y":102,"sc":"603"},{"x":1505145600000,"y":101,"sc":"603"},{"x":1505232000000,"y":102,"sc":"603"},{"x":1505318400000,"y":105,"sc":"605"},{"x":1505404800000,"y":106,"sc":"605"},{"x":1505664000000,"y":110,"sc":"606"},{"x":1505750400000,"y":111,"sc":"606"},{"x":1505836800000,"y":110,"sc":"603"},{"x":1505923200000,"y":111,"sc":"603"},{"x":1506009600000,"y":110,"sc":"603"},{"x":1506268800000,"y":109,"sc":"603"},{"x":1506355200000,"y":117,"sc":"603"},{"x":1506441600000,"y":114,"sc":"604"},{"x":1506528000000,"y":114,"sc":"604"},{"x":1506614400000,"y":115,"sc":"606"},{"x":1507478400000,"y":119,"sc":"606"},{"x":1507564800000,"y":120,"sc":"607"},{"x":1507651200000,"y":121,"sc":"607"},{"x":1507737600000,"y":123,"sc":"611"},{"x":1507824000000,"y":123,"sc":"611"},{"x":1508083200000,"y":116,"sc":"612"},{"x":1508169600000,"y":115,"sc":"612"},{"x":1508256000000,"y":113,"sc":"611"},{"x":1508342400000,"y":112,"sc":"611"},{"x":1508428800000,"y":111,"sc":"611"},{"x":1508688000000,"y":112,"sc":"606"},{"x":1508774400000,"y":108,"sc":"606"},{"x":1508860800000,"y":107,"sc":"607"},{"x":1508947200000,"y":106,"sc":"607"},{"x":1509033600000,"y":104,"sc":"607"},{"x":1509292800000,"y":102,"sc":"609"},{"x":1509379200000,"y":103,"sc":"610"},{"x":1509465600000,"y":101,"sc":"610"},{"x":1509552000000,"y":101,"sc":"613"},{"x":1509638400000,"y":101,"sc":"617"},{"x":1509897600000,"y":108,"sc":"621"},{"x":1509984000000,"y":111,"sc":"621"},{"x":1510070400000,"y":109,"sc":"621"},{"x":1510156800000,"y":109,"sc":"623"},{"x":1510243200000,"y":110,"sc":"623"},{"x":1510502400000,"y":110,"sc":"633"},{"x":1510588800000,"y":110,"sc":"635"},{"x":1510675200000,"y":108,"sc":"635"},{"x":1510761600000,"y":106,"sc":"635"},{"x":1510848000000,"y":108,"sc":"636"},{"x":1511107200000,"y":107,"sc":"636"},{"x":1511193600000,"y":107,"sc":"636"},{"x":1511280000000,"y":107,"sc":"636"},{"x":1511366400000,"y":108,"sc":"636"},{"x":1511452800000,"y":108,"sc":"637"},{"x":1511712000000,"y":110,"sc":"640"},{"x":1511798400000,"y":110,"sc":"640"},{"x":1511884800000,"y":109,"sc":"640"},{"x":1511971200000,"y":113,"sc":"641"},{"x":1512057600000,"y":112,"sc":"643"},{"x":1512316800000,"y":118,"sc":"643"},{"x":1512403200000,"y":120,"sc":"643"},{"x":1512489600000,"y":118,"sc":"643"},{"x":1512576000000,"y":120,"sc":"644"},{"x":1512662400000,"y":115,"sc":"652"},{"x":1512921600000,"y":124,"sc":"652"},{"x":1513008000000,"y":130,"sc":"653"},{"x":1513094400000,"y":130,"sc":"653"},{"x":1513180800000,"y":134,"sc":"654"},{"x":1513267200000,"y":138,"sc":"656"},{"x":1513526400000,"y":141,"sc":"656"},{"x":1513612800000,"y":144,"sc":"656"},{"x":1513699200000,"y":144,"sc":"656"},{"x":1513785600000,"y":146,"sc":"655"},{"x":1513872000000,"y":144,"sc":"655"},{"x":1514131200000,"y":145,"sc":"655"},{"x":1514217600000,"y":152,"sc":"655"},{"x":1514304000000,"y":153,"sc":"654"},{"x":1514390400000,"y":157,"sc":"655"},{"x":1514476800000,"y":157,"sc":"655"},{"x":1514822400000,"y":136,"sc":"655"},{"x":1514908800000,"y":132,"sc":"655"},{"x":1514995200000,"y":129,"sc":"655"},{"x":1515081600000,"y":122,"sc":"655"},{"x":1515340800000,"y":187,"sc":"655"},{"x":1515427200000,"y":189,"sc":"655"},{"x":1515513600000,"y":193,"sc":"656"},{"x":1515600000000,"y":192,"sc":"657"},{"x":1515686400000,"y":194,"sc":"657"},{"x":1515945600000,"y":196,"sc":"657"},{"x":1516032000000,"y":202,"sc":"657"},{"x":1516118400000,"y":203,"sc":"657"},{"x":1516204800000,"y":204,"sc":"657"},{"x":1516291200000,"y":208,"sc":"657"},{"x":1516550400000,"y":215,"sc":"657"},{"x":1516636800000,"y":218,"sc":"657"},{"x":1516723200000,"y":219,"sc":"657"},{"x":1516809600000,"y":219,"sc":"657"},{"x":1516896000000,"y":219,"sc":"655"},{"x":1517155200000,"y":222,"sc":"656"},{"x":1517241600000,"y":227,"sc":"656"},{"x":1517328000000,"y":221,"sc":"656"},{"x":1517414400000,"y":222,"sc":"656"},{"x":1517500800000,"y":227,"sc":"656"},{"x":1517760000000,"y":227,"sc":"656"},{"x":1517846400000,"y":230,"sc":"656"}];
/*百分比排名*/
var Data_rateInSimilarPersent = [[1443369600000,99.7100],[1443456000000,99.7100],[1443542400000,99.7100],[1444233600000,99.7100],[1444320000000,99.7100],[1444579200000,99.7100],[1444665600000,99.7100],[1444752000000,99.7100],[1444838400000,99.7100],[1444924800000,99.7100],[1445184000000,99.7100],[1445270400000,99.7100],[1445356800000,99.7100],[1445443200000,99.7100],[1445529600000,99.7100],[1445788800000,99.7100],[1445875200000,99.7100],[1445961600000,99.7100],[1446048000000,99.7100],[1446134400000,99.7100],[1446393600000,99.7100],[1446480000000,99.4200],[1446566400000,99.4200],[1446652800000,99.4200],[1446739200000,99.4200],[1446998400000,99.1400],[1447084800000,99.1400],[1447171200000,99.1400],[1447257600000,99.1400],[1447344000000,99.1400],[1447603200000,98.8600],[1447689600000,98.8600],[1447776000000,98.8600],[1447862400000,98.8600],[1447948800000,98.8600],[1448208000000,98.3000],[1448294400000,98.3000],[1448380800000,98.0100],[1448467200000,98.0100],[1448553600000,98.3000],[1448812800000,98.0200],[1448899200000,98.0200],[1448985600000,98.0100],[1449072000000,98.0100],[1449158400000,98.0200],[1449417600000,96.8800],[1449504000000,97.1700],[1449590400000,96.8800],[1449676800000,96.8800],[1449763200000,96.6000],[1450022400000,96.8700],[1450108800000,96.5900],[1450195200000,96.8700],[1450281600000,97.1600],[1450368000000,96.8700],[1450627200000,96.3000],[1450713600000,96.0100],[1450800000000,95.1600],[1450886400000,95.1600],[1450972800000,95.4500],[1451232000000,94.9200],[1451318400000,94.3500],[1451404800000,94.3800],[1451491200000,94.1000],[1451836800000,95.2200],[1451923200000,94.9400],[1452009600000,94.9400],[1452096000000,93.2600],[1452182400000,92.7000],[1452441600000,92.9800],[1452528000000,92.7000],[1452614400000,92.7000],[1452700800000,92.9800],[1452787200000,92.7000],[1453046400000,92.7000],[1453132800000,92.7000],[1453219200000,92.4200],[1453305600000,92.7200],[1453392000000,92.7400],[1453651200000,91.9400],[1453737600000,92.7800],[1453824000000,92.5000],[1453910400000,92.7800],[1453996800000,92.7800],[1454256000000,93.3300],[1454342400000,93.3300],[1454428800000,93.8900],[1454515200000,94.2500],[1454601600000,94.2600],[1455465600000,96.2100],[1455552000000,95.9300],[1455638400000,95.6600],[1455724800000,95.6600],[1455811200000,96.2100],[1456070400000,95.6600],[1456156800000,95.9500],[1456243200000,95.4400],[1456329600000,95.1700],[1456416000000,95.4700],[1456675200000,94.9300],[1456761600000,94.6800],[1456848000000,94.9500],[1456934400000,94.9500],[1457020800000,95.2100],[1457280000000,95.7400],[1457366400000,95.7900],[1457452800000,95.5300],[1457539200000,96.5800],[1457625600000,96.5900],[1457884800000,95.0100],[1457971200000,95.5300],[1458057600000,95.5500],[1458144000000,95.8200],[1458230400000,95.5600],[1458489600000,95.5600],[1458576000000,95.5800],[1458662400000,95.5800],[1458748800000,95.5800],[1458835200000,95.4000],[1459094400000,96.4200],[1459180800000,96.9300],[1459267200000,96.4200],[1459353600000,95.9200],[1459440000000,96.1700],[1459785600000,95.4100],[1459872000000,95.4100],[1459958400000,95.4100],[1460044800000,95.4100],[1460304000000,95.4300],[1460390400000,95.4300],[1460476800000,95.9400],[1460563200000,96.1900],[1460649600000,96.1900],[1460908800000,95.9400],[1460995200000,95.9400],[1461081600000,95.6900],[1461168000000,95.4300],[1461254400000,96.1900],[1461513600000,95.9400],[1461600000000,95.6900],[1461686400000,96.1900],[1461772800000,96.9500],[1461859200000,97.2100],[1462204800000,94.4200],[1462291200000,94.4200],[1462377600000,94.5000],[1462464000000,94.7500],[1462723200000,95.00],[1462809600000,95.00],[1462896000000,95.00],[1462982400000,95.2500],[1463068800000,95.2500],[1463328000000,93.7500],[1463414400000,93.7500],[1463500800000,93.7500],[1463587200000,93.7500],[1463673600000,94.2500],[1463932800000,93.7500],[1464019200000,94.00],[1464105600000,94.00],[1464192000000,93.7500],[1464278400000,93.5000],[1464537600000,92.7500],[1464624000000,92.7500],[1464710400000,93.2500],[1464796800000,93.00],[1464883200000,93.7500],[1465142400000,92.7900],[1465228800000,92.5400],[1465315200000,93.7800],[1465747200000,92.2900],[1465833600000,92.2900],[1465920000000,91.8100],[1466006400000,91.5600],[1466092800000,90.3200],[1466352000000,90.0700],[1466438400000,89.8500],[1466524800000,90.1000],[1466611200000,89.6000],[1466697600000,89.6000],[1466956800000,89.6000],[1467043200000,88.3700],[1467129600000,87.8700],[1467216000000,88.8600],[1467302400000,88.6100],[1467561600000,88.3700],[1467648000000,89.6000],[1467734400000,89.6000],[1467820800000,89.3600],[1467907200000,88.3700],[1468166400000,86.8800],[1468252800000,86.3900],[1468339200000,83.4200],[1468425600000,82.6700],[1468512000000,84.1600],[1468771200000,84.1600],[1468857600000,84.4100],[1468944000000,85.4300],[1469030400000,85.6800],[1469116800000,82.7200],[1469376000000,83.9500],[1469462400000,84.4400],[1469548800000,84.4400],[1469635200000,85.0100],[1469721600000,85.2600],[1469980800000,86.4900],[1470067200000,84.0300],[1470153600000,83.2900],[1470240000000,82.6400],[1470326400000,82.6400],[1470585600000,83.0100],[1470672000000,83.0500],[1470758400000,83.7800],[1470844800000,84.2600],[1470931200000,84.2600],[1471190400000,84.5000],[1471276800000,84.5000],[1471363200000,84.0600],[1471449600000,83.8600],[1471536000000,83.8600],[1471795200000,83.8900],[1471881600000,84.1300],[1471968000000,84.1300],[1472054400000,84.6200],[1472140800000,85.1000],[1472400000000,88.7000],[1472486400000,88.7000],[1472572800000,89.1800],[1472659200000,87.9800],[1472745600000,88.0100],[1473004800000,86.7000],[1473091200000,86.7000],[1473177600000,86.7000],[1473264000000,87.00],[1473350400000,87.5000],[1473609600000,89.8600],[1473696000000,89.8600],[1473782400000,89.3900],[1474214400000,88.9200],[1474300800000,88.2100],[1474387200000,88.9200],[1474473600000,88.2900],[1474560000000,88.2900],[1474819200000,90.9300],[1474905600000,89.7700],[1474992000000,90.7000],[1475078400000,90.7400],[1475164800000,90.5100],[1476028800000,89.4000],[1476115200000,89.6300],[1476201600000,92.1800],[1476288000000,92.2200],[1476374400000,92.6400],[1476633600000,92.2000],[1476720000000,91.7800],[1476806400000,92.2200],[1476892800000,91.5300],[1476979200000,91.0800],[1477238400000,93.8600],[1477324800000,93.6400],[1477411200000,92.9700],[1477497600000,92.5200],[1477584000000,90.1100],[1477843200000,89.7100],[1477929600000,89.7100],[1478016000000,89.7100],[1478102400000,89.4900],[1478188800000,89.7300],[1478448000000,89.3300],[1478534400000,89.5600],[1478620800000,90.00],[1478707200000,90.00],[1478793600000,90.00],[1479052800000,89.7800],[1479139200000,89.7800],[1479225600000,89.1100],[1479312000000,89.5600],[1479398400000,89.1100],[1479657600000,88.9100],[1479744000000,87.1400],[1479830400000,87.1400],[1479916800000,87.3600],[1480003200000,86.0300],[1480262400000,86.2500],[1480348800000,83.4100],[1480435200000,83.1900],[1480521600000,83.6300],[1480608000000,83.9600],[1480867200000,82.8600],[1480953600000,83.3000],[1481040000000,83.0800],[1481126400000,82.6400],[1481212800000,82.8900],[1481472000000,77.6800],[1481558400000,77.7300],[1481644800000,79.2600],[1481731200000,80.1300],[1481817600000,81.2200],[1482076800000,78.3800],[1482163200000,79.4800],[1482249600000,78.6000],[1482336000000,78.8700],[1482422400000,79.4800],[1482681600000,75.2200],[1482768000000,74.1400],[1482854400000,71.2400],[1482940800000,70.8200],[1483027200000,69.3000],[1483372800000,70.1500],[1483459200000,70.7300],[1483545600000,69.9400],[1483632000000,70.1500],[1483891200000,64.1800],[1483977600000,64.3900],[1484064000000,62.6900],[1484150400000,58.4200],[1484236800000,58.8500],[1484496000000,58.4700],[1484582400000,59.2800],[1484668800000,60.7100],[1484755200000,61.9700],[1484841600000,61.5500],[1485100800000,61.9500],[1485187200000,58.5100],[1485273600000,60.7400],[1485360000000,61.2400],[1486051200000,63.8000],[1486310400000,63.9500],[1486396800000,64.7700],[1486483200000,64.5600],[1486569600000,64.5600],[1486656000000,65.1800],[1486915200000,68.1500],[1487001600000,68.9500],[1487088000000,68.9500],[1487174400000,68.5500],[1487260800000,68.9500],[1487520000000,69.7600],[1487606400000,69.9600],[1487692800000,70.1600],[1487779200000,70.0800],[1487865600000,70.2000],[1488124800000,69.7800],[1488211200000,70.3800],[1488297600000,70.3800],[1488384000000,71.0400],[1488470400000,71.8200],[1488729600000,71.1500],[1488816000000,71.2600],[1488902400000,71.1200],[1488988800000,71.2400],[1489075200000,71.8100],[1489334400000,71.6200],[1489420800000,71.8100],[1489507200000,71.6200],[1489593600000,72.1200],[1489680000000,72.3100],[1489939200000,72.2200],[1490025600000,72.6100],[1490112000000,72.7100],[1490198400000,72.0800],[1490284800000,72.6400],[1490544000000,73.4100],[1490630400000,74.7700],[1490716800000,74.7700],[1490803200000,75.4600],[1490889600000,75.6500],[1491321600000,79.9300],[1491408000000,80.1900],[1491494400000,81.1100],[1491753600000,81.6700],[1491840000000,82.9600],[1491926400000,83.7000],[1492012800000,84.1000],[1492099200000,86.1400],[1492358400000,86.00],[1492444800000,85.0800],[1492531200000,84.9000],[1492617600000,85.6900],[1492704000000,87.3400],[1492963200000,86.2400],[1493049600000,83.7300],[1493136000000,83.2400],[1493222400000,84.7000],[1493308800000,86.1600],[1493654400000,83.7900],[1493740800000,84.1800],[1493827200000,86.7300],[1493913600000,84.9100],[1494172800000,84.1800],[1494259200000,83.8200],[1494345600000,83.8200],[1494432000000,86.00],[1494518400000,84.3600],[1494777600000,83.5700],[1494864000000,83.6300],[1494950400000,83.5700],[1495036800000,85.1800],[1495123200000,83.7500],[1495382400000,83.7500],[1495468800000,83.8100],[1495555200000,84.2200],[1495641600000,85.8200],[1495728000000,84.5700],[1496160000000,85.9900],[1496246400000,85.9900],[1496332800000,85.9900],[1496592000000,85.8700],[1496678400000,85.6900],[1496764800000,85.6900],[1496851200000,85.8700],[1496937600000,86.2200],[1497196800000,86.5900],[1497283200000,86.2400],[1497369600000,86.4300],[1497456000000,86.4300],[1497542400000,86.2600],[1497801600000,87.00],[1497888000000,86.8300],[1497974400000,86.0900],[1498060800000,85.7400],[1498147200000,85.9400],[1498406400000,86.0100],[1498492800000,86.0100],[1498579200000,85.8400],[1498665600000,85.6600],[1498752000000,85.9100],[1499011200000,88.6600],[1499097600000,86.7700],[1499184000000,86.4500],[1499270400000,86.2800],[1499356800000,86.7900],[1499616000000,86.7900],[1499702400000,86.7900],[1499788800000,86.9600],[1499875200000,86.7900],[1499961600000,86.6900],[1500220800000,86.5200],[1500307200000,86.3500],[1500393600000,86.0800],[1500480000000,85.7400],[1500566400000,85.3300],[1500825600000,85.3300],[1500912000000,85.1600],[1500998400000,85.1900],[1501084800000,85.3500],[1501171200000,84.8500],[1501430400000,86.8700],[1501516800000,85.0200],[1501603200000,85.3500],[1501689600000,85.3500],[1501776000000,85.1900],[1502035200000,85.2300],[1502121600000,85.4000],[1502208000000,85.9100],[1502294400000,86.2400],[1502380800000,86.0700],[1502640000000,85.9100],[1502726400000,85.7400],[1502812800000,85.2300],[1502899200000,85.2300],[1502985600000,84.9000],[1503244800000,85.2600],[1503331200000,85.4300],[1503417600000,85.5900],[1503504000000,85.5700],[1503590400000,85.0700],[1503849600000,87.00],[1503936000000,87.8300],[1504022400000,84.3300],[1504108800000,84.6900],[1504195200000,84.5300],[1504454400000,83.8600],[1504540800000,84.0300],[1504627200000,83.8600],[1504713600000,83.6900],[1504800000000,83.5300],[1505059200000,83.0800],[1505145600000,83.2500],[1505232000000,83.0800],[1505318400000,82.6400],[1505404800000,82.4800],[1505664000000,81.8500],[1505750400000,81.6800],[1505836800000,81.7600],[1505923200000,81.5900],[1506009600000,81.7600],[1506268800000,81.9200],[1506355200000,80.6000],[1506441600000,81.1300],[1506528000000,81.1300],[1506614400000,81.0200],[1507478400000,80.3600],[1507564800000,80.2300],[1507651200000,80.0700],[1507737600000,79.8700],[1507824000000,79.8700],[1508083200000,81.0500],[1508169600000,81.2100],[1508256000000,81.5100],[1508342400000,81.6700],[1508428800000,81.8300],[1508688000000,81.5200],[1508774400000,82.1800],[1508860800000,82.3700],[1508947200000,82.5400],[1509033600000,82.8700],[1509292800000,83.2500],[1509379200000,83.1100],[1509465600000,83.4400],[1509552000000,83.5200],[1509638400000,83.6300],[1509897600000,82.6100],[1509984000000,82.1300],[1510070400000,82.4500],[1510156800000,82.5000],[1510243200000,82.3400],[1510502400000,82.6200],[1510588800000,82.6800],[1510675200000,82.9900],[1510761600000,83.3100],[1510848000000,83.0200],[1511107200000,83.1800],[1511193600000,83.1800],[1511280000000,83.1800],[1511366400000,83.0200],[1511452800000,83.0500],[1511712000000,82.8100],[1511798400000,82.8100],[1511884800000,82.9700],[1511971200000,82.3700],[1512057600000,82.5800],[1512316800000,81.6500],[1512403200000,81.3400],[1512489600000,81.6500],[1512576000000,81.3700],[1512662400000,82.3600],[1512921600000,80.9800],[1513008000000,80.0900],[1513094400000,80.0900],[1513180800000,79.5100],[1513267200000,78.9600],[1513526400000,78.5100],[1513612800000,78.0500],[1513699200000,78.0500],[1513785600000,77.7100],[1513872000000,78.0200],[1514131200000,77.8600],[1514217600000,76.7900],[1514304000000,76.6100],[1514390400000,76.0300],[1514476800000,76.0300],[1514822400000,79.2400],[1514908800000,79.8500],[1514995200000,80.3100],[1515081600000,81.3700],[1515340800000,71.4500],[1515427200000,71.1500],[1515513600000,70.5800],[1515600000000,70.7800],[1515686400000,70.4700],[1515945600000,70.1700],[1516032000000,69.2500],[1516118400000,69.1000],[1516204800000,68.9500],[1516291200000,68.3400],[1516550400000,67.2800],[1516636800000,66.8200],[1516723200000,66.6700],[1516809600000,66.6700],[1516896000000,66.5600],[1517155200000,66.1600],[1517241600000,65.4000],[1517328000000,66.3100],[1517414400000,66.1600],[1517500800000,65.4000],[1517760000000,65.4000],[1517846400000,64.9400]];
/*规模变动*/
var Data_fluctuationScale = {"categories":["2016-12-31","2017-03-31","2017-06-30","2017-09-30","2017-12-31"],"series":[{"y":60.50,"mom":"-27.11%"},{"y":121.03,"mom":"100.03%"},{"y":170.52,"mom":"40.89%"},{"y":211.00,"mom":"23.74%"},{"y":215.14,"mom":"1.97%"}]};;
/*持有人结构*/
var Data_holderStructure = {"series":[{"name":"机构持有比例","data":[1.26,6.83,1.82,12.48]},{"name":"个人持有比例","data":[98.74,93.17,98.18,87.52]},{"name":"内部持有比例","data":[0.0998,0.0505,0.048,0.0295]}],"categories":["2015-12-31","2016-06-30","2016-12-31","2017-06-30"]};
/*申购赎回*/
var Data_assetAllocation ={"series":[{"name":"期间申购","data":[276.01,299.52,357.30,379.39]},{"name":"期间赎回","data":[215.48,250.03,316.82,375.24]},{"name":"总份额","data":[121.03,170.52,211.00,215.14]}],"categories":["2017-03-31","2017-06-30","2017-09-30","2017-12-31"]};
/*现任基金经理*/
var Data_currentFundManager = [{"id":"30198307","pic":"https://pdf.dfcfw.com/pdf/H8_JPG30198307_1.jpg","name":"徐艳芳","star":3,"workTime":"4年又348天","fundSize":"236.98亿(4只基金)","power":{"avr":"47.18","categories":["经验值","收益率","影响力","稳定性","管理规模"],"dsc":["反映基金经理从业年限和管理基金的经验","根据基金经理投资的阶段收益评分，反映\u003cbr\u003e基金经理投资的盈利能力","根据基金经理所管理基金的机构和个人投\u003cbr\u003e资者持有比例评分","反映基金经理投资收益的波动","根据基金经理现任管理基金资产规模评分"],"data":[81.20,82.10,31.80,9.30,47.70],"jzrq":"2018-02-06"},"profit":{"categories":["任期收益","同类平均"],"series":[{"data":[{"name":null,"color":"#7cb5ec","y":10.0026},{"name":null,"color":"#414c7b","y":8.57}]}],"jzrq":"2018-02-06"}},{"id":"30487150","pic":"https://pdf.dfcfw.com/pdf/H8_PNG30487150_1.jpg","name":"刘辉","star":2,"workTime":"1年又162天","fundSize":"322.65亿(4只基金)","power":{"avr":"32.96","categories":["经验值","收益率","影响力","稳定性","管理规模"],"dsc":["反映基金经理从业年限和管理基金的经验","根据基金经理投资的阶段收益评分，反映\u003cbr\u003e基金经理投资的盈利能力","根据基金经理所管理基金的机构和个人投\u003cbr\u003e资者持有比例评分","反映基金经理投资收益的波动","根据基金经理现任管理基金资产规模评分"],"data":[40.60,33.70,22.0,18.60,57.60],"jzrq":"2018-02-06"},"profit":{"categories":["任期收益","同类平均"],"series":[{"data":[{"name":null,"color":"#7cb5ec","y":0.1442},{"name":null,"color":"#414c7b","y":0.14}]}],"jzrq":"2018-02-06"}}] ;
/*同类型基金涨幅榜（页面底部通栏）*/
var swithSameType = [['002895_华夏天利货币B_5.8750','002894_华夏天利货币A_5.6210','004398_融通现金宝货币B_5.3370','000902_国开货币B_5.3360','001478_泰康薪意保货币B_5.1400'],['002895_华夏天利货币B_5.26','004973_长城收益宝货币B_5.08','004904_人保货币B_5.05','002884_华润元大现金通货币B_5.01','002894_华夏天利货币A_5.01'],['004973_长城收益宝货币B_5.05','004770_海富通添益货币A_4.99','002884_华润元大现金通货币B_4.99','005151_红土创新优淳货币B_4.90','002895_华夏天利货币B_4.89'],['004770_海富通添益货币A_5.39','004973_长城收益宝货币B_5.13','002884_华润元大现金通货币B_5.03','002895_华夏天利货币B_5.03','004398_融通现金宝货币B_5.01'],['003679_中融现金增利货币C_4.67','003474_南方天天利货币B_4.55','000836_国投瑞银钱多宝货币A_4.52','000837_国投瑞银钱多宝货币I_4.52','003753_工银如意货币B_4.51']];