/**
 * 测试数据
 * @type {arry}
 */
/*2018-02-07 18:04:16*/
//基金或股票信息
var fS_name = "长信长金通货币A";
var fS_code = "005134";
var fund_minsg="100";
var ishb=true;
/*原费率*/
var fund_sourceRate="0";
/*现费率*/
var fund_Rate="0";
/*最小申购金额*/
var fund_minsg="100";
/*收益率*/
/*近一年收益率*/
var syl_1n="";
/*近6月收益率*/
var syl_6y="";
/*近三月收益率*/
var syl_3y="1.193";
/*近一月收益率*/
var syl_1y="0.3865";
/* 基金收益走势图 每万份收益*/
var Data_millionCopiesIncome = [[1504800000000,0.7602],[1504972800000,0.1285],[1505059200000,0.0643],[1505145600000,0.0643],[1505232000000,0.0507],[1505318400000,0.0341],[1505404800000,0.0341],[1505577600000,0.0681],[1505664000000,0.0561],[1505750400000,0.104],[1505836800000,0.104],[1505923200000,0.1042],[1506009600000,0.8677],[1506182400000,1.9271],[1506268800000,1.2105],[1506355200000,1.2104],[1506441600000,1.2102],[1506528000000,1.21],[1506614400000,1.408],[1507392000000,12.6717],[1507478400000,1.5515],[1507564800000,1.5067],[1507651200000,1.2734],[1507737600000,1.0202],[1507824000000,0.6251],[1507996800000,1.2337],[1508083200000,0.652],[1508169600000,0.7025],[1508256000000,1.04],[1508342400000,0.3692],[1508428800000,0.4913],[1508601600000,1.0017],[1508688000000,0.5022],[1508774400000,0.5286],[1508860800000,0.9835],[1508947200000,0.9841],[1509033600000,1.0],[1509206400000,2.1117],[1509292800000,1.0567],[1509379200000,1.0642],[1509465600000,0.8592],[1509552000000,1.0144],[1509638400000,0.9311],[1509811200000,1.876],[1509897600000,0.9429],[1509984000000,0.9407],[1510070400000,0.9665],[1510156800000,0.4451],[1510243200000,0.8003],[1510416000000,1.6007],[1510502400000,0.8],[1510588800000,0.5717],[1510675200000,1.6818],[1510761600000,1.1949],[1510848000000,1.1937],[1511020800000,2.3872],[1511107200000,1.1932],[1511193600000,1.193],[1511280000000,1.1929],[1511366400000,1.1847],[1511452800000,1.1817],[1511625600000,2.3626],[1511712000000,1.1591],[1511798400000,1.2026],[1511884800000,1.2024],[1511971200000,1.1974],[1512057600000,1.2356],[1512230400000,2.4711],[1512316800000,1.2324],[1512403200000,1.202],[1512489600000,1.2398],[1512576000000,1.3894],[1512662400000,1.3266],[1512835200000,2.6122],[1512921600000,1.2717],[1513008000000,1.3002],[1513094400000,1.2899],[1513180800000,1.2925],[1513267200000,1.3223],[1513440000000,2.6374],[1513526400000,2.1168],[1513612800000,1.2641],[1513699200000,1.3221],[1513785600000,1.3742],[1513872000000,1.4882],[1514044800000,2.9436],[1514131200000,1.5412],[1514217600000,1.5953],[1514304000000,1.5942],[1514390400000,1.6644],[1514476800000,1.6632],[1514649600000,3.3092],[1514736000000,4.9637],[1514822400000,1.649],[1514908800000,1.4655],[1514995200000,1.3193],[1515081600000,1.2794],[1515254400000,2.5143],[1515340800000,1.4612],[1515427200000,1.2037],[1515513600000,1.1862],[1515600000000,1.171],[1515686400000,1.1793],[1515859200000,2.3585],[1515945600000,1.4691],[1516032000000,1.1344],[1516118400000,1.1306],[1516204800000,1.1356],[1516291200000,1.1316],[1516464000000,2.2606],[1516550400000,1.5452],[1516636800000,1.1378],[1516723200000,1.1487],[1516809600000,1.1512],[1516896000000,1.146],[1517068800000,2.294],[1517155200000,1.3733],[1517241600000,1.1857],[1517328000000,1.1731],[1517414400000,1.1768],[1517500800000,1.1869],[1517673600000,2.3758],[1517760000000,1.1701],[1517846400000,1.1752]];
/*基金收益走势图   7日年化收益率*/
var Data_sevenDaysYearIncome = [[1504800000000,2.813],[1504972800000,1.087],[1505059200000,0.873],[1505145600000,0.745],[1505232000000,0.652],[1505318400000,0.576],[1505404800000,0.196],[1505577600000,0.165],[1505664000000,0.16],[1505750400000,0.181],[1505836800000,0.209],[1505923200000,0.246],[1506009600000,0.682],[1506182400000,1.663],[1506268800000,2.277],[1506355200000,2.868],[1506441600000,3.463],[1506528000000,4.062],[1506614400000,4.355],[1507392000000,5.273],[1507478400000,5.352],[1507564800000,5.406],[1507651200000,5.332],[1507737600000,5.119],[1507824000000,4.691],[1507996800000,3.831],[1508083200000,3.345],[1508169600000,2.913],[1508256000000,2.788],[1508342400000,2.439],[1508428800000,2.368],[1508601600000,2.244],[1508688000000,2.164],[1508774400000,2.072],[1508860800000,2.042],[1508947200000,2.369],[1509033600000,2.641],[1509206400000,3.237],[1509292800000,3.536],[1509379200000,3.826],[1509465600000,3.758],[1509552000000,3.775],[1509638400000,3.737],[1509811200000,3.61],[1509897600000,3.549],[1509984000000,3.482],[1510070400000,3.54],[1510156800000,3.233],[1510243200000,3.163],[1510416000000,3.015],[1510502400000,2.938],[1510588800000,2.74],[1510675200000,3.124],[1510761600000,3.528],[1510848000000,3.74],[1511020800000,4.167],[1511107200000,4.38],[1511193600000,4.719],[1511280000000,4.452],[1511366400000,4.447],[1511452800000,4.44],[1511625600000,4.427],[1511712000000,4.408],[1511798400000,4.414],[1511884800000,4.419],[1511971200000,4.426],[1512057600000,4.455],[1512230400000,4.514],[1512316800000,4.554],[1512403200000,4.554],[1512489600000,4.574],[1512576000000,4.679],[1512662400000,4.729],[1512835200000,4.806],[1512921600000,4.827],[1513008000000,4.881],[1513094400000,4.908],[1513180800000,4.855],[1513267200000,4.853],[1513440000000,4.867],[1513526400000,5.33],[1513612800000,5.31],[1513699200000,5.328],[1513785600000,5.372],[1513872000000,5.464],[1514044800000,5.632],[1514131200000,5.316],[1514217600000,5.498],[1514304000000,5.647],[1514390400000,5.807],[1514476800000,5.904],[1514649600000,6.106],[1514736000000,6.169],[1514822400000,6.198],[1514908800000,6.127],[1514995200000,5.936],[1515081600000,5.725],[1515254400000,5.287],[1515340800000,5.181],[1515427200000,4.937],[1515513600000,4.785],[1515600000000,4.704],[1515686400000,4.649],[1515859200000,4.564],[1515945600000,4.569],[1516032000000,4.531],[1516118400000,4.5],[1516204800000,4.481],[1516291200000,4.455],[1516464000000,4.402],[1516550400000,4.443],[1516636800000,4.445],[1516723200000,4.455],[1516809600000,4.463],[1516896000000,4.471],[1517068800000,4.49],[1517155200000,4.396],[1517241600000,4.422],[1517328000000,4.435],[1517414400000,4.449],[1517500800000,4.472],[1517673600000,4.516],[1517760000000,4.405],[1517846400000,4.4]];
/*资产配置*/
var Data_assetAllocationCurrency ={"categories":["12-31"],"series":[{"name":"股票","data":[null]},{"name":"债券","data":[63.17]},{"name":"现金","data":[5.08]}]};
/*累计收益率走势*/
var Data_grandTotal = [{"name":"长信长金通货币A","data":[[1504800000000,0],[1504972800000,0.00],[1505059200000,0.00],[1505145600000,0.00],[1505232000000,0.00],[1505318400000,0.00],[1505404800000,0.00],[1505577600000,0.00],[1505664000000,0.00],[1505750400000,0.01],[1505836800000,0.01],[1505923200000,0.01],[1506009600000,0.02],[1506182400000,0.04],[1506268800000,0.05],[1506355200000,0.06],[1506441600000,0.07],[1506528000000,0.08],[1506614400000,0.10],[1507392000000,0.23],[1507478400000,0.24],[1507564800000,0.26],[1507651200000,0.27],[1507737600000,0.28],[1507824000000,0.29],[1507996800000,0.30],[1508083200000,0.30],[1508169600000,0.31],[1508256000000,0.32],[1508342400000,0.33],[1508428800000,0.33],[1508601600000,0.34],[1508688000000,0.35],[1508774400000,0.35],[1508860800000,0.36],[1508947200000,0.37],[1509033600000,0.38],[1509206400000,0.40],[1509292800000,0.41],[1509379200000,0.42],[1509465600000,0.43],[1509552000000,0.44],[1509638400000,0.45],[1509811200000,0.47],[1509897600000,0.48],[1509984000000,0.49],[1510070400000,0.50],[1510156800000,0.50],[1510243200000,0.51],[1510416000000,0.53],[1510502400000,0.54],[1510588800000,0.54],[1510675200000,0.56],[1510761600000,0.57],[1510848000000,0.58],[1511020800000,0.61],[1511107200000,0.62],[1511193600000,0.63],[1511280000000,0.64],[1511366400000,0.65],[1511452800000,0.67],[1511625600000,0.69],[1511712000000,0.70],[1511798400000,0.71],[1511884800000,0.73],[1511971200000,0.74],[1512057600000,0.75],[1512230400000,0.77],[1512316800000,0.79],[1512403200000,0.80],[1512489600000,0.81],[1512576000000,0.83],[1512662400000,0.84],[1512835200000,0.87],[1512921600000,0.88],[1513008000000,0.89],[1513094400000,0.90],[1513180800000,0.92],[1513267200000,0.93],[1513440000000,0.96],[1513526400000,0.98],[1513612800000,0.99],[1513699200000,1.01],[1513785600000,1.02],[1513872000000,1.03],[1514044800000,1.06],[1514131200000,1.08],[1514217600000,1.10],[1514304000000,1.11],[1514390400000,1.13],[1514476800000,1.15],[1514649600000,1.18],[1514736000000,1.23],[1514822400000,1.25],[1514908800000,1.26],[1514995200000,1.27],[1515081600000,1.29],[1515254400000,1.31],[1515340800000,1.33],[1515427200000,1.34],[1515513600000,1.35],[1515600000000,1.36],[1515686400000,1.38],[1515859200000,1.40],[1515945600000,1.41],[1516032000000,1.43],[1516118400000,1.44],[1516204800000,1.45],[1516291200000,1.46],[1516464000000,1.48],[1516550400000,1.50],[1516636800000,1.51],[1516723200000,1.52],[1516809600000,1.53],[1516896000000,1.55],[1517068800000,1.57],[1517155200000,1.58],[1517241600000,1.59],[1517328000000,1.61],[1517414400000,1.62],[1517500800000,1.63],[1517673600000,1.65],[1517760000000,1.67],[1517846400000,1.68]]},{"name":"同类平均","data":[[1504800000000,0],[1505059200000,0.03],[1505145600000,0.04],[1505232000000,0.05],[1505318400000,0.06],[1505404800000,0.07],[1505664000000,0.11],[1505750400000,0.12],[1505836800000,0.13],[1505923200000,0.14],[1506009600000,0.15],[1506268800000,0.18],[1506355200000,0.19],[1506441600000,0.20],[1506528000000,0.21],[1506614400000,0.23],[1507478400000,0.34],[1507564800000,0.35],[1507651200000,0.36],[1507737600000,0.37],[1507824000000,0.38],[1508083200000,0.41],[1508169600000,0.42],[1508256000000,0.43],[1508342400000,0.44],[1508428800000,0.45],[1508688000000,0.48],[1508774400000,0.50],[1508860800000,0.51],[1508947200000,0.52],[1509033600000,0.53],[1509292800000,0.56],[1509379200000,0.57],[1509465600000,0.58],[1509552000000,0.59],[1509638400000,0.60],[1509897600000,0.63],[1509984000000,0.64],[1510070400000,0.65],[1510156800000,0.67],[1510243200000,0.68],[1510502400000,0.71],[1510588800000,0.72],[1510675200000,0.73],[1510761600000,0.74],[1510848000000,0.75],[1511107200000,0.78],[1511193600000,0.79],[1511280000000,0.80],[1511366400000,0.82],[1511452800000,0.83],[1511712000000,0.86],[1511798400000,0.87],[1511884800000,0.88],[1511971200000,0.89],[1512057600000,0.90],[1512316800000,0.94],[1512403200000,0.95],[1512489600000,0.96],[1512576000000,0.97],[1512662400000,0.98],[1512921600000,1.01],[1513008000000,1.03],[1513094400000,1.04],[1513180800000,1.05],[1513267200000,1.06],[1513526400000,1.09],[1513612800000,1.11],[1513699200000,1.12],[1513785600000,1.13],[1513872000000,1.14],[1514131200000,1.18],[1514217600000,1.19],[1514304000000,1.20],[1514390400000,1.21],[1514476800000,1.23],[1514822400000,1.28],[1514908800000,1.30],[1514995200000,1.31],[1515081600000,1.32],[1515340800000,1.36],[1515427200000,1.37],[1515513600000,1.38],[1515600000000,1.39],[1515686400000,1.40],[1515945600000,1.43],[1516032000000,1.45],[1516118400000,1.46],[1516204800000,1.47],[1516291200000,1.48],[1516550400000,1.51],[1516636800000,1.53],[1516723200000,1.54],[1516809600000,1.55],[1516896000000,1.56],[1517155200000,1.60],[1517241600000,1.61],[1517328000000,1.62],[1517414400000,1.63],[1517500800000,1.64],[1517760000000,1.68],[1517846400000,1.69]]},{"name":"沪深300","data":[[1504800000000,0],[1505059200000,-0.01],[1505145600000,0.31],[1505232000000,0.43],[1505318400000,0.10],[1505404800000,0.14],[1505664000000,0.45],[1505750400000,0.16],[1505836800000,0.43],[1505923200000,0.31],[1506009600000,0.31],[1506268800000,-0.21],[1506355200000,-0.14],[1506441600000,-0.13],[1506528000000,-0.09],[1506614400000,0.27],[1507478400000,1.47],[1507564800000,1.67],[1507651200000,2.00],[1507737600000,2.27],[1507824000000,2.48],[1508083200000,2.29],[1508169600000,2.28],[1508256000000,3.09],[1508342400000,2.75],[1508428800000,2.64],[1508688000000,2.74],[1508774400000,3.49],[1508860800000,3.95],[1508947200000,4.38],[1509033600000,5.12],[1509292800000,4.80],[1509379200000,4.72],[1509465600000,4.46],[1509552000000,4.47],[1509638400000,4.36],[1509897600000,5.09],[1509984000000,5.97],[1510070400000,5.80],[1510156800000,6.53],[1510243200000,7.47],[1510502400000,7.90],[1510588800000,7.14],[1510675200000,6.47],[1510761600000,7.29],[1510848000000,7.71],[1511107200000,8.31],[1511193600000,10.24],[1511280000000,10.50],[1511366400000,7.22],[1511452800000,7.27],[1511712000000,5.85],[1511798400000,6.01],[1511884800000,5.95],[1511971200000,4.71],[1512057600000,4.50],[1512316800000,5.04],[1512403200000,5.60],[1512489600000,4.96],[1512576000000,3.79],[1512662400000,4.64],[1512921600000,6.36],[1513008000000,4.97],[1513094400000,5.86],[1513180800000,5.23],[1513267200000,4.05],[1513526400000,4.16],[1513612800000,5.47],[1513699200000,5.35],[1513785600000,6.32],[1513872000000,5.98],[1514131200000,5.63],[1514217600000,5.95],[1514304000000,4.32],[1514390400000,5.04],[1514476800000,5.35],[1514822400000,6.83],[1514908800000,7.46],[1514995200000,7.91],[1515081600000,8.17],[1515340800000,8.73],[1515427200000,9.50],[1515513600000,9.98],[1515600000000,9.92],[1515686400000,10.43],[1515945600000,10.44],[1516032000000,11.30],[1516118400000,11.03],[1516204800000,11.64],[1516291200000,12.01],[1516550400000,13.35],[1516636800000,14.55],[1516723200000,14.74],[1516809600000,14.09],[1516896000000,14.51],[1517155200000,12.44],[1517241600000,11.24],[1517328000000,11.76],[1517414400000,10.98],[1517500800000,11.64],[1517760000000,11.71],[1517846400000,8.44]]}];
/*同类排名*/
var Data_rateInSimilarType = [{"x":1512662400000,"y":620,"sc":"652"},{"x":1512921600000,"y":608,"sc":"652"},{"x":1513008000000,"y":600,"sc":"653"},{"x":1513094400000,"y":594,"sc":"653"},{"x":1513180800000,"y":577,"sc":"654"},{"x":1513267200000,"y":556,"sc":"656"},{"x":1513526400000,"y":428,"sc":"656"},{"x":1513612800000,"y":400,"sc":"656"},{"x":1513699200000,"y":345,"sc":"656"},{"x":1513785600000,"y":284,"sc":"655"},{"x":1513872000000,"y":266,"sc":"655"},{"x":1514131200000,"y":228,"sc":"655"},{"x":1514217600000,"y":221,"sc":"655"},{"x":1514304000000,"y":212,"sc":"654"},{"x":1514390400000,"y":199,"sc":"655"},{"x":1514476800000,"y":190,"sc":"655"},{"x":1514822400000,"y":52,"sc":"655"},{"x":1514908800000,"y":51,"sc":"655"},{"x":1514995200000,"y":51,"sc":"655"},{"x":1515081600000,"y":50,"sc":"655"},{"x":1515340800000,"y":104,"sc":"655"},{"x":1515427200000,"y":116,"sc":"655"},{"x":1515513600000,"y":129,"sc":"656"},{"x":1515600000000,"y":135,"sc":"657"},{"x":1515686400000,"y":128,"sc":"657"},{"x":1515945600000,"y":75,"sc":"657"},{"x":1516032000000,"y":68,"sc":"657"},{"x":1516118400000,"y":62,"sc":"657"},{"x":1516204800000,"y":65,"sc":"657"},{"x":1516291200000,"y":52,"sc":"657"},{"x":1516550400000,"y":25,"sc":"657"},{"x":1516636800000,"y":22,"sc":"657"},{"x":1516723200000,"y":16,"sc":"657"},{"x":1516809600000,"y":14,"sc":"657"},{"x":1516896000000,"y":13,"sc":"655"},{"x":1517155200000,"y":9,"sc":"656"},{"x":1517241600000,"y":9,"sc":"656"},{"x":1517328000000,"y":11,"sc":"656"},{"x":1517414400000,"y":6,"sc":"656"},{"x":1517500800000,"y":6,"sc":"656"},{"x":1517760000000,"y":6,"sc":"656"},{"x":1517846400000,"y":6,"sc":"656"}];
/*百分比排名*/
var Data_rateInSimilarPersent = [[1512662400000,4.9100],[1512921600000,6.7500],[1513008000000,8.1200],[1513094400000,9.0400],[1513180800000,11.7700],[1513267200000,15.2400],[1513526400000,34.7600],[1513612800000,39.0200],[1513699200000,47.4100],[1513785600000,56.6400],[1513872000000,59.3900],[1514131200000,65.1900],[1514217600000,66.2600],[1514304000000,67.5800],[1514390400000,69.6200],[1514476800000,70.9900],[1514822400000,92.0600],[1514908800000,92.2100],[1514995200000,92.2100],[1515081600000,92.3700],[1515340800000,84.1200],[1515427200000,82.2900],[1515513600000,80.3400],[1515600000000,79.4500],[1515686400000,80.5200],[1515945600000,88.5800],[1516032000000,89.6500],[1516118400000,90.5600],[1516204800000,90.1100],[1516291200000,92.0900],[1516550400000,96.1900],[1516636800000,96.6500],[1516723200000,97.5600],[1516809600000,97.8700],[1516896000000,98.0200],[1517155200000,98.6300],[1517241600000,98.6300],[1517328000000,98.3200],[1517414400000,99.0900],[1517500800000,99.0900],[1517760000000,99.0900],[1517846400000,99.0900]];
/*规模变动*/
var Data_fluctuationScale = {"categories":["2017-09-08","2017-12-31"],"series":[{"y":2.51,"mom":"--"},{"y":40.27,"mom":"1504.30%"}]};;
/*持有人结构*/
var Data_holderStructure = {"series":[{"name":"机构持有比例","data":[]},{"name":"个人持有比例","data":[]},{"name":"内部持有比例","data":[]}],"categories":[]};
/*申购赎回*/
var Data_assetAllocation ={"series":[{"name":"期间申购","data":[0.00,52.79]},{"name":"期间赎回","data":[0.00,12.82]},{"name":"总份额","data":[2.51,40.27]}],"categories":["2017-09-08","2017-12-31"]};
/*现任基金经理*/
var Data_currentFundManager = [{"id":"30517853","pic":"https://pdf.dfcfw.com/pdf/H8_PNG30517853_1.jpg","name":"陆莹","star":3,"workTime":"1年又40天","fundSize":"218.26亿(10只基金)","power":{"avr":"51.93","categories":["经验值","收益率","抗风险","稳定性","管理规模"],"dsc":["反映基金经理从业年限和管理基金的经验","根据基金经理投资的阶段收益评分，反映\u003cbr\u003e基金经理投资的盈利能力","反映基金经理投资的回撤控制能力","反映基金经理投资收益的波动","根据基金经理现任管理基金资产规模评分"],"data":[23.0,60.60,52.40,46.10,45.60],"jzrq":"2018-02-06"},"profit":{"categories":["任期收益","同类平均"],"series":[{"data":[{"name":null,"color":"#7cb5ec","y":1.686},{"name":null,"color":"#414c7b","y":1.69}]}],"jzrq":"2018-02-06"}},{"id":"30040506","pic":"https://pdf.dfcfw.com/pdf/H8_JPG30040506_1.jpg","name":"张文琍","star":4,"workTime":"12年又76天","fundSize":"240.32亿(16只基金)","power":{"avr":"63.69","categories":["经验值","收益率","抗风险","稳定性","管理规模"],"dsc":["反映基金经理从业年限和管理基金的经验","根据基金经理投资的阶段收益评分，反映\u003cbr\u003e基金经理投资的盈利能力","反映基金经理投资的回撤控制能力","反映基金经理投资收益的波动","根据基金经理现任管理基金资产规模评分"],"data":[98.70,42.0,82.0,79.60,64.20],"jzrq":"2018-02-06"},"profit":{"categories":["任期收益","同类平均"],"series":[{"data":[{"name":null,"color":"#7cb5ec","y":1.2215},{"name":null,"color":"#414c7b","y":1.08}]}],"jzrq":"2018-02-06"}}] ;
/*同类型基金涨幅榜（页面底部通栏）*/
var swithSameType = [['002895_华夏天利货币B_5.8750','002894_华夏天利货币A_5.6210','004398_融通现金宝货币B_5.3370','000902_国开货币B_5.3360','001478_泰康薪意保货币B_5.1400'],['002895_华夏天利货币B_5.26','004973_长城收益宝货币B_5.08','004904_人保货币B_5.05','002884_华润元大现金通货币B_5.01','002894_华夏天利货币A_5.01'],['004973_长城收益宝货币B_5.05','004770_海富通添益货币A_4.99','002884_华润元大现金通货币B_4.99','005151_红土创新优淳货币B_4.90','002895_华夏天利货币B_4.89'],['004770_海富通添益货币A_5.39','004973_长城收益宝货币B_5.13','002884_华润元大现金通货币B_5.03','002895_华夏天利货币B_5.03','004398_融通现金宝货币B_5.01'],['003679_中融现金增利货币C_4.67','003474_南方天天利货币B_4.55','000836_国投瑞银钱多宝货币A_4.52','000837_国投瑞银钱多宝货币I_4.52','003753_工银如意货币B_4.51']];