/**
 * 测试数据
 * @type {arry}
 */
/*2018-02-07 19:46:30*/
//基金或股票信息
var fS_name = "西部利得天添鑫货币B";
var fS_code = "675032";
var fund_minsg="5000000";
var ishb=true;
/*原费率*/
var fund_sourceRate="0";
/*现费率*/
var fund_Rate="0";
/*最小申购金额*/
var fund_minsg="5000000";
/*收益率*/
/*近一年收益率*/
var syl_1n="3.8826";
/*近6月收益率*/
var syl_6y="2.1284";
/*近三月收益率*/
var syl_3y="1.099";
/*近一月收益率*/
var syl_1y="0.352";
/* 基金收益走势图 每万份收益*/
var Data_millionCopiesIncome = [[1466697600000,0.6765],[1466956800000,0.6792],[1467043200000,0.8171],[1467129600000,0.4456],[1467216000000,0.6536],[1467302400000,1.0043],[1467475200000,1.1098],[1467561600000,0.5592],[1467648000000,0.6662],[1467734400000,0.6756],[1467820800000,0.5862],[1467907200000,0.7365],[1468080000000,0.9342],[1468166400000,0.5151],[1468252800000,0.6152],[1468339200000,0.6259],[1468425600000,0.629],[1468512000000,0.5488],[1468684800000,1.3025],[1468771200000,0.4917],[1468857600000,0.6414],[1468944000000,0.6224],[1469030400000,0.6262],[1469116800000,0.5807],[1469203200000,0.6239],[1469289600000,0.6239],[1469376000000,0.547],[1469462400000,0.6474],[1469548800000,0.649],[1469635200000,0.681],[1469721600000,0.6431],[1469808000000,0.6748],[1469894400000,0.6747],[1469980800000,0.5193],[1470067200000,0.5743],[1470153600000,0.5508],[1470240000000,0.5758],[1470326400000,0.6017],[1470499200000,1.207],[1470585600000,0.5919],[1470672000000,0.5694],[1470758400000,0.5763],[1470844800000,0.5771],[1470931200000,0.5772],[1471017600000,0.5773],[1471104000000,0.5773],[1471190400000,0.5803],[1471276800000,0.5291],[1471363200000,0.5906],[1471449600000,0.5842],[1471536000000,0.6634],[1471622400000,0.5711],[1471708800000,0.5711],[1471795200000,0.5696],[1471881600000,0.5821],[1471968000000,0.58],[1472054400000,0.602],[1472140800000,0.5742],[1472227200000,0.5987],[1472313600000,0.5987],[1472400000000,0.5892],[1472486400000,0.6086],[1472572800000,0.6126],[1472659200000,0.5783],[1472745600000,0.5878],[1472832000000,0.5986],[1472918400000,0.5986],[1473004800000,0.5707],[1473091200000,0.5864],[1473177600000,0.5793],[1473264000000,0.5524],[1473350400000,0.5589],[1473436800000,0.5615],[1473523200000,0.5615],[1473609600000,0.5605],[1473696000000,0.5668],[1473782400000,0.5904],[1473868800000,0.5997],[1473955200000,0.5997],[1474041600000,0.5997],[1474128000000,0.5996],[1474214400000,0.5984],[1474300800000,0.6228],[1474387200000,0.5871],[1474473600000,0.6129],[1474560000000,0.9264],[1474646400000,0.6201],[1474732800000,0.6201],[1474819200000,0.6279],[1474905600000,0.721],[1474992000000,0.7137],[1475078400000,0.7058],[1475164800000,0.7002],[1475942400000,9.1701],[1476028800000,0.7428],[1476115200000,0.6569],[1476201600000,0.7329],[1476288000000,0.7045],[1476374400000,0.4465],[1476460800000,0.4089],[1476547200000,0.4089],[1476633600000,0.4368],[1476720000000,0.4422],[1476806400000,0.4335],[1476892800000,0.4331],[1476979200000,0.4332],[1477065600000,0.4332],[1477152000000,0.4332],[1477238400000,0.4392],[1477324800000,0.4011],[1477411200000,0.2938],[1477497600000,0.3141],[1477584000000,0.2745],[1477670400000,0.3958],[1477756800000,0.3867],[1477843200000,4.7552],[1477929600000,0.5126],[1478016000000,0.5046],[1478102400000,0.5117],[1478188800000,0.5189],[1478275200000,0.5189],[1478361600000,0.5189],[1478448000000,0.484],[1478534400000,0.4852],[1478620800000,0.5264],[1478707200000,0.5036],[1478793600000,0.482],[1478880000000,0.4994],[1478966400000,0.4994],[1479052800000,0.5081],[1479139200000,0.524],[1479225600000,0.5246],[1479312000000,0.526],[1479398400000,0.5297],[1479484800000,0.5298],[1479571200000,0.579],[1479657600000,7.2119],[1479744000000,0.724],[1479830400000,0.7239],[1479916800000,0.718],[1480003200000,0.7213],[1480089600000,0.7225],[1480176000000,0.7225],[1480262400000,0.7314],[1480348800000,0.7287],[1480435200000,0.7338],[1480521600000,0.7385],[1480608000000,0.7404],[1480694400000,0.7445],[1480780800000,0.7445],[1480867200000,0.7315],[1480953600000,0.7673],[1481040000000,0.7677],[1481126400000,0.7882],[1481212800000,0.7891],[1481299200000,0.7907],[1481385600000,0.7907],[1481472000000,0.7909],[1481558400000,0.7739],[1481644800000,0.7788],[1481731200000,0.7812],[1481817600000,0.7592],[1481904000000,0.7623],[1481990400000,0.7623],[1482076800000,0.741],[1482163200000,0.7825],[1482249600000,0.6609],[1482336000000,1.0367],[1482422400000,1.1338],[1482508800000,1.1354],[1482595200000,1.1352],[1482681600000,1.0827],[1482768000000,1.1717],[1482854400000,1.1174],[1482940800000,1.1127],[1483027200000,1.0896],[1483113600000,1.0866],[1483200000000,1.0874],[1483286400000,1.0872],[1483372800000,1.0873],[1483459200000,0.8535],[1483545600000,0.7506],[1483632000000,0.6633],[1483718400000,0.662],[1483804800000,0.6619],[1483891200000,0.6401],[1483977600000,0.6603],[1484064000000,0.6539],[1484150400000,0.8123],[1484236800000,0.7316],[1484323200000,0.7342],[1484409600000,0.7342],[1484496000000,0.8299],[1484582400000,0.9273],[1484668800000,0.8205],[1484755200000,0.8915],[1484841600000,1.4556],[1484928000000,0.9051],[1485014400000,0.905],[1485100800000,0.9183],[1485187200000,1.0082],[1485273600000,1.0182],[1485360000000,0.9951],[1485446400000,0.995],[1485532800000,0.9949],[1485619200000,0.9948],[1485705600000,0.9947],[1485792000000,0.9946],[1485878400000,0.9945],[1485964800000,0.9944],[1486051200000,0.3629],[1486137600000,0.9712],[1486224000000,0.9712],[1486310400000,0.4186],[1486396800000,0.951],[1486483200000,0.95],[1486569600000,0.9559],[1486656000000,0.9593],[1486742400000,0.9603],[1486828800000,0.9602],[1486915200000,0.9603],[1487001600000,0.9378],[1487088000000,0.404],[1487174400000,0.4077],[1487260800000,0.9486],[1487347200000,0.9485],[1487433600000,0.9484],[1487520000000,0.9522],[1487606400000,0.9905],[1487692800000,0.9909],[1487779200000,0.4789],[1487865600000,0.4897],[1487952000000,0.9933],[1488038400000,0.9932],[1488124800000,1.0071],[1488211200000,1.0018],[1488297600000,0.9995],[1488384000000,0.631],[1488470400000,1.0002],[1488556800000,1.0063],[1488643200000,1.0062],[1488729600000,0.9893],[1488816000000,0.8834],[1488902400000,0.935],[1488988800000,0.9391],[1489075200000,0.9021],[1489161600000,0.9022],[1489248000000,0.9022],[1489334400000,0.9],[1489420800000,1.1668],[1489507200000,0.9728],[1489593600000,0.2068],[1489680000000,0.8783],[1489766400000,0.8728],[1489852800000,0.8727],[1489939200000,0.8777],[1490025600000,1.0009],[1490112000000,0.9291],[1490198400000,0.9707],[1490284800000,1.649],[1490371200000,1.1682],[1490457600000,1.168],[1490544000000,0.7965],[1490630400000,0.73],[1490716800000,0.7686],[1490803200000,1.2084],[1490889600000,1.3054],[1490976000000,1.3054],[1491062400000,1.3052],[1491148800000,1.305],[1491235200000,1.3048],[1491321600000,0.8898],[1491408000000,0.9049],[1491494400000,0.7817],[1491580800000,1.1262],[1491667200000,1.1261],[1491753600000,0.7049],[1491840000000,0.6348],[1491926400000,1.0194],[1492012800000,0.9645],[1492099200000,0.871],[1492185600000,0.8743],[1492272000000,0.8742],[1492358400000,0.8732],[1492444800000,0.8636],[1492531200000,0.895],[1492617600000,0.8728],[1492704000000,0.4635],[1492790400000,0.9464],[1492876800000,0.9463],[1492963200000,0.9403],[1493049600000,0.9428],[1493136000000,0.9171],[1493222400000,0.9425],[1493308800000,0.4265],[1493395200000,0.965],[1493481600000,0.9649],[1493568000000,0.9648],[1493654400000,0.9698],[1493740800000,0.9339],[1493827200000,0.9126],[1493913600000,0.327],[1494000000000,0.9244],[1494086400000,0.9243],[1494172800000,0.8787],[1494259200000,0.9208],[1494345600000,0.9128],[1494432000000,0.8539],[1494518400000,0.2757],[1494604800000,0.9107],[1494691200000,0.9107],[1494777600000,0.9109],[1494864000000,0.9],[1494950400000,0.8979],[1495036800000,0.897],[1495123200000,0.9101],[1495209600000,0.9107],[1495296000000,0.9106],[1495382400000,0.2954],[1495468800000,0.8389],[1495555200000,0.944],[1495641600000,0.9576],[1495728000000,0.9668],[1495814400000,0.9636],[1495900800000,0.9635],[1495987200000,0.9635],[1496073600000,0.9634],[1496160000000,0.963],[1496246400000,0.9516],[1496332800000,0.9487],[1496419200000,0.9489],[1496505600000,0.9489],[1496592000000,0.948],[1496678400000,0.9457],[1496764800000,0.9476],[1496851200000,0.982],[1496937600000,0.9821],[1497024000000,0.9825],[1497110400000,0.9824],[1497196800000,0.9824],[1497283200000,1.0003],[1497369600000,1.0302],[1497456000000,1.0284],[1497542400000,1.0334],[1497628800000,1.0334],[1497715200000,1.0333],[1497801600000,1.0329],[1497888000000,1.029],[1497974400000,1.5182],[1498060800000,1.0443],[1498147200000,1.0441],[1498233600000,1.0443],[1498320000000,1.0442],[1498406400000,1.044],[1498492800000,0.9876],[1498579200000,1.012],[1498665600000,1.0268],[1498752000000,0.9981],[1498838400000,1.0054],[1498924800000,1.0053],[1499011200000,1.0052],[1499097600000,0.888],[1499184000000,0.7564],[1499270400000,1.0107],[1499356800000,1.019],[1499529600000,2.0378],[1499616000000,1.0171],[1499702400000,1.0017],[1499788800000,1.0058],[1499875200000,1.0049],[1499961600000,0.8177],[1500048000000,1.0117],[1500134400000,1.0116],[1500220800000,0.9985],[1500307200000,0.9773],[1500393600000,0.9254],[1500480000000,0.9978],[1500566400000,0.9946],[1500652800000,0.9941],[1500739200000,0.994],[1500825600000,0.997],[1500912000000,0.9917],[1500998400000,0.9937],[1501084800000,0.9933],[1501171200000,1.1036],[1501257600000,1.0587],[1501344000000,1.0586],[1501430400000,1.0675],[1501516800000,1.0709],[1501603200000,1.0715],[1501689600000,1.056],[1501776000000,0.8244],[1501862400000,0.7784],[1501948800000,0.7783],[1502035200000,0.8899],[1502121600000,0.9319],[1502208000000,0.9476],[1502294400000,0.9271],[1502380800000,0.9532],[1502467200000,0.9323],[1502553600000,0.9322],[1502640000000,0.903],[1502726400000,0.958],[1502812800000,1.0451],[1502899200000,1.051],[1502985600000,1.0468],[1503072000000,1.047],[1503158400000,1.0469],[1503244800000,0.9029],[1503331200000,0.9721],[1503417600000,1.0412],[1503504000000,1.0612],[1503590400000,1.0681],[1503676800000,1.0698],[1503763200000,1.0697],[1503849600000,1.0673],[1503936000000,1.0694],[1504022400000,1.0546],[1504108800000,1.0564],[1504195200000,1.0474],[1504281600000,1.0491],[1504368000000,1.049],[1504454400000,1.0566],[1504540800000,1.0207],[1504627200000,1.0262],[1504713600000,0.9966],[1504800000000,1.0255],[1504886400000,1.0255],[1504972800000,1.0254],[1505059200000,1.0191],[1505145600000,0.9878],[1505232000000,1.0793],[1505318400000,1.0996],[1505404800000,1.1191],[1505491200000,1.1192],[1505577600000,1.1191],[1505664000000,1.1219],[1505750400000,1.1002],[1505836800000,1.1833],[1505923200000,1.1996],[1506009600000,1.9216],[1506096000000,1.2089],[1506182400000,1.2088],[1506268800000,1.2102],[1506355200000,1.2069],[1506441600000,1.1744],[1506528000000,1.1638],[1506614400000,1.1604],[1506700800000,1.1597],[1506787200000,1.1595],[1506873600000,1.1594],[1506960000000,1.1593],[1507046400000,1.1592],[1507132800000,1.1591],[1507219200000,1.1589],[1507305600000,1.1588],[1507392000000,1.1587],[1507478400000,1.1426],[1507564800000,1.1508],[1507651200000,1.168],[1507737600000,1.1689],[1507824000000,1.1685],[1507910400000,1.1686],[1507996800000,1.1685],[1508083200000,1.072],[1508169600000,1.0733],[1508256000000,1.0762],[1508342400000,1.0934],[1508428800000,1.1013],[1508515200000,1.1013],[1508601600000,1.1012],[1508688000000,1.0976],[1508774400000,1.1205],[1508860800000,1.1259],[1508947200000,1.1199],[1509033600000,1.1245],[1509120000000,1.1265],[1509206400000,1.1264],[1509292800000,1.1828],[1509379200000,1.1912],[1509465600000,1.196],[1509552000000,1.2054],[1509638400000,1.1975],[1509724800000,1.1998],[1509811200000,1.1996],[1509897600000,1.1433],[1509984000000,1.1737],[1510070400000,1.159],[1510156800000,1.1384],[1510243200000,1.1323],[1510329600000,1.1323],[1510416000000,1.1322],[1510502400000,1.1335],[1510588800000,1.1333],[1510675200000,1.1394],[1510761600000,1.142],[1510848000000,1.1433],[1510934400000,1.1432],[1511020800000,1.1431],[1511107200000,1.1325],[1511193600000,1.1289],[1511280000000,1.1314],[1511366400000,1.1521],[1511452800000,1.1799],[1511539200000,1.1876],[1511625600000,1.1875],[1511712000000,1.1826],[1511798400000,1.1857],[1511884800000,1.1803],[1511971200000,1.1854],[1512057600000,1.19],[1512144000000,1.1899],[1512230400000,1.1898],[1512316800000,1.1863],[1512403200000,1.1857],[1512489600000,1.1647],[1512576000000,1.1447],[1512662400000,1.192],[1512748800000,1.1935],[1512835200000,1.1934],[1512921600000,1.1742],[1513008000000,1.1927],[1513094400000,1.1708],[1513180800000,1.1982],[1513267200000,1.2096],[1513353600000,1.2095],[1513440000000,1.2093],[1513526400000,1.2085],[1513612800000,1.2775],[1513699200000,1.2788],[1513785600000,1.2802],[1513872000000,1.3279],[1513958400000,1.2801],[1514044800000,1.28],[1514131200000,1.2381],[1514217600000,1.323],[1514304000000,1.427],[1514390400000,1.4281],[1514476800000,1.4284],[1514563200000,1.4283],[1514649600000,1.428],[1514736000000,1.4279],[1514822400000,1.1649],[1514908800000,1.2824],[1514995200000,1.2818],[1515081600000,1.2505],[1515168000000,1.2504],[1515254400000,1.2502],[1515340800000,1.2499],[1515427200000,1.1164],[1515513600000,1.137],[1515600000000,1.1163],[1515686400000,1.0606],[1515772800000,1.0625],[1515859200000,1.0624],[1515945600000,1.0426],[1516032000000,1.0973],[1516118400000,1.0979],[1516204800000,1.1176],[1516291200000,1.1461],[1516377600000,1.1461],[1516464000000,1.146],[1516550400000,1.1459],[1516636800000,1.133],[1516723200000,1.1225],[1516809600000,1.1886],[1516896000000,1.2937],[1516982400000,1.1512],[1517068800000,1.1511],[1517155200000,1.1508],[1517241600000,1.1337],[1517328000000,1.1416],[1517414400000,1.1749],[1517500800000,1.1288],[1517587200000,1.1124],[1517673600000,1.1122],[1517760000000,1.1235],[1517846400000,1.032]];
/*基金收益走势图   7日年化收益率*/
var Data_sevenDaysYearIncome = [[1466697600000,2.559],[1466956800000,2.564],[1467043200000,2.641],[1467129600000,2.497],[1467216000000,2.468],[1467302400000,2.643],[1467475200000,2.486],[1467561600000,2.422],[1467648000000,2.341],[1467734400000,2.464],[1467820800000,2.428],[1467907200000,2.285],[1468080000000,2.192],[1468166400000,2.168],[1468252800000,2.141],[1468339200000,2.115],[1468425600000,2.137],[1468512000000,2.037],[1468684800000,2.234],[1468771200000,2.221],[1468857600000,2.235],[1468944000000,2.233],[1469030400000,2.232],[1469116800000,2.249],[1469203200000,2.234],[1469289600000,2.22],[1469376000000,2.249],[1469462400000,2.252],[1469548800000,2.266],[1469635200000,2.296],[1469721600000,2.329],[1469808000000,2.356],[1469894400000,2.024],[1469980800000,2.368],[1470067200000,2.329],[1470153600000,2.277],[1470240000000,2.221],[1470326400000,2.199],[1470499200000,2.123],[1470585600000,2.162],[1470672000000,2.159],[1470758400000,2.173],[1470844800000,2.173],[1470931200000,2.16],[1471017600000,2.146],[1471104000000,2.132],[1471190400000,2.126],[1471276800000,2.105],[1471363200000,2.112],[1471449600000,2.116],[1471536000000,2.162],[1471622400000,2.159],[1471708800000,2.155],[1471795200000,2.15],[1471881600000,2.178],[1471968000000,2.172],[1472054400000,2.182],[1472140800000,2.134],[1472227200000,2.149],[1472313600000,2.164],[1472400000000,2.174],[1472486400000,2.188],[1472572800000,2.206],[1472659200000,2.193],[1472745600000,2.2],[1472832000000,2.2],[1472918400000,2.2],[1473004800000,2.19],[1473091200000,2.178],[1473177600000,2.161],[1473264000000,2.147],[1473350400000,2.131],[1473436800000,2.112],[1473523200000,2.092],[1473609600000,2.087],[1473696000000,2.076],[1473782400000,2.082],[1473868800000,2.107],[1473955200000,2.129],[1474041600000,2.149],[1474128000000,2.17],[1474214400000,2.19],[1474300800000,2.22],[1474387200000,2.218],[1474473600000,2.225],[1474560000000,2.399],[1474646400000,2.41],[1474732800000,2.421],[1474819200000,2.437],[1474905600000,2.489],[1474992000000,2.557],[1475078400000,2.607],[1475164800000,2.486],[1475942400000,4.141],[1476028800000,4.172],[1476115200000,4.156],[1476201600000,4.181],[1476288000000,4.191],[1476374400000,4.06],[1476460800000,2.326],[1476547200000,2.162],[1476633600000,1.999],[1476720000000,1.885],[1476806400000,1.726],[1476892800000,1.582],[1476979200000,1.575],[1477065600000,1.588],[1477152000000,1.6],[1477238400000,1.602],[1477324800000,1.58],[1477411200000,1.506],[1477497600000,1.443],[1477584000000,1.359],[1477670400000,1.339],[1477756800000,1.315],[1477843200000,3.62],[1477929600000,3.68],[1478016000000,3.794],[1478102400000,3.901],[1478188800000,4.034],[1478275200000,4.101],[1478361600000,4.172],[1478448000000,1.879],[1478534400000,1.864],[1478620800000,1.876],[1478707200000,1.871],[1478793600000,1.852],[1478880000000,1.841],[1478966400000,1.831],[1479052800000,1.844],[1479139200000,1.864],[1479225600000,1.864],[1479312000000,1.875],[1479398400000,1.901],[1479484800000,1.917],[1479571200000,1.959],[1479657600000,5.585],[1479744000000,5.695],[1479830400000,5.805],[1479916800000,5.911],[1480003200000,6.017],[1480089600000,6.123],[1480176000000,6.203],[1480262400000,2.675],[1480348800000,2.678],[1480435200000,2.683],[1480521600000,2.694],[1480608000000,2.704],[1480694400000,2.716],[1480780800000,2.728],[1480867200000,2.728],[1480953600000,2.749],[1481040000000,2.767],[1481126400000,2.793],[1481212800000,2.82],[1481299200000,2.844],[1481385600000,2.869],[1481472000000,2.901],[1481558400000,2.905],[1481644800000,2.91],[1481731200000,2.907],[1481817600000,2.891],[1481904000000,2.875],[1481990400000,2.86],[1482076800000,2.833],[1482163200000,2.838],[1482249600000,2.775],[1482336000000,2.912],[1482422400000,3.113],[1482508800000,3.314],[1482595200000,3.515],[1482681600000,3.699],[1482768000000,3.91],[1482854400000,4.158],[1482940800000,4.199],[1483027200000,4.175],[1483113600000,4.149],[1483200000000,4.123],[1483286400000,4.125],[1483372800000,4.079],[1483459200000,3.936],[1483545600000,3.74],[1483632000000,3.51],[1483718400000,3.281],[1483804800000,3.052],[1483891200000,2.812],[1483977600000,2.583],[1484064000000,2.477],[1484150400000,2.51],[1484236800000,2.546],[1484323200000,2.585],[1484409600000,2.623],[1484496000000,2.725],[1484582400000,2.868],[1484668800000,2.958],[1484755200000,3.0],[1484841600000,3.39],[1484928000000,3.482],[1485014400000,3.574],[1485100800000,3.622],[1485187200000,3.665],[1485273600000,3.772],[1485360000000,3.828],[1485446400000,3.579],[1485532800000,3.628],[1485619200000,3.676],[1485705600000,3.718],[1485792000000,3.71],[1485878400000,3.698],[1485964800000,3.697],[1486051200000,3.356],[1486137600000,3.343],[1486224000000,3.331],[1486310400000,3.021],[1486396800000,2.997],[1486483200000,2.973],[1486569600000,2.953],[1486656000000,3.273],[1486742400000,3.267],[1486828800000,3.261],[1486915200000,3.554],[1487001600000,3.546],[1487088000000,3.252],[1487174400000,2.957],[1487260800000,2.952],[1487347200000,2.945],[1487433600000,2.939],[1487520000000,2.935],[1487606400000,2.963],[1487692800000,3.278],[1487779200000,3.317],[1487865600000,3.07],[1487952000000,3.094],[1488038400000,3.118],[1488124800000,3.148],[1488211200000,3.154],[1488297600000,3.158],[1488384000000,3.24],[1488470400000,3.515],[1488556800000,3.522],[1488643200000,3.529],[1488729600000,3.52],[1488816000000,3.456],[1488902400000,3.421],[1488988800000,3.587],[1489075200000,3.534],[1489161600000,3.478],[1489248000000,3.422],[1489334400000,3.374],[1489420800000,3.527],[1489507200000,3.547],[1489593600000,3.153],[1489680000000,3.14],[1489766400000,3.124],[1489852800000,3.108],[1489939200000,3.096],[1490025600000,3.007],[1490112000000,2.983],[1490198400000,3.394],[1490284800000,3.811],[1490371200000,3.971],[1490457600000,4.131],[1490544000000,4.087],[1490630400000,3.94],[1490716800000,3.853],[1490803200000,3.982],[1490889600000,3.796],[1490976000000,3.87],[1491062400000,3.944],[1491148800000,4.22],[1491235200000,4.533],[1491321600000,4.599],[1491408000000,4.434],[1491494400000,4.149],[1491580800000,4.052],[1491667200000,3.955],[1491753600000,3.63],[1491840000000,3.269],[1491926400000,3.338],[1492012800000,3.37],[1492099200000,3.419],[1492185600000,3.283],[1492272000000,3.147],[1492358400000,3.238],[1492444800000,3.361],[1492531200000,3.294],[1492617600000,3.245],[1492704000000,3.026],[1492790400000,3.064],[1492876800000,3.103],[1492963200000,3.139],[1493049600000,3.182],[1493136000000,3.194],[1493222400000,3.231],[1493308800000,3.211],[1493395200000,3.221],[1493481600000,3.231],[1493568000000,3.244],[1493654400000,3.259],[1493740800000,3.268],[1493827200000,3.252],[1493913600000,3.198],[1494000000000,3.176],[1494086400000,3.155],[1494172800000,3.108],[1494259200000,3.082],[1494345600000,3.071],[1494432000000,3.039],[1494518400000,3.012],[1494604800000,3.004],[1494691200000,2.997],[1494777600000,3.014],[1494864000000,3.003],[1494950400000,2.995],[1495036800000,3.018],[1495123200000,3.359],[1495209600000,3.359],[1495296000000,3.359],[1495382400000,3.028],[1495468800000,2.995],[1495555200000,3.02],[1495641600000,3.053],[1495728000000,3.083],[1495814400000,3.112],[1495900800000,3.14],[1495987200000,3.5],[1496073600000,3.567],[1496160000000,3.577],[1496246400000,3.574],[1496332800000,3.564],[1496419200000,3.557],[1496505600000,3.549],[1496592000000,3.54],[1496678400000,3.531],[1496764800000,3.522],[1496851200000,3.539],[1496937600000,3.557],[1497024000000,3.575],[1497110400000,3.593],[1497196800000,3.612],[1497283200000,3.641],[1497369600000,3.686],[1497456000000,3.711],[1497542400000,3.739],[1497628800000,3.766],[1497715200000,3.794],[1497801600000,3.821],[1497888000000,3.837],[1497974400000,4.101],[1498060800000,4.11],[1498147200000,4.116],[1498233600000,4.121],[1498320000000,4.127],[1498406400000,4.133],[1498492800000,4.111],[1498579200000,3.837],[1498665600000,3.827],[1498752000000,3.802],[1498838400000,3.781],[1498924800000,3.76],[1499011200000,3.739],[1499097600000,3.685],[1499184000000,3.547],[1499270400000,3.538],[1499356800000,3.55],[1499529600000,3.564],[1499616000000,3.571],[1499702400000,3.632],[1499788800000,3.767],[1499875200000,3.764],[1499961600000,3.655],[1500048000000,3.651],[1500134400000,3.647],[1500220800000,3.637],[1500307200000,3.624],[1500393600000,3.581],[1500480000000,3.577],[1500566400000,3.672],[1500652800000,3.663],[1500739200000,3.653],[1500825600000,3.652],[1500912000000,3.66],[1500998400000,3.697],[1501084800000,3.695],[1501171200000,3.754],[1501257600000,3.789],[1501344000000,3.824],[1501430400000,3.862],[1501516800000,3.905],[1501603200000,3.947],[1501689600000,3.981],[1501776000000,3.83],[1501862400000,3.678],[1501948800000,3.527],[1502035200000,3.431],[1502121600000,3.356],[1502208000000,3.289],[1502294400000,3.22],[1502380800000,3.289],[1502467200000,3.372],[1502553600000,3.455],[1502640000000,3.462],[1502726400000,3.476],[1502812800000,3.529],[1502899200000,3.596],[1502985600000,3.646],[1503072000000,3.708],[1503158400000,3.77],[1503244800000,3.77],[1503331200000,3.778],[1503417600000,3.776],[1503504000000,3.781],[1503590400000,3.793],[1503676800000,3.805],[1503763200000,3.817],[1503849600000,3.906],[1503936000000,3.959],[1504022400000,3.966],[1504108800000,3.964],[1504195200000,3.953],[1504281600000,3.941],[1504368000000,3.93],[1504454400000,3.924],[1504540800000,3.898],[1504627200000,3.883],[1504713600000,3.85],[1504800000000,3.838],[1504886400000,3.826],[1504972800000,3.813],[1505059200000,3.792],[1505145600000,3.775],[1505232000000,3.803],[1505318400000,3.859],[1505404800000,3.91],[1505491200000,3.961],[1505577600000,4.011],[1505664000000,4.067],[1505750400000,4.128],[1505836800000,4.185],[1505923200000,4.239],[1506009600000,4.676],[1506096000000,4.725],[1506182400000,4.774],[1506268800000,4.822],[1506355200000,4.881],[1506441600000,4.876],[1506528000000,4.856],[1506614400000,4.441],[1506700800000,4.414],[1506787200000,4.387],[1506873600000,4.36],[1506960000000,4.334],[1507046400000,4.325],[1507132800000,4.323],[1507219200000,4.322],[1507305600000,4.322],[1507392000000,4.321],[1507478400000,4.312],[1507564800000,4.307],[1507651200000,4.312],[1507737600000,4.317],[1507824000000,4.323],[1507910400000,4.328],[1507996800000,4.333],[1508083200000,4.295],[1508169600000,4.253],[1508256000000,4.203],[1508342400000,4.162],[1508428800000,4.125],[1508515200000,4.089],[1508601600000,4.052],[1508688000000,4.066],[1508774400000,4.092],[1508860800000,4.119],[1508947200000,4.133],[1509033600000,4.146],[1509120000000,4.159],[1509206400000,4.173],[1509292800000,4.219],[1509379200000,4.258],[1509465600000,4.296],[1509552000000,4.342],[1509638400000,4.382],[1509724800000,4.422],[1509811200000,4.462],[1509897600000,4.44],[1509984000000,4.431],[1510070400000,4.411],[1510156800000,4.374],[1510243200000,4.339],[1510329600000,4.302],[1510416000000,4.265],[1510502400000,4.26],[1510588800000,4.238],[1510675200000,4.228],[1510761600000,4.23],[1510848000000,4.235],[1510934400000,4.241],[1511020800000,4.247],[1511107200000,4.247],[1511193600000,4.244],[1511280000000,4.24],[1511366400000,4.246],[1511452800000,4.265],[1511539200000,4.29],[1511625600000,4.314],[1511712000000,4.341],[1511798400000,4.372],[1511884800000,4.398],[1511971200000,4.417],[1512057600000,4.422],[1512144000000,4.423],[1512230400000,4.425],[1512316800000,4.427],[1512403200000,4.427],[1512489600000,4.418],[1512576000000,4.396],[1512662400000,4.397],[1512748800000,4.399],[1512835200000,4.401],[1512921600000,4.394],[1513008000000,4.398],[1513094400000,4.402],[1513180800000,4.431],[1513267200000,4.44],[1513353600000,4.449],[1513440000000,4.458],[1513526400000,4.476],[1513612800000,4.523],[1513699200000,4.581],[1513785600000,4.626],[1513872000000,4.691],[1513958400000,4.729],[1514044800000,4.768],[1514131200000,4.784],[1514217600000,4.809],[1514304000000,4.89],[1514390400000,4.971],[1514476800000,5.026],[1514563200000,5.107],[1514649600000,5.188],[1514736000000,5.292],[1514822400000,5.205],[1514908800000,5.126],[1514995200000,5.046],[1515081600000,4.949],[1515168000000,4.851],[1515254400000,4.754],[1515340800000,4.657],[1515427200000,4.631],[1515513600000,4.551],[1515600000000,4.461],[1515686400000,4.358],[1515772800000,4.256],[1515859200000,4.154],[1515945600000,4.041],[1516032000000,4.031],[1516118400000,4.009],[1516204800000,4.01],[1516291200000,4.057],[1516377600000,4.102],[1516464000000,4.147],[1516550400000,4.203],[1516636800000,4.223],[1516723200000,4.236],[1516809600000,4.275],[1516896000000,4.355],[1516982400000,4.358],[1517068800000,4.361],[1517155200000,4.363],[1517241600000,4.364],[1517328000000,4.374],[1517414400000,4.367],[1517500800000,4.277],[1517587200000,4.256],[1517673600000,4.235],[1517760000000,4.22],[1517846400000,4.165]];
/*资产配置*/
var Data_assetAllocationCurrency ={"categories":["12-31","09-30","06-30","03-31"],"series":[{"name":"股票","data":[null,null,null,null]},{"name":"债券","data":[22.98,22.55,43.97,27.77]},{"name":"现金","data":[31.47,22.14,32.96,13.0]}]};
/*累计收益率走势*/
var Data_grandTotal = [{"name":"西部利得天添鑫货币B","data":[[1501948800000,0],[1502035200000,0.01],[1502121600000,0.02],[1502208000000,0.03],[1502294400000,0.04],[1502380800000,0.05],[1502467200000,0.06],[1502553600000,0.07],[1502640000000,0.07],[1502726400000,0.08],[1502812800000,0.09],[1502899200000,0.10],[1502985600000,0.12],[1503072000000,0.13],[1503158400000,0.14],[1503244800000,0.15],[1503331200000,0.15],[1503417600000,0.17],[1503504000000,0.18],[1503590400000,0.19],[1503676800000,0.20],[1503763200000,0.21],[1503849600000,0.22],[1503936000000,0.23],[1504022400000,0.24],[1504108800000,0.25],[1504195200000,0.26],[1504281600000,0.27],[1504368000000,0.28],[1504454400000,0.29],[1504540800000,0.30],[1504627200000,0.31],[1504713600000,0.32],[1504800000000,0.33],[1504886400000,0.34],[1504972800000,0.35],[1505059200000,0.36],[1505145600000,0.37],[1505232000000,0.39],[1505318400000,0.40],[1505404800000,0.41],[1505491200000,0.42],[1505577600000,0.43],[1505664000000,0.44],[1505750400000,0.45],[1505836800000,0.46],[1505923200000,0.48],[1506009600000,0.50],[1506096000000,0.51],[1506182400000,0.52],[1506268800000,0.53],[1506355200000,0.54],[1506441600000,0.56],[1506528000000,0.57],[1506614400000,0.58],[1506700800000,0.59],[1506787200000,0.60],[1506873600000,0.61],[1506960000000,0.63],[1507046400000,0.64],[1507132800000,0.65],[1507219200000,0.66],[1507305600000,0.67],[1507392000000,0.68],[1507478400000,0.70],[1507564800000,0.71],[1507651200000,0.72],[1507737600000,0.73],[1507824000000,0.74],[1507910400000,0.75],[1507996800000,0.77],[1508083200000,0.78],[1508169600000,0.79],[1508256000000,0.80],[1508342400000,0.81],[1508428800000,0.82],[1508515200000,0.83],[1508601600000,0.84],[1508688000000,0.85],[1508774400000,0.87],[1508860800000,0.88],[1508947200000,0.89],[1509033600000,0.90],[1509120000000,0.91],[1509206400000,0.92],[1509292800000,0.93],[1509379200000,0.95],[1509465600000,0.96],[1509552000000,0.97],[1509638400000,0.98],[1509724800000,0.99],[1509811200000,1.01],[1509897600000,1.02],[1509984000000,1.03],[1510070400000,1.04],[1510156800000,1.05],[1510243200000,1.06],[1510329600000,1.08],[1510416000000,1.09],[1510502400000,1.10],[1510588800000,1.11],[1510675200000,1.12],[1510761600000,1.13],[1510848000000,1.15],[1510934400000,1.16],[1511020800000,1.17],[1511107200000,1.18],[1511193600000,1.19],[1511280000000,1.20],[1511366400000,1.21],[1511452800000,1.23],[1511539200000,1.24],[1511625600000,1.25],[1511712000000,1.26],[1511798400000,1.27],[1511884800000,1.29],[1511971200000,1.30],[1512057600000,1.31],[1512144000000,1.32],[1512230400000,1.33],[1512316800000,1.35],[1512403200000,1.36],[1512489600000,1.37],[1512576000000,1.38],[1512662400000,1.39],[1512748800000,1.41],[1512835200000,1.42],[1512921600000,1.43],[1513008000000,1.44],[1513094400000,1.45],[1513180800000,1.47],[1513267200000,1.48],[1513353600000,1.49],[1513440000000,1.50],[1513526400000,1.52],[1513612800000,1.53],[1513699200000,1.54],[1513785600000,1.55],[1513872000000,1.57],[1513958400000,1.58],[1514044800000,1.59],[1514131200000,1.61],[1514217600000,1.62],[1514304000000,1.63],[1514390400000,1.65],[1514476800000,1.66],[1514563200000,1.68],[1514649600000,1.69],[1514736000000,1.71],[1514822400000,1.72],[1514908800000,1.73],[1514995200000,1.74],[1515081600000,1.76],[1515168000000,1.77],[1515254400000,1.78],[1515340800000,1.80],[1515427200000,1.81],[1515513600000,1.82],[1515600000000,1.83],[1515686400000,1.84],[1515772800000,1.85],[1515859200000,1.86],[1515945600000,1.87],[1516032000000,1.88],[1516118400000,1.90],[1516204800000,1.91],[1516291200000,1.92],[1516377600000,1.93],[1516464000000,1.94],[1516550400000,1.95],[1516636800000,1.97],[1516723200000,1.98],[1516809600000,1.99],[1516896000000,2.00],[1516982400000,2.01],[1517068800000,2.03],[1517155200000,2.04],[1517241600000,2.05],[1517328000000,2.06],[1517414400000,2.07],[1517500800000,2.08],[1517587200000,2.10],[1517673600000,2.11],[1517760000000,2.12],[1517846400000,2.13]]},{"name":"同类平均","data":[[1502035200000,0],[1502121600000,0.01],[1502208000000,0.02],[1502294400000,0.03],[1502380800000,0.04],[1502640000000,0.07],[1502726400000,0.08],[1502812800000,0.09],[1502899200000,0.10],[1502985600000,0.11],[1503244800000,0.14],[1503331200000,0.16],[1503417600000,0.17],[1503504000000,0.18],[1503590400000,0.19],[1503849600000,0.22],[1503936000000,0.23],[1504022400000,0.24],[1504108800000,0.25],[1504195200000,0.26],[1504454400000,0.29],[1504540800000,0.30],[1504627200000,0.31],[1504713600000,0.32],[1504800000000,0.34],[1505059200000,0.37],[1505145600000,0.38],[1505232000000,0.39],[1505318400000,0.40],[1505404800000,0.41],[1505664000000,0.44],[1505750400000,0.45],[1505836800000,0.46],[1505923200000,0.47],[1506009600000,0.48],[1506268800000,0.52],[1506355200000,0.53],[1506441600000,0.54],[1506528000000,0.55],[1506614400000,0.56],[1507478400000,0.67],[1507564800000,0.68],[1507651200000,0.69],[1507737600000,0.71],[1507824000000,0.72],[1508083200000,0.75],[1508169600000,0.76],[1508256000000,0.77],[1508342400000,0.78],[1508428800000,0.79],[1508688000000,0.82],[1508774400000,0.83],[1508860800000,0.84],[1508947200000,0.85],[1509033600000,0.86],[1509292800000,0.90],[1509379200000,0.91],[1509465600000,0.92],[1509552000000,0.93],[1509638400000,0.94],[1509897600000,0.97],[1509984000000,0.98],[1510070400000,0.99],[1510156800000,1.00],[1510243200000,1.01],[1510502400000,1.04],[1510588800000,1.06],[1510675200000,1.07],[1510761600000,1.08],[1510848000000,1.09],[1511107200000,1.12],[1511193600000,1.13],[1511280000000,1.14],[1511366400000,1.15],[1511452800000,1.16],[1511712000000,1.20],[1511798400000,1.21],[1511884800000,1.22],[1511971200000,1.23],[1512057600000,1.24],[1512316800000,1.28],[1512403200000,1.29],[1512489600000,1.30],[1512576000000,1.31],[1512662400000,1.32],[1512921600000,1.35],[1513008000000,1.36],[1513094400000,1.38],[1513180800000,1.39],[1513267200000,1.40],[1513526400000,1.43],[1513612800000,1.44],[1513699200000,1.46],[1513785600000,1.47],[1513872000000,1.48],[1514131200000,1.51],[1514217600000,1.53],[1514304000000,1.54],[1514390400000,1.55],[1514476800000,1.57],[1514822400000,1.62],[1514908800000,1.64],[1514995200000,1.65],[1515081600000,1.66],[1515340800000,1.69],[1515427200000,1.71],[1515513600000,1.72],[1515600000000,1.73],[1515686400000,1.74],[1515945600000,1.77],[1516032000000,1.79],[1516118400000,1.80],[1516204800000,1.81],[1516291200000,1.82],[1516550400000,1.86],[1516636800000,1.87],[1516723200000,1.88],[1516809600000,1.89],[1516896000000,1.90],[1517155200000,1.94],[1517241600000,1.95],[1517328000000,1.96],[1517414400000,1.97],[1517500800000,1.98],[1517760000000,2.02],[1517846400000,2.03]]},{"name":"沪深300","data":[[1502035200000,0],[1502121600000,0.15],[1502208000000,0.11],[1502294400000,-0.29],[1502380800000,-2.13],[1502640000000,-0.86],[1502726400000,-0.56],[1502812800000,-0.68],[1502899200000,-0.15],[1502985600000,-0.06],[1503244800000,0.38],[1503331200000,0.68],[1503417600000,0.79],[1503504000000,0.21],[1503590400000,1.85],[1503849600000,3.11],[1503936000000,2.89],[1504022400000,2.88],[1504108800000,2.56],[1504195200000,2.78],[1504454400000,3.19],[1504540800000,3.50],[1504627200000,3.29],[1504713600000,2.77],[1504800000000,2.66],[1505059200000,2.65],[1505145600000,2.98],[1505232000000,3.11],[1505318400000,2.77],[1505404800000,2.80],[1505664000000,3.12],[1505750400000,2.83],[1505836800000,3.10],[1505923200000,2.98],[1506009600000,2.98],[1506268800000,2.44],[1506355200000,2.52],[1506441600000,2.53],[1506528000000,2.57],[1506614400000,2.94],[1507478400000,4.17],[1507564800000,4.38],[1507651200000,4.72],[1507737600000,5.00],[1507824000000,5.21],[1508083200000,5.01],[1508169600000,5.00],[1508256000000,5.83],[1508342400000,5.49],[1508428800000,5.37],[1508688000000,5.47],[1508774400000,6.24],[1508860800000,6.71],[1508947200000,7.16],[1509033600000,7.92],[1509292800000,7.59],[1509379200000,7.51],[1509465600000,7.24],[1509552000000,7.25],[1509638400000,7.13],[1509897600000,7.89],[1509984000000,8.79],[1510070400000,8.62],[1510156800000,9.37],[1510243200000,10.33],[1510502400000,10.77],[1510588800000,10.00],[1510675200000,9.31],[1510761600000,10.15],[1510848000000,10.57],[1511107200000,11.19],[1511193600000,13.17],[1511280000000,13.44],[1511366400000,10.08],[1511452800000,10.13],[1511712000000,8.67],[1511798400000,8.83],[1511884800000,8.77],[1511971200000,7.49],[1512057600000,7.28],[1512316800000,7.84],[1512403200000,8.41],[1512489600000,7.76],[1512576000000,6.55],[1512662400000,7.42],[1512921600000,9.20],[1513008000000,7.76],[1513094400000,8.67],[1513180800000,8.03],[1513267200000,6.82],[1513526400000,6.94],[1513612800000,8.28],[1513699200000,8.15],[1513785600000,9.15],[1513872000000,8.80],[1514131200000,8.45],[1514217600000,8.77],[1514304000000,7.09],[1514390400000,7.84],[1514476800000,8.16],[1514822400000,9.68],[1514908800000,10.32],[1514995200000,10.79],[1515081600000,11.05],[1515340800000,11.63],[1515427200000,12.41],[1515513600000,12.91],[1515600000000,12.85],[1515686400000,13.37],[1515945600000,13.37],[1516032000000,14.27],[1516118400000,13.99],[1516204800000,14.61],[1516291200000,14.99],[1516550400000,16.36],[1516636800000,17.60],[1516723200000,17.79],[1516809600000,17.13],[1516896000000,17.56],[1517155200000,15.43],[1517241600000,14.20],[1517328000000,14.73],[1517414400000,13.93],[1517500800000,14.61],[1517760000000,14.69],[1517846400000,11.33]]}];
/*同类排名*/
var Data_rateInSimilarType = [{"x":1474819200000,"y":379,"sc":"430"},{"x":1474905600000,"y":379,"sc":"430"},{"x":1474992000000,"y":381,"sc":"430"},{"x":1475078400000,"y":380,"sc":"432"},{"x":1475164800000,"y":378,"sc":"432"},{"x":1476028800000,"y":322,"sc":"434"},{"x":1476115200000,"y":314,"sc":"434"},{"x":1476201600000,"y":311,"sc":"435"},{"x":1476288000000,"y":309,"sc":"437"},{"x":1476374400000,"y":312,"sc":"435"},{"x":1476633600000,"y":325,"sc":"436"},{"x":1476720000000,"y":324,"sc":"438"},{"x":1476806400000,"y":328,"sc":"437"},{"x":1476892800000,"y":339,"sc":"437"},{"x":1476979200000,"y":347,"sc":"437"},{"x":1477238400000,"y":360,"sc":"440"},{"x":1477324800000,"y":360,"sc":"440"},{"x":1477411200000,"y":366,"sc":"441"},{"x":1477497600000,"y":367,"sc":"441"},{"x":1477584000000,"y":373,"sc":"445"},{"x":1477843200000,"y":294,"sc":"447"},{"x":1477929600000,"y":292,"sc":"447"},{"x":1478016000000,"y":295,"sc":"447"},{"x":1478102400000,"y":298,"sc":"447"},{"x":1478188800000,"y":306,"sc":"448"},{"x":1478448000000,"y":312,"sc":"450"},{"x":1478534400000,"y":317,"sc":"450"},{"x":1478620800000,"y":320,"sc":"450"},{"x":1478707200000,"y":321,"sc":"450"},{"x":1478793600000,"y":324,"sc":"450"},{"x":1479052800000,"y":330,"sc":"450"},{"x":1479139200000,"y":330,"sc":"450"},{"x":1479225600000,"y":334,"sc":"450"},{"x":1479312000000,"y":333,"sc":"450"},{"x":1479398400000,"y":333,"sc":"450"},{"x":1479657600000,"y":150,"sc":"451"},{"x":1479744000000,"y":148,"sc":"451"},{"x":1479830400000,"y":144,"sc":"451"},{"x":1479916800000,"y":142,"sc":"451"},{"x":1480003200000,"y":139,"sc":"451"},{"x":1480262400000,"y":135,"sc":"451"},{"x":1480348800000,"y":131,"sc":"452"},{"x":1480435200000,"y":124,"sc":"452"},{"x":1480521600000,"y":117,"sc":"452"},{"x":1480608000000,"y":113,"sc":"455"},{"x":1480867200000,"y":104,"sc":"455"},{"x":1480953600000,"y":103,"sc":"455"},{"x":1481040000000,"y":95,"sc":"455"},{"x":1481126400000,"y":90,"sc":"455"},{"x":1481212800000,"y":88,"sc":"456"},{"x":1481472000000,"y":72,"sc":"457"},{"x":1481558400000,"y":66,"sc":"458"},{"x":1481644800000,"y":60,"sc":"458"},{"x":1481731200000,"y":68,"sc":"458"},{"x":1481817600000,"y":82,"sc":"458"},{"x":1482076800000,"y":58,"sc":"458"},{"x":1482163200000,"y":49,"sc":"458"},{"x":1482249600000,"y":48,"sc":"458"},{"x":1482336000000,"y":46,"sc":"459"},{"x":1482422400000,"y":45,"sc":"463"},{"x":1482681600000,"y":38,"sc":"464"},{"x":1482768000000,"y":35,"sc":"464"},{"x":1482854400000,"y":33,"sc":"466"},{"x":1482940800000,"y":31,"sc":"466"},{"x":1483027200000,"y":33,"sc":"469"},{"x":1483372800000,"y":27,"sc":"469"},{"x":1483459200000,"y":30,"sc":"468"},{"x":1483545600000,"y":30,"sc":"469"},{"x":1483632000000,"y":34,"sc":"469"},{"x":1483891200000,"y":94,"sc":"469"},{"x":1483977600000,"y":97,"sc":"469"},{"x":1484064000000,"y":105,"sc":"469"},{"x":1484150400000,"y":109,"sc":"469"},{"x":1484236800000,"y":110,"sc":"469"},{"x":1484496000000,"y":109,"sc":"472"},{"x":1484582400000,"y":99,"sc":"474"},{"x":1484668800000,"y":99,"sc":"476"},{"x":1484755200000,"y":100,"sc":"476"},{"x":1484841600000,"y":83,"sc":"476"},{"x":1485100800000,"y":78,"sc":"481"},{"x":1485187200000,"y":78,"sc":"482"},{"x":1485273600000,"y":76,"sc":"484"},{"x":1485360000000,"y":67,"sc":"485"},{"x":1486051200000,"y":98,"sc":"489"},{"x":1486310400000,"y":101,"sc":"491"},{"x":1486396800000,"y":96,"sc":"491"},{"x":1486483200000,"y":94,"sc":"491"},{"x":1486569600000,"y":90,"sc":"491"},{"x":1486656000000,"y":90,"sc":"494"},{"x":1486915200000,"y":80,"sc":"496"},{"x":1487001600000,"y":74,"sc":"496"},{"x":1487088000000,"y":84,"sc":"496"},{"x":1487174400000,"y":92,"sc":"496"},{"x":1487260800000,"y":91,"sc":"496"},{"x":1487520000000,"y":83,"sc":"496"},{"x":1487606400000,"y":188,"sc":"496"},{"x":1487692800000,"y":188,"sc":"496"},{"x":1487779200000,"y":198,"sc":"498"},{"x":1487865600000,"y":207,"sc":"500"},{"x":1488124800000,"y":210,"sc":"503"},{"x":1488211200000,"y":209,"sc":"503"},{"x":1488297600000,"y":211,"sc":"503"},{"x":1488384000000,"y":222,"sc":"511"},{"x":1488470400000,"y":232,"sc":"511"},{"x":1488729600000,"y":228,"sc":"513"},{"x":1488816000000,"y":230,"sc":"515"},{"x":1488902400000,"y":231,"sc":"516"},{"x":1488988800000,"y":235,"sc":"518"},{"x":1489075200000,"y":242,"sc":"518"},{"x":1489334400000,"y":240,"sc":"518"},{"x":1489420800000,"y":241,"sc":"518"},{"x":1489507200000,"y":242,"sc":"518"},{"x":1489593600000,"y":249,"sc":"520"},{"x":1489680000000,"y":261,"sc":"520"},{"x":1489939200000,"y":264,"sc":"522"},{"x":1490025600000,"y":264,"sc":"522"},{"x":1490112000000,"y":275,"sc":"524"},{"x":1490198400000,"y":289,"sc":"530"},{"x":1490284800000,"y":294,"sc":"530"},{"x":1490544000000,"y":295,"sc":"534"},{"x":1490630400000,"y":311,"sc":"535"},{"x":1490716800000,"y":319,"sc":"535"},{"x":1490803200000,"y":324,"sc":"538"},{"x":1490889600000,"y":320,"sc":"538"},{"x":1491321600000,"y":322,"sc":"538"},{"x":1491408000000,"y":325,"sc":"540"},{"x":1491494400000,"y":331,"sc":"540"},{"x":1491753600000,"y":322,"sc":"540"},{"x":1491840000000,"y":324,"sc":"540"},{"x":1491926400000,"y":322,"sc":"540"},{"x":1492012800000,"y":322,"sc":"541"},{"x":1492099200000,"y":331,"sc":"541"},{"x":1492358400000,"y":325,"sc":"543"},{"x":1492444800000,"y":325,"sc":"543"},{"x":1492531200000,"y":329,"sc":"543"},{"x":1492617600000,"y":333,"sc":"545"},{"x":1492704000000,"y":360,"sc":"545"},{"x":1492963200000,"y":351,"sc":"545"},{"x":1493049600000,"y":356,"sc":"547"},{"x":1493136000000,"y":362,"sc":"549"},{"x":1493222400000,"y":377,"sc":"549"},{"x":1493308800000,"y":400,"sc":"549"},{"x":1493654400000,"y":398,"sc":"549"},{"x":1493740800000,"y":394,"sc":"550"},{"x":1493827200000,"y":403,"sc":"550"},{"x":1493913600000,"y":407,"sc":"550"},{"x":1494172800000,"y":409,"sc":"550"},{"x":1494259200000,"y":410,"sc":"550"},{"x":1494345600000,"y":412,"sc":"550"},{"x":1494432000000,"y":423,"sc":"550"},{"x":1494518400000,"y":427,"sc":"550"},{"x":1494777600000,"y":429,"sc":"554"},{"x":1494864000000,"y":426,"sc":"556"},{"x":1494950400000,"y":431,"sc":"560"},{"x":1495036800000,"y":446,"sc":"560"},{"x":1495123200000,"y":434,"sc":"560"},{"x":1495382400000,"y":454,"sc":"560"},{"x":1495468800000,"y":449,"sc":"562"},{"x":1495555200000,"y":446,"sc":"564"},{"x":1495641600000,"y":457,"sc":"564"},{"x":1495728000000,"y":451,"sc":"564"},{"x":1496160000000,"y":448,"sc":"564"},{"x":1496246400000,"y":446,"sc":"564"},{"x":1496332800000,"y":447,"sc":"564"},{"x":1496592000000,"y":454,"sc":"566"},{"x":1496678400000,"y":456,"sc":"566"},{"x":1496764800000,"y":459,"sc":"566"},{"x":1496851200000,"y":464,"sc":"566"},{"x":1496937600000,"y":466,"sc":"566"},{"x":1497196800000,"y":472,"sc":"574"},{"x":1497283200000,"y":473,"sc":"574"},{"x":1497369600000,"y":479,"sc":"575"},{"x":1497456000000,"y":480,"sc":"575"},{"x":1497542400000,"y":471,"sc":"575"},{"x":1497801600000,"y":472,"sc":"577"},{"x":1497888000000,"y":476,"sc":"577"},{"x":1497974400000,"y":463,"sc":"575"},{"x":1498060800000,"y":463,"sc":"575"},{"x":1498147200000,"y":468,"sc":"576"},{"x":1498406400000,"y":498,"sc":"579"},{"x":1498492800000,"y":499,"sc":"579"},{"x":1498579200000,"y":497,"sc":"579"},{"x":1498665600000,"y":496,"sc":"579"},{"x":1498752000000,"y":503,"sc":"582"},{"x":1499011200000,"y":521,"sc":"582"},{"x":1499097600000,"y":511,"sc":"582"},{"x":1499184000000,"y":514,"sc":"583"},{"x":1499270400000,"y":514,"sc":"583"},{"x":1499356800000,"y":513,"sc":"583"},{"x":1499616000000,"y":514,"sc":"583"},{"x":1499702400000,"y":514,"sc":"583"},{"x":1499788800000,"y":514,"sc":"583"},{"x":1499875200000,"y":515,"sc":"583"},{"x":1499961600000,"y":518,"sc":"586"},{"x":1500220800000,"y":522,"sc":"586"},{"x":1500307200000,"y":523,"sc":"586"},{"x":1500393600000,"y":526,"sc":"589"},{"x":1500480000000,"y":526,"sc":"589"},{"x":1500566400000,"y":527,"sc":"593"},{"x":1500825600000,"y":530,"sc":"593"},{"x":1500912000000,"y":530,"sc":"593"},{"x":1500998400000,"y":532,"sc":"594"},{"x":1501084800000,"y":532,"sc":"594"},{"x":1501171200000,"y":527,"sc":"594"},{"x":1501430400000,"y":533,"sc":"594"},{"x":1501516800000,"y":525,"sc":"594"},{"x":1501603200000,"y":526,"sc":"594"},{"x":1501689600000,"y":524,"sc":"594"},{"x":1501776000000,"y":527,"sc":"594"},{"x":1502035200000,"y":524,"sc":"596"},{"x":1502121600000,"y":523,"sc":"596"},{"x":1502208000000,"y":523,"sc":"596"},{"x":1502294400000,"y":525,"sc":"596"},{"x":1502380800000,"y":520,"sc":"596"},{"x":1502640000000,"y":511,"sc":"596"},{"x":1502726400000,"y":511,"sc":"596"},{"x":1502812800000,"y":511,"sc":"596"},{"x":1502899200000,"y":510,"sc":"596"},{"x":1502985600000,"y":513,"sc":"596"},{"x":1503244800000,"y":515,"sc":"597"},{"x":1503331200000,"y":505,"sc":"597"},{"x":1503417600000,"y":504,"sc":"597"},{"x":1503504000000,"y":502,"sc":"596"},{"x":1503590400000,"y":502,"sc":"596"},{"x":1503849600000,"y":521,"sc":"600"},{"x":1503936000000,"y":527,"sc":"600"},{"x":1504022400000,"y":496,"sc":"600"},{"x":1504108800000,"y":495,"sc":"601"},{"x":1504195200000,"y":496,"sc":"601"},{"x":1504454400000,"y":499,"sc":"601"},{"x":1504540800000,"y":500,"sc":"601"},{"x":1504627200000,"y":501,"sc":"601"},{"x":1504713600000,"y":500,"sc":"601"},{"x":1504800000000,"y":497,"sc":"601"},{"x":1505059200000,"y":495,"sc":"603"},{"x":1505145600000,"y":497,"sc":"603"},{"x":1505232000000,"y":500,"sc":"603"},{"x":1505318400000,"y":500,"sc":"605"},{"x":1505404800000,"y":500,"sc":"605"},{"x":1505664000000,"y":493,"sc":"606"},{"x":1505750400000,"y":496,"sc":"606"},{"x":1505836800000,"y":493,"sc":"603"},{"x":1505923200000,"y":498,"sc":"603"},{"x":1506009600000,"y":485,"sc":"603"},{"x":1506268800000,"y":471,"sc":"603"},{"x":1506355200000,"y":469,"sc":"603"},{"x":1506441600000,"y":464,"sc":"604"},{"x":1506528000000,"y":459,"sc":"604"},{"x":1506614400000,"y":451,"sc":"606"},{"x":1507478400000,"y":403,"sc":"606"},{"x":1507564800000,"y":402,"sc":"607"},{"x":1507651200000,"y":402,"sc":"607"},{"x":1507737600000,"y":403,"sc":"611"},{"x":1507824000000,"y":402,"sc":"611"},{"x":1508083200000,"y":384,"sc":"612"},{"x":1508169600000,"y":383,"sc":"612"},{"x":1508256000000,"y":380,"sc":"611"},{"x":1508342400000,"y":370,"sc":"611"},{"x":1508428800000,"y":371,"sc":"611"},{"x":1508688000000,"y":356,"sc":"606"},{"x":1508774400000,"y":349,"sc":"606"},{"x":1508860800000,"y":345,"sc":"607"},{"x":1508947200000,"y":337,"sc":"607"},{"x":1509033600000,"y":329,"sc":"607"},{"x":1509292800000,"y":318,"sc":"609"},{"x":1509379200000,"y":310,"sc":"610"},{"x":1509465600000,"y":304,"sc":"610"},{"x":1509552000000,"y":300,"sc":"613"},{"x":1509638400000,"y":295,"sc":"617"},{"x":1509897600000,"y":245,"sc":"621"},{"x":1509984000000,"y":238,"sc":"621"},{"x":1510070400000,"y":230,"sc":"621"},{"x":1510156800000,"y":226,"sc":"623"},{"x":1510243200000,"y":219,"sc":"623"},{"x":1510502400000,"y":200,"sc":"633"},{"x":1510588800000,"y":193,"sc":"635"},{"x":1510675200000,"y":185,"sc":"635"},{"x":1510761600000,"y":180,"sc":"635"},{"x":1510848000000,"y":179,"sc":"636"},{"x":1511107200000,"y":170,"sc":"636"},{"x":1511193600000,"y":167,"sc":"636"},{"x":1511280000000,"y":160,"sc":"636"},{"x":1511366400000,"y":159,"sc":"636"},{"x":1511452800000,"y":155,"sc":"637"},{"x":1511712000000,"y":145,"sc":"640"},{"x":1511798400000,"y":140,"sc":"640"},{"x":1511884800000,"y":138,"sc":"640"},{"x":1511971200000,"y":130,"sc":"641"},{"x":1512057600000,"y":125,"sc":"643"},{"x":1512316800000,"y":116,"sc":"643"},{"x":1512403200000,"y":109,"sc":"643"},{"x":1512489600000,"y":103,"sc":"643"},{"x":1512576000000,"y":100,"sc":"644"},{"x":1512662400000,"y":96,"sc":"652"},{"x":1512921600000,"y":87,"sc":"652"},{"x":1513008000000,"y":89,"sc":"653"},{"x":1513094400000,"y":87,"sc":"653"},{"x":1513180800000,"y":85,"sc":"654"},{"x":1513267200000,"y":84,"sc":"656"},{"x":1513526400000,"y":78,"sc":"656"},{"x":1513612800000,"y":76,"sc":"656"},{"x":1513699200000,"y":77,"sc":"656"},{"x":1513785600000,"y":77,"sc":"655"},{"x":1513872000000,"y":96,"sc":"655"},{"x":1514131200000,"y":97,"sc":"655"},{"x":1514217600000,"y":96,"sc":"655"},{"x":1514304000000,"y":93,"sc":"654"},{"x":1514390400000,"y":85,"sc":"655"},{"x":1514476800000,"y":83,"sc":"655"},{"x":1514822400000,"y":160,"sc":"655"},{"x":1514908800000,"y":196,"sc":"655"},{"x":1514995200000,"y":235,"sc":"655"},{"x":1515081600000,"y":262,"sc":"655"},{"x":1515340800000,"y":88,"sc":"655"},{"x":1515427200000,"y":88,"sc":"655"},{"x":1515513600000,"y":93,"sc":"656"},{"x":1515600000000,"y":97,"sc":"657"},{"x":1515686400000,"y":101,"sc":"657"},{"x":1515945600000,"y":117,"sc":"657"},{"x":1516032000000,"y":118,"sc":"657"},{"x":1516118400000,"y":120,"sc":"657"},{"x":1516204800000,"y":122,"sc":"657"},{"x":1516291200000,"y":122,"sc":"657"},{"x":1516550400000,"y":125,"sc":"657"},{"x":1516636800000,"y":128,"sc":"657"},{"x":1516723200000,"y":130,"sc":"657"},{"x":1516809600000,"y":130,"sc":"657"},{"x":1516896000000,"y":129,"sc":"655"},{"x":1517155200000,"y":133,"sc":"656"},{"x":1517241600000,"y":139,"sc":"656"},{"x":1517328000000,"y":143,"sc":"656"},{"x":1517414400000,"y":148,"sc":"656"},{"x":1517500800000,"y":156,"sc":"656"},{"x":1517760000000,"y":172,"sc":"656"},{"x":1517846400000,"y":176,"sc":"656"}];
/*百分比排名*/
var Data_rateInSimilarPersent = [[1474819200000,11.8600],[1474905600000,11.8600],[1474992000000,11.4000],[1475078400000,12.0400],[1475164800000,12.5000],[1476028800000,25.8100],[1476115200000,27.6500],[1476201600000,28.5100],[1476288000000,29.2900],[1476374400000,28.2800],[1476633600000,25.4600],[1476720000000,26.0300],[1476806400000,24.9400],[1476892800000,22.4300],[1476979200000,20.5900],[1477238400000,18.1800],[1477324800000,18.1800],[1477411200000,17.0100],[1477497600000,16.7800],[1477584000000,16.1800],[1477843200000,34.2300],[1477929600000,34.6800],[1478016000000,34.00],[1478102400000,33.3300],[1478188800000,31.7000],[1478448000000,30.6700],[1478534400000,29.5600],[1478620800000,28.8900],[1478707200000,28.6700],[1478793600000,28.00],[1479052800000,26.6700],[1479139200000,26.6700],[1479225600000,25.7800],[1479312000000,26.00],[1479398400000,26.00],[1479657600000,66.7400],[1479744000000,67.1800],[1479830400000,68.0700],[1479916800000,68.5100],[1480003200000,69.1800],[1480262400000,70.0700],[1480348800000,71.0200],[1480435200000,72.5700],[1480521600000,74.1200],[1480608000000,75.1600],[1480867200000,77.1400],[1480953600000,77.3600],[1481040000000,79.1200],[1481126400000,80.2200],[1481212800000,80.7000],[1481472000000,84.2500],[1481558400000,85.5900],[1481644800000,86.9000],[1481731200000,85.1500],[1481817600000,82.1000],[1482076800000,87.3400],[1482163200000,89.3000],[1482249600000,89.5200],[1482336000000,89.9800],[1482422400000,90.2800],[1482681600000,91.8100],[1482768000000,92.4600],[1482854400000,92.9200],[1482940800000,93.3500],[1483027200000,92.9600],[1483372800000,94.2400],[1483459200000,93.5900],[1483545600000,93.6000],[1483632000000,92.7500],[1483891200000,79.9600],[1483977600000,79.3200],[1484064000000,77.6100],[1484150400000,76.7600],[1484236800000,76.5500],[1484496000000,76.9100],[1484582400000,79.1100],[1484668800000,79.2000],[1484755200000,78.9900],[1484841600000,82.5600],[1485100800000,83.7800],[1485187200000,83.8200],[1485273600000,84.3000],[1485360000000,86.1900],[1486051200000,79.9600],[1486310400000,79.4300],[1486396800000,80.4500],[1486483200000,80.8600],[1486569600000,81.6700],[1486656000000,81.7800],[1486915200000,83.8700],[1487001600000,85.0800],[1487088000000,83.0600],[1487174400000,81.4500],[1487260800000,81.6500],[1487520000000,83.2700],[1487606400000,62.1000],[1487692800000,62.1000],[1487779200000,60.2400],[1487865600000,58.6000],[1488124800000,58.2500],[1488211200000,58.4500],[1488297600000,58.0500],[1488384000000,56.5600],[1488470400000,54.6000],[1488729600000,55.5600],[1488816000000,55.3400],[1488902400000,55.2300],[1488988800000,54.6300],[1489075200000,53.2800],[1489334400000,53.6700],[1489420800000,53.4700],[1489507200000,53.2800],[1489593600000,52.1200],[1489680000000,49.8100],[1489939200000,49.4300],[1490025600000,49.4300],[1490112000000,47.5200],[1490198400000,45.4700],[1490284800000,44.5300],[1490544000000,44.7600],[1490630400000,41.8700],[1490716800000,40.3700],[1490803200000,39.7800],[1490889600000,40.5200],[1491321600000,40.1500],[1491408000000,39.8100],[1491494400000,38.7000],[1491753600000,40.3700],[1491840000000,40.00],[1491926400000,40.3700],[1492012800000,40.4800],[1492099200000,38.8200],[1492358400000,40.1500],[1492444800000,40.1500],[1492531200000,39.4100],[1492617600000,38.9000],[1492704000000,33.9400],[1492963200000,35.6000],[1493049600000,34.9200],[1493136000000,34.0600],[1493222400000,31.3300],[1493308800000,27.1400],[1493654400000,27.5000],[1493740800000,28.3600],[1493827200000,26.7300],[1493913600000,26.00],[1494172800000,25.6400],[1494259200000,25.4500],[1494345600000,25.0900],[1494432000000,23.0900],[1494518400000,22.3600],[1494777600000,22.5600],[1494864000000,23.3800],[1494950400000,23.0400],[1495036800000,20.3600],[1495123200000,22.5000],[1495382400000,18.9300],[1495468800000,20.1100],[1495555200000,20.9200],[1495641600000,18.9700],[1495728000000,20.0400],[1496160000000,20.5700],[1496246400000,20.9200],[1496332800000,20.7400],[1496592000000,19.7900],[1496678400000,19.4300],[1496764800000,18.9000],[1496851200000,18.0200],[1496937600000,17.6700],[1497196800000,17.7700],[1497283200000,17.6000],[1497369600000,16.7000],[1497456000000,16.5200],[1497542400000,18.0900],[1497801600000,18.2000],[1497888000000,17.5000],[1497974400000,19.4800],[1498060800000,19.4800],[1498147200000,18.7500],[1498406400000,13.9900],[1498492800000,13.8200],[1498579200000,14.1600],[1498665600000,14.3400],[1498752000000,13.5700],[1499011200000,10.4800],[1499097600000,12.2000],[1499184000000,11.8400],[1499270400000,11.8400],[1499356800000,12.0100],[1499616000000,11.8400],[1499702400000,11.8400],[1499788800000,11.8400],[1499875200000,11.6600],[1499961600000,11.6000],[1500220800000,10.9200],[1500307200000,10.7500],[1500393600000,10.7000],[1500480000000,10.7000],[1500566400000,11.1300],[1500825600000,10.6200],[1500912000000,10.6200],[1500998400000,10.4400],[1501084800000,10.4400],[1501171200000,11.2800],[1501430400000,10.2700],[1501516800000,11.6200],[1501603200000,11.4500],[1501689600000,11.7800],[1501776000000,11.2800],[1502035200000,12.0800],[1502121600000,12.2500],[1502208000000,12.2500],[1502294400000,11.9100],[1502380800000,12.7500],[1502640000000,14.2600],[1502726400000,14.2600],[1502812800000,14.2600],[1502899200000,14.4300],[1502985600000,13.9300],[1503244800000,13.7400],[1503331200000,15.4100],[1503417600000,15.5800],[1503504000000,15.7700],[1503590400000,15.7700],[1503849600000,13.1700],[1503936000000,12.1700],[1504022400000,17.3300],[1504108800000,17.6400],[1504195200000,17.4700],[1504454400000,16.9700],[1504540800000,16.8100],[1504627200000,16.6400],[1504713600000,16.8100],[1504800000000,17.3000],[1505059200000,17.9100],[1505145600000,17.5800],[1505232000000,17.0800],[1505318400000,17.3600],[1505404800000,17.3600],[1505664000000,18.6500],[1505750400000,18.1500],[1505836800000,18.2400],[1505923200000,17.4100],[1506009600000,19.5700],[1506268800000,21.8900],[1506355200000,22.2200],[1506441600000,23.1800],[1506528000000,24.0100],[1506614400000,25.5800],[1507478400000,33.5000],[1507564800000,33.7700],[1507651200000,33.7700],[1507737600000,34.0400],[1507824000000,34.2100],[1508083200000,37.2500],[1508169600000,37.4200],[1508256000000,37.8100],[1508342400000,39.4400],[1508428800000,39.2800],[1508688000000,41.2500],[1508774400000,42.4100],[1508860800000,43.1600],[1508947200000,44.4800],[1509033600000,45.8000],[1509292800000,47.7800],[1509379200000,49.1800],[1509465600000,50.1600],[1509552000000,51.0600],[1509638400000,52.1900],[1509897600000,60.5500],[1509984000000,61.6700],[1510070400000,62.9600],[1510156800000,63.7200],[1510243200000,64.8500],[1510502400000,68.4000],[1510588800000,69.6100],[1510675200000,70.8700],[1510761600000,71.6500],[1510848000000,71.8600],[1511107200000,73.2700],[1511193600000,73.7400],[1511280000000,74.8400],[1511366400000,75.00],[1511452800000,75.6700],[1511712000000,77.3400],[1511798400000,78.1200],[1511884800000,78.4400],[1511971200000,79.7200],[1512057600000,80.5600],[1512316800000,81.9600],[1512403200000,83.0500],[1512489600000,83.9800],[1512576000000,84.4700],[1512662400000,85.2800],[1512921600000,86.6600],[1513008000000,86.3700],[1513094400000,86.6800],[1513180800000,87.00],[1513267200000,87.2000],[1513526400000,88.1100],[1513612800000,88.4100],[1513699200000,88.2600],[1513785600000,88.2400],[1513872000000,85.3400],[1514131200000,85.1900],[1514217600000,85.3400],[1514304000000,85.7800],[1514390400000,87.0200],[1514476800000,87.3300],[1514822400000,75.5700],[1514908800000,70.0800],[1514995200000,64.1200],[1515081600000,60.00],[1515340800000,86.5600],[1515427200000,86.5600],[1515513600000,85.8200],[1515600000000,85.2400],[1515686400000,84.6300],[1515945600000,82.1900],[1516032000000,82.0400],[1516118400000,81.7400],[1516204800000,81.4300],[1516291200000,81.4300],[1516550400000,80.9700],[1516636800000,80.5200],[1516723200000,80.2100],[1516809600000,80.2100],[1516896000000,80.3100],[1517155200000,79.7300],[1517241600000,78.8100],[1517328000000,78.2000],[1517414400000,77.4400],[1517500800000,76.2200],[1517760000000,73.7800],[1517846400000,73.1700]];
/*规模变动*/
var Data_fluctuationScale = {"categories":["2016-12-31","2017-03-31","2017-06-30","2017-09-30","2017-12-31"],"series":[{"y":9.71,"mom":"-18.11%"},{"y":6.30,"mom":"-35.09%"},{"y":2.67,"mom":"-57.63%"},{"y":10.01,"mom":"274.64%"},{"y":9.87,"mom":"-1.34%"}]};;
/*持有人结构*/
var Data_holderStructure = {"series":[{"name":"机构持有比例","data":[100.0]},{"name":"个人持有比例","data":[0.0]},{"name":"内部持有比例","data":[0.0]}],"categories":["2017-06-30"]};
/*申购赎回*/
var Data_assetAllocation ={"series":[{"name":"期间申购","data":[10.44,0.67,16.00,1.73]},{"name":"期间赎回","data":[13.85,4.30,8.66,1.87]},{"name":"总份额","data":[6.30,2.67,10.01,9.87]}],"categories":["2017-03-31","2017-06-30","2017-09-30","2017-12-31"]};
/*现任基金经理*/
var Data_currentFundManager = [{"id":"30457852","pic":"https://pdf.dfcfw.com/pdf/H8_JPG30457852_1.jpg","name":"刘心峰","star":0,"workTime":"355天","fundSize":"163.53亿(8只基金)","power":{"avr":"暂无数据","categories":["经验值","收益率","影响力","稳定性","管理规模"],"dsc":["反映基金经理从业年限和管理基金的经验","根据基金经理投资的阶段收益评分，反映\u003cbr\u003e基金经理投资的盈利能力","根据基金经理所管理基金的机构和个人投\u003cbr\u003e资者持有比例评分","反映基金经理投资收益的波动","根据基金经理现任管理基金资产规模评分"],"data":[null,null,null,null,null],"jzrq":"2018-02-06"},"profit":{"categories":["任期收益","同类平均"],"series":[{"data":[{"name":null,"color":"#7cb5ec","y":3.7851},{"name":null,"color":"#414c7b","y":3.85}]}],"jzrq":"2018-02-06"}}] ;
/*同类型基金涨幅榜（页面底部通栏）*/
var swithSameType = [['002895_华夏天利货币B_5.8750','002894_华夏天利货币A_5.6210','005151_红土创新优淳货币B_5.6080','005150_红土创新优淳货币A_5.3810','000902_国开货币B_5.3390'],['002895_华夏天利货币B_5.26','005151_红土创新优淳货币B_5.22','004973_长城收益宝货币B_5.08','002894_华夏天利货币A_5.01','001895_泰达宏利活期友货币B_5.00'],['004973_长城收益宝货币B_5.05','005151_红土创新优淳货币B_5.04','004770_海富通添益货币A_4.99','002884_华润元大现金通货币B_4.98','002895_华夏天利货币B_4.89'],['004770_海富通添益货币A_5.39','004973_长城收益宝货币B_5.13','002895_华夏天利货币B_5.03','004398_融通现金宝货币B_5.03','002884_华润元大现金通货币B_5.02'],['003679_中融现金增利货币C_4.67','003474_南方天天利货币B_4.55','000836_国投瑞银钱多宝货币A_4.52','000837_国投瑞银钱多宝货币I_4.52','003753_工银如意货币B_4.51']];