/**
 * 测试数据
 * @type {arry}
 */
/*2018-02-07 18:04:06*/
//基金或股票信息
var fS_name = "广发货币C";
var fS_code = "005092";
var fund_minsg="";
var ishb=true;
/*原费率*/
var fund_sourceRate="0";
/*现费率*/
var fund_Rate="0";
/*最小申购金额*/
var fund_minsg="";
/*收益率*/
/*近一年收益率*/
var syl_1n="";
/*近6月收益率*/
var syl_6y="";
/*近三月收益率*/
var syl_3y="1.041";
/*近一月收益率*/
var syl_1y="0.383";
/* 基金收益走势图 每万份收益*/
var Data_millionCopiesIncome = [[1502899200000,1.0581],[1502985600000,1.074],[1503158400000,2.0929],[1503244800000,1.0659],[1503331200000,1.12],[1503417600000,1.0673],[1503504000000,1.1049],[1503590400000,0.9839],[1503763200000,2.0585],[1503849600000,1.1352],[1503936000000,1.0514],[1504022400000,1.0296],[1504108800000,1.0969],[1504195200000,1.1118],[1504368000000,2.1167],[1504454400000,1.1741],[1504540800000,1.0647],[1504627200000,1.1666],[1504713600000,1.0145],[1504800000000,1.1294],[1504972800000,2.0863],[1505059200000,1.3173],[1505145600000,1.0817],[1505232000000,1.0717],[1505318400000,1.1204],[1505404800000,1.0554],[1505577600000,2.0931],[1505664000000,1.0642],[1505750400000,1.051],[1505836800000,1.2011],[1505923200000,1.104],[1506009600000,1.1813],[1506182400000,2.1837],[1506268800000,1.115],[1506355200000,1.1787],[1506441600000,1.2007],[1506528000000,1.0839],[1506614400000,1.1015],[1507392000000,9.9536],[1507478400000,1.1126],[1507564800000,1.1126],[1507651200000,1.0861],[1507737600000,1.0976],[1507824000000,1.0953],[1507996800000,2.0955],[1508083200000,1.0208],[1508169600000,1.0357],[1508256000000,1.0301],[1508342400000,0.9485],[1508428800000,1.001],[1508601600000,1.9985],[1508688000000,0.9958],[1508774400000,1.0497],[1508860800000,1.0032],[1508947200000,1.0167],[1509033600000,1.002],[1509206400000,2.025],[1509292800000,1.0062],[1509379200000,0.9432],[1509465600000,1.0503],[1509552000000,1.0335],[1509638400000,1.0209],[1509811200000,2.0418],[1509897600000,1.0209],[1509984000000,0.9978],[1510070400000,0.981],[1510156800000,0.9705],[1510243200000,0.9621],[1510416000000,1.9661],[1510502400000,0.9852],[1510588800000,1.002],[1510675200000,0.9906],[1510761600000,1.0129],[1510848000000,1.0002],[1511020800000,2.0468],[1511107200000,1.0234],[1511193600000,1.0888],[1511280000000,1.0319],[1511366400000,1.0336],[1511452800000,1.0444],[1511625600000,2.0974],[1511712000000,1.0509],[1511798400000,1.0315],[1511884800000,1.0164],[1511971200000,1.0336],[1512057600000,1.0681],[1512230400000,2.134],[1512316800000,1.161],[1512403200000,1.0882],[1512489600000,1.0438],[1512576000000,1.0965],[1512662400000,1.0612],[1512835200000,2.033],[1512921600000,1.0394],[1513008000000,1.0114],[1513094400000,1.0131],[1513180800000,1.0051],[1513267200000,1.0313],[1513440000000,2.0717],[1513526400000,1.0835],[1513612800000,1.0786],[1513699200000,1.1401],[1513785600000,1.0633],[1513872000000,1.1516],[1514044800000,2.2835],[1514131200000,1.215],[1514217600000,1.1965],[1514304000000,1.258],[1514390400000,1.4545],[1514476800000,1.3511],[1514649600000,2.699],[1514736000000,1.3497],[1514822400000,0.9752],[1514908800000,1.3442],[1514995200000,1.2162],[1515081600000,1.2593],[1515254400000,2.4935],[1515340800000,1.273],[1515427200000,1.2523],[1515513600000,1.1946],[1515600000000,1.1853],[1515686400000,1.1806],[1515859200000,2.324],[1515945600000,1.1738],[1516032000000,1.155],[1516118400000,1.1756],[1516204800000,1.189],[1516291200000,1.1806],[1516464000000,2.355],[1516550400000,1.1837],[1516636800000,1.195],[1516723200000,1.195],[1516809600000,1.2229],[1516896000000,1.1743],[1517068800000,2.299],[1517155200000,1.1712],[1517241600000,1.1888],[1517328000000,1.1942],[1517414400000,1.2615],[1517500800000,1.2056],[1517673600000,2.4026],[1517760000000,1.2177],[1517846400000,1.1843]];
/*基金收益走势图   7日年化收益率*/
var Data_sevenDaysYearIncome = [[1502899200000,3.862],[1502985600000,3.891],[1503158400000,3.855],[1503244800000,3.862],[1503331200000,3.9],[1503417600000,3.899],[1503504000000,3.924],[1503590400000,3.877],[1503763200000,3.859],[1503849600000,3.895],[1503936000000,3.859],[1504022400000,3.84],[1504108800000,3.835],[1504195200000,3.902],[1504368000000,3.932],[1504454400000,3.953],[1504540800000,3.96],[1504627200000,4.031],[1504713600000,3.988],[1504800000000,3.997],[1504972800000,3.981],[1505059200000,4.056],[1505145600000,4.065],[1505232000000,4.016],[1505318400000,4.071],[1505404800000,4.032],[1505577600000,4.036],[1505664000000,3.904],[1505750400000,3.888],[1505836800000,3.955],[1505923200000,3.947],[1506009600000,4.012],[1506182400000,4.059],[1506268800000,4.086],[1506355200000,4.153],[1506441600000,4.152],[1506528000000,4.142],[1506614400000,4.1],[1507392000000,4.037],[1507478400000,4.04],[1507564800000,4.044],[1507651200000,4.033],[1507737600000,4.029],[1507824000000,4.023],[1507996800000,3.963],[1508083200000,3.915],[1508169600000,3.875],[1508256000000,3.845],[1508342400000,3.768],[1508428800000,3.719],[1508601600000,3.668],[1508688000000,3.655],[1508774400000,3.662],[1508860800000,3.648],[1508947200000,3.684],[1509033600000,3.684],[1509206400000,3.698],[1509292800000,3.704],[1509379200000,3.648],[1509465600000,3.673],[1509552000000,3.681],[1509638400000,3.691],[1509811200000,3.7],[1509897600000,3.708],[1509984000000,3.736],[1510070400000,3.7],[1510156800000,3.667],[1510243200000,3.636],[1510416000000,3.597],[1510502400000,3.578],[1510588800000,3.581],[1510675200000,3.586],[1510761600000,3.608],[1510848000000,3.628],[1511020800000,3.67],[1511107200000,3.69],[1511193600000,3.735],[1511280000000,3.756],[1511366400000,3.767],[1511452800000,3.79],[1511625600000,3.817],[1511712000000,3.831],[1511798400000,3.801],[1511884800000,3.793],[1511971200000,3.793],[1512057600000,3.805],[1512230400000,3.824],[1512316800000,3.882],[1512403200000,3.911],[1512489600000,3.926],[1512576000000,3.958],[1512662400000,3.955],[1512835200000,3.902],[1512921600000,3.839],[1513008000000,3.799],[1513094400000,3.783],[1513180800000,3.735],[1513267200000,3.72],[1513440000000,3.74],[1513526400000,3.763],[1513612800000,3.798],[1513699200000,3.864],[1513785600000,3.894],[1513872000000,3.957],[1514044800000,4.067],[1514131200000,4.136],[1514217600000,4.197],[1514304000000,4.259],[1514390400000,4.463],[1514476800000,4.567],[1514649600000,4.784],[1514736000000,4.854],[1514822400000,4.738],[1514908800000,4.783],[1514995200000,4.659],[1515081600000,4.611],[1515254400000,4.504],[1515340800000,4.464],[1515427200000,4.609],[1515513600000,4.531],[1515600000000,4.515],[1515686400000,4.474],[1515859200000,4.385],[1515945600000,4.333],[1516032000000,4.283],[1516118400000,4.273],[1516204800000,4.275],[1516291200000,4.275],[1516464000000,4.291],[1516550400000,4.296],[1516636800000,4.317],[1516723200000,4.327],[1516809600000,4.345],[1516896000000,4.341],[1517068800000,4.312],[1517155200000,4.306],[1517241600000,4.302],[1517328000000,4.302],[1517414400000,4.322],[1517500800000,4.338],[1517673600000,4.392],[1517760000000,4.417],[1517846400000,4.414]];
/*资产配置*/
var Data_assetAllocationCurrency ={"categories":["12-31","09-30"],"series":[{"name":"股票","data":[null,null]},{"name":"债券","data":[48.91,42.23]},{"name":"现金","data":[35.57,52.6]}]};
/*累计收益率走势*/
var Data_grandTotal = [{"name":"广发货币C","data":[[1502899200000,0],[1502985600000,0.01],[1503158400000,0.03],[1503244800000,0.04],[1503331200000,0.05],[1503417600000,0.06],[1503504000000,0.08],[1503590400000,0.09],[1503763200000,0.11],[1503849600000,0.12],[1503936000000,0.13],[1504022400000,0.14],[1504108800000,0.15],[1504195200000,0.16],[1504368000000,0.18],[1504454400000,0.19],[1504540800000,0.20],[1504627200000,0.22],[1504713600000,0.23],[1504800000000,0.24],[1504972800000,0.26],[1505059200000,0.27],[1505145600000,0.28],[1505232000000,0.29],[1505318400000,0.30],[1505404800000,0.31],[1505577600000,0.34],[1505664000000,0.35],[1505750400000,0.36],[1505836800000,0.37],[1505923200000,0.38],[1506009600000,0.39],[1506182400000,0.41],[1506268800000,0.42],[1506355200000,0.44],[1506441600000,0.45],[1506528000000,0.46],[1506614400000,0.47],[1507392000000,0.57],[1507478400000,0.58],[1507564800000,0.59],[1507651200000,0.60],[1507737600000,0.61],[1507824000000,0.63],[1507996800000,0.65],[1508083200000,0.66],[1508169600000,0.67],[1508256000000,0.68],[1508342400000,0.69],[1508428800000,0.70],[1508601600000,0.72],[1508688000000,0.73],[1508774400000,0.74],[1508860800000,0.75],[1508947200000,0.76],[1509033600000,0.77],[1509206400000,0.79],[1509292800000,0.80],[1509379200000,0.81],[1509465600000,0.82],[1509552000000,0.83],[1509638400000,0.84],[1509811200000,0.86],[1509897600000,0.87],[1509984000000,0.88],[1510070400000,0.89],[1510156800000,0.90],[1510243200000,0.91],[1510416000000,0.93],[1510502400000,0.94],[1510588800000,0.95],[1510675200000,0.96],[1510761600000,0.97],[1510848000000,0.98],[1511020800000,1.00],[1511107200000,1.01],[1511193600000,1.02],[1511280000000,1.03],[1511366400000,1.04],[1511452800000,1.05],[1511625600000,1.08],[1511712000000,1.09],[1511798400000,1.10],[1511884800000,1.11],[1511971200000,1.12],[1512057600000,1.13],[1512230400000,1.15],[1512316800000,1.16],[1512403200000,1.17],[1512489600000,1.18],[1512576000000,1.19],[1512662400000,1.20],[1512835200000,1.23],[1512921600000,1.24],[1513008000000,1.25],[1513094400000,1.26],[1513180800000,1.27],[1513267200000,1.28],[1513440000000,1.30],[1513526400000,1.31],[1513612800000,1.32],[1513699200000,1.33],[1513785600000,1.34],[1513872000000,1.35],[1514044800000,1.38],[1514131200000,1.39],[1514217600000,1.40],[1514304000000,1.41],[1514390400000,1.43],[1514476800000,1.44],[1514649600000,1.47],[1514736000000,1.48],[1514822400000,1.49],[1514908800000,1.51],[1514995200000,1.52],[1515081600000,1.53],[1515254400000,1.56],[1515340800000,1.57],[1515427200000,1.58],[1515513600000,1.60],[1515600000000,1.61],[1515686400000,1.62],[1515859200000,1.64],[1515945600000,1.66],[1516032000000,1.67],[1516118400000,1.68],[1516204800000,1.69],[1516291200000,1.70],[1516464000000,1.73],[1516550400000,1.74],[1516636800000,1.75],[1516723200000,1.76],[1516809600000,1.78],[1516896000000,1.79],[1517068800000,1.81],[1517155200000,1.82],[1517241600000,1.84],[1517328000000,1.85],[1517414400000,1.86],[1517500800000,1.87],[1517673600000,1.90],[1517760000000,1.91],[1517846400000,1.92]]},{"name":"同类平均","data":[[1502812800000,0],[1502899200000,0.01],[1502985600000,0.02],[1503244800000,0.05],[1503331200000,0.06],[1503417600000,0.07],[1503504000000,0.08],[1503590400000,0.09],[1503849600000,0.13],[1503936000000,0.14],[1504022400000,0.15],[1504108800000,0.16],[1504195200000,0.17],[1504454400000,0.20],[1504540800000,0.21],[1504627200000,0.22],[1504713600000,0.23],[1504800000000,0.24],[1505059200000,0.27],[1505145600000,0.28],[1505232000000,0.29],[1505318400000,0.31],[1505404800000,0.32],[1505664000000,0.35],[1505750400000,0.36],[1505836800000,0.37],[1505923200000,0.38],[1506009600000,0.39],[1506268800000,0.42],[1506355200000,0.44],[1506441600000,0.45],[1506528000000,0.46],[1506614400000,0.47],[1507478400000,0.58],[1507564800000,0.59],[1507651200000,0.60],[1507737600000,0.61],[1507824000000,0.62],[1508083200000,0.66],[1508169600000,0.67],[1508256000000,0.68],[1508342400000,0.69],[1508428800000,0.70],[1508688000000,0.73],[1508774400000,0.74],[1508860800000,0.75],[1508947200000,0.76],[1509033600000,0.77],[1509292800000,0.80],[1509379200000,0.81],[1509465600000,0.82],[1509552000000,0.84],[1509638400000,0.85],[1509897600000,0.88],[1509984000000,0.89],[1510070400000,0.90],[1510156800000,0.91],[1510243200000,0.92],[1510502400000,0.95],[1510588800000,0.96],[1510675200000,0.97],[1510761600000,0.98],[1510848000000,0.99],[1511107200000,1.03],[1511193600000,1.04],[1511280000000,1.05],[1511366400000,1.06],[1511452800000,1.07],[1511712000000,1.10],[1511798400000,1.11],[1511884800000,1.13],[1511971200000,1.14],[1512057600000,1.15],[1512316800000,1.18],[1512403200000,1.19],[1512489600000,1.20],[1512576000000,1.22],[1512662400000,1.23],[1512921600000,1.26],[1513008000000,1.27],[1513094400000,1.28],[1513180800000,1.29],[1513267200000,1.30],[1513526400000,1.34],[1513612800000,1.35],[1513699200000,1.36],[1513785600000,1.37],[1513872000000,1.39],[1514131200000,1.42],[1514217600000,1.43],[1514304000000,1.45],[1514390400000,1.46],[1514476800000,1.47],[1514822400000,1.53],[1514908800000,1.54],[1514995200000,1.55],[1515081600000,1.57],[1515340800000,1.60],[1515427200000,1.61],[1515513600000,1.62],[1515600000000,1.64],[1515686400000,1.65],[1515945600000,1.68],[1516032000000,1.69],[1516118400000,1.70],[1516204800000,1.71],[1516291200000,1.73],[1516550400000,1.76],[1516636800000,1.77],[1516723200000,1.78],[1516809600000,1.80],[1516896000000,1.81],[1517155200000,1.84],[1517241600000,1.85],[1517328000000,1.87],[1517414400000,1.88],[1517500800000,1.89],[1517760000000,1.92],[1517846400000,1.93]]},{"name":"沪深300","data":[[1502812800000,0],[1502899200000,0.54],[1502985600000,0.63],[1503244800000,1.07],[1503331200000,1.37],[1503417600000,1.48],[1503504000000,0.90],[1503590400000,2.55],[1503849600000,3.82],[1503936000000,3.60],[1504022400000,3.59],[1504108800000,3.26],[1504195200000,3.49],[1504454400000,3.90],[1504540800000,4.20],[1504627200000,4.00],[1504713600000,3.47],[1504800000000,3.37],[1505059200000,3.36],[1505145600000,3.69],[1505232000000,3.81],[1505318400000,3.47],[1505404800000,3.51],[1505664000000,3.83],[1505750400000,3.53],[1505836800000,3.81],[1505923200000,3.68],[1506009600000,3.68],[1506268800000,3.14],[1506355200000,3.22],[1506441600000,3.24],[1506528000000,3.27],[1506614400000,3.65],[1507478400000,4.88],[1507564800000,5.09],[1507651200000,5.44],[1507737600000,5.71],[1507824000000,5.93],[1508083200000,5.73],[1508169600000,5.72],[1508256000000,6.56],[1508342400000,6.21],[1508428800000,6.09],[1508688000000,6.20],[1508774400000,6.97],[1508860800000,7.44],[1508947200000,7.89],[1509033600000,8.66],[1509292800000,8.33],[1509379200000,8.25],[1509465600000,7.98],[1509552000000,7.99],[1509638400000,7.87],[1509897600000,8.63],[1509984000000,9.53],[1510070400000,9.36],[1510156800000,10.12],[1510243200000,11.09],[1510502400000,11.53],[1510588800000,10.75],[1510675200000,10.06],[1510761600000,10.90],[1510848000000,11.33],[1511107200000,11.95],[1511193600000,13.95],[1511280000000,14.21],[1511366400000,10.83],[1511452800000,10.88],[1511712000000,9.42],[1511798400000,9.57],[1511884800000,9.52],[1511971200000,8.23],[1512057600000,8.02],[1512316800000,8.58],[1512403200000,9.15],[1512489600000,8.49],[1512576000000,7.28],[1512662400000,8.16],[1512921600000,9.94],[1513008000000,8.50],[1513094400000,9.42],[1513180800000,8.77],[1513267200000,7.55],[1513526400000,7.67],[1513612800000,9.02],[1513699200000,8.89],[1513785600000,9.90],[1513872000000,9.54],[1514131200000,9.19],[1514217600000,9.52],[1514304000000,7.83],[1514390400000,8.58],[1514476800000,8.90],[1514822400000,10.43],[1514908800000,11.08],[1514995200000,11.55],[1515081600000,11.82],[1515340800000,12.39],[1515427200000,13.18],[1515513600000,13.68],[1515600000000,13.62],[1515686400000,14.15],[1515945600000,14.15],[1516032000000,15.05],[1516118400000,14.77],[1516204800000,15.40],[1516291200000,15.78],[1516550400000,17.16],[1516636800000,18.40],[1516723200000,18.60],[1516809600000,17.93],[1516896000000,18.37],[1517155200000,16.23],[1517241600000,14.99],[1517328000000,15.52],[1517414400000,14.71],[1517500800000,15.39],[1517760000000,15.47],[1517846400000,12.09]]}];
/*同类排名*/
var Data_rateInSimilarType = [{"x":1510848000000,"y":396,"sc":"636"},{"x":1511107200000,"y":400,"sc":"636"},{"x":1511193600000,"y":403,"sc":"636"},{"x":1511280000000,"y":410,"sc":"636"},{"x":1511366400000,"y":412,"sc":"636"},{"x":1511452800000,"y":418,"sc":"637"},{"x":1511712000000,"y":420,"sc":"640"},{"x":1511798400000,"y":425,"sc":"640"},{"x":1511884800000,"y":431,"sc":"640"},{"x":1511971200000,"y":432,"sc":"641"},{"x":1512057600000,"y":430,"sc":"643"},{"x":1512316800000,"y":434,"sc":"643"},{"x":1512403200000,"y":434,"sc":"643"},{"x":1512489600000,"y":438,"sc":"643"},{"x":1512576000000,"y":436,"sc":"644"},{"x":1512662400000,"y":441,"sc":"652"},{"x":1512921600000,"y":460,"sc":"652"},{"x":1513008000000,"y":469,"sc":"653"},{"x":1513094400000,"y":469,"sc":"653"},{"x":1513180800000,"y":477,"sc":"654"},{"x":1513267200000,"y":478,"sc":"656"},{"x":1513526400000,"y":488,"sc":"656"},{"x":1513612800000,"y":485,"sc":"656"},{"x":1513699200000,"y":491,"sc":"656"},{"x":1513785600000,"y":492,"sc":"655"},{"x":1513872000000,"y":494,"sc":"655"},{"x":1514131200000,"y":494,"sc":"655"},{"x":1514217600000,"y":494,"sc":"655"},{"x":1514304000000,"y":494,"sc":"654"},{"x":1514390400000,"y":490,"sc":"655"},{"x":1514476800000,"y":485,"sc":"655"},{"x":1514822400000,"y":455,"sc":"655"},{"x":1514908800000,"y":440,"sc":"655"},{"x":1514995200000,"y":429,"sc":"655"},{"x":1515081600000,"y":409,"sc":"655"},{"x":1515340800000,"y":484,"sc":"655"},{"x":1515427200000,"y":479,"sc":"655"},{"x":1515513600000,"y":481,"sc":"656"},{"x":1515600000000,"y":479,"sc":"657"},{"x":1515686400000,"y":476,"sc":"657"},{"x":1515945600000,"y":466,"sc":"657"},{"x":1516032000000,"y":464,"sc":"657"},{"x":1516118400000,"y":461,"sc":"657"},{"x":1516204800000,"y":455,"sc":"657"},{"x":1516291200000,"y":451,"sc":"657"},{"x":1516550400000,"y":446,"sc":"657"},{"x":1516636800000,"y":443,"sc":"657"},{"x":1516723200000,"y":445,"sc":"657"},{"x":1516809600000,"y":439,"sc":"657"},{"x":1516896000000,"y":439,"sc":"655"},{"x":1517155200000,"y":437,"sc":"656"},{"x":1517241600000,"y":435,"sc":"656"},{"x":1517328000000,"y":429,"sc":"656"},{"x":1517414400000,"y":426,"sc":"656"},{"x":1517500800000,"y":421,"sc":"656"},{"x":1517760000000,"y":409,"sc":"656"},{"x":1517846400000,"y":406,"sc":"656"}];
/*百分比排名*/
var Data_rateInSimilarPersent = [[1510848000000,37.7400],[1511107200000,37.1100],[1511193600000,36.6400],[1511280000000,35.5300],[1511366400000,35.2200],[1511452800000,34.3800],[1511712000000,34.3700],[1511798400000,33.5900],[1511884800000,32.6600],[1511971200000,32.6100],[1512057600000,33.1300],[1512316800000,32.5000],[1512403200000,32.5000],[1512489600000,31.8800],[1512576000000,32.3000],[1512662400000,32.3600],[1512921600000,29.4500],[1513008000000,28.1800],[1513094400000,28.1800],[1513180800000,27.0600],[1513267200000,27.1300],[1513526400000,25.6100],[1513612800000,26.0700],[1513699200000,25.1500],[1513785600000,24.8900],[1513872000000,24.5800],[1514131200000,24.5800],[1514217600000,24.5800],[1514304000000,24.4600],[1514390400000,25.1900],[1514476800000,25.9500],[1514822400000,30.5300],[1514908800000,32.8200],[1514995200000,34.5000],[1515081600000,37.5600],[1515340800000,26.1100],[1515427200000,26.8700],[1515513600000,26.6800],[1515600000000,27.0900],[1515686400000,27.5500],[1515945600000,29.0700],[1516032000000,29.3800],[1516118400000,29.8300],[1516204800000,30.7500],[1516291200000,31.3500],[1516550400000,32.1200],[1516636800000,32.5700],[1516723200000,32.2700],[1516809600000,33.1800],[1516896000000,32.9800],[1517155200000,33.3800],[1517241600000,33.6900],[1517328000000,34.6000],[1517414400000,35.0600],[1517500800000,35.8200],[1517760000000,37.6500],[1517846400000,38.1100]];
/*规模变动*/
var Data_fluctuationScale = {"categories":["2017-09-30","2017-12-31"],"series":[{"y":0.00,"mom":"--"},{"y":0.01,"mom":"1103.68%"}]};;
/*持有人结构*/
var Data_holderStructure = {"series":[{"name":"机构持有比例","data":[]},{"name":"个人持有比例","data":[]},{"name":"内部持有比例","data":[]}],"categories":[]};
/*申购赎回*/
var Data_assetAllocation ={"series":[{"name":"期间申购","data":[0.00,0.01]},{"name":"期间赎回","data":[0.00,0.00]},{"name":"总份额","data":[0.00,0.01]}],"categories":["2017-09-30","2017-12-31"]};
/*现任基金经理*/
var Data_currentFundManager = [{"id":"30059395","pic":"https://pdf.dfcfw.com/pdf/H8_JPG30059395_1.jpg","name":"温秀娟","star":3,"workTime":"7年又286天","fundSize":"1191.57亿(16只基金)","power":{"avr":"59.92","categories":["经验值","收益率","影响力","稳定性","管理规模"],"dsc":["反映基金经理从业年限和管理基金的经验","根据基金经理投资的阶段收益评分，反映\u003cbr\u003e基金经理投资的盈利能力","根据基金经理所管理基金的机构和个人投\u003cbr\u003e资者持有比例评分","反映基金经理投资收益的波动","根据基金经理现任管理基金资产规模评分"],"data":[96.20,64.20,56.80,34.90,87.90],"jzrq":"2018-02-06"},"profit":{"categories":["任期收益","同类平均"],"series":[{"data":[{"name":null,"color":"#7cb5ec","y":1.932},{"name":null,"color":"#414c7b","y":1.94}]}],"jzrq":"2018-02-06"}}] ;
/*同类型基金涨幅榜（页面底部通栏）*/
var swithSameType = [['002895_华夏天利货币B_5.8750','002894_华夏天利货币A_5.6210','004398_融通现金宝货币B_5.3370','000902_国开货币B_5.3360','001478_泰康薪意保货币B_5.1400'],['002895_华夏天利货币B_5.26','004973_长城收益宝货币B_5.08','004904_人保货币B_5.05','002884_华润元大现金通货币B_5.01','002894_华夏天利货币A_5.01'],['004973_长城收益宝货币B_5.05','004770_海富通添益货币A_4.99','002884_华润元大现金通货币B_4.99','005151_红土创新优淳货币B_4.90','002895_华夏天利货币B_4.89'],['004770_海富通添益货币A_5.39','004973_长城收益宝货币B_5.13','002884_华润元大现金通货币B_5.03','002895_华夏天利货币B_5.03','004398_融通现金宝货币B_5.01'],['003679_中融现金增利货币C_4.67','003474_南方天天利货币B_4.55','000836_国投瑞银钱多宝货币A_4.52','000837_国投瑞银钱多宝货币I_4.52','003753_工银如意货币B_4.51']];