/**
 * 测试数据
 * @type {arry}
 */
/*2018-02-07 17:59:55*/
//基金或股票信息
var fS_name = "中融现金增利货币C";
var fS_code = "003679";
var fund_minsg="5000000";
var ishb=true;
/*原费率*/
var fund_sourceRate="0";
/*现费率*/
var fund_Rate="0";
/*最小申购金额*/
var fund_minsg="5000000";
/*收益率*/
/*近一年收益率*/
var syl_1n="4.6747";
/*近6月收益率*/
var syl_6y="2.3248";
/*近三月收益率*/
var syl_3y="1.175";
/*近一月收益率*/
var syl_1y="0.4152";
/* 基金收益走势图 每万份收益*/
var Data_millionCopiesIncome = [[1480003200000,0.8248],[1480608000000,0.8243],[1480867200000,0.8241],[1480953600000,0.8237],[1481040000000,0.8443],[1481126400000,0.839],[1481212800000,0.8276],[1481385600000,1.6535],[1481472000000,0.8293],[1481558400000,0.8849],[1481644800000,0.8781],[1481731200000,0.878],[1481817600000,0.8779],[1481990400000,1.7555],[1482076800000,0.95],[1482163200000,1.0401],[1482249600000,0.9592],[1482336000000,1.1966],[1482422400000,1.1373],[1482595200000,2.212],[1482681600000,1.2455],[1482768000000,1.3489],[1482854400000,1.3414],[1482940800000,1.3408],[1483027200000,1.3406],[1483113600000,1.3404],[1483286400000,2.6819],[1483372800000,1.3406],[1483459200000,1.334],[1483545600000,1.3338],[1483632000000,1.3336],[1483804800000,2.6666],[1483891200000,1.3329],[1483977600000,1.3231],[1484064000000,1.3288],[1484150400000,1.2464],[1484236800000,1.2707],[1484409600000,2.5138],[1484496000000,1.2636],[1484582400000,1.258],[1484668800000,1.2779],[1484755200000,1.3038],[1484841600000,1.2651],[1485014400000,2.5295],[1485100800000,1.2642],[1485187200000,1.264],[1485273600000,1.2623],[1485360000000,1.2622],[1485964800000,8.831],[1486051200000,1.2631],[1486224000000,2.5256],[1486310400000,1.2582],[1486396800000,1.2411],[1486483200000,1.2389],[1486569600000,1.2632],[1486656000000,1.2509],[1486828800000,2.5002],[1486915200000,1.2585],[1487001600000,1.2599],[1487088000000,1.2571],[1487174400000,1.2544],[1487260800000,1.2543],[1487433600000,2.5076],[1487520000000,1.2673],[1487606400000,1.2638],[1487692800000,1.263],[1487779200000,1.2615],[1487865600000,1.259],[1488038400000,2.5172],[1488124800000,1.2597],[1488211200000,1.2533],[1488297600000,1.2522],[1488384000000,1.2485],[1488470400000,1.2478],[1488643200000,2.4947],[1488729600000,1.2467],[1488816000000,1.246],[1488902400000,1.2439],[1488988800000,1.2403],[1489075200000,1.2416],[1489248000000,2.4823],[1489334400000,1.2328],[1489420800000,1.2274],[1489507200000,1.2283],[1489593600000,1.2261],[1489680000000,1.227],[1489852800000,2.4532],[1489939200000,1.2281],[1490025600000,1.2392],[1490112000000,1.2347],[1490198400000,1.2323],[1490284800000,1.2137],[1490457600000,2.4208],[1490544000000,1.2624],[1490630400000,1.2669],[1490716800000,1.2758],[1490803200000,1.2739],[1490889600000,1.2454],[1491235200000,4.9807],[1491321600000,1.2453],[1491408000000,1.2438],[1491494400000,1.2763],[1491667200000,2.5481],[1491753600000,1.2807],[1491840000000,1.2786],[1491926400000,1.2795],[1492012800000,1.2537],[1492099200000,1.2594],[1492272000000,2.5179],[1492358400000,1.2548],[1492444800000,1.2536],[1492531200000,1.2453],[1492617600000,1.2352],[1492704000000,1.2224],[1492876800000,2.4195],[1492963200000,1.2268],[1493049600000,1.2334],[1493136000000,1.2417],[1493222400000,1.2353],[1493308800000,1.2422],[1493568000000,3.724],[1493654400000,1.2355],[1493740800000,1.2232],[1493827200000,1.2429],[1493913600000,1.249],[1494086400000,2.4971],[1494172800000,1.2477],[1494259200000,1.2433],[1494345600000,1.2423],[1494432000000,1.2427],[1494518400000,1.2439],[1494691200000,2.4872],[1494777600000,1.2396],[1494864000000,1.2398],[1494950400000,1.2296],[1495036800000,1.2329],[1495123200000,1.2274],[1495296000000,2.4536],[1495382400000,1.2299],[1495468800000,1.206],[1495555200000,1.1572],[1495641600000,1.2065],[1495728000000,1.2503],[1496073600000,5.0223],[1496160000000,1.2562],[1496246400000,1.2615],[1496332800000,1.2499],[1496505600000,2.4988],[1496592000000,1.2438],[1496678400000,1.2403],[1496764800000,1.2496],[1496851200000,1.2412],[1496937600000,1.2349],[1497110400000,2.4689],[1497196800000,1.2343],[1497283200000,1.236],[1497369600000,1.2681],[1497456000000,1.262],[1497542400000,1.2572],[1497715200000,2.5138],[1497801600000,1.2822],[1497888000000,1.278],[1497974400000,1.3004],[1498060800000,1.2741],[1498147200000,1.2214],[1498320000000,2.4088],[1498406400000,1.2605],[1498492800000,1.2781],[1498579200000,1.3095],[1498665600000,1.3273],[1498752000000,1.3041],[1498924800000,2.6152],[1499011200000,1.3041],[1499097600000,1.3157],[1499184000000,1.3226],[1499270400000,1.307],[1499356800000,1.3157],[1499529600000,2.6309],[1499616000000,1.3144],[1499702400000,1.2977],[1499788800000,1.3014],[1499875200000,1.3041],[1499961600000,1.3009],[1500134400000,2.6014],[1500220800000,1.3019],[1500307200000,1.2854],[1500393600000,1.2751999999999999],[1500480000000,1.2767],[1500566400000,1.2747],[1500739200000,2.4461],[1500825600000,1.2483],[1500912000000,1.2632],[1500998400000,1.2613],[1501084800000,1.2632],[1501171200000,1.2625],[1501344000000,2.5247],[1501430400000,1.276],[1501516800000,1.2658],[1501603200000,1.2558],[1501689600000,1.2685],[1501776000000,1.2738],[1501948800000,2.5471],[1502035200000,1.2639],[1502121600000,1.2606],[1502208000000,1.2638],[1502294400000,1.2641],[1502380800000,1.2638],[1502553600000,2.527],[1502640000000,1.2675],[1502726400000,1.2619],[1502812800000,1.2486],[1502899200000,1.2201],[1502985600000,1.228],[1503158400000,2.4835],[1503244800000,1.2332],[1503331200000,1.2319],[1503417600000,1.2297],[1503504000000,1.229],[1503590400000,1.2533],[1503763200000,2.5062],[1503849600000,1.2397],[1503936000000,1.2405],[1504022400000,1.2458],[1504108800000,1.2583],[1504195200000,1.2587],[1504368000000,2.5162],[1504454400000,1.2454],[1504540800000,1.2427],[1504627200000,1.2635],[1504713600000,1.2812],[1504800000000,1.2776],[1504972800000,2.5544],[1505059200000,1.3681],[1505145600000,1.2914],[1505232000000,1.2882],[1505318400000,1.2773],[1505404800000,1.2751],[1505577600000,2.5475],[1505664000000,1.2633],[1505750400000,1.2443],[1505836800000,1.2337],[1505923200000,1.2032],[1506009600000,1.2095],[1506182400000,2.3761],[1506268800000,1.2465],[1506355200000,1.2191],[1506441600000,1.2017],[1506528000000,1.1901],[1506614400000,1.1697],[1507392000000,10.5042],[1507478400000,1.1718],[1507564800000,1.1817],[1507651200000,1.1929],[1507737600000,1.1958],[1507824000000,1.2187],[1507996800000,2.437],[1508083200000,1.2189],[1508169600000,1.2074],[1508256000000,1.2147],[1508342400000,1.2203],[1508428800000,1.2191],[1508601600000,2.4381],[1508688000000,1.2154],[1508774400000,1.207],[1508860800000,1.2189],[1508947200000,1.2026],[1509033600000,1.1953],[1509206400000,2.3876],[1509292800000,1.1579],[1509379200000,1.2119],[1509465600000,1.2201],[1509552000000,1.2148],[1509638400000,1.2235],[1509811200000,2.4492],[1509897600000,1.2264],[1509984000000,1.2255],[1510070400000,1.2211],[1510156800000,1.2001],[1510243200000,1.1963],[1510416000000,2.3873],[1510502400000,1.2084],[1510588800000,1.194],[1510675200000,1.2004],[1510761600000,1.2016],[1510848000000,1.2052],[1511020800000,2.4093],[1511107200000,1.2009],[1511193600000,1.1955],[1511280000000,1.1817],[1511366400000,1.1924],[1511452800000,1.1967],[1511625600000,2.3931],[1511712000000,1.2124],[1511798400000,1.2116],[1511884800000,1.2169],[1511971200000,1.2215],[1512057600000,1.223],[1512230400000,2.4445],[1512316800000,1.2528],[1512403200000,1.2244],[1512489600000,1.2251],[1512576000000,1.2416],[1512662400000,1.2245],[1512835200000,2.4488],[1512921600000,1.237],[1513008000000,1.2423],[1513094400000,1.2377],[1513180800000,1.2596],[1513267200000,1.2594],[1513440000000,2.5201],[1513526400000,1.2525],[1513612800000,1.2424],[1513699200000,1.3106],[1513785600000,1.3137],[1513872000000,1.3201],[1514044800000,2.6426],[1514131200000,1.331],[1514217600000,1.3218],[1514304000000,1.3155],[1514390400000,1.3351],[1514476800000,1.3586],[1514649600000,2.7151],[1514736000000,1.3573],[1514822400000,1.3433],[1514908800000,1.3483],[1514995200000,1.5813],[1515081600000,1.3948],[1515254400000,2.6814],[1515340800000,1.3561],[1515427200000,1.3336],[1515513600000,1.3595],[1515600000000,1.3137],[1515686400000,1.2785],[1515859200000,2.5559],[1515945600000,1.2903],[1516032000000,1.2967],[1516118400000,1.3039],[1516204800000,1.3152],[1516291200000,1.3138],[1516464000000,2.6267],[1516550400000,1.3074],[1516636800000,1.3109],[1516723200000,1.3144],[1516809600000,1.3039],[1516896000000,1.285],[1517068800000,2.5662],[1517155200000,1.2749],[1517241600000,1.2711],[1517328000000,1.2692],[1517414400000,1.2605],[1517500800000,1.2513],[1517673600000,2.5007],[1517760000000,1.2418],[1517846400000,1.2492]];
/*基金收益走势图   7日年化收益率*/
var Data_sevenDaysYearIncome = [[1480003200000,3.297],[1480608000000,3.055],[1480867200000,3.054],[1480953600000,3.054],[1481040000000,3.065],[1481126400000,3.072],[1481212800000,3.074],[1481385600000,3.077],[1481472000000,3.08],[1481558400000,3.113],[1481644800000,3.131],[1481731200000,3.152],[1481817600000,3.179],[1481990400000,3.234],[1482076800000,3.299],[1482163200000,3.382],[1482249600000,3.426],[1482336000000,3.598],[1482422400000,3.738],[1482595200000,3.985],[1482681600000,4.146],[1482768000000,4.314],[1482854400000,4.522],[1482940800000,4.6],[1483027200000,4.711],[1483113600000,4.839],[1483286400000,5.02],[1483372800000,5.015],[1483459200000,5.011],[1483545600000,5.007],[1483632000000,5.004],[1483804800000,4.995],[1483891200000,4.991],[1483977600000,4.982],[1484064000000,4.979],[1484150400000,4.931],[1484236800000,4.897],[1484409600000,4.813],[1484496000000,4.775],[1484582400000,4.74],[1484668800000,4.712],[1484755200000,4.743],[1484841600000,4.74],[1485014400000,4.749],[1485100800000,4.749],[1485187200000,4.752],[1485273600000,4.744],[1485360000000,4.721],[1485964800000,4.712],[1486051200000,4.713],[1486224000000,4.714],[1486310400000,4.712],[1486396800000,4.701],[1486483200000,4.689],[1486569600000,4.69],[1486656000000,4.683],[1486828800000,4.669],[1486915200000,4.669],[1487001600000,4.68],[1487088000000,4.69],[1487174400000,4.685],[1487260800000,4.687],[1487433600000,4.691],[1487520000000,4.696],[1487606400000,4.698],[1487692800000,4.701],[1487779200000,4.705],[1487865600000,4.707],[1488038400000,4.713],[1488124800000,4.708],[1488211200000,4.703],[1488297600000,4.697],[1488384000000,4.69],[1488470400000,4.684],[1488643200000,4.671],[1488729600000,4.664],[1488816000000,4.66],[1488902400000,4.656],[1488988800000,4.651],[1489075200000,4.648],[1489248000000,4.641],[1489334400000,4.634],[1489420800000,4.623],[1489507200000,4.615],[1489593600000,4.607],[1489680000000,4.599],[1489852800000,4.583],[1489939200000,4.581],[1490025600000,4.587],[1490112000000,4.591],[1490198400000,4.594],[1490284800000,4.587],[1490457600000,4.569],[1490544000000,4.588],[1490630400000,4.603],[1490716800000,4.625],[1490803200000,4.648],[1490889600000,4.665],[1491235200000,4.682],[1491321600000,4.665],[1491408000000,4.649],[1491494400000,4.666],[1491667200000,4.697],[1491753600000,4.717],[1491840000000,4.735],[1491926400000,4.754],[1492012800000,4.759],[1492099200000,4.75],[1492272000000,4.733],[1492358400000,4.719],[1492444800000,4.705],[1492531200000,4.687],[1492617600000,4.677],[1492704000000,4.657],[1492876800000,4.603],[1492963200000,4.588],[1493049600000,4.577],[1493136000000,4.575],[1493222400000,4.575],[1493308800000,4.585],[1493568000000,4.628],[1493654400000,4.629],[1493740800000,4.619],[1493827200000,4.623],[1493913600000,4.627],[1494086400000,4.635],[1494172800000,4.638],[1494259200000,4.642],[1494345600000,4.653],[1494432000000,4.653],[1494518400000,4.65],[1494691200000,4.644],[1494777600000,4.64],[1494864000000,4.638],[1494950400000,4.631],[1495036800000,4.626],[1495123200000,4.617],[1495296000000,4.599],[1495382400000,4.593],[1495468800000,4.575],[1495555200000,4.535],[1495641600000,4.521],[1495728000000,4.533],[1496073600000,4.606],[1496160000000,4.66],[1496246400000,4.69],[1496332800000,4.69],[1496505600000,4.683],[1496592000000,4.676],[1496678400000,4.668],[1496764800000,4.665],[1496851200000,4.653],[1496937600000,4.645],[1497110400000,4.629],[1497196800000,4.624],[1497283200000,4.621],[1497369600000,4.632],[1497456000000,4.643],[1497542400000,4.655],[1497715200000,4.68],[1497801600000,4.706],[1497888000000,4.729],[1497974400000,4.746],[1498060800000,4.753],[1498147200000,4.733],[1498320000000,4.676],[1498406400000,4.664],[1498492800000,4.664],[1498579200000,4.669],[1498665600000,4.698],[1498752000000,4.743],[1498924800000,4.856],[1499011200000,4.88],[1499097600000,4.901],[1499184000000,4.908],[1499270400000,4.897],[1499356800000,4.903],[1499529600000,4.912],[1499616000000,4.917],[1499702400000,4.907],[1499788800000,4.896],[1499875200000,4.894],[1499961600000,4.886],[1500134400000,4.87],[1500220800000,4.863],[1500307200000,4.856],[1500393600000,4.842],[1500480000000,4.827],[1500566400000,4.813],[1500739200000,4.728],[1500825600000,4.699],[1500912000000,4.687],[1500998400000,4.679],[1501084800000,4.672],[1501171200000,4.665],[1501344000000,4.708],[1501430400000,4.723],[1501516800000,4.724],[1501603200000,4.721],[1501689600000,4.724],[1501776000000,4.73],[1501948800000,4.743],[1502035200000,4.736],[1502121600000,4.733],[1502208000000,4.738],[1502294400000,4.735],[1502380800000,4.73],[1502553600000,4.719],[1502640000000,4.721],[1502726400000,4.721],[1502812800000,4.713],[1502899200000,4.689],[1502985600000,4.67],[1503158400000,4.646],[1503244800000,4.627],[1503331200000,4.611],[1503417600000,4.6],[1503504000000,4.605],[1503590400000,4.619],[1503763200000,4.631],[1503849600000,4.635],[1503936000000,4.64],[1504022400000,4.649],[1504108800000,4.665],[1504195200000,4.667],[1504368000000,4.673],[1504454400000,4.676],[1504540800000,4.677],[1504627200000,4.687],[1504713600000,4.699],[1504800000000,4.71],[1504972800000,4.731],[1505059200000,4.798],[1505145600000,4.824],[1505232000000,4.838],[1505318400000,4.836],[1505404800000,4.834],[1505577600000,4.83],[1505664000000,4.773],[1505750400000,4.747],[1505836800000,4.718],[1505923200000,4.677],[1506009600000,4.641],[1506182400000,4.548],[1506268800000,4.539],[1506355200000,4.525],[1506441600000,4.508],[1506528000000,4.5],[1506614400000,4.479],[1507392000000,4.352],[1507478400000,4.354],[1507564800000,4.362],[1507651200000,4.376],[1507737600000,4.392],[1507824000000,4.42],[1507996800000,4.476],[1508083200000,4.502],[1508169600000,4.516],[1508256000000,4.527],[1508342400000,4.541],[1508428800000,4.541],[1508601600000,4.542],[1508688000000,4.54],[1508774400000,4.54],[1508860800000,4.542],[1508947200000,4.532],[1509033600000,4.519],[1509206400000,4.492],[1509292800000,4.46],[1509379200000,4.463],[1509465600000,4.464],[1509552000000,4.47],[1509638400000,4.486],[1509811200000,4.519],[1509897600000,4.557],[1509984000000,4.564],[1510070400000,4.564],[1510156800000,4.556],[1510243200000,4.542],[1510416000000,4.508],[1510502400000,4.498],[1510588800000,4.481],[1510675200000,4.47],[1510761600000,4.471],[1510848000000,4.475],[1511020800000,4.487],[1511107200000,4.483],[1511193600000,4.484],[1511280000000,4.474],[1511366400000,4.469],[1511452800000,4.464],[1511625600000,4.455],[1511712000000,4.462],[1511798400000,4.47],[1511884800000,4.49],[1511971200000,4.506],[1512057600000,4.52],[1512230400000,4.548],[1512316800000,4.57],[1512403200000,4.577],[1512489600000,4.581],[1512576000000,4.592],[1512662400000,4.593],[1512835200000,4.595],[1512921600000,4.587],[1513008000000,4.597],[1513094400000,4.604],[1513180800000,4.613],[1513267200000,4.632],[1513440000000,4.671],[1513526400000,4.68],[1513612800000,4.68],[1513699200000,4.72],[1513785600000,4.749],[1513872000000,4.782],[1514044800000,4.849],[1514131200000,4.892],[1514217600000,4.936],[1514304000000,4.938],[1514390400000,4.95],[1514476800000,4.971],[1514649600000,5.011],[1514736000000,5.025],[1514822400000,5.037],[1514908800000,5.055],[1514995200000,5.19],[1515081600000,5.21],[1515254400000,5.191],[1515340800000,5.19],[1515427200000,5.185],[1515513600000,5.191],[1515600000000,5.045],[1515686400000,4.981],[1515859200000,4.912],[1515945600000,4.876],[1516032000000,4.856],[1516118400000,4.826],[1516204800000,4.827],[1516291200000,4.846],[1516464000000,4.885],[1516550400000,4.894],[1516636800000,4.902],[1516723200000,4.907],[1516809600000,4.901],[1516896000000,4.885],[1517068800000,4.852],[1517155200000,4.835],[1517241600000,4.813],[1517328000000,4.788],[1517414400000,4.764],[1517500800000,4.746],[1517673600000,4.71],[1517760000000,4.692],[1517846400000,4.68]];
/*资产配置*/
var Data_assetAllocationCurrency ={"categories":["12-31","09-30","06-30","03-31"],"series":[{"name":"股票","data":[null,null,null,null]},{"name":"债券","data":[34.3,50.6,38.14,18.86]},{"name":"现金","data":[59.93,56.8,49.21,86.83]}]};
/*累计收益率走势*/
var Data_grandTotal = [{"name":"中融现金增利货币C","data":[[1501948800000,0],[1502035200000,0.01],[1502121600000,0.03],[1502208000000,0.04],[1502294400000,0.05],[1502380800000,0.06],[1502553600000,0.09],[1502640000000,0.10],[1502726400000,0.11],[1502812800000,0.13],[1502899200000,0.14],[1502985600000,0.15],[1503158400000,0.18],[1503244800000,0.19],[1503331200000,0.20],[1503417600000,0.21],[1503504000000,0.23],[1503590400000,0.24],[1503763200000,0.26],[1503849600000,0.28],[1503936000000,0.29],[1504022400000,0.30],[1504108800000,0.31],[1504195200000,0.33],[1504368000000,0.35],[1504454400000,0.36],[1504540800000,0.38],[1504627200000,0.39],[1504713600000,0.40],[1504800000000,0.41],[1504972800000,0.44],[1505059200000,0.45],[1505145600000,0.47],[1505232000000,0.48],[1505318400000,0.49],[1505404800000,0.50],[1505577600000,0.53],[1505664000000,0.54],[1505750400000,0.56],[1505836800000,0.57],[1505923200000,0.58],[1506009600000,0.59],[1506182400000,0.62],[1506268800000,0.63],[1506355200000,0.64],[1506441600000,0.65],[1506528000000,0.67],[1506614400000,0.68],[1507392000000,0.78],[1507478400000,0.79],[1507564800000,0.81],[1507651200000,0.82],[1507737600000,0.83],[1507824000000,0.84],[1507996800000,0.87],[1508083200000,0.88],[1508169600000,0.89],[1508256000000,0.90],[1508342400000,0.92],[1508428800000,0.93],[1508601600000,0.95],[1508688000000,0.97],[1508774400000,0.98],[1508860800000,0.99],[1508947200000,1.00],[1509033600000,1.01],[1509206400000,1.04],[1509292800000,1.05],[1509379200000,1.06],[1509465600000,1.07],[1509552000000,1.09],[1509638400000,1.10],[1509811200000,1.12],[1509897600000,1.14],[1509984000000,1.15],[1510070400000,1.16],[1510156800000,1.17],[1510243200000,1.19],[1510416000000,1.21],[1510502400000,1.22],[1510588800000,1.23],[1510675200000,1.25],[1510761600000,1.26],[1510848000000,1.27],[1511020800000,1.29],[1511107200000,1.31],[1511193600000,1.32],[1511280000000,1.33],[1511366400000,1.34],[1511452800000,1.36],[1511625600000,1.38],[1511712000000,1.39],[1511798400000,1.40],[1511884800000,1.42],[1511971200000,1.43],[1512057600000,1.44],[1512230400000,1.47],[1512316800000,1.48],[1512403200000,1.49],[1512489600000,1.50],[1512576000000,1.52],[1512662400000,1.53],[1512835200000,1.55],[1512921600000,1.57],[1513008000000,1.58],[1513094400000,1.59],[1513180800000,1.60],[1513267200000,1.62],[1513440000000,1.64],[1513526400000,1.66],[1513612800000,1.67],[1513699200000,1.68],[1513785600000,1.69],[1513872000000,1.71],[1514044800000,1.73],[1514131200000,1.75],[1514217600000,1.76],[1514304000000,1.78],[1514390400000,1.79],[1514476800000,1.80],[1514649600000,1.83],[1514736000000,1.84],[1514822400000,1.86],[1514908800000,1.87],[1514995200000,1.89],[1515081600000,1.90],[1515254400000,1.93],[1515340800000,1.94],[1515427200000,1.96],[1515513600000,1.97],[1515600000000,1.98],[1515686400000,2.00],[1515859200000,2.02],[1515945600000,2.04],[1516032000000,2.05],[1516118400000,2.06],[1516204800000,2.08],[1516291200000,2.09],[1516464000000,2.12],[1516550400000,2.13],[1516636800000,2.14],[1516723200000,2.16],[1516809600000,2.17],[1516896000000,2.18],[1517068800000,2.21],[1517155200000,2.22],[1517241600000,2.24],[1517328000000,2.25],[1517414400000,2.26],[1517500800000,2.27],[1517673600000,2.30],[1517760000000,2.31],[1517846400000,2.32]]},{"name":"同类平均","data":[[1502035200000,0],[1502121600000,0.01],[1502208000000,0.02],[1502294400000,0.03],[1502380800000,0.04],[1502640000000,0.07],[1502726400000,0.08],[1502812800000,0.09],[1502899200000,0.10],[1502985600000,0.11],[1503244800000,0.14],[1503331200000,0.16],[1503417600000,0.17],[1503504000000,0.18],[1503590400000,0.19],[1503849600000,0.22],[1503936000000,0.23],[1504022400000,0.24],[1504108800000,0.25],[1504195200000,0.26],[1504454400000,0.29],[1504540800000,0.30],[1504627200000,0.31],[1504713600000,0.32],[1504800000000,0.34],[1505059200000,0.37],[1505145600000,0.38],[1505232000000,0.39],[1505318400000,0.40],[1505404800000,0.41],[1505664000000,0.44],[1505750400000,0.45],[1505836800000,0.46],[1505923200000,0.47],[1506009600000,0.48],[1506268800000,0.52],[1506355200000,0.53],[1506441600000,0.54],[1506528000000,0.55],[1506614400000,0.56],[1507478400000,0.67],[1507564800000,0.68],[1507651200000,0.69],[1507737600000,0.71],[1507824000000,0.72],[1508083200000,0.75],[1508169600000,0.76],[1508256000000,0.77],[1508342400000,0.78],[1508428800000,0.79],[1508688000000,0.82],[1508774400000,0.83],[1508860800000,0.84],[1508947200000,0.85],[1509033600000,0.86],[1509292800000,0.90],[1509379200000,0.91],[1509465600000,0.92],[1509552000000,0.93],[1509638400000,0.94],[1509897600000,0.97],[1509984000000,0.98],[1510070400000,0.99],[1510156800000,1.00],[1510243200000,1.01],[1510502400000,1.04],[1510588800000,1.06],[1510675200000,1.07],[1510761600000,1.08],[1510848000000,1.09],[1511107200000,1.12],[1511193600000,1.13],[1511280000000,1.14],[1511366400000,1.15],[1511452800000,1.16],[1511712000000,1.20],[1511798400000,1.21],[1511884800000,1.22],[1511971200000,1.23],[1512057600000,1.24],[1512316800000,1.28],[1512403200000,1.29],[1512489600000,1.30],[1512576000000,1.31],[1512662400000,1.32],[1512921600000,1.35],[1513008000000,1.36],[1513094400000,1.38],[1513180800000,1.39],[1513267200000,1.40],[1513526400000,1.43],[1513612800000,1.44],[1513699200000,1.46],[1513785600000,1.47],[1513872000000,1.48],[1514131200000,1.51],[1514217600000,1.53],[1514304000000,1.54],[1514390400000,1.55],[1514476800000,1.57],[1514822400000,1.62],[1514908800000,1.64],[1514995200000,1.65],[1515081600000,1.66],[1515340800000,1.69],[1515427200000,1.71],[1515513600000,1.72],[1515600000000,1.73],[1515686400000,1.74],[1515945600000,1.77],[1516032000000,1.79],[1516118400000,1.80],[1516204800000,1.81],[1516291200000,1.82],[1516550400000,1.86],[1516636800000,1.87],[1516723200000,1.88],[1516809600000,1.89],[1516896000000,1.90],[1517155200000,1.94],[1517241600000,1.95],[1517328000000,1.96],[1517414400000,1.97],[1517500800000,1.98],[1517760000000,2.02],[1517846400000,2.03]]},{"name":"沪深300","data":[[1502035200000,0],[1502121600000,0.15],[1502208000000,0.11],[1502294400000,-0.29],[1502380800000,-2.13],[1502640000000,-0.86],[1502726400000,-0.56],[1502812800000,-0.68],[1502899200000,-0.15],[1502985600000,-0.06],[1503244800000,0.38],[1503331200000,0.68],[1503417600000,0.79],[1503504000000,0.21],[1503590400000,1.85],[1503849600000,3.11],[1503936000000,2.89],[1504022400000,2.88],[1504108800000,2.56],[1504195200000,2.78],[1504454400000,3.19],[1504540800000,3.50],[1504627200000,3.29],[1504713600000,2.77],[1504800000000,2.66],[1505059200000,2.65],[1505145600000,2.98],[1505232000000,3.11],[1505318400000,2.77],[1505404800000,2.80],[1505664000000,3.12],[1505750400000,2.83],[1505836800000,3.10],[1505923200000,2.98],[1506009600000,2.98],[1506268800000,2.44],[1506355200000,2.52],[1506441600000,2.53],[1506528000000,2.57],[1506614400000,2.94],[1507478400000,4.17],[1507564800000,4.38],[1507651200000,4.72],[1507737600000,5.00],[1507824000000,5.21],[1508083200000,5.01],[1508169600000,5.00],[1508256000000,5.83],[1508342400000,5.49],[1508428800000,5.37],[1508688000000,5.47],[1508774400000,6.24],[1508860800000,6.71],[1508947200000,7.16],[1509033600000,7.92],[1509292800000,7.59],[1509379200000,7.51],[1509465600000,7.24],[1509552000000,7.25],[1509638400000,7.13],[1509897600000,7.89],[1509984000000,8.79],[1510070400000,8.62],[1510156800000,9.37],[1510243200000,10.33],[1510502400000,10.77],[1510588800000,10.00],[1510675200000,9.31],[1510761600000,10.15],[1510848000000,10.57],[1511107200000,11.19],[1511193600000,13.17],[1511280000000,13.44],[1511366400000,10.08],[1511452800000,10.13],[1511712000000,8.67],[1511798400000,8.83],[1511884800000,8.77],[1511971200000,7.49],[1512057600000,7.28],[1512316800000,7.84],[1512403200000,8.41],[1512489600000,7.76],[1512576000000,6.55],[1512662400000,7.42],[1512921600000,9.20],[1513008000000,7.76],[1513094400000,8.67],[1513180800000,8.03],[1513267200000,6.82],[1513526400000,6.94],[1513612800000,8.28],[1513699200000,8.15],[1513785600000,9.15],[1513872000000,8.80],[1514131200000,8.45],[1514217600000,8.77],[1514304000000,7.09],[1514390400000,7.84],[1514476800000,8.16],[1514822400000,9.68],[1514908800000,10.32],[1514995200000,10.79],[1515081600000,11.05],[1515340800000,11.63],[1515427200000,12.41],[1515513600000,12.91],[1515600000000,12.85],[1515686400000,13.37],[1515945600000,13.37],[1516032000000,14.27],[1516118400000,13.99],[1516204800000,14.61],[1516291200000,14.99],[1516550400000,16.36],[1516636800000,17.60],[1516723200000,17.79],[1516809600000,17.13],[1516896000000,17.56],[1517155200000,15.43],[1517241600000,14.20],[1517328000000,14.73],[1517414400000,13.93],[1517500800000,14.61],[1517760000000,14.69],[1517846400000,11.33]]}];
/*同类排名*/
var Data_rateInSimilarType = [{"x":1488124800000,"y":8,"sc":"503"},{"x":1488211200000,"y":7,"sc":"503"},{"x":1488297600000,"y":7,"sc":"503"},{"x":1488384000000,"y":7,"sc":"511"},{"x":1488470400000,"y":7,"sc":"511"},{"x":1488729600000,"y":4,"sc":"513"},{"x":1488816000000,"y":4,"sc":"515"},{"x":1488902400000,"y":4,"sc":"516"},{"x":1488988800000,"y":4,"sc":"518"},{"x":1489075200000,"y":4,"sc":"518"},{"x":1489334400000,"y":4,"sc":"518"},{"x":1489420800000,"y":4,"sc":"518"},{"x":1489507200000,"y":4,"sc":"518"},{"x":1489593600000,"y":4,"sc":"520"},{"x":1489680000000,"y":4,"sc":"520"},{"x":1489939200000,"y":3,"sc":"522"},{"x":1490025600000,"y":3,"sc":"522"},{"x":1490112000000,"y":3,"sc":"524"},{"x":1490198400000,"y":3,"sc":"530"},{"x":1490284800000,"y":3,"sc":"530"},{"x":1490544000000,"y":1,"sc":"534"},{"x":1490630400000,"y":1,"sc":"535"},{"x":1490716800000,"y":1,"sc":"535"},{"x":1490803200000,"y":1,"sc":"538"},{"x":1490889600000,"y":1,"sc":"538"},{"x":1491321600000,"y":1,"sc":"538"},{"x":1491408000000,"y":1,"sc":"540"},{"x":1491494400000,"y":1,"sc":"540"},{"x":1491753600000,"y":1,"sc":"540"},{"x":1491840000000,"y":1,"sc":"540"},{"x":1491926400000,"y":1,"sc":"540"},{"x":1492012800000,"y":1,"sc":"541"},{"x":1492099200000,"y":1,"sc":"541"},{"x":1492358400000,"y":1,"sc":"543"},{"x":1492444800000,"y":1,"sc":"543"},{"x":1492531200000,"y":1,"sc":"543"},{"x":1492617600000,"y":1,"sc":"545"},{"x":1492704000000,"y":1,"sc":"545"},{"x":1492963200000,"y":1,"sc":"545"},{"x":1493049600000,"y":1,"sc":"547"},{"x":1493136000000,"y":1,"sc":"549"},{"x":1493222400000,"y":1,"sc":"549"},{"x":1493308800000,"y":1,"sc":"549"},{"x":1493654400000,"y":1,"sc":"549"},{"x":1493740800000,"y":1,"sc":"550"},{"x":1493827200000,"y":1,"sc":"550"},{"x":1493913600000,"y":1,"sc":"550"},{"x":1494172800000,"y":1,"sc":"550"},{"x":1494259200000,"y":1,"sc":"550"},{"x":1494345600000,"y":1,"sc":"550"},{"x":1494432000000,"y":1,"sc":"550"},{"x":1494518400000,"y":1,"sc":"550"},{"x":1494777600000,"y":1,"sc":"554"},{"x":1494864000000,"y":1,"sc":"556"},{"x":1494950400000,"y":1,"sc":"560"},{"x":1495036800000,"y":1,"sc":"560"},{"x":1495123200000,"y":1,"sc":"560"},{"x":1495382400000,"y":1,"sc":"560"},{"x":1495468800000,"y":1,"sc":"562"},{"x":1495555200000,"y":1,"sc":"564"},{"x":1495641600000,"y":1,"sc":"564"},{"x":1495728000000,"y":1,"sc":"564"},{"x":1496160000000,"y":2,"sc":"564"},{"x":1496246400000,"y":2,"sc":"564"},{"x":1496332800000,"y":2,"sc":"564"},{"x":1496592000000,"y":2,"sc":"566"},{"x":1496678400000,"y":2,"sc":"566"},{"x":1496764800000,"y":2,"sc":"566"},{"x":1496851200000,"y":2,"sc":"566"},{"x":1496937600000,"y":2,"sc":"566"},{"x":1497196800000,"y":2,"sc":"574"},{"x":1497283200000,"y":2,"sc":"574"},{"x":1497369600000,"y":2,"sc":"575"},{"x":1497456000000,"y":2,"sc":"575"},{"x":1497542400000,"y":2,"sc":"575"},{"x":1497801600000,"y":2,"sc":"577"},{"x":1497888000000,"y":2,"sc":"577"},{"x":1497974400000,"y":3,"sc":"575"},{"x":1498060800000,"y":3,"sc":"575"},{"x":1498147200000,"y":3,"sc":"576"},{"x":1498406400000,"y":3,"sc":"579"},{"x":1498492800000,"y":4,"sc":"579"},{"x":1498579200000,"y":3,"sc":"579"},{"x":1498665600000,"y":3,"sc":"579"},{"x":1498752000000,"y":3,"sc":"582"},{"x":1499011200000,"y":3,"sc":"582"},{"x":1499097600000,"y":3,"sc":"582"},{"x":1499184000000,"y":3,"sc":"583"},{"x":1499270400000,"y":3,"sc":"583"},{"x":1499356800000,"y":3,"sc":"583"},{"x":1499616000000,"y":2,"sc":"583"},{"x":1499702400000,"y":2,"sc":"583"},{"x":1499788800000,"y":3,"sc":"583"},{"x":1499875200000,"y":3,"sc":"583"},{"x":1499961600000,"y":3,"sc":"586"},{"x":1500220800000,"y":3,"sc":"586"},{"x":1500307200000,"y":3,"sc":"586"},{"x":1500393600000,"y":3,"sc":"589"},{"x":1500480000000,"y":3,"sc":"589"},{"x":1500566400000,"y":3,"sc":"593"},{"x":1500825600000,"y":3,"sc":"593"},{"x":1500912000000,"y":3,"sc":"593"},{"x":1500998400000,"y":3,"sc":"594"},{"x":1501084800000,"y":3,"sc":"594"},{"x":1501171200000,"y":3,"sc":"594"},{"x":1501430400000,"y":2,"sc":"594"},{"x":1501516800000,"y":3,"sc":"594"},{"x":1501603200000,"y":3,"sc":"594"},{"x":1501689600000,"y":3,"sc":"594"},{"x":1501776000000,"y":3,"sc":"594"},{"x":1502035200000,"y":3,"sc":"596"},{"x":1502121600000,"y":3,"sc":"596"},{"x":1502208000000,"y":3,"sc":"596"},{"x":1502294400000,"y":3,"sc":"596"},{"x":1502380800000,"y":3,"sc":"596"},{"x":1502640000000,"y":3,"sc":"596"},{"x":1502726400000,"y":4,"sc":"596"},{"x":1502812800000,"y":5,"sc":"596"},{"x":1502899200000,"y":5,"sc":"596"},{"x":1502985600000,"y":5,"sc":"596"},{"x":1503244800000,"y":5,"sc":"597"},{"x":1503331200000,"y":5,"sc":"597"},{"x":1503417600000,"y":5,"sc":"597"},{"x":1503504000000,"y":5,"sc":"596"},{"x":1503590400000,"y":5,"sc":"596"},{"x":1503849600000,"y":4,"sc":"600"},{"x":1503936000000,"y":4,"sc":"600"},{"x":1504022400000,"y":8,"sc":"600"},{"x":1504108800000,"y":6,"sc":"601"},{"x":1504195200000,"y":8,"sc":"601"},{"x":1504454400000,"y":11,"sc":"601"},{"x":1504540800000,"y":11,"sc":"601"},{"x":1504627200000,"y":11,"sc":"601"},{"x":1504713600000,"y":11,"sc":"601"},{"x":1504800000000,"y":11,"sc":"601"},{"x":1505059200000,"y":11,"sc":"603"},{"x":1505145600000,"y":10,"sc":"603"},{"x":1505232000000,"y":10,"sc":"603"},{"x":1505318400000,"y":10,"sc":"605"},{"x":1505404800000,"y":10,"sc":"605"},{"x":1505664000000,"y":10,"sc":"606"},{"x":1505750400000,"y":10,"sc":"606"},{"x":1505836800000,"y":10,"sc":"603"},{"x":1505923200000,"y":9,"sc":"603"},{"x":1506009600000,"y":10,"sc":"603"},{"x":1506268800000,"y":10,"sc":"603"},{"x":1506355200000,"y":9,"sc":"603"},{"x":1506441600000,"y":8,"sc":"604"},{"x":1506528000000,"y":8,"sc":"604"},{"x":1506614400000,"y":8,"sc":"606"},{"x":1507478400000,"y":9,"sc":"606"},{"x":1507564800000,"y":9,"sc":"607"},{"x":1507651200000,"y":9,"sc":"607"},{"x":1507737600000,"y":9,"sc":"611"},{"x":1507824000000,"y":9,"sc":"611"},{"x":1508083200000,"y":9,"sc":"612"},{"x":1508169600000,"y":9,"sc":"612"},{"x":1508256000000,"y":10,"sc":"611"},{"x":1508342400000,"y":10,"sc":"611"},{"x":1508428800000,"y":10,"sc":"611"},{"x":1508688000000,"y":9,"sc":"606"},{"x":1508774400000,"y":9,"sc":"606"},{"x":1508860800000,"y":9,"sc":"607"},{"x":1508947200000,"y":9,"sc":"607"},{"x":1509033600000,"y":9,"sc":"607"},{"x":1509292800000,"y":12,"sc":"609"},{"x":1509379200000,"y":12,"sc":"610"},{"x":1509465600000,"y":12,"sc":"610"},{"x":1509552000000,"y":12,"sc":"613"},{"x":1509638400000,"y":12,"sc":"617"},{"x":1509897600000,"y":11,"sc":"621"},{"x":1509984000000,"y":11,"sc":"621"},{"x":1510070400000,"y":11,"sc":"621"},{"x":1510156800000,"y":11,"sc":"623"},{"x":1510243200000,"y":12,"sc":"623"},{"x":1510502400000,"y":12,"sc":"633"},{"x":1510588800000,"y":12,"sc":"635"},{"x":1510675200000,"y":12,"sc":"635"},{"x":1510761600000,"y":12,"sc":"635"},{"x":1510848000000,"y":13,"sc":"636"},{"x":1511107200000,"y":16,"sc":"636"},{"x":1511193600000,"y":15,"sc":"636"},{"x":1511280000000,"y":15,"sc":"636"},{"x":1511366400000,"y":15,"sc":"636"},{"x":1511452800000,"y":16,"sc":"637"},{"x":1511712000000,"y":17,"sc":"640"},{"x":1511798400000,"y":14,"sc":"640"},{"x":1511884800000,"y":15,"sc":"640"},{"x":1511971200000,"y":15,"sc":"641"},{"x":1512057600000,"y":16,"sc":"643"},{"x":1512316800000,"y":15,"sc":"643"},{"x":1512403200000,"y":15,"sc":"643"},{"x":1512489600000,"y":15,"sc":"643"},{"x":1512576000000,"y":15,"sc":"644"},{"x":1512662400000,"y":15,"sc":"652"},{"x":1512921600000,"y":19,"sc":"652"},{"x":1513008000000,"y":20,"sc":"653"},{"x":1513094400000,"y":20,"sc":"653"},{"x":1513180800000,"y":20,"sc":"654"},{"x":1513267200000,"y":20,"sc":"656"},{"x":1513526400000,"y":21,"sc":"656"},{"x":1513612800000,"y":20,"sc":"656"},{"x":1513699200000,"y":20,"sc":"656"},{"x":1513785600000,"y":20,"sc":"655"},{"x":1513872000000,"y":20,"sc":"655"},{"x":1514131200000,"y":19,"sc":"655"},{"x":1514217600000,"y":18,"sc":"655"},{"x":1514304000000,"y":20,"sc":"654"},{"x":1514390400000,"y":20,"sc":"655"},{"x":1514476800000,"y":20,"sc":"655"},{"x":1514822400000,"y":21,"sc":"655"},{"x":1514908800000,"y":22,"sc":"655"},{"x":1514995200000,"y":20,"sc":"655"},{"x":1515081600000,"y":19,"sc":"655"},{"x":1515340800000,"y":17,"sc":"655"},{"x":1515427200000,"y":17,"sc":"655"},{"x":1515513600000,"y":15,"sc":"656"},{"x":1515600000000,"y":14,"sc":"657"},{"x":1515686400000,"y":16,"sc":"657"},{"x":1515945600000,"y":15,"sc":"657"},{"x":1516032000000,"y":14,"sc":"657"},{"x":1516118400000,"y":15,"sc":"657"},{"x":1516204800000,"y":15,"sc":"657"},{"x":1516291200000,"y":14,"sc":"657"},{"x":1516550400000,"y":16,"sc":"657"},{"x":1516636800000,"y":15,"sc":"657"},{"x":1516723200000,"y":15,"sc":"657"},{"x":1516809600000,"y":16,"sc":"657"},{"x":1516896000000,"y":16,"sc":"655"},{"x":1517155200000,"y":17,"sc":"656"},{"x":1517241600000,"y":17,"sc":"656"},{"x":1517328000000,"y":19,"sc":"656"},{"x":1517414400000,"y":18,"sc":"656"},{"x":1517500800000,"y":18,"sc":"656"},{"x":1517760000000,"y":17,"sc":"656"},{"x":1517846400000,"y":19,"sc":"656"}];
/*百分比排名*/
var Data_rateInSimilarPersent = [[1488124800000,98.4100],[1488211200000,98.6100],[1488297600000,98.6100],[1488384000000,98.6300],[1488470400000,98.6300],[1488729600000,99.2200],[1488816000000,99.2200],[1488902400000,99.2200],[1488988800000,99.2300],[1489075200000,99.2300],[1489334400000,99.2300],[1489420800000,99.2300],[1489507200000,99.2300],[1489593600000,99.2300],[1489680000000,99.2300],[1489939200000,99.4300],[1490025600000,99.4300],[1490112000000,99.4300],[1490198400000,99.4300],[1490284800000,99.4300],[1490544000000,99.8100],[1490630400000,99.8100],[1490716800000,99.8100],[1490803200000,99.8100],[1490889600000,99.8100],[1491321600000,99.8100],[1491408000000,99.8100],[1491494400000,99.8100],[1491753600000,99.8100],[1491840000000,99.8100],[1491926400000,99.8100],[1492012800000,99.8200],[1492099200000,99.8200],[1492358400000,99.8200],[1492444800000,99.8200],[1492531200000,99.8200],[1492617600000,99.8200],[1492704000000,99.8200],[1492963200000,99.8200],[1493049600000,99.8200],[1493136000000,99.8200],[1493222400000,99.8200],[1493308800000,99.8200],[1493654400000,99.8200],[1493740800000,99.8200],[1493827200000,99.8200],[1493913600000,99.8200],[1494172800000,99.8200],[1494259200000,99.8200],[1494345600000,99.8200],[1494432000000,99.8200],[1494518400000,99.8200],[1494777600000,99.8200],[1494864000000,99.8200],[1494950400000,99.8200],[1495036800000,99.8200],[1495123200000,99.8200],[1495382400000,99.8200],[1495468800000,99.8200],[1495555200000,99.8200],[1495641600000,99.8200],[1495728000000,99.8200],[1496160000000,99.6500],[1496246400000,99.6500],[1496332800000,99.6500],[1496592000000,99.6500],[1496678400000,99.6500],[1496764800000,99.6500],[1496851200000,99.6500],[1496937600000,99.6500],[1497196800000,99.6500],[1497283200000,99.6500],[1497369600000,99.6500],[1497456000000,99.6500],[1497542400000,99.6500],[1497801600000,99.6500],[1497888000000,99.6500],[1497974400000,99.4800],[1498060800000,99.4800],[1498147200000,99.4800],[1498406400000,99.4800],[1498492800000,99.3100],[1498579200000,99.4800],[1498665600000,99.4800],[1498752000000,99.4800],[1499011200000,99.4800],[1499097600000,99.4800],[1499184000000,99.4900],[1499270400000,99.4900],[1499356800000,99.4900],[1499616000000,99.6600],[1499702400000,99.6600],[1499788800000,99.4900],[1499875200000,99.4900],[1499961600000,99.4900],[1500220800000,99.4900],[1500307200000,99.4900],[1500393600000,99.4900],[1500480000000,99.4900],[1500566400000,99.4900],[1500825600000,99.4900],[1500912000000,99.4900],[1500998400000,99.4900],[1501084800000,99.4900],[1501171200000,99.4900],[1501430400000,99.6600],[1501516800000,99.4900],[1501603200000,99.4900],[1501689600000,99.4900],[1501776000000,99.4900],[1502035200000,99.5000],[1502121600000,99.5000],[1502208000000,99.5000],[1502294400000,99.5000],[1502380800000,99.5000],[1502640000000,99.5000],[1502726400000,99.3300],[1502812800000,99.1600],[1502899200000,99.1600],[1502985600000,99.1600],[1503244800000,99.1600],[1503331200000,99.1600],[1503417600000,99.1600],[1503504000000,99.1600],[1503590400000,99.1600],[1503849600000,99.3300],[1503936000000,99.3300],[1504022400000,98.6700],[1504108800000,99.00],[1504195200000,98.6700],[1504454400000,98.1700],[1504540800000,98.1700],[1504627200000,98.1700],[1504713600000,98.1700],[1504800000000,98.1700],[1505059200000,98.1800],[1505145600000,98.3400],[1505232000000,98.3400],[1505318400000,98.3500],[1505404800000,98.3500],[1505664000000,98.3500],[1505750400000,98.3500],[1505836800000,98.3400],[1505923200000,98.5100],[1506009600000,98.3400],[1506268800000,98.3400],[1506355200000,98.5100],[1506441600000,98.6800],[1506528000000,98.6800],[1506614400000,98.6800],[1507478400000,98.5100],[1507564800000,98.5200],[1507651200000,98.5200],[1507737600000,98.5300],[1507824000000,98.5300],[1508083200000,98.5300],[1508169600000,98.5300],[1508256000000,98.3600],[1508342400000,98.3600],[1508428800000,98.3600],[1508688000000,98.5100],[1508774400000,98.5100],[1508860800000,98.5200],[1508947200000,98.5200],[1509033600000,98.5200],[1509292800000,98.0300],[1509379200000,98.0300],[1509465600000,98.0300],[1509552000000,98.0400],[1509638400000,98.0600],[1509897600000,98.2300],[1509984000000,98.2300],[1510070400000,98.2300],[1510156800000,98.2300],[1510243200000,98.0700],[1510502400000,98.1000],[1510588800000,98.1100],[1510675200000,98.1100],[1510761600000,98.1100],[1510848000000,97.9600],[1511107200000,97.4800],[1511193600000,97.6400],[1511280000000,97.6400],[1511366400000,97.6400],[1511452800000,97.4900],[1511712000000,97.3400],[1511798400000,97.8100],[1511884800000,97.6600],[1511971200000,97.6600],[1512057600000,97.5100],[1512316800000,97.6700],[1512403200000,97.6700],[1512489600000,97.6700],[1512576000000,97.6700],[1512662400000,97.7000],[1512921600000,97.0900],[1513008000000,96.9400],[1513094400000,96.9400],[1513180800000,96.9400],[1513267200000,96.9500],[1513526400000,96.8000],[1513612800000,96.9500],[1513699200000,96.9500],[1513785600000,96.9500],[1513872000000,96.9500],[1514131200000,97.1000],[1514217600000,97.2500],[1514304000000,96.9400],[1514390400000,96.9500],[1514476800000,96.9500],[1514822400000,96.7900],[1514908800000,96.6400],[1514995200000,96.9500],[1515081600000,97.1000],[1515340800000,97.4000],[1515427200000,97.4000],[1515513600000,97.7100],[1515600000000,97.8700],[1515686400000,97.5600],[1515945600000,97.7200],[1516032000000,97.8700],[1516118400000,97.7200],[1516204800000,97.7200],[1516291200000,97.8700],[1516550400000,97.5600],[1516636800000,97.7200],[1516723200000,97.7200],[1516809600000,97.5600],[1516896000000,97.5600],[1517155200000,97.4100],[1517241600000,97.4100],[1517328000000,97.1000],[1517414400000,97.2600],[1517500800000,97.2600],[1517760000000,97.4100],[1517846400000,97.1000]];
/*规模变动*/
var Data_fluctuationScale = {"categories":["2016-12-31","2017-03-31","2017-06-30","2017-09-30","2017-12-31"],"series":[{"y":71.61,"mom":"257.65%"},{"y":82.66,"mom":"15.44%"},{"y":124.22,"mom":"50.27%"},{"y":222.19,"mom":"78.87%"},{"y":251.78,"mom":"13.32%"}]};;
/*持有人结构*/
var Data_holderStructure = {"series":[{"name":"机构持有比例","data":[97.42]},{"name":"个人持有比例","data":[2.58]},{"name":"内部持有比例","data":[0.0]}],"categories":["2017-06-30"]};
/*申购赎回*/
var Data_assetAllocation ={"series":[{"name":"期间申购","data":[29.12,74.85,131.99,174.31]},{"name":"期间赎回","data":[18.06,33.30,34.02,144.72]},{"name":"总份额","data":[82.66,124.22,222.19,251.78]}],"categories":["2017-03-31","2017-06-30","2017-09-30","2017-12-31"]};
/*现任基金经理*/
var Data_currentFundManager = [{"id":"30461321","pic":"https://pdf.dfcfw.com/pdf/H8_PNG30461321_1.jpg","name":"沈潼","star":3,"workTime":"1年又291天","fundSize":"291.86亿(23只基金)","power":{"avr":"44.64","categories":["经验值","收益率","抗风险","稳定性","择时能力"],"dsc":["反映基金经理从业年限和管理基金的经验","根据基金经理投资的阶段收益评分，反映\u003cbr\u003e基金经理投资的盈利能力","反映基金经理投资的回撤控制能力","反映基金经理投资收益的波动","反映基金经理根据对市场的判断，通过\u003cbr\u003e调整仓位及配置而跑赢业绩的基准能力"],"data":[32.50,20.0,96.0,98.70,20.90],"jzrq":"2018-02-06"},"profit":{"categories":["任期收益","同类平均","沪深300"],"series":[{"data":[{"name":null,"color":"#7cb5ec","y":5.479},{"name":null,"color":"#414c7b","y":4.56},{"name":null,"color":"#f7a35c","y":19.62}]}],"jzrq":"2018-02-06"}},{"id":"30299153","pic":"https://pdf.dfcfw.com/pdf/H8_GIF30299153_1.jpg","name":"李倩","star":2,"workTime":"3年又110天","fundSize":"450.25亿(20只基金)","power":{"avr":"34.32","categories":["经验值","收益率","抗风险","稳定性","管理规模"],"dsc":["反映基金经理从业年限和管理基金的经验","根据基金经理投资的阶段收益评分，反映\u003cbr\u003e基金经理投资的盈利能力","反映基金经理投资的回撤控制能力","反映基金经理投资收益的波动","根据基金经理现任管理基金资产规模评分"],"data":[58.60,18.60,23.80,46.60,65.80],"jzrq":"2018-02-06"},"profit":{"categories":["任期收益","同类平均"],"series":[{"data":[{"name":null,"color":"#7cb5ec","y":2.0823},{"name":null,"color":"#414c7b","y":1.85}]}],"jzrq":"2018-02-06"}}] ;
/*同类型基金涨幅榜（页面底部通栏）*/
var swithSameType = [['002895_华夏天利货币B_5.8750','002894_华夏天利货币A_5.6210','004398_融通现金宝货币B_5.3370','000902_国开货币B_5.3360','001478_泰康薪意保货币B_5.1400'],['002895_华夏天利货币B_5.26','004973_长城收益宝货币B_5.08','004904_人保货币B_5.05','002884_华润元大现金通货币B_5.01','002894_华夏天利货币A_5.01'],['004973_长城收益宝货币B_5.05','004770_海富通添益货币A_4.99','002884_华润元大现金通货币B_4.99','005151_红土创新优淳货币B_4.90','002895_华夏天利货币B_4.89'],['004770_海富通添益货币A_5.39','004973_长城收益宝货币B_5.13','002884_华润元大现金通货币B_5.03','002895_华夏天利货币B_5.03','004398_融通现金宝货币B_5.01'],['003679_中融现金增利货币C_4.67','003474_南方天天利货币B_4.55','000836_国投瑞银钱多宝货币A_4.52','000837_国投瑞银钱多宝货币I_4.52','003753_工银如意货币B_4.51']];