/**
 * 测试数据
 * @type {arry}
 */
/*2018-02-07 17:59:14*/
//基金或股票信息
var fS_name = "太平日日金货币A";
var fS_code = "003398";
var fund_minsg="100";
var ishb=true;
/*原费率*/
var fund_sourceRate="0";
/*现费率*/
var fund_Rate="0";
/*最小申购金额*/
var fund_minsg="100";
/*收益率*/
/*近一年收益率*/
var syl_1n="3.7428";
/*近6月收益率*/
var syl_6y="1.9356";
/*近三月收益率*/
var syl_3y="0.9934";
/*近一月收益率*/
var syl_1y="0.3357";
/* 基金收益走势图 每万份收益*/
var Data_millionCopiesIncome = [[1478188800000,1.9708],[1478620800000,0.4363],[1478707200000,0.3683],[1478793600000,0.4232],[1478966400000,1.0235],[1479052800000,0.5004],[1479139200000,0.5016],[1479225600000,0.4971],[1479312000000,0.5093],[1479398400000,0.591],[1479571200000,1.3573],[1479657600000,0.594],[1479744000000,0.6354],[1479830400000,0.6255],[1479916800000,0.6223],[1480003200000,0.6831],[1480176000000,1.2028],[1480262400000,0.6013],[1480348800000,0.6337],[1480435200000,0.7134],[1480521600000,0.7256],[1480608000000,0.6758],[1480780800000,1.3146],[1480867200000,0.6423],[1480953600000,0.6732],[1481040000000,0.6802],[1481126400000,0.6859],[1481212800000,0.6834],[1481385600000,1.2694],[1481472000000,0.6915],[1481558400000,0.7128],[1481644800000,0.7163],[1481731200000,0.7275],[1481817600000,0.7598],[1481990400000,1.4876],[1482076800000,0.8342],[1482163200000,0.8949],[1482249600000,0.9308],[1482336000000,0.9122],[1482422400000,0.9223],[1482595200000,1.8284],[1482681600000,0.897],[1482768000000,0.9398],[1482854400000,0.9422],[1482940800000,1.0215],[1483027200000,0.9553],[1483113600000,0.9019],[1483286400000,1.803],[1483372800000,0.6247],[1483459200000,0.4871],[1483545600000,0.7366],[1483632000000,0.7385],[1483804800000,1.6174],[1483891200000,0.7744],[1483977600000,0.7848],[1484064000000,0.7165],[1484150400000,0.7101],[1484236800000,0.7134],[1484409600000,1.3281],[1484496000000,0.7472],[1484582400000,0.7433],[1484668800000,0.7765],[1484755200000,0.8158],[1484841600000,0.8075],[1485014400000,1.6407],[1485100800000,0.821],[1485187200000,0.8275],[1485273600000,0.8467],[1485360000000,0.8686],[1485964800000,5.8514],[1486051200000,0.8348],[1486224000000,1.6694],[1486310400000,0.832],[1486396800000,0.8004],[1486483200000,0.7675],[1486569600000,0.8245],[1486656000000,0.8507],[1486828800000,1.7019],[1486915200000,0.8558],[1487001600000,0.8486],[1487088000000,0.8461],[1487174400000,0.8854],[1487260800000,0.869],[1487433600000,1.7388],[1487520000000,0.883],[1487606400000,0.8931],[1487692800000,0.9035],[1487779200000,0.9169],[1487865600000,0.9165],[1488038400000,1.8428],[1488124800000,0.9014],[1488211200000,0.9388],[1488297600000,0.9042],[1488384000000,0.9432],[1488470400000,0.9838],[1488643200000,1.8886],[1488729600000,0.9417],[1488816000000,0.9007],[1488902400000,0.8949],[1488988800000,0.7223],[1489075200000,0.8068],[1489248000000,1.6215],[1489334400000,0.8278],[1489420800000,0.8228],[1489507200000,0.8412],[1489593600000,0.8922],[1489680000000,0.836],[1489852800000,1.7886],[1489939200000,0.8861],[1490025600000,0.9263],[1490112000000,0.9646],[1490198400000,0.92],[1490284800000,0.9066],[1490457600000,1.813],[1490544000000,0.9636],[1490630400000,1.0418],[1490716800000,1.1094],[1490803200000,1.5729],[1490889600000,1.2204],[1491235200000,4.7977],[1491321600000,0.9613],[1491408000000,0.8908],[1491494400000,0.948],[1491667200000,1.9538],[1491753600000,1.0792],[1491840000000,0.9598],[1491926400000,0.962],[1492012800000,0.9398],[1492099200000,0.8948],[1492272000000,1.8424],[1492358400000,0.9195],[1492444800000,0.9683],[1492531200000,0.9094],[1492617600000,0.9435],[1492704000000,1.0098],[1492876800000,1.8448],[1492963200000,0.9257],[1493049600000,0.9027],[1493136000000,0.926],[1493222400000,0.9386],[1493308800000,0.9334],[1493568000000,2.7732],[1493654400000,1.157],[1493740800000,1.3126],[1493827200000,0.9776],[1493913600000,0.9877],[1494086400000,1.9704],[1494172800000,0.9793],[1494259200000,0.9652],[1494345600000,0.9611],[1494432000000,0.9538],[1494518400000,0.9491],[1494691200000,1.8989],[1494777600000,0.9386],[1494864000000,0.9421],[1494950400000,0.9559],[1495036800000,1.2772],[1495123200000,0.9693],[1495296000000,1.9423],[1495382400000,0.979],[1495468800000,1.004],[1495555200000,0.9246],[1495641600000,1.0453],[1495728000000,1.1535],[1496073600000,3.8871],[1496160000000,1.0107],[1496246400000,0.9099],[1496332800000,0.8963],[1496505600000,1.9196],[1496592000000,0.844],[1496678400000,0.837],[1496764800000,0.6467],[1496851200000,0.4699],[1496937600000,0.7052],[1497110400000,1.4451],[1497196800000,0.5877],[1497283200000,0.704],[1497369600000,0.8628],[1497456000000,2.644],[1497542400000,0.9923],[1497715200000,1.9856],[1497801600000,0.9396],[1497888000000,0.9444],[1497974400000,0.9516],[1498060800000,1.1181],[1498147200000,1.4823],[1498320000000,2.1638],[1498406400000,1.0906],[1498492800000,1.4862],[1498579200000,1.1729],[1498665600000,1.1878],[1498752000000,0.8622],[1498924800000,1.942],[1499011200000,1.0322],[1499097600000,1.1476],[1499184000000,1.0528],[1499270400000,0.9623],[1499356800000,1.2054],[1499529600000,1.9172],[1499616000000,1.2374],[1499702400000,1.122],[1499788800000,0.9112],[1499875200000,0.932],[1499961600000,1.2329],[1500134400000,1.8681],[1500220800000,0.9297],[1500307200000,0.9548],[1500393600000,0.9699],[1500480000000,1.1785],[1500566400000,0.9482],[1500739200000,1.9225],[1500825600000,0.9629],[1500912000000,1.6313],[1500998400000,0.9713],[1501084800000,0.9215],[1501171200000,0.9223],[1501344000000,1.8449],[1501430400000,0.9295],[1501516800000,1.0477],[1501603200000,1.2167],[1501689600000,0.892],[1501776000000,0.8793],[1501948800000,1.7093],[1502035200000,0.8439],[1502121600000,1.1709],[1502208000000,1.0349],[1502294400000,0.9022],[1502380800000,0.9033],[1502553600000,1.8084],[1502640000000,0.9056],[1502726400000,1.2146],[1502812800000,0.954],[1502899200000,0.943],[1502985600000,0.9593],[1503158400000,1.9062],[1503244800000,0.958],[1503331200000,1.0384],[1503417600000,1.6421],[1503504000000,0.7184],[1503590400000,0.9852],[1503763200000,1.8901],[1503849600000,1.4495],[1503936000000,0.9563],[1504022400000,0.9649],[1504108800000,0.8996],[1504195200000,1.1388],[1504368000000,1.9424],[1504454400000,0.9863],[1504540800000,1.17],[1504627200000,0.9737],[1504713600000,0.9315],[1504800000000,1.0174],[1504972800000,1.8284],[1505059200000,0.937],[1505145600000,0.986],[1505232000000,1.0623],[1505318400000,1.3733],[1505404800000,0.9938],[1505577600000,1.9889],[1505664000000,1.0383],[1505750400000,0.9878],[1505836800000,1.0913],[1505923200000,1.1426],[1506009600000,0.9939],[1506182400000,1.9914],[1506268800000,1.1879],[1506355200000,1.0995],[1506441600000,1.0287],[1506528000000,1.1015],[1506614400000,1.055],[1507392000000,9.4215],[1507478400000,1.0425],[1507564800000,0.9918],[1507651200000,1.0522],[1507737600000,1.0211],[1507824000000,1.0078],[1507996800000,1.9078],[1508083200000,0.9659],[1508169600000,1.1992],[1508256000000,0.9577],[1508342400000,0.9525],[1508428800000,0.9477],[1508601600000,1.8954],[1508688000000,0.9462],[1508774400000,0.9448],[1508860800000,0.9465],[1508947200000,0.959],[1509033600000,0.942],[1509206400000,1.8532],[1509292800000,0.9441],[1509379200000,0.9787],[1509465600000,1.2846],[1509552000000,0.8508],[1509638400000,0.9409],[1509811200000,1.8836],[1509897600000,0.9416],[1509984000000,0.9157],[1510070400000,0.8585],[1510156800000,0.8874],[1510243200000,1.086],[1510416000000,1.7633],[1510502400000,1.003],[1510588800000,0.9089],[1510675200000,0.8182],[1510761600000,0.9457],[1510848000000,0.9494],[1511020800000,1.8991],[1511107200000,0.9524],[1511193600000,1.3244],[1511280000000,0.9028],[1511366400000,0.8919],[1511452800000,1.0701],[1511625600000,1.8061],[1511712000000,0.911],[1511798400000,1.3343],[1511884800000,0.9835],[1511971200000,1.0034],[1512057600000,1.0911],[1512230400000,2.0362],[1512316800000,1.2758],[1512403200000,1.0376],[1512489600000,1.1126],[1512576000000,1.0037],[1512662400000,1.7323],[1512835200000,1.9915],[1512921600000,1.0144],[1513008000000,1.1534],[1513094400000,0.9607],[1513180800000,0.9687],[1513267200000,0.9786],[1513440000000,1.9764],[1513526400000,1.7349],[1513612800000,1.0413],[1513699200000,1.0873],[1513785600000,1.0944],[1513872000000,1.556],[1514044800000,2.2559],[1514131200000,1.1594],[1514217600000,1.1868],[1514304000000,1.2442],[1514390400000,1.3316],[1514476800000,1.2669],[1514649600000,2.531],[1514736000000,1.2642],[1514822400000,1.274],[1514908800000,1.2281],[1514995200000,1.3495],[1515081600000,1.1801],[1515254400000,2.2445],[1515340800000,1.1806],[1515427200000,1.0573],[1515513600000,1.0593],[1515600000000,1.1318],[1515686400000,1.0592],[1515859200000,2.1171],[1515945600000,1.1773],[1516032000000,1.0787],[1516118400000,1.0762],[1516204800000,1.0949],[1516291200000,1.0914],[1516464000000,2.1834],[1516550400000,1.0984],[1516636800000,1.1025],[1516723200000,1.0774],[1516809600000,1.0506],[1516896000000,0.9824],[1517068800000,1.9472],[1517155200000,0.955],[1517241600000,0.9419],[1517328000000,0.882],[1517414400000,1.3287],[1517500800000,0.9228],[1517673600000,1.8468],[1517760000000,0.9188],[1517846400000,0.9162]];
/*基金收益走势图   7日年化收益率*/
var Data_sevenDaysYearIncome = [[1478188800000,7.458],[1478620800000,2.558],[1478707200000,2.385],[1478793600000,1.562],[1478966400000,1.642],[1479052800000,1.676],[1479139200000,1.711],[1479225600000,1.743],[1479312000000,1.818],[1479398400000,1.907],[1479571200000,2.085],[1479657600000,2.134],[1479744000000,2.206],[1479830400000,2.274],[1479916800000,2.334],[1480003200000,2.383],[1480176000000,2.301],[1480262400000,2.305],[1480348800000,2.304],[1480435200000,2.351],[1480521600000,2.406],[1480608000000,2.402],[1480780800000,2.462],[1480867200000,2.484],[1480953600000,2.505],[1481040000000,2.487],[1481126400000,2.466],[1481212800000,2.47],[1481385600000,2.446],[1481472000000,2.472],[1481558400000,2.493],[1481644800000,2.513],[1481731200000,2.535],[1481817600000,2.576],[1481990400000,2.692],[1482076800000,2.769],[1482163200000,2.866],[1482249600000,2.982],[1482336000000,3.081],[1482422400000,3.168],[1482595200000,3.352],[1482681600000,3.386],[1482768000000,3.41],[1482854400000,3.416],[1482940800000,3.475],[1483027200000,3.493],[1483113600000,3.486],[1483286400000,3.482],[1483372800000,3.312],[1483459200000,3.067],[1483545600000,2.914],[1483632000000,2.798],[1483804800000,2.698],[1483891200000,2.63],[1483977600000,2.716],[1484064000000,2.839],[1484150400000,2.824],[1484236800000,2.811],[1484409600000,2.656],[1484496000000,2.641],[1484582400000,2.619],[1484668800000,2.651],[1484755200000,2.708],[1484841600000,2.758],[1485014400000,2.926],[1485100800000,2.966],[1485187200000,3.011],[1485273600000,3.048],[1485360000000,3.077],[1485964800000,3.098],[1486051200000,3.097],[1486224000000,3.096],[1486310400000,3.094],[1486396800000,3.075],[1486483200000,3.038],[1486569600000,3.032],[1486656000000,3.04],[1486828800000,3.058],[1486915200000,3.071],[1487001600000,3.097],[1487088000000,3.139],[1487174400000,3.172],[1487260800000,3.182],[1487433600000,3.201],[1487520000000,3.216],[1487606400000,3.24],[1487692800000,3.271],[1487779200000,3.288],[1487865600000,3.313],[1488038400000,3.369],[1488124800000,3.379],[1488211200000,3.404],[1488297600000,3.404],[1488384000000,3.419],[1488470400000,3.455],[1488643200000,3.48],[1488729600000,3.501],[1488816000000,3.481],[1488902400000,3.476],[1488988800000,3.357],[1489075200000,3.261],[1489248000000,3.118],[1489334400000,3.056],[1489420800000,3.015],[1489507200000,2.986],[1489593600000,3.077],[1489680000000,3.093],[1489852800000,3.183],[1489939200000,3.214],[1490025600000,3.27],[1490112000000,3.336],[1490198400000,3.351],[1490284800000,3.389],[1490457600000,3.402],[1490544000000,3.444],[1490630400000,3.506],[1490716800000,3.585],[1490803200000,3.938],[1490889600000,4.108],[1491235200000,4.641],[1491321600000,4.56],[1491408000000,4.189],[1491494400000,4.041],[1491667200000,3.8],[1491753600000,3.735],[1491840000000,3.605],[1491926400000,3.606],[1492012800000,3.632],[1492099200000,3.603],[1492272000000,3.543],[1492358400000,3.457],[1492444800000,3.462],[1492531200000,3.433],[1492617600000,3.435],[1492704000000,3.497],[1492876800000,3.499],[1492963200000,3.502],[1493049600000,3.467],[1493136000000,3.476],[1493222400000,3.473],[1493308800000,3.432],[1493568000000,3.433],[1493654400000,3.57],[1493740800000,3.779],[1493827200000,3.8],[1493913600000,3.83],[1494086400000,3.896],[1494172800000,3.925],[1494259200000,3.822],[1494345600000,3.631],[1494432000000,3.619],[1494518400000,3.598],[1494691200000,3.559],[1494777600000,3.537],[1494864000000,3.525],[1494950400000,3.522],[1495036800000,3.697],[1495123200000,3.708],[1495296000000,3.731],[1495382400000,3.753],[1495468800000,3.786],[1495555200000,3.769],[1495641600000,3.644],[1495728000000,3.744],[1496073600000,3.723],[1496160000000,3.769],[1496246400000,3.696],[1496332800000,3.557],[1496505600000,3.531],[1496592000000,3.469],[1496678400000,3.403],[1496764800000,3.207],[1496851200000,2.97],[1496937600000,2.868],[1497110400000,2.613],[1497196800000,2.476],[1497283200000,2.405],[1497369600000,2.521],[1497456000000,3.689],[1497542400000,3.845],[1497715200000,4.138],[1497801600000,4.329],[1497888000000,4.46],[1497974400000,4.508],[1498060800000,3.68],[1498147200000,3.945],[1498320000000,4.042],[1498406400000,4.124],[1498492800000,4.419],[1498579200000,4.539],[1498665600000,4.577],[1498752000000,4.24],[1498924800000,4.119],[1499011200000,4.087],[1499097600000,3.904],[1499184000000,3.839],[1499270400000,3.717],[1499356800000,3.903],[1499529600000,3.889],[1499616000000,4.0],[1499702400000,3.986],[1499788800000,3.91],[1499875200000,3.893],[1499961600000,3.908],[1500134400000,3.882],[1500220800000,3.715],[1500307200000,3.625],[1500393600000,3.656],[1500480000000,3.79],[1500566400000,3.636],[1500739200000,3.665],[1500825600000,3.683],[1500912000000,4.049],[1500998400000,4.05],[1501084800000,3.911],[1501171200000,3.897],[1501344000000,3.855],[1501430400000,3.837],[1501516800000,3.521],[1501603200000,3.654],[1501689600000,3.638],[1501776000000,3.615],[1501948800000,3.541],[1502035200000,3.495],[1502121600000,3.562],[1502208000000,3.464],[1502294400000,3.469],[1502380800000,3.482],[1502553600000,3.535],[1502640000000,3.569],[1502726400000,3.592],[1502812800000,3.549],[1502899200000,3.571],[1502985600000,3.601],[1503158400000,3.654],[1503244800000,3.682],[1503331200000,3.587],[1503417600000,3.959],[1503504000000,3.838],[1503590400000,3.852],[1503763200000,3.843],[1503849600000,4.109],[1503936000000,4.065],[1504022400000,3.698],[1504108800000,3.796],[1504195200000,3.879],[1504368000000,3.907],[1504454400000,3.657],[1504540800000,3.772],[1504627200000,3.777],[1504713600000,3.794],[1504800000000,3.729],[1504972800000,3.667],[1505059200000,3.64],[1505145600000,3.541],[1505232000000,3.589],[1505318400000,3.828],[1505404800000,3.815],[1505577600000,3.902],[1505664000000,3.957],[1505750400000,3.958],[1505836800000,3.974],[1505923200000,3.849],[1506009600000,3.849],[1506182400000,3.85],[1506268800000,3.931],[1506355200000,3.992],[1506441600000,3.958],[1506528000000,3.935],[1506614400000,3.968],[1507392000000,3.893],[1507478400000,3.89],[1507564800000,3.859],[1507651200000,3.861],[1507737600000,3.846],[1507824000000,3.824],[1507996800000,3.73],[1508083200000,3.688],[1508169600000,3.801],[1508256000000,3.749],[1508342400000,3.712],[1508428800000,3.68],[1508601600000,3.673],[1508688000000,3.662],[1508774400000,3.525],[1508860800000,3.519],[1508947200000,3.523],[1509033600000,3.519],[1509206400000,3.497],[1509292800000,3.496],[1509379200000,3.514],[1509465600000,3.696],[1509552000000,3.638],[1509638400000,3.637],[1509811200000,3.654],[1509897600000,3.652],[1509984000000,3.618],[1510070400000,3.388],[1510156800000,3.408],[1510243200000,3.486],[1510416000000,3.422],[1510502400000,3.455],[1510588800000,3.451],[1510675200000,3.429],[1510761600000,3.461],[1510848000000,3.387],[1511020800000,3.46],[1511107200000,3.433],[1511193600000,3.657],[1511280000000,3.703],[1511366400000,3.674],[1511452800000,3.739],[1511625600000,3.689],[1511712000000,3.667],[1511798400000,3.672],[1511884800000,3.716],[1511971200000,3.776],[1512057600000,3.787],[1512230400000,3.912],[1512316800000,4.11],[1512403200000,3.949],[1512489600000,4.019],[1512576000000,4.019],[1512662400000,4.367],[1512835200000,4.343],[1512921600000,4.201],[1513008000000,4.264],[1513094400000,4.181],[1513180800000,4.162],[1513267200000,3.754],[1513440000000,3.745],[1513526400000,4.136],[1513612800000,4.075],[1513699200000,4.144],[1513785600000,4.212],[1513872000000,4.526],[1514044800000,4.679],[1514131200000,4.365],[1514217600000,4.444],[1514304000000,4.53],[1514390400000,4.659],[1514476800000,4.501],[1514649600000,4.651],[1514736000000,4.709],[1514822400000,4.756],[1514908800000,4.747],[1514995200000,4.757],[1515081600000,4.71],[1515254400000,4.554],[1515340800000,4.508],[1515427200000,4.39],[1515513600000,4.298],[1515600000000,4.18],[1515686400000,4.114],[1515859200000,4.045],[1515945600000,4.043],[1516032000000,4.055],[1516118400000,4.064],[1516204800000,4.044],[1516291200000,4.062],[1516464000000,4.097],[1516550400000,4.055],[1516636800000,4.068],[1516723200000,4.068],[1516809600000,4.044],[1516896000000,3.985],[1517068800000,3.857],[1517155200000,3.78],[1517241600000,3.693],[1517328000000,3.587],[1517414400000,3.737],[1517500800000,3.705],[1517673600000,3.651],[1517760000000,3.631],[1517846400000,3.617]];
/*资产配置*/
var Data_assetAllocationCurrency ={"categories":["12-31","09-30","06-30","03-31"],"series":[{"name":"股票","data":[null,null,null,null]},{"name":"债券","data":[65.11,63.66,40.73,34.9]},{"name":"现金","data":[18.32,21.3,39.61,22.32]}]};
/*累计收益率走势*/
var Data_grandTotal = [{"name":"太平日日金货币A","data":[[1501948800000,0],[1502035200000,0.01],[1502121600000,0.02],[1502208000000,0.03],[1502294400000,0.04],[1502380800000,0.05],[1502553600000,0.07],[1502640000000,0.08],[1502726400000,0.09],[1502812800000,0.10],[1502899200000,0.11],[1502985600000,0.12],[1503158400000,0.14],[1503244800000,0.15],[1503331200000,0.16],[1503417600000,0.17],[1503504000000,0.18],[1503590400000,0.19],[1503763200000,0.21],[1503849600000,0.22],[1503936000000,0.23],[1504022400000,0.24],[1504108800000,0.25],[1504195200000,0.26],[1504368000000,0.28],[1504454400000,0.29],[1504540800000,0.30],[1504627200000,0.31],[1504713600000,0.32],[1504800000000,0.33],[1504972800000,0.35],[1505059200000,0.36],[1505145600000,0.37],[1505232000000,0.38],[1505318400000,0.39],[1505404800000,0.40],[1505577600000,0.42],[1505664000000,0.44],[1505750400000,0.45],[1505836800000,0.46],[1505923200000,0.47],[1506009600000,0.48],[1506182400000,0.50],[1506268800000,0.51],[1506355200000,0.52],[1506441600000,0.53],[1506528000000,0.54],[1506614400000,0.55],[1507392000000,0.65],[1507478400000,0.66],[1507564800000,0.67],[1507651200000,0.68],[1507737600000,0.69],[1507824000000,0.70],[1507996800000,0.72],[1508083200000,0.73],[1508169600000,0.74],[1508256000000,0.75],[1508342400000,0.76],[1508428800000,0.77],[1508601600000,0.79],[1508688000000,0.80],[1508774400000,0.81],[1508860800000,0.82],[1508947200000,0.83],[1509033600000,0.84],[1509206400000,0.85],[1509292800000,0.86],[1509379200000,0.87],[1509465600000,0.89],[1509552000000,0.90],[1509638400000,0.90],[1509811200000,0.92],[1509897600000,0.93],[1509984000000,0.94],[1510070400000,0.95],[1510156800000,0.96],[1510243200000,0.97],[1510416000000,0.99],[1510502400000,1.00],[1510588800000,1.01],[1510675200000,1.02],[1510761600000,1.03],[1510848000000,1.04],[1511020800000,1.05],[1511107200000,1.06],[1511193600000,1.08],[1511280000000,1.09],[1511366400000,1.10],[1511452800000,1.11],[1511625600000,1.12],[1511712000000,1.13],[1511798400000,1.15],[1511884800000,1.16],[1511971200000,1.17],[1512057600000,1.18],[1512230400000,1.20],[1512316800000,1.21],[1512403200000,1.22],[1512489600000,1.23],[1512576000000,1.24],[1512662400000,1.26],[1512835200000,1.28],[1512921600000,1.29],[1513008000000,1.30],[1513094400000,1.31],[1513180800000,1.32],[1513267200000,1.33],[1513440000000,1.35],[1513526400000,1.37],[1513612800000,1.38],[1513699200000,1.39],[1513785600000,1.40],[1513872000000,1.42],[1514044800000,1.44],[1514131200000,1.45],[1514217600000,1.47],[1514304000000,1.48],[1514390400000,1.49],[1514476800000,1.50],[1514649600000,1.53],[1514736000000,1.54],[1514822400000,1.56],[1514908800000,1.57],[1514995200000,1.58],[1515081600000,1.59],[1515254400000,1.62],[1515340800000,1.63],[1515427200000,1.64],[1515513600000,1.65],[1515600000000,1.66],[1515686400000,1.67],[1515859200000,1.69],[1515945600000,1.71],[1516032000000,1.72],[1516118400000,1.73],[1516204800000,1.74],[1516291200000,1.75],[1516464000000,1.77],[1516550400000,1.78],[1516636800000,1.80],[1516723200000,1.81],[1516809600000,1.82],[1516896000000,1.83],[1517068800000,1.85],[1517155200000,1.86],[1517241600000,1.87],[1517328000000,1.88],[1517414400000,1.89],[1517500800000,1.90],[1517673600000,1.92],[1517760000000,1.93],[1517846400000,1.94]]},{"name":"同类平均","data":[[1502035200000,0],[1502121600000,0.01],[1502208000000,0.02],[1502294400000,0.03],[1502380800000,0.04],[1502640000000,0.07],[1502726400000,0.08],[1502812800000,0.09],[1502899200000,0.10],[1502985600000,0.11],[1503244800000,0.14],[1503331200000,0.16],[1503417600000,0.17],[1503504000000,0.18],[1503590400000,0.19],[1503849600000,0.22],[1503936000000,0.23],[1504022400000,0.24],[1504108800000,0.25],[1504195200000,0.26],[1504454400000,0.29],[1504540800000,0.30],[1504627200000,0.31],[1504713600000,0.32],[1504800000000,0.34],[1505059200000,0.37],[1505145600000,0.38],[1505232000000,0.39],[1505318400000,0.40],[1505404800000,0.41],[1505664000000,0.44],[1505750400000,0.45],[1505836800000,0.46],[1505923200000,0.47],[1506009600000,0.48],[1506268800000,0.52],[1506355200000,0.53],[1506441600000,0.54],[1506528000000,0.55],[1506614400000,0.56],[1507478400000,0.67],[1507564800000,0.68],[1507651200000,0.69],[1507737600000,0.71],[1507824000000,0.72],[1508083200000,0.75],[1508169600000,0.76],[1508256000000,0.77],[1508342400000,0.78],[1508428800000,0.79],[1508688000000,0.82],[1508774400000,0.83],[1508860800000,0.84],[1508947200000,0.85],[1509033600000,0.86],[1509292800000,0.90],[1509379200000,0.91],[1509465600000,0.92],[1509552000000,0.93],[1509638400000,0.94],[1509897600000,0.97],[1509984000000,0.98],[1510070400000,0.99],[1510156800000,1.00],[1510243200000,1.01],[1510502400000,1.04],[1510588800000,1.06],[1510675200000,1.07],[1510761600000,1.08],[1510848000000,1.09],[1511107200000,1.12],[1511193600000,1.13],[1511280000000,1.14],[1511366400000,1.15],[1511452800000,1.16],[1511712000000,1.20],[1511798400000,1.21],[1511884800000,1.22],[1511971200000,1.23],[1512057600000,1.24],[1512316800000,1.28],[1512403200000,1.29],[1512489600000,1.30],[1512576000000,1.31],[1512662400000,1.32],[1512921600000,1.35],[1513008000000,1.36],[1513094400000,1.38],[1513180800000,1.39],[1513267200000,1.40],[1513526400000,1.43],[1513612800000,1.44],[1513699200000,1.46],[1513785600000,1.47],[1513872000000,1.48],[1514131200000,1.51],[1514217600000,1.53],[1514304000000,1.54],[1514390400000,1.55],[1514476800000,1.57],[1514822400000,1.62],[1514908800000,1.64],[1514995200000,1.65],[1515081600000,1.66],[1515340800000,1.69],[1515427200000,1.71],[1515513600000,1.72],[1515600000000,1.73],[1515686400000,1.74],[1515945600000,1.77],[1516032000000,1.79],[1516118400000,1.80],[1516204800000,1.81],[1516291200000,1.82],[1516550400000,1.86],[1516636800000,1.87],[1516723200000,1.88],[1516809600000,1.89],[1516896000000,1.90],[1517155200000,1.94],[1517241600000,1.95],[1517328000000,1.96],[1517414400000,1.97],[1517500800000,1.98],[1517760000000,2.02],[1517846400000,2.03]]},{"name":"沪深300","data":[[1502035200000,0],[1502121600000,0.15],[1502208000000,0.11],[1502294400000,-0.29],[1502380800000,-2.13],[1502640000000,-0.86],[1502726400000,-0.56],[1502812800000,-0.68],[1502899200000,-0.15],[1502985600000,-0.06],[1503244800000,0.38],[1503331200000,0.68],[1503417600000,0.79],[1503504000000,0.21],[1503590400000,1.85],[1503849600000,3.11],[1503936000000,2.89],[1504022400000,2.88],[1504108800000,2.56],[1504195200000,2.78],[1504454400000,3.19],[1504540800000,3.50],[1504627200000,3.29],[1504713600000,2.77],[1504800000000,2.66],[1505059200000,2.65],[1505145600000,2.98],[1505232000000,3.11],[1505318400000,2.77],[1505404800000,2.80],[1505664000000,3.12],[1505750400000,2.83],[1505836800000,3.10],[1505923200000,2.98],[1506009600000,2.98],[1506268800000,2.44],[1506355200000,2.52],[1506441600000,2.53],[1506528000000,2.57],[1506614400000,2.94],[1507478400000,4.17],[1507564800000,4.38],[1507651200000,4.72],[1507737600000,5.00],[1507824000000,5.21],[1508083200000,5.01],[1508169600000,5.00],[1508256000000,5.83],[1508342400000,5.49],[1508428800000,5.37],[1508688000000,5.47],[1508774400000,6.24],[1508860800000,6.71],[1508947200000,7.16],[1509033600000,7.92],[1509292800000,7.59],[1509379200000,7.51],[1509465600000,7.24],[1509552000000,7.25],[1509638400000,7.13],[1509897600000,7.89],[1509984000000,8.79],[1510070400000,8.62],[1510156800000,9.37],[1510243200000,10.33],[1510502400000,10.77],[1510588800000,10.00],[1510675200000,9.31],[1510761600000,10.15],[1510848000000,10.57],[1511107200000,11.19],[1511193600000,13.17],[1511280000000,13.44],[1511366400000,10.08],[1511452800000,10.13],[1511712000000,8.67],[1511798400000,8.83],[1511884800000,8.77],[1511971200000,7.49],[1512057600000,7.28],[1512316800000,7.84],[1512403200000,8.41],[1512489600000,7.76],[1512576000000,6.55],[1512662400000,7.42],[1512921600000,9.20],[1513008000000,7.76],[1513094400000,8.67],[1513180800000,8.03],[1513267200000,6.82],[1513526400000,6.94],[1513612800000,8.28],[1513699200000,8.15],[1513785600000,9.15],[1513872000000,8.80],[1514131200000,8.45],[1514217600000,8.77],[1514304000000,7.09],[1514390400000,7.84],[1514476800000,8.16],[1514822400000,9.68],[1514908800000,10.32],[1514995200000,10.79],[1515081600000,11.05],[1515340800000,11.63],[1515427200000,12.41],[1515513600000,12.91],[1515600000000,12.85],[1515686400000,13.37],[1515945600000,13.37],[1516032000000,14.27],[1516118400000,13.99],[1516204800000,14.61],[1516291200000,14.99],[1516550400000,16.36],[1516636800000,17.60],[1516723200000,17.79],[1516809600000,17.13],[1516896000000,17.56],[1517155200000,15.43],[1517241600000,14.20],[1517328000000,14.73],[1517414400000,13.93],[1517500800000,14.61],[1517760000000,14.69],[1517846400000,11.33]]}];
/*同类排名*/
var Data_rateInSimilarType = [{"x":1486310400000,"y":371,"sc":"491"},{"x":1486396800000,"y":356,"sc":"491"},{"x":1486483200000,"y":351,"sc":"491"},{"x":1486569600000,"y":342,"sc":"491"},{"x":1486656000000,"y":339,"sc":"494"},{"x":1486915200000,"y":329,"sc":"496"},{"x":1487001600000,"y":326,"sc":"496"},{"x":1487088000000,"y":322,"sc":"496"},{"x":1487174400000,"y":320,"sc":"496"},{"x":1487260800000,"y":318,"sc":"496"},{"x":1487520000000,"y":319,"sc":"496"},{"x":1487606400000,"y":319,"sc":"496"},{"x":1487692800000,"y":321,"sc":"496"},{"x":1487779200000,"y":321,"sc":"498"},{"x":1487865600000,"y":320,"sc":"500"},{"x":1488124800000,"y":329,"sc":"503"},{"x":1488211200000,"y":320,"sc":"503"},{"x":1488297600000,"y":322,"sc":"503"},{"x":1488384000000,"y":325,"sc":"511"},{"x":1488470400000,"y":318,"sc":"511"},{"x":1488729600000,"y":320,"sc":"513"},{"x":1488816000000,"y":322,"sc":"515"},{"x":1488902400000,"y":325,"sc":"516"},{"x":1488988800000,"y":330,"sc":"518"},{"x":1489075200000,"y":326,"sc":"518"},{"x":1489334400000,"y":332,"sc":"518"},{"x":1489420800000,"y":335,"sc":"518"},{"x":1489507200000,"y":342,"sc":"518"},{"x":1489593600000,"y":344,"sc":"520"},{"x":1489680000000,"y":338,"sc":"520"},{"x":1489939200000,"y":358,"sc":"522"},{"x":1490025600000,"y":359,"sc":"522"},{"x":1490112000000,"y":362,"sc":"524"},{"x":1490198400000,"y":369,"sc":"530"},{"x":1490284800000,"y":363,"sc":"530"},{"x":1490544000000,"y":387,"sc":"534"},{"x":1490630400000,"y":388,"sc":"535"},{"x":1490716800000,"y":393,"sc":"535"},{"x":1490803200000,"y":383,"sc":"538"},{"x":1490889600000,"y":378,"sc":"538"},{"x":1491321600000,"y":359,"sc":"538"},{"x":1491408000000,"y":364,"sc":"540"},{"x":1491494400000,"y":357,"sc":"540"},{"x":1491753600000,"y":368,"sc":"540"},{"x":1491840000000,"y":368,"sc":"540"},{"x":1491926400000,"y":368,"sc":"540"},{"x":1492012800000,"y":370,"sc":"541"},{"x":1492099200000,"y":367,"sc":"541"},{"x":1492358400000,"y":365,"sc":"543"},{"x":1492444800000,"y":362,"sc":"543"},{"x":1492531200000,"y":364,"sc":"543"},{"x":1492617600000,"y":365,"sc":"545"},{"x":1492704000000,"y":358,"sc":"545"},{"x":1492963200000,"y":364,"sc":"545"},{"x":1493049600000,"y":365,"sc":"547"},{"x":1493136000000,"y":366,"sc":"549"},{"x":1493222400000,"y":360,"sc":"549"},{"x":1493308800000,"y":358,"sc":"549"},{"x":1493654400000,"y":363,"sc":"549"},{"x":1493740800000,"y":353,"sc":"550"},{"x":1493827200000,"y":351,"sc":"550"},{"x":1493913600000,"y":356,"sc":"550"},{"x":1494172800000,"y":354,"sc":"550"},{"x":1494259200000,"y":356,"sc":"550"},{"x":1494345600000,"y":356,"sc":"550"},{"x":1494432000000,"y":351,"sc":"550"},{"x":1494518400000,"y":359,"sc":"550"},{"x":1494777600000,"y":363,"sc":"554"},{"x":1494864000000,"y":368,"sc":"556"},{"x":1494950400000,"y":371,"sc":"560"},{"x":1495036800000,"y":355,"sc":"560"},{"x":1495123200000,"y":364,"sc":"560"},{"x":1495382400000,"y":365,"sc":"560"},{"x":1495468800000,"y":364,"sc":"562"},{"x":1495555200000,"y":370,"sc":"564"},{"x":1495641600000,"y":362,"sc":"564"},{"x":1495728000000,"y":371,"sc":"564"},{"x":1496160000000,"y":371,"sc":"564"},{"x":1496246400000,"y":371,"sc":"564"},{"x":1496332800000,"y":374,"sc":"564"},{"x":1496592000000,"y":389,"sc":"566"},{"x":1496678400000,"y":390,"sc":"566"},{"x":1496764800000,"y":397,"sc":"566"},{"x":1496851200000,"y":405,"sc":"566"},{"x":1496937600000,"y":407,"sc":"566"},{"x":1497196800000,"y":428,"sc":"574"},{"x":1497283200000,"y":430,"sc":"574"},{"x":1497369600000,"y":430,"sc":"575"},{"x":1497456000000,"y":406,"sc":"575"},{"x":1497542400000,"y":409,"sc":"575"},{"x":1497801600000,"y":414,"sc":"577"},{"x":1497888000000,"y":417,"sc":"577"},{"x":1497974400000,"y":419,"sc":"575"},{"x":1498060800000,"y":418,"sc":"575"},{"x":1498147200000,"y":409,"sc":"576"},{"x":1498406400000,"y":410,"sc":"579"},{"x":1498492800000,"y":403,"sc":"579"},{"x":1498579200000,"y":403,"sc":"579"},{"x":1498665600000,"y":404,"sc":"579"},{"x":1498752000000,"y":421,"sc":"582"},{"x":1499011200000,"y":406,"sc":"582"},{"x":1499097600000,"y":441,"sc":"582"},{"x":1499184000000,"y":443,"sc":"583"},{"x":1499270400000,"y":439,"sc":"583"},{"x":1499356800000,"y":434,"sc":"583"},{"x":1499616000000,"y":431,"sc":"583"},{"x":1499702400000,"y":427,"sc":"583"},{"x":1499788800000,"y":429,"sc":"583"},{"x":1499875200000,"y":432,"sc":"583"},{"x":1499961600000,"y":425,"sc":"586"},{"x":1500220800000,"y":440,"sc":"586"},{"x":1500307200000,"y":443,"sc":"586"},{"x":1500393600000,"y":447,"sc":"589"},{"x":1500480000000,"y":446,"sc":"589"},{"x":1500566400000,"y":446,"sc":"593"},{"x":1500825600000,"y":457,"sc":"593"},{"x":1500912000000,"y":437,"sc":"593"},{"x":1500998400000,"y":441,"sc":"594"},{"x":1501084800000,"y":443,"sc":"594"},{"x":1501171200000,"y":442,"sc":"594"},{"x":1501430400000,"y":446,"sc":"594"},{"x":1501516800000,"y":444,"sc":"594"},{"x":1501603200000,"y":444,"sc":"594"},{"x":1501689600000,"y":457,"sc":"594"},{"x":1501776000000,"y":461,"sc":"594"},{"x":1502035200000,"y":476,"sc":"596"},{"x":1502121600000,"y":471,"sc":"596"},{"x":1502208000000,"y":471,"sc":"596"},{"x":1502294400000,"y":472,"sc":"596"},{"x":1502380800000,"y":474,"sc":"596"},{"x":1502640000000,"y":475,"sc":"596"},{"x":1502726400000,"y":476,"sc":"596"},{"x":1502812800000,"y":474,"sc":"596"},{"x":1502899200000,"y":475,"sc":"596"},{"x":1502985600000,"y":478,"sc":"596"},{"x":1503244800000,"y":487,"sc":"597"},{"x":1503331200000,"y":486,"sc":"597"},{"x":1503417600000,"y":476,"sc":"597"},{"x":1503504000000,"y":480,"sc":"596"},{"x":1503590400000,"y":482,"sc":"596"},{"x":1503849600000,"y":476,"sc":"600"},{"x":1503936000000,"y":475,"sc":"600"},{"x":1504022400000,"y":486,"sc":"600"},{"x":1504108800000,"y":490,"sc":"601"},{"x":1504195200000,"y":492,"sc":"601"},{"x":1504454400000,"y":494,"sc":"601"},{"x":1504540800000,"y":490,"sc":"601"},{"x":1504627200000,"y":486,"sc":"601"},{"x":1504713600000,"y":482,"sc":"601"},{"x":1504800000000,"y":472,"sc":"601"},{"x":1505059200000,"y":461,"sc":"603"},{"x":1505145600000,"y":453,"sc":"603"},{"x":1505232000000,"y":449,"sc":"603"},{"x":1505318400000,"y":439,"sc":"605"},{"x":1505404800000,"y":475,"sc":"605"},{"x":1505664000000,"y":475,"sc":"606"},{"x":1505750400000,"y":475,"sc":"606"},{"x":1505836800000,"y":473,"sc":"603"},{"x":1505923200000,"y":473,"sc":"603"},{"x":1506009600000,"y":473,"sc":"603"},{"x":1506268800000,"y":482,"sc":"603"},{"x":1506355200000,"y":481,"sc":"603"},{"x":1506441600000,"y":491,"sc":"604"},{"x":1506528000000,"y":491,"sc":"604"},{"x":1506614400000,"y":494,"sc":"606"},{"x":1507478400000,"y":491,"sc":"606"},{"x":1507564800000,"y":500,"sc":"607"},{"x":1507651200000,"y":503,"sc":"607"},{"x":1507737600000,"y":505,"sc":"611"},{"x":1507824000000,"y":505,"sc":"611"},{"x":1508083200000,"y":510,"sc":"612"},{"x":1508169600000,"y":508,"sc":"612"},{"x":1508256000000,"y":506,"sc":"611"},{"x":1508342400000,"y":506,"sc":"611"},{"x":1508428800000,"y":507,"sc":"611"},{"x":1508688000000,"y":508,"sc":"606"},{"x":1508774400000,"y":510,"sc":"606"},{"x":1508860800000,"y":519,"sc":"607"},{"x":1508947200000,"y":519,"sc":"607"},{"x":1509033600000,"y":519,"sc":"607"},{"x":1509292800000,"y":519,"sc":"609"},{"x":1509379200000,"y":516,"sc":"610"},{"x":1509465600000,"y":516,"sc":"610"},{"x":1509552000000,"y":522,"sc":"613"},{"x":1509638400000,"y":526,"sc":"617"},{"x":1509897600000,"y":524,"sc":"621"},{"x":1509984000000,"y":522,"sc":"621"},{"x":1510070400000,"y":526,"sc":"621"},{"x":1510156800000,"y":529,"sc":"623"},{"x":1510243200000,"y":529,"sc":"623"},{"x":1510502400000,"y":530,"sc":"633"},{"x":1510588800000,"y":530,"sc":"635"},{"x":1510675200000,"y":538,"sc":"635"},{"x":1510761600000,"y":537,"sc":"635"},{"x":1510848000000,"y":540,"sc":"636"},{"x":1511107200000,"y":539,"sc":"636"},{"x":1511193600000,"y":538,"sc":"636"},{"x":1511280000000,"y":540,"sc":"636"},{"x":1511366400000,"y":553,"sc":"636"},{"x":1511452800000,"y":550,"sc":"637"},{"x":1511712000000,"y":555,"sc":"640"},{"x":1511798400000,"y":558,"sc":"640"},{"x":1511884800000,"y":559,"sc":"640"},{"x":1511971200000,"y":559,"sc":"641"},{"x":1512057600000,"y":561,"sc":"643"},{"x":1512316800000,"y":555,"sc":"643"},{"x":1512403200000,"y":558,"sc":"643"},{"x":1512489600000,"y":559,"sc":"643"},{"x":1512576000000,"y":559,"sc":"644"},{"x":1512662400000,"y":552,"sc":"652"},{"x":1512921600000,"y":549,"sc":"652"},{"x":1513008000000,"y":550,"sc":"653"},{"x":1513094400000,"y":551,"sc":"653"},{"x":1513180800000,"y":561,"sc":"654"},{"x":1513267200000,"y":564,"sc":"656"},{"x":1513526400000,"y":548,"sc":"656"},{"x":1513612800000,"y":547,"sc":"656"},{"x":1513699200000,"y":552,"sc":"656"},{"x":1513785600000,"y":556,"sc":"655"},{"x":1513872000000,"y":544,"sc":"655"},{"x":1514131200000,"y":541,"sc":"655"},{"x":1514217600000,"y":540,"sc":"655"},{"x":1514304000000,"y":537,"sc":"654"},{"x":1514390400000,"y":537,"sc":"655"},{"x":1514476800000,"y":539,"sc":"655"},{"x":1514822400000,"y":525,"sc":"655"},{"x":1514908800000,"y":513,"sc":"655"},{"x":1514995200000,"y":492,"sc":"655"},{"x":1515081600000,"y":477,"sc":"655"},{"x":1515340800000,"y":536,"sc":"655"},{"x":1515427200000,"y":540,"sc":"655"},{"x":1515513600000,"y":541,"sc":"656"},{"x":1515600000000,"y":539,"sc":"657"},{"x":1515686400000,"y":537,"sc":"657"},{"x":1515945600000,"y":528,"sc":"657"},{"x":1516032000000,"y":525,"sc":"657"},{"x":1516118400000,"y":525,"sc":"657"},{"x":1516204800000,"y":521,"sc":"657"},{"x":1516291200000,"y":523,"sc":"657"},{"x":1516550400000,"y":515,"sc":"657"},{"x":1516636800000,"y":512,"sc":"657"},{"x":1516723200000,"y":508,"sc":"657"},{"x":1516809600000,"y":507,"sc":"657"},{"x":1516896000000,"y":510,"sc":"655"},{"x":1517155200000,"y":512,"sc":"656"},{"x":1517241600000,"y":514,"sc":"656"},{"x":1517328000000,"y":520,"sc":"656"},{"x":1517414400000,"y":522,"sc":"656"},{"x":1517500800000,"y":517,"sc":"656"},{"x":1517760000000,"y":522,"sc":"656"},{"x":1517846400000,"y":525,"sc":"656"}];
/*百分比排名*/
var Data_rateInSimilarPersent = [[1486310400000,24.4400],[1486396800000,27.4900],[1486483200000,28.5100],[1486569600000,30.3500],[1486656000000,31.3800],[1486915200000,33.6700],[1487001600000,34.2700],[1487088000000,35.0800],[1487174400000,35.4800],[1487260800000,35.8900],[1487520000000,35.6900],[1487606400000,35.6900],[1487692800000,35.2800],[1487779200000,35.5400],[1487865600000,36.00],[1488124800000,34.5900],[1488211200000,36.3800],[1488297600000,35.9800],[1488384000000,36.4000],[1488470400000,37.7700],[1488729600000,37.6200],[1488816000000,37.4800],[1488902400000,37.0200],[1488988800000,36.2900],[1489075200000,37.0700],[1489334400000,35.9100],[1489420800000,35.3300],[1489507200000,33.9800],[1489593600000,33.8500],[1489680000000,35.00],[1489939200000,31.4200],[1490025600000,31.2300],[1490112000000,30.9200],[1490198400000,30.3800],[1490284800000,31.5100],[1490544000000,27.5300],[1490630400000,27.4800],[1490716800000,26.5400],[1490803200000,28.8100],[1490889600000,29.7400],[1491321600000,33.2700],[1491408000000,32.5900],[1491494400000,33.8900],[1491753600000,31.8500],[1491840000000,31.8500],[1491926400000,31.8500],[1492012800000,31.6100],[1492099200000,32.1600],[1492358400000,32.7800],[1492444800000,33.3300],[1492531200000,32.9700],[1492617600000,33.0300],[1492704000000,34.3100],[1492963200000,33.2100],[1493049600000,33.2700],[1493136000000,33.3300],[1493222400000,34.4300],[1493308800000,34.7900],[1493654400000,33.8800],[1493740800000,35.8200],[1493827200000,36.1800],[1493913600000,35.2700],[1494172800000,35.6400],[1494259200000,35.2700],[1494345600000,35.2700],[1494432000000,36.1800],[1494518400000,34.7300],[1494777600000,34.4800],[1494864000000,33.8100],[1494950400000,33.7500],[1495036800000,36.6100],[1495123200000,35.00],[1495382400000,34.8200],[1495468800000,35.2300],[1495555200000,34.4000],[1495641600000,35.8200],[1495728000000,34.2200],[1496160000000,34.2200],[1496246400000,34.2200],[1496332800000,33.6900],[1496592000000,31.2700],[1496678400000,31.1000],[1496764800000,29.8600],[1496851200000,28.4500],[1496937600000,28.0900],[1497196800000,25.4400],[1497283200000,25.0900],[1497369600000,25.2200],[1497456000000,29.3900],[1497542400000,28.8700],[1497801600000,28.2500],[1497888000000,27.7300],[1497974400000,27.1300],[1498060800000,27.3000],[1498147200000,28.9900],[1498406400000,29.1900],[1498492800000,30.4000],[1498579200000,30.4000],[1498665600000,30.2200],[1498752000000,27.6600],[1499011200000,30.2400],[1499097600000,24.2300],[1499184000000,24.0100],[1499270400000,24.7000],[1499356800000,25.5600],[1499616000000,26.0700],[1499702400000,26.7600],[1499788800000,26.4200],[1499875200000,25.9000],[1499961600000,27.4700],[1500220800000,24.9100],[1500307200000,24.4000],[1500393600000,24.1100],[1500480000000,24.2800],[1500566400000,24.7900],[1500825600000,22.9300],[1500912000000,26.3100],[1500998400000,25.7600],[1501084800000,25.4200],[1501171200000,25.5900],[1501430400000,24.9200],[1501516800000,25.2500],[1501603200000,25.2500],[1501689600000,23.0600],[1501776000000,22.3900],[1502035200000,20.1300],[1502121600000,20.9700],[1502208000000,20.9700],[1502294400000,20.8100],[1502380800000,20.4700],[1502640000000,20.3000],[1502726400000,20.1300],[1502812800000,20.4700],[1502899200000,20.3000],[1502985600000,19.8000],[1503244800000,18.4300],[1503331200000,18.5900],[1503417600000,20.2700],[1503504000000,19.4600],[1503590400000,19.1300],[1503849600000,20.6700],[1503936000000,20.8300],[1504022400000,19.00],[1504108800000,18.4700],[1504195200000,18.1400],[1504454400000,17.8000],[1504540800000,18.4700],[1504627200000,19.1300],[1504713600000,19.8000],[1504800000000,21.4600],[1505059200000,23.5500],[1505145600000,24.8800],[1505232000000,25.5400],[1505318400000,27.4400],[1505404800000,21.4900],[1505664000000,21.6200],[1505750400000,21.6200],[1505836800000,21.5600],[1505923200000,21.5600],[1506009600000,21.5600],[1506268800000,20.0700],[1506355200000,20.2300],[1506441600000,18.7100],[1506528000000,18.7100],[1506614400000,18.4800],[1507478400000,18.9800],[1507564800000,17.6300],[1507651200000,17.1300],[1507737600000,17.3500],[1507824000000,17.3500],[1508083200000,16.6700],[1508169600000,16.9900],[1508256000000,17.1800],[1508342400000,17.1800],[1508428800000,17.0200],[1508688000000,16.1700],[1508774400000,15.8400],[1508860800000,14.5000],[1508947200000,14.5000],[1509033600000,14.5000],[1509292800000,14.7800],[1509379200000,15.4100],[1509465600000,15.4100],[1509552000000,14.8500],[1509638400000,14.7500],[1509897600000,15.6200],[1509984000000,15.9400],[1510070400000,15.3000],[1510156800000,15.0900],[1510243200000,15.0900],[1510502400000,16.2700],[1510588800000,16.5400],[1510675200000,15.2800],[1510761600000,15.4300],[1510848000000,15.0900],[1511107200000,15.2500],[1511193600000,15.4100],[1511280000000,15.0900],[1511366400000,13.0500],[1511452800000,13.6600],[1511712000000,13.2800],[1511798400000,12.8100],[1511884800000,12.6600],[1511971200000,12.7900],[1512057600000,12.7500],[1512316800000,13.6900],[1512403200000,13.2200],[1512489600000,13.0600],[1512576000000,13.2000],[1512662400000,15.3400],[1512921600000,15.8000],[1513008000000,15.7700],[1513094400000,15.6200],[1513180800000,14.2200],[1513267200000,14.0200],[1513526400000,16.4600],[1513612800000,16.6200],[1513699200000,15.8500],[1513785600000,15.1100],[1513872000000,16.9500],[1514131200000,17.4000],[1514217600000,17.5600],[1514304000000,17.8900],[1514390400000,18.0200],[1514476800000,17.7100],[1514822400000,19.8500],[1514908800000,21.6800],[1514995200000,24.8900],[1515081600000,27.1800],[1515340800000,18.1700],[1515427200000,17.5600],[1515513600000,17.5300],[1515600000000,17.9600],[1515686400000,18.2600],[1515945600000,19.6300],[1516032000000,20.0900],[1516118400000,20.0900],[1516204800000,20.7000],[1516291200000,20.4000],[1516550400000,21.6100],[1516636800000,22.0700],[1516723200000,22.6800],[1516809600000,22.8300],[1516896000000,22.1400],[1517155200000,21.9500],[1517241600000,21.6500],[1517328000000,20.7300],[1517414400000,20.4300],[1517500800000,21.1900],[1517760000000,20.4300],[1517846400000,19.9700]];
/*规模变动*/
var Data_fluctuationScale = {"categories":["2016-12-31","2017-03-31","2017-06-30","2017-09-30","2017-12-31"],"series":[{"y":1.07,"mom":"-27.35%"},{"y":0.75,"mom":"-29.33%"},{"y":0.53,"mom":"-30.07%"},{"y":0.11,"mom":"-78.58%"},{"y":0.01,"mom":"-88.47%"}]};;
/*持有人结构*/
var Data_holderStructure = {"series":[{"name":"机构持有比例","data":[9.76]},{"name":"个人持有比例","data":[90.24]},{"name":"内部持有比例","data":[3.69]}],"categories":["2017-06-30"]};
/*申购赎回*/
var Data_assetAllocation ={"series":[{"name":"期间申购","data":[0.81,0.51,0.10,0.01]},{"name":"期间赎回","data":[1.12,0.74,0.51,0.11]},{"name":"总份额","data":[0.75,0.53,0.11,0.01]}],"categories":["2017-03-31","2017-06-30","2017-09-30","2017-12-31"]};
/*现任基金经理*/
var Data_currentFundManager = [{"id":"30542082","pic":"https://pdf.dfcfw.com/pdf/H8_PNG30542082_1.jpg","name":"吴素涵","star":0,"workTime":"231天","fundSize":"94.97亿(4只基金)","power":{"avr":"暂无数据","categories":["经验值","收益率","影响力","稳定性","管理规模"],"dsc":["反映基金经理从业年限和管理基金的经验","根据基金经理投资的阶段收益评分，反映\u003cbr\u003e基金经理投资的盈利能力","根据基金经理所管理基金的机构和个人投\u003cbr\u003e资者持有比例评分","反映基金经理投资收益的波动","根据基金经理现任管理基金资产规模评分"],"data":[null,null,null,null,null],"jzrq":"2018-02-06"},"profit":{"categories":["任期收益","同类平均"],"series":[{"data":[{"name":null,"color":"#7cb5ec","y":2.4256},{"name":null,"color":"#414c7b","y":2.58}]}],"jzrq":"2018-02-06"}}] ;
/*同类型基金涨幅榜（页面底部通栏）*/
var swithSameType = [['002895_华夏天利货币B_5.8750','002894_华夏天利货币A_5.6210','004398_融通现金宝货币B_5.3370','000902_国开货币B_5.3360','001478_泰康薪意保货币B_5.1400'],['002895_华夏天利货币B_5.26','004973_长城收益宝货币B_5.08','004904_人保货币B_5.05','002884_华润元大现金通货币B_5.01','002894_华夏天利货币A_5.01'],['004973_长城收益宝货币B_5.05','004770_海富通添益货币A_4.99','002884_华润元大现金通货币B_4.99','005151_红土创新优淳货币B_4.90','002895_华夏天利货币B_4.89'],['004770_海富通添益货币A_5.39','004973_长城收益宝货币B_5.13','002884_华润元大现金通货币B_5.03','002895_华夏天利货币B_5.03','004398_融通现金宝货币B_5.01'],['003679_中融现金增利货币C_4.67','003474_南方天天利货币B_4.55','000836_国投瑞银钱多宝货币A_4.52','000837_国投瑞银钱多宝货币I_4.52','003753_工银如意货币B_4.51']];