/**
 * 测试数据
 * @type {arry}
 */
/*2018-02-07 18:02:45*/
//基金或股票信息
var fS_name = "鹏华盈余宝货币B";
var fS_code = "004701";
var fund_minsg="";
var ishb=true;
/*原费率*/
var fund_sourceRate="0";
/*现费率*/
var fund_Rate="0";
/*最小申购金额*/
var fund_minsg="";
/*收益率*/
/*近一年收益率*/
var syl_1n="";
/*近6月收益率*/
var syl_6y="2.1244";
/*近三月收益率*/
var syl_3y="1.1023";
/*近一月收益率*/
var syl_1y="0.3689";
/* 基金收益走势图 每万份收益*/
var Data_millionCopiesIncome = [[1496937600000,0.655],[1497110400000,1.3378],[1497196800000,0.6688],[1497283200000,0.6687],[1497369600000,0.6686],[1497456000000,0.6686],[1497542400000,0.0736],[1497715200000,0.1472],[1497801600000,0.3497],[1497888000000,0.6045],[1497974400000,0.439],[1498060800000,0.7907],[1498147200000,0.6729],[1498320000000,1.3777],[1498406400000,0.5986],[1498492800000,0.6219],[1498579200000,1.8875],[1498665600000,5.3471],[1498752000000,1.1167],[1498924800000,2.2648],[1499011200000,1.1408],[1499097600000,1.0229],[1499184000000,0.9367],[1499270400000,0.8929],[1499356800000,0.8685],[1499529600000,1.7488],[1499616000000,1.0175],[1499702400000,1.0173],[1499788800000,0.9234],[1499875200000,0.9911],[1499961600000,1.0199],[1500134400000,2.0551],[1500220800000,1.0086],[1500307200000,1.0034],[1500393600000,1.046],[1500480000000,1.0703],[1500566400000,1.0766],[1500739200000,2.1703],[1500825600000,1.0643],[1500912000000,1.0708],[1500998400000,1.0746],[1501084800000,1.0335],[1501171200000,1.0256],[1501344000000,2.0616],[1501430400000,1.0578],[1501516800000,1.0603],[1501603200000,1.0561],[1501689600000,1.0705],[1501776000000,1.0723],[1501948800000,2.1464],[1502035200000,1.0697],[1502121600000,1.0646],[1502208000000,1.0628],[1502294400000,1.0734],[1502380800000,1.079],[1502553600000,2.1587],[1502640000000,1.0677],[1502726400000,1.0781],[1502812800000,1.0328],[1502899200000,1.0715],[1502985600000,1.0704],[1503158400000,2.1531],[1503244800000,1.0876],[1503331200000,1.0924],[1503417600000,1.0464],[1503504000000,1.0575],[1503590400000,1.0595],[1503763200000,2.1205],[1503849600000,1.0607],[1503936000000,1.0532],[1504022400000,1.0414],[1504108800000,1.0474],[1504195200000,1.0515],[1504368000000,2.1045],[1504454400000,1.0509],[1504540800000,1.0546],[1504627200000,1.0547],[1504713600000,1.0762],[1504800000000,1.093],[1504972800000,2.1905],[1505059200000,1.0711],[1505145600000,1.0821],[1505232000000,1.0861],[1505318400000,1.086],[1505404800000,1.0963],[1505577600000,2.1936],[1505664000000,1.0798],[1505750400000,1.0777],[1505836800000,1.0655],[1505923200000,1.0808],[1506009600000,1.0849],[1506182400000,2.1714],[1506268800000,1.095],[1506355200000,1.1179],[1506441600000,1.1384],[1506528000000,1.1205],[1506614400000,1.0552],[1507392000000,9.52],[1507478400000,1.1337],[1507564800000,1.2018],[1507651200000,1.213],[1507737600000,1.2175],[1507824000000,1.2402],[1507996800000,2.4818],[1508083200000,1.223],[1508169600000,1.1102],[1508256000000,1.126],[1508342400000,1.1207],[1508428800000,0.7672],[1508601600000,2.249],[1508688000000,1.1113],[1508774400000,1.1172],[1508860800000,1.1306],[1508947200000,1.1294],[1509033600000,1.1244],[1509206400000,2.2514],[1509292800000,1.1175],[1509379200000,1.2441],[1509465600000,1.2662],[1509552000000,0.8927],[1509638400000,1.1397],[1509811200000,2.2668],[1509897600000,1.1725],[1509984000000,1.0751],[1510070400000,1.0995],[1510156800000,1.08],[1510243200000,1.0952],[1510416000000,2.1359],[1510502400000,1.1056],[1510588800000,1.1062],[1510675200000,1.1116],[1510761600000,1.1183],[1510848000000,1.1386],[1511020800000,2.2892],[1511107200000,1.139],[1511193600000,1.1391],[1511280000000,1.144],[1511366400000,1.1571],[1511452800000,1.1639],[1511625600000,2.3285],[1511712000000,1.1632],[1511798400000,1.1783],[1511884800000,1.1885],[1511971200000,1.1702],[1512057600000,1.1895],[1512230400000,2.3811],[1512316800000,1.1832],[1512403200000,1.1376],[1512489600000,1.1676],[1512576000000,1.1306],[1512662400000,1.1201],[1512835200000,2.2395],[1512921600000,1.1301],[1513008000000,1.1623],[1513094400000,1.1487],[1513180800000,1.1729],[1513267200000,1.1721],[1513440000000,2.3462],[1513526400000,1.1746],[1513612800000,1.1754],[1513699200000,1.1401],[1513785600000,1.1409],[1513872000000,1.2148],[1514044800000,2.4297],[1514131200000,1.2175],[1514217600000,1.2216],[1514304000000,1.3352],[1514390400000,1.7093],[1514476800000,1.6622],[1514649600000,3.3295],[1514736000000,1.61],[1514822400000,1.7366],[1514908800000,1.6026],[1514995200000,1.1815],[1515081600000,1.12],[1515254400000,2.1979],[1515340800000,1.1339],[1515427200000,1.1285],[1515513600000,1.1313],[1515600000000,1.1327],[1515686400000,1.1488],[1515859200000,2.2326],[1515945600000,0.8659],[1516032000000,1.1273],[1516118400000,1.1328],[1516204800000,1.116],[1516291200000,1.1318],[1516464000000,2.27],[1516550400000,1.1485],[1516636800000,1.1377],[1516723200000,1.1149],[1516809600000,1.1239],[1516896000000,1.1026],[1517068800000,2.2063],[1517155200000,1.2646],[1517241600000,1.1413],[1517328000000,2.6499],[1517414400000,1.0512],[1517500800000,1.0459],[1517673600000,2.0935],[1517760000000,0.9968],[1517846400000,1.0021]];
/*基金收益走势图   7日年化收益率*/
var Data_sevenDaysYearIncome = [[1496937600000,1.933],[1497110400000,2.202],[1497196800000,2.256],[1497283200000,2.291],[1497369600000,2.317],[1497456000000,2.464],[1497542400000,2.153],[1497715200000,1.521],[1497801600000,1.352],[1497888000000,1.319],[1497974400000,1.197],[1498060800000,1.262],[1498147200000,1.579],[1498320000000,2.232],[1498406400000,2.365],[1498492800000,2.375],[1498579200000,3.151],[1498665600000,5.63],[1498752000000,5.875],[1498924800000,6.365],[1499011200000,6.666],[1499097600000,6.89],[1499184000000,6.361],[1499270400000,3.92],[1499356800000,3.786],[1499529600000,3.507],[1499616000000,3.44],[1499702400000,3.437],[1499788800000,3.43],[1499875200000,3.483],[1499961600000,3.565],[1500134400000,3.73],[1500220800000,3.726],[1500307200000,3.718],[1500393600000,3.784],[1500480000000,3.827],[1500566400000,3.858],[1500739200000,3.92],[1500825600000,3.951],[1500912000000,3.987],[1500998400000,4.003],[1501084800000,3.983],[1501171200000,3.955],[1501344000000,3.896],[1501430400000,3.893],[1501516800000,3.887],[1501603200000,3.877],[1501689600000,3.897],[1501776000000,3.922],[1501948800000,3.968],[1502035200000,3.975],[1502121600000,3.977],[1502208000000,3.981],[1502294400000,3.982],[1502380800000,3.986],[1502553600000,3.992],[1502640000000,3.991],[1502726400000,3.999],[1502812800000,3.982],[1502899200000,3.981],[1502985600000,3.977],[1503158400000,3.974],[1503244800000,3.984],[1503331200000,3.992],[1503417600000,4.0],[1503504000000,3.992],[1503590400000,3.986],[1503763200000,3.968],[1503849600000,3.954],[1503936000000,3.933],[1504022400000,3.93],[1504108800000,3.924],[1504195200000,3.92],[1504368000000,3.911],[1504454400000,3.906],[1504540800000,3.907],[1504627200000,3.914],[1504713600000,3.93],[1504800000000,3.952],[1504972800000,3.999],[1505059200000,4.01],[1505145600000,4.025],[1505232000000,4.042],[1505318400000,4.047],[1505404800000,4.049],[1505577600000,4.05],[1505664000000,4.055],[1505750400000,4.053],[1505836800000,4.042],[1505923200000,4.039],[1506009600000,4.033],[1506182400000,4.021],[1506268800000,4.029],[1506355200000,4.051],[1506441600000,4.09],[1506528000000,4.112],[1506614400000,4.096],[1507392000000,3.936],[1507478400000,3.978],[1507564800000,4.056],[1507651200000,4.14],[1507737600000,4.227],[1507824000000,4.326],[1507996800000,4.525],[1508083200000,4.574],[1508169600000,4.524],[1508256000000,4.476],[1508342400000,4.424],[1508428800000,4.166],[1508601600000,4.04],[1508688000000,3.98],[1508774400000,3.983],[1508860800000,3.986],[1508947200000,3.991],[1509033600000,4.184],[1509206400000,4.186],[1509292800000,4.189],[1509379200000,4.258],[1509465600000,4.332],[1509552000000,4.203],[1509638400000,4.211],[1509811200000,4.22],[1509897600000,4.25],[1509984000000,4.158],[1510070400000,4.067],[1510156800000,4.169],[1510243200000,4.145],[1510416000000,4.074],[1510502400000,4.037],[1510588800000,4.054],[1510675200000,4.061],[1510761600000,4.082],[1510848000000,4.105],[1511020800000,4.189],[1511107200000,4.207],[1511193600000,4.225],[1511280000000,4.242],[1511366400000,4.263],[1511452800000,4.277],[1511625600000,4.298],[1511712000000,4.311],[1511798400000,4.333],[1511884800000,4.357],[1511971200000,4.364],[1512057600000,4.378],[1512230400000,4.407],[1512316800000,4.418],[1512403200000,4.395],[1512489600000,4.384],[1512576000000,4.363],[1512662400000,4.325],[1512835200000,4.248],[1512921600000,4.219],[1513008000000,4.232],[1513094400000,4.222],[1513180800000,4.245],[1513267200000,4.273],[1513440000000,4.331],[1513526400000,4.356],[1513612800000,4.363],[1513699200000,4.358],[1513785600000,4.341],[1513872000000,4.364],[1514044800000,4.409],[1514131200000,4.433],[1514217600000,4.458],[1514304000000,4.564],[1514390400000,4.874],[1514476800000,5.119],[1514649600000,5.614],[1514736000000,5.83],[1514822400000,6.114],[1514908800000,6.263],[1514995200000,5.971],[1515081600000,5.671],[1515254400000,5.05],[1515340800000,4.789],[1515427200000,4.458],[1515513600000,4.201],[1515600000000,4.175],[1515686400000,4.19],[1515859200000,4.209],[1515945600000,4.064],[1516032000000,4.063],[1516118400000,4.064],[1516204800000,4.055],[1516291200000,4.046],[1516464000000,4.066],[1516550400000,4.219],[1516636800000,4.225],[1516723200000,4.215],[1516809600000,4.22],[1516896000000,4.204],[1517068800000,4.169],[1517155200000,4.232],[1517241600000,4.234],[1517328000000,5.072],[1517414400000,5.032],[1517500800000,5.001],[1517673600000,4.939],[1517760000000,4.793],[1517846400000,4.717]];
/*资产配置*/
var Data_assetAllocationCurrency ={"categories":["12-31","09-30"],"series":[{"name":"股票","data":[null,null]},{"name":"债券","data":[58.08,56.74]},{"name":"现金","data":[31.98,56.39]}]};
/*累计收益率走势*/
var Data_grandTotal = [{"name":"鹏华盈余宝货币B","data":[[1501948800000,0],[1502035200000,0.01],[1502121600000,0.02],[1502208000000,0.03],[1502294400000,0.04],[1502380800000,0.05],[1502553600000,0.08],[1502640000000,0.09],[1502726400000,0.10],[1502812800000,0.11],[1502899200000,0.12],[1502985600000,0.13],[1503158400000,0.15],[1503244800000,0.16],[1503331200000,0.17],[1503417600000,0.18],[1503504000000,0.19],[1503590400000,0.20],[1503763200000,0.22],[1503849600000,0.24],[1503936000000,0.25],[1504022400000,0.26],[1504108800000,0.27],[1504195200000,0.28],[1504368000000,0.30],[1504454400000,0.31],[1504540800000,0.32],[1504627200000,0.33],[1504713600000,0.34],[1504800000000,0.35],[1504972800000,0.37],[1505059200000,0.38],[1505145600000,0.40],[1505232000000,0.41],[1505318400000,0.42],[1505404800000,0.43],[1505577600000,0.45],[1505664000000,0.46],[1505750400000,0.47],[1505836800000,0.48],[1505923200000,0.49],[1506009600000,0.50],[1506182400000,0.53],[1506268800000,0.54],[1506355200000,0.55],[1506441600000,0.56],[1506528000000,0.57],[1506614400000,0.58],[1507392000000,0.68],[1507478400000,0.69],[1507564800000,0.70],[1507651200000,0.71],[1507737600000,0.73],[1507824000000,0.74],[1507996800000,0.76],[1508083200000,0.78],[1508169600000,0.79],[1508256000000,0.80],[1508342400000,0.81],[1508428800000,0.82],[1508601600000,0.84],[1508688000000,0.85],[1508774400000,0.86],[1508860800000,0.87],[1508947200000,0.88],[1509033600000,0.90],[1509206400000,0.92],[1509292800000,0.93],[1509379200000,0.94],[1509465600000,0.96],[1509552000000,0.96],[1509638400000,0.98],[1509811200000,1.00],[1509897600000,1.01],[1509984000000,1.02],[1510070400000,1.03],[1510156800000,1.04],[1510243200000,1.05],[1510416000000,1.08],[1510502400000,1.09],[1510588800000,1.10],[1510675200000,1.11],[1510761600000,1.12],[1510848000000,1.13],[1511020800000,1.16],[1511107200000,1.17],[1511193600000,1.18],[1511280000000,1.19],[1511366400000,1.20],[1511452800000,1.21],[1511625600000,1.24],[1511712000000,1.25],[1511798400000,1.26],[1511884800000,1.27],[1511971200000,1.29],[1512057600000,1.30],[1512230400000,1.32],[1512316800000,1.33],[1512403200000,1.34],[1512489600000,1.36],[1512576000000,1.37],[1512662400000,1.38],[1512835200000,1.40],[1512921600000,1.41],[1513008000000,1.43],[1513094400000,1.44],[1513180800000,1.45],[1513267200000,1.46],[1513440000000,1.48],[1513526400000,1.50],[1513612800000,1.51],[1513699200000,1.52],[1513785600000,1.53],[1513872000000,1.54],[1514044800000,1.57],[1514131200000,1.58],[1514217600000,1.59],[1514304000000,1.61],[1514390400000,1.62],[1514476800000,1.64],[1514649600000,1.68],[1514736000000,1.69],[1514822400000,1.71],[1514908800000,1.73],[1514995200000,1.74],[1515081600000,1.75],[1515254400000,1.77],[1515340800000,1.78],[1515427200000,1.79],[1515513600000,1.81],[1515600000000,1.82],[1515686400000,1.83],[1515859200000,1.85],[1515945600000,1.86],[1516032000000,1.87],[1516118400000,1.88],[1516204800000,1.90],[1516291200000,1.91],[1516464000000,1.93],[1516550400000,1.94],[1516636800000,1.95],[1516723200000,1.96],[1516809600000,1.98],[1516896000000,1.99],[1517068800000,2.01],[1517155200000,2.02],[1517241600000,2.03],[1517328000000,2.06],[1517414400000,2.07],[1517500800000,2.08],[1517673600000,2.10],[1517760000000,2.11],[1517846400000,2.12]]},{"name":"同类平均","data":[[1502035200000,0],[1502121600000,0.01],[1502208000000,0.02],[1502294400000,0.03],[1502380800000,0.04],[1502640000000,0.07],[1502726400000,0.08],[1502812800000,0.09],[1502899200000,0.10],[1502985600000,0.11],[1503244800000,0.14],[1503331200000,0.16],[1503417600000,0.17],[1503504000000,0.18],[1503590400000,0.19],[1503849600000,0.22],[1503936000000,0.23],[1504022400000,0.24],[1504108800000,0.25],[1504195200000,0.26],[1504454400000,0.29],[1504540800000,0.30],[1504627200000,0.31],[1504713600000,0.32],[1504800000000,0.34],[1505059200000,0.37],[1505145600000,0.38],[1505232000000,0.39],[1505318400000,0.40],[1505404800000,0.41],[1505664000000,0.44],[1505750400000,0.45],[1505836800000,0.46],[1505923200000,0.47],[1506009600000,0.48],[1506268800000,0.52],[1506355200000,0.53],[1506441600000,0.54],[1506528000000,0.55],[1506614400000,0.56],[1507478400000,0.67],[1507564800000,0.68],[1507651200000,0.69],[1507737600000,0.71],[1507824000000,0.72],[1508083200000,0.75],[1508169600000,0.76],[1508256000000,0.77],[1508342400000,0.78],[1508428800000,0.79],[1508688000000,0.82],[1508774400000,0.83],[1508860800000,0.84],[1508947200000,0.85],[1509033600000,0.86],[1509292800000,0.90],[1509379200000,0.91],[1509465600000,0.92],[1509552000000,0.93],[1509638400000,0.94],[1509897600000,0.97],[1509984000000,0.98],[1510070400000,0.99],[1510156800000,1.00],[1510243200000,1.01],[1510502400000,1.04],[1510588800000,1.06],[1510675200000,1.07],[1510761600000,1.08],[1510848000000,1.09],[1511107200000,1.12],[1511193600000,1.13],[1511280000000,1.14],[1511366400000,1.15],[1511452800000,1.16],[1511712000000,1.20],[1511798400000,1.21],[1511884800000,1.22],[1511971200000,1.23],[1512057600000,1.24],[1512316800000,1.28],[1512403200000,1.29],[1512489600000,1.30],[1512576000000,1.31],[1512662400000,1.32],[1512921600000,1.35],[1513008000000,1.36],[1513094400000,1.38],[1513180800000,1.39],[1513267200000,1.40],[1513526400000,1.43],[1513612800000,1.44],[1513699200000,1.46],[1513785600000,1.47],[1513872000000,1.48],[1514131200000,1.51],[1514217600000,1.53],[1514304000000,1.54],[1514390400000,1.55],[1514476800000,1.57],[1514822400000,1.62],[1514908800000,1.64],[1514995200000,1.65],[1515081600000,1.66],[1515340800000,1.69],[1515427200000,1.71],[1515513600000,1.72],[1515600000000,1.73],[1515686400000,1.74],[1515945600000,1.77],[1516032000000,1.79],[1516118400000,1.80],[1516204800000,1.81],[1516291200000,1.82],[1516550400000,1.86],[1516636800000,1.87],[1516723200000,1.88],[1516809600000,1.89],[1516896000000,1.90],[1517155200000,1.94],[1517241600000,1.95],[1517328000000,1.96],[1517414400000,1.97],[1517500800000,1.98],[1517760000000,2.02],[1517846400000,2.03]]},{"name":"沪深300","data":[[1502035200000,0],[1502121600000,0.15],[1502208000000,0.11],[1502294400000,-0.29],[1502380800000,-2.13],[1502640000000,-0.86],[1502726400000,-0.56],[1502812800000,-0.68],[1502899200000,-0.15],[1502985600000,-0.06],[1503244800000,0.38],[1503331200000,0.68],[1503417600000,0.79],[1503504000000,0.21],[1503590400000,1.85],[1503849600000,3.11],[1503936000000,2.89],[1504022400000,2.88],[1504108800000,2.56],[1504195200000,2.78],[1504454400000,3.19],[1504540800000,3.50],[1504627200000,3.29],[1504713600000,2.77],[1504800000000,2.66],[1505059200000,2.65],[1505145600000,2.98],[1505232000000,3.11],[1505318400000,2.77],[1505404800000,2.80],[1505664000000,3.12],[1505750400000,2.83],[1505836800000,3.10],[1505923200000,2.98],[1506009600000,2.98],[1506268800000,2.44],[1506355200000,2.52],[1506441600000,2.53],[1506528000000,2.57],[1506614400000,2.94],[1507478400000,4.17],[1507564800000,4.38],[1507651200000,4.72],[1507737600000,5.00],[1507824000000,5.21],[1508083200000,5.01],[1508169600000,5.00],[1508256000000,5.83],[1508342400000,5.49],[1508428800000,5.37],[1508688000000,5.47],[1508774400000,6.24],[1508860800000,6.71],[1508947200000,7.16],[1509033600000,7.92],[1509292800000,7.59],[1509379200000,7.51],[1509465600000,7.24],[1509552000000,7.25],[1509638400000,7.13],[1509897600000,7.89],[1509984000000,8.79],[1510070400000,8.62],[1510156800000,9.37],[1510243200000,10.33],[1510502400000,10.77],[1510588800000,10.00],[1510675200000,9.31],[1510761600000,10.15],[1510848000000,10.57],[1511107200000,11.19],[1511193600000,13.17],[1511280000000,13.44],[1511366400000,10.08],[1511452800000,10.13],[1511712000000,8.67],[1511798400000,8.83],[1511884800000,8.77],[1511971200000,7.49],[1512057600000,7.28],[1512316800000,7.84],[1512403200000,8.41],[1512489600000,7.76],[1512576000000,6.55],[1512662400000,7.42],[1512921600000,9.20],[1513008000000,7.76],[1513094400000,8.67],[1513180800000,8.03],[1513267200000,6.82],[1513526400000,6.94],[1513612800000,8.28],[1513699200000,8.15],[1513785600000,9.15],[1513872000000,8.80],[1514131200000,8.45],[1514217600000,8.77],[1514304000000,7.09],[1514390400000,7.84],[1514476800000,8.16],[1514822400000,9.68],[1514908800000,10.32],[1514995200000,10.79],[1515081600000,11.05],[1515340800000,11.63],[1515427200000,12.41],[1515513600000,12.91],[1515600000000,12.85],[1515686400000,13.37],[1515945600000,13.37],[1516032000000,14.27],[1516118400000,13.99],[1516204800000,14.61],[1516291200000,14.99],[1516550400000,16.36],[1516636800000,17.60],[1516723200000,17.79],[1516809600000,17.13],[1516896000000,17.56],[1517155200000,15.43],[1517241600000,14.20],[1517328000000,14.73],[1517414400000,13.93],[1517500800000,14.61],[1517760000000,14.69],[1517846400000,11.33]]}];
/*同类排名*/
var Data_rateInSimilarType = [{"x":1505059200000,"y":486,"sc":"603"},{"x":1505145600000,"y":483,"sc":"603"},{"x":1505232000000,"y":475,"sc":"603"},{"x":1505318400000,"y":470,"sc":"605"},{"x":1505404800000,"y":464,"sc":"605"},{"x":1505664000000,"y":389,"sc":"606"},{"x":1505750400000,"y":368,"sc":"606"},{"x":1505836800000,"y":348,"sc":"603"},{"x":1505923200000,"y":328,"sc":"603"},{"x":1506009600000,"y":317,"sc":"603"},{"x":1506268800000,"y":278,"sc":"603"},{"x":1506355200000,"y":257,"sc":"603"},{"x":1506441600000,"y":225,"sc":"604"},{"x":1506528000000,"y":253,"sc":"604"},{"x":1506614400000,"y":383,"sc":"606"},{"x":1507478400000,"y":375,"sc":"606"},{"x":1507564800000,"y":366,"sc":"607"},{"x":1507651200000,"y":363,"sc":"607"},{"x":1507737600000,"y":360,"sc":"611"},{"x":1507824000000,"y":352,"sc":"611"},{"x":1508083200000,"y":338,"sc":"612"},{"x":1508169600000,"y":335,"sc":"612"},{"x":1508256000000,"y":330,"sc":"611"},{"x":1508342400000,"y":326,"sc":"611"},{"x":1508428800000,"y":333,"sc":"611"},{"x":1508688000000,"y":328,"sc":"606"},{"x":1508774400000,"y":327,"sc":"606"},{"x":1508860800000,"y":328,"sc":"607"},{"x":1508947200000,"y":322,"sc":"607"},{"x":1509033600000,"y":317,"sc":"607"},{"x":1509292800000,"y":300,"sc":"609"},{"x":1509379200000,"y":291,"sc":"610"},{"x":1509465600000,"y":278,"sc":"610"},{"x":1509552000000,"y":281,"sc":"613"},{"x":1509638400000,"y":279,"sc":"617"},{"x":1509897600000,"y":275,"sc":"621"},{"x":1509984000000,"y":272,"sc":"621"},{"x":1510070400000,"y":271,"sc":"621"},{"x":1510156800000,"y":269,"sc":"623"},{"x":1510243200000,"y":267,"sc":"623"},{"x":1510502400000,"y":269,"sc":"633"},{"x":1510588800000,"y":269,"sc":"635"},{"x":1510675200000,"y":269,"sc":"635"},{"x":1510761600000,"y":264,"sc":"635"},{"x":1510848000000,"y":263,"sc":"636"},{"x":1511107200000,"y":259,"sc":"636"},{"x":1511193600000,"y":258,"sc":"636"},{"x":1511280000000,"y":257,"sc":"636"},{"x":1511366400000,"y":256,"sc":"636"},{"x":1511452800000,"y":252,"sc":"637"},{"x":1511712000000,"y":246,"sc":"640"},{"x":1511798400000,"y":242,"sc":"640"},{"x":1511884800000,"y":239,"sc":"640"},{"x":1511971200000,"y":237,"sc":"641"},{"x":1512057600000,"y":233,"sc":"643"},{"x":1512316800000,"y":222,"sc":"643"},{"x":1512403200000,"y":218,"sc":"643"},{"x":1512489600000,"y":214,"sc":"643"},{"x":1512576000000,"y":215,"sc":"644"},{"x":1512662400000,"y":216,"sc":"652"},{"x":1512921600000,"y":219,"sc":"652"},{"x":1513008000000,"y":217,"sc":"653"},{"x":1513094400000,"y":217,"sc":"653"},{"x":1513180800000,"y":215,"sc":"654"},{"x":1513267200000,"y":213,"sc":"656"},{"x":1513526400000,"y":217,"sc":"656"},{"x":1513612800000,"y":213,"sc":"656"},{"x":1513699200000,"y":209,"sc":"656"},{"x":1513785600000,"y":211,"sc":"655"},{"x":1513872000000,"y":210,"sc":"655"},{"x":1514131200000,"y":203,"sc":"655"},{"x":1514217600000,"y":205,"sc":"655"},{"x":1514304000000,"y":200,"sc":"654"},{"x":1514390400000,"y":182,"sc":"655"},{"x":1514476800000,"y":163,"sc":"655"},{"x":1514822400000,"y":102,"sc":"655"},{"x":1514908800000,"y":91,"sc":"655"},{"x":1514995200000,"y":95,"sc":"655"},{"x":1515081600000,"y":93,"sc":"655"},{"x":1515340800000,"y":109,"sc":"655"},{"x":1515427200000,"y":105,"sc":"655"},{"x":1515513600000,"y":114,"sc":"656"},{"x":1515600000000,"y":115,"sc":"657"},{"x":1515686400000,"y":120,"sc":"657"},{"x":1515945600000,"y":145,"sc":"657"},{"x":1516032000000,"y":153,"sc":"657"},{"x":1516118400000,"y":156,"sc":"657"},{"x":1516204800000,"y":158,"sc":"657"},{"x":1516291200000,"y":160,"sc":"657"},{"x":1516550400000,"y":155,"sc":"657"},{"x":1516636800000,"y":160,"sc":"657"},{"x":1516723200000,"y":163,"sc":"657"},{"x":1516809600000,"y":165,"sc":"657"},{"x":1516896000000,"y":168,"sc":"655"},{"x":1517155200000,"y":175,"sc":"656"},{"x":1517241600000,"y":180,"sc":"656"},{"x":1517328000000,"y":129,"sc":"656"},{"x":1517414400000,"y":141,"sc":"656"},{"x":1517500800000,"y":132,"sc":"656"},{"x":1517760000000,"y":157,"sc":"656"},{"x":1517846400000,"y":165,"sc":"656"}];
/*百分比排名*/
var Data_rateInSimilarPersent = [[1505059200000,19.4000],[1505145600000,19.9000],[1505232000000,21.2300],[1505318400000,22.3100],[1505404800000,23.3100],[1505664000000,35.8100],[1505750400000,39.2700],[1505836800000,42.2900],[1505923200000,45.6100],[1506009600000,47.4300],[1506268800000,53.9000],[1506355200000,57.3800],[1506441600000,62.7500],[1506528000000,58.1100],[1506614400000,36.8000],[1507478400000,38.1200],[1507564800000,39.7000],[1507651200000,40.2000],[1507737600000,41.0800],[1507824000000,42.3900],[1508083200000,44.7700],[1508169600000,45.2600],[1508256000000,45.9900],[1508342400000,46.6400],[1508428800000,45.5000],[1508688000000,45.8700],[1508774400000,46.0400],[1508860800000,45.9600],[1508947200000,46.9500],[1509033600000,47.7800],[1509292800000,50.7400],[1509379200000,52.3000],[1509465600000,54.4300],[1509552000000,54.1600],[1509638400000,54.7800],[1509897600000,55.7200],[1509984000000,56.2000],[1510070400000,56.3600],[1510156800000,56.8200],[1510243200000,57.1400],[1510502400000,57.5000],[1510588800000,57.6400],[1510675200000,57.6400],[1510761600000,58.4300],[1510848000000,58.6500],[1511107200000,59.2800],[1511193600000,59.4300],[1511280000000,59.5900],[1511366400000,59.7500],[1511452800000,60.4400],[1511712000000,61.5600],[1511798400000,62.1900],[1511884800000,62.6600],[1511971200000,63.0300],[1512057600000,63.7600],[1512316800000,65.4700],[1512403200000,66.1000],[1512489600000,66.7200],[1512576000000,66.6100],[1512662400000,66.8700],[1512921600000,66.4100],[1513008000000,66.7700],[1513094400000,66.7700],[1513180800000,67.1300],[1513267200000,67.5300],[1513526400000,66.9200],[1513612800000,67.5300],[1513699200000,68.1400],[1513785600000,67.7900],[1513872000000,67.9400],[1514131200000,69.0100],[1514217600000,68.7000],[1514304000000,69.4200],[1514390400000,72.2100],[1514476800000,75.1100],[1514822400000,84.4300],[1514908800000,86.1100],[1514995200000,85.5000],[1515081600000,85.8000],[1515340800000,83.3600],[1515427200000,83.9700],[1515513600000,82.6200],[1515600000000,82.5000],[1515686400000,81.7400],[1515945600000,77.9300],[1516032000000,76.7100],[1516118400000,76.2600],[1516204800000,75.9500],[1516291200000,75.6500],[1516550400000,76.4100],[1516636800000,75.6500],[1516723200000,75.1900],[1516809600000,74.8900],[1516896000000,74.3500],[1517155200000,73.3200],[1517241600000,72.5600],[1517328000000,80.3400],[1517414400000,78.5100],[1517500800000,79.8800],[1517760000000,76.0700],[1517846400000,74.8500]];
/*规模变动*/
var Data_fluctuationScale = {"categories":["2017-06-08","2017-06-09","2017-06-30","2017-09-30","2017-12-31"],"series":[{"y":4.27,"mom":"--"},{"y":4.27,"mom":"0.00%"},{"y":0.49,"mom":"-88.51%"},{"y":2.07,"mom":"321.28%"},{"y":3.17,"mom":"53.14%"}]};;
/*持有人结构*/
var Data_holderStructure = {"series":[{"name":"机构持有比例","data":[]},{"name":"个人持有比例","data":[]},{"name":"内部持有比例","data":[]}],"categories":[]};
/*申购赎回*/
var Data_assetAllocation ={"series":[{"name":"期间申购","data":[2.32,2.63]},{"name":"期间赎回","data":[0.75,1.53]},{"name":"总份额","data":[2.07,3.17]}],"categories":["2017-09-30","2017-12-31"]};
/*现任基金经理*/
var Data_currentFundManager = [{"id":"30282411","pic":"https://pdf.dfcfw.com/pdf/H8_JPG30282411_1.jpg","name":"叶朝明","star":4,"workTime":"3年又345天","fundSize":"1556.33亿(9只基金)","power":{"avr":"70.05","categories":["经验值","收益率","影响力","稳定性","管理规模"],"dsc":["反映基金经理从业年限和管理基金的经验","根据基金经理投资的阶段收益评分，反映\u003cbr\u003e基金经理投资的盈利能力","根据基金经理所管理基金的机构和个人投\u003cbr\u003e资者持有比例评分","反映基金经理投资收益的波动","根据基金经理现任管理基金资产规模评分"],"data":[72.20,62.10,19.70,72.10,92.40],"jzrq":"2018-02-06"},"profit":{"categories":["任期收益","同类平均"],"series":[{"data":[{"name":null,"color":"#7cb5ec","y":2.7057},{"name":null,"color":"#414c7b","y":2.71}]}],"jzrq":"2018-02-06"}},{"id":"30070812","pic":"https://pdf.dfcfw.com/pdf/H8_JPG30070812_1.jpg","name":"刘建岩","star":4,"workTime":"6年又307天","fundSize":"140.20亿(9只基金)","power":{"avr":"72.62","categories":["经验值","收益率","抗风险","稳定性","管理规模"],"dsc":["反映基金经理从业年限和管理基金的经验","根据基金经理投资的阶段收益评分，反映\u003cbr\u003e基金经理投资的盈利能力","反映基金经理投资的回撤控制能力","反映基金经理投资收益的波动","根据基金经理现任管理基金资产规模评分"],"data":[83.50,93.90,72.80,65.50,21.50],"jzrq":"2018-02-06"},"profit":{"categories":["任期收益","同类平均"],"series":[{"data":[{"name":null,"color":"#7cb5ec","y":2.0917},{"name":null,"color":"#414c7b","y":2.03}]}],"jzrq":"2018-02-06"}}] ;
/*同类型基金涨幅榜（页面底部通栏）*/
var swithSameType = [['002895_华夏天利货币B_5.8750','002894_华夏天利货币A_5.6210','004398_融通现金宝货币B_5.3370','000902_国开货币B_5.3360','001478_泰康薪意保货币B_5.1400'],['002895_华夏天利货币B_5.26','004973_长城收益宝货币B_5.08','004904_人保货币B_5.05','002884_华润元大现金通货币B_5.01','002894_华夏天利货币A_5.01'],['004973_长城收益宝货币B_5.05','004770_海富通添益货币A_4.99','002884_华润元大现金通货币B_4.99','005151_红土创新优淳货币B_4.90','002895_华夏天利货币B_4.89'],['004770_海富通添益货币A_5.39','004973_长城收益宝货币B_5.13','002884_华润元大现金通货币B_5.03','002895_华夏天利货币B_5.03','004398_融通现金宝货币B_5.01'],['003679_中融现金增利货币C_4.67','003474_南方天天利货币B_4.55','000836_国投瑞银钱多宝货币A_4.52','000837_国投瑞银钱多宝货币I_4.52','003753_工银如意货币B_4.51']];