/**
 * 测试数据
 * @type {arry}
 */
/*2018-02-07 18:00:51*/
//基金或股票信息
var fS_name = "华夏惠利货币A";
var fS_code = "004056";
var fund_minsg="";
var ishb=true;
/*原费率*/
var fund_sourceRate="0";
/*现费率*/
var fund_Rate="0";
/*最小申购金额*/
var fund_minsg="";
/*收益率*/
/*近一年收益率*/
var syl_1n="";
/*近6月收益率*/
var syl_6y="1.987";
/*近三月收益率*/
var syl_3y="0.9913";
/*近一月收益率*/
var syl_1y="0.3521";
/* 基金收益走势图 每万份收益*/
var Data_millionCopiesIncome = [[1486915200000,1.3383],[1487001600000,0.9979],[1487088000000,1.0044],[1487174400000,1.0051],[1487260800000,1.0116],[1487433600000,2.0428],[1487520000000,1.01],[1487606400000,0.978],[1487692800000,1.006],[1487779200000,1.017],[1487865600000,1.0063],[1488038400000,2.0274],[1488124800000,1.0262],[1488211200000,1.0445],[1488297600000,1.096],[1488384000000,1.086],[1488470400000,1.0861],[1488643200000,2.1657],[1488729600000,1.0908],[1488816000000,0.804],[1488902400000,1.1175],[1488988800000,1.1249],[1489075200000,1.1064],[1489248000000,2.2122],[1489334400000,1.0489],[1489420800000,1.0752],[1489507200000,1.045],[1489593600000,1.051],[1489680000000,1.0991],[1489852800000,2.2322],[1489939200000,0.9142],[1490025600000,0.9271],[1490112000000,1.2193],[1490198400000,1.1515],[1490284800000,1.1411],[1490457600000,2.2856],[1490544000000,1.2626],[1490630400000,1.3049],[1490716800000,1.1929],[1490803200000,1.2941],[1490889600000,1.2892],[1491235200000,5.1352],[1491321600000,1.1714],[1491408000000,1.1485],[1491494400000,1.1404],[1491667200000,2.274],[1491753600000,0.8966],[1491840000000,0.9598],[1491926400000,1.0521],[1492012800000,1.0619],[1492099200000,1.0642],[1492272000000,2.1346],[1492358400000,1.0717],[1492444800000,1.0938],[1492531200000,1.0903],[1492617600000,1.0829],[1492704000000,1.1091],[1492876800000,2.227],[1492963200000,1.1083],[1493049600000,1.1157],[1493136000000,1.1111],[1493222400000,1.113],[1493308800000,1.1397],[1493568000000,3.4374],[1493654400000,1.115],[1493740800000,1.0926],[1493827200000,1.1061],[1493913600000,0.625],[1494086400000,2.2095],[1494172800000,0.7427],[1494259200000,1.1327],[1494345600000,1.0883],[1494432000000,1.0997],[1494518400000,1.0789],[1494691200000,2.1298],[1494777600000,1.0863],[1494864000000,1.0883],[1494950400000,0.8706],[1495036800000,0.7899],[1495123200000,1.1384],[1495296000000,2.2874],[1495382400000,1.1092],[1495468800000,0.8237],[1495555200000,0.8135],[1495641600000,1.1288],[1495728000000,1.1314],[1496073600000,4.5381],[1496160000000,1.1428],[1496246400000,1.1484],[1496332800000,1.1594],[1496505600000,2.3176],[1496592000000,1.1557],[1496678400000,1.105],[1496764800000,1.1054],[1496851200000,1.09],[1496937600000,1.096],[1497110400000,2.1909],[1497196800000,1.1067],[1497283200000,1.0985],[1497369600000,1.0544],[1497456000000,1.0572],[1497542400000,1.3063],[1497715200000,2.293],[1497801600000,1.1603],[1497888000000,1.1612],[1497974400000,1.1747],[1498060800000,1.196],[1498147200000,1.1914],[1498320000000,2.2652],[1498406400000,1.1177],[1498492800000,1.2047],[1498579200000,1.5656],[1498665600000,1.6658],[1498752000000,1.261],[1498924800000,2.3476],[1499011200000,1.1696],[1499097600000,1.125],[1499184000000,1.0755],[1499270400000,1.1224],[1499356800000,1.1227],[1499529600000,2.2394],[1499616000000,2.2585],[1499702400000,1.1808],[1499788800000,1.1617],[1499875200000,1.1506],[1499961600000,1.1391],[1500134400000,2.2734],[1500220800000,1.1395],[1500307200000,1.109],[1500393600000,1.1038],[1500480000000,1.1107],[1500566400000,1.1028],[1500739200000,2.2025],[1500825600000,1.0958],[1500912000000,1.1118],[1500998400000,1.104],[1501084800000,1.1059],[1501171200000,1.0774],[1501344000000,2.1879],[1501430400000,1.0255],[1501516800000,0.9805],[1501603200000,1.0688],[1501689600000,1.1525],[1501776000000,1.3611],[1501948800000,1.8376],[1502035200000,1.1487],[1502121600000,1.1482],[1502208000000,1.1466],[1502294400000,1.1272],[1502380800000,1.1221],[1502553600000,2.2073],[1502640000000,1.1169],[1502726400000,1.1059],[1502812800000,1.1026],[1502899200000,1.0257],[1502985600000,1.1094],[1503158400000,2.2551],[1503244800000,1.0974],[1503331200000,0.8889],[1503417600000,1.0604],[1503504000000,1.0605],[1503590400000,1.0578],[1503763200000,2.1132],[1503849600000,1.0805],[1503936000000,1.0341],[1504022400000,1.1982],[1504108800000,0.8679],[1504195200000,1.0949],[1504281600000,1.0905],[1504368000000,1.0906],[1504454400000,1.0854],[1504540800000,1.0991],[1504627200000,1.0847],[1504713600000,1.0815],[1504800000000,1.0854],[1504886400000,1.0869],[1504972800000,1.0869],[1505059200000,1.0961],[1505145600000,1.1019],[1505232000000,1.0975],[1505318400000,1.0962],[1505404800000,1.0997],[1505491200000,1.0305],[1505577600000,1.0306],[1505664000000,1.0794],[1505750400000,1.0818],[1505836800000,1.0884],[1505923200000,1.0739],[1506009600000,1.0742],[1506096000000,1.0745],[1506182400000,1.0746],[1506268800000,1.0538],[1506355200000,1.1116],[1506441600000,0.9002],[1506528000000,0.7691],[1506614400000,1.6561],[1506700800000,1.022],[1506787200000,1.0221],[1506873600000,1.0222],[1506960000000,1.0223],[1507046400000,1.0224],[1507132800000,1.0225],[1507219200000,1.0225],[1507305600000,1.0226],[1507392000000,1.0227],[1507478400000,1.0476],[1507564800000,1.0762],[1507651200000,1.0822],[1507737600000,0.9883],[1507824000000,1.0368],[1507910400000,1.0688],[1507996800000,1.0688],[1508083200000,1.0398],[1508169600000,1.0525],[1508256000000,1.0519],[1508342400000,1.0774],[1508428800000,1.0786],[1508515200000,1.0445],[1508601600000,1.0446],[1508688000000,1.0445],[1508774400000,1.0358],[1508860800000,1.0561],[1508947200000,1.0495],[1509033600000,1.2585],[1509120000000,0.929],[1509206400000,0.9291],[1509292800000,0.9899],[1509379200000,0.8622],[1509465600000,1.0581],[1509552000000,1.0938],[1509638400000,1.0647],[1509724800000,1.0566],[1509811200000,1.0567],[1509897600000,1.1292],[1509984000000,1.0671],[1510070400000,0.9139],[1510156800000,0.6979],[1510243200000,1.0356],[1510329600000,1.0355],[1510416000000,1.0356],[1510502400000,0.9447],[1510588800000,0.9334],[1510675200000,0.8304],[1510761600000,0.8241],[1510848000000,1.1248],[1510934400000,1.1245],[1511020800000,1.1246],[1511107200000,1.1201],[1511193600000,1.1207],[1511280000000,1.1228],[1511366400000,0.5385],[1511452800000,0.5439],[1511539200000,1.0862],[1511625600000,1.0863],[1511712000000,1.1102],[1511798400000,1.1212],[1511884800000,1.1502],[1511971200000,0.6523],[1512057600000,0.6668],[1512144000000,1.0123],[1512230400000,1.0124],[1512316800000,1.1247],[1512403200000,1.1523],[1512489600000,1.1479],[1512576000000,0.9388],[1512662400000,1.2181],[1512748800000,1.2196],[1512835200000,1.2198],[1512921600000,1.2296],[1513008000000,1.2111],[1513094400000,1.2082],[1513180800000,1.1917],[1513267200000,1.2079],[1513353600000,1.2047],[1513440000000,1.2048],[1513526400000,1.2023],[1513612800000,0.8837],[1513699200000,1.225],[1513785600000,0.9584],[1513872000000,1.267],[1513958400000,1.2643],[1514044800000,1.2644],[1514131200000,1.0086],[1514217600000,1.0536],[1514304000000,0.7366],[1514390400000,0.5271],[1514476800000,0.8732],[1514563200000,1.0388],[1514649600000,1.0389],[1514736000000,1.0268],[1514822400000,1.1632],[1514908800000,1.1031],[1514995200000,1.1046],[1515081600000,1.0756],[1515168000000,1.1573],[1515254400000,1.1574],[1515340800000,1.0432],[1515427200000,1.1018],[1515513600000,1.0997],[1515600000000,1.058],[1515686400000,1.0389],[1515772800000,0.9924],[1515859200000,0.9924],[1515945600000,1.0289],[1516032000000,1.0655],[1516118400000,1.0872],[1516204800000,1.0864],[1516291200000,1.7938],[1516377600000,1.0546],[1516464000000,1.0546],[1516550400000,2.0861],[1516636800000,1.0124],[1516723200000,1.1081],[1516809600000,1.0923],[1516896000000,1.0957],[1516982400000,1.1145],[1517068800000,1.1146],[1517155200000,1.1138],[1517241600000,1.0942],[1517328000000,1.0465],[1517414400000,1.092],[1517500800000,1.0954],[1517587200000,1.0834],[1517673600000,1.0835],[1517760000000,1.088],[1517846400000,1.1773]];
/*基金收益走势图   7日年化收益率*/
var Data_sevenDaysYearIncome = [[1486915200000,1.229],[1487001600000,1.72],[1487088000000,2.053],[1487174400000,2.292],[1487260800000,2.738],[1487433600000,3.708],[1487520000000,3.756],[1487606400000,3.745],[1487692800000,3.746],[1487779200000,3.753],[1487865600000,3.75],[1488038400000,3.741],[1488124800000,3.75],[1488211200000,3.786],[1488297600000,3.835],[1488384000000,3.872],[1488470400000,3.915],[1488643200000,3.99],[1488729600000,4.025],[1488816000000,3.895],[1488902400000,3.907],[1488988800000,3.928],[1489075200000,3.939],[1489248000000,3.964],[1489334400000,3.941],[1489420800000,4.088],[1489507200000,4.049],[1489593600000,4.009],[1489680000000,4.005],[1489852800000,4.016],[1489939200000,3.943],[1490025600000,3.863],[1490112000000,3.957],[1490198400000,4.012],[1490284800000,4.034],[1490457600000,4.063],[1490544000000,4.252],[1490630400000,4.458],[1490716800000,4.444],[1490803200000,4.521],[1490889600000,4.602],[1491235200000,4.756],[1491321600000,4.744],[1491408000000,4.665],[1491494400000,4.584],[1491667200000,4.424],[1491753600000,4.213],[1491840000000,4.037],[1491926400000,3.972],[1492012800000,3.926],[1492099200000,3.884],[1492272000000,3.809],[1492358400000,3.904],[1492444800000,3.976],[1492531200000,3.997],[1492617600000,4.008],[1492704000000,4.033],[1492876800000,4.083],[1492963200000,4.103],[1493049600000,4.115],[1493136000000,4.126],[1493222400000,4.142],[1493308800000,4.159],[1493568000000,4.214],[1493654400000,4.214],[1493740800000,4.204],[1493827200000,4.2],[1493913600000,3.921],[1494086400000,3.876],[1494172800000,3.658],[1494259200000,3.668],[1494345600000,3.665],[1494432000000,3.662],[1494518400000,3.908],[1494691200000,3.865],[1494777600000,4.051],[1494864000000,4.027],[1494950400000,3.909],[1495036800000,3.741],[1495123200000,3.773],[1495296000000,3.858],[1495382400000,3.871],[1495468800000,3.728],[1495555200000,3.697],[1495641600000,3.88],[1495728000000,3.876],[1496073600000,4.049],[1496160000000,4.227],[1496246400000,4.238],[1496332800000,4.253],[1496505600000,4.28],[1496592000000,4.291],[1496678400000,4.275],[1496764800000,4.255],[1496851200000,4.223],[1496937600000,4.189],[1497110400000,4.12],[1497196800000,4.093],[1497283200000,4.09],[1497369600000,4.062],[1497456000000,4.044],[1497542400000,4.158],[1497715200000,4.214],[1497801600000,4.243],[1497888000000,4.277],[1497974400000,4.342],[1498060800000,4.418],[1498147200000,4.355],[1498320000000,4.34],[1498406400000,4.317],[1498492800000,4.341],[1498579200000,4.554],[1498665600000,4.81],[1498752000000,4.848],[1498924800000,4.893],[1499011200000,4.922],[1499097600000,4.878],[1499184000000,4.61],[1499270400000,4.314],[1499356800000,4.239],[1499529600000,4.18],[1499616000000,4.774],[1499702400000,4.804],[1499788800000,4.851],[1499875200000,4.867],[1499961600000,4.875],[1500134400000,4.894],[1500220800000,4.284],[1500307200000,4.245],[1500393600000,4.213],[1500480000000,4.192],[1500566400000,4.172],[1500739200000,4.134],[1500825600000,4.11],[1500912000000,4.111],[1500998400000,4.111],[1501084800000,4.109],[1501171200000,4.095],[1501344000000,4.087],[1501430400000,4.049],[1501516800000,3.978],[1501603200000,3.959],[1501689600000,3.984],[1501776000000,4.138],[1501948800000,3.948],[1502035200000,4.015],[1502121600000,4.106],[1502208000000,4.148],[1502294400000,4.134],[1502380800000,4.004],[1502553600000,4.205],[1502640000000,4.188],[1502726400000,4.165],[1502812800000,4.141],[1502899200000,4.086],[1502985600000,4.079],[1503158400000,4.105],[1503244800000,4.094],[1503331200000,3.977],[1503417600000,3.954],[1503504000000,3.973],[1503590400000,3.945],[1503763200000,3.868],[1503849600000,3.859],[1503936000000,3.937],[1504022400000,4.012],[1504108800000,3.908],[1504195200000,3.928],[1504281600000,3.946],[1504368000000,3.964],[1504454400000,3.967],[1504540800000,4.002],[1504627200000,3.941],[1504713600000,4.057],[1504800000000,4.052],[1504886400000,4.05],[1504972800000,4.048],[1505059200000,4.053],[1505145600000,4.055],[1505232000000,4.062],[1505318400000,4.07],[1505404800000,4.078],[1505491200000,4.047],[1505577600000,4.016],[1505664000000,4.007],[1505750400000,3.996],[1505836800000,3.992],[1505923200000,3.979],[1506009600000,3.966],[1506096000000,3.989],[1506182400000,4.013],[1506268800000,3.999],[1506355200000,4.016],[1506441600000,3.914],[1506528000000,3.749],[1506614400000,4.064],[1506700800000,4.035],[1506787200000,4.007],[1506873600000,3.99],[1506960000000,3.941],[1507046400000,4.008],[1507132800000,4.145],[1507219200000,3.802],[1507305600000,3.802],[1507392000000,3.802],[1507478400000,3.816],[1507564800000,3.845],[1507651200000,3.878],[1507737600000,3.859],[1507824000000,3.867],[1507910400000,3.892],[1507996800000,3.917],[1508083200000,3.913],[1508169600000,3.9],[1508256000000,3.883],[1508342400000,3.932],[1508428800000,3.954],[1508515200000,3.941],[1508601600000,3.928],[1508688000000,3.931],[1508774400000,3.921],[1508860800000,3.924],[1508947200000,3.909],[1509033600000,4.006],[1509120000000,3.944],[1509206400000,3.881],[1509292800000,3.851],[1509379200000,3.757],[1509465600000,3.759],[1509552000000,3.782],[1509638400000,3.678],[1509724800000,3.747],[1509811200000,3.816],[1509897600000,3.891],[1509984000000,4.002],[1510070400000,3.924],[1510156800000,3.71],[1510243200000,3.694],[1510329600000,3.683],[1510416000000,3.671],[1510502400000,3.571],[1510588800000,3.499],[1510675200000,3.454],[1510761600000,3.522],[1510848000000,3.571],[1510934400000,3.619],[1511020800000,3.667],[1511107200000,3.762],[1511193600000,3.863],[1511280000000,4.021],[1511366400000,3.867],[1511452800000,3.552],[1511539200000,3.532],[1511625600000,3.511],[1511712000000,3.506],[1511798400000,3.506],[1511884800000,3.521],[1511971200000,3.582],[1512057600000,3.649],[1512144000000,3.609],[1512230400000,3.569],[1512316800000,3.577],[1512403200000,3.593],[1512489600000,3.592],[1512576000000,3.747],[1512662400000,4.046],[1512748800000,4.158],[1512835200000,4.271],[1512921600000,4.328],[1513008000000,4.36],[1513094400000,4.393],[1513180800000,4.531],[1513267200000,4.525],[1513353600000,4.517],[1513440000000,4.509],[1513526400000,4.494],[1513612800000,4.316],[1513699200000,4.325],[1513785600000,4.198],[1513872000000,4.23],[1513958400000,4.262],[1514044800000,4.295],[1514131200000,4.19],[1514217600000,4.282],[1514304000000,4.017],[1514390400000,3.783],[1514476800000,3.57],[1514563200000,3.448],[1514649600000,3.327],[1514736000000,3.337],[1514822400000,3.396],[1514908800000,3.594],[1514995200000,3.906],[1515081600000,4.016],[1515168000000,4.08],[1515254400000,4.144],[1515340800000,4.153],[1515427200000,4.12],[1515513600000,4.118],[1515600000000,4.093],[1515686400000,4.073],[1515772800000,3.983],[1515859200000,3.894],[1515945600000,3.886],[1516032000000,3.866],[1516118400000,3.86],[1516204800000,3.875],[1516291200000,4.285],[1516377600000,4.319],[1516464000000,4.352],[1516550400000,4.929],[1516636800000,4.9],[1516723200000,4.912],[1516809600000,4.915],[1516896000000,4.534],[1516982400000,4.566],[1517068800000,4.599],[1517155200000,4.07],[1517241600000,4.114],[1517328000000,4.081],[1517414400000,4.081],[1517500800000,4.081],[1517587200000,4.064],[1517673600000,4.047],[1517760000000,4.033],[1517846400000,4.078]];
/*资产配置*/
var Data_assetAllocationCurrency ={"categories":["12-31","09-30","06-30"],"series":[{"name":"股票","data":[null,null,null]},{"name":"债券","data":[91.61,72.92,41.68]},{"name":"现金","data":[11.69,28.24,66.19]}]};
/*累计收益率走势*/
var Data_grandTotal = [{"name":"华夏惠利货币A","data":[[1501948800000,0],[1502035200000,0.01],[1502121600000,0.02],[1502208000000,0.03],[1502294400000,0.05],[1502380800000,0.06],[1502553600000,0.08],[1502640000000,0.09],[1502726400000,0.10],[1502812800000,0.11],[1502899200000,0.12],[1502985600000,0.13],[1503158400000,0.16],[1503244800000,0.17],[1503331200000,0.18],[1503417600000,0.19],[1503504000000,0.20],[1503590400000,0.21],[1503763200000,0.23],[1503849600000,0.24],[1503936000000,0.25],[1504022400000,0.26],[1504108800000,0.27],[1504195200000,0.28],[1504281600000,0.29],[1504368000000,0.30],[1504454400000,0.31],[1504540800000,0.33],[1504627200000,0.34],[1504713600000,0.35],[1504800000000,0.36],[1504886400000,0.37],[1504972800000,0.38],[1505059200000,0.39],[1505145600000,0.40],[1505232000000,0.41],[1505318400000,0.42],[1505404800000,0.44],[1505491200000,0.45],[1505577600000,0.46],[1505664000000,0.47],[1505750400000,0.48],[1505836800000,0.49],[1505923200000,0.50],[1506009600000,0.51],[1506096000000,0.52],[1506182400000,0.53],[1506268800000,0.54],[1506355200000,0.55],[1506441600000,0.56],[1506528000000,0.57],[1506614400000,0.59],[1506700800000,0.60],[1506787200000,0.61],[1506873600000,0.62],[1506960000000,0.63],[1507046400000,0.64],[1507132800000,0.65],[1507219200000,0.66],[1507305600000,0.67],[1507392000000,0.68],[1507478400000,0.69],[1507564800000,0.70],[1507651200000,0.71],[1507737600000,0.72],[1507824000000,0.73],[1507910400000,0.74],[1507996800000,0.75],[1508083200000,0.76],[1508169600000,0.78],[1508256000000,0.79],[1508342400000,0.80],[1508428800000,0.81],[1508515200000,0.82],[1508601600000,0.83],[1508688000000,0.84],[1508774400000,0.85],[1508860800000,0.86],[1508947200000,0.87],[1509033600000,0.88],[1509120000000,0.89],[1509206400000,0.90],[1509292800000,0.91],[1509379200000,0.92],[1509465600000,0.93],[1509552000000,0.94],[1509638400000,0.95],[1509724800000,0.96],[1509811200000,0.97],[1509897600000,0.99],[1509984000000,1.00],[1510070400000,1.01],[1510156800000,1.01],[1510243200000,1.02],[1510329600000,1.03],[1510416000000,1.04],[1510502400000,1.05],[1510588800000,1.06],[1510675200000,1.07],[1510761600000,1.08],[1510848000000,1.09],[1510934400000,1.10],[1511020800000,1.11],[1511107200000,1.13],[1511193600000,1.14],[1511280000000,1.15],[1511366400000,1.15],[1511452800000,1.16],[1511539200000,1.17],[1511625600000,1.18],[1511712000000,1.19],[1511798400000,1.20],[1511884800000,1.22],[1511971200000,1.22],[1512057600000,1.23],[1512144000000,1.24],[1512230400000,1.25],[1512316800000,1.26],[1512403200000,1.27],[1512489600000,1.28],[1512576000000,1.29],[1512662400000,1.31],[1512748800000,1.32],[1512835200000,1.33],[1512921600000,1.34],[1513008000000,1.36],[1513094400000,1.37],[1513180800000,1.38],[1513267200000,1.39],[1513353600000,1.40],[1513440000000,1.42],[1513526400000,1.43],[1513612800000,1.44],[1513699200000,1.45],[1513785600000,1.46],[1513872000000,1.47],[1513958400000,1.49],[1514044800000,1.50],[1514131200000,1.51],[1514217600000,1.52],[1514304000000,1.53],[1514390400000,1.53],[1514476800000,1.54],[1514563200000,1.55],[1514649600000,1.56],[1514736000000,1.57],[1514822400000,1.58],[1514908800000,1.60],[1514995200000,1.61],[1515081600000,1.62],[1515168000000,1.63],[1515254400000,1.64],[1515340800000,1.65],[1515427200000,1.66],[1515513600000,1.67],[1515600000000,1.68],[1515686400000,1.70],[1515772800000,1.71],[1515859200000,1.72],[1515945600000,1.73],[1516032000000,1.74],[1516118400000,1.75],[1516204800000,1.76],[1516291200000,1.78],[1516377600000,1.79],[1516464000000,1.80],[1516550400000,1.82],[1516636800000,1.83],[1516723200000,1.84],[1516809600000,1.85],[1516896000000,1.86],[1516982400000,1.87],[1517068800000,1.89],[1517155200000,1.90],[1517241600000,1.91],[1517328000000,1.92],[1517414400000,1.93],[1517500800000,1.94],[1517587200000,1.95],[1517673600000,1.96],[1517760000000,1.98],[1517846400000,1.99]]},{"name":"同类平均","data":[[1502035200000,0],[1502121600000,0.01],[1502208000000,0.02],[1502294400000,0.03],[1502380800000,0.04],[1502640000000,0.07],[1502726400000,0.08],[1502812800000,0.09],[1502899200000,0.10],[1502985600000,0.11],[1503244800000,0.14],[1503331200000,0.16],[1503417600000,0.17],[1503504000000,0.18],[1503590400000,0.19],[1503849600000,0.22],[1503936000000,0.23],[1504022400000,0.24],[1504108800000,0.25],[1504195200000,0.26],[1504454400000,0.29],[1504540800000,0.30],[1504627200000,0.31],[1504713600000,0.32],[1504800000000,0.34],[1505059200000,0.37],[1505145600000,0.38],[1505232000000,0.39],[1505318400000,0.40],[1505404800000,0.41],[1505664000000,0.44],[1505750400000,0.45],[1505836800000,0.46],[1505923200000,0.47],[1506009600000,0.48],[1506268800000,0.52],[1506355200000,0.53],[1506441600000,0.54],[1506528000000,0.55],[1506614400000,0.56],[1507478400000,0.67],[1507564800000,0.68],[1507651200000,0.69],[1507737600000,0.71],[1507824000000,0.72],[1508083200000,0.75],[1508169600000,0.76],[1508256000000,0.77],[1508342400000,0.78],[1508428800000,0.79],[1508688000000,0.82],[1508774400000,0.83],[1508860800000,0.84],[1508947200000,0.85],[1509033600000,0.86],[1509292800000,0.90],[1509379200000,0.91],[1509465600000,0.92],[1509552000000,0.93],[1509638400000,0.94],[1509897600000,0.97],[1509984000000,0.98],[1510070400000,0.99],[1510156800000,1.00],[1510243200000,1.01],[1510502400000,1.04],[1510588800000,1.06],[1510675200000,1.07],[1510761600000,1.08],[1510848000000,1.09],[1511107200000,1.12],[1511193600000,1.13],[1511280000000,1.14],[1511366400000,1.15],[1511452800000,1.16],[1511712000000,1.20],[1511798400000,1.21],[1511884800000,1.22],[1511971200000,1.23],[1512057600000,1.24],[1512316800000,1.28],[1512403200000,1.29],[1512489600000,1.30],[1512576000000,1.31],[1512662400000,1.32],[1512921600000,1.35],[1513008000000,1.36],[1513094400000,1.38],[1513180800000,1.39],[1513267200000,1.40],[1513526400000,1.43],[1513612800000,1.44],[1513699200000,1.46],[1513785600000,1.47],[1513872000000,1.48],[1514131200000,1.51],[1514217600000,1.53],[1514304000000,1.54],[1514390400000,1.55],[1514476800000,1.57],[1514822400000,1.62],[1514908800000,1.64],[1514995200000,1.65],[1515081600000,1.66],[1515340800000,1.69],[1515427200000,1.71],[1515513600000,1.72],[1515600000000,1.73],[1515686400000,1.74],[1515945600000,1.77],[1516032000000,1.79],[1516118400000,1.80],[1516204800000,1.81],[1516291200000,1.82],[1516550400000,1.86],[1516636800000,1.87],[1516723200000,1.88],[1516809600000,1.89],[1516896000000,1.90],[1517155200000,1.94],[1517241600000,1.95],[1517328000000,1.96],[1517414400000,1.97],[1517500800000,1.98],[1517760000000,2.02],[1517846400000,2.03]]},{"name":"沪深300","data":[[1502035200000,0],[1502121600000,0.15],[1502208000000,0.11],[1502294400000,-0.29],[1502380800000,-2.13],[1502640000000,-0.86],[1502726400000,-0.56],[1502812800000,-0.68],[1502899200000,-0.15],[1502985600000,-0.06],[1503244800000,0.38],[1503331200000,0.68],[1503417600000,0.79],[1503504000000,0.21],[1503590400000,1.85],[1503849600000,3.11],[1503936000000,2.89],[1504022400000,2.88],[1504108800000,2.56],[1504195200000,2.78],[1504454400000,3.19],[1504540800000,3.50],[1504627200000,3.29],[1504713600000,2.77],[1504800000000,2.66],[1505059200000,2.65],[1505145600000,2.98],[1505232000000,3.11],[1505318400000,2.77],[1505404800000,2.80],[1505664000000,3.12],[1505750400000,2.83],[1505836800000,3.10],[1505923200000,2.98],[1506009600000,2.98],[1506268800000,2.44],[1506355200000,2.52],[1506441600000,2.53],[1506528000000,2.57],[1506614400000,2.94],[1507478400000,4.17],[1507564800000,4.38],[1507651200000,4.72],[1507737600000,5.00],[1507824000000,5.21],[1508083200000,5.01],[1508169600000,5.00],[1508256000000,5.83],[1508342400000,5.49],[1508428800000,5.37],[1508688000000,5.47],[1508774400000,6.24],[1508860800000,6.71],[1508947200000,7.16],[1509033600000,7.92],[1509292800000,7.59],[1509379200000,7.51],[1509465600000,7.24],[1509552000000,7.25],[1509638400000,7.13],[1509897600000,7.89],[1509984000000,8.79],[1510070400000,8.62],[1510156800000,9.37],[1510243200000,10.33],[1510502400000,10.77],[1510588800000,10.00],[1510675200000,9.31],[1510761600000,10.15],[1510848000000,10.57],[1511107200000,11.19],[1511193600000,13.17],[1511280000000,13.44],[1511366400000,10.08],[1511452800000,10.13],[1511712000000,8.67],[1511798400000,8.83],[1511884800000,8.77],[1511971200000,7.49],[1512057600000,7.28],[1512316800000,7.84],[1512403200000,8.41],[1512489600000,7.76],[1512576000000,6.55],[1512662400000,7.42],[1512921600000,9.20],[1513008000000,7.76],[1513094400000,8.67],[1513180800000,8.03],[1513267200000,6.82],[1513526400000,6.94],[1513612800000,8.28],[1513699200000,8.15],[1513785600000,9.15],[1513872000000,8.80],[1514131200000,8.45],[1514217600000,8.77],[1514304000000,7.09],[1514390400000,7.84],[1514476800000,8.16],[1514822400000,9.68],[1514908800000,10.32],[1514995200000,10.79],[1515081600000,11.05],[1515340800000,11.63],[1515427200000,12.41],[1515513600000,12.91],[1515600000000,12.85],[1515686400000,13.37],[1515945600000,13.37],[1516032000000,14.27],[1516118400000,13.99],[1516204800000,14.61],[1516291200000,14.99],[1516550400000,16.36],[1516636800000,17.60],[1516723200000,17.79],[1516809600000,17.13],[1516896000000,17.56],[1517155200000,15.43],[1517241600000,14.20],[1517328000000,14.73],[1517414400000,13.93],[1517500800000,14.61],[1517760000000,14.69],[1517846400000,11.33]]}];
/*同类排名*/
var Data_rateInSimilarType = [{"x":1494777600000,"y":86,"sc":"554"},{"x":1494864000000,"y":85,"sc":"556"},{"x":1494950400000,"y":87,"sc":"560"},{"x":1495036800000,"y":83,"sc":"560"},{"x":1495123200000,"y":90,"sc":"560"},{"x":1495382400000,"y":87,"sc":"560"},{"x":1495468800000,"y":96,"sc":"562"},{"x":1495555200000,"y":102,"sc":"564"},{"x":1495641600000,"y":92,"sc":"564"},{"x":1495728000000,"y":98,"sc":"564"},{"x":1496160000000,"y":91,"sc":"564"},{"x":1496246400000,"y":91,"sc":"564"},{"x":1496332800000,"y":92,"sc":"564"},{"x":1496592000000,"y":89,"sc":"566"},{"x":1496678400000,"y":92,"sc":"566"},{"x":1496764800000,"y":84,"sc":"566"},{"x":1496851200000,"y":89,"sc":"566"},{"x":1496937600000,"y":90,"sc":"566"},{"x":1497196800000,"y":96,"sc":"574"},{"x":1497283200000,"y":97,"sc":"574"},{"x":1497369600000,"y":102,"sc":"575"},{"x":1497456000000,"y":103,"sc":"575"},{"x":1497542400000,"y":103,"sc":"575"},{"x":1497801600000,"y":107,"sc":"577"},{"x":1497888000000,"y":106,"sc":"577"},{"x":1497974400000,"y":104,"sc":"575"},{"x":1498060800000,"y":106,"sc":"575"},{"x":1498147200000,"y":111,"sc":"576"},{"x":1498406400000,"y":114,"sc":"579"},{"x":1498492800000,"y":115,"sc":"579"},{"x":1498579200000,"y":115,"sc":"579"},{"x":1498665600000,"y":111,"sc":"579"},{"x":1498752000000,"y":111,"sc":"582"},{"x":1499011200000,"y":90,"sc":"582"},{"x":1499097600000,"y":130,"sc":"582"},{"x":1499184000000,"y":134,"sc":"583"},{"x":1499270400000,"y":133,"sc":"583"},{"x":1499356800000,"y":132,"sc":"583"},{"x":1499616000000,"y":110,"sc":"583"},{"x":1499702400000,"y":108,"sc":"583"},{"x":1499788800000,"y":107,"sc":"583"},{"x":1499875200000,"y":107,"sc":"583"},{"x":1499961600000,"y":106,"sc":"586"},{"x":1500220800000,"y":107,"sc":"586"},{"x":1500307200000,"y":111,"sc":"586"},{"x":1500393600000,"y":110,"sc":"589"},{"x":1500480000000,"y":111,"sc":"589"},{"x":1500566400000,"y":115,"sc":"593"},{"x":1500825600000,"y":123,"sc":"593"},{"x":1500912000000,"y":123,"sc":"593"},{"x":1500998400000,"y":125,"sc":"594"},{"x":1501084800000,"y":127,"sc":"594"},{"x":1501171200000,"y":128,"sc":"594"},{"x":1501430400000,"y":118,"sc":"594"},{"x":1501516800000,"y":142,"sc":"594"},{"x":1501603200000,"y":148,"sc":"594"},{"x":1501689600000,"y":147,"sc":"594"},{"x":1501776000000,"y":139,"sc":"594"},{"x":1502035200000,"y":136,"sc":"596"},{"x":1502121600000,"y":128,"sc":"596"},{"x":1502208000000,"y":130,"sc":"596"},{"x":1502294400000,"y":131,"sc":"596"},{"x":1502380800000,"y":136,"sc":"596"},{"x":1502640000000,"y":139,"sc":"596"},{"x":1502726400000,"y":138,"sc":"596"},{"x":1502812800000,"y":140,"sc":"596"},{"x":1502899200000,"y":136,"sc":"596"},{"x":1502985600000,"y":128,"sc":"596"},{"x":1503244800000,"y":138,"sc":"597"},{"x":1503331200000,"y":144,"sc":"597"},{"x":1503417600000,"y":135,"sc":"597"},{"x":1503504000000,"y":129,"sc":"596"},{"x":1503590400000,"y":131,"sc":"596"},{"x":1503849600000,"y":122,"sc":"600"},{"x":1503936000000,"y":120,"sc":"600"},{"x":1504022400000,"y":153,"sc":"600"},{"x":1504108800000,"y":162,"sc":"601"},{"x":1504195200000,"y":162,"sc":"601"},{"x":1504454400000,"y":171,"sc":"601"},{"x":1504540800000,"y":179,"sc":"601"},{"x":1504627200000,"y":179,"sc":"601"},{"x":1504713600000,"y":179,"sc":"601"},{"x":1504800000000,"y":179,"sc":"601"},{"x":1505059200000,"y":180,"sc":"603"},{"x":1505145600000,"y":178,"sc":"603"},{"x":1505232000000,"y":181,"sc":"603"},{"x":1505318400000,"y":184,"sc":"605"},{"x":1505404800000,"y":182,"sc":"605"},{"x":1505664000000,"y":195,"sc":"606"},{"x":1505750400000,"y":194,"sc":"606"},{"x":1505836800000,"y":191,"sc":"603"},{"x":1505923200000,"y":191,"sc":"603"},{"x":1506009600000,"y":193,"sc":"603"},{"x":1506268800000,"y":196,"sc":"603"},{"x":1506355200000,"y":193,"sc":"603"},{"x":1506441600000,"y":203,"sc":"604"},{"x":1506528000000,"y":231,"sc":"604"},{"x":1506614400000,"y":228,"sc":"606"},{"x":1507478400000,"y":276,"sc":"606"},{"x":1507564800000,"y":323,"sc":"607"},{"x":1507651200000,"y":330,"sc":"607"},{"x":1507737600000,"y":338,"sc":"611"},{"x":1507824000000,"y":339,"sc":"611"},{"x":1508083200000,"y":347,"sc":"612"},{"x":1508169600000,"y":351,"sc":"612"},{"x":1508256000000,"y":355,"sc":"611"},{"x":1508342400000,"y":351,"sc":"611"},{"x":1508428800000,"y":356,"sc":"611"},{"x":1508688000000,"y":363,"sc":"606"},{"x":1508774400000,"y":365,"sc":"606"},{"x":1508860800000,"y":366,"sc":"607"},{"x":1508947200000,"y":368,"sc":"607"},{"x":1509033600000,"y":361,"sc":"607"},{"x":1509292800000,"y":372,"sc":"609"},{"x":1509379200000,"y":375,"sc":"610"},{"x":1509465600000,"y":371,"sc":"610"},{"x":1509552000000,"y":371,"sc":"613"},{"x":1509638400000,"y":377,"sc":"617"},{"x":1509897600000,"y":378,"sc":"621"},{"x":1509984000000,"y":385,"sc":"621"},{"x":1510070400000,"y":387,"sc":"621"},{"x":1510156800000,"y":406,"sc":"623"},{"x":1510243200000,"y":408,"sc":"623"},{"x":1510502400000,"y":425,"sc":"633"},{"x":1510588800000,"y":430,"sc":"635"},{"x":1510675200000,"y":436,"sc":"635"},{"x":1510761600000,"y":450,"sc":"635"},{"x":1510848000000,"y":452,"sc":"636"},{"x":1511107200000,"y":446,"sc":"636"},{"x":1511193600000,"y":447,"sc":"636"},{"x":1511280000000,"y":441,"sc":"636"},{"x":1511366400000,"y":455,"sc":"636"},{"x":1511452800000,"y":470,"sc":"637"},{"x":1511712000000,"y":471,"sc":"640"},{"x":1511798400000,"y":472,"sc":"640"},{"x":1511884800000,"y":471,"sc":"640"},{"x":1511971200000,"y":482,"sc":"641"},{"x":1512057600000,"y":494,"sc":"643"},{"x":1512316800000,"y":499,"sc":"643"},{"x":1512403200000,"y":500,"sc":"643"},{"x":1512489600000,"y":501,"sc":"643"},{"x":1512576000000,"y":511,"sc":"644"},{"x":1512662400000,"y":511,"sc":"652"},{"x":1512921600000,"y":503,"sc":"652"},{"x":1513008000000,"y":501,"sc":"653"},{"x":1513094400000,"y":502,"sc":"653"},{"x":1513180800000,"y":502,"sc":"654"},{"x":1513267200000,"y":501,"sc":"656"},{"x":1513526400000,"y":496,"sc":"656"},{"x":1513612800000,"y":500,"sc":"656"},{"x":1513699200000,"y":500,"sc":"656"},{"x":1513785600000,"y":501,"sc":"655"},{"x":1513872000000,"y":498,"sc":"655"},{"x":1514131200000,"y":494,"sc":"655"},{"x":1514217600000,"y":497,"sc":"655"},{"x":1514304000000,"y":504,"sc":"654"},{"x":1514390400000,"y":512,"sc":"655"},{"x":1514476800000,"y":536,"sc":"655"},{"x":1514822400000,"y":589,"sc":"655"},{"x":1514908800000,"y":595,"sc":"655"},{"x":1514995200000,"y":600,"sc":"655"},{"x":1515081600000,"y":602,"sc":"655"},{"x":1515340800000,"y":560,"sc":"655"},{"x":1515427200000,"y":557,"sc":"655"},{"x":1515513600000,"y":557,"sc":"656"},{"x":1515600000000,"y":557,"sc":"657"},{"x":1515686400000,"y":554,"sc":"657"},{"x":1515945600000,"y":562,"sc":"657"},{"x":1516032000000,"y":561,"sc":"657"},{"x":1516118400000,"y":559,"sc":"657"},{"x":1516204800000,"y":559,"sc":"657"},{"x":1516291200000,"y":546,"sc":"657"},{"x":1516550400000,"y":533,"sc":"657"},{"x":1516636800000,"y":534,"sc":"657"},{"x":1516723200000,"y":530,"sc":"657"},{"x":1516809600000,"y":531,"sc":"657"},{"x":1516896000000,"y":532,"sc":"655"},{"x":1517155200000,"y":531,"sc":"656"},{"x":1517241600000,"y":532,"sc":"656"},{"x":1517328000000,"y":528,"sc":"656"},{"x":1517414400000,"y":529,"sc":"656"},{"x":1517500800000,"y":529,"sc":"656"},{"x":1517760000000,"y":534,"sc":"656"},{"x":1517846400000,"y":531,"sc":"656"}];
/*百分比排名*/
var Data_rateInSimilarPersent = [[1494777600000,84.4800],[1494864000000,84.7100],[1494950400000,84.4600],[1495036800000,85.1800],[1495123200000,83.9300],[1495382400000,84.4600],[1495468800000,82.9200],[1495555200000,81.9100],[1495641600000,83.6900],[1495728000000,82.6200],[1496160000000,83.8700],[1496246400000,83.8700],[1496332800000,83.6900],[1496592000000,84.2800],[1496678400000,83.7500],[1496764800000,85.1600],[1496851200000,84.2800],[1496937600000,84.1000],[1497196800000,83.2800],[1497283200000,83.1000],[1497369600000,82.2600],[1497456000000,82.0900],[1497542400000,82.0900],[1497801600000,81.4600],[1497888000000,81.6300],[1497974400000,81.9100],[1498060800000,81.5700],[1498147200000,80.7300],[1498406400000,80.3100],[1498492800000,80.1400],[1498579200000,80.1400],[1498665600000,80.8300],[1498752000000,80.9300],[1499011200000,84.5400],[1499097600000,77.6600],[1499184000000,77.0200],[1499270400000,77.1900],[1499356800000,77.3600],[1499616000000,81.1300],[1499702400000,81.4800],[1499788800000,81.6500],[1499875200000,81.6500],[1499961600000,81.9100],[1500220800000,81.7400],[1500307200000,81.0600],[1500393600000,81.3200],[1500480000000,81.1500],[1500566400000,80.6100],[1500825600000,79.2600],[1500912000000,79.2600],[1500998400000,78.9600],[1501084800000,78.6200],[1501171200000,78.4500],[1501430400000,80.1300],[1501516800000,76.0900],[1501603200000,75.0800],[1501689600000,75.2500],[1501776000000,76.6000],[1502035200000,77.1800],[1502121600000,78.5200],[1502208000000,78.1900],[1502294400000,78.0200],[1502380800000,77.1800],[1502640000000,76.6800],[1502726400000,76.8500],[1502812800000,76.5100],[1502899200000,77.1800],[1502985600000,78.5200],[1503244800000,76.8800],[1503331200000,75.8800],[1503417600000,77.3900],[1503504000000,78.3600],[1503590400000,78.0200],[1503849600000,79.6700],[1503936000000,80.00],[1504022400000,74.5000],[1504108800000,73.0400],[1504195200000,73.0400],[1504454400000,71.5500],[1504540800000,70.2200],[1504627200000,70.2200],[1504713600000,70.2200],[1504800000000,70.2200],[1505059200000,70.1500],[1505145600000,70.4800],[1505232000000,69.9800],[1505318400000,69.5900],[1505404800000,69.9200],[1505664000000,67.8200],[1505750400000,67.9900],[1505836800000,68.3300],[1505923200000,68.3300],[1506009600000,67.9900],[1506268800000,67.5000],[1506355200000,67.9900],[1506441600000,66.3900],[1506528000000,61.7500],[1506614400000,62.3800],[1507478400000,54.4600],[1507564800000,46.7900],[1507651200000,45.6300],[1507737600000,44.6800],[1507824000000,44.5200],[1508083200000,43.3000],[1508169600000,42.6500],[1508256000000,41.9000],[1508342400000,42.5500],[1508428800000,41.7300],[1508688000000,40.1000],[1508774400000,39.7700],[1508860800000,39.7000],[1508947200000,39.3700],[1509033600000,40.5300],[1509292800000,38.9200],[1509379200000,38.5200],[1509465600000,39.1800],[1509552000000,39.4800],[1509638400000,38.9000],[1509897600000,39.1300],[1509984000000,38.00],[1510070400000,37.6800],[1510156800000,34.8300],[1510243200000,34.5100],[1510502400000,32.8600],[1510588800000,32.2800],[1510675200000,31.3400],[1510761600000,29.1300],[1510848000000,28.9300],[1511107200000,29.8700],[1511193600000,29.7200],[1511280000000,30.6600],[1511366400000,28.4600],[1511452800000,26.2200],[1511712000000,26.4100],[1511798400000,26.2500],[1511884800000,26.4100],[1511971200000,24.8000],[1512057600000,23.1700],[1512316800000,22.4000],[1512403200000,22.2400],[1512489600000,22.0800],[1512576000000,20.6500],[1512662400000,21.6300],[1512921600000,22.8500],[1513008000000,23.2800],[1513094400000,23.1200],[1513180800000,23.2400],[1513267200000,23.6300],[1513526400000,24.3900],[1513612800000,23.7800],[1513699200000,23.7800],[1513785600000,23.5100],[1513872000000,23.9700],[1514131200000,24.5800],[1514217600000,24.1200],[1514304000000,22.9400],[1514390400000,21.8300],[1514476800000,18.1700],[1514822400000,10.0800],[1514908800000,9.1600],[1514995200000,8.4000],[1515081600000,8.0900],[1515340800000,14.5000],[1515427200000,14.9600],[1515513600000,15.0900],[1515600000000,15.2200],[1515686400000,15.6800],[1515945600000,14.4600],[1516032000000,14.6100],[1516118400000,14.9200],[1516204800000,14.9200],[1516291200000,16.8900],[1516550400000,18.8700],[1516636800000,18.7200],[1516723200000,19.3300],[1516809600000,19.1800],[1516896000000,18.7800],[1517155200000,19.0500],[1517241600000,18.9000],[1517328000000,19.5100],[1517414400000,19.3600],[1517500800000,19.3600],[1517760000000,18.6000],[1517846400000,19.0500]];
/*规模变动*/
var Data_fluctuationScale = {"categories":["2017-02-10","2017-06-30","2017-09-30","2017-12-29","2017-12-31"],"series":[{"y":0.03,"mom":"--"},{"y":40.65,"mom":"128024.11%"},{"y":41.19,"mom":"1.33%"},{"y":41.89,"mom":"1.69%"},{"y":41.89,"mom":"0.00%"}]};;
/*持有人结构*/
var Data_holderStructure = {"series":[{"name":"机构持有比例","data":[5.9]},{"name":"个人持有比例","data":[94.1]},{"name":"内部持有比例","data":[0.0]}],"categories":["2017-06-30"]};
/*申购赎回*/
var Data_assetAllocation ={"series":[{"name":"期间申购","data":[364.76,467.79,338.08]},{"name":"期间赎回","data":[341.49,467.24,337.39]},{"name":"总份额","data":[40.65,41.19,41.89]}],"categories":["2017-06-30","2017-09-30","2017-12-31"]};
/*现任基金经理*/
var Data_currentFundManager = [{"id":"30041301","pic":"https://pdf.dfcfw.com/pdf/H8_JPG30041301_1.jpg","name":"曲波","star":4,"workTime":"10年又23天","fundSize":"1340.78亿(12只基金)","power":{"avr":"63.13","categories":["经验值","收益率","影响力","稳定性","管理规模"],"dsc":["反映基金经理从业年限和管理基金的经验","根据基金经理投资的阶段收益评分，反映\u003cbr\u003e基金经理投资的盈利能力","根据基金经理所管理基金的机构和个人投\u003cbr\u003e资者持有比例评分","反映基金经理投资收益的波动","根据基金经理现任管理基金资产规模评分"],"data":[97.70,85.30,52.30,22.10,90.20],"jzrq":"2018-02-06"},"profit":{"categories":["任期收益","同类平均"],"series":[{"data":[{"name":null,"color":"#7cb5ec","y":3.9903},{"name":null,"color":"#414c7b","y":3.89}]}],"jzrq":"2018-02-06"}}] ;
/*同类型基金涨幅榜（页面底部通栏）*/
var swithSameType = [['002895_华夏天利货币B_5.8750','002894_华夏天利货币A_5.6210','004398_融通现金宝货币B_5.3370','000902_国开货币B_5.3360','001478_泰康薪意保货币B_5.1400'],['002895_华夏天利货币B_5.26','004973_长城收益宝货币B_5.08','004904_人保货币B_5.05','002884_华润元大现金通货币B_5.01','002894_华夏天利货币A_5.01'],['004973_长城收益宝货币B_5.05','004770_海富通添益货币A_4.99','002884_华润元大现金通货币B_4.99','005151_红土创新优淳货币B_4.90','002895_华夏天利货币B_4.89'],['004770_海富通添益货币A_5.39','004973_长城收益宝货币B_5.13','002884_华润元大现金通货币B_5.03','002895_华夏天利货币B_5.03','004398_融通现金宝货币B_5.01'],['003679_中融现金增利货币C_4.67','003474_南方天天利货币B_4.55','000836_国投瑞银钱多宝货币A_4.52','000837_国投瑞银钱多宝货币I_4.52','003753_工银如意货币B_4.51']];