/**
 * 测试数据
 * @type {arry}
 */
/*2018-02-07 14:55:16*/
//基金或股票信息
var fS_name = "富国天时货币C";
var fS_code = "000862";
var fund_minsg="";
var ishb=true;
/*原费率*/
var fund_sourceRate="0";
/*现费率*/
var fund_Rate="0";
/*最小申购金额*/
var fund_minsg="";
/*收益率*/
/*近一年收益率*/
var syl_1n="3.6336";
/*近6月收益率*/
var syl_6y="2.0041";
/*近三月收益率*/
var syl_3y="1.0259";
/*近一月收益率*/
var syl_1y="0.359";
/* 基金收益走势图 每万份收益*/
var Data_millionCopiesIncome = [[1419782400000,1.358],[1419868800000,1.3206],[1419955200000,1.2497],[1420300800000,4.9264],[1420387200000,1.2127],[1420473600000,1.1236],[1420560000000,1.1645],[1420646400000,1.1044],[1420732800000,1.1076],[1420905600000,2.1474],[1420992000000,1.0719],[1421078400000,1.1199],[1421164800000,1.5112],[1421251200000,1.2583],[1421337600000,1.1761],[1421510400000,2.362],[1421596800000,1.1516],[1421683200000,1.2175],[1421769600000,1.141],[1421856000000,1.5032],[1421942400000,1.1445],[1422115200000,2.2306],[1422201600000,1.2505],[1422288000000,1.1538],[1422374400000,1.1595],[1422460800000,1.1734],[1422547200000,1.1977],[1422720000000,2.3966],[1422806400000,1.1872],[1422892800000,1.0767],[1422979200000,1.0831],[1423065600000,1.078],[1423152000000,0.7739],[1423324800000,2.132],[1423411200000,1.1763],[1423497600000,1.0955],[1423584000000,1.432],[1423670400000,1.0417],[1423756800000,3.4428],[1423929600000,2.2847],[1424016000000,1.6211],[1424102400000,1.146],[1424707200000,8.0222],[1424793600000,1.8994],[1424880000000,1.1396],[1424966400000,1.3746],[1425139200000,2.2696],[1425225600000,1.1619],[1425312000000,1.1391],[1425398400000,1.1531],[1425484800000,1.8755],[1425571200000,1.17],[1425744000000,1.9944],[1425830400000,0.9938],[1425916800000,0.9824],[1426003200000,1.4607],[1426089600000,2.8502],[1426176000000,1.2098],[1426348800000,2.4105],[1426435200000,1.1884],[1426521600000,1.1644],[1426608000000,1.1531],[1426694400000,1.1392],[1426780800000,1.1399],[1426953600000,2.2745],[1427040000000,1.1355],[1427126400000,1.1401],[1427212800000,1.4395],[1427299200000,1.3927],[1427385600000,1.1381],[1427558400000,2.2694],[1427644800000,1.1608],[1427731200000,1.3815],[1427817600000,1.7431],[1427904000000,1.116],[1427990400000,1.1238],[1428249600000,3.3752],[1428336000000,1.0164],[1428422400000,0.9832],[1428508800000,1.0071],[1428595200000,0.9755],[1428768000000,1.9335],[1428854400000,1.7939],[1428940800000,3.9316],[1429027200000,5.3425],[1429113600000,1.1752],[1429200000000,1.0864],[1429372800000,2.1576],[1429459200000,1.1236],[1429545600000,0.9417],[1429632000000,0.8417],[1429718400000,0.8083],[1429804800000,0.8009],[1429977600000,1.5958],[1430064000000,0.7963],[1430150400000,1.1818],[1430236800000,0.866],[1430323200000,0.8538],[1430582400000,2.583],[1430668800000,0.9087],[1430755200000,0.9075],[1430841600000,1.8047],[1430928000000,1.0459],[1431014400000,2.4323],[1431187200000,2.1678],[1431273600000,1.0621],[1431360000000,0.9863],[1431446400000,0.9468],[1431532800000,0.9014],[1431619200000,0.8935],[1431792000000,1.7844],[1431878400000,3.0156],[1431964800000,2.661],[1432051200000,8.7625],[1432137600000,0.8459],[1432224000000,0.8739],[1432396800000,1.6695],[1432483200000,0.8287],[1432569600000,0.83],[1432656000000,0.817],[1432742400000,0.7882],[1432828800000,0.9132],[1433001600000,1.6741],[1433088000000,0.8247],[1433174400000,0.8581],[1433260800000,0.8892],[1433347200000,0.8843],[1433433600000,0.8939],[1433606400000,1.7906],[1433692800000,1.3176],[1433779200000,1.1244],[1433865600000,0.9172],[1433952000000,0.9268],[1434038400000,0.8992],[1434211200000,1.8054],[1434297600000,0.9688],[1434384000000,1.4134],[1434470400000,1.4225],[1434556800000,0.9315],[1434643200000,1.6812],[1434902400000,3.0775],[1434988800000,2.8939],[1435075200000,1.0459],[1435161600000,1.0197],[1435248000000,1.0397],[1435420800000,2.0804],[1435507200000,1.0175],[1435593600000,1.0285],[1435680000000,3.0673],[1435766400000,0.9154],[1435852800000,0.9021],[1436025600000,1.8011],[1436112000000,0.9327],[1436198400000,1.9906],[1436284800000,1.2132],[1436371200000,0.8581],[1436457600000,0.8575],[1436630400000,1.7015],[1436716800000,0.8319],[1436803200000,0.8374],[1436889600000,0.7945],[1436976000000,0.7834],[1437062400000,0.9593],[1437235200000,1.5923],[1437321600000,1.1817],[1437408000000,0.7955],[1437494400000,0.7983],[1437580800000,0.8299],[1437667200000,0.7875],[1437840000000,1.5752],[1437926400000,0.7769],[1438012800000,0.8005],[1438099200000,0.8248],[1438185600000,1.5836],[1438272000000,0.8296],[1438444800000,1.6573],[1438531200000,0.8212],[1438617600000,0.8117],[1438704000000,0.8217],[1438790400000,0.8309],[1438876800000,0.8061],[1439049600000,1.5952],[1439136000000,0.7946],[1439222400000,0.7732],[1439308800000,0.7725],[1439395200000,0.7577],[1439481600000,0.7519],[1439654400000,1.5076],[1439740800000,0.7679],[1439827200000,0.728],[1439913600000,0.72],[1440000000000,0.7009],[1440086400000,0.7281],[1440259200000,1.4576],[1440345600000,0.7277],[1440432000000,0.7246],[1440518400000,0.74],[1440604800000,0.7437],[1440691200000,0.7507],[1440864000000,1.5027],[1440950400000,0.7324],[1441036800000,0.729],[1441123200000,0.7211],[1441468800000,2.8918],[1441555200000,0.7439],[1441641600000,0.7466],[1441728000000,0.7399],[1441814400000,1.2017],[1441900800000,1.0189],[1442073600000,1.479],[1442160000000,0.985],[1442246400000,0.7588],[1442332800000,0.9193],[1442419200000,0.7216],[1442505600000,0.7362],[1442678400000,1.4459],[1442764800000,1.2444],[1442851200000,1.1783],[1442937600000,0.7586],[1443024000000,0.757],[1443110400000,0.987],[1443283200000,1.4787],[1443369600000,1.7152],[1443456000000,0.7463],[1443542400000,0.7509],[1444147200000,5.2577],[1444233600000,1.2028],[1444320000000,0.7415],[1444492800000,1.4777],[1444579200000,0.9509],[1444665600000,0.7654],[1444752000000,0.6533],[1444838400000,0.6383],[1444924800000,0.6294],[1445097600000,1.2533],[1445184000000,0.6411],[1445270400000,0.6307],[1445356800000,0.6326],[1445443200000,1.3473],[1445529600000,0.9215],[1445616000000,0.9215],[1445702400000,0.9215],[1445788800000,0.7414],[1445875200000,2.1151],[1445961600000,1.6534],[1446048000000,0.7721],[1446134400000,0.8554],[1446307200000,1.543],[1446393600000,0.9077],[1446480000000,0.8572],[1446566400000,0.7683],[1446652800000,0.7688],[1446739200000,0.7668],[1446912000000,1.5307],[1446998400000,0.7641],[1447084800000,0.757],[1447171200000,0.7561],[1447257600000,0.756],[1447344000000,0.7416],[1447516800000,1.4932],[1447603200000,0.7535],[1447689600000,0.754],[1447776000000,1.4082],[1447862400000,0.8911],[1447948800000,0.8911],[1448035200000,0.8911],[1448121600000,0.8911],[1448208000000,1.5191],[1448294400000,0.726],[1448380800000,0.7112],[1448467200000,0.7086],[1448553600000,0.6825],[1448640000000,0.6825],[1448726400000,0.6825],[1448812800000,0.7108],[1448899200000,1.5736],[1448985600000,0.7518],[1449072000000,0.7499],[1449158400000,0.8932],[1449331200000,1.4423],[1449417600000,0.7228],[1449504000000,0.6128],[1449590400000,0.7194],[1449676800000,0.8353],[1449763200000,0.7396],[1449936000000,1.4972],[1450022400000,0.745],[1450108800000,0.7136],[1450195200000,0.7191],[1450281600000,0.7294],[1450368000000,0.7086],[1450540800000,1.4169],[1450627200000,0.7094],[1450713600000,0.712],[1450800000000,0.7221],[1450886400000,0.7171],[1450972800000,1.0533],[1451145600000,1.4466],[1451232000000,2.4056],[1451318400000,0.8166],[1451404800000,0.7985],[1451491200000,0.7614],[1451750400000,2.2848],[1451836800000,1.3886],[1451923200000,0.8187],[1452009600000,0.7586],[1452096000000,0.7565],[1452182400000,0.7296],[1452355200000,1.4224],[1452441600000,0.7061],[1452528000000,0.6841],[1452614400000,0.7883],[1452700800000,0.6743],[1452787200000,0.6805],[1452960000000,1.3651],[1453046400000,0.7301],[1453132800000,0.6849],[1453219200000,0.7424],[1453305600000,0.848],[1453392000000,0.8694],[1453478400000,0.8694],[1453564800000,0.8694],[1453651200000,0.6885],[1453737600000,0.7033],[1453824000000,0.5318],[1453910400000,0.7216],[1453996800000,0.7027],[1454169600000,1.4032],[1454256000000,1.0049],[1454342400000,0.7091],[1454428800000,0.6945],[1454515200000,0.6706],[1454601600000,0.6735],[1455379200000,6.0763],[1455465600000,0.6837],[1455552000000,0.6827],[1455638400000,0.8511],[1455724800000,0.7027],[1455811200000,0.6992],[1455984000000,1.4019],[1456070400000,0.7006],[1456156800000,0.6939],[1456243200000,0.6746],[1456329600000,0.6634],[1456416000000,0.6661],[1456588800000,1.3208],[1456675200000,0.6826],[1456761600000,1.0117],[1456848000000,0.6947],[1456934400000,0.6856],[1457020800000,0.6651],[1457193600000,1.3135],[1457280000000,0.6551],[1457366400000,0.6355],[1457452800000,0.6128],[1457539200000,0.6104],[1457625600000,0.6155],[1457798400000,1.2362],[1457884800000,0.6171],[1457971200000,0.6174],[1458057600000,0.7375],[1458144000000,0.6155],[1458230400000,0.6162],[1458403200000,1.2311],[1458489600000,0.662],[1458576000000,0.8668],[1458662400000,0.6449],[1458748800000,0.6451],[1458835200000,0.6536],[1459008000000,1.3555],[1459094400000,1.0102],[1459180800000,0.7269],[1459267200000,1.1225],[1459353600000,1.0548],[1459440000000,0.7105],[1459699200000,1.9823],[1459785600000,3.0006],[1459872000000,1.2744],[1459958400000,0.6408],[1460044800000,0.6406],[1460217600000,1.2307],[1460304000000,0.6228],[1460390400000,0.6207],[1460476800000,0.6005],[1460563200000,0.6341],[1460649600000,0.6033],[1460822400000,1.2077],[1460908800000,0.6096],[1460995200000,0.5884],[1461081600000,0.6148],[1461168000000,0.6118],[1461254400000,0.614],[1461427200000,1.2259],[1461513600000,0.7251],[1461600000000,0.5885],[1461686400000,0.7712],[1461772800000,0.9432],[1461859200000,1.1121],[1462118400000,1.9058],[1462204800000,0.7935],[1462291200000,0.6189],[1462377600000,0.6292],[1462464000000,0.6221],[1462636800000,1.2166],[1462723200000,0.6083],[1462809600000,0.5307],[1462896000000,0.6052],[1462982400000,0.6167],[1463068800000,0.6112],[1463241600000,1.2333],[1463328000000,0.8082],[1463414400000,0.595],[1463500800000,0.6118],[1463587200000,0.613],[1463673600000,0.6103],[1463846400000,1.2302],[1463932800000,0.8473],[1464019200000,0.7664],[1464105600000,0.6571],[1464192000000,0.6574],[1464278400000,0.6272],[1464451200000,1.255],[1464537600000,0.8184],[1464624000000,0.6336],[1464710400000,1.1379],[1464796800000,0.6398],[1464883200000,0.6251],[1465056000000,1.2788],[1465142400000,0.6516],[1465228800000,0.6417],[1465315200000,0.6268],[1465660800000,2.507],[1465747200000,0.6343],[1465833600000,0.634],[1465920000000,0.6286],[1466006400000,0.6272],[1466092800000,0.6376],[1466265600000,1.2794],[1466352000000,0.6077],[1466438400000,0.6086],[1466524800000,0.615],[1466611200000,0.6172],[1466697600000,1.2545],[1466870400000,1.2448],[1466956800000,0.6688],[1467043200000,1.2829],[1467129600000,1.4455],[1467216000000,0.9875],[1467302400000,0.6601],[1467475200000,1.2988],[1467561600000,2.6235],[1467648000000,0.6472],[1467734400000,0.6349],[1467820800000,0.6393],[1467907200000,0.6117],[1468080000000,1.2259],[1468166400000,0.6349],[1468252800000,0.636],[1468339200000,0.6321],[1468425600000,0.628],[1468512000000,0.6307],[1468684800000,1.2597],[1468771200000,0.6381],[1468857600000,0.6341],[1468944000000,0.6258],[1469030400000,0.6251],[1469116800000,0.6227],[1469289600000,1.2527],[1469376000000,0.807],[1469462400000,0.6434],[1469548800000,0.6463],[1469635200000,0.661],[1469721600000,0.6651],[1469894400000,1.3372],[1469980800000,0.658],[1470067200000,0.6372],[1470153600000,0.637],[1470240000000,0.6324],[1470326400000,0.6292],[1470499200000,1.2614],[1470585600000,0.6271],[1470672000000,0.6195],[1470758400000,0.6505],[1470844800000,0.6217],[1470931200000,0.6262],[1471104000000,1.2556],[1471190400000,0.6222],[1471276800000,0.6228],[1471363200000,0.6241],[1471449600000,0.6271],[1471536000000,0.6233],[1471708800000,1.2383],[1471795200000,0.7454],[1471881600000,0.6783],[1471968000000,0.6767],[1472054400000,0.5983],[1472140800000,0.6223],[1472313600000,1.2274],[1472400000000,0.6939],[1472486400000,0.6162],[1472572800000,0.6198],[1472659200000,0.624],[1472745600000,0.613],[1472918400000,1.22],[1473004800000,0.6106],[1473091200000,0.6162],[1473177600000,0.6121],[1473264000000,0.7013],[1473350400000,0.6525],[1473523200000,1.2095],[1473609600000,0.6106],[1473696000000,0.6077],[1473782400000,0.6014],[1474128000000,2.4287],[1474214400000,0.7018],[1474300800000,0.5712],[1474387200000,0.7091],[1474473600000,0.6152],[1474560000000,0.7057],[1474732800000,1.2226],[1474819200000,0.9121],[1474905600000,0.6497],[1474992000000,0.6129],[1475078400000,0.6079],[1475164800000,0.6274],[1475942400000,5.4407],[1476028800000,0.605],[1476115200000,0.8478],[1476201600000,0.6204],[1476288000000,0.6266],[1476374400000,0.6416],[1476547200000,1.2408],[1476633600000,0.8055],[1476720000000,0.6168],[1476806400000,0.6127],[1476892800000,0.8691],[1476979200000,0.8184],[1477152000000,1.214],[1477238400000,0.6079],[1477324800000,0.6064],[1477411200000,0.6039],[1477497600000,0.5995],[1477584000000,0.8539],[1477756800000,1.2087],[1477843200000,0.8374],[1477929600000,0.6173],[1478016000000,0.656],[1478102400000,0.609],[1478188800000,0.6084],[1478361600000,1.2002],[1478448000000,0.6068],[1478534400000,0.6077],[1478620800000,0.5957],[1478707200000,0.6001],[1478793600000,0.6037],[1478966400000,1.2156],[1479052800000,0.6049],[1479139200000,0.6153],[1479225600000,0.6134],[1479312000000,0.6098],[1479398400000,0.6112],[1479571200000,1.2236],[1479657600000,0.6091],[1479744000000,0.6099],[1479830400000,0.6213],[1479916800000,0.6188],[1480003200000,0.6164],[1480176000000,1.2371],[1480262400000,0.4242],[1480348800000,0.5123],[1480435200000,0.3765],[1480521600000,0.2067],[1480608000000,0.2627],[1480780800000,1.2312],[1480867200000,0.3862],[1480953600000,0.3817],[1481040000000,0.6135],[1481126400000,0.6141],[1481212800000,0.5939],[1481385600000,1.2509],[1481472000000,0.5511],[1481558400000,0.4588],[1481644800000,0.3008],[1481731200000,0.352],[1481817600000,0.1497],[1481990400000,1.2233],[1482076800000,0.1201],[1482163200000,0.1774],[1482249600000,0.1585],[1482336000000,0.1038],[1482422400000,0.5976],[1482595200000,1.2543],[1482681600000,0.5816],[1482768000000,0.579],[1482854400000,0.697],[1482940800000,0.689],[1483027200000,0.7802],[1483113600000,0.7686],[1483286400000,1.5359],[1483372800000,0.7002],[1483459200000,0.5001],[1483545600000,0.4753],[1483632000000,0.682],[1483804800000,1.2635],[1483891200000,0.4851],[1483977600000,0.805],[1484064000000,0.7166],[1484150400000,0.701],[1484236800000,0.6956],[1484409600000,1.3354],[1484496000000,0.6794],[1484582400000,0.581],[1484668800000,0.5337],[1484755200000,0.6283],[1484841600000,0.6747],[1485014400000,1.3519],[1485100800000,0.5473],[1485187200000,0.357],[1485273600000,0.2522],[1485360000000,0.5278],[1485964800000,4.8336],[1486051200000,0.7076],[1486224000000,1.4107],[1486310400000,0.5147],[1486396800000,0.5271],[1486483200000,0.5801],[1486569600000,0.7047],[1486656000000,0.6996],[1486828800000,1.4155],[1486915200000,0.7083],[1487001600000,0.6689],[1487088000000,0.5508],[1487174400000,0.6866],[1487260800000,0.7135],[1487433600000,1.4077],[1487520000000,0.7245],[1487606400000,0.6984],[1487692800000,0.7244],[1487779200000,0.7281],[1487865600000,0.7461],[1488038400000,1.4804],[1488124800000,0.747],[1488211200000,0.783],[1488297600000,0.7894],[1488384000000,0.7884],[1488470400000,0.7473],[1488643200000,1.4944],[1488729600000,0.7407],[1488816000000,0.6937],[1488902400000,0.6982],[1488988800000,0.7297],[1489075200000,0.7328],[1489248000000,1.4524],[1489334400000,0.7452],[1489420800000,0.707],[1489507200000,0.7302],[1489593600000,0.7867],[1489680000000,0.783],[1489852800000,1.5832],[1489939200000,0.7099],[1490025600000,0.5631],[1490112000000,0.7779],[1490198400000,0.7487],[1490284800000,0.7685],[1490457600000,1.5218],[1490544000000,0.7767],[1490630400000,0.7923],[1490716800000,0.7993],[1490803200000,0.7875],[1490889600000,0.7324],[1491235200000,2.9279],[1491321600000,0.7551],[1491408000000,0.7475],[1491494400000,0.7751],[1491667200000,1.6028],[1491753600000,0.7814],[1491840000000,0.7541],[1491926400000,1.0015],[1492012800000,0.7022],[1492099200000,1.2417],[1492272000000,1.461],[1492358400000,0.7313],[1492444800000,0.7539],[1492531200000,0.7611],[1492617600000,0.7655],[1492704000000,0.7676],[1492876800000,1.5311],[1492963200000,0.763],[1493049600000,0.7576],[1493136000000,0.7676],[1493222400000,0.7641],[1493308800000,0.8715],[1493568000000,2.2918],[1493654400000,0.775],[1493740800000,0.7699],[1493827200000,0.7895],[1493913600000,0.7627],[1494086400000,1.5353],[1494172800000,0.8358],[1494259200000,0.8284],[1494345600000,0.7349],[1494432000000,0.9019],[1494518400000,0.8529],[1494691200000,1.7032],[1494777600000,0.8572],[1494864000000,0.8857],[1494950400000,1.0551],[1495036800000,0.8618],[1495123200000,0.8548],[1495296000000,1.7035],[1495382400000,1.0728],[1495468800000,0.8817],[1495555200000,0.9246],[1495641600000,0.8736],[1495728000000,0.9338],[1496073600000,3.6771],[1496160000000,0.9391],[1496246400000,1.0264],[1496332800000,0.9578],[1496505600000,1.8385],[1496592000000,0.9144],[1496678400000,0.9108],[1496764800000,0.9528],[1496851200000,0.8983],[1496937600000,1.5901],[1497110400000,1.8977],[1497196800000,0.9568],[1497283200000,0.9901],[1497369600000,0.9868],[1497456000000,1.0292],[1497542400000,2.0441],[1497715200000,2.1476],[1497801600000,1.0683],[1497888000000,1.0941],[1497974400000,1.0791],[1498060800000,1.1428],[1498147200000,1.1335],[1498320000000,2.1349],[1498406400000,1.1336],[1498492800000,1.1845],[1498579200000,1.1204],[1498665600000,1.1192],[1498752000000,1.0933],[1498924800000,2.1462],[1499011200000,1.0537],[1499097600000,1.0317],[1499184000000,0.9203],[1499270400000,0.8947],[1499356800000,0.8865],[1499529600000,1.764],[1499616000000,0.8982],[1499702400000,0.9023],[1499788800000,0.9117],[1499875200000,0.8981],[1499961600000,1.3142],[1500134400000,1.9452],[1500220800000,0.9714],[1500307200000,0.991],[1500393600000,0.9646],[1500480000000,1.0677],[1500566400000,1.0186],[1500739200000,1.9988],[1500825600000,0.9979],[1500912000000,1.0752],[1500998400000,1.0843],[1501084800000,0.9947],[1501171200000,1.1201],[1501344000000,1.9627],[1501430400000,1.1527],[1501516800000,1.3052],[1501603200000,1.3513],[1501689600000,0.968],[1501776000000,0.9171],[1501948800000,1.7772],[1502035200000,0.889],[1502121600000,0.9068],[1502208000000,0.9041],[1502294400000,0.8967],[1502380800000,0.9032],[1502553600000,1.8139],[1502640000000,0.8993],[1502726400000,0.8982],[1502812800000,1.0777],[1502899200000,0.895],[1502985600000,0.8993],[1503158400000,1.7847],[1503244800000,0.8881],[1503331200000,0.8895],[1503417600000,0.887],[1503504000000,0.9036],[1503590400000,0.9026],[1503763200000,1.8138],[1503849600000,1.0801],[1503936000000,1.7794],[1504022400000,1.2704],[1504108800000,0.9283],[1504195200000,2.2776],[1504368000000,1.9842],[1504454400000,0.9843],[1504540800000,1.0026],[1504627200000,0.9871],[1504713600000,0.957],[1504800000000,1.1317],[1504972800000,1.9127],[1505059200000,1.0056],[1505145600000,0.965],[1505232000000,0.9914],[1505318400000,0.9888],[1505404800000,0.9585],[1505577600000,1.9773],[1505664000000,0.9869],[1505750400000,0.9989],[1505836800000,1.1257],[1505923200000,1.5862],[1506009600000,1.0291],[1506182400000,2.0452],[1506268800000,1.3638],[1506355200000,1.4351],[1506441600000,1.0828],[1506528000000,1.1788],[1506614400000,1.1514],[1507392000000,10.1048],[1507478400000,1.2851],[1507564800000,1.1761],[1507651200000,1.1928],[1507737600000,1.0929],[1507824000000,1.1035],[1507996800000,2.163],[1508083200000,1.1061],[1508169600000,1.1756],[1508256000000,1.0082],[1508342400000,0.9626],[1508428800000,0.9522],[1508601600000,1.9004],[1508688000000,0.9597],[1508774400000,0.9511],[1508860800000,0.9495],[1508947200000,0.9736],[1509033600000,0.9846],[1509206400000,1.9428],[1509292800000,0.9878],[1509379200000,0.9827],[1509465600000,1.1375],[1509552000000,1.2002],[1509638400000,0.9847],[1509811200000,1.9677],[1509897600000,0.9127],[1509984000000,0.9117],[1510070400000,0.9147],[1510156800000,0.9132],[1510243200000,0.9134],[1510416000000,1.8312],[1510502400000,0.9112],[1510588800000,0.9151],[1510675200000,0.9147],[1510761600000,1.197],[1510848000000,0.9806],[1511020800000,1.8003],[1511107200000,1.2126],[1511193600000,1.3741],[1511280000000,0.8717],[1511366400000,0.8376],[1511452800000,1.4669],[1511625600000,2.0203],[1511712000000,1.0091],[1511798400000,1.0316],[1511884800000,1.0292],[1511971200000,1.0452],[1512057600000,1.0577],[1512230400000,2.1184],[1512316800000,1.1871],[1512403200000,1.1225],[1512489600000,1.0351],[1512576000000,1.0486],[1512662400000,1.0679],[1512835200000,2.1392],[1512921600000,1.2751],[1513008000000,1.0963],[1513094400000,1.1052],[1513180800000,1.0559],[1513267200000,1.0396],[1513440000000,2.071],[1513526400000,1.1377],[1513612800000,1.1769],[1513699200000,1.1087],[1513785600000,1.1698],[1513872000000,1.1753],[1514044800000,2.3469],[1514131200000,1.1165],[1514217600000,1.0594],[1514304000000,1.0623],[1514390400000,1.0294],[1514476800000,1.0424],[1514649600000,2.3254],[1514736000000,3.4872],[1514822400000,1.1119],[1514908800000,1.118],[1514995200000,1.1385],[1515081600000,1.1041],[1515254400000,2.1619],[1515340800000,1.1086],[1515427200000,1.1019],[1515513600000,1.091],[1515600000000,1.0771],[1515686400000,1.078],[1515859200000,2.1341],[1515945600000,1.0921],[1516032000000,1.0954],[1516118400000,1.1091],[1516204800000,1.1215],[1516291200000,1.14],[1516464000000,2.2917],[1516550400000,1.1381],[1516636800000,1.1564],[1516723200000,1.1345],[1516809600000,1.1442],[1516896000000,1.1365],[1517068800000,2.2706],[1517155200000,1.142],[1517241600000,1.173],[1517328000000,1.1858],[1517414400000,1.1801],[1517500800000,1.1127],[1517673600000,2.2217],[1517760000000,1.1398],[1517846400000,1.0997]];
/*基金收益走势图   7日年化收益率*/
var Data_sevenDaysYearIncome = [[1419782400000,4.904],[1419868800000,5.01],[1419955200000,4.895],[1420300800000,4.725],[1420387200000,4.646],[1420473600000,4.538],[1420560000000,4.492],[1420646400000,4.423],[1420732800000,4.355],[1420905600000,4.183],[1420992000000,4.107],[1421078400000,4.105],[1421164800000,4.293],[1421251200000,4.377],[1421337600000,4.414],[1421510400000,4.531],[1421596800000,4.575],[1421683200000,4.628],[1421769600000,4.426],[1421856000000,4.56],[1421942400000,4.542],[1422115200000,4.471],[1422201600000,4.525],[1422288000000,4.49],[1422374400000,4.5],[1422460800000,4.32],[1422547200000,4.349],[1422720000000,4.44],[1422806400000,4.405],[1422892800000,4.363],[1422979200000,4.322],[1423065600000,4.27],[1423152000000,4.04],[1423324800000,3.896],[1423411200000,3.89],[1423497600000,3.901],[1423584000000,4.09],[1423670400000,4.07],[1423756800000,5.528],[1423929600000,5.612],[1424016000000,5.857],[1424102400000,5.885],[1424707200000,4.271],[1424793600000,4.682],[1424880000000,4.678],[1424966400000,4.803],[1425139200000,4.791],[1425225600000,4.8],[1425312000000,4.796],[1425398400000,4.389],[1425484800000,4.79],[1425571200000,4.678],[1425744000000,4.528],[1425830400000,4.437],[1425916800000,4.351],[1426003200000,4.519],[1426089600000,5.051],[1426176000000,5.073],[1426348800000,5.301],[1426435200000,5.408],[1426521600000,5.508],[1426608000000,5.339],[1426694400000,4.404],[1426780800000,4.366],[1426953600000,4.292],[1427040000000,4.263],[1427126400000,4.25],[1427212800000,4.406],[1427299200000,4.544],[1427385600000,4.543],[1427558400000,4.54],[1427644800000,4.554],[1427731200000,4.685],[1427817600000,4.851],[1427904000000,4.7],[1427990400000,4.692],[1428249600000,4.662],[1428336000000,4.463],[1428422400000,4.05],[1428508800000,3.991],[1428595200000,3.911],[1428768000000,3.739],[1428854400000,4.102],[1428940800000,5.696],[1429027200000,8.125],[1429113600000,8.22],[1429200000000,8.282],[1429372800000,8.409],[1429459200000,8.031],[1429545600000,6.36],[1429632000000,3.894],[1429718400000,3.695],[1429804800000,3.541],[1429977600000,3.238],[1430064000000,3.062],[1430150400000,3.191],[1430236800000,3.204],[1430323200000,3.229],[1430582400000,3.329],[1430668800000,3.39],[1430755200000,3.242],[1430841600000,3.748],[1430928000000,3.852],[1431014400000,4.707],[1431187200000,4.95],[1431273600000,5.034],[1431360000000,5.077],[1431446400000,4.608],[1431532800000,4.53],[1431619200000,3.694],[1431792000000,3.487],[1431878400000,4.547],[1431964800000,5.463],[1432051200000,9.848],[1432137600000,9.816],[1432224000000,9.805],[1432396800000,9.739],[1432483200000,8.495],[1432569600000,7.465],[1432656000000,3.105],[1432742400000,3.074],[1432828800000,3.095],[1433001600000,3.098],[1433088000000,3.096],[1433174400000,3.111],[1433260800000,3.15],[1433347200000,3.201],[1433433600000,3.191],[1433606400000,3.254],[1433692800000,3.519],[1433779200000,3.663],[1433865600000,3.678],[1433952000000,3.701],[1434038400000,3.704],[1434211200000,3.712],[1434297600000,3.524],[1434384000000,3.68],[1434470400000,3.953],[1434556800000,3.956],[1434643200000,4.381],[1434902400000,4.546],[1434988800000,5.356],[1435075200000,5.149],[1435161600000,5.197],[1435248000000,4.846],[1435420800000,4.862],[1435507200000,4.857],[1435593600000,3.843],[1435680000000,4.943],[1435766400000,4.886],[1435852800000,4.81],[1436025600000,4.658],[1436112000000,4.612],[1436198400000,5.138],[1436284800000,4.126],[1436371200000,4.095],[1436457600000,4.071],[1436630400000,4.017],[1436716800000,3.962],[1436803200000,3.339],[1436889600000,3.114],[1436976000000,3.074],[1437062400000,3.128],[1437235200000,3.07],[1437321600000,3.258],[1437408000000,3.235],[1437494400000,3.237],[1437580800000,3.262],[1437667200000,3.17],[1437840000000,3.161],[1437926400000,2.943],[1438012800000,2.946],[1438099200000,2.96],[1438185600000,3.366],[1438272000000,3.388],[1438444800000,3.432],[1438531200000,3.456],[1438617600000,3.462],[1438704000000,3.461],[1438790400000,3.055],[1438876800000,3.043],[1439049600000,3.01],[1439136000000,2.995],[1439222400000,2.975],[1439308800000,2.948],[1439395200000,2.909],[1439481600000,2.88],[1439654400000,2.833],[1439740800000,2.819],[1439827200000,2.794],[1439913600000,2.766],[1440000000000,2.736],[1440086400000,2.723],[1440259200000,2.696],[1440345600000,2.675],[1440432000000,2.673],[1440518400000,2.684],[1440604800000,2.706],[1440691200000,2.719],[1440864000000,2.743],[1440950400000,2.745],[1441036800000,2.748],[1441123200000,2.738],[1441468800000,2.681],[1441555200000,2.687],[1441641600000,2.697],[1441728000000,2.707],[1441814400000,2.963],[1441900800000,3.122],[1442073600000,3.14],[1442160000000,3.27],[1442246400000,3.277],[1442332800000,3.373],[1442419200000,3.115],[1442505600000,2.963],[1442678400000,2.945],[1442764800000,3.084],[1442851200000,3.31],[1442937600000,3.224],[1443024000000,3.243],[1443110400000,3.378],[1443283200000,3.395],[1443369600000,3.649],[1443456000000,3.416],[1443542400000,3.412],[1444147200000,2.779],[1444233600000,3.022],[1444320000000,3.017],[1444492800000,3.003],[1444579200000,3.111],[1444665600000,3.118],[1444752000000,3.066],[1444838400000,2.763],[1444924800000,2.703],[1445097600000,2.583],[1445184000000,2.417],[1445270400000,2.345],[1445356800000,2.334],[1445443200000,2.713],[1445529600000,2.87],[1445616000000,2.87],[1445702400000,2.87],[1445788800000,2.961],[1445875200000,3.761],[1445961600000,4.314],[1446048000000,4.002],[1446134400000,3.966],[1446307200000,4.086],[1446393600000,4.176],[1446480000000,3.495],[1446566400000,3.019],[1446652800000,3.017],[1446739200000,2.969],[1446912000000,2.963],[1446998400000,2.886],[1447084800000,2.832],[1447171200000,2.825],[1447257600000,2.818],[1447344000000,2.805],[1447516800000,2.785],[1447603200000,2.779],[1447689600000,2.778],[1447776000000,3.128],[1447862400000,3.2],[1447948800000,3.281],[1448035200000,3.281],[1448121600000,3.281],[1448208000000,3.669],[1448294400000,3.653],[1448380800000,3.277],[1448467200000,3.179],[1448553600000,3.067],[1448640000000,3.067],[1448726400000,3.067],[1448812800000,2.588],[1448899200000,3.042],[1448985600000,3.064],[1449072000000,3.086],[1449158400000,3.199],[1449331200000,3.243],[1449417600000,3.25],[1449504000000,2.734],[1449590400000,2.717],[1449676800000,2.762],[1449763200000,2.68],[1449936000000,2.709],[1450022400000,2.721],[1450108800000,2.775],[1450195200000,2.775],[1450281600000,2.718],[1450368000000,2.702],[1450540800000,2.659],[1450627200000,2.64],[1450713600000,2.639],[1450800000000,2.64],[1450886400000,2.634],[1450972800000,2.818],[1451145600000,2.834],[1451232000000,3.748],[1451318400000,3.804],[1451404800000,3.846],[1451491200000,3.87],[1451750400000,3.753],[1451836800000,3.205],[1451923200000,3.206],[1452009600000,3.184],[1452096000000,3.182],[1452182400000,3.165],[1452355200000,3.11],[1452441600000,2.744],[1452528000000,2.672],[1452614400000,2.688],[1452700800000,2.644],[1452787200000,2.618],[1452960000000,2.587],[1453046400000,2.6],[1453132800000,2.6],[1453219200000,2.576],[1453305600000,2.669],[1453392000000,2.77],[1453478400000,2.77],[1453564800000,2.77],[1453651200000,2.763],[1453737600000,2.773],[1453824000000,2.66],[1453910400000,2.593],[1453996800000,2.504],[1454169600000,2.508],[1454256000000,2.677],[1454342400000,2.681],[1454428800000,2.768],[1454515200000,2.74],[1454601600000,2.725],[1455379200000,2.495],[1455465600000,2.499],[1455552000000,2.504],[1455638400000,2.598],[1455724800000,2.612],[1455811200000,2.625],[1455984000000,2.653],[1456070400000,2.662],[1456156800000,2.668],[1456243200000,2.573],[1456329600000,2.552],[1456416000000,2.535],[1456588800000,2.491],[1456675200000,2.482],[1456761600000,2.652],[1456848000000,2.662],[1456934400000,2.674],[1457020800000,2.674],[1457193600000,2.67],[1457280000000,2.655],[1457366400000,2.454],[1457452800000,2.41],[1457539200000,2.37],[1457625600000,2.344],[1457798400000,2.302],[1457884800000,2.282],[1457971200000,2.272],[1458057600000,2.339],[1458144000000,2.342],[1458230400000,2.342],[1458403200000,2.339],[1458489600000,2.363],[1458576000000,2.497],[1458662400000,2.447],[1458748800000,2.463],[1458835200000,2.483],[1459008000000,2.549],[1459094400000,2.736],[1459180800000,2.661],[1459267200000,2.917],[1459353600000,3.137],[1459440000000,3.167],[1459699200000,2.961],[1459785600000,4.189],[1459872000000,4.272],[1459958400000,4.047],[1460044800000,4.009],[1460217600000,3.957],[1460304000000,3.939],[1460390400000,2.657],[1460476800000,2.297],[1460563200000,2.294],[1460649600000,2.274],[1460822400000,2.262],[1460908800000,2.254],[1460995200000,2.237],[1461081600000,2.245],[1461168000000,2.233],[1461254400000,2.239],[1461427200000,2.249],[1461513600000,2.31],[1461600000000,2.31],[1461686400000,2.394],[1461772800000,2.571],[1461859200000,2.837],[1462118400000,2.813],[1462204800000,2.923],[1462291200000,2.841],[1462377600000,2.673],[1462464000000,2.411],[1462636800000,2.382],[1462723200000,2.368],[1462809600000,2.228],[1462896000000,2.221],[1462982400000,2.214],[1463068800000,2.208],[1463241600000,2.217],[1463328000000,2.324],[1463414400000,2.358],[1463500800000,2.361],[1463587200000,2.359],[1463673600000,2.359],[1463846400000,2.357],[1463932800000,2.378],[1464019200000,2.47],[1464105600000,2.494],[1464192000000,2.518],[1464278400000,2.527],[1464451200000,2.54],[1464537600000,2.524],[1464624000000,2.453],[1464710400000,2.711],[1464796800000,2.701],[1464883200000,2.7],[1465056000000,2.713],[1465142400000,2.624],[1465228800000,2.628],[1465315200000,2.355],[1465660800000,2.335],[1465747200000,2.326],[1465833600000,2.322],[1465920000000,2.323],[1466006400000,2.323],[1466092800000,2.329],[1466265600000,2.343],[1466352000000,2.328],[1466438400000,2.315],[1466524800000,2.308],[1466611200000,2.302],[1466697600000,2.632],[1466870400000,2.613],[1466956800000,2.646],[1467043200000,3.008],[1467129600000,3.455],[1467216000000,3.655],[1467302400000,3.334],[1467475200000,3.363],[1467561600000,4.422],[1467648000000,4.076],[1467734400000,3.637],[1467820800000,3.449],[1467907200000,3.423],[1468080000000,3.384],[1468166400000,2.317],[1468252800000,2.311],[1468339200000,2.31],[1468425600000,2.304],[1468512000000,2.314],[1468684800000,2.332],[1468771200000,2.334],[1468857600000,2.333],[1468944000000,2.329],[1469030400000,2.328],[1469116800000,2.324],[1469289600000,2.32],[1469376000000,2.41],[1469462400000,2.415],[1469548800000,2.426],[1469635200000,2.445],[1469721600000,2.468],[1469894400000,2.513],[1469980800000,2.433],[1470067200000,2.43],[1470153600000,2.425],[1470240000000,2.41],[1470326400000,2.391],[1470499200000,2.35],[1470585600000,2.334],[1470672000000,2.324],[1470758400000,2.331],[1470844800000,2.326],[1470931200000,2.324],[1471104000000,2.321],[1471190400000,2.318],[1471276800000,2.32],[1471363200000,2.306],[1471449600000,2.309],[1471536000000,2.307],[1471708800000,2.298],[1471795200000,2.364],[1471881600000,2.394],[1471968000000,2.422],[1472054400000,2.406],[1472140800000,2.406],[1472313600000,2.4],[1472400000000,2.372],[1472486400000,2.339],[1472572800000,2.309],[1472659200000,2.323],[1472745600000,2.318],[1472918400000,2.314],[1473004800000,2.269],[1473091200000,2.269],[1473177600000,2.265],[1473264000000,2.306],[1473350400000,2.328],[1473523200000,2.322],[1473609600000,2.322],[1473696000000,2.317],[1473782400000,2.312],[1474128000000,2.24],[1474214400000,2.289],[1474300800000,2.269],[1474387200000,2.327],[1474473600000,2.331],[1474560000000,2.383],[1474732800000,2.388],[1474819200000,2.5],[1474905600000,2.542],[1474992000000,2.491],[1475078400000,2.487],[1475164800000,2.445],[1475942400000,2.231],[1476028800000,2.231],[1476115200000,2.361],[1476201600000,2.37],[1476288000000,2.381],[1476374400000,2.401],[1476547200000,2.418],[1476633600000,2.525],[1476720000000,2.402],[1476806400000,2.398],[1476892800000,2.527],[1476979200000,2.622],[1477152000000,2.607],[1477238400000,2.502],[1477324800000,2.496],[1477411200000,2.491],[1477497600000,2.347],[1477584000000,2.366],[1477756800000,2.364],[1477843200000,2.486],[1477929600000,2.492],[1478016000000,2.52],[1478102400000,2.525],[1478188800000,2.394],[1478361600000,2.389],[1478448000000,2.266],[1478534400000,2.261],[1478620800000,2.229],[1478707200000,2.224],[1478793600000,2.222],[1478966400000,2.23],[1479052800000,2.229],[1479139200000,2.233],[1479225600000,2.242],[1479312000000,2.248],[1479398400000,2.252],[1479571200000,2.256],[1479657600000,2.258],[1479744000000,2.255],[1479830400000,2.259],[1479916800000,2.264],[1480003200000,2.267],[1480176000000,2.274],[1480262400000,2.176],[1480348800000,2.124],[1480435200000,1.993],[1480521600000,1.774],[1480608000000,1.587],[1480780800000,1.584],[1480867200000,1.564],[1480953600000,1.494],[1481040000000,1.62],[1481126400000,1.836],[1481212800000,2.012],[1481385600000,2.023],[1481472000000,2.11],[1481558400000,2.151],[1481644800000,1.985],[1481731200000,1.846],[1481817600000,1.61],[1481990400000,1.596],[1482076800000,1.367],[1482163200000,1.219],[1482249600000,1.144],[1482336000000,1.013],[1482422400000,1.249],[1482595200000,1.265],[1482681600000,1.509],[1482768000000,1.722],[1482854400000,2.008],[1482940800000,2.32],[1483027200000,2.417],[1483113600000,2.493],[1483286400000,2.668],[1483372800000,2.733],[1483459200000,2.627],[1483545600000,2.513],[1483632000000,2.461],[1483804800000,2.315],[1483891200000,2.164],[1483977600000,2.22],[1484064000000,2.335],[1484150400000,2.456],[1484236800000,2.463],[1484409600000,2.502],[1484496000000,2.605],[1484582400000,2.486],[1484668800000,2.388],[1484755200000,2.349],[1484841600000,2.338],[1485014400000,2.347],[1485100800000,2.276],[1485187200000,2.157],[1485273600000,2.007],[1485360000000,1.954],[1485964800000,2.552],[1486051200000,2.561],[1486224000000,2.577],[1486310400000,2.483],[1486396800000,2.396],[1486483200000,2.337],[1486569600000,2.345],[1486656000000,2.34],[1486828800000,2.343],[1486915200000,2.446],[1487001600000,2.522],[1487088000000,2.506],[1487174400000,2.497],[1487260800000,2.504],[1487433600000,2.5],[1487520000000,2.509],[1487606400000,2.524],[1487692800000,2.617],[1487779200000,2.639],[1487865600000,2.657],[1488038400000,2.696],[1488124800000,2.708],[1488211200000,2.753],[1488297600000,2.788],[1488384000000,2.82],[1488470400000,2.821],[1488643200000,2.829],[1488729600000,2.825],[1488816000000,2.777],[1488902400000,2.728],[1488988800000,2.697],[1489075200000,2.689],[1489248000000,2.667],[1489334400000,2.669],[1489420800000,2.676],[1489507200000,2.693],[1489593600000,2.724],[1489680000000,2.751],[1489852800000,2.821],[1489939200000,2.802],[1490025600000,2.725],[1490112000000,2.75],[1490198400000,2.73],[1490284800000,2.722],[1490457600000,2.689],[1490544000000,2.725],[1490630400000,2.848],[1490716800000,2.86],[1490803200000,2.88],[1490889600000,2.861],[1491235200000,2.774],[1491321600000,2.75],[1491408000000,2.729],[1491494400000,2.751],[1491667200000,2.826],[1491753600000,2.852],[1491840000000,2.864],[1491926400000,2.996],[1492012800000,2.972],[1492099200000,3.223],[1492272000000,3.147],[1492358400000,3.12],[1492444800000,3.12],[1492531200000,2.99],[1492617600000,3.024],[1492704000000,2.77],[1492876800000,2.808],[1492963200000,2.825],[1493049600000,2.827],[1493136000000,2.83],[1493222400000,2.829],[1493308800000,2.885],[1493568000000,2.884],[1493654400000,2.893],[1493740800000,2.894],[1493827200000,2.908],[1493913600000,2.85],[1494086400000,2.845],[1494172800000,2.892],[1494259200000,2.921],[1494345600000,2.902],[1494432000000,2.962],[1494518400000,3.011],[1494691200000,3.101],[1494777600000,3.113],[1494864000000,3.143],[1494950400000,3.316],[1495036800000,3.294],[1495123200000,3.295],[1495296000000,3.295],[1495382400000,3.412],[1495468800000,3.409],[1495555200000,3.339],[1495641600000,3.345],[1495728000000,3.388],[1496073600000,3.398],[1496160000000,3.406],[1496246400000,3.488],[1496332800000,3.501],[1496505600000,3.501],[1496592000000,3.498],[1496678400000,3.494],[1496764800000,3.502],[1496851200000,3.432],[1496937600000,3.774],[1497110400000,3.806],[1497196800000,3.829],[1497283200000,3.872],[1497369600000,3.89],[1497456000000,3.961],[1497542400000,4.208],[1497715200000,4.343],[1497801600000,4.404],[1497888000000,4.461],[1497974400000,4.511],[1498060800000,4.573],[1498147200000,4.078],[1498320000000,4.071],[1498406400000,4.106],[1498492800000,4.155],[1498579200000,4.178],[1498665600000,4.165],[1498752000000,4.143],[1498924800000,4.149],[1499011200000,4.106],[1499097600000,4.023],[1499184000000,3.914],[1499270400000,3.793],[1499356800000,3.681],[1499529600000,3.475],[1499616000000,3.391],[1499702400000,3.321],[1499788800000,3.316],[1499875200000,3.318],[1499961600000,3.549],[1500134400000,3.647],[1500220800000,3.686],[1500307200000,3.734],[1500393600000,3.763],[1500480000000,3.855],[1500566400000,3.695],[1500739200000,3.724],[1500825600000,3.738],[1500912000000,3.784],[1500998400000,3.848],[1501084800000,3.809],[1501171200000,3.864],[1501344000000,3.844],[1501430400000,3.928],[1501516800000,4.053],[1501603200000,4.198],[1501689600000,4.183],[1501776000000,4.073],[1501948800000,3.973],[1502035200000,3.83],[1502121600000,3.614],[1502208000000,3.373],[1502294400000,3.334],[1502380800000,3.327],[1502553600000,3.347],[1502640000000,3.352],[1502726400000,3.348],[1502812800000,3.441],[1502899200000,3.44],[1502985600000,3.438],[1503158400000,3.423],[1503244800000,3.417],[1503331200000,3.412],[1503417600000,3.309],[1503504000000,3.314],[1503590400000,3.315],[1503763200000,3.331],[1503849600000,3.435],[1503936000000,3.916],[1504022400000,4.124],[1504108800000,4.137],[1504195200000,4.886],[1504368000000,4.979],[1504454400000,4.927],[1504540800000,4.503],[1504627200000,4.349],[1504713600000,4.364],[1504800000000,3.743],[1504972800000,3.704],[1505059200000,3.715],[1505145600000,3.695],[1505232000000,3.697],[1505318400000,3.715],[1505404800000,3.621],[1505577600000,3.656],[1505664000000,3.646],[1505750400000,3.664],[1505836800000,3.737],[1505923200000,4.06],[1506009600000,4.099],[1506182400000,4.136],[1506268800000,4.34],[1506355200000,4.578],[1506441600000,4.555],[1506528000000,4.333],[1506614400000,4.399],[1507392000000,4.183],[1507478400000,4.271],[1507564800000,4.301],[1507651200000,4.339],[1507737600000,4.322],[1507824000000,4.312],[1507996800000,4.267],[1508083200000,4.169],[1508169600000,4.169],[1508256000000,4.069],[1508342400000,3.998],[1508428800000,3.916],[1508601600000,3.774],[1508688000000,3.695],[1508774400000,3.574],[1508860800000,3.542],[1508947200000,3.548],[1509033600000,3.565],[1509206400000,3.588],[1509292800000,3.603],[1509379200000,3.62],[1509465600000,3.722],[1509552000000,3.845],[1509638400000,3.845],[1509811200000,3.858],[1509897600000,3.818],[1509984000000,3.779],[1510070400000,3.659],[1510156800000,3.504],[1510243200000,3.465],[1510416000000,3.392],[1510502400000,3.391],[1510588800000,3.393],[1510675200000,3.393],[1510761600000,3.546],[1510848000000,3.582],[1511020800000,3.565],[1511107200000,3.728],[1511193600000,3.977],[1511280000000,3.953],[1511366400000,3.759],[1511452800000,4.022],[1511625600000,4.142],[1511712000000,4.031],[1511798400000,3.846],[1511884800000,3.931],[1511971200000,4.043],[1512057600000,3.822],[1512230400000,3.875],[1512316800000,3.971],[1512403200000,4.021],[1512489600000,4.024],[1512576000000,4.026],[1512662400000,4.031],[1512835200000,4.042],[1512921600000,4.09],[1513008000000,4.076],[1513094400000,4.114],[1513180800000,4.118],[1513267200000,4.103],[1513440000000,4.066],[1513526400000,3.991],[1513612800000,4.035],[1513699200000,4.037],[1513785600000,4.098],[1513872000000,4.172],[1514044800000,4.322],[1514131200000,4.311],[1514217600000,4.247],[1514304000000,4.221],[1514390400000,4.145],[1514476800000,4.073],[1514649600000,4.061],[1514736000000,4.086],[1514822400000,4.114],[1514908800000,4.145],[1514995200000,4.204],[1515081600000,4.238],[1515254400000,4.149],[1515340800000,4.12],[1515427200000,4.114],[1515513600000,4.1],[1515600000000,4.066],[1515686400000,4.052],[1515859200000,4.037],[1515945600000,4.028],[1516032000000,4.025],[1516118400000,4.034],[1516204800000,4.059],[1516291200000,4.092],[1516464000000,4.178],[1516550400000,4.203],[1516636800000,4.236],[1516723200000,4.25],[1516809600000,4.262],[1516896000000,4.26],[1517068800000,4.249],[1517155200000,4.251],[1517241600000,4.26],[1517328000000,4.288],[1517414400000,4.307],[1517500800000,4.294],[1517673600000,4.268],[1517760000000,4.267],[1517846400000,4.227]];
/*资产配置*/
var Data_assetAllocationCurrency ={"categories":["12-31","09-30","06-30","03-31"],"series":[{"name":"股票","data":[null,null,null,null]},{"name":"债券","data":[47.13,50.02,30.63,27.13]},{"name":"现金","data":[35.42,22.67,29.93,41.12]}]};
/*累计收益率走势*/
var Data_grandTotal = [{"name":"富国天时货币C","data":[[1501948800000,0],[1502035200000,0.01],[1502121600000,0.02],[1502208000000,0.03],[1502294400000,0.04],[1502380800000,0.04],[1502553600000,0.06],[1502640000000,0.07],[1502726400000,0.08],[1502812800000,0.09],[1502899200000,0.10],[1502985600000,0.11],[1503158400000,0.13],[1503244800000,0.14],[1503331200000,0.15],[1503417600000,0.15],[1503504000000,0.16],[1503590400000,0.17],[1503763200000,0.19],[1503849600000,0.20],[1503936000000,0.22],[1504022400000,0.23],[1504108800000,0.24],[1504195200000,0.26],[1504368000000,0.28],[1504454400000,0.29],[1504540800000,0.30],[1504627200000,0.31],[1504713600000,0.32],[1504800000000,0.33],[1504972800000,0.35],[1505059200000,0.36],[1505145600000,0.37],[1505232000000,0.38],[1505318400000,0.39],[1505404800000,0.40],[1505577600000,0.42],[1505664000000,0.43],[1505750400000,0.44],[1505836800000,0.45],[1505923200000,0.47],[1506009600000,0.48],[1506182400000,0.50],[1506268800000,0.51],[1506355200000,0.53],[1506441600000,0.54],[1506528000000,0.55],[1506614400000,0.56],[1507392000000,0.67],[1507478400000,0.68],[1507564800000,0.69],[1507651200000,0.70],[1507737600000,0.71],[1507824000000,0.72],[1507996800000,0.75],[1508083200000,0.76],[1508169600000,0.77],[1508256000000,0.78],[1508342400000,0.79],[1508428800000,0.80],[1508601600000,0.82],[1508688000000,0.83],[1508774400000,0.84],[1508860800000,0.85],[1508947200000,0.86],[1509033600000,0.87],[1509206400000,0.89],[1509292800000,0.90],[1509379200000,0.91],[1509465600000,0.92],[1509552000000,0.93],[1509638400000,0.94],[1509811200000,0.96],[1509897600000,0.97],[1509984000000,0.98],[1510070400000,0.99],[1510156800000,1.00],[1510243200000,1.01],[1510416000000,1.02],[1510502400000,1.03],[1510588800000,1.04],[1510675200000,1.05],[1510761600000,1.06],[1510848000000,1.07],[1511020800000,1.09],[1511107200000,1.10],[1511193600000,1.12],[1511280000000,1.13],[1511366400000,1.14],[1511452800000,1.15],[1511625600000,1.17],[1511712000000,1.18],[1511798400000,1.19],[1511884800000,1.20],[1511971200000,1.21],[1512057600000,1.22],[1512230400000,1.24],[1512316800000,1.26],[1512403200000,1.27],[1512489600000,1.28],[1512576000000,1.29],[1512662400000,1.30],[1512835200000,1.32],[1512921600000,1.33],[1513008000000,1.35],[1513094400000,1.36],[1513180800000,1.37],[1513267200000,1.38],[1513440000000,1.40],[1513526400000,1.41],[1513612800000,1.42],[1513699200000,1.43],[1513785600000,1.45],[1513872000000,1.46],[1514044800000,1.48],[1514131200000,1.49],[1514217600000,1.50],[1514304000000,1.51],[1514390400000,1.52],[1514476800000,1.53],[1514649600000,1.56],[1514736000000,1.59],[1514822400000,1.61],[1514908800000,1.62],[1514995200000,1.63],[1515081600000,1.64],[1515254400000,1.66],[1515340800000,1.67],[1515427200000,1.68],[1515513600000,1.69],[1515600000000,1.71],[1515686400000,1.72],[1515859200000,1.74],[1515945600000,1.75],[1516032000000,1.76],[1516118400000,1.77],[1516204800000,1.78],[1516291200000,1.79],[1516464000000,1.82],[1516550400000,1.83],[1516636800000,1.84],[1516723200000,1.85],[1516809600000,1.86],[1516896000000,1.88],[1517068800000,1.90],[1517155200000,1.91],[1517241600000,1.92],[1517328000000,1.94],[1517414400000,1.95],[1517500800000,1.96],[1517673600000,1.98],[1517760000000,1.99],[1517846400000,2.00]]},{"name":"同类平均","data":[[1502035200000,0],[1502121600000,0.01],[1502208000000,0.02],[1502294400000,0.03],[1502380800000,0.04],[1502640000000,0.07],[1502726400000,0.08],[1502812800000,0.09],[1502899200000,0.10],[1502985600000,0.11],[1503244800000,0.14],[1503331200000,0.16],[1503417600000,0.17],[1503504000000,0.18],[1503590400000,0.19],[1503849600000,0.22],[1503936000000,0.23],[1504022400000,0.24],[1504108800000,0.25],[1504195200000,0.26],[1504454400000,0.29],[1504540800000,0.30],[1504627200000,0.31],[1504713600000,0.32],[1504800000000,0.34],[1505059200000,0.37],[1505145600000,0.38],[1505232000000,0.39],[1505318400000,0.40],[1505404800000,0.41],[1505664000000,0.44],[1505750400000,0.45],[1505836800000,0.46],[1505923200000,0.47],[1506009600000,0.48],[1506268800000,0.52],[1506355200000,0.53],[1506441600000,0.54],[1506528000000,0.55],[1506614400000,0.56],[1507478400000,0.67],[1507564800000,0.68],[1507651200000,0.69],[1507737600000,0.71],[1507824000000,0.72],[1508083200000,0.75],[1508169600000,0.76],[1508256000000,0.77],[1508342400000,0.78],[1508428800000,0.79],[1508688000000,0.82],[1508774400000,0.83],[1508860800000,0.84],[1508947200000,0.85],[1509033600000,0.86],[1509292800000,0.90],[1509379200000,0.91],[1509465600000,0.92],[1509552000000,0.93],[1509638400000,0.94],[1509897600000,0.97],[1509984000000,0.98],[1510070400000,0.99],[1510156800000,1.00],[1510243200000,1.01],[1510502400000,1.04],[1510588800000,1.06],[1510675200000,1.07],[1510761600000,1.08],[1510848000000,1.09],[1511107200000,1.12],[1511193600000,1.13],[1511280000000,1.14],[1511366400000,1.15],[1511452800000,1.16],[1511712000000,1.20],[1511798400000,1.21],[1511884800000,1.22],[1511971200000,1.23],[1512057600000,1.24],[1512316800000,1.28],[1512403200000,1.29],[1512489600000,1.30],[1512576000000,1.31],[1512662400000,1.32],[1512921600000,1.35],[1513008000000,1.36],[1513094400000,1.38],[1513180800000,1.39],[1513267200000,1.40],[1513526400000,1.43],[1513612800000,1.44],[1513699200000,1.46],[1513785600000,1.47],[1513872000000,1.48],[1514131200000,1.51],[1514217600000,1.53],[1514304000000,1.54],[1514390400000,1.55],[1514476800000,1.57],[1514822400000,1.62],[1514908800000,1.64],[1514995200000,1.65],[1515081600000,1.66],[1515340800000,1.69],[1515427200000,1.71],[1515513600000,1.72],[1515600000000,1.73],[1515686400000,1.74],[1515945600000,1.77],[1516032000000,1.79],[1516118400000,1.80],[1516204800000,1.81],[1516291200000,1.82],[1516550400000,1.86],[1516636800000,1.87],[1516723200000,1.88],[1516809600000,1.89],[1516896000000,1.90],[1517155200000,1.94],[1517241600000,1.95],[1517328000000,1.96],[1517414400000,1.97],[1517500800000,1.98],[1517760000000,2.02],[1517846400000,2.03]]},{"name":"沪深300","data":[[1502035200000,0],[1502121600000,0.15],[1502208000000,0.11],[1502294400000,-0.29],[1502380800000,-2.13],[1502640000000,-0.86],[1502726400000,-0.56],[1502812800000,-0.68],[1502899200000,-0.15],[1502985600000,-0.06],[1503244800000,0.38],[1503331200000,0.68],[1503417600000,0.79],[1503504000000,0.21],[1503590400000,1.85],[1503849600000,3.11],[1503936000000,2.89],[1504022400000,2.88],[1504108800000,2.56],[1504195200000,2.78],[1504454400000,3.19],[1504540800000,3.50],[1504627200000,3.29],[1504713600000,2.77],[1504800000000,2.66],[1505059200000,2.65],[1505145600000,2.98],[1505232000000,3.11],[1505318400000,2.77],[1505404800000,2.80],[1505664000000,3.12],[1505750400000,2.83],[1505836800000,3.10],[1505923200000,2.98],[1506009600000,2.98],[1506268800000,2.44],[1506355200000,2.52],[1506441600000,2.53],[1506528000000,2.57],[1506614400000,2.94],[1507478400000,4.17],[1507564800000,4.38],[1507651200000,4.72],[1507737600000,5.00],[1507824000000,5.21],[1508083200000,5.01],[1508169600000,5.00],[1508256000000,5.83],[1508342400000,5.49],[1508428800000,5.37],[1508688000000,5.47],[1508774400000,6.24],[1508860800000,6.71],[1508947200000,7.16],[1509033600000,7.92],[1509292800000,7.59],[1509379200000,7.51],[1509465600000,7.24],[1509552000000,7.25],[1509638400000,7.13],[1509897600000,7.89],[1509984000000,8.79],[1510070400000,8.62],[1510156800000,9.37],[1510243200000,10.33],[1510502400000,10.77],[1510588800000,10.00],[1510675200000,9.31],[1510761600000,10.15],[1510848000000,10.57],[1511107200000,11.19],[1511193600000,13.17],[1511280000000,13.44],[1511366400000,10.08],[1511452800000,10.13],[1511712000000,8.67],[1511798400000,8.83],[1511884800000,8.77],[1511971200000,7.49],[1512057600000,7.28],[1512316800000,7.84],[1512403200000,8.41],[1512489600000,7.76],[1512576000000,6.55],[1512662400000,7.42],[1512921600000,9.20],[1513008000000,7.76],[1513094400000,8.67],[1513180800000,8.03],[1513267200000,6.82],[1513526400000,6.94],[1513612800000,8.28],[1513699200000,8.15],[1513785600000,9.15],[1513872000000,8.80],[1514131200000,8.45],[1514217600000,8.77],[1514304000000,7.09],[1514390400000,7.84],[1514476800000,8.16],[1514822400000,9.68],[1514908800000,10.32],[1514995200000,10.79],[1515081600000,11.05],[1515340800000,11.63],[1515427200000,12.41],[1515513600000,12.91],[1515600000000,12.85],[1515686400000,13.37],[1515945600000,13.37],[1516032000000,14.27],[1516118400000,13.99],[1516204800000,14.61],[1516291200000,14.99],[1516550400000,16.36],[1516636800000,17.60],[1516723200000,17.79],[1516809600000,17.13],[1516896000000,17.56],[1517155200000,15.43],[1517241600000,14.20],[1517328000000,14.73],[1517414400000,13.93],[1517500800000,14.61],[1517760000000,14.69],[1517846400000,11.33]]}];
/*同类排名*/
var Data_rateInSimilarType = [{"x":1427644800000,"y":177,"sc":"307"},{"x":1427731200000,"y":174,"sc":"309"},{"x":1427817600000,"y":162,"sc":"307"},{"x":1427904000000,"y":157,"sc":"307"},{"x":1427990400000,"y":156,"sc":"307"},{"x":1428336000000,"y":166,"sc":"307"},{"x":1428422400000,"y":164,"sc":"307"},{"x":1428508800000,"y":168,"sc":"307"},{"x":1428595200000,"y":165,"sc":"307"},{"x":1428854400000,"y":161,"sc":"307"},{"x":1428940800000,"y":124,"sc":"307"},{"x":1429027200000,"y":67,"sc":"307"},{"x":1429113600000,"y":69,"sc":"310"},{"x":1429200000000,"y":70,"sc":"310"},{"x":1429459200000,"y":74,"sc":"311"},{"x":1429545600000,"y":76,"sc":"311"},{"x":1429632000000,"y":85,"sc":"313"},{"x":1429718400000,"y":90,"sc":"315"},{"x":1429804800000,"y":92,"sc":"313"},{"x":1430064000000,"y":104,"sc":"313"},{"x":1430150400000,"y":103,"sc":"314"},{"x":1430236800000,"y":107,"sc":"314"},{"x":1430323200000,"y":108,"sc":"314"},{"x":1430668800000,"y":111,"sc":"315"},{"x":1430755200000,"y":119,"sc":"315"},{"x":1430841600000,"y":102,"sc":"315"},{"x":1430928000000,"y":103,"sc":"315"},{"x":1431014400000,"y":91,"sc":"315"},{"x":1431273600000,"y":81,"sc":"316"},{"x":1431360000000,"y":85,"sc":"316"},{"x":1431446400000,"y":112,"sc":"316"},{"x":1431532800000,"y":114,"sc":"318"},{"x":1431619200000,"y":127,"sc":"316"},{"x":1431878400000,"y":109,"sc":"316"},{"x":1431964800000,"y":100,"sc":"316"},{"x":1432051200000,"y":45,"sc":"316"},{"x":1432137600000,"y":45,"sc":"316"},{"x":1432224000000,"y":46,"sc":"316"},{"x":1432483200000,"y":56,"sc":"316"},{"x":1432569600000,"y":59,"sc":"316"},{"x":1432656000000,"y":58,"sc":"316"},{"x":1432742400000,"y":59,"sc":"316"},{"x":1432828800000,"y":59,"sc":"316"},{"x":1433088000000,"y":63,"sc":"316"},{"x":1433174400000,"y":68,"sc":"317"},{"x":1433260800000,"y":69,"sc":"317"},{"x":1433347200000,"y":69,"sc":"317"},{"x":1433433600000,"y":75,"sc":"317"},{"x":1433692800000,"y":66,"sc":"317"},{"x":1433779200000,"y":64,"sc":"317"},{"x":1433865600000,"y":59,"sc":"317"},{"x":1433952000000,"y":59,"sc":"319"},{"x":1434038400000,"y":72,"sc":"319"},{"x":1434297600000,"y":68,"sc":"319"},{"x":1434384000000,"y":62,"sc":"319"},{"x":1434470400000,"y":55,"sc":"319"},{"x":1434556800000,"y":58,"sc":"319"},{"x":1434643200000,"y":55,"sc":"321"},{"x":1434988800000,"y":44,"sc":"319"},{"x":1435075200000,"y":44,"sc":"320"},{"x":1435161600000,"y":46,"sc":"320"},{"x":1435248000000,"y":49,"sc":"322"},{"x":1435507200000,"y":45,"sc":"321"},{"x":1435593600000,"y":43,"sc":"321"},{"x":1435680000000,"y":35,"sc":"321"},{"x":1435766400000,"y":37,"sc":"321"},{"x":1435852800000,"y":37,"sc":"323"},{"x":1436112000000,"y":39,"sc":"323"},{"x":1436198400000,"y":32,"sc":"323"},{"x":1436284800000,"y":29,"sc":"323"},{"x":1436371200000,"y":28,"sc":"323"},{"x":1436457600000,"y":28,"sc":"323"},{"x":1436716800000,"y":29,"sc":"323"},{"x":1436803200000,"y":41,"sc":"325"},{"x":1436889600000,"y":74,"sc":"323"},{"x":1436976000000,"y":72,"sc":"325"},{"x":1437062400000,"y":68,"sc":"323"},{"x":1437321600000,"y":65,"sc":"323"},{"x":1437408000000,"y":64,"sc":"323"},{"x":1437494400000,"y":62,"sc":"323"},{"x":1437580800000,"y":60,"sc":"323"},{"x":1437667200000,"y":60,"sc":"326"},{"x":1437926400000,"y":51,"sc":"324"},{"x":1438012800000,"y":50,"sc":"324"},{"x":1438099200000,"y":46,"sc":"324"},{"x":1438185600000,"y":39,"sc":"325"},{"x":1438272000000,"y":39,"sc":"325"},{"x":1438531200000,"y":38,"sc":"325"},{"x":1438617600000,"y":37,"sc":"327"},{"x":1438704000000,"y":35,"sc":"325"},{"x":1438790400000,"y":33,"sc":"325"},{"x":1438876800000,"y":34,"sc":"328"},{"x":1439136000000,"y":40,"sc":"328"},{"x":1439222400000,"y":38,"sc":"328"},{"x":1439308800000,"y":35,"sc":"328"},{"x":1439395200000,"y":33,"sc":"328"},{"x":1439481600000,"y":31,"sc":"330"},{"x":1439740800000,"y":27,"sc":"330"},{"x":1439827200000,"y":39,"sc":"331"},{"x":1439913600000,"y":40,"sc":"331"},{"x":1440000000000,"y":124,"sc":"331"},{"x":1440086400000,"y":113,"sc":"331"},{"x":1440345600000,"y":110,"sc":"331"},{"x":1440432000000,"y":108,"sc":"331"},{"x":1440518400000,"y":103,"sc":"332"},{"x":1440604800000,"y":101,"sc":"332"},{"x":1440691200000,"y":99,"sc":"334"},{"x":1440950400000,"y":98,"sc":"332"},{"x":1441036800000,"y":94,"sc":"332"},{"x":1441123200000,"y":88,"sc":"332"},{"x":1441555200000,"y":80,"sc":"332"},{"x":1441641600000,"y":85,"sc":"332"},{"x":1441728000000,"y":85,"sc":"332"},{"x":1441814400000,"y":82,"sc":"331"},{"x":1441900800000,"y":79,"sc":"331"},{"x":1442160000000,"y":85,"sc":"332"},{"x":1442246400000,"y":89,"sc":"332"},{"x":1442332800000,"y":93,"sc":"332"},{"x":1442419200000,"y":101,"sc":"332"},{"x":1442505600000,"y":98,"sc":"332"},{"x":1442764800000,"y":93,"sc":"335"},{"x":1442851200000,"y":105,"sc":"335"},{"x":1442937600000,"y":122,"sc":"335"},{"x":1443024000000,"y":116,"sc":"335"},{"x":1443110400000,"y":116,"sc":"337"},{"x":1443369600000,"y":111,"sc":"342"},{"x":1443456000000,"y":111,"sc":"342"},{"x":1443542400000,"y":116,"sc":"342"},{"x":1444233600000,"y":136,"sc":"344"},{"x":1444320000000,"y":137,"sc":"344"},{"x":1444579200000,"y":136,"sc":"342"},{"x":1444665600000,"y":135,"sc":"340"},{"x":1444752000000,"y":134,"sc":"342"},{"x":1444838400000,"y":135,"sc":"341"},{"x":1444924800000,"y":135,"sc":"343"},{"x":1445184000000,"y":142,"sc":"342"},{"x":1445270400000,"y":149,"sc":"342"},{"x":1445356800000,"y":148,"sc":"344"},{"x":1445443200000,"y":143,"sc":"345"},{"x":1445529600000,"y":141,"sc":"345"},{"x":1445788800000,"y":135,"sc":"345"},{"x":1445875200000,"y":117,"sc":"345"},{"x":1445961600000,"y":109,"sc":"345"},{"x":1446048000000,"y":113,"sc":"345"},{"x":1446134400000,"y":115,"sc":"347"},{"x":1446393600000,"y":117,"sc":"345"},{"x":1446480000000,"y":112,"sc":"345"},{"x":1446566400000,"y":111,"sc":"345"},{"x":1446652800000,"y":111,"sc":"345"},{"x":1446739200000,"y":112,"sc":"345"},{"x":1446998400000,"y":112,"sc":"348"},{"x":1447084800000,"y":110,"sc":"350"},{"x":1447171200000,"y":109,"sc":"348"},{"x":1447257600000,"y":111,"sc":"348"},{"x":1447344000000,"y":113,"sc":"350"},{"x":1447603200000,"y":115,"sc":"350"},{"x":1447689600000,"y":115,"sc":"350"},{"x":1447776000000,"y":107,"sc":"350"},{"x":1447862400000,"y":106,"sc":"352"},{"x":1447948800000,"y":105,"sc":"350"},{"x":1448208000000,"y":91,"sc":"353"},{"x":1448294400000,"y":90,"sc":"353"},{"x":1448380800000,"y":91,"sc":"351"},{"x":1448467200000,"y":92,"sc":"351"},{"x":1448553600000,"y":90,"sc":"353"},{"x":1448812800000,"y":91,"sc":"353"},{"x":1448899200000,"y":82,"sc":"353"},{"x":1448985600000,"y":82,"sc":"351"},{"x":1449072000000,"y":80,"sc":"351"},{"x":1449158400000,"y":78,"sc":"353"},{"x":1449417600000,"y":83,"sc":"353"},{"x":1449504000000,"y":81,"sc":"353"},{"x":1449590400000,"y":80,"sc":"353"},{"x":1449676800000,"y":86,"sc":"353"},{"x":1449763200000,"y":91,"sc":"353"},{"x":1450022400000,"y":89,"sc":"352"},{"x":1450108800000,"y":88,"sc":"352"},{"x":1450195200000,"y":89,"sc":"352"},{"x":1450281600000,"y":90,"sc":"352"},{"x":1450368000000,"y":91,"sc":"351"},{"x":1450627200000,"y":108,"sc":"351"},{"x":1450713600000,"y":115,"sc":"351"},{"x":1450800000000,"y":119,"sc":"351"},{"x":1450886400000,"y":122,"sc":"351"},{"x":1450972800000,"y":124,"sc":"352"},{"x":1451232000000,"y":113,"sc":"354"},{"x":1451318400000,"y":113,"sc":"354"},{"x":1451404800000,"y":108,"sc":"356"},{"x":1451491200000,"y":107,"sc":"356"},{"x":1451836800000,"y":87,"sc":"356"},{"x":1451923200000,"y":88,"sc":"356"},{"x":1452009600000,"y":84,"sc":"356"},{"x":1452096000000,"y":106,"sc":"356"},{"x":1452182400000,"y":112,"sc":"356"},{"x":1452441600000,"y":111,"sc":"356"},{"x":1452528000000,"y":116,"sc":"356"},{"x":1452614400000,"y":114,"sc":"356"},{"x":1452700800000,"y":111,"sc":"356"},{"x":1452787200000,"y":108,"sc":"356"},{"x":1453046400000,"y":102,"sc":"356"},{"x":1453132800000,"y":98,"sc":"356"},{"x":1453219200000,"y":95,"sc":"356"},{"x":1453305600000,"y":95,"sc":"357"},{"x":1453392000000,"y":102,"sc":"358"},{"x":1453651200000,"y":110,"sc":"360"},{"x":1453737600000,"y":110,"sc":"360"},{"x":1453824000000,"y":128,"sc":"360"},{"x":1453910400000,"y":140,"sc":"360"},{"x":1453996800000,"y":137,"sc":"360"},{"x":1454256000000,"y":140,"sc":"360"},{"x":1454342400000,"y":143,"sc":"360"},{"x":1454428800000,"y":144,"sc":"360"},{"x":1454515200000,"y":146,"sc":"365"},{"x":1454601600000,"y":149,"sc":"366"},{"x":1455465600000,"y":153,"sc":"369"},{"x":1455552000000,"y":153,"sc":"369"},{"x":1455638400000,"y":150,"sc":"369"},{"x":1455724800000,"y":168,"sc":"369"},{"x":1455811200000,"y":171,"sc":"369"},{"x":1456070400000,"y":184,"sc":"369"},{"x":1456156800000,"y":193,"sc":"370"},{"x":1456243200000,"y":193,"sc":"373"},{"x":1456329600000,"y":193,"sc":"373"},{"x":1456416000000,"y":197,"sc":"375"},{"x":1456675200000,"y":199,"sc":"375"},{"x":1456761600000,"y":206,"sc":"376"},{"x":1456848000000,"y":206,"sc":"376"},{"x":1456934400000,"y":210,"sc":"376"},{"x":1457020800000,"y":213,"sc":"376"},{"x":1457280000000,"y":213,"sc":"376"},{"x":1457366400000,"y":212,"sc":"380"},{"x":1457452800000,"y":209,"sc":"380"},{"x":1457539200000,"y":210,"sc":"380"},{"x":1457625600000,"y":212,"sc":"381"},{"x":1457884800000,"y":215,"sc":"381"},{"x":1457971200000,"y":212,"sc":"380"},{"x":1458057600000,"y":213,"sc":"382"},{"x":1458144000000,"y":214,"sc":"383"},{"x":1458230400000,"y":211,"sc":"383"},{"x":1458489600000,"y":216,"sc":"383"},{"x":1458576000000,"y":210,"sc":"385"},{"x":1458662400000,"y":206,"sc":"385"},{"x":1458748800000,"y":204,"sc":"385"},{"x":1458835200000,"y":208,"sc":"391"},{"x":1459094400000,"y":234,"sc":"391"},{"x":1459180800000,"y":232,"sc":"391"},{"x":1459267200000,"y":224,"sc":"391"},{"x":1459353600000,"y":225,"sc":"392"},{"x":1459440000000,"y":218,"sc":"392"},{"x":1459785600000,"y":194,"sc":"392"},{"x":1459872000000,"y":187,"sc":"392"},{"x":1459958400000,"y":185,"sc":"392"},{"x":1460044800000,"y":185,"sc":"392"},{"x":1460304000000,"y":190,"sc":"394"},{"x":1460390400000,"y":190,"sc":"394"},{"x":1460476800000,"y":189,"sc":"394"},{"x":1460563200000,"y":186,"sc":"394"},{"x":1460649600000,"y":189,"sc":"394"},{"x":1460908800000,"y":194,"sc":"394"},{"x":1460995200000,"y":192,"sc":"394"},{"x":1461081600000,"y":194,"sc":"394"},{"x":1461168000000,"y":195,"sc":"394"},{"x":1461254400000,"y":200,"sc":"394"},{"x":1461513600000,"y":209,"sc":"394"},{"x":1461600000000,"y":209,"sc":"394"},{"x":1461686400000,"y":205,"sc":"394"},{"x":1461772800000,"y":196,"sc":"394"},{"x":1461859200000,"y":188,"sc":"394"},{"x":1462204800000,"y":186,"sc":"394"},{"x":1462291200000,"y":184,"sc":"394"},{"x":1462377600000,"y":183,"sc":"400"},{"x":1462464000000,"y":177,"sc":"400"},{"x":1462723200000,"y":170,"sc":"400"},{"x":1462809600000,"y":173,"sc":"400"},{"x":1462896000000,"y":175,"sc":"400"},{"x":1462982400000,"y":163,"sc":"400"},{"x":1463068800000,"y":162,"sc":"400"},{"x":1463328000000,"y":199,"sc":"400"},{"x":1463414400000,"y":206,"sc":"400"},{"x":1463500800000,"y":205,"sc":"400"},{"x":1463587200000,"y":207,"sc":"400"},{"x":1463673600000,"y":204,"sc":"400"},{"x":1463932800000,"y":205,"sc":"400"},{"x":1464019200000,"y":199,"sc":"400"},{"x":1464105600000,"y":197,"sc":"400"},{"x":1464192000000,"y":190,"sc":"400"},{"x":1464278400000,"y":187,"sc":"400"},{"x":1464537600000,"y":190,"sc":"400"},{"x":1464624000000,"y":190,"sc":"400"},{"x":1464710400000,"y":185,"sc":"400"},{"x":1464796800000,"y":185,"sc":"400"},{"x":1464883200000,"y":184,"sc":"400"},{"x":1465142400000,"y":186,"sc":"402"},{"x":1465228800000,"y":184,"sc":"402"},{"x":1465315200000,"y":181,"sc":"402"},{"x":1465747200000,"y":172,"sc":"402"},{"x":1465833600000,"y":168,"sc":"402"},{"x":1465920000000,"y":166,"sc":"403"},{"x":1466006400000,"y":169,"sc":"403"},{"x":1466092800000,"y":166,"sc":"403"},{"x":1466352000000,"y":163,"sc":"403"},{"x":1466438400000,"y":164,"sc":"404"},{"x":1466524800000,"y":168,"sc":"404"},{"x":1466611200000,"y":168,"sc":"404"},{"x":1466697600000,"y":159,"sc":"404"},{"x":1466956800000,"y":161,"sc":"404"},{"x":1467043200000,"y":156,"sc":"404"},{"x":1467129600000,"y":139,"sc":"404"},{"x":1467216000000,"y":145,"sc":"404"},{"x":1467302400000,"y":145,"sc":"404"},{"x":1467561600000,"y":87,"sc":"404"},{"x":1467648000000,"y":156,"sc":"404"},{"x":1467734400000,"y":164,"sc":"404"},{"x":1467820800000,"y":165,"sc":"404"},{"x":1467907200000,"y":169,"sc":"404"},{"x":1468166400000,"y":170,"sc":"404"},{"x":1468252800000,"y":173,"sc":"404"},{"x":1468339200000,"y":172,"sc":"404"},{"x":1468425600000,"y":175,"sc":"404"},{"x":1468512000000,"y":177,"sc":"404"},{"x":1468771200000,"y":175,"sc":"404"},{"x":1468857600000,"y":175,"sc":"404"},{"x":1468944000000,"y":180,"sc":"405"},{"x":1469030400000,"y":178,"sc":"405"},{"x":1469116800000,"y":175,"sc":"405"},{"x":1469376000000,"y":175,"sc":"405"},{"x":1469462400000,"y":172,"sc":"405"},{"x":1469548800000,"y":174,"sc":"405"},{"x":1469635200000,"y":179,"sc":"407"},{"x":1469721600000,"y":191,"sc":"407"},{"x":1469980800000,"y":185,"sc":"407"},{"x":1470067200000,"y":194,"sc":"407"},{"x":1470153600000,"y":196,"sc":"407"},{"x":1470240000000,"y":198,"sc":"409"},{"x":1470326400000,"y":199,"sc":"409"},{"x":1470585600000,"y":203,"sc":"412"},{"x":1470672000000,"y":201,"sc":"413"},{"x":1470758400000,"y":198,"sc":"413"},{"x":1470844800000,"y":196,"sc":"413"},{"x":1470931200000,"y":194,"sc":"413"},{"x":1471190400000,"y":196,"sc":"413"},{"x":1471276800000,"y":200,"sc":"413"},{"x":1471363200000,"y":204,"sc":"414"},{"x":1471449600000,"y":204,"sc":"415"},{"x":1471536000000,"y":204,"sc":"415"},{"x":1471795200000,"y":206,"sc":"416"},{"x":1471881600000,"y":205,"sc":"416"},{"x":1471968000000,"y":204,"sc":"416"},{"x":1472054400000,"y":206,"sc":"416"},{"x":1472140800000,"y":208,"sc":"416"},{"x":1472400000000,"y":209,"sc":"416"},{"x":1472486400000,"y":222,"sc":"416"},{"x":1472572800000,"y":221,"sc":"416"},{"x":1472659200000,"y":231,"sc":"416"},{"x":1472745600000,"y":233,"sc":"417"},{"x":1473004800000,"y":240,"sc":"421"},{"x":1473091200000,"y":240,"sc":"421"},{"x":1473177600000,"y":240,"sc":"421"},{"x":1473264000000,"y":240,"sc":"423"},{"x":1473350400000,"y":234,"sc":"424"},{"x":1473609600000,"y":240,"sc":"424"},{"x":1473696000000,"y":241,"sc":"424"},{"x":1473782400000,"y":240,"sc":"424"},{"x":1474214400000,"y":246,"sc":"424"},{"x":1474300800000,"y":248,"sc":"424"},{"x":1474387200000,"y":245,"sc":"424"},{"x":1474473600000,"y":243,"sc":"427"},{"x":1474560000000,"y":240,"sc":"427"},{"x":1474819200000,"y":254,"sc":"430"},{"x":1474905600000,"y":252,"sc":"430"},{"x":1474992000000,"y":262,"sc":"430"},{"x":1475078400000,"y":283,"sc":"432"},{"x":1475164800000,"y":295,"sc":"432"},{"x":1476028800000,"y":347,"sc":"434"},{"x":1476115200000,"y":339,"sc":"434"},{"x":1476201600000,"y":340,"sc":"435"},{"x":1476288000000,"y":342,"sc":"437"},{"x":1476374400000,"y":344,"sc":"435"},{"x":1476633600000,"y":338,"sc":"436"},{"x":1476720000000,"y":336,"sc":"438"},{"x":1476806400000,"y":334,"sc":"437"},{"x":1476892800000,"y":323,"sc":"437"},{"x":1476979200000,"y":321,"sc":"437"},{"x":1477238400000,"y":325,"sc":"440"},{"x":1477324800000,"y":327,"sc":"440"},{"x":1477411200000,"y":327,"sc":"441"},{"x":1477497600000,"y":326,"sc":"441"},{"x":1477584000000,"y":325,"sc":"445"},{"x":1477843200000,"y":327,"sc":"447"},{"x":1477929600000,"y":331,"sc":"447"},{"x":1478016000000,"y":327,"sc":"447"},{"x":1478102400000,"y":329,"sc":"447"},{"x":1478188800000,"y":333,"sc":"448"},{"x":1478448000000,"y":342,"sc":"450"},{"x":1478534400000,"y":338,"sc":"450"},{"x":1478620800000,"y":339,"sc":"450"},{"x":1478707200000,"y":344,"sc":"450"},{"x":1478793600000,"y":344,"sc":"450"},{"x":1479052800000,"y":344,"sc":"450"},{"x":1479139200000,"y":343,"sc":"450"},{"x":1479225600000,"y":344,"sc":"450"},{"x":1479312000000,"y":344,"sc":"450"},{"x":1479398400000,"y":342,"sc":"450"},{"x":1479657600000,"y":344,"sc":"451"},{"x":1479744000000,"y":343,"sc":"451"},{"x":1479830400000,"y":345,"sc":"451"},{"x":1479916800000,"y":343,"sc":"451"},{"x":1480003200000,"y":342,"sc":"451"},{"x":1480262400000,"y":349,"sc":"451"},{"x":1480348800000,"y":351,"sc":"452"},{"x":1480435200000,"y":359,"sc":"452"},{"x":1480521600000,"y":371,"sc":"452"},{"x":1480608000000,"y":378,"sc":"455"},{"x":1480867200000,"y":385,"sc":"455"},{"x":1480953600000,"y":387,"sc":"455"},{"x":1481040000000,"y":390,"sc":"455"},{"x":1481126400000,"y":395,"sc":"455"},{"x":1481212800000,"y":395,"sc":"456"},{"x":1481472000000,"y":396,"sc":"457"},{"x":1481558400000,"y":398,"sc":"458"},{"x":1481644800000,"y":402,"sc":"458"},{"x":1481731200000,"y":404,"sc":"458"},{"x":1481817600000,"y":409,"sc":"458"},{"x":1482076800000,"y":414,"sc":"458"},{"x":1482163200000,"y":416,"sc":"458"},{"x":1482249600000,"y":419,"sc":"458"},{"x":1482336000000,"y":429,"sc":"459"},{"x":1482422400000,"y":433,"sc":"463"},{"x":1482681600000,"y":436,"sc":"464"},{"x":1482768000000,"y":438,"sc":"464"},{"x":1482854400000,"y":439,"sc":"466"},{"x":1482940800000,"y":441,"sc":"466"},{"x":1483027200000,"y":444,"sc":"469"},{"x":1483372800000,"y":442,"sc":"469"},{"x":1483459200000,"y":442,"sc":"468"},{"x":1483545600000,"y":443,"sc":"469"},{"x":1483632000000,"y":442,"sc":"469"},{"x":1483891200000,"y":448,"sc":"469"},{"x":1483977600000,"y":448,"sc":"469"},{"x":1484064000000,"y":450,"sc":"469"},{"x":1484150400000,"y":450,"sc":"469"},{"x":1484236800000,"y":449,"sc":"469"},{"x":1484496000000,"y":452,"sc":"472"},{"x":1484582400000,"y":453,"sc":"474"},{"x":1484668800000,"y":455,"sc":"476"},{"x":1484755200000,"y":455,"sc":"476"},{"x":1484841600000,"y":455,"sc":"476"},{"x":1485100800000,"y":459,"sc":"481"},{"x":1485187200000,"y":461,"sc":"482"},{"x":1485273600000,"y":463,"sc":"484"},{"x":1485360000000,"y":464,"sc":"485"},{"x":1486051200000,"y":469,"sc":"489"},{"x":1486310400000,"y":471,"sc":"491"},{"x":1486396800000,"y":471,"sc":"491"},{"x":1486483200000,"y":471,"sc":"491"},{"x":1486569600000,"y":471,"sc":"491"},{"x":1486656000000,"y":474,"sc":"494"},{"x":1486915200000,"y":476,"sc":"496"},{"x":1487001600000,"y":475,"sc":"496"},{"x":1487088000000,"y":475,"sc":"496"},{"x":1487174400000,"y":475,"sc":"496"},{"x":1487260800000,"y":475,"sc":"496"},{"x":1487520000000,"y":475,"sc":"496"},{"x":1487606400000,"y":476,"sc":"496"},{"x":1487692800000,"y":476,"sc":"496"},{"x":1487779200000,"y":478,"sc":"498"},{"x":1487865600000,"y":479,"sc":"500"},{"x":1488124800000,"y":483,"sc":"503"},{"x":1488211200000,"y":483,"sc":"503"},{"x":1488297600000,"y":483,"sc":"503"},{"x":1488384000000,"y":485,"sc":"511"},{"x":1488470400000,"y":484,"sc":"511"},{"x":1488729600000,"y":486,"sc":"513"},{"x":1488816000000,"y":488,"sc":"515"},{"x":1488902400000,"y":489,"sc":"516"},{"x":1488988800000,"y":491,"sc":"518"},{"x":1489075200000,"y":492,"sc":"518"},{"x":1489334400000,"y":492,"sc":"518"},{"x":1489420800000,"y":490,"sc":"518"},{"x":1489507200000,"y":491,"sc":"518"},{"x":1489593600000,"y":493,"sc":"520"},{"x":1489680000000,"y":493,"sc":"520"},{"x":1489939200000,"y":494,"sc":"522"},{"x":1490025600000,"y":493,"sc":"522"},{"x":1490112000000,"y":493,"sc":"524"},{"x":1490198400000,"y":499,"sc":"530"},{"x":1490284800000,"y":498,"sc":"530"},{"x":1490544000000,"y":501,"sc":"534"},{"x":1490630400000,"y":501,"sc":"535"},{"x":1490716800000,"y":501,"sc":"535"},{"x":1490803200000,"y":505,"sc":"538"},{"x":1490889600000,"y":506,"sc":"538"},{"x":1491321600000,"y":509,"sc":"538"},{"x":1491408000000,"y":511,"sc":"540"},{"x":1491494400000,"y":510,"sc":"540"},{"x":1491753600000,"y":511,"sc":"540"},{"x":1491840000000,"y":511,"sc":"540"},{"x":1491926400000,"y":511,"sc":"540"},{"x":1492012800000,"y":512,"sc":"541"},{"x":1492099200000,"y":511,"sc":"541"},{"x":1492358400000,"y":515,"sc":"543"},{"x":1492444800000,"y":516,"sc":"543"},{"x":1492531200000,"y":515,"sc":"543"},{"x":1492617600000,"y":517,"sc":"545"},{"x":1492704000000,"y":517,"sc":"545"},{"x":1492963200000,"y":516,"sc":"545"},{"x":1493049600000,"y":514,"sc":"547"},{"x":1493136000000,"y":516,"sc":"549"},{"x":1493222400000,"y":516,"sc":"549"},{"x":1493308800000,"y":514,"sc":"549"},{"x":1493654400000,"y":519,"sc":"549"},{"x":1493740800000,"y":519,"sc":"550"},{"x":1493827200000,"y":519,"sc":"550"},{"x":1493913600000,"y":520,"sc":"550"},{"x":1494172800000,"y":520,"sc":"550"},{"x":1494259200000,"y":520,"sc":"550"},{"x":1494345600000,"y":520,"sc":"550"},{"x":1494432000000,"y":520,"sc":"550"},{"x":1494518400000,"y":519,"sc":"550"},{"x":1494777600000,"y":523,"sc":"554"},{"x":1494864000000,"y":525,"sc":"556"},{"x":1494950400000,"y":529,"sc":"560"},{"x":1495036800000,"y":530,"sc":"560"},{"x":1495123200000,"y":530,"sc":"560"},{"x":1495382400000,"y":531,"sc":"560"},{"x":1495468800000,"y":530,"sc":"562"},{"x":1495555200000,"y":532,"sc":"564"},{"x":1495641600000,"y":529,"sc":"564"},{"x":1495728000000,"y":532,"sc":"564"},{"x":1496160000000,"y":528,"sc":"564"},{"x":1496246400000,"y":527,"sc":"564"},{"x":1496332800000,"y":528,"sc":"564"},{"x":1496592000000,"y":529,"sc":"566"},{"x":1496678400000,"y":528,"sc":"566"},{"x":1496764800000,"y":527,"sc":"566"},{"x":1496851200000,"y":527,"sc":"566"},{"x":1496937600000,"y":525,"sc":"566"},{"x":1497196800000,"y":533,"sc":"574"},{"x":1497283200000,"y":532,"sc":"574"},{"x":1497369600000,"y":532,"sc":"575"},{"x":1497456000000,"y":531,"sc":"575"},{"x":1497542400000,"y":529,"sc":"575"},{"x":1497801600000,"y":529,"sc":"577"},{"x":1497888000000,"y":528,"sc":"577"},{"x":1497974400000,"y":524,"sc":"575"},{"x":1498060800000,"y":521,"sc":"575"},{"x":1498147200000,"y":521,"sc":"576"},{"x":1498406400000,"y":521,"sc":"579"},{"x":1498492800000,"y":518,"sc":"579"},{"x":1498579200000,"y":519,"sc":"579"},{"x":1498665600000,"y":518,"sc":"579"},{"x":1498752000000,"y":514,"sc":"582"},{"x":1499011200000,"y":511,"sc":"582"},{"x":1499097600000,"y":509,"sc":"582"},{"x":1499184000000,"y":510,"sc":"583"},{"x":1499270400000,"y":510,"sc":"583"},{"x":1499356800000,"y":511,"sc":"583"},{"x":1499616000000,"y":512,"sc":"583"},{"x":1499702400000,"y":511,"sc":"583"},{"x":1499788800000,"y":511,"sc":"583"},{"x":1499875200000,"y":510,"sc":"583"},{"x":1499961600000,"y":515,"sc":"586"},{"x":1500220800000,"y":515,"sc":"586"},{"x":1500307200000,"y":514,"sc":"586"},{"x":1500393600000,"y":515,"sc":"589"},{"x":1500480000000,"y":514,"sc":"589"},{"x":1500566400000,"y":514,"sc":"593"},{"x":1500825600000,"y":512,"sc":"593"},{"x":1500912000000,"y":509,"sc":"593"},{"x":1500998400000,"y":508,"sc":"594"},{"x":1501084800000,"y":505,"sc":"594"},{"x":1501171200000,"y":499,"sc":"594"},{"x":1501430400000,"y":491,"sc":"594"},{"x":1501516800000,"y":491,"sc":"594"},{"x":1501603200000,"y":480,"sc":"594"},{"x":1501689600000,"y":477,"sc":"594"},{"x":1501776000000,"y":477,"sc":"594"},{"x":1502035200000,"y":474,"sc":"596"},{"x":1502121600000,"y":470,"sc":"596"},{"x":1502208000000,"y":465,"sc":"596"},{"x":1502294400000,"y":465,"sc":"596"},{"x":1502380800000,"y":468,"sc":"596"},{"x":1502640000000,"y":466,"sc":"596"},{"x":1502726400000,"y":467,"sc":"596"},{"x":1502812800000,"y":463,"sc":"596"},{"x":1502899200000,"y":469,"sc":"596"},{"x":1502985600000,"y":469,"sc":"596"},{"x":1503244800000,"y":472,"sc":"597"},{"x":1503331200000,"y":475,"sc":"597"},{"x":1503417600000,"y":475,"sc":"597"},{"x":1503504000000,"y":476,"sc":"596"},{"x":1503590400000,"y":477,"sc":"596"},{"x":1503849600000,"y":472,"sc":"600"},{"x":1503936000000,"y":460,"sc":"600"},{"x":1504022400000,"y":462,"sc":"600"},{"x":1504108800000,"y":465,"sc":"601"},{"x":1504195200000,"y":441,"sc":"601"},{"x":1504454400000,"y":439,"sc":"601"},{"x":1504540800000,"y":440,"sc":"601"},{"x":1504627200000,"y":440,"sc":"601"},{"x":1504713600000,"y":439,"sc":"601"},{"x":1504800000000,"y":436,"sc":"601"},{"x":1505059200000,"y":451,"sc":"603"},{"x":1505145600000,"y":450,"sc":"603"},{"x":1505232000000,"y":453,"sc":"603"},{"x":1505318400000,"y":456,"sc":"605"},{"x":1505404800000,"y":460,"sc":"605"},{"x":1505664000000,"y":485,"sc":"606"},{"x":1505750400000,"y":488,"sc":"606"},{"x":1505836800000,"y":486,"sc":"603"},{"x":1505923200000,"y":478,"sc":"603"},{"x":1506009600000,"y":477,"sc":"603"},{"x":1506268800000,"y":476,"sc":"603"},{"x":1506355200000,"y":470,"sc":"603"},{"x":1506441600000,"y":469,"sc":"604"},{"x":1506528000000,"y":466,"sc":"604"},{"x":1506614400000,"y":463,"sc":"606"},{"x":1507478400000,"y":425,"sc":"606"},{"x":1507564800000,"y":418,"sc":"607"},{"x":1507651200000,"y":414,"sc":"607"},{"x":1507737600000,"y":415,"sc":"611"},{"x":1507824000000,"y":414,"sc":"611"},{"x":1508083200000,"y":420,"sc":"612"},{"x":1508169600000,"y":413,"sc":"612"},{"x":1508256000000,"y":411,"sc":"611"},{"x":1508342400000,"y":410,"sc":"611"},{"x":1508428800000,"y":412,"sc":"611"},{"x":1508688000000,"y":413,"sc":"606"},{"x":1508774400000,"y":416,"sc":"606"},{"x":1508860800000,"y":418,"sc":"607"},{"x":1508947200000,"y":424,"sc":"607"},{"x":1509033600000,"y":421,"sc":"607"},{"x":1509292800000,"y":422,"sc":"609"},{"x":1509379200000,"y":430,"sc":"610"},{"x":1509465600000,"y":438,"sc":"610"},{"x":1509552000000,"y":443,"sc":"613"},{"x":1509638400000,"y":439,"sc":"617"},{"x":1509897600000,"y":438,"sc":"621"},{"x":1509984000000,"y":438,"sc":"621"},{"x":1510070400000,"y":438,"sc":"621"},{"x":1510156800000,"y":438,"sc":"623"},{"x":1510243200000,"y":437,"sc":"623"},{"x":1510502400000,"y":440,"sc":"633"},{"x":1510588800000,"y":438,"sc":"635"},{"x":1510675200000,"y":438,"sc":"635"},{"x":1510761600000,"y":434,"sc":"635"},{"x":1510848000000,"y":430,"sc":"636"},{"x":1511107200000,"y":424,"sc":"636"},{"x":1511193600000,"y":407,"sc":"636"},{"x":1511280000000,"y":405,"sc":"636"},{"x":1511366400000,"y":411,"sc":"636"},{"x":1511452800000,"y":394,"sc":"637"},{"x":1511712000000,"y":388,"sc":"640"},{"x":1511798400000,"y":388,"sc":"640"},{"x":1511884800000,"y":417,"sc":"640"},{"x":1511971200000,"y":422,"sc":"641"},{"x":1512057600000,"y":465,"sc":"643"},{"x":1512316800000,"y":457,"sc":"643"},{"x":1512403200000,"y":453,"sc":"643"},{"x":1512489600000,"y":454,"sc":"643"},{"x":1512576000000,"y":453,"sc":"644"},{"x":1512662400000,"y":458,"sc":"652"},{"x":1512921600000,"y":445,"sc":"652"},{"x":1513008000000,"y":441,"sc":"653"},{"x":1513094400000,"y":437,"sc":"653"},{"x":1513180800000,"y":436,"sc":"654"},{"x":1513267200000,"y":433,"sc":"656"},{"x":1513526400000,"y":435,"sc":"656"},{"x":1513612800000,"y":430,"sc":"656"},{"x":1513699200000,"y":432,"sc":"656"},{"x":1513785600000,"y":452,"sc":"655"},{"x":1513872000000,"y":449,"sc":"655"},{"x":1514131200000,"y":457,"sc":"655"},{"x":1514217600000,"y":470,"sc":"655"},{"x":1514304000000,"y":476,"sc":"654"},{"x":1514390400000,"y":484,"sc":"655"},{"x":1514476800000,"y":492,"sc":"655"},{"x":1514822400000,"y":396,"sc":"655"},{"x":1514908800000,"y":388,"sc":"655"},{"x":1514995200000,"y":376,"sc":"655"},{"x":1515081600000,"y":366,"sc":"655"},{"x":1515340800000,"y":464,"sc":"655"},{"x":1515427200000,"y":475,"sc":"655"},{"x":1515513600000,"y":477,"sc":"656"},{"x":1515600000000,"y":480,"sc":"657"},{"x":1515686400000,"y":481,"sc":"657"},{"x":1515945600000,"y":488,"sc":"657"},{"x":1516032000000,"y":487,"sc":"657"},{"x":1516118400000,"y":489,"sc":"657"},{"x":1516204800000,"y":487,"sc":"657"},{"x":1516291200000,"y":483,"sc":"657"},{"x":1516550400000,"y":471,"sc":"657"},{"x":1516636800000,"y":469,"sc":"657"},{"x":1516723200000,"y":465,"sc":"657"},{"x":1516809600000,"y":463,"sc":"657"},{"x":1516896000000,"y":461,"sc":"655"},{"x":1517155200000,"y":458,"sc":"656"},{"x":1517241600000,"y":456,"sc":"656"},{"x":1517328000000,"y":454,"sc":"656"},{"x":1517414400000,"y":455,"sc":"656"},{"x":1517500800000,"y":457,"sc":"656"},{"x":1517760000000,"y":453,"sc":"656"},{"x":1517846400000,"y":447,"sc":"656"}];
/*百分比排名*/
var Data_rateInSimilarPersent = [[1427644800000,42.3500],[1427731200000,43.6900],[1427817600000,47.2300],[1427904000000,48.8600],[1427990400000,49.1900],[1428336000000,45.9300],[1428422400000,46.5800],[1428508800000,45.2800],[1428595200000,46.2500],[1428854400000,47.5600],[1428940800000,59.6100],[1429027200000,78.1800],[1429113600000,77.7400],[1429200000000,77.4200],[1429459200000,76.2100],[1429545600000,75.5600],[1429632000000,72.8400],[1429718400000,71.4300],[1429804800000,70.6100],[1430064000000,66.7700],[1430150400000,67.2000],[1430236800000,65.9200],[1430323200000,65.6100],[1430668800000,64.7600],[1430755200000,62.2200],[1430841600000,67.6200],[1430928000000,67.3000],[1431014400000,71.1100],[1431273600000,74.3700],[1431360000000,73.1000],[1431446400000,64.5600],[1431532800000,64.1500],[1431619200000,59.8100],[1431878400000,65.5100],[1431964800000,68.3500],[1432051200000,85.7600],[1432137600000,85.7600],[1432224000000,85.4400],[1432483200000,82.2800],[1432569600000,81.3300],[1432656000000,81.6500],[1432742400000,81.3300],[1432828800000,81.3300],[1433088000000,80.0600],[1433174400000,78.5500],[1433260800000,78.2300],[1433347200000,78.2300],[1433433600000,76.3400],[1433692800000,79.1800],[1433779200000,79.8100],[1433865600000,81.3900],[1433952000000,81.5000],[1434038400000,77.4300],[1434297600000,78.6800],[1434384000000,80.5600],[1434470400000,82.7600],[1434556800000,81.8200],[1434643200000,82.8700],[1434988800000,86.2100],[1435075200000,86.2500],[1435161600000,85.6200],[1435248000000,84.7800],[1435507200000,85.9800],[1435593600000,86.6000],[1435680000000,89.1000],[1435766400000,88.4700],[1435852800000,88.5400],[1436112000000,87.9300],[1436198400000,90.0900],[1436284800000,91.0200],[1436371200000,91.3300],[1436457600000,91.3300],[1436716800000,91.0200],[1436803200000,87.3800],[1436889600000,77.0900],[1436976000000,77.8500],[1437062400000,78.9500],[1437321600000,79.8800],[1437408000000,80.1900],[1437494400000,80.8000],[1437580800000,81.4200],[1437667200000,81.6000],[1437926400000,84.2600],[1438012800000,84.5700],[1438099200000,85.8000],[1438185600000,88.00],[1438272000000,88.00],[1438531200000,88.3100],[1438617600000,88.6900],[1438704000000,89.2300],[1438790400000,89.8500],[1438876800000,89.6300],[1439136000000,87.8000],[1439222400000,88.4100],[1439308800000,89.3300],[1439395200000,89.9400],[1439481600000,90.6100],[1439740800000,91.8200],[1439827200000,88.2200],[1439913600000,87.9200],[1440000000000,62.5400],[1440086400000,65.8600],[1440345600000,66.7700],[1440432000000,67.3700],[1440518400000,68.9800],[1440604800000,69.5800],[1440691200000,70.3600],[1440950400000,70.4800],[1441036800000,71.6900],[1441123200000,73.4900],[1441555200000,75.9000],[1441641600000,74.4000],[1441728000000,74.4000],[1441814400000,75.2300],[1441900800000,76.1300],[1442160000000,74.4000],[1442246400000,73.1900],[1442332800000,71.9900],[1442419200000,69.5800],[1442505600000,70.4800],[1442764800000,72.2400],[1442851200000,68.6600],[1442937600000,63.5800],[1443024000000,65.3700],[1443110400000,65.5800],[1443369600000,67.5400],[1443456000000,67.5400],[1443542400000,66.0800],[1444233600000,60.4700],[1444320000000,60.1700],[1444579200000,60.2300],[1444665600000,60.2900],[1444752000000,60.8200],[1444838400000,60.4100],[1444924800000,60.6400],[1445184000000,58.4800],[1445270400000,56.4300],[1445356800000,56.9800],[1445443200000,58.5500],[1445529600000,59.1300],[1445788800000,60.8700],[1445875200000,66.0900],[1445961600000,68.4100],[1446048000000,67.2500],[1446134400000,66.8600],[1446393600000,66.0900],[1446480000000,67.5400],[1446566400000,67.8300],[1446652800000,67.8300],[1446739200000,67.5400],[1446998400000,67.8200],[1447084800000,68.5700],[1447171200000,68.6800],[1447257600000,68.1000],[1447344000000,67.7100],[1447603200000,67.1400],[1447689600000,67.1400],[1447776000000,69.4300],[1447862400000,69.8900],[1447948800000,70.00],[1448208000000,74.2200],[1448294400000,74.5000],[1448380800000,74.0700],[1448467200000,73.7900],[1448553600000,74.5000],[1448812800000,74.2200],[1448899200000,76.7700],[1448985600000,76.6400],[1449072000000,77.2100],[1449158400000,77.9000],[1449417600000,76.4900],[1449504000000,77.0500],[1449590400000,77.3400],[1449676800000,75.6400],[1449763200000,74.2200],[1450022400000,74.7200],[1450108800000,75.00],[1450195200000,74.7200],[1450281600000,74.4300],[1450368000000,74.0700],[1450627200000,69.2300],[1450713600000,67.2400],[1450800000000,66.1000],[1450886400000,65.2400],[1450972800000,64.7700],[1451232000000,68.0800],[1451318400000,68.0800],[1451404800000,69.6600],[1451491200000,69.9400],[1451836800000,75.5600],[1451923200000,75.2800],[1452009600000,76.4000],[1452096000000,70.2200],[1452182400000,68.5400],[1452441600000,68.8200],[1452528000000,67.4200],[1452614400000,67.9800],[1452700800000,68.8200],[1452787200000,69.6600],[1453046400000,71.3500],[1453132800000,72.4700],[1453219200000,73.3100],[1453305600000,73.3900],[1453392000000,71.5100],[1453651200000,69.4400],[1453737600000,69.4400],[1453824000000,64.4400],[1453910400000,61.1100],[1453996800000,61.9400],[1454256000000,61.1100],[1454342400000,60.2800],[1454428800000,60.00],[1454515200000,60.00],[1454601600000,59.2900],[1455465600000,58.5400],[1455552000000,58.5400],[1455638400000,59.3500],[1455724800000,54.4700],[1455811200000,53.6600],[1456070400000,50.1400],[1456156800000,47.8400],[1456243200000,48.2600],[1456329600000,48.2600],[1456416000000,47.4700],[1456675200000,46.9300],[1456761600000,45.2100],[1456848000000,45.2100],[1456934400000,44.1500],[1457020800000,43.3500],[1457280000000,43.3500],[1457366400000,44.2100],[1457452800000,45.00],[1457539200000,44.7400],[1457625600000,44.3600],[1457884800000,43.5700],[1457971200000,44.2100],[1458057600000,44.2400],[1458144000000,44.1300],[1458230400000,44.9100],[1458489600000,43.6000],[1458576000000,45.4500],[1458662400000,46.4900],[1458748800000,47.0100],[1458835200000,46.8000],[1459094400000,40.1500],[1459180800000,40.6600],[1459267200000,42.7100],[1459353600000,42.6000],[1459440000000,44.3900],[1459785600000,50.5100],[1459872000000,52.3000],[1459958400000,52.8100],[1460044800000,52.8100],[1460304000000,51.7800],[1460390400000,51.7800],[1460476800000,52.0300],[1460563200000,52.7900],[1460649600000,52.0300],[1460908800000,50.7600],[1460995200000,51.2700],[1461081600000,50.7600],[1461168000000,50.5100],[1461254400000,49.2400],[1461513600000,46.9500],[1461600000000,46.9500],[1461686400000,47.9700],[1461772800000,50.2500],[1461859200000,52.2800],[1462204800000,52.7900],[1462291200000,53.3000],[1462377600000,54.2500],[1462464000000,55.7500],[1462723200000,57.5000],[1462809600000,56.7500],[1462896000000,56.2500],[1462982400000,59.2500],[1463068800000,59.5000],[1463328000000,50.2500],[1463414400000,48.5000],[1463500800000,48.7500],[1463587200000,48.2500],[1463673600000,49.00],[1463932800000,48.7500],[1464019200000,50.2500],[1464105600000,50.7500],[1464192000000,52.5000],[1464278400000,53.2500],[1464537600000,52.5000],[1464624000000,52.5000],[1464710400000,53.7500],[1464796800000,53.7500],[1464883200000,54.00],[1465142400000,53.7300],[1465228800000,54.2300],[1465315200000,54.9800],[1465747200000,57.2100],[1465833600000,58.2100],[1465920000000,58.8100],[1466006400000,58.0600],[1466092800000,58.8100],[1466352000000,59.5500],[1466438400000,59.4100],[1466524800000,58.4200],[1466611200000,58.4200],[1466697600000,60.6400],[1466956800000,60.1500],[1467043200000,61.3900],[1467129600000,65.5900],[1467216000000,64.1100],[1467302400000,64.1100],[1467561600000,78.4700],[1467648000000,61.3900],[1467734400000,59.4100],[1467820800000,59.1600],[1467907200000,58.1700],[1468166400000,57.9200],[1468252800000,57.1800],[1468339200000,57.4300],[1468425600000,56.6800],[1468512000000,56.1900],[1468771200000,56.6800],[1468857600000,56.6800],[1468944000000,55.5600],[1469030400000,56.0500],[1469116800000,56.7900],[1469376000000,56.7900],[1469462400000,57.5300],[1469548800000,57.0400],[1469635200000,56.0200],[1469721600000,53.0700],[1469980800000,54.5500],[1470067200000,52.3300],[1470153600000,51.8400],[1470240000000,51.5900],[1470326400000,51.3400],[1470585600000,50.7300],[1470672000000,51.3300],[1470758400000,52.0600],[1470844800000,52.5400],[1470931200000,53.0300],[1471190400000,52.5400],[1471276800000,51.5700],[1471363200000,50.7200],[1471449600000,50.8400],[1471536000000,50.8400],[1471795200000,50.4800],[1471881600000,50.7200],[1471968000000,50.9600],[1472054400000,50.4800],[1472140800000,50.00],[1472400000000,49.7600],[1472486400000,46.6300],[1472572800000,46.8700],[1472659200000,44.4700],[1472745600000,44.1200],[1473004800000,42.9900],[1473091200000,42.9900],[1473177600000,42.9900],[1473264000000,43.2600],[1473350400000,44.8100],[1473609600000,43.4000],[1473696000000,43.1600],[1473782400000,43.4000],[1474214400000,41.9800],[1474300800000,41.5100],[1474387200000,42.2200],[1474473600000,43.0900],[1474560000000,43.7900],[1474819200000,40.9300],[1474905600000,41.4000],[1474992000000,39.0700],[1475078400000,34.4900],[1475164800000,31.7100],[1476028800000,20.0500],[1476115200000,21.8900],[1476201600000,21.8400],[1476288000000,21.7400],[1476374400000,20.9200],[1476633600000,22.4800],[1476720000000,23.2900],[1476806400000,23.5700],[1476892800000,26.0900],[1476979200000,26.5400],[1477238400000,26.1400],[1477324800000,25.6800],[1477411200000,25.8500],[1477497600000,26.0800],[1477584000000,26.9700],[1477843200000,26.8500],[1477929600000,25.9500],[1478016000000,26.8500],[1478102400000,26.4000],[1478188800000,25.6700],[1478448000000,24.00],[1478534400000,24.8900],[1478620800000,24.6700],[1478707200000,23.5600],[1478793600000,23.5600],[1479052800000,23.5600],[1479139200000,23.7800],[1479225600000,23.5600],[1479312000000,23.5600],[1479398400000,24.00],[1479657600000,23.7300],[1479744000000,23.9500],[1479830400000,23.5000],[1479916800000,23.9500],[1480003200000,24.1700],[1480262400000,22.6200],[1480348800000,22.3500],[1480435200000,20.5800],[1480521600000,17.9200],[1480608000000,16.9200],[1480867200000,15.3800],[1480953600000,14.9500],[1481040000000,14.2900],[1481126400000,13.1900],[1481212800000,13.3800],[1481472000000,13.3500],[1481558400000,13.1000],[1481644800000,12.2300],[1481731200000,11.7900],[1481817600000,10.7000],[1482076800000,9.6100],[1482163200000,9.1700],[1482249600000,8.5200],[1482336000000,6.5400],[1482422400000,6.4800],[1482681600000,6.0300],[1482768000000,5.6000],[1482854400000,5.7900],[1482940800000,5.3600],[1483027200000,5.3300],[1483372800000,5.7600],[1483459200000,5.5600],[1483545600000,5.5400],[1483632000000,5.7600],[1483891200000,4.4800],[1483977600000,4.4800],[1484064000000,4.0500],[1484150400000,4.0500],[1484236800000,4.2600],[1484496000000,4.2400],[1484582400000,4.4300],[1484668800000,4.4100],[1484755200000,4.4100],[1484841600000,4.4100],[1485100800000,4.5700],[1485187200000,4.3600],[1485273600000,4.3400],[1485360000000,4.3300],[1486051200000,4.0900],[1486310400000,4.0700],[1486396800000,4.0700],[1486483200000,4.0700],[1486569600000,4.0700],[1486656000000,4.0500],[1486915200000,4.0300],[1487001600000,4.2300],[1487088000000,4.2300],[1487174400000,4.2300],[1487260800000,4.2300],[1487520000000,4.2300],[1487606400000,4.0300],[1487692800000,4.0300],[1487779200000,4.0200],[1487865600000,4.2000],[1488124800000,3.9800],[1488211200000,3.9800],[1488297600000,3.9800],[1488384000000,5.0900],[1488470400000,5.2800],[1488729600000,5.2600],[1488816000000,5.2400],[1488902400000,5.2300],[1488988800000,5.2100],[1489075200000,5.0200],[1489334400000,5.0200],[1489420800000,5.4100],[1489507200000,5.2100],[1489593600000,5.1900],[1489680000000,5.1900],[1489939200000,5.3600],[1490025600000,5.5600],[1490112000000,5.9200],[1490198400000,5.8500],[1490284800000,6.0400],[1490544000000,6.1800],[1490630400000,6.3600],[1490716800000,6.3600],[1490803200000,6.1300],[1490889600000,5.9500],[1491321600000,5.3900],[1491408000000,5.3700],[1491494400000,5.5600],[1491753600000,5.3700],[1491840000000,5.3700],[1491926400000,5.3700],[1492012800000,5.3600],[1492099200000,5.5500],[1492358400000,5.1600],[1492444800000,4.9700],[1492531200000,5.1600],[1492617600000,5.1400],[1492704000000,5.1400],[1492963200000,5.3200],[1493049600000,6.0300],[1493136000000,6.0100],[1493222400000,6.0100],[1493308800000,6.3800],[1493654400000,5.4600],[1493740800000,5.6400],[1493827200000,5.6400],[1493913600000,5.4500],[1494172800000,5.4500],[1494259200000,5.4500],[1494345600000,5.4500],[1494432000000,5.4500],[1494518400000,5.6400],[1494777600000,5.6000],[1494864000000,5.5800],[1494950400000,5.5400],[1495036800000,5.3600],[1495123200000,5.3600],[1495382400000,5.1800],[1495468800000,5.6900],[1495555200000,5.6700],[1495641600000,6.2100],[1495728000000,5.6700],[1496160000000,6.3800],[1496246400000,6.5600],[1496332800000,6.3800],[1496592000000,6.5400],[1496678400000,6.7100],[1496764800000,6.8900],[1496851200000,6.8900],[1496937600000,7.2400],[1497196800000,7.1400],[1497283200000,7.3200],[1497369600000,7.4800],[1497456000000,7.6500],[1497542400000,8.00],[1497801600000,8.3200],[1497888000000,8.4900],[1497974400000,8.8700],[1498060800000,9.3900],[1498147200000,9.5500],[1498406400000,10.0200],[1498492800000,10.5400],[1498579200000,10.3600],[1498665600000,10.5400],[1498752000000,11.6800],[1499011200000,12.2000],[1499097600000,12.5400],[1499184000000,12.5200],[1499270400000,12.5200],[1499356800000,12.3500],[1499616000000,12.1800],[1499702400000,12.3500],[1499788800000,12.3500],[1499875200000,12.5200],[1499961600000,12.1200],[1500220800000,12.1200],[1500307200000,12.2900],[1500393600000,12.5600],[1500480000000,12.7300],[1500566400000,13.3200],[1500825600000,13.6600],[1500912000000,14.1700],[1500998400000,14.4800],[1501084800000,14.9800],[1501171200000,15.9900],[1501430400000,17.3400],[1501516800000,17.3400],[1501603200000,19.1900],[1501689600000,19.7000],[1501776000000,19.7000],[1502035200000,20.4700],[1502121600000,21.1400],[1502208000000,21.9800],[1502294400000,21.9800],[1502380800000,21.4800],[1502640000000,21.8100],[1502726400000,21.6400],[1502812800000,22.3200],[1502899200000,21.3100],[1502985600000,21.3100],[1503244800000,20.9400],[1503331200000,20.4400],[1503417600000,20.4400],[1503504000000,20.1300],[1503590400000,19.9700],[1503849600000,21.3300],[1503936000000,23.3300],[1504022400000,23.00],[1504108800000,22.6300],[1504195200000,26.6200],[1504454400000,26.9600],[1504540800000,26.7900],[1504627200000,26.7900],[1504713600000,26.9600],[1504800000000,27.4500],[1505059200000,25.2100],[1505145600000,25.3700],[1505232000000,24.8800],[1505318400000,24.6300],[1505404800000,23.9700],[1505664000000,19.9700],[1505750400000,19.4700],[1505836800000,19.4000],[1505923200000,20.7300],[1506009600000,20.9000],[1506268800000,21.0600],[1506355200000,22.0600],[1506441600000,22.3500],[1506528000000,22.8500],[1506614400000,23.6000],[1507478400000,29.8700],[1507564800000,31.1400],[1507651200000,31.8000],[1507737600000,32.0800],[1507824000000,32.2400],[1508083200000,31.3700],[1508169600000,32.5200],[1508256000000,32.7300],[1508342400000,32.9000],[1508428800000,32.5700],[1508688000000,31.8500],[1508774400000,31.3500],[1508860800000,31.1400],[1508947200000,30.1500],[1509033600000,30.6400],[1509292800000,30.7100],[1509379200000,29.5100],[1509465600000,28.2000],[1509552000000,27.7300],[1509638400000,28.8500],[1509897600000,29.4700],[1509984000000,29.4700],[1510070400000,29.4700],[1510156800000,29.7000],[1510243200000,29.8600],[1510502400000,30.4900],[1510588800000,31.0200],[1510675200000,31.0200],[1510761600000,31.6500],[1510848000000,32.3900],[1511107200000,33.3300],[1511193600000,36.0100],[1511280000000,36.3200],[1511366400000,35.3800],[1511452800000,38.1500],[1511712000000,39.3700],[1511798400000,39.3700],[1511884800000,34.8400],[1511971200000,34.1700],[1512057600000,27.6800],[1512316800000,28.9300],[1512403200000,29.5500],[1512489600000,29.3900],[1512576000000,29.6600],[1512662400000,29.7500],[1512921600000,31.7500],[1513008000000,32.4700],[1513094400000,33.0800],[1513180800000,33.3300],[1513267200000,33.9900],[1513526400000,33.6900],[1513612800000,34.4500],[1513699200000,34.1500],[1513785600000,30.9900],[1513872000000,31.4500],[1514131200000,30.2300],[1514217600000,28.2400],[1514304000000,27.2200],[1514390400000,26.1100],[1514476800000,24.8900],[1514822400000,39.5400],[1514908800000,40.7600],[1514995200000,42.6000],[1515081600000,44.1200],[1515340800000,29.1600],[1515427200000,27.4800],[1515513600000,27.2900],[1515600000000,26.9400],[1515686400000,26.7900],[1515945600000,25.7200],[1516032000000,25.8800],[1516118400000,25.5700],[1516204800000,25.8800],[1516291200000,26.4800],[1516550400000,28.3100],[1516636800000,28.6100],[1516723200000,29.2200],[1516809600000,29.5300],[1516896000000,29.6200],[1517155200000,30.1800],[1517241600000,30.4900],[1517328000000,30.7900],[1517414400000,30.6400],[1517500800000,30.3400],[1517760000000,30.9500],[1517846400000,31.8600]];
/*规模变动*/
var Data_fluctuationScale = {"categories":["2016-12-31","2017-03-31","2017-06-30","2017-09-30","2017-12-31"],"series":[{"y":0.05,"mom":"-53.46%"},{"y":0.03,"mom":"-36.49%"},{"y":0.05,"mom":"37.89%"},{"y":0.25,"mom":"421.88%"},{"y":0.11,"mom":"-53.85%"}]};;
/*持有人结构*/
var Data_holderStructure = {"series":[{"name":"机构持有比例","data":[0,0,0,0]},{"name":"个人持有比例","data":[100.0,100.0,100.0,100.0]},{"name":"内部持有比例","data":[0.0,0.0,0.0,0.0]}],"categories":["2015-12-31","2016-06-30","2016-12-31","2017-06-30"]};
/*申购赎回*/
var Data_assetAllocation ={"series":[{"name":"期间申购","data":[0.02,0.05,0.55,0.57]},{"name":"期间赎回","data":[0.04,0.04,0.35,0.70]},{"name":"总份额","data":[0.03,0.05,0.25,0.11]}],"categories":["2017-03-31","2017-06-30","2017-09-30","2017-12-31"]};
/*现任基金经理*/
var Data_currentFundManager = [{"id":"30073974","pic":"https://pdf.dfcfw.com/pdf/H8_JPG30073974_1.jpg","name":"万莉","star":4,"workTime":"4年又168天","fundSize":"581.03亿(9只基金)","power":{"avr":"61.91","categories":["经验值","收益率","影响力","稳定性","管理规模"],"dsc":["反映基金经理从业年限和管理基金的经验","根据基金经理投资的阶段收益评分，反映\u003cbr\u003e基金经理投资的盈利能力","根据基金经理所管理基金的机构和个人投\u003cbr\u003e资者持有比例评分","反映基金经理投资收益的波动","根据基金经理现任管理基金资产规模评分"],"data":[94.0,87.40,15.20,34.90,68.20],"jzrq":"2018-02-06"},"profit":{"categories":["任期收益","同类平均"],"series":[{"data":[{"name":null,"color":"#7cb5ec","y":7.188},{"name":null,"color":"#414c7b","y":7.67}]}],"jzrq":"2018-02-06"}},{"id":"30568854","pic":"http://j5.dfcfw.com/avatar/nopic.gif","name":"张波","star":0,"workTime":"9天","fundSize":"422.53亿(7只基金)","power":{"avr":"暂无数据","categories":["经验值","收益率","影响力","稳定性","管理规模"],"dsc":["反映基金经理从业年限和管理基金的经验","根据基金经理投资的阶段收益评分，反映\u003cbr\u003e基金经理投资的盈利能力","根据基金经理所管理基金的机构和个人投\u003cbr\u003e资者持有比例评分","反映基金经理投资收益的波动","根据基金经理现任管理基金资产规模评分"],"data":[null,null,null,null,null],"jzrq":"2018-02-06"},"profit":{"categories":["任期收益","同类平均"],"series":[{"data":[{"name":null,"color":"#7cb5ec","y":0.0912},{"name":null,"color":"#414c7b","y":0.09}]}],"jzrq":"2018-02-06"}}] ;
/*同类型基金涨幅榜（页面底部通栏）*/
var swithSameType = [['002895_华夏天利货币B_5.8750','002894_华夏天利货币A_5.6210','004398_融通现金宝货币B_5.3370','000902_国开货币B_5.3360','001478_泰康薪意保货币B_5.1400'],['002895_华夏天利货币B_5.26','004973_长城收益宝货币B_5.08','004904_人保货币B_5.05','002884_华润元大现金通货币B_5.01','002894_华夏天利货币A_5.01'],['004973_长城收益宝货币B_5.05','004770_海富通添益货币A_4.99','002884_华润元大现金通货币B_4.99','005151_红土创新优淳货币B_4.90','002895_华夏天利货币B_4.89'],['004770_海富通添益货币A_5.39','004973_长城收益宝货币B_5.13','002884_华润元大现金通货币B_5.03','002895_华夏天利货币B_5.03','004398_融通现金宝货币B_5.01'],['003679_中融现金增利货币C_4.67','003474_南方天天利货币B_4.55','000836_国投瑞银钱多宝货币A_4.52','000837_国投瑞银钱多宝货币I_4.52','003753_工银如意货币B_4.51']];