/**
 * 测试数据
 * @type {arry}
 */
/*2018-02-07 18:03:44*/
//基金或股票信息
var fS_name = "博时合晶货币";
var fS_code = "004985";
var fund_minsg="100";
var ishb=true;
/*原费率*/
var fund_sourceRate="0";
/*现费率*/
var fund_Rate="0";
/*最小申购金额*/
var fund_minsg="100";
/*收益率*/
/*近一年收益率*/
var syl_1n="";
/*近6月收益率*/
var syl_6y="1.5581";
/*近三月收益率*/
var syl_3y="0.8705";
/*近一月收益率*/
var syl_1y="0.3414";
/* 基金收益走势图 每万份收益*/
var Data_millionCopiesIncome = [[1501689600000,0.9953],[1501776000000,1.0873],[1502035200000,1.0818],[1502121600000,1.0934],[1502208000000,1.0935],[1502294400000,1.0933],[1502380800000,1.09],[1502640000000,1.0896],[1502726400000,1.0923],[1502812800000,1.0978],[1502899200000,1.1026],[1502985600000,1.1182],[1503244800000,1.1176],[1503331200000,1.1175],[1503417600000,1.1193],[1503504000000,1.1666],[1503590400000,1.0689],[1503849600000,1.121],[1503936000000,1.1252],[1504022400000,1.128],[1504108800000,1.1301],[1504195200000,1.1288],[1504454400000,1.1227],[1504540800000,1.1224],[1504627200000,1.1185],[1504713600000,1.1185],[1504800000000,1.1182],[1505059200000,1.1122],[1505145600000,1.1151],[1505232000000,1.1182],[1505318400000,1.1184],[1505404800000,1.1182],[1505664000000,1.1217],[1505750400000,1.1216],[1505836800000,1.1105],[1505923200000,1.1193],[1506009600000,1.1214],[1506268800000,1.131],[1506355200000,1.1309],[1506441600000,1.1308],[1506528000000,1.1397],[1506614400000,1.1395],[1507478400000,1.1622],[1507564800000,1.1355],[1507651200000,1.1353],[1507737600000,1.1353],[1507824000000,1.1351],[1508083200000,1.1348],[1508169600000,1.1118],[1508256000000,1.1117],[1508342400000,1.1116],[1508428800000,1.1093],[1508688000000,1.1088],[1508774400000,1.1015],[1508860800000,1.1014],[1508947200000,1.1105],[1509033600000,1.1093],[1509292800000,1.109],[1509379200000,1.1177],[1509465600000,1.1143],[1509552000000,1.1169],[1509638400000,1.0021],[1509897600000,1.0329],[1509984000000,1.0325],[1510070400000,1.0369],[1510156800000,1.0372],[1510243200000,1.0757],[1510502400000,1.0797],[1510588800000,1.0797],[1510675200000,1.1023],[1510761600000,1.1112],[1510848000000,1.1377],[1511107200000,1.1418],[1511193600000,1.1415],[1511280000000,1.1359],[1511366400000,1.1403],[1511452800000,1.1939],[1511712000000,1.1934],[1511798400000,1.2151],[1511884800000,1.2277],[1511971200000,1.2274],[1512057600000,1.1677],[1512316800000,1.1709],[1512403200000,1.1576],[1512489600000,1.1027],[1512576000000,1.1071],[1512662400000,1.0917],[1512921600000,1.1026],[1513008000000,1.1002],[1513094400000,1.129],[1513180800000,1.1292],[1513267200000,1.1309],[1513526400000,1.1369],[1513612800000,1.1521],[1513699200000,1.1333],[1513785600000,1.1402],[1513872000000,1.1768],[1514131200000,1.3703],[1514217600000,1.4209],[1514304000000,1.6767],[1514390400000,2.1001],[1514476800000,2.0642],[1514822400000,1.9086],[1514908800000,1.3281],[1514995200000,1.1754],[1515081600000,1.119],[1515340800000,1.1373],[1515427200000,1.1156],[1515513600000,1.1133],[1515600000000,1.1417],[1515686400000,1.143],[1515772800000,1.148],[1515859200000,1.1479],[1515945600000,1.1402],[1516032000000,1.1494],[1516118400000,1.1812],[1516204800000,1.1837],[1516291200000,1.1591],[1516377600000,1.1615],[1516464000000,1.1614],[1516550400000,1.1533],[1516636800000,1.1782],[1516723200000,1.1472],[1516809600000,1.1513],[1516896000000,1.0795],[1516982400000,1.1136],[1517068800000,1.1135],[1517155200000,1.1246],[1517241600000,1.1258],[1517328000000,1.1362],[1517414400000,1.1372],[1517500800000,1.1182],[1517587200000,1.1215],[1517673600000,1.1213],[1517760000000,1.105],[1517846400000,1.0739]];
/*基金收益走势图   7日年化收益率*/
var Data_sevenDaysYearIncome = [[1501689600000,2.514],[1501776000000,3.023],[1502035200000,3.539],[1502121600000,3.615],[1502208000000,4.009],[1502294400000,4.062],[1502380800000,4.064],[1502640000000,4.064],[1502726400000,4.063],[1502812800000,4.065],[1502899200000,4.071],[1502985600000,4.086],[1503244800000,4.131],[1503331200000,4.145],[1503417600000,4.157],[1503504000000,4.192],[1503590400000,4.165],[1503849600000,4.135],[1503936000000,4.139],[1504022400000,4.144],[1504108800000,4.124],[1504195200000,4.157],[1504454400000,4.201],[1504540800000,4.199],[1504627200000,4.194],[1504713600000,4.188],[1504800000000,4.182],[1505059200000,4.165],[1505145600000,4.161],[1505232000000,4.161],[1505318400000,4.161],[1505404800000,4.161],[1505664000000,4.166],[1505750400000,4.169],[1505836800000,4.165],[1505923200000,4.166],[1506009600000,4.167],[1506268800000,4.176],[1506355200000,4.181],[1506441600000,4.192],[1506528000000,4.203],[1506614400000,4.213],[1507478400000,4.256],[1507564800000,4.254],[1507651200000,4.252],[1507737600000,4.251],[1507824000000,4.249],[1508083200000,4.23],[1508169600000,4.217],[1508256000000,4.204],[1508342400000,4.191],[1508428800000,4.177],[1508688000000,4.135],[1508774400000,4.13],[1508860800000,4.124],[1508947200000,4.123],[1509033600000,4.123],[1509292800000,4.124],[1509379200000,4.132],[1509465600000,4.139],[1509552000000,4.143],[1509638400000,4.085],[1509897600000,3.961],[1509984000000,3.915],[1510070400000,3.873],[1510156800000,3.83],[1510243200000,3.87],[1510502400000,3.946],[1510588800000,3.971],[1510675200000,4.007],[1510761600000,4.047],[1510848000000,4.081],[1511107200000,4.182],[1511193600000,4.215],[1511280000000,4.233],[1511366400000,4.249],[1511452800000,4.28],[1511712000000,4.364],[1511798400000,4.404],[1511884800000,4.454],[1511971200000,4.502],[1512057600000,4.487],[1512316800000,4.451],[1512403200000,4.42],[1512489600000,4.352],[1512576000000,4.286],[1512662400000,4.245],[1512921600000,4.121],[1513008000000,4.09],[1513094400000,4.104],[1513180800000,4.116],[1513267200000,4.137],[1513526400000,4.205],[1513612800000,4.234],[1513699200000,4.236],[1513785600000,4.242],[1513872000000,4.267],[1514131200000,4.437],[1514217600000,4.584],[1514304000000,4.88],[1514390400000,5.406],[1514476800000,5.895],[1514822400000,7.527],[1514908800000,7.332],[1514995200000,6.816],[1515081600000,6.291],[1515340800000,4.758],[1515427200000,4.326],[1515513600000,4.209],[1515600000000,4.191],[1515686400000,4.204],[1515772800000,4.217],[1515859200000,4.23],[1515945600000,4.232],[1516032000000,4.25],[1516118400000,4.287],[1516204800000,4.31],[1516291200000,4.319],[1516377600000,4.326],[1516464000000,4.334],[1516550400000,4.341],[1516636800000,4.356],[1516723200000,4.338],[1516809600000,4.32],[1516896000000,4.277],[1516982400000,4.251],[1517068800000,4.225],[1517155200000,4.209],[1517241600000,4.181],[1517328000000,4.175],[1517414400000,4.167],[1517500800000,4.188],[1517587200000,4.193],[1517673600000,4.197],[1517760000000,4.186],[1517846400000,4.158]];
/*资产配置*/
var Data_assetAllocationCurrency ={"categories":["12-31"],"series":[{"name":"股票","data":[null]},{"name":"债券","data":[20.21]},{"name":"现金","data":[46.63]}]};
/*累计收益率走势*/
var Data_grandTotal = [{"name":"博时合晶货币","data":[[1502035200000,0],[1502121600000,0.01],[1502208000000,0.02],[1502294400000,0.03],[1502380800000,0.04],[1502640000000,0.05],[1502726400000,0.07],[1502812800000,0.08],[1502899200000,0.09],[1502985600000,0.10],[1503244800000,0.11],[1503331200000,0.12],[1503417600000,0.13],[1503504000000,0.14],[1503590400000,0.15],[1503849600000,0.17],[1503936000000,0.18],[1504022400000,0.19],[1504108800000,0.20],[1504195200000,0.21],[1504454400000,0.22],[1504540800000,0.23],[1504627200000,0.24],[1504713600000,0.26],[1504800000000,0.27],[1505059200000,0.28],[1505145600000,0.29],[1505232000000,0.30],[1505318400000,0.31],[1505404800000,0.32],[1505664000000,0.33],[1505750400000,0.35],[1505836800000,0.36],[1505923200000,0.37],[1506009600000,0.38],[1506268800000,0.39],[1506355200000,0.40],[1506441600000,0.41],[1506528000000,0.42],[1506614400000,0.44],[1507478400000,0.45],[1507564800000,0.46],[1507651200000,0.47],[1507737600000,0.48],[1507824000000,0.49],[1508083200000,0.51],[1508169600000,0.52],[1508256000000,0.53],[1508342400000,0.54],[1508428800000,0.55],[1508688000000,0.56],[1508774400000,0.57],[1508860800000,0.58],[1508947200000,0.59],[1509033600000,0.61],[1509292800000,0.62],[1509379200000,0.63],[1509465600000,0.64],[1509552000000,0.65],[1509638400000,0.66],[1509897600000,0.67],[1509984000000,0.68],[1510070400000,0.69],[1510156800000,0.70],[1510243200000,0.71],[1510502400000,0.72],[1510588800000,0.73],[1510675200000,0.75],[1510761600000,0.76],[1510848000000,0.77],[1511107200000,0.78],[1511193600000,0.79],[1511280000000,0.80],[1511366400000,0.81],[1511452800000,0.83],[1511712000000,0.84],[1511798400000,0.85],[1511884800000,0.86],[1511971200000,0.88],[1512057600000,0.89],[1512316800000,0.90],[1512403200000,0.91],[1512489600000,0.92],[1512576000000,0.93],[1512662400000,0.94],[1512921600000,0.96],[1513008000000,0.97],[1513094400000,0.98],[1513180800000,0.99],[1513267200000,1.00],[1513526400000,1.01],[1513612800000,1.02],[1513699200000,1.03],[1513785600000,1.05],[1513872000000,1.06],[1514131200000,1.07],[1514217600000,1.09],[1514304000000,1.10],[1514390400000,1.12],[1514476800000,1.15],[1514822400000,1.17],[1514908800000,1.18],[1514995200000,1.19],[1515081600000,1.20],[1515340800000,1.21],[1515427200000,1.22],[1515513600000,1.24],[1515600000000,1.25],[1515686400000,1.26],[1515772800000,1.27],[1515859200000,1.28],[1515945600000,1.29],[1516032000000,1.31],[1516118400000,1.32],[1516204800000,1.33],[1516291200000,1.34],[1516377600000,1.35],[1516464000000,1.36],[1516550400000,1.38],[1516636800000,1.39],[1516723200000,1.40],[1516809600000,1.41],[1516896000000,1.42],[1516982400000,1.43],[1517068800000,1.45],[1517155200000,1.46],[1517241600000,1.47],[1517328000000,1.48],[1517414400000,1.49],[1517500800000,1.50],[1517587200000,1.51],[1517673600000,1.53],[1517760000000,1.54],[1517846400000,1.55]]},{"name":"同类平均","data":[[1502035200000,0],[1502121600000,0.01],[1502208000000,0.02],[1502294400000,0.03],[1502380800000,0.04],[1502640000000,0.07],[1502726400000,0.08],[1502812800000,0.09],[1502899200000,0.10],[1502985600000,0.11],[1503244800000,0.14],[1503331200000,0.16],[1503417600000,0.17],[1503504000000,0.18],[1503590400000,0.19],[1503849600000,0.22],[1503936000000,0.23],[1504022400000,0.24],[1504108800000,0.25],[1504195200000,0.26],[1504454400000,0.29],[1504540800000,0.30],[1504627200000,0.31],[1504713600000,0.32],[1504800000000,0.34],[1505059200000,0.37],[1505145600000,0.38],[1505232000000,0.39],[1505318400000,0.40],[1505404800000,0.41],[1505664000000,0.44],[1505750400000,0.45],[1505836800000,0.46],[1505923200000,0.47],[1506009600000,0.48],[1506268800000,0.52],[1506355200000,0.53],[1506441600000,0.54],[1506528000000,0.55],[1506614400000,0.56],[1507478400000,0.67],[1507564800000,0.68],[1507651200000,0.69],[1507737600000,0.71],[1507824000000,0.72],[1508083200000,0.75],[1508169600000,0.76],[1508256000000,0.77],[1508342400000,0.78],[1508428800000,0.79],[1508688000000,0.82],[1508774400000,0.83],[1508860800000,0.84],[1508947200000,0.85],[1509033600000,0.86],[1509292800000,0.90],[1509379200000,0.91],[1509465600000,0.92],[1509552000000,0.93],[1509638400000,0.94],[1509897600000,0.97],[1509984000000,0.98],[1510070400000,0.99],[1510156800000,1.00],[1510243200000,1.01],[1510502400000,1.04],[1510588800000,1.06],[1510675200000,1.07],[1510761600000,1.08],[1510848000000,1.09],[1511107200000,1.12],[1511193600000,1.13],[1511280000000,1.14],[1511366400000,1.15],[1511452800000,1.16],[1511712000000,1.20],[1511798400000,1.21],[1511884800000,1.22],[1511971200000,1.23],[1512057600000,1.24],[1512316800000,1.28],[1512403200000,1.29],[1512489600000,1.30],[1512576000000,1.31],[1512662400000,1.32],[1512921600000,1.35],[1513008000000,1.36],[1513094400000,1.38],[1513180800000,1.39],[1513267200000,1.40],[1513526400000,1.43],[1513612800000,1.44],[1513699200000,1.46],[1513785600000,1.47],[1513872000000,1.48],[1514131200000,1.51],[1514217600000,1.53],[1514304000000,1.54],[1514390400000,1.55],[1514476800000,1.57],[1514822400000,1.62],[1514908800000,1.64],[1514995200000,1.65],[1515081600000,1.66],[1515340800000,1.69],[1515427200000,1.71],[1515513600000,1.72],[1515600000000,1.73],[1515686400000,1.74],[1515945600000,1.77],[1516032000000,1.79],[1516118400000,1.80],[1516204800000,1.81],[1516291200000,1.82],[1516550400000,1.86],[1516636800000,1.87],[1516723200000,1.88],[1516809600000,1.89],[1516896000000,1.90],[1517155200000,1.94],[1517241600000,1.95],[1517328000000,1.96],[1517414400000,1.97],[1517500800000,1.98],[1517760000000,2.02],[1517846400000,2.03]]},{"name":"沪深300","data":[[1502035200000,0],[1502121600000,0.15],[1502208000000,0.11],[1502294400000,-0.29],[1502380800000,-2.13],[1502640000000,-0.86],[1502726400000,-0.56],[1502812800000,-0.68],[1502899200000,-0.15],[1502985600000,-0.06],[1503244800000,0.38],[1503331200000,0.68],[1503417600000,0.79],[1503504000000,0.21],[1503590400000,1.85],[1503849600000,3.11],[1503936000000,2.89],[1504022400000,2.88],[1504108800000,2.56],[1504195200000,2.78],[1504454400000,3.19],[1504540800000,3.50],[1504627200000,3.29],[1504713600000,2.77],[1504800000000,2.66],[1505059200000,2.65],[1505145600000,2.98],[1505232000000,3.11],[1505318400000,2.77],[1505404800000,2.80],[1505664000000,3.12],[1505750400000,2.83],[1505836800000,3.10],[1505923200000,2.98],[1506009600000,2.98],[1506268800000,2.44],[1506355200000,2.52],[1506441600000,2.53],[1506528000000,2.57],[1506614400000,2.94],[1507478400000,4.17],[1507564800000,4.38],[1507651200000,4.72],[1507737600000,5.00],[1507824000000,5.21],[1508083200000,5.01],[1508169600000,5.00],[1508256000000,5.83],[1508342400000,5.49],[1508428800000,5.37],[1508688000000,5.47],[1508774400000,6.24],[1508860800000,6.71],[1508947200000,7.16],[1509033600000,7.92],[1509292800000,7.59],[1509379200000,7.51],[1509465600000,7.24],[1509552000000,7.25],[1509638400000,7.13],[1509897600000,7.89],[1509984000000,8.79],[1510070400000,8.62],[1510156800000,9.37],[1510243200000,10.33],[1510502400000,10.77],[1510588800000,10.00],[1510675200000,9.31],[1510761600000,10.15],[1510848000000,10.57],[1511107200000,11.19],[1511193600000,13.17],[1511280000000,13.44],[1511366400000,10.08],[1511452800000,10.13],[1511712000000,8.67],[1511798400000,8.83],[1511884800000,8.77],[1511971200000,7.49],[1512057600000,7.28],[1512316800000,7.84],[1512403200000,8.41],[1512489600000,7.76],[1512576000000,6.55],[1512662400000,7.42],[1512921600000,9.20],[1513008000000,7.76],[1513094400000,8.67],[1513180800000,8.03],[1513267200000,6.82],[1513526400000,6.94],[1513612800000,8.28],[1513699200000,8.15],[1513785600000,9.15],[1513872000000,8.80],[1514131200000,8.45],[1514217600000,8.77],[1514304000000,7.09],[1514390400000,7.84],[1514476800000,8.16],[1514822400000,9.68],[1514908800000,10.32],[1514995200000,10.79],[1515081600000,11.05],[1515340800000,11.63],[1515427200000,12.41],[1515513600000,12.91],[1515600000000,12.85],[1515686400000,13.37],[1515945600000,13.37],[1516032000000,14.27],[1516118400000,13.99],[1516204800000,14.61],[1516291200000,14.99],[1516550400000,16.36],[1516636800000,17.60],[1516723200000,17.79],[1516809600000,17.13],[1516896000000,17.56],[1517155200000,15.43],[1517241600000,14.20],[1517328000000,14.73],[1517414400000,13.93],[1517500800000,14.61],[1517760000000,14.69],[1517846400000,11.33]]}];
/*同类排名*/
var Data_rateInSimilarType = [{"x":1509638400000,"y":610,"sc":"617"},{"x":1509897600000,"y":612,"sc":"621"},{"x":1509984000000,"y":613,"sc":"621"},{"x":1510070400000,"y":613,"sc":"621"},{"x":1510156800000,"y":615,"sc":"623"},{"x":1510243200000,"y":615,"sc":"623"},{"x":1510502400000,"y":623,"sc":"633"},{"x":1510588800000,"y":624,"sc":"635"},{"x":1510675200000,"y":624,"sc":"635"},{"x":1510761600000,"y":624,"sc":"635"},{"x":1510848000000,"y":625,"sc":"636"},{"x":1511107200000,"y":625,"sc":"636"},{"x":1511193600000,"y":626,"sc":"636"},{"x":1511280000000,"y":626,"sc":"636"},{"x":1511366400000,"y":626,"sc":"636"},{"x":1511452800000,"y":627,"sc":"637"},{"x":1511712000000,"y":628,"sc":"640"},{"x":1511798400000,"y":628,"sc":"640"},{"x":1511884800000,"y":628,"sc":"640"},{"x":1511971200000,"y":629,"sc":"641"},{"x":1512057600000,"y":630,"sc":"643"},{"x":1512316800000,"y":631,"sc":"643"},{"x":1512403200000,"y":632,"sc":"643"},{"x":1512489600000,"y":632,"sc":"643"},{"x":1512576000000,"y":633,"sc":"644"},{"x":1512662400000,"y":641,"sc":"652"},{"x":1512921600000,"y":642,"sc":"652"},{"x":1513008000000,"y":644,"sc":"653"},{"x":1513094400000,"y":645,"sc":"653"},{"x":1513180800000,"y":646,"sc":"654"},{"x":1513267200000,"y":647,"sc":"656"},{"x":1513526400000,"y":648,"sc":"656"},{"x":1513612800000,"y":648,"sc":"656"},{"x":1513699200000,"y":648,"sc":"656"},{"x":1513785600000,"y":648,"sc":"655"},{"x":1513872000000,"y":648,"sc":"655"},{"x":1514131200000,"y":648,"sc":"655"},{"x":1514217600000,"y":648,"sc":"655"},{"x":1514304000000,"y":648,"sc":"654"},{"x":1514390400000,"y":648,"sc":"655"},{"x":1514476800000,"y":648,"sc":"655"},{"x":1514822400000,"y":649,"sc":"655"},{"x":1514908800000,"y":649,"sc":"655"},{"x":1514995200000,"y":649,"sc":"655"},{"x":1515081600000,"y":649,"sc":"655"},{"x":1515340800000,"y":647,"sc":"655"},{"x":1515427200000,"y":647,"sc":"655"},{"x":1515513600000,"y":649,"sc":"656"},{"x":1515600000000,"y":649,"sc":"657"},{"x":1515686400000,"y":649,"sc":"657"},{"x":1515945600000,"y":647,"sc":"657"},{"x":1516032000000,"y":647,"sc":"657"},{"x":1516118400000,"y":647,"sc":"657"},{"x":1516204800000,"y":647,"sc":"657"},{"x":1516291200000,"y":647,"sc":"657"},{"x":1516550400000,"y":646,"sc":"657"},{"x":1516636800000,"y":646,"sc":"657"},{"x":1516723200000,"y":647,"sc":"657"},{"x":1516809600000,"y":646,"sc":"657"},{"x":1516896000000,"y":646,"sc":"655"},{"x":1517155200000,"y":644,"sc":"656"},{"x":1517241600000,"y":644,"sc":"656"},{"x":1517328000000,"y":644,"sc":"656"},{"x":1517414400000,"y":644,"sc":"656"},{"x":1517500800000,"y":644,"sc":"656"},{"x":1517760000000,"y":640,"sc":"656"},{"x":1517846400000,"y":640,"sc":"656"}];
/*百分比排名*/
var Data_rateInSimilarPersent = [[1509638400000,1.1300],[1509897600000,1.4500],[1509984000000,1.2900],[1510070400000,1.2900],[1510156800000,1.2800],[1510243200000,1.2800],[1510502400000,1.5800],[1510588800000,1.7300],[1510675200000,1.7300],[1510761600000,1.7300],[1510848000000,1.7300],[1511107200000,1.7300],[1511193600000,1.5700],[1511280000000,1.5700],[1511366400000,1.5700],[1511452800000,1.5700],[1511712000000,1.8700],[1511798400000,1.8700],[1511884800000,1.8700],[1511971200000,1.8700],[1512057600000,2.0200],[1512316800000,1.8700],[1512403200000,1.7100],[1512489600000,1.7100],[1512576000000,1.7100],[1512662400000,1.6900],[1512921600000,1.5300],[1513008000000,1.3800],[1513094400000,1.2300],[1513180800000,1.2200],[1513267200000,1.3700],[1513526400000,1.2200],[1513612800000,1.2200],[1513699200000,1.2200],[1513785600000,1.0700],[1513872000000,1.0700],[1514131200000,1.0700],[1514217600000,1.0700],[1514304000000,0.9200],[1514390400000,1.0700],[1514476800000,1.0700],[1514822400000,0.9200],[1514908800000,0.9200],[1514995200000,0.9200],[1515081600000,0.9200],[1515340800000,1.2200],[1515427200000,1.2200],[1515513600000,1.0700],[1515600000000,1.2200],[1515686400000,1.2200],[1515945600000,1.5200],[1516032000000,1.5200],[1516118400000,1.5200],[1516204800000,1.5200],[1516291200000,1.5200],[1516550400000,1.6700],[1516636800000,1.6700],[1516723200000,1.5200],[1516809600000,1.6700],[1516896000000,1.3700],[1517155200000,1.8300],[1517241600000,1.8300],[1517328000000,1.8300],[1517414400000,1.8300],[1517500800000,1.8300],[1517760000000,2.4400],[1517846400000,2.4400]];
/*规模变动*/
var Data_fluctuationScale = {"categories":["2017-08-02","2017-12-31"],"series":[{"y":3.01,"mom":"--"},{"y":10.74,"mom":"256.81%"}]};;
/*持有人结构*/
var Data_holderStructure = {"series":[{"name":"机构持有比例","data":[]},{"name":"个人持有比例","data":[]},{"name":"内部持有比例","data":[]}],"categories":[]};
/*申购赎回*/
var Data_assetAllocation ={"series":[{"name":"期间申购","data":[0.00,8.21]},{"name":"期间赎回","data":[0.00,2.02]},{"name":"总份额","data":[3.01,10.74]}],"categories":["2017-08-02","2017-12-31"]};
/*现任基金经理*/
var Data_currentFundManager = [{"id":"30198157","pic":"https://pdf.dfcfw.com/pdf/H8_JPG30198157_1.jpg","name":"魏桢","star":4,"workTime":"5年又11天","fundSize":"2175.03亿(23只基金)","power":{"avr":"74.38","categories":["经验值","收益率","抗风险","稳定性","管理规模"],"dsc":["反映基金经理从业年限和管理基金的经验","根据基金经理投资的阶段收益评分，反映\u003cbr\u003e基金经理投资的盈利能力","反映基金经理投资的回撤控制能力","反映基金经理投资收益的波动","根据基金经理现任管理基金资产规模评分"],"data":[73.80,51.90,91.70,89.30,91.50],"jzrq":"2018-02-06"},"profit":{"categories":["任期收益","同类平均"],"series":[{"data":[{"name":null,"color":"#7cb5ec","y":1.5792},{"name":null,"color":"#414c7b","y":2.09}]}],"jzrq":"2018-02-06"}}] ;
/*同类型基金涨幅榜（页面底部通栏）*/
var swithSameType = [['002895_华夏天利货币B_5.8750','002894_华夏天利货币A_5.6210','004398_融通现金宝货币B_5.3370','000902_国开货币B_5.3360','001478_泰康薪意保货币B_5.1400'],['002895_华夏天利货币B_5.26','004973_长城收益宝货币B_5.08','004904_人保货币B_5.05','002884_华润元大现金通货币B_5.01','002894_华夏天利货币A_5.01'],['004973_长城收益宝货币B_5.05','004770_海富通添益货币A_4.99','002884_华润元大现金通货币B_4.99','005151_红土创新优淳货币B_4.90','002895_华夏天利货币B_4.89'],['004770_海富通添益货币A_5.39','004973_长城收益宝货币B_5.13','002884_华润元大现金通货币B_5.03','002895_华夏天利货币B_5.03','004398_融通现金宝货币B_5.01'],['003679_中融现金增利货币C_4.67','003474_南方天天利货币B_4.55','000836_国投瑞银钱多宝货币A_4.52','000837_国投瑞银钱多宝货币I_4.52','003753_工银如意货币B_4.51']];