/**
 * 测试数据
 * @type {arry}
 */
/*2018-02-07 17:58:48*/
//基金或股票信息
var fS_name = "华泰柏瑞天添宝货币A";
var fS_code = "003246";
var fund_minsg="100";
var ishb=true;
/*原费率*/
var fund_sourceRate="0";
/*现费率*/
var fund_Rate="0";
/*最小申购金额*/
var fund_minsg="100";
/*收益率*/
/*近一年收益率*/
var syl_1n="4.228";
/*近6月收益率*/
var syl_6y="2.1492";
/*近三月收益率*/
var syl_3y="1.073";
/*近一月收益率*/
var syl_1y="0.3894";
/* 基金收益走势图 每万份收益*/
var Data_millionCopiesIncome = [[1474473600000,1.9338],[1474560000000,0.6531],[1474732800000,1.306],[1474819200000,0.6422],[1474905600000,0.6584],[1474992000000,0.6501],[1475078400000,0.6636],[1475164800000,0.6601],[1475942400000,5.8471],[1476028800000,0.6507],[1476115200000,0.6409],[1476201600000,0.5871],[1476288000000,0.6419],[1476374400000,0.6439],[1476547200000,1.2917],[1476633600000,0.6413],[1476720000000,0.6427],[1476806400000,0.6433],[1476892800000,0.6539],[1476979200000,0.6662],[1477152000000,1.333],[1477238400000,0.6788],[1477324800000,0.6733],[1477411200000,0.6851],[1477497600000,0.7156],[1477584000000,0.7382],[1477756800000,1.4683],[1477843200000,0.736],[1477929600000,0.7385],[1478016000000,0.7349],[1478102400000,0.7058],[1478188800000,0.6817],[1478361600000,1.3561],[1478448000000,0.666],[1478534400000,0.65],[1478620800000,0.6457],[1478707200000,0.6461],[1478793600000,0.6514],[1478966400000,1.3065],[1479052800000,0.6506],[1479139200000,0.6694],[1479225600000,0.7026],[1479312000000,0.681],[1479398400000,0.6888],[1479571200000,1.3691],[1479657600000,0.6851],[1479744000000,0.6957],[1479830400000,0.6746],[1479916800000,0.6907],[1480003200000,0.7117],[1480176000000,1.4071],[1480262400000,0.6922],[1480348800000,0.7173],[1480435200000,0.7376],[1480521600000,0.806],[1480608000000,0.8138],[1480780800000,1.6267],[1480867200000,0.8287],[1480953600000,0.8114],[1481040000000,0.8449],[1481126400000,0.7526],[1481212800000,0.7768],[1481385600000,1.5468],[1481472000000,0.7878],[1481558400000,0.7843],[1481644800000,0.7876],[1481731200000,0.7933],[1481817600000,0.8421],[1481990400000,1.6825],[1482076800000,0.7918],[1482163200000,0.8025],[1482249600000,0.9022],[1482336000000,0.9071],[1482422400000,0.9113],[1482595200000,1.8301],[1482681600000,0.9195],[1482768000000,0.9268],[1482854400000,0.9335],[1482940800000,0.9662],[1483027200000,1.0313],[1483113600000,0.9611],[1483286400000,1.9145],[1483372800000,0.9605],[1483459200000,0.6118],[1483545600000,0.9062],[1483632000000,0.6177],[1483804800000,1.6013],[1483891200000,0.6664],[1483977600000,0.7392],[1484064000000,0.6995],[1484150400000,0.676],[1484236800000,0.6737],[1484409600000,1.347],[1484496000000,0.6671],[1484582400000,0.6841],[1484668800000,0.725],[1484755200000,0.7571],[1484841600000,0.8052],[1485014400000,1.6231],[1485100800000,0.7847],[1485187200000,0.6202],[1485273600000,0.7911],[1485360000000,0.797],[1485964800000,5.5869],[1486051200000,0.7961],[1486224000000,1.5928],[1486310400000,0.7978],[1486396800000,0.7966],[1486483200000,0.8033],[1486569600000,0.7938],[1486656000000,0.8066],[1486828800000,1.6132],[1486915200000,0.8074],[1487001600000,0.8356],[1487088000000,0.8419],[1487174400000,0.8741],[1487260800000,0.8862],[1487433600000,1.7727],[1487520000000,0.9012],[1487606400000,0.9108],[1487692800000,0.9331],[1487779200000,0.9332],[1487865600000,0.9751],[1488038400000,1.9515],[1488124800000,0.9753],[1488211200000,1.2246],[1488297600000,1.0542],[1488384000000,1.0704],[1488470400000,1.081],[1488643200000,2.1601],[1488729600000,1.0733],[1488816000000,1.0745],[1488902400000,1.06],[1488988800000,1.0558],[1489075200000,1.0459],[1489248000000,2.0831],[1489334400000,1.0466],[1489420800000,1.0409],[1489507200000,1.0365],[1489593600000,1.041],[1489680000000,1.0332],[1489852800000,2.0609],[1489939200000,0.9322],[1490025600000,1.0174],[1490112000000,1.0233],[1490198400000,1.1106],[1490284800000,1.1359],[1490457600000,2.2667],[1490544000000,1.0989],[1490630400000,1.118],[1490716800000,1.1368],[1490803200000,1.1462],[1490889600000,1.1143],[1491235200000,4.4442],[1491321600000,1.1327],[1491408000000,1.1409],[1491494400000,1.1606],[1491667200000,2.3263],[1491753600000,1.1644],[1491840000000,1.1472],[1491926400000,1.1245],[1492012800000,1.0958],[1492099200000,1.0468],[1492272000000,2.1432],[1492358400000,1.045],[1492444800000,1.073],[1492531200000,1.051],[1492617600000,1.0759],[1492704000000,1.0504],[1492876800000,2.1395],[1492963200000,1.0734],[1493049600000,1.0554],[1493136000000,1.0755],[1493222400000,1.071],[1493308800000,1.0902],[1493568000000,3.2739],[1493654400000,1.0299],[1493740800000,1.0696],[1493827200000,1.0554],[1493913600000,1.0912],[1494086400000,2.1873],[1494172800000,1.1345],[1494259200000,1.0993],[1494345600000,1.083],[1494432000000,1.0858],[1494518400000,1.0959],[1494691200000,2.2491],[1494777600000,1.1454],[1494864000000,1.1297],[1494950400000,1.0937],[1495036800000,1.1104],[1495123200000,1.1087],[1495296000000,2.3163],[1495382400000,1.1177],[1495468800000,1.1366],[1495555200000,1.1353],[1495641600000,1.1657],[1495728000000,1.1636],[1496073600000,4.6506],[1496160000000,1.1348],[1496246400000,1.1206],[1496332800000,1.1168],[1496505600000,2.3397],[1496592000000,1.1095],[1496678400000,1.0996],[1496764800000,1.1766],[1496851200000,1.4072],[1496937600000,1.1706],[1497110400000,2.3405],[1497196800000,1.1842],[1497283200000,1.2006],[1497369600000,1.1592],[1497456000000,1.1603],[1497542400000,1.2207],[1497715200000,2.4403],[1497801600000,1.1831],[1497888000000,1.1597],[1497974400000,1.192],[1498060800000,1.2393],[1498147200000,1.2644],[1498320000000,2.5223],[1498406400000,1.2443],[1498492800000,2.0324],[1498579200000,1.2718],[1498665600000,1.1456],[1498752000000,1.1524],[1498924800000,2.4511],[1499011200000,1.1738],[1499097600000,1.186],[1499184000000,1.217],[1499270400000,1.2532],[1499356800000,1.2223],[1499529600000,2.4429],[1499616000000,1.1941],[1499702400000,1.1436],[1499788800000,1.1401],[1499875200000,3.1665],[1499961600000,1.0994],[1500134400000,2.3515],[1500220800000,1.0743],[1500307200000,1.0955],[1500393600000,1.1313],[1500480000000,1.0895],[1500566400000,1.0771],[1500739200000,2.2977],[1500825600000,1.0725],[1500912000000,1.1468],[1500998400000,1.1438],[1501084800000,1.0893],[1501171200000,1.0824],[1501344000000,2.2883],[1501430400000,1.0932],[1501516800000,1.0926],[1501603200000,1.0955],[1501689600000,1.1176],[1501776000000,1.1168],[1501948800000,2.332],[1502035200000,1.1013],[1502121600000,1.097],[1502208000000,1.0878],[1502294400000,1.0914],[1502380800000,1.0851],[1502553600000,2.2773],[1502640000000,1.0809],[1502726400000,1.1074],[1502812800000,1.143],[1502899200000,1.1579],[1502985600000,1.2176],[1503158400000,2.3299],[1503244800000,1.153],[1503331200000,1.2688],[1503417600000,1.2089],[1503504000000,1.1068],[1503590400000,1.1241],[1503763200000,2.3454],[1503849600000,1.1066],[1503936000000,1.1297],[1504022400000,1.134],[1504108800000,1.167],[1504195200000,1.0979],[1504368000000,2.2958],[1504454400000,1.3404],[1504540800000,1.0627],[1504627200000,1.3741],[1504713600000,1.133],[1504800000000,1.1972],[1504972800000,2.3551],[1505059200000,1.1548],[1505145600000,1.1381],[1505232000000,1.1313],[1505318400000,1.1527],[1505404800000,1.1756],[1505577600000,2.3498],[1505664000000,1.0962],[1505750400000,1.1411],[1505836800000,1.1547],[1505923200000,1.1294],[1506009600000,1.1356],[1506182400000,2.3573],[1506268800000,1.139],[1506355200000,1.4468],[1506441600000,1.1044],[1506528000000,1.1538],[1506614400000,1.131],[1507392000000,10.1796],[1507478400000,1.0997],[1507564800000,1.3459],[1507651200000,1.1713],[1507737600000,1.175],[1507824000000,1.1741],[1507996800000,2.3463],[1508083200000,1.1246],[1508169600000,1.1238],[1508256000000,1.0467],[1508342400000,1.033],[1508428800000,1.0937],[1508601600000,2.3312],[1508688000000,1.1175],[1508774400000,1.1596],[1508860800000,1.1383],[1508947200000,1.0841],[1509033600000,1.173],[1509206400000,2.3461],[1509292800000,1.1154],[1509379200000,1.1719],[1509465600000,1.1439],[1509552000000,1.1299],[1509638400000,1.0948],[1509811200000,2.3969],[1509897600000,1.1396],[1509984000000,1.0988],[1510070400000,1.039],[1510156800000,1.0434],[1510243200000,1.064],[1510416000000,2.2915],[1510502400000,1.0764],[1510588800000,1.0788],[1510675200000,1.0933],[1510761600000,1.0967],[1510848000000,1.0981],[1511020800000,2.3184],[1511107200000,1.1027],[1511193600000,1.1068],[1511280000000,1.1019],[1511366400000,1.0792],[1511452800000,1.0243],[1511625600000,2.3557],[1511712000000,1.1008],[1511798400000,1.0825],[1511884800000,1.1019],[1511971200000,1.1009],[1512057600000,1.1257],[1512230400000,2.3853],[1512316800000,1.0994],[1512403200000,1.1326],[1512489600000,1.128],[1512576000000,1.1563],[1512662400000,1.1336],[1512835200000,2.3627],[1512921600000,1.1374],[1513008000000,1.128],[1513094400000,1.0918],[1513180800000,1.1904],[1513267200000,1.2128],[1513440000000,2.43],[1513526400000,1.2053],[1513612800000,1.2047],[1513699200000,1.2295],[1513785600000,1.1574],[1513872000000,1.211],[1514044800000,2.4469],[1514131200000,1.2463],[1514217600000,1.2719],[1514304000000,1.2863],[1514390400000,1.3591],[1514476800000,1.0301],[1514736000000,1.3856],[1514822400000,1.3556],[1514908800000,1.5722],[1514995200000,1.4236],[1515081600000,1.3138],[1515254400000,2.6222],[1515340800000,1.1332],[1515427200000,1.2155],[1515513600000,1.1882],[1515600000000,1.18],[1515686400000,1.0913],[1515859200000,2.2879],[1515945600000,1.0905],[1516032000000,1.1554],[1516118400000,1.1594],[1516204800000,1.1591],[1516291200000,1.1726],[1516464000000,2.3448],[1516550400000,2.0072],[1516636800000,1.7277],[1516723200000,1.1774],[1516809600000,1.1954],[1516896000000,1.2031],[1517068800000,2.4013],[1517155200000,1.2021],[1517241600000,1.1136],[1517328000000,1.0987],[1517414400000,1.1262],[1517500800000,1.1337],[1517673600000,2.3563],[1517760000000,1.1705],[1517846400000,1.1602]];
/*基金收益走势图   7日年化收益率*/
var Data_sevenDaysYearIncome = [[1474473600000,7.313],[1474560000000,4.834],[1474732800000,3.616],[1474819200000,3.366],[1474905600000,3.21],[1474992000000,3.094],[1475078400000,2.413],[1475164800000,2.417],[1475942400000,2.399],[1476028800000,2.4],[1476115200000,2.395],[1476201600000,2.362],[1476288000000,2.358],[1476374400000,2.355],[1476547200000,2.351],[1476633600000,2.346],[1476720000000,2.347],[1476806400000,2.377],[1476892800000,2.383],[1476979200000,2.395],[1477152000000,2.417],[1477238400000,2.437],[1477324800000,2.453],[1477411200000,2.476],[1477497600000,2.509],[1477584000000,2.547],[1477756800000,2.62],[1477843200000,2.65],[1477929600000,2.685],[1478016000000,2.712],[1478102400000,2.706],[1478188800000,2.676],[1478361600000,2.616],[1478448000000,2.579],[1478534400000,2.531],[1478620800000,2.484],[1478707200000,2.452],[1478793600000,2.436],[1478966400000,2.409],[1479052800000,2.401],[1479139200000,2.411],[1479225600000,2.442],[1479312000000,2.46],[1479398400000,2.48],[1479571200000,2.514],[1479657600000,2.532],[1479744000000,2.546],[1479830400000,2.531],[1479916800000,2.536],[1480003200000,2.549],[1480176000000,2.569],[1480262400000,2.573],[1480348800000,2.584],[1480435200000,2.618],[1480521600000,2.68],[1480608000000,2.734],[1480780800000,2.852],[1480867200000,2.925],[1480953600000,2.976],[1481040000000,3.034],[1481126400000,3.005],[1481212800000,2.985],[1481385600000,2.942],[1481472000000,2.92],[1481558400000,2.906],[1481644800000,2.875],[1481731200000,2.897],[1481817600000,2.932],[1481990400000,3.005],[1482076800000,3.007],[1482163200000,3.017],[1482249600000,3.078],[1482336000000,3.139],[1482422400000,3.176],[1482595200000,3.256],[1482681600000,3.325],[1482768000000,3.392],[1482854400000,3.409],[1482940800000,3.44],[1483027200000,3.505],[1483113600000,3.53],[1483286400000,3.573],[1483372800000,3.591],[1483459200000,3.418],[1483545600000,3.385],[1483632000000,3.163],[1483804800000,2.992],[1483891200000,2.836],[1483977600000,2.718],[1484064000000,2.765],[1484150400000,2.641],[1484236800000,2.671],[1484409600000,2.535],[1484496000000,2.536],[1484582400000,2.506],[1484668800000,2.52],[1484755200000,2.563],[1484841600000,2.634],[1485014400000,2.781],[1485100800000,2.844],[1485187200000,2.81],[1485273600000,2.846],[1485360000000,2.867],[1485964800000,2.956],[1486051200000,2.955],[1486224000000,2.953],[1486310400000,2.953],[1486396800000,2.952],[1486483200000,2.955],[1486569600000,2.952],[1486656000000,2.958],[1486828800000,2.969],[1486915200000,2.974],[1487001600000,2.995],[1487088000000,3.016],[1487174400000,3.059],[1487260800000,3.102],[1487433600000,3.188],[1487520000000,3.238],[1487606400000,3.278],[1487692800000,3.328],[1487779200000,3.359],[1487865600000,3.407],[1488038400000,3.504],[1488124800000,3.544],[1488211200000,3.713],[1488297600000,3.779],[1488384000000,3.853],[1488470400000,3.91],[1488643200000,4.024],[1488729600000,4.077],[1488816000000,3.995],[1488902400000,3.998],[1488988800000,3.991],[1489075200000,3.971],[1489248000000,3.93],[1489334400000,3.915],[1489420800000,3.897],[1489507200000,3.884],[1489593600000,3.876],[1489680000000,3.869],[1489852800000,3.857],[1489939200000,3.796],[1490025600000,3.783],[1490112000000,3.776],[1490198400000,3.813],[1490284800000,3.869],[1490457600000,3.98],[1490544000000,4.071],[1490630400000,4.125],[1490716800000,4.187],[1490803200000,4.206],[1490889600000,4.195],[1491235200000,4.173],[1491321600000,4.171],[1491408000000,4.168],[1491494400000,4.193],[1491667200000,4.25],[1491753600000,4.279],[1491840000000,4.299],[1491926400000,4.294],[1492012800000,4.27],[1492099200000,4.208],[1492272000000,4.108],[1492358400000,4.044],[1492444800000,4.003],[1492531200000,3.963],[1492617600000,3.953],[1492704000000,3.955],[1492876800000,3.953],[1492963200000,3.968],[1493049600000,3.958],[1493136000000,3.972],[1493222400000,3.969],[1493308800000,3.991],[1493568000000,4.024],[1493654400000,4.01],[1493740800000,4.007],[1493827200000,3.998],[1493913600000,3.999],[1494086400000,4.001],[1494172800000,4.025],[1494259200000,4.062],[1494345600000,4.07],[1494432000000,4.086],[1494518400000,4.089],[1494691200000,4.122],[1494777600000,4.128],[1494864000000,4.145],[1494950400000,4.151],[1495036800000,4.164],[1495123200000,4.171],[1495296000000,4.207],[1495382400000,4.192],[1495468800000,4.196],[1495555200000,4.219],[1495641600000,4.249],[1495728000000,4.279],[1496073600000,4.322],[1496160000000,4.322],[1496246400000,4.297],[1496332800000,4.272],[1496505600000,4.28],[1496592000000,4.251],[1496678400000,4.216],[1496764800000,4.239],[1496851200000,4.395],[1496937600000,4.424],[1497110400000,4.425],[1497196800000,4.465],[1497283200000,4.52],[1497369600000,4.511],[1497456000000,4.377],[1497542400000,4.404],[1497715200000,4.458],[1497801600000,4.458],[1497888000000,4.435],[1497974400000,4.453],[1498060800000,4.496],[1498147200000,4.52],[1498320000000,4.565],[1498406400000,4.598],[1498492800000,5.075],[1498579200000,5.119],[1498665600000,5.067],[1498752000000,5.006],[1498924800000,4.967],[1499011200000,4.929],[1499097600000,4.467],[1499184000000,4.437],[1499270400000,4.495],[1499356800000,4.533],[1499529600000,4.529],[1499616000000,4.54],[1499702400000,4.517],[1499788800000,4.475],[1499875200000,5.522],[1499961600000,5.455],[1500134400000,5.404],[1500220800000,5.339],[1500307200000,5.312],[1500393600000,5.307],[1500480000000,4.173],[1500566400000,4.161],[1500739200000,4.132],[1500825600000,4.131],[1500912000000,4.159],[1500998400000,4.166],[1501084800000,4.166],[1501171200000,4.168],[1501344000000,4.163],[1501430400000,4.175],[1501516800000,4.145],[1501603200000,4.119],[1501689600000,4.134],[1501776000000,4.153],[1501948800000,4.177],[1502035200000,4.181],[1502121600000,4.183],[1502208000000,4.179],[1502294400000,4.165],[1502380800000,4.148],[1502553600000,4.118],[1502640000000,4.107],[1502726400000,4.113],[1502812800000,4.143],[1502899200000,4.179],[1502985600000,4.251],[1503158400000,4.279],[1503244800000,4.319],[1503331200000,4.406],[1503417600000,4.442],[1503504000000,4.414],[1503590400000,4.364],[1503763200000,4.372],[1503849600000,4.347],[1503936000000,4.271],[1504022400000,4.23],[1504108800000,4.263],[1504195200000,4.249],[1504368000000,4.222],[1504454400000,4.349],[1504540800000,4.313],[1504627200000,4.443],[1504713600000,4.425],[1504800000000,4.479],[1504972800000,4.511],[1505059200000,4.41],[1505145600000,4.451],[1505232000000,4.319],[1505318400000,4.33],[1505404800000,4.318],[1505577600000,4.315],[1505664000000,4.283],[1505750400000,4.285],[1505836800000,4.298],[1505923200000,4.285],[1506009600000,4.263],[1506182400000,4.267],[1506268800000,4.29],[1506355200000,4.457],[1506441600000,4.429],[1506528000000,4.443],[1506614400000,4.44],[1507392000000,4.214],[1507478400000,4.197],[1507564800000,4.314],[1507651200000,4.336],[1507737600000,4.36],[1507824000000,4.383],[1507996800000,4.429],[1508083200000,4.443],[1508169600000,4.322],[1508256000000,4.254],[1508342400000,4.177],[1508428800000,4.133],[1508601600000,4.125],[1508688000000,4.121],[1508774400000,4.141],[1508860800000,4.191],[1508947200000,4.218],[1509033600000,4.261],[1509206400000,4.27],[1509292800000,4.268],[1509379200000,4.275],[1509465600000,4.278],[1509552000000,4.303],[1509638400000,4.26],[1509811200000,4.288],[1509897600000,4.301],[1509984000000,4.262],[1510070400000,4.205],[1510156800000,4.158],[1510243200000,4.141],[1510416000000,4.084],[1510502400000,4.049],[1510588800000,4.038],[1510675200000,4.068],[1510761600000,4.097],[1510848000000,4.115],[1511020800000,4.13],[1511107200000,4.144],[1511193600000,4.159],[1511280000000,4.164],[1511366400000,4.155],[1511452800000,4.115],[1511625600000,4.135],[1511712000000,4.134],[1511798400000,4.121],[1511884800000,4.121],[1511971200000,4.132],[1512057600000,4.187],[1512230400000,4.203],[1512316800000,4.203],[1512403200000,4.23],[1512489600000,4.244],[1512576000000,4.274],[1512662400000,4.279],[1512835200000,4.266],[1512921600000,4.287],[1513008000000,4.284],[1513094400000,4.265],[1513180800000,4.283],[1513267200000,4.326],[1513440000000,4.363],[1513526400000,4.4],[1513612800000,4.442],[1513699200000,4.517],[1513785600000,4.499],[1513872000000,4.498],[1514044800000,4.507],[1514131200000,4.529],[1514217600000,4.566],[1514304000000,4.597],[1514390400000,4.707],[1514476800000,4.608],[1514736000000,4.86],[1514822400000,4.906],[1514908800000,5.062],[1514995200000,5.098],[1515081600000,5.253],[1515254400000,5.173],[1515340800000,5.034],[1515427200000,4.958],[1515513600000,4.748],[1515600000000,4.615],[1515686400000,4.494],[1515859200000,4.312],[1515945600000,4.288],[1516032000000,4.256],[1516118400000,4.24],[1516204800000,4.229],[1516291200000,4.273],[1516464000000,4.304],[1516550400000,4.804],[1516636800000,5.117],[1516723200000,5.127],[1516809600000,5.146],[1516896000000,5.163],[1517068800000,5.194],[1517155200000,4.754],[1517241600000,4.419],[1517328000000,4.376],[1517414400000,4.338],[1517500800000,4.301],[1517673600000,4.276],[1517760000000,4.259],[1517846400000,4.284]];
/*资产配置*/
var Data_assetAllocationCurrency ={"categories":["12-31","09-30","06-30","03-31"],"series":[{"name":"股票","data":[null,null,null,null]},{"name":"债券","data":[32.58,49.25,51.71,36.31]},{"name":"现金","data":[63.42,56.12,47.77,65.76]}]};
/*累计收益率走势*/
var Data_grandTotal = [{"name":"华泰柏瑞天添宝货币A","data":[[1501948800000,0],[1502035200000,0.01],[1502121600000,0.02],[1502208000000,0.03],[1502294400000,0.04],[1502380800000,0.05],[1502553600000,0.08],[1502640000000,0.09],[1502726400000,0.10],[1502812800000,0.11],[1502899200000,0.12],[1502985600000,0.13],[1503158400000,0.16],[1503244800000,0.17],[1503331200000,0.18],[1503417600000,0.19],[1503504000000,0.21],[1503590400000,0.22],[1503763200000,0.24],[1503849600000,0.25],[1503936000000,0.26],[1504022400000,0.27],[1504108800000,0.29],[1504195200000,0.30],[1504368000000,0.32],[1504454400000,0.33],[1504540800000,0.34],[1504627200000,0.36],[1504713600000,0.37],[1504800000000,0.38],[1504972800000,0.40],[1505059200000,0.42],[1505145600000,0.43],[1505232000000,0.44],[1505318400000,0.45],[1505404800000,0.46],[1505577600000,0.49],[1505664000000,0.50],[1505750400000,0.51],[1505836800000,0.52],[1505923200000,0.53],[1506009600000,0.54],[1506182400000,0.57],[1506268800000,0.58],[1506355200000,0.59],[1506441600000,0.60],[1506528000000,0.62],[1506614400000,0.63],[1507392000000,0.73],[1507478400000,0.74],[1507564800000,0.75],[1507651200000,0.77],[1507737600000,0.78],[1507824000000,0.79],[1507996800000,0.81],[1508083200000,0.82],[1508169600000,0.84],[1508256000000,0.85],[1508342400000,0.86],[1508428800000,0.87],[1508601600000,0.89],[1508688000000,0.90],[1508774400000,0.91],[1508860800000,0.93],[1508947200000,0.94],[1509033600000,0.95],[1509206400000,0.97],[1509292800000,0.98],[1509379200000,1.00],[1509465600000,1.01],[1509552000000,1.02],[1509638400000,1.03],[1509811200000,1.05],[1509897600000,1.06],[1509984000000,1.08],[1510070400000,1.09],[1510156800000,1.10],[1510243200000,1.11],[1510416000000,1.13],[1510502400000,1.14],[1510588800000,1.15],[1510675200000,1.16],[1510761600000,1.17],[1510848000000,1.19],[1511020800000,1.21],[1511107200000,1.22],[1511193600000,1.23],[1511280000000,1.24],[1511366400000,1.25],[1511452800000,1.26],[1511625600000,1.29],[1511712000000,1.30],[1511798400000,1.31],[1511884800000,1.32],[1511971200000,1.33],[1512057600000,1.34],[1512230400000,1.37],[1512316800000,1.38],[1512403200000,1.39],[1512489600000,1.40],[1512576000000,1.41],[1512662400000,1.43],[1512835200000,1.45],[1512921600000,1.46],[1513008000000,1.47],[1513094400000,1.48],[1513180800000,1.50],[1513267200000,1.51],[1513440000000,1.53],[1513526400000,1.54],[1513612800000,1.56],[1513699200000,1.57],[1513785600000,1.58],[1513872000000,1.59],[1514044800000,1.62],[1514131200000,1.63],[1514217600000,1.64],[1514304000000,1.66],[1514390400000,1.67],[1514476800000,1.68],[1514736000000,1.70],[1514822400000,1.71],[1514908800000,1.73],[1514995200000,1.74],[1515081600000,1.75],[1515254400000,1.78],[1515340800000,1.79],[1515427200000,1.80],[1515513600000,1.82],[1515600000000,1.83],[1515686400000,1.84],[1515859200000,1.86],[1515945600000,1.87],[1516032000000,1.88],[1516118400000,1.90],[1516204800000,1.91],[1516291200000,1.92],[1516464000000,1.94],[1516550400000,1.96],[1516636800000,1.98],[1516723200000,1.99],[1516809600000,2.01],[1516896000000,2.02],[1517068800000,2.04],[1517155200000,2.06],[1517241600000,2.07],[1517328000000,2.08],[1517414400000,2.09],[1517500800000,2.10],[1517673600000,2.13],[1517760000000,2.14],[1517846400000,2.15]]},{"name":"同类平均","data":[[1502035200000,0],[1502121600000,0.01],[1502208000000,0.02],[1502294400000,0.03],[1502380800000,0.04],[1502640000000,0.07],[1502726400000,0.08],[1502812800000,0.09],[1502899200000,0.10],[1502985600000,0.11],[1503244800000,0.14],[1503331200000,0.16],[1503417600000,0.17],[1503504000000,0.18],[1503590400000,0.19],[1503849600000,0.22],[1503936000000,0.23],[1504022400000,0.24],[1504108800000,0.25],[1504195200000,0.26],[1504454400000,0.29],[1504540800000,0.30],[1504627200000,0.31],[1504713600000,0.32],[1504800000000,0.34],[1505059200000,0.37],[1505145600000,0.38],[1505232000000,0.39],[1505318400000,0.40],[1505404800000,0.41],[1505664000000,0.44],[1505750400000,0.45],[1505836800000,0.46],[1505923200000,0.47],[1506009600000,0.48],[1506268800000,0.52],[1506355200000,0.53],[1506441600000,0.54],[1506528000000,0.55],[1506614400000,0.56],[1507478400000,0.67],[1507564800000,0.68],[1507651200000,0.69],[1507737600000,0.71],[1507824000000,0.72],[1508083200000,0.75],[1508169600000,0.76],[1508256000000,0.77],[1508342400000,0.78],[1508428800000,0.79],[1508688000000,0.82],[1508774400000,0.83],[1508860800000,0.84],[1508947200000,0.85],[1509033600000,0.86],[1509292800000,0.90],[1509379200000,0.91],[1509465600000,0.92],[1509552000000,0.93],[1509638400000,0.94],[1509897600000,0.97],[1509984000000,0.98],[1510070400000,0.99],[1510156800000,1.00],[1510243200000,1.01],[1510502400000,1.04],[1510588800000,1.06],[1510675200000,1.07],[1510761600000,1.08],[1510848000000,1.09],[1511107200000,1.12],[1511193600000,1.13],[1511280000000,1.14],[1511366400000,1.15],[1511452800000,1.16],[1511712000000,1.20],[1511798400000,1.21],[1511884800000,1.22],[1511971200000,1.23],[1512057600000,1.24],[1512316800000,1.28],[1512403200000,1.29],[1512489600000,1.30],[1512576000000,1.31],[1512662400000,1.32],[1512921600000,1.35],[1513008000000,1.36],[1513094400000,1.38],[1513180800000,1.39],[1513267200000,1.40],[1513526400000,1.43],[1513612800000,1.44],[1513699200000,1.46],[1513785600000,1.47],[1513872000000,1.48],[1514131200000,1.51],[1514217600000,1.53],[1514304000000,1.54],[1514390400000,1.55],[1514476800000,1.57],[1514822400000,1.62],[1514908800000,1.64],[1514995200000,1.65],[1515081600000,1.66],[1515340800000,1.69],[1515427200000,1.71],[1515513600000,1.72],[1515600000000,1.73],[1515686400000,1.74],[1515945600000,1.77],[1516032000000,1.79],[1516118400000,1.80],[1516204800000,1.81],[1516291200000,1.82],[1516550400000,1.86],[1516636800000,1.87],[1516723200000,1.88],[1516809600000,1.89],[1516896000000,1.90],[1517155200000,1.94],[1517241600000,1.95],[1517328000000,1.96],[1517414400000,1.97],[1517500800000,1.98],[1517760000000,2.02],[1517846400000,2.03]]},{"name":"沪深300","data":[[1502035200000,0],[1502121600000,0.15],[1502208000000,0.11],[1502294400000,-0.29],[1502380800000,-2.13],[1502640000000,-0.86],[1502726400000,-0.56],[1502812800000,-0.68],[1502899200000,-0.15],[1502985600000,-0.06],[1503244800000,0.38],[1503331200000,0.68],[1503417600000,0.79],[1503504000000,0.21],[1503590400000,1.85],[1503849600000,3.11],[1503936000000,2.89],[1504022400000,2.88],[1504108800000,2.56],[1504195200000,2.78],[1504454400000,3.19],[1504540800000,3.50],[1504627200000,3.29],[1504713600000,2.77],[1504800000000,2.66],[1505059200000,2.65],[1505145600000,2.98],[1505232000000,3.11],[1505318400000,2.77],[1505404800000,2.80],[1505664000000,3.12],[1505750400000,2.83],[1505836800000,3.10],[1505923200000,2.98],[1506009600000,2.98],[1506268800000,2.44],[1506355200000,2.52],[1506441600000,2.53],[1506528000000,2.57],[1506614400000,2.94],[1507478400000,4.17],[1507564800000,4.38],[1507651200000,4.72],[1507737600000,5.00],[1507824000000,5.21],[1508083200000,5.01],[1508169600000,5.00],[1508256000000,5.83],[1508342400000,5.49],[1508428800000,5.37],[1508688000000,5.47],[1508774400000,6.24],[1508860800000,6.71],[1508947200000,7.16],[1509033600000,7.92],[1509292800000,7.59],[1509379200000,7.51],[1509465600000,7.24],[1509552000000,7.25],[1509638400000,7.13],[1509897600000,7.89],[1509984000000,8.79],[1510070400000,8.62],[1510156800000,9.37],[1510243200000,10.33],[1510502400000,10.77],[1510588800000,10.00],[1510675200000,9.31],[1510761600000,10.15],[1510848000000,10.57],[1511107200000,11.19],[1511193600000,13.17],[1511280000000,13.44],[1511366400000,10.08],[1511452800000,10.13],[1511712000000,8.67],[1511798400000,8.83],[1511884800000,8.77],[1511971200000,7.49],[1512057600000,7.28],[1512316800000,7.84],[1512403200000,8.41],[1512489600000,7.76],[1512576000000,6.55],[1512662400000,7.42],[1512921600000,9.20],[1513008000000,7.76],[1513094400000,8.67],[1513180800000,8.03],[1513267200000,6.82],[1513526400000,6.94],[1513612800000,8.28],[1513699200000,8.15],[1513785600000,9.15],[1513872000000,8.80],[1514131200000,8.45],[1514217600000,8.77],[1514304000000,7.09],[1514390400000,7.84],[1514476800000,8.16],[1514822400000,9.68],[1514908800000,10.32],[1514995200000,10.79],[1515081600000,11.05],[1515340800000,11.63],[1515427200000,12.41],[1515513600000,12.91],[1515600000000,12.85],[1515686400000,13.37],[1515945600000,13.37],[1516032000000,14.27],[1516118400000,13.99],[1516204800000,14.61],[1516291200000,14.99],[1516550400000,16.36],[1516636800000,17.60],[1516723200000,17.79],[1516809600000,17.13],[1516896000000,17.56],[1517155200000,15.43],[1517241600000,14.20],[1517328000000,14.73],[1517414400000,13.93],[1517500800000,14.61],[1517760000000,14.69],[1517846400000,11.33]]}];
/*同类排名*/
var Data_rateInSimilarType = [{"x":1482336000000,"y":189,"sc":"459"},{"x":1482422400000,"y":186,"sc":"463"},{"x":1482681600000,"y":178,"sc":"464"},{"x":1482768000000,"y":177,"sc":"464"},{"x":1482854400000,"y":175,"sc":"466"},{"x":1482940800000,"y":173,"sc":"466"},{"x":1483027200000,"y":174,"sc":"469"},{"x":1483372800000,"y":156,"sc":"469"},{"x":1483459200000,"y":161,"sc":"468"},{"x":1483545600000,"y":156,"sc":"469"},{"x":1483632000000,"y":159,"sc":"469"},{"x":1483891200000,"y":188,"sc":"469"},{"x":1483977600000,"y":187,"sc":"469"},{"x":1484064000000,"y":188,"sc":"469"},{"x":1484150400000,"y":190,"sc":"469"},{"x":1484236800000,"y":193,"sc":"469"},{"x":1484496000000,"y":209,"sc":"472"},{"x":1484582400000,"y":210,"sc":"474"},{"x":1484668800000,"y":211,"sc":"476"},{"x":1484755200000,"y":214,"sc":"476"},{"x":1484841600000,"y":217,"sc":"476"},{"x":1485100800000,"y":222,"sc":"481"},{"x":1485187200000,"y":225,"sc":"482"},{"x":1485273600000,"y":231,"sc":"484"},{"x":1485360000000,"y":230,"sc":"485"},{"x":1486051200000,"y":251,"sc":"489"},{"x":1486310400000,"y":260,"sc":"491"},{"x":1486396800000,"y":261,"sc":"491"},{"x":1486483200000,"y":260,"sc":"491"},{"x":1486569600000,"y":261,"sc":"491"},{"x":1486656000000,"y":263,"sc":"494"},{"x":1486915200000,"y":268,"sc":"496"},{"x":1487001600000,"y":266,"sc":"496"},{"x":1487088000000,"y":267,"sc":"496"},{"x":1487174400000,"y":268,"sc":"496"},{"x":1487260800000,"y":269,"sc":"496"},{"x":1487520000000,"y":280,"sc":"496"},{"x":1487606400000,"y":276,"sc":"496"},{"x":1487692800000,"y":277,"sc":"496"},{"x":1487779200000,"y":274,"sc":"498"},{"x":1487865600000,"y":278,"sc":"500"},{"x":1488124800000,"y":287,"sc":"503"},{"x":1488211200000,"y":279,"sc":"503"},{"x":1488297600000,"y":281,"sc":"503"},{"x":1488384000000,"y":286,"sc":"511"},{"x":1488470400000,"y":276,"sc":"511"},{"x":1488729600000,"y":290,"sc":"513"},{"x":1488816000000,"y":293,"sc":"515"},{"x":1488902400000,"y":293,"sc":"516"},{"x":1488988800000,"y":291,"sc":"518"},{"x":1489075200000,"y":285,"sc":"518"},{"x":1489334400000,"y":294,"sc":"518"},{"x":1489420800000,"y":292,"sc":"518"},{"x":1489507200000,"y":291,"sc":"518"},{"x":1489593600000,"y":296,"sc":"520"},{"x":1489680000000,"y":290,"sc":"520"},{"x":1489939200000,"y":305,"sc":"522"},{"x":1490025600000,"y":302,"sc":"522"},{"x":1490112000000,"y":302,"sc":"524"},{"x":1490198400000,"y":307,"sc":"530"},{"x":1490284800000,"y":302,"sc":"530"},{"x":1490544000000,"y":313,"sc":"534"},{"x":1490630400000,"y":315,"sc":"535"},{"x":1490716800000,"y":313,"sc":"535"},{"x":1490803200000,"y":316,"sc":"538"},{"x":1490889600000,"y":318,"sc":"538"},{"x":1491321600000,"y":317,"sc":"538"},{"x":1491408000000,"y":315,"sc":"540"},{"x":1491494400000,"y":305,"sc":"540"},{"x":1491753600000,"y":300,"sc":"540"},{"x":1491840000000,"y":293,"sc":"540"},{"x":1491926400000,"y":286,"sc":"540"},{"x":1492012800000,"y":284,"sc":"541"},{"x":1492099200000,"y":275,"sc":"541"},{"x":1492358400000,"y":266,"sc":"543"},{"x":1492444800000,"y":259,"sc":"543"},{"x":1492531200000,"y":250,"sc":"543"},{"x":1492617600000,"y":244,"sc":"545"},{"x":1492704000000,"y":234,"sc":"545"},{"x":1492963200000,"y":210,"sc":"545"},{"x":1493049600000,"y":208,"sc":"547"},{"x":1493136000000,"y":205,"sc":"549"},{"x":1493222400000,"y":194,"sc":"549"},{"x":1493308800000,"y":184,"sc":"549"},{"x":1493654400000,"y":181,"sc":"549"},{"x":1493740800000,"y":177,"sc":"550"},{"x":1493827200000,"y":173,"sc":"550"},{"x":1493913600000,"y":174,"sc":"550"},{"x":1494172800000,"y":158,"sc":"550"},{"x":1494259200000,"y":155,"sc":"550"},{"x":1494345600000,"y":148,"sc":"550"},{"x":1494432000000,"y":141,"sc":"550"},{"x":1494518400000,"y":143,"sc":"550"},{"x":1494777600000,"y":124,"sc":"554"},{"x":1494864000000,"y":122,"sc":"556"},{"x":1494950400000,"y":118,"sc":"560"},{"x":1495036800000,"y":110,"sc":"560"},{"x":1495123200000,"y":111,"sc":"560"},{"x":1495382400000,"y":102,"sc":"560"},{"x":1495468800000,"y":102,"sc":"562"},{"x":1495555200000,"y":99,"sc":"564"},{"x":1495641600000,"y":90,"sc":"564"},{"x":1495728000000,"y":94,"sc":"564"},{"x":1496160000000,"y":87,"sc":"564"},{"x":1496246400000,"y":86,"sc":"564"},{"x":1496332800000,"y":87,"sc":"564"},{"x":1496592000000,"y":85,"sc":"566"},{"x":1496678400000,"y":87,"sc":"566"},{"x":1496764800000,"y":86,"sc":"566"},{"x":1496851200000,"y":81,"sc":"566"},{"x":1496937600000,"y":81,"sc":"566"},{"x":1497196800000,"y":79,"sc":"574"},{"x":1497283200000,"y":80,"sc":"574"},{"x":1497369600000,"y":79,"sc":"575"},{"x":1497456000000,"y":80,"sc":"575"},{"x":1497542400000,"y":81,"sc":"575"},{"x":1497801600000,"y":80,"sc":"577"},{"x":1497888000000,"y":78,"sc":"577"},{"x":1497974400000,"y":78,"sc":"575"},{"x":1498060800000,"y":71,"sc":"575"},{"x":1498147200000,"y":71,"sc":"576"},{"x":1498406400000,"y":70,"sc":"579"},{"x":1498492800000,"y":60,"sc":"579"},{"x":1498579200000,"y":60,"sc":"579"},{"x":1498665600000,"y":60,"sc":"579"},{"x":1498752000000,"y":59,"sc":"582"},{"x":1499011200000,"y":46,"sc":"582"},{"x":1499097600000,"y":57,"sc":"582"},{"x":1499184000000,"y":59,"sc":"583"},{"x":1499270400000,"y":59,"sc":"583"},{"x":1499356800000,"y":56,"sc":"583"},{"x":1499616000000,"y":56,"sc":"583"},{"x":1499702400000,"y":57,"sc":"583"},{"x":1499788800000,"y":59,"sc":"583"},{"x":1499875200000,"y":30,"sc":"583"},{"x":1499961600000,"y":32,"sc":"586"},{"x":1500220800000,"y":30,"sc":"586"},{"x":1500307200000,"y":30,"sc":"586"},{"x":1500393600000,"y":31,"sc":"589"},{"x":1500480000000,"y":32,"sc":"589"},{"x":1500566400000,"y":35,"sc":"593"},{"x":1500825600000,"y":36,"sc":"593"},{"x":1500912000000,"y":36,"sc":"593"},{"x":1500998400000,"y":37,"sc":"594"},{"x":1501084800000,"y":37,"sc":"594"},{"x":1501171200000,"y":40,"sc":"594"},{"x":1501430400000,"y":31,"sc":"594"},{"x":1501516800000,"y":41,"sc":"594"},{"x":1501603200000,"y":42,"sc":"594"},{"x":1501689600000,"y":42,"sc":"594"},{"x":1501776000000,"y":41,"sc":"594"},{"x":1502035200000,"y":42,"sc":"596"},{"x":1502121600000,"y":44,"sc":"596"},{"x":1502208000000,"y":42,"sc":"596"},{"x":1502294400000,"y":44,"sc":"596"},{"x":1502380800000,"y":45,"sc":"596"},{"x":1502640000000,"y":48,"sc":"596"},{"x":1502726400000,"y":49,"sc":"596"},{"x":1502812800000,"y":53,"sc":"596"},{"x":1502899200000,"y":53,"sc":"596"},{"x":1502985600000,"y":51,"sc":"596"},{"x":1503244800000,"y":54,"sc":"597"},{"x":1503331200000,"y":51,"sc":"597"},{"x":1503417600000,"y":50,"sc":"597"},{"x":1503504000000,"y":49,"sc":"596"},{"x":1503590400000,"y":49,"sc":"596"},{"x":1503849600000,"y":44,"sc":"600"},{"x":1503936000000,"y":42,"sc":"600"},{"x":1504022400000,"y":57,"sc":"600"},{"x":1504108800000,"y":55,"sc":"601"},{"x":1504195200000,"y":58,"sc":"601"},{"x":1504454400000,"y":57,"sc":"601"},{"x":1504540800000,"y":60,"sc":"601"},{"x":1504627200000,"y":55,"sc":"601"},{"x":1504713600000,"y":54,"sc":"601"},{"x":1504800000000,"y":60,"sc":"601"},{"x":1505059200000,"y":60,"sc":"603"},{"x":1505145600000,"y":60,"sc":"603"},{"x":1505232000000,"y":61,"sc":"603"},{"x":1505318400000,"y":64,"sc":"605"},{"x":1505404800000,"y":60,"sc":"605"},{"x":1505664000000,"y":63,"sc":"606"},{"x":1505750400000,"y":65,"sc":"606"},{"x":1505836800000,"y":62,"sc":"603"},{"x":1505923200000,"y":62,"sc":"603"},{"x":1506009600000,"y":66,"sc":"603"},{"x":1506268800000,"y":71,"sc":"603"},{"x":1506355200000,"y":67,"sc":"603"},{"x":1506441600000,"y":80,"sc":"604"},{"x":1506528000000,"y":81,"sc":"604"},{"x":1506614400000,"y":80,"sc":"606"},{"x":1507478400000,"y":84,"sc":"606"},{"x":1507564800000,"y":82,"sc":"607"},{"x":1507651200000,"y":79,"sc":"607"},{"x":1507737600000,"y":79,"sc":"611"},{"x":1507824000000,"y":125,"sc":"611"},{"x":1508083200000,"y":123,"sc":"612"},{"x":1508169600000,"y":119,"sc":"612"},{"x":1508256000000,"y":119,"sc":"611"},{"x":1508342400000,"y":122,"sc":"611"},{"x":1508428800000,"y":120,"sc":"611"},{"x":1508688000000,"y":118,"sc":"606"},{"x":1508774400000,"y":110,"sc":"606"},{"x":1508860800000,"y":111,"sc":"607"},{"x":1508947200000,"y":112,"sc":"607"},{"x":1509033600000,"y":107,"sc":"607"},{"x":1509292800000,"y":104,"sc":"609"},{"x":1509379200000,"y":102,"sc":"610"},{"x":1509465600000,"y":99,"sc":"610"},{"x":1509552000000,"y":96,"sc":"613"},{"x":1509638400000,"y":99,"sc":"617"},{"x":1509897600000,"y":96,"sc":"621"},{"x":1509984000000,"y":101,"sc":"621"},{"x":1510070400000,"y":101,"sc":"621"},{"x":1510156800000,"y":102,"sc":"623"},{"x":1510243200000,"y":100,"sc":"623"},{"x":1510502400000,"y":102,"sc":"633"},{"x":1510588800000,"y":102,"sc":"635"},{"x":1510675200000,"y":101,"sc":"635"},{"x":1510761600000,"y":104,"sc":"635"},{"x":1510848000000,"y":105,"sc":"636"},{"x":1511107200000,"y":112,"sc":"636"},{"x":1511193600000,"y":113,"sc":"636"},{"x":1511280000000,"y":117,"sc":"636"},{"x":1511366400000,"y":119,"sc":"636"},{"x":1511452800000,"y":119,"sc":"637"},{"x":1511712000000,"y":125,"sc":"640"},{"x":1511798400000,"y":124,"sc":"640"},{"x":1511884800000,"y":131,"sc":"640"},{"x":1511971200000,"y":134,"sc":"641"},{"x":1512057600000,"y":132,"sc":"643"},{"x":1512316800000,"y":140,"sc":"643"},{"x":1512403200000,"y":137,"sc":"643"},{"x":1512489600000,"y":147,"sc":"643"},{"x":1512576000000,"y":150,"sc":"644"},{"x":1512662400000,"y":149,"sc":"652"},{"x":1512921600000,"y":155,"sc":"652"},{"x":1513008000000,"y":163,"sc":"653"},{"x":1513094400000,"y":164,"sc":"653"},{"x":1513180800000,"y":168,"sc":"654"},{"x":1513267200000,"y":170,"sc":"656"},{"x":1513526400000,"y":170,"sc":"656"},{"x":1513612800000,"y":168,"sc":"656"},{"x":1513699200000,"y":168,"sc":"656"},{"x":1513785600000,"y":169,"sc":"655"},{"x":1513872000000,"y":166,"sc":"655"},{"x":1514131200000,"y":166,"sc":"655"},{"x":1514217600000,"y":178,"sc":"655"},{"x":1514304000000,"y":176,"sc":"654"},{"x":1514390400000,"y":172,"sc":"655"},{"x":1514476800000,"y":187,"sc":"655"},{"x":1514822400000,"y":252,"sc":"655"},{"x":1514908800000,"y":229,"sc":"655"},{"x":1514995200000,"y":212,"sc":"655"},{"x":1515081600000,"y":203,"sc":"655"},{"x":1515340800000,"y":254,"sc":"655"},{"x":1515427200000,"y":249,"sc":"655"},{"x":1515513600000,"y":265,"sc":"656"},{"x":1515600000000,"y":262,"sc":"657"},{"x":1515686400000,"y":275,"sc":"657"},{"x":1515945600000,"y":292,"sc":"657"},{"x":1516032000000,"y":292,"sc":"657"},{"x":1516118400000,"y":292,"sc":"657"},{"x":1516204800000,"y":290,"sc":"657"},{"x":1516291200000,"y":287,"sc":"657"},{"x":1516550400000,"y":258,"sc":"657"},{"x":1516636800000,"y":239,"sc":"657"},{"x":1516723200000,"y":244,"sc":"657"},{"x":1516809600000,"y":243,"sc":"657"},{"x":1516896000000,"y":238,"sc":"655"},{"x":1517155200000,"y":245,"sc":"656"},{"x":1517241600000,"y":254,"sc":"656"},{"x":1517328000000,"y":259,"sc":"656"},{"x":1517414400000,"y":263,"sc":"656"},{"x":1517500800000,"y":262,"sc":"656"},{"x":1517760000000,"y":267,"sc":"656"},{"x":1517846400000,"y":269,"sc":"656"}];
/*百分比排名*/
var Data_rateInSimilarPersent = [[1482336000000,58.8200],[1482422400000,59.8300],[1482681600000,61.6400],[1482768000000,61.8500],[1482854400000,62.4500],[1482940800000,62.8800],[1483027200000,62.9000],[1483372800000,66.7400],[1483459200000,65.6000],[1483545600000,66.7400],[1483632000000,66.1000],[1483891200000,59.9100],[1483977600000,60.1300],[1484064000000,59.9100],[1484150400000,59.4900],[1484236800000,58.8500],[1484496000000,55.7200],[1484582400000,55.7000],[1484668800000,55.6700],[1484755200000,55.0400],[1484841600000,54.4100],[1485100800000,53.8500],[1485187200000,53.3200],[1485273600000,52.2700],[1485360000000,52.5800],[1486051200000,48.6700],[1486310400000,47.0500],[1486396800000,46.8400],[1486483200000,47.0500],[1486569600000,46.8400],[1486656000000,46.7600],[1486915200000,45.9700],[1487001600000,46.3700],[1487088000000,46.1700],[1487174400000,45.9700],[1487260800000,45.7700],[1487520000000,43.5500],[1487606400000,44.3500],[1487692800000,44.1500],[1487779200000,44.9800],[1487865600000,44.4000],[1488124800000,42.9400],[1488211200000,44.5300],[1488297600000,44.1400],[1488384000000,44.0300],[1488470400000,45.9900],[1488729600000,43.4700],[1488816000000,43.1100],[1488902400000,43.2200],[1488988800000,43.8200],[1489075200000,44.9800],[1489334400000,43.2400],[1489420800000,43.6300],[1489507200000,43.8200],[1489593600000,43.0800],[1489680000000,44.2300],[1489939200000,41.5700],[1490025600000,42.1500],[1490112000000,42.3700],[1490198400000,42.0800],[1490284800000,43.0200],[1490544000000,41.3900],[1490630400000,41.1200],[1490716800000,41.5000],[1490803200000,41.2600],[1490889600000,40.8900],[1491321600000,41.0800],[1491408000000,41.6700],[1491494400000,43.5200],[1491753600000,44.4400],[1491840000000,45.7400],[1491926400000,47.0400],[1492012800000,47.5000],[1492099200000,49.1700],[1492358400000,51.0100],[1492444800000,52.3000],[1492531200000,53.9600],[1492617600000,55.2300],[1492704000000,57.0600],[1492963200000,61.4700],[1493049600000,61.9700],[1493136000000,62.6600],[1493222400000,64.6600],[1493308800000,66.4800],[1493654400000,67.0300],[1493740800000,67.8200],[1493827200000,68.5500],[1493913600000,68.3600],[1494172800000,71.2700],[1494259200000,71.8200],[1494345600000,73.0900],[1494432000000,74.3600],[1494518400000,74.00],[1494777600000,77.6200],[1494864000000,78.0600],[1494950400000,78.9300],[1495036800000,80.3600],[1495123200000,80.1800],[1495382400000,81.7900],[1495468800000,81.8500],[1495555200000,82.4500],[1495641600000,84.0400],[1495728000000,83.3300],[1496160000000,84.5700],[1496246400000,84.7500],[1496332800000,84.5700],[1496592000000,84.9800],[1496678400000,84.6300],[1496764800000,84.8100],[1496851200000,85.6900],[1496937600000,85.6900],[1497196800000,86.2400],[1497283200000,86.0600],[1497369600000,86.2600],[1497456000000,86.0900],[1497542400000,85.9100],[1497801600000,86.1400],[1497888000000,86.4800],[1497974400000,86.4300],[1498060800000,87.6500],[1498147200000,87.6700],[1498406400000,87.9100],[1498492800000,89.6400],[1498579200000,89.6400],[1498665600000,89.6400],[1498752000000,89.8600],[1499011200000,92.1000],[1499097600000,90.2100],[1499184000000,89.8800],[1499270400000,89.8800],[1499356800000,90.3900],[1499616000000,90.3900],[1499702400000,90.2200],[1499788800000,89.8800],[1499875200000,94.8500],[1499961600000,94.5400],[1500220800000,94.8800],[1500307200000,94.8800],[1500393600000,94.7400],[1500480000000,94.5700],[1500566400000,94.1000],[1500825600000,93.9300],[1500912000000,93.9300],[1500998400000,93.7700],[1501084800000,93.7700],[1501171200000,93.2700],[1501430400000,94.7800],[1501516800000,93.1000],[1501603200000,92.9300],[1501689600000,92.9300],[1501776000000,93.1000],[1502035200000,92.9500],[1502121600000,92.6200],[1502208000000,92.9500],[1502294400000,92.6200],[1502380800000,92.4500],[1502640000000,91.9500],[1502726400000,91.7800],[1502812800000,91.1100],[1502899200000,91.1100],[1502985600000,91.4400],[1503244800000,90.9500],[1503331200000,91.4600],[1503417600000,91.6200],[1503504000000,91.7800],[1503590400000,91.7800],[1503849600000,92.6700],[1503936000000,93.00],[1504022400000,90.5000],[1504108800000,90.8500],[1504195200000,90.3500],[1504454400000,90.5200],[1504540800000,90.0200],[1504627200000,90.8500],[1504713600000,91.0100],[1504800000000,90.0200],[1505059200000,90.0500],[1505145600000,90.0500],[1505232000000,89.8800],[1505318400000,89.4200],[1505404800000,90.0800],[1505664000000,89.6000],[1505750400000,89.2700],[1505836800000,89.7200],[1505923200000,89.7200],[1506009600000,89.0500],[1506268800000,88.2300],[1506355200000,88.8900],[1506441600000,86.7500],[1506528000000,86.5900],[1506614400000,86.8000],[1507478400000,86.1400],[1507564800000,86.4900],[1507651200000,86.9900],[1507737600000,87.0700],[1507824000000,79.5400],[1508083200000,79.9000],[1508169600000,80.5600],[1508256000000,80.5200],[1508342400000,80.0300],[1508428800000,80.3600],[1508688000000,80.5300],[1508774400000,81.8500],[1508860800000,81.7100],[1508947200000,81.5500],[1509033600000,82.3700],[1509292800000,82.9200],[1509379200000,83.2800],[1509465600000,83.7700],[1509552000000,84.3400],[1509638400000,83.9500],[1509897600000,84.5400],[1509984000000,83.7400],[1510070400000,83.7400],[1510156800000,83.6300],[1510243200000,83.9500],[1510502400000,83.8900],[1510588800000,83.9400],[1510675200000,84.0900],[1510761600000,83.6200],[1510848000000,83.4900],[1511107200000,82.3900],[1511193600000,82.2300],[1511280000000,81.6000],[1511366400000,81.2900],[1511452800000,81.3200],[1511712000000,80.4700],[1511798400000,80.6200],[1511884800000,79.5300],[1511971200000,79.1000],[1512057600000,79.4700],[1512316800000,78.2300],[1512403200000,78.6900],[1512489600000,77.1400],[1512576000000,76.7100],[1512662400000,77.1500],[1512921600000,76.2300],[1513008000000,75.0400],[1513094400000,74.8900],[1513180800000,74.3100],[1513267200000,74.0900],[1513526400000,74.0900],[1513612800000,74.3900],[1513699200000,74.3900],[1513785600000,74.2000],[1513872000000,74.6600],[1514131200000,74.6600],[1514217600000,72.8200],[1514304000000,73.0900],[1514390400000,73.7400],[1514476800000,71.4500],[1514822400000,61.5300],[1514908800000,65.0400],[1514995200000,67.6300],[1515081600000,69.0100],[1515340800000,61.2200],[1515427200000,61.9800],[1515513600000,59.6000],[1515600000000,60.1200],[1515686400000,58.1400],[1515945600000,55.5600],[1516032000000,55.5600],[1516118400000,55.5600],[1516204800000,55.8600],[1516291200000,56.3200],[1516550400000,60.7300],[1516636800000,63.6200],[1516723200000,62.8600],[1516809600000,63.0100],[1516896000000,63.6600],[1517155200000,62.6500],[1517241600000,61.2800],[1517328000000,60.5200],[1517414400000,59.9100],[1517500800000,60.0600],[1517760000000,59.3000],[1517846400000,58.9900]];
/*规模变动*/
var Data_fluctuationScale = {"categories":["2016-12-31","2017-03-31","2017-06-30","2017-09-30","2017-12-31"],"series":[{"y":3.78,"mom":"87.26%"},{"y":4.80,"mom":"26.97%"},{"y":23.32,"mom":"385.79%"},{"y":46.41,"mom":"98.96%"},{"y":52.07,"mom":"12.21%"}]};;
/*持有人结构*/
var Data_holderStructure = {"series":[{"name":"机构持有比例","data":[67.35,2.94]},{"name":"个人持有比例","data":[32.65,97.06]},{"name":"内部持有比例","data":[0.4017,0.6582]}],"categories":["2016-12-31","2017-06-30"]};
/*申购赎回*/
var Data_assetAllocation ={"series":[{"name":"期间申购","data":[7.01,44.48,92.23,102.43]},{"name":"期间赎回","data":[5.99,25.96,69.15,96.76]},{"name":"总份额","data":[4.80,23.32,46.41,52.07]}],"categories":["2017-03-31","2017-06-30","2017-09-30","2017-12-31"]};
/*现任基金经理*/
var Data_currentFundManager = [{"id":"30176370","pic":"https://pdf.dfcfw.com/pdf/H8_JPG30176370_1.jpg","name":"郑青","star":3,"workTime":"5年又224天","fundSize":"298.52亿(6只基金)","power":{"avr":"52.31","categories":["经验值","收益率","影响力","稳定性","管理规模"],"dsc":["反映基金经理从业年限和管理基金的经验","根据基金经理投资的阶段收益评分，反映\u003cbr\u003e基金经理投资的盈利能力","根据基金经理所管理基金的机构和个人投\u003cbr\u003e资者持有比例评分","反映基金经理投资收益的波动","根据基金经理现任管理基金资产规模评分"],"data":[88.70,43.20,30.30,58.10,54.50],"jzrq":"2018-02-06"},"profit":{"categories":["任期收益","同类平均"],"series":[{"data":[{"name":null,"color":"#7cb5ec","y":5.3082},{"name":null,"color":"#414c7b","y":5.01}]}],"jzrq":"2018-02-06"}}] ;
/*同类型基金涨幅榜（页面底部通栏）*/
var swithSameType = [['002895_华夏天利货币B_5.8750','002894_华夏天利货币A_5.6210','004398_融通现金宝货币B_5.3370','000902_国开货币B_5.3360','001478_泰康薪意保货币B_5.1400'],['002895_华夏天利货币B_5.26','004973_长城收益宝货币B_5.08','004904_人保货币B_5.05','002884_华润元大现金通货币B_5.01','002894_华夏天利货币A_5.01'],['004973_长城收益宝货币B_5.05','004770_海富通添益货币A_4.99','002884_华润元大现金通货币B_4.99','005151_红土创新优淳货币B_4.90','002895_华夏天利货币B_4.89'],['004770_海富通添益货币A_5.39','004973_长城收益宝货币B_5.13','002884_华润元大现金通货币B_5.03','002895_华夏天利货币B_5.03','004398_融通现金宝货币B_5.01'],['003679_中融现金增利货币C_4.67','003474_南方天天利货币B_4.55','000836_国投瑞银钱多宝货币A_4.52','000837_国投瑞银钱多宝货币I_4.52','003753_工银如意货币B_4.51']];