/**
 * 测试数据
 * @type {arry}
 */
/*2018-02-07 16:10:49*/
//基金或股票信息
var fS_name = "天弘现金管家货币E";
var fS_code = "002847";
var fund_minsg="100";
var ishb=true;
/*原费率*/
var fund_sourceRate="0";
/*现费率*/
var fund_Rate="0";
/*最小申购金额*/
var fund_minsg="100";
/*收益率*/
/*近一年收益率*/
var syl_1n="3.7425";
/*近6月收益率*/
var syl_6y="1.9156";
/*近三月收益率*/
var syl_3y="0.9605";
/*近一月收益率*/
var syl_1y="0.3146";
/* 基金收益走势图 每万份收益*/
var Data_millionCopiesIncome = [[1468857600000,0.5262],[1468944000000,0.4619],[1469030400000,0.5099],[1469116800000,0.4632],[1469289600000,0.9231],[1469376000000,1.8718],[1469462400000,0.5514],[1469548800000,0.4721],[1469635200000,0.448],[1469721600000,0.3585],[1469894400000,0.6791],[1469980800000,2.137],[1470067200000,0.4516],[1470153600000,0.3697],[1470240000000,0.4656],[1470326400000,0.4743],[1470499200000,0.9618],[1470585600000,2.1295],[1470672000000,0.4802],[1470758400000,0.4801],[1470844800000,0.4835],[1470931200000,0.4025],[1471104000000,0.9241],[1471190400000,2.4339],[1471276800000,0.494],[1471363200000,0.3885],[1471449600000,0.6726],[1471536000000,0.4544],[1471708800000,0.7152],[1471795200000,1.0277],[1471881600000,0.406],[1471968000000,0.3924],[1472054400000,0.4066],[1472140800000,0.4194],[1472313600000,0.8567],[1472400000000,1.2775],[1472486400000,0.2705],[1472572800000,0.3661],[1472659200000,0.3254],[1472745600000,0.3995],[1472918400000,0.8255],[1473004800000,1.3735],[1473091200000,0.4053],[1473177600000,0.4314],[1473264000000,0.4087],[1473350400000,0.4106],[1473523200000,0.8464],[1473609600000,1.6612],[1473696000000,0.4353],[1473782400000,0.4288],[1474128000000,2.2187],[1474214400000,0.595],[1474300800000,0.4997],[1474387200000,1.3977],[1474473600000,0.511],[1474560000000,0.5139],[1474732800000,1.0488],[1474819200000,0.5197],[1474905600000,0.5055],[1474992000000,0.5919],[1475078400000,1.0051],[1475164800000,0.5006],[1475942400000,4.45],[1476028800000,0.937],[1476115200000,0.4727],[1476201600000,0.3016],[1476288000000,0.4277],[1476374400000,0.4419],[1476547200000,0.8976],[1476633600000,1.4689],[1476720000000,0.4653],[1476806400000,0.4417],[1476892800000,0.4224],[1476979200000,0.4526],[1477152000000,0.9042],[1477238400000,1.5093],[1477324800000,0.4992],[1477411200000,0.4947],[1477497600000,0.4815],[1477584000000,0.5261],[1477756800000,1.0378],[1477843200000,1.4627],[1477929600000,0.491],[1478016000000,0.5182],[1478102400000,0.4483],[1478188800000,0.5087],[1478361600000,1.0165],[1478448000000,1.3882],[1478534400000,0.4778],[1478620800000,0.5244],[1478707200000,0.508],[1478793600000,0.5446],[1478966400000,1.0444],[1479052800000,1.3455],[1479139200000,0.4036],[1479225600000,0.4986],[1479312000000,0.4965],[1479398400000,0.557],[1479571200000,1.1102],[1479657600000,1.5132],[1479744000000,0.5876],[1479830400000,0.6129],[1479916800000,0.5979],[1480003200000,0.5402],[1480176000000,1.1608],[1480262400000,1.145],[1480348800000,0.6488],[1480435200000,0.6073],[1480521600000,0.5055],[1480608000000,0.5382],[1480780800000,0.9708],[1480867200000,1.1804],[1480953600000,0.5512],[1481040000000,0.5667],[1481126400000,0.5778],[1481212800000,0.598],[1481385600000,1.1799],[1481472000000,1.4347],[1481558400000,0.1883],[1481644800000,0.6514],[1481731200000,0.5698],[1481817600000,0.6322],[1481990400000,1.2692],[1482076800000,1.0857],[1482163200000,0.27],[1482249600000,1.5971],[1482336000000,0.7144],[1482422400000,0.7537],[1482595200000,1.5045],[1482681600000,0.7744],[1482768000000,0.5235],[1482854400000,0.8057],[1482940800000,0.9416],[1483027200000,0.9724],[1483113600000,0.9544],[1483286400000,1.9181],[1483372800000,0.959],[1483459200000,0.8874],[1483545600000,0.8601],[1483632000000,0.8629],[1483804800000,1.6776],[1483891200000,0.8345],[1483977600000,0.5458],[1484064000000,0.6592],[1484150400000,0.705],[1484236800000,0.7501],[1484409600000,1.4951],[1484496000000,0.6249],[1484582400000,0.7347],[1484668800000,0.8771],[1484755200000,1.075],[1484841600000,0.895],[1485014400000,1.7817],[1485100800000,0.9047],[1485187200000,0.8916],[1485273600000,0.89],[1485360000000,0.903],[1485964800000,6.2981],[1486051200000,0.8928],[1486224000000,1.7863],[1486310400000,0.9405],[1486396800000,0.9182],[1486483200000,1.0827],[1486569600000,0.8522],[1486656000000,0.8478],[1486828800000,1.6658],[1486915200000,0.8102],[1487001600000,0.8284],[1487088000000,0.861],[1487174400000,0.8751],[1487260800000,0.9218],[1487433600000,1.8418],[1487520000000,0.9236],[1487606400000,0.9528],[1487692800000,0.9613],[1487779200000,0.9846],[1487865600000,0.996],[1488038400000,1.9957],[1488124800000,0.9894],[1488211200000,0.9958],[1488297600000,1.0428],[1488384000000,1.0514],[1488470400000,0.9651],[1488643200000,1.8886],[1488729600000,0.9614],[1488816000000,0.9104],[1488902400000,0.8842],[1488988800000,0.8839],[1489075200000,0.8804],[1489248000000,1.759],[1489334400000,0.9114],[1489420800000,1.3106],[1489507200000,0.8818],[1489593600000,0.8966],[1489680000000,0.9156],[1489852800000,1.8321],[1489939200000,0.8901],[1490025600000,1.2332],[1490112000000,1.51],[1490198400000,1.0654],[1490284800000,0.9526],[1490457600000,1.9179],[1490544000000,0.9664],[1490630400000,0.9989],[1490716800000,1.0315],[1490803200000,1.0676],[1490889600000,1.3269],[1491235200000,4.1548],[1491321600000,1.1119],[1491408000000,1.0623],[1491494400000,1.0599],[1491667200000,1.9868],[1491753600000,0.9666],[1491840000000,0.9228],[1491926400000,0.877],[1492012800000,0.8299],[1492099200000,0.7969],[1492272000000,1.5699],[1492358400000,0.7869],[1492444800000,0.7806],[1492531200000,0.798],[1492617600000,1.0319],[1492704000000,0.9706],[1492876800000,1.8234],[1492963200000,1.0682],[1493049600000,0.9635],[1493136000000,0.9657],[1493222400000,1.1549],[1493308800000,1.0025],[1493568000000,3.0258],[1493654400000,1.2536],[1493740800000,0.961],[1493827200000,0.8679],[1493913600000,1.1317],[1494086400000,1.9428],[1494172800000,0.9585],[1494259200000,0.9553],[1494345600000,0.9383],[1494432000000,0.8147],[1494518400000,1.0659],[1494691200000,1.8073],[1494777600000,0.9179],[1494864000000,0.9091],[1494950400000,0.9094],[1495036800000,0.9129],[1495123200000,0.9047],[1495296000000,1.8033],[1495382400000,0.8924],[1495468800000,0.906],[1495555200000,0.9124],[1495641600000,1.0007],[1495728000000,0.9785],[1496073600000,3.9155],[1496160000000,1.2035],[1496246400000,0.9519],[1496332800000,1.0988],[1496505600000,1.9481],[1496592000000,0.9698],[1496678400000,1.2964],[1496764800000,1.0458],[1496851200000,1.04],[1496937600000,0.961],[1497110400000,1.9072],[1497196800000,1.0123],[1497283200000,0.9497],[1497369600000,0.9673],[1497456000000,0.9949],[1497542400000,1.1414],[1497715200000,1.9588],[1497801600000,0.9468],[1497888000000,1.4514],[1497974400000,0.995],[1498060800000,1.3672],[1498147200000,0.9665],[1498320000000,1.9218],[1498406400000,0.9532],[1498492800000,1.6079],[1498579200000,1.0212],[1498665600000,1.0002],[1498752000000,1.0387],[1498924800000,2.0577],[1499011200000,1.0353],[1499097600000,1.016],[1499184000000,0.974],[1499270400000,0.9869],[1499356800000,0.9943],[1499529600000,1.9933],[1499616000000,1.2161],[1499702400000,0.9823],[1499788800000,0.943],[1499875200000,0.9652],[1499961600000,0.9505],[1500134400000,1.8805],[1500220800000,0.9474],[1500307200000,0.9713],[1500393600000,0.9955],[1500480000000,0.9509],[1500566400000,0.9582],[1500739200000,1.9354],[1500825600000,0.9804],[1500912000000,0.9781],[1500998400000,0.9698],[1501084800000,0.9688],[1501171200000,0.9832],[1501344000000,1.9572],[1501430400000,1.0075],[1501516800000,0.9896],[1501603200000,0.9946],[1501689600000,0.9916],[1501776000000,0.9296],[1501948800000,1.854],[1502035200000,1.0366],[1502121600000,0.8969],[1502208000000,0.8861],[1502294400000,0.8858],[1502380800000,1.0485],[1502553600000,1.7376],[1502640000000,0.8722],[1502726400000,0.9524],[1502812800000,1.0401],[1502899200000,0.8959],[1502985600000,0.9029],[1503158400000,1.8173],[1503244800000,1.2716],[1503331200000,0.9211],[1503417600000,1.2013],[1503504000000,0.9262],[1503590400000,0.9218],[1503763200000,1.8099],[1503849600000,1.3602],[1503936000000,0.9543],[1504022400000,0.9716],[1504108800000,0.958],[1504195200000,1.5297],[1504368000000,1.9508],[1504454400000,1.6377],[1504540800000,1.0118],[1504627200000,0.9664],[1504713600000,0.9974],[1504800000000,0.888],[1504972800000,1.7471],[1505059200000,0.9546],[1505145600000,0.8901],[1505232000000,1.223],[1505318400000,1.1244],[1505404800000,1.0292],[1505577600000,1.8093],[1505664000000,1.3741],[1505750400000,0.9282],[1505836800000,0.9445],[1505923200000,0.9396],[1506009600000,1.5467],[1506182400000,1.8591],[1506268800000,1.1547],[1506355200000,1.0814],[1506441600000,0.986],[1506528000000,1.0886],[1506614400000,1.0878],[1507392000000,9.7114],[1507478400000,1.1395],[1507564800000,1.0712],[1507651200000,1.0698],[1507737600000,1.0126],[1507824000000,1.0039],[1507996800000,1.9764],[1508083200000,1.2268],[1508169600000,0.9026],[1508256000000,0.8159],[1508342400000,0.7618],[1508428800000,0.7144],[1508601600000,1.4551],[1508688000000,1.7445],[1508774400000,1.6823],[1508860800000,1.0146],[1508947200000,0.9975],[1509033600000,1.004],[1509206400000,2.0124],[1509292800000,1.0092],[1509379200000,0.9772],[1509465600000,1.0383],[1509552000000,0.9927],[1509638400000,0.9625],[1509811200000,1.9053],[1509897600000,0.9443],[1509984000000,0.991],[1510070400000,0.894],[1510156800000,0.8969],[1510243200000,0.9122],[1510416000000,1.8109],[1510502400000,1.0974],[1510588800000,0.9246],[1510675200000,0.9514],[1510761600000,0.9496],[1510848000000,1.0003],[1511020800000,1.9158],[1511107200000,0.9914],[1511193600000,0.9446],[1511280000000,0.9291],[1511366400000,0.9478],[1511452800000,1.4194],[1511625600000,1.8582],[1511712000000,0.95009999999999994],[1511798400000,0.9674],[1511884800000,0.9755],[1511971200000,0.9975],[1512057600000,1.0068],[1512230400000,1.9971],[1512316800000,0.9751],[1512403200000,1.009],[1512489600000,1.9679],[1512576000000,0.9666],[1512662400000,0.9719],[1512835200000,1.9216],[1512921600000,0.9725],[1513008000000,1.0233],[1513094400000,1.4464],[1513180800000,0.9902],[1513267200000,0.9976],[1513440000000,1.9816],[1513526400000,1.4293],[1513612800000,1.3423],[1513699200000,1.0643],[1513785600000,0.9898],[1513872000000,0.6062],[1514044800000,1.5965],[1514131200000,1.0824],[1514217600000,0.4427],[1514304000000,0.8204],[1514390400000,1.3432],[1514476800000,1.8912],[1514649600000,3.7418],[1514736000000,1.8687],[1514822400000,1.4597],[1514908800000,1.2013],[1514995200000,0.9635],[1515081600000,0.798],[1515254400000,1.5512],[1515340800000,0.7571],[1515427200000,1.0563],[1515513600000,0.7573],[1515600000000,0.9537],[1515686400000,0.7947],[1515859200000,1.6018],[1515945600000,0.8202],[1516032000000,0.7949],[1516118400000,1.1206],[1516204800000,0.9009],[1516291200000,1.3802],[1516464000000,1.7726],[1516550400000,0.9858],[1516636800000,0.8455],[1516723200000,0.8373],[1516809600000,1.2152],[1516896000000,0.8408],[1517068800000,1.6945],[1517155200000,2.0603],[1517241600000,0.9421],[1517328000000,0.9773],[1517414400000,0.9985],[1517500800000,0.963],[1517673600000,1.9473],[1517760000000,1.8696],[1517846400000,0.974]];
/*基金收益走势图   7日年化收益率*/
var Data_sevenDaysYearIncome = [[1468857600000,0.385],[1468944000000,0.603],[1469030400000,0.784],[1469116800000,1.028],[1469289600000,1.515],[1469376000000,2.511],[1469462400000,2.524],[1469548800000,2.53],[1469635200000,2.497],[1469721600000,2.441],[1469894400000,2.31],[1469980800000,2.452],[1470067200000,2.399],[1470153600000,2.344],[1470240000000,2.353],[1470326400000,2.415],[1470499200000,2.566],[1470585600000,2.562],[1470672000000,2.578],[1470758400000,2.637],[1470844800000,2.646],[1470931200000,2.608],[1471104000000,2.588],[1471190400000,2.751],[1471276800000,2.758],[1471363200000,2.709],[1471449600000,2.81],[1471536000000,2.838],[1471708800000,2.726],[1471795200000,1.976],[1471881600000,1.929],[1471968000000,1.931],[1472054400000,1.79],[1472140800000,1.771],[1472313600000,1.846],[1472400000000,1.979],[1472486400000,1.907],[1472572800000,1.893],[1472659200000,1.85],[1472745600000,1.839],[1472918400000,1.823],[1473004800000,1.874],[1473091200000,1.945],[1473177600000,1.98],[1473264000000,2.025],[1473350400000,2.03],[1473523200000,2.041],[1473609600000,2.195],[1473696000000,2.211],[1473782400000,2.209],[1474128000000,2.504],[1474214400000,1.936],[1474300800000,1.97],[1474387200000,2.487],[1474473600000,2.571],[1474560000000,2.648],[1474732800000,2.409],[1474819200000,2.369],[1474905600000,2.372],[1474992000000,1.943],[1475078400000,2.206],[1475164800000,2.199],[1475942400000,1.821],[1476028800000,2.056],[1476115200000,2.044],[1476201600000,1.942],[1476288000000,1.907],[1476374400000,1.879],[1476547200000,1.83],[1476633600000,2.113],[1476720000000,2.109],[1476806400000,2.184],[1476892800000,2.181],[1476979200000,2.187],[1477152000000,2.19],[1477238400000,2.212],[1477324800000,2.23],[1477411200000,2.258],[1477497600000,2.29],[1477584000000,2.329],[1477756800000,2.4],[1477843200000,2.375],[1477929600000,2.371],[1478016000000,2.383],[1478102400000,2.366],[1478188800000,2.356],[1478361600000,2.345],[1478448000000,2.305],[1478534400000,2.298],[1478620800000,2.301],[1478707200000,2.333],[1478793600000,2.352],[1478966400000,2.367],[1479052800000,2.345],[1479139200000,2.305],[1479225600000,2.291],[1479312000000,2.285],[1479398400000,2.292],[1479571200000,2.327],[1479657600000,2.416],[1479744000000,2.515],[1479830400000,2.576],[1479916800000,2.63],[1480003200000,2.621],[1480176000000,2.648],[1480262400000,2.451],[1480348800000,2.484],[1480435200000,2.481],[1480521600000,2.432],[1480608000000,2.43],[1480780800000,2.329],[1480867200000,2.348],[1480953600000,2.296],[1481040000000,2.274],[1481126400000,2.313],[1481212800000,2.345],[1481385600000,2.456],[1481472000000,2.592],[1481558400000,2.398],[1481644800000,2.444],[1481731200000,2.439],[1481817600000,2.458],[1481990400000,2.505],[1482076800000,2.319],[1482163200000,2.363],[1482249600000,2.868],[1482336000000,2.946],[1482422400000,3.011],[1482595200000,3.138],[1482681600000,2.97],[1482768000000,3.107],[1482854400000,2.682],[1482940800000,2.804],[1483027200000,2.921],[1483113600000,3.03],[1483286400000,3.24],[1483372800000,3.475],[1483459200000,3.519],[1483545600000,3.475],[1483632000000,3.416],[1483804800000,3.289],[1483891200000,3.222],[1483977600000,3.0],[1484064000000,2.877],[1484150400000,2.794],[1484236800000,2.734],[1484409600000,2.636],[1484496000000,2.524],[1484582400000,2.625],[1484668800000,2.741],[1484755200000,2.94],[1484841600000,3.018],[1485014400000,3.172],[1485100800000,3.322],[1485187200000,3.407],[1485273600000,3.414],[1485360000000,3.321],[1485964800000,3.338],[1486051200000,3.334],[1486224000000,3.327],[1486310400000,3.349],[1486396800000,3.359],[1486483200000,3.458],[1486569600000,3.432],[1486656000000,3.408],[1486828800000,3.343],[1486915200000,3.273],[1487001600000,3.225],[1487088000000,3.105],[1487174400000,3.118],[1487260800000,3.158],[1487433600000,3.252],[1487520000000,3.313],[1487606400000,3.38],[1487692800000,3.435],[1487779200000,3.494],[1487865600000,3.534],[1488038400000,3.617],[1488124800000,3.652],[1488211200000,3.676],[1488297600000,3.72],[1488384000000,3.756],[1488470400000,3.739],[1488643200000,3.681],[1488729600000,3.666],[1488816000000,3.62],[1488902400000,3.534],[1488988800000,3.444],[1489075200000,3.398],[1489248000000,3.328],[1489334400000,3.301],[1489420800000,3.517],[1489507200000,3.516],[1489593600000,3.523],[1489680000000,3.542],[1489852800000,3.581],[1489939200000,3.57],[1490025600000,3.528],[1490112000000,3.867],[1490198400000,3.959],[1490284800000,3.979],[1490457600000,4.025],[1490544000000,4.067],[1490630400000,3.94],[1490716800000,3.681],[1490803200000,3.682],[1490889600000,3.885],[1491235200000,4.032],[1491321600000,4.075],[1491408000000,4.072],[1491494400000,3.928],[1491667200000,3.879],[1491753600000,3.84],[1491840000000,3.777],[1491926400000,3.65],[1492012800000,3.524],[1492099200000,3.382],[1492272000000,3.158],[1492358400000,3.061],[1492444800000,2.985],[1492531200000,2.943],[1492617600000,3.051],[1492704000000,3.144],[1492876800000,3.281],[1492963200000,3.432],[1493049600000,3.531],[1493136000000,3.622],[1493222400000,3.688],[1493308800000,3.705],[1493568000000,3.778],[1493654400000,3.935],[1493740800000,3.933],[1493827200000,3.777],[1493913600000,3.847],[1494086400000,3.807],[1494172800000,3.78],[1494259200000,3.618],[1494345600000,3.606],[1494432000000,3.577],[1494518400000,3.542],[1494691200000,3.469],[1494777600000,3.447],[1494864000000,3.422],[1494950400000,3.406],[1495036800000,3.459],[1495123200000,3.372],[1495296000000,3.37],[1495382400000,3.357],[1495468800000,3.355],[1495555200000,3.356],[1495641600000,3.404],[1495728000000,3.444],[1496073600000,3.613],[1496160000000,3.77],[1496246400000,3.744],[1496332800000,3.809],[1496505600000,3.802],[1496592000000,3.798],[1496678400000,3.971],[1496764800000,3.885],[1496851200000,3.933],[1496937600000,3.859],[1497110400000,3.836],[1497196800000,3.859],[1497283200000,3.672],[1497369600000,3.629],[1497456000000,3.605],[1497542400000,3.703],[1497715200000,3.73],[1497801600000,3.695],[1497888000000,3.967],[1497974400000,3.982],[1498060800000,4.184],[1498147200000,4.089],[1498320000000,4.069],[1498406400000,4.072],[1498492800000,4.157],[1498579200000,4.171],[1498665600000,3.972],[1498752000000,4.011],[1498924800000,4.085],[1499011200000,4.13],[1499097600000,3.809],[1499184000000,3.783],[1499270400000,3.776],[1499356800000,3.752],[1499529600000,3.717],[1499616000000,3.815],[1499702400000,3.797],[1499788800000,3.78],[1499875200000,3.768],[1499961600000,3.744],[1500134400000,3.684],[1500220800000,3.538],[1500307200000,3.532],[1500393600000,3.561],[1500480000000,3.553],[1500566400000,3.557],[1500739200000,3.587],[1500825600000,3.605],[1500912000000,3.608],[1500998400000,3.594],[1501084800000,3.604],[1501171200000,3.618],[1501344000000,3.629],[1501430400000,3.644],[1501516800000,3.65],[1501603200000,3.664],[1501689600000,3.676],[1501776000000,3.647],[1501948800000,3.591],[1502035200000,3.607],[1502121600000,3.557],[1502208000000,3.498],[1502294400000,3.441],[1502380800000,3.505],[1502553600000,3.443],[1502640000000,3.354],[1502726400000,3.384],[1502812800000,3.467],[1502899200000,3.472],[1502985600000,3.394],[1503158400000,3.437],[1503244800000,3.652],[1503331200000,3.636],[1503417600000,3.723],[1503504000000,3.739],[1503590400000,3.749],[1503763200000,3.745],[1503849600000,3.793],[1503936000000,3.811],[1504022400000,3.687],[1504108800000,3.704],[1504195200000,4.033],[1504368000000,4.11],[1504454400000,4.261],[1504540800000,4.292],[1504627200000,4.289],[1504713600000,4.31],[1504800000000,3.962],[1504972800000,3.852],[1505059200000,3.482],[1505145600000,3.417],[1505232000000,3.555],[1505318400000,3.624],[1505404800000,3.7],[1505577600000,3.734],[1505664000000,3.961],[1505750400000,3.982],[1505836800000,3.831],[1505923200000,3.731],[1506009600000,4.011],[1506182400000,4.038],[1506268800000,3.919],[1506355200000,4.002],[1506441600000,4.025],[1506528000000,4.105],[1506614400000,3.857],[1507392000000,4.016],[1507478400000,4.049],[1507564800000,4.045],[1507651200000,4.04],[1507737600000,4.004],[1507824000000,3.963],[1507996800000,3.865],[1508083200000,3.913],[1508169600000,3.821],[1508256000000,3.684],[1508342400000,3.548],[1508428800000,3.392],[1508601600000,3.112],[1508688000000,3.39],[1508774400000,3.811],[1508860800000,3.919],[1508947200000,4.047],[1509033600000,4.204],[1509206400000,4.507],[1509292800000,4.107],[1509379200000,3.725],[1509465600000,3.738],[1509552000000,3.736],[1509638400000,3.713],[1509811200000,3.655],[1509897600000,3.62],[1509984000000,3.628],[1510070400000,3.55],[1510156800000,3.498],[1510243200000,3.471],[1510416000000,3.42],[1510502400000,3.502],[1510588800000,3.467],[1510675200000,3.498],[1510761600000,3.526],[1510848000000,3.574],[1511020800000,3.63],[1511107200000,3.573],[1511193600000,3.584],[1511280000000,3.572],[1511366400000,3.571],[1511452800000,3.797],[1511625600000,3.766],[1511712000000,3.744],[1511798400000,3.756],[1511884800000,3.781],[1511971200000,3.808],[1512057600000,3.585],[1512230400000,3.66],[1512316800000,3.674],[1512403200000,3.696],[1512489600000,4.234],[1512576000000,4.217],[1512662400000,4.198],[1512835200000,4.157],[1512921600000,4.156],[1513008000000,4.164],[1513094400000,3.881],[1513180800000,3.894],[1513267200000,3.908],[1513440000000,3.94],[1513526400000,4.188],[1513612800000,4.361],[1513699200000,4.154],[1513785600000,4.153],[1513872000000,3.941],[1514044800000,3.733],[1514131200000,3.545],[1514217600000,3.061],[1514304000000,2.93],[1514390400000,3.119],[1514476800000,3.813],[1514649600000,4.98],[1514736000000,5.412],[1514822400000,5.972],[1514908800000,6.183],[1514995200000,5.973],[1515081600000,5.37],[1515254400000,4.174],[1515340800000,3.572],[1515427200000,3.354],[1515513600000,3.115],[1515600000000,3.11],[1515686400000,3.108],[1515859200000,3.135],[1515945600000,3.169],[1516032000000,3.029],[1516118400000,3.224],[1516204800000,3.196],[1516291200000,3.511],[1516464000000,3.603],[1516550400000,3.693],[1516636800000,3.72],[1516723200000,3.567],[1516809600000,3.737],[1516896000000,3.446],[1517068800000,3.404],[1517155200000,3.984],[1517241600000,4.037],[1517328000000,4.113],[1517414400000,3.995],[1517500800000,4.062],[1517673600000,4.199],[1517760000000,4.095],[1517846400000,4.113]];
/*资产配置*/
var Data_assetAllocationCurrency ={"categories":["12-31","09-30","06-30","03-31"],"series":[{"name":"股票","data":[null,null,null,null]},{"name":"债券","data":[47.79,56.9,48.93,51.99]},{"name":"现金","data":[26.63,25.56,36.34,36.38]}]};
/*累计收益率走势*/
var Data_grandTotal = [{"name":"天弘现金管家货币E","data":[[1501948800000,0],[1502035200000,0.01],[1502121600000,0.02],[1502208000000,0.03],[1502294400000,0.04],[1502380800000,0.05],[1502553600000,0.06],[1502640000000,0.07],[1502726400000,0.08],[1502812800000,0.09],[1502899200000,0.10],[1502985600000,0.11],[1503158400000,0.13],[1503244800000,0.14],[1503331200000,0.15],[1503417600000,0.16],[1503504000000,0.17],[1503590400000,0.18],[1503763200000,0.20],[1503849600000,0.21],[1503936000000,0.22],[1504022400000,0.23],[1504108800000,0.24],[1504195200000,0.26],[1504368000000,0.28],[1504454400000,0.29],[1504540800000,0.30],[1504627200000,0.31],[1504713600000,0.32],[1504800000000,0.33],[1504972800000,0.35],[1505059200000,0.36],[1505145600000,0.37],[1505232000000,0.38],[1505318400000,0.39],[1505404800000,0.40],[1505577600000,0.42],[1505664000000,0.43],[1505750400000,0.44],[1505836800000,0.45],[1505923200000,0.46],[1506009600000,0.48],[1506182400000,0.50],[1506268800000,0.51],[1506355200000,0.52],[1506441600000,0.53],[1506528000000,0.54],[1506614400000,0.55],[1507392000000,0.65],[1507478400000,0.66],[1507564800000,0.67],[1507651200000,0.68],[1507737600000,0.69],[1507824000000,0.70],[1507996800000,0.72],[1508083200000,0.73],[1508169600000,0.74],[1508256000000,0.75],[1508342400000,0.76],[1508428800000,0.77],[1508601600000,0.78],[1508688000000,0.80],[1508774400000,0.82],[1508860800000,0.83],[1508947200000,0.84],[1509033600000,0.85],[1509206400000,0.87],[1509292800000,0.88],[1509379200000,0.89],[1509465600000,0.90],[1509552000000,0.91],[1509638400000,0.92],[1509811200000,0.94],[1509897600000,0.95],[1509984000000,0.96],[1510070400000,0.96],[1510156800000,0.97],[1510243200000,0.98],[1510416000000,1.00],[1510502400000,1.01],[1510588800000,1.02],[1510675200000,1.03],[1510761600000,1.04],[1510848000000,1.05],[1511020800000,1.07],[1511107200000,1.08],[1511193600000,1.09],[1511280000000,1.10],[1511366400000,1.11],[1511452800000,1.12],[1511625600000,1.14],[1511712000000,1.15],[1511798400000,1.16],[1511884800000,1.17],[1511971200000,1.18],[1512057600000,1.19],[1512230400000,1.21],[1512316800000,1.22],[1512403200000,1.23],[1512489600000,1.25],[1512576000000,1.26],[1512662400000,1.27],[1512835200000,1.29],[1512921600000,1.30],[1513008000000,1.31],[1513094400000,1.33],[1513180800000,1.34],[1513267200000,1.35],[1513440000000,1.37],[1513526400000,1.38],[1513612800000,1.39],[1513699200000,1.41],[1513785600000,1.42],[1513872000000,1.42],[1514044800000,1.44],[1514131200000,1.45],[1514217600000,1.45],[1514304000000,1.46],[1514390400000,1.47],[1514476800000,1.49],[1514649600000,1.53],[1514736000000,1.55],[1514822400000,1.57],[1514908800000,1.58],[1514995200000,1.59],[1515081600000,1.60],[1515254400000,1.61],[1515340800000,1.62],[1515427200000,1.63],[1515513600000,1.64],[1515600000000,1.65],[1515686400000,1.66],[1515859200000,1.67],[1515945600000,1.68],[1516032000000,1.69],[1516118400000,1.70],[1516204800000,1.71],[1516291200000,1.72],[1516464000000,1.74],[1516550400000,1.75],[1516636800000,1.76],[1516723200000,1.77],[1516809600000,1.78],[1516896000000,1.79],[1517068800000,1.81],[1517155200000,1.83],[1517241600000,1.84],[1517328000000,1.85],[1517414400000,1.86],[1517500800000,1.87],[1517673600000,1.89],[1517760000000,1.91],[1517846400000,1.92]]},{"name":"同类平均","data":[[1502035200000,0],[1502121600000,0.01],[1502208000000,0.02],[1502294400000,0.03],[1502380800000,0.04],[1502640000000,0.07],[1502726400000,0.08],[1502812800000,0.09],[1502899200000,0.10],[1502985600000,0.11],[1503244800000,0.14],[1503331200000,0.16],[1503417600000,0.17],[1503504000000,0.18],[1503590400000,0.19],[1503849600000,0.22],[1503936000000,0.23],[1504022400000,0.24],[1504108800000,0.25],[1504195200000,0.26],[1504454400000,0.29],[1504540800000,0.30],[1504627200000,0.31],[1504713600000,0.32],[1504800000000,0.34],[1505059200000,0.37],[1505145600000,0.38],[1505232000000,0.39],[1505318400000,0.40],[1505404800000,0.41],[1505664000000,0.44],[1505750400000,0.45],[1505836800000,0.46],[1505923200000,0.47],[1506009600000,0.48],[1506268800000,0.52],[1506355200000,0.53],[1506441600000,0.54],[1506528000000,0.55],[1506614400000,0.56],[1507478400000,0.67],[1507564800000,0.68],[1507651200000,0.69],[1507737600000,0.71],[1507824000000,0.72],[1508083200000,0.75],[1508169600000,0.76],[1508256000000,0.77],[1508342400000,0.78],[1508428800000,0.79],[1508688000000,0.82],[1508774400000,0.83],[1508860800000,0.84],[1508947200000,0.85],[1509033600000,0.86],[1509292800000,0.90],[1509379200000,0.91],[1509465600000,0.92],[1509552000000,0.93],[1509638400000,0.94],[1509897600000,0.97],[1509984000000,0.98],[1510070400000,0.99],[1510156800000,1.00],[1510243200000,1.01],[1510502400000,1.04],[1510588800000,1.06],[1510675200000,1.07],[1510761600000,1.08],[1510848000000,1.09],[1511107200000,1.12],[1511193600000,1.13],[1511280000000,1.14],[1511366400000,1.15],[1511452800000,1.16],[1511712000000,1.20],[1511798400000,1.21],[1511884800000,1.22],[1511971200000,1.23],[1512057600000,1.24],[1512316800000,1.28],[1512403200000,1.29],[1512489600000,1.30],[1512576000000,1.31],[1512662400000,1.32],[1512921600000,1.35],[1513008000000,1.36],[1513094400000,1.38],[1513180800000,1.39],[1513267200000,1.40],[1513526400000,1.43],[1513612800000,1.44],[1513699200000,1.46],[1513785600000,1.47],[1513872000000,1.48],[1514131200000,1.51],[1514217600000,1.53],[1514304000000,1.54],[1514390400000,1.55],[1514476800000,1.57],[1514822400000,1.62],[1514908800000,1.64],[1514995200000,1.65],[1515081600000,1.66],[1515340800000,1.69],[1515427200000,1.71],[1515513600000,1.72],[1515600000000,1.73],[1515686400000,1.74],[1515945600000,1.77],[1516032000000,1.79],[1516118400000,1.80],[1516204800000,1.81],[1516291200000,1.82],[1516550400000,1.86],[1516636800000,1.87],[1516723200000,1.88],[1516809600000,1.89],[1516896000000,1.90],[1517155200000,1.94],[1517241600000,1.95],[1517328000000,1.96],[1517414400000,1.97],[1517500800000,1.98],[1517760000000,2.02],[1517846400000,2.03]]},{"name":"沪深300","data":[[1502035200000,0],[1502121600000,0.15],[1502208000000,0.11],[1502294400000,-0.29],[1502380800000,-2.13],[1502640000000,-0.86],[1502726400000,-0.56],[1502812800000,-0.68],[1502899200000,-0.15],[1502985600000,-0.06],[1503244800000,0.38],[1503331200000,0.68],[1503417600000,0.79],[1503504000000,0.21],[1503590400000,1.85],[1503849600000,3.11],[1503936000000,2.89],[1504022400000,2.88],[1504108800000,2.56],[1504195200000,2.78],[1504454400000,3.19],[1504540800000,3.50],[1504627200000,3.29],[1504713600000,2.77],[1504800000000,2.66],[1505059200000,2.65],[1505145600000,2.98],[1505232000000,3.11],[1505318400000,2.77],[1505404800000,2.80],[1505664000000,3.12],[1505750400000,2.83],[1505836800000,3.10],[1505923200000,2.98],[1506009600000,2.98],[1506268800000,2.44],[1506355200000,2.52],[1506441600000,2.53],[1506528000000,2.57],[1506614400000,2.94],[1507478400000,4.17],[1507564800000,4.38],[1507651200000,4.72],[1507737600000,5.00],[1507824000000,5.21],[1508083200000,5.01],[1508169600000,5.00],[1508256000000,5.83],[1508342400000,5.49],[1508428800000,5.37],[1508688000000,5.47],[1508774400000,6.24],[1508860800000,6.71],[1508947200000,7.16],[1509033600000,7.92],[1509292800000,7.59],[1509379200000,7.51],[1509465600000,7.24],[1509552000000,7.25],[1509638400000,7.13],[1509897600000,7.89],[1509984000000,8.79],[1510070400000,8.62],[1510156800000,9.37],[1510243200000,10.33],[1510502400000,10.77],[1510588800000,10.00],[1510675200000,9.31],[1510761600000,10.15],[1510848000000,10.57],[1511107200000,11.19],[1511193600000,13.17],[1511280000000,13.44],[1511366400000,10.08],[1511452800000,10.13],[1511712000000,8.67],[1511798400000,8.83],[1511884800000,8.77],[1511971200000,7.49],[1512057600000,7.28],[1512316800000,7.84],[1512403200000,8.41],[1512489600000,7.76],[1512576000000,6.55],[1512662400000,7.42],[1512921600000,9.20],[1513008000000,7.76],[1513094400000,8.67],[1513180800000,8.03],[1513267200000,6.82],[1513526400000,6.94],[1513612800000,8.28],[1513699200000,8.15],[1513785600000,9.15],[1513872000000,8.80],[1514131200000,8.45],[1514217600000,8.77],[1514304000000,7.09],[1514390400000,7.84],[1514476800000,8.16],[1514822400000,9.68],[1514908800000,10.32],[1514995200000,10.79],[1515081600000,11.05],[1515340800000,11.63],[1515427200000,12.41],[1515513600000,12.91],[1515600000000,12.85],[1515686400000,13.37],[1515945600000,13.37],[1516032000000,14.27],[1516118400000,13.99],[1516204800000,14.61],[1516291200000,14.99],[1516550400000,16.36],[1516636800000,17.60],[1516723200000,17.79],[1516809600000,17.13],[1516896000000,17.56],[1517155200000,15.43],[1517241600000,14.20],[1517328000000,14.73],[1517414400000,13.93],[1517500800000,14.61],[1517760000000,14.69],[1517846400000,11.33]]}];
/*同类排名*/
var Data_rateInSimilarType = [{"x":1476806400000,"y":384,"sc":"437"},{"x":1476892800000,"y":385,"sc":"437"},{"x":1476979200000,"y":386,"sc":"437"},{"x":1477238400000,"y":376,"sc":"440"},{"x":1477324800000,"y":390,"sc":"440"},{"x":1477411200000,"y":391,"sc":"441"},{"x":1477497600000,"y":391,"sc":"441"},{"x":1477584000000,"y":393,"sc":"445"},{"x":1477843200000,"y":382,"sc":"447"},{"x":1477929600000,"y":394,"sc":"447"},{"x":1478016000000,"y":394,"sc":"447"},{"x":1478102400000,"y":394,"sc":"447"},{"x":1478188800000,"y":395,"sc":"448"},{"x":1478448000000,"y":391,"sc":"450"},{"x":1478534400000,"y":397,"sc":"450"},{"x":1478620800000,"y":398,"sc":"450"},{"x":1478707200000,"y":398,"sc":"450"},{"x":1478793600000,"y":397,"sc":"450"},{"x":1479052800000,"y":393,"sc":"450"},{"x":1479139200000,"y":405,"sc":"450"},{"x":1479225600000,"y":405,"sc":"450"},{"x":1479312000000,"y":405,"sc":"450"},{"x":1479398400000,"y":405,"sc":"450"},{"x":1479657600000,"y":397,"sc":"451"},{"x":1479744000000,"y":401,"sc":"451"},{"x":1479830400000,"y":400,"sc":"451"},{"x":1479916800000,"y":399,"sc":"451"},{"x":1480003200000,"y":397,"sc":"451"},{"x":1480262400000,"y":392,"sc":"451"},{"x":1480348800000,"y":396,"sc":"452"},{"x":1480435200000,"y":392,"sc":"452"},{"x":1480521600000,"y":391,"sc":"452"},{"x":1480608000000,"y":394,"sc":"455"},{"x":1480867200000,"y":397,"sc":"455"},{"x":1480953600000,"y":396,"sc":"455"},{"x":1481040000000,"y":395,"sc":"455"},{"x":1481126400000,"y":390,"sc":"455"},{"x":1481212800000,"y":387,"sc":"456"},{"x":1481472000000,"y":389,"sc":"457"},{"x":1481558400000,"y":395,"sc":"458"},{"x":1481644800000,"y":386,"sc":"458"},{"x":1481731200000,"y":382,"sc":"458"},{"x":1481817600000,"y":374,"sc":"458"},{"x":1482076800000,"y":379,"sc":"458"},{"x":1482163200000,"y":379,"sc":"458"},{"x":1482249600000,"y":376,"sc":"458"},{"x":1482336000000,"y":371,"sc":"459"},{"x":1482422400000,"y":373,"sc":"463"},{"x":1482681600000,"y":364,"sc":"464"},{"x":1482768000000,"y":364,"sc":"464"},{"x":1482854400000,"y":363,"sc":"466"},{"x":1482940800000,"y":368,"sc":"466"},{"x":1483027200000,"y":364,"sc":"469"},{"x":1483372800000,"y":345,"sc":"469"},{"x":1483459200000,"y":336,"sc":"468"},{"x":1483545600000,"y":324,"sc":"469"},{"x":1483632000000,"y":317,"sc":"469"},{"x":1483891200000,"y":322,"sc":"469"},{"x":1483977600000,"y":324,"sc":"469"},{"x":1484064000000,"y":325,"sc":"469"},{"x":1484150400000,"y":310,"sc":"469"},{"x":1484236800000,"y":308,"sc":"469"},{"x":1484496000000,"y":304,"sc":"472"},{"x":1484582400000,"y":323,"sc":"474"},{"x":1484668800000,"y":314,"sc":"476"},{"x":1484755200000,"y":307,"sc":"476"},{"x":1484841600000,"y":302,"sc":"476"},{"x":1485100800000,"y":296,"sc":"481"},{"x":1485187200000,"y":313,"sc":"482"},{"x":1485273600000,"y":313,"sc":"484"},{"x":1485360000000,"y":307,"sc":"485"},{"x":1486051200000,"y":295,"sc":"489"},{"x":1486310400000,"y":284,"sc":"491"},{"x":1486396800000,"y":298,"sc":"491"},{"x":1486483200000,"y":291,"sc":"491"},{"x":1486569600000,"y":290,"sc":"491"},{"x":1486656000000,"y":282,"sc":"494"},{"x":1486915200000,"y":273,"sc":"496"},{"x":1487001600000,"y":291,"sc":"496"},{"x":1487088000000,"y":281,"sc":"496"},{"x":1487174400000,"y":279,"sc":"496"},{"x":1487260800000,"y":278,"sc":"496"},{"x":1487520000000,"y":270,"sc":"496"},{"x":1487606400000,"y":291,"sc":"496"},{"x":1487692800000,"y":284,"sc":"496"},{"x":1487779200000,"y":284,"sc":"498"},{"x":1487865600000,"y":286,"sc":"500"},{"x":1488124800000,"y":281,"sc":"503"},{"x":1488211200000,"y":289,"sc":"503"},{"x":1488297600000,"y":280,"sc":"503"},{"x":1488384000000,"y":275,"sc":"511"},{"x":1488470400000,"y":270,"sc":"511"},{"x":1488729600000,"y":278,"sc":"513"},{"x":1488816000000,"y":278,"sc":"515"},{"x":1488902400000,"y":280,"sc":"516"},{"x":1488988800000,"y":283,"sc":"518"},{"x":1489075200000,"y":278,"sc":"518"},{"x":1489334400000,"y":286,"sc":"518"},{"x":1489420800000,"y":280,"sc":"518"},{"x":1489507200000,"y":282,"sc":"518"},{"x":1489593600000,"y":280,"sc":"520"},{"x":1489680000000,"y":270,"sc":"520"},{"x":1489939200000,"y":280,"sc":"522"},{"x":1490025600000,"y":290,"sc":"522"},{"x":1490112000000,"y":284,"sc":"524"},{"x":1490198400000,"y":286,"sc":"530"},{"x":1490284800000,"y":284,"sc":"530"},{"x":1490544000000,"y":285,"sc":"534"},{"x":1490630400000,"y":285,"sc":"535"},{"x":1490716800000,"y":288,"sc":"535"},{"x":1490803200000,"y":291,"sc":"538"},{"x":1490889600000,"y":289,"sc":"538"},{"x":1491321600000,"y":293,"sc":"538"},{"x":1491408000000,"y":297,"sc":"540"},{"x":1491494400000,"y":294,"sc":"540"},{"x":1491753600000,"y":296,"sc":"540"},{"x":1491840000000,"y":295,"sc":"540"},{"x":1491926400000,"y":296,"sc":"540"},{"x":1492012800000,"y":298,"sc":"541"},{"x":1492099200000,"y":302,"sc":"541"},{"x":1492358400000,"y":307,"sc":"543"},{"x":1492444800000,"y":309,"sc":"543"},{"x":1492531200000,"y":314,"sc":"543"},{"x":1492617600000,"y":311,"sc":"545"},{"x":1492704000000,"y":307,"sc":"545"},{"x":1492963200000,"y":313,"sc":"545"},{"x":1493049600000,"y":312,"sc":"547"},{"x":1493136000000,"y":309,"sc":"549"},{"x":1493222400000,"y":304,"sc":"549"},{"x":1493308800000,"y":305,"sc":"549"},{"x":1493654400000,"y":313,"sc":"549"},{"x":1493740800000,"y":310,"sc":"550"},{"x":1493827200000,"y":308,"sc":"550"},{"x":1493913600000,"y":310,"sc":"550"},{"x":1494172800000,"y":319,"sc":"550"},{"x":1494259200000,"y":318,"sc":"550"},{"x":1494345600000,"y":317,"sc":"550"},{"x":1494432000000,"y":316,"sc":"550"},{"x":1494518400000,"y":316,"sc":"550"},{"x":1494777600000,"y":318,"sc":"554"},{"x":1494864000000,"y":319,"sc":"556"},{"x":1494950400000,"y":330,"sc":"560"},{"x":1495036800000,"y":327,"sc":"560"},{"x":1495123200000,"y":334,"sc":"560"},{"x":1495382400000,"y":345,"sc":"560"},{"x":1495468800000,"y":351,"sc":"562"},{"x":1495555200000,"y":357,"sc":"564"},{"x":1495641600000,"y":351,"sc":"564"},{"x":1495728000000,"y":365,"sc":"564"},{"x":1496160000000,"y":360,"sc":"564"},{"x":1496246400000,"y":364,"sc":"564"},{"x":1496332800000,"y":366,"sc":"564"},{"x":1496592000000,"y":377,"sc":"566"},{"x":1496678400000,"y":368,"sc":"566"},{"x":1496764800000,"y":366,"sc":"566"},{"x":1496851200000,"y":365,"sc":"566"},{"x":1496937600000,"y":365,"sc":"566"},{"x":1497196800000,"y":381,"sc":"574"},{"x":1497283200000,"y":384,"sc":"574"},{"x":1497369600000,"y":390,"sc":"575"},{"x":1497456000000,"y":390,"sc":"575"},{"x":1497542400000,"y":388,"sc":"575"},{"x":1497801600000,"y":397,"sc":"577"},{"x":1497888000000,"y":387,"sc":"577"},{"x":1497974400000,"y":393,"sc":"575"},{"x":1498060800000,"y":407,"sc":"575"},{"x":1498147200000,"y":411,"sc":"576"},{"x":1498406400000,"y":422,"sc":"579"},{"x":1498492800000,"y":415,"sc":"579"},{"x":1498579200000,"y":419,"sc":"579"},{"x":1498665600000,"y":420,"sc":"579"},{"x":1498752000000,"y":423,"sc":"582"},{"x":1499011200000,"y":407,"sc":"582"},{"x":1499097600000,"y":426,"sc":"582"},{"x":1499184000000,"y":432,"sc":"583"},{"x":1499270400000,"y":435,"sc":"583"},{"x":1499356800000,"y":437,"sc":"583"},{"x":1499616000000,"y":433,"sc":"583"},{"x":1499702400000,"y":434,"sc":"583"},{"x":1499788800000,"y":430,"sc":"583"},{"x":1499875200000,"y":430,"sc":"583"},{"x":1499961600000,"y":430,"sc":"586"},{"x":1500220800000,"y":428,"sc":"586"},{"x":1500307200000,"y":428,"sc":"586"},{"x":1500393600000,"y":432,"sc":"589"},{"x":1500480000000,"y":435,"sc":"589"},{"x":1500566400000,"y":437,"sc":"593"},{"x":1500825600000,"y":445,"sc":"593"},{"x":1500912000000,"y":450,"sc":"593"},{"x":1500998400000,"y":454,"sc":"594"},{"x":1501084800000,"y":459,"sc":"594"},{"x":1501171200000,"y":458,"sc":"594"},{"x":1501430400000,"y":454,"sc":"594"},{"x":1501516800000,"y":465,"sc":"594"},{"x":1501603200000,"y":471,"sc":"594"},{"x":1501689600000,"y":473,"sc":"594"},{"x":1501776000000,"y":472,"sc":"594"},{"x":1502035200000,"y":479,"sc":"596"},{"x":1502121600000,"y":480,"sc":"596"},{"x":1502208000000,"y":481,"sc":"596"},{"x":1502294400000,"y":481,"sc":"596"},{"x":1502380800000,"y":482,"sc":"596"},{"x":1502640000000,"y":482,"sc":"596"},{"x":1502726400000,"y":483,"sc":"596"},{"x":1502812800000,"y":483,"sc":"596"},{"x":1502899200000,"y":485,"sc":"596"},{"x":1502985600000,"y":486,"sc":"596"},{"x":1503244800000,"y":482,"sc":"597"},{"x":1503331200000,"y":483,"sc":"597"},{"x":1503417600000,"y":479,"sc":"597"},{"x":1503504000000,"y":479,"sc":"596"},{"x":1503590400000,"y":482,"sc":"596"},{"x":1503849600000,"y":476,"sc":"600"},{"x":1503936000000,"y":474,"sc":"600"},{"x":1504022400000,"y":487,"sc":"600"},{"x":1504108800000,"y":491,"sc":"601"},{"x":1504195200000,"y":483,"sc":"601"},{"x":1504454400000,"y":485,"sc":"601"},{"x":1504540800000,"y":485,"sc":"601"},{"x":1504627200000,"y":489,"sc":"601"},{"x":1504713600000,"y":491,"sc":"601"},{"x":1504800000000,"y":493,"sc":"601"},{"x":1505059200000,"y":501,"sc":"603"},{"x":1505145600000,"y":504,"sc":"603"},{"x":1505232000000,"y":501,"sc":"603"},{"x":1505318400000,"y":496,"sc":"605"},{"x":1505404800000,"y":499,"sc":"605"},{"x":1505664000000,"y":498,"sc":"606"},{"x":1505750400000,"y":503,"sc":"606"},{"x":1505836800000,"y":513,"sc":"603"},{"x":1505923200000,"y":514,"sc":"603"},{"x":1506009600000,"y":512,"sc":"603"},{"x":1506268800000,"y":508,"sc":"603"},{"x":1506355200000,"y":505,"sc":"603"},{"x":1506441600000,"y":513,"sc":"604"},{"x":1506528000000,"y":513,"sc":"604"},{"x":1506614400000,"y":510,"sc":"606"},{"x":1507478400000,"y":504,"sc":"606"},{"x":1507564800000,"y":508,"sc":"607"},{"x":1507651200000,"y":508,"sc":"607"},{"x":1507737600000,"y":511,"sc":"611"},{"x":1507824000000,"y":509,"sc":"611"},{"x":1508083200000,"y":508,"sc":"612"},{"x":1508169600000,"y":509,"sc":"612"},{"x":1508256000000,"y":511,"sc":"611"},{"x":1508342400000,"y":510,"sc":"611"},{"x":1508428800000,"y":515,"sc":"611"},{"x":1508688000000,"y":512,"sc":"606"},{"x":1508774400000,"y":498,"sc":"606"},{"x":1508860800000,"y":500,"sc":"607"},{"x":1508947200000,"y":501,"sc":"607"},{"x":1509033600000,"y":499,"sc":"607"},{"x":1509292800000,"y":495,"sc":"609"},{"x":1509379200000,"y":495,"sc":"610"},{"x":1509465600000,"y":497,"sc":"610"},{"x":1509552000000,"y":496,"sc":"613"},{"x":1509638400000,"y":501,"sc":"617"},{"x":1509897600000,"y":497,"sc":"621"},{"x":1509984000000,"y":499,"sc":"621"},{"x":1510070400000,"y":499,"sc":"621"},{"x":1510156800000,"y":499,"sc":"623"},{"x":1510243200000,"y":497,"sc":"623"},{"x":1510502400000,"y":496,"sc":"633"},{"x":1510588800000,"y":496,"sc":"635"},{"x":1510675200000,"y":496,"sc":"635"},{"x":1510761600000,"y":500,"sc":"635"},{"x":1510848000000,"y":496,"sc":"636"},{"x":1511107200000,"y":490,"sc":"636"},{"x":1511193600000,"y":499,"sc":"636"},{"x":1511280000000,"y":499,"sc":"636"},{"x":1511366400000,"y":508,"sc":"636"},{"x":1511452800000,"y":497,"sc":"637"},{"x":1511712000000,"y":501,"sc":"640"},{"x":1511798400000,"y":513,"sc":"640"},{"x":1511884800000,"y":514,"sc":"640"},{"x":1511971200000,"y":513,"sc":"641"},{"x":1512057600000,"y":527,"sc":"643"},{"x":1512316800000,"y":545,"sc":"643"},{"x":1512403200000,"y":544,"sc":"643"},{"x":1512489600000,"y":522,"sc":"643"},{"x":1512576000000,"y":526,"sc":"644"},{"x":1512662400000,"y":530,"sc":"652"},{"x":1512921600000,"y":530,"sc":"652"},{"x":1513008000000,"y":531,"sc":"653"},{"x":1513094400000,"y":528,"sc":"653"},{"x":1513180800000,"y":530,"sc":"654"},{"x":1513267200000,"y":531,"sc":"656"},{"x":1513526400000,"y":529,"sc":"656"},{"x":1513612800000,"y":523,"sc":"656"},{"x":1513699200000,"y":519,"sc":"656"},{"x":1513785600000,"y":518,"sc":"655"},{"x":1513872000000,"y":538,"sc":"655"},{"x":1514131200000,"y":557,"sc":"655"},{"x":1514217600000,"y":571,"sc":"655"},{"x":1514304000000,"y":575,"sc":"654"},{"x":1514390400000,"y":576,"sc":"655"},{"x":1514476800000,"y":563,"sc":"655"},{"x":1514822400000,"y":495,"sc":"655"},{"x":1514908800000,"y":476,"sc":"655"},{"x":1514995200000,"y":470,"sc":"655"},{"x":1515081600000,"y":472,"sc":"655"},{"x":1515340800000,"y":563,"sc":"655"},{"x":1515427200000,"y":562,"sc":"655"},{"x":1515513600000,"y":572,"sc":"656"},{"x":1515600000000,"y":575,"sc":"657"},{"x":1515686400000,"y":576,"sc":"657"},{"x":1515945600000,"y":581,"sc":"657"},{"x":1516032000000,"y":590,"sc":"657"},{"x":1516118400000,"y":587,"sc":"657"},{"x":1516204800000,"y":587,"sc":"657"},{"x":1516291200000,"y":578,"sc":"657"},{"x":1516550400000,"y":574,"sc":"657"},{"x":1516636800000,"y":588,"sc":"657"},{"x":1516723200000,"y":596,"sc":"657"},{"x":1516809600000,"y":596,"sc":"657"},{"x":1516896000000,"y":598,"sc":"655"},{"x":1517155200000,"y":594,"sc":"656"},{"x":1517241600000,"y":594,"sc":"656"},{"x":1517328000000,"y":594,"sc":"656"},{"x":1517414400000,"y":595,"sc":"656"},{"x":1517500800000,"y":594,"sc":"656"},{"x":1517760000000,"y":588,"sc":"656"},{"x":1517846400000,"y":588,"sc":"656"}];
/*百分比排名*/
var Data_rateInSimilarPersent = [[1476806400000,12.1300],[1476892800000,11.9000],[1476979200000,11.6700],[1477238400000,14.5500],[1477324800000,11.3600],[1477411200000,11.3400],[1477497600000,11.3400],[1477584000000,11.6900],[1477843200000,14.5400],[1477929600000,11.8600],[1478016000000,11.8600],[1478102400000,11.8600],[1478188800000,11.8300],[1478448000000,13.1100],[1478534400000,11.7800],[1478620800000,11.5600],[1478707200000,11.5600],[1478793600000,11.7800],[1479052800000,12.6700],[1479139200000,10.00],[1479225600000,10.00],[1479312000000,10.00],[1479398400000,10.00],[1479657600000,11.9700],[1479744000000,11.0900],[1479830400000,11.3100],[1479916800000,11.5300],[1480003200000,11.9700],[1480262400000,13.0800],[1480348800000,12.3900],[1480435200000,13.2700],[1480521600000,13.5000],[1480608000000,13.4100],[1480867200000,12.7500],[1480953600000,12.9700],[1481040000000,13.1900],[1481126400000,14.2900],[1481212800000,15.1300],[1481472000000,14.8800],[1481558400000,13.7600],[1481644800000,15.7200],[1481731200000,16.5900],[1481817600000,18.3400],[1482076800000,17.2500],[1482163200000,17.2500],[1482249600000,17.9000],[1482336000000,19.1700],[1482422400000,19.4400],[1482681600000,21.5500],[1482768000000,21.5500],[1482854400000,22.1000],[1482940800000,21.0300],[1483027200000,22.3900],[1483372800000,26.4400],[1483459200000,28.2100],[1483545600000,30.9200],[1483632000000,32.4100],[1483891200000,31.3400],[1483977600000,30.9200],[1484064000000,30.7000],[1484150400000,33.9000],[1484236800000,34.3300],[1484496000000,35.5900],[1484582400000,31.8600],[1484668800000,34.0300],[1484755200000,35.5000],[1484841600000,36.5500],[1485100800000,38.4600],[1485187200000,35.0600],[1485273600000,35.3300],[1485360000000,36.7000],[1486051200000,39.6700],[1486310400000,42.1600],[1486396800000,39.3100],[1486483200000,40.7300],[1486569600000,40.9400],[1486656000000,42.9100],[1486915200000,44.9600],[1487001600000,41.3300],[1487088000000,43.3500],[1487174400000,43.7500],[1487260800000,43.9500],[1487520000000,45.5600],[1487606400000,41.3300],[1487692800000,42.7400],[1487779200000,42.9700],[1487865600000,42.8000],[1488124800000,44.1400],[1488211200000,42.5400],[1488297600000,44.3300],[1488384000000,46.1800],[1488470400000,47.1600],[1488729600000,45.8100],[1488816000000,46.0200],[1488902400000,45.7400],[1488988800000,45.3700],[1489075200000,46.3300],[1489334400000,44.7900],[1489420800000,45.9500],[1489507200000,45.5600],[1489593600000,46.1500],[1489680000000,48.0800],[1489939200000,46.3600],[1490025600000,44.4400],[1490112000000,45.8000],[1490198400000,46.0400],[1490284800000,46.4200],[1490544000000,46.6300],[1490630400000,46.7300],[1490716800000,46.1700],[1490803200000,45.9100],[1490889600000,46.2800],[1491321600000,45.5400],[1491408000000,45.00],[1491494400000,45.5600],[1491753600000,45.1900],[1491840000000,45.3700],[1491926400000,45.1900],[1492012800000,44.9200],[1492099200000,44.1800],[1492358400000,43.4600],[1492444800000,43.0900],[1492531200000,42.1700],[1492617600000,42.9400],[1492704000000,43.6700],[1492963200000,42.5700],[1493049600000,42.9600],[1493136000000,43.7200],[1493222400000,44.6300],[1493308800000,44.4400],[1493654400000,42.9900],[1493740800000,43.6400],[1493827200000,44.00],[1493913600000,43.6400],[1494172800000,42.00],[1494259200000,42.1800],[1494345600000,42.3600],[1494432000000,42.5500],[1494518400000,42.5500],[1494777600000,42.6000],[1494864000000,42.6300],[1494950400000,41.0700],[1495036800000,41.6100],[1495123200000,40.3600],[1495382400000,38.3900],[1495468800000,37.5400],[1495555200000,36.7000],[1495641600000,37.7700],[1495728000000,35.2800],[1496160000000,36.1700],[1496246400000,35.4600],[1496332800000,35.1100],[1496592000000,33.3900],[1496678400000,34.9800],[1496764800000,35.3400],[1496851200000,35.5100],[1496937600000,35.5100],[1497196800000,33.6200],[1497283200000,33.1000],[1497369600000,32.1700],[1497456000000,32.1700],[1497542400000,32.5200],[1497801600000,31.2000],[1497888000000,32.9300],[1497974400000,31.6500],[1498060800000,29.2200],[1498147200000,28.6500],[1498406400000,27.1200],[1498492800000,28.3200],[1498579200000,27.6300],[1498665600000,27.4600],[1498752000000,27.3200],[1499011200000,30.0700],[1499097600000,26.8000],[1499184000000,25.9000],[1499270400000,25.3900],[1499356800000,25.0400],[1499616000000,25.7300],[1499702400000,25.5600],[1499788800000,26.2400],[1499875200000,26.2400],[1499961600000,26.6200],[1500220800000,26.9600],[1500307200000,26.9600],[1500393600000,26.6600],[1500480000000,26.1500],[1500566400000,26.3100],[1500825600000,24.9600],[1500912000000,24.1100],[1500998400000,23.5700],[1501084800000,22.7300],[1501171200000,22.9000],[1501430400000,23.5700],[1501516800000,21.7200],[1501603200000,20.7100],[1501689600000,20.3700],[1501776000000,20.5400],[1502035200000,19.6300],[1502121600000,19.4600],[1502208000000,19.3000],[1502294400000,19.3000],[1502380800000,19.1300],[1502640000000,19.1300],[1502726400000,18.9600],[1502812800000,18.9600],[1502899200000,18.6200],[1502985600000,18.4600],[1503244800000,19.2600],[1503331200000,19.1000],[1503417600000,19.7700],[1503504000000,19.6300],[1503590400000,19.1300],[1503849600000,20.6700],[1503936000000,21.00],[1504022400000,18.8300],[1504108800000,18.3000],[1504195200000,19.6300],[1504454400000,19.3000],[1504540800000,19.3000],[1504627200000,18.6400],[1504713600000,18.3000],[1504800000000,17.9700],[1505059200000,16.9200],[1505145600000,16.4200],[1505232000000,16.9200],[1505318400000,18.0200],[1505404800000,17.5200],[1505664000000,17.8200],[1505750400000,17.00],[1505836800000,14.9300],[1505923200000,14.7600],[1506009600000,15.0900],[1506268800000,15.7500],[1506355200000,16.2500],[1506441600000,15.0700],[1506528000000,15.0700],[1506614400000,15.8400],[1507478400000,16.8300],[1507564800000,16.3100],[1507651200000,16.3100],[1507737600000,16.3700],[1507824000000,16.6900],[1508083200000,16.9900],[1508169600000,16.8300],[1508256000000,16.3700],[1508342400000,16.5300],[1508428800000,15.7100],[1508688000000,15.5100],[1508774400000,17.8200],[1508860800000,17.6300],[1508947200000,17.4600],[1509033600000,17.7900],[1509292800000,18.7200],[1509379200000,18.8500],[1509465600000,18.5200],[1509552000000,19.0900],[1509638400000,18.8000],[1509897600000,19.9700],[1509984000000,19.6500],[1510070400000,19.6500],[1510156800000,19.9000],[1510243200000,20.2200],[1510502400000,21.6400],[1510588800000,21.8900],[1510675200000,21.8900],[1510761600000,21.2600],[1510848000000,22.0100],[1511107200000,22.9600],[1511193600000,21.5400],[1511280000000,21.5400],[1511366400000,20.1300],[1511452800000,21.9800],[1511712000000,21.7200],[1511798400000,19.8400],[1511884800000,19.6900],[1511971200000,19.9700],[1512057600000,18.0400],[1512316800000,15.2400],[1512403200000,15.4000],[1512489600000,18.8200],[1512576000000,18.3200],[1512662400000,18.7100],[1512921600000,18.7100],[1513008000000,18.6800],[1513094400000,19.1400],[1513180800000,18.9600],[1513267200000,19.0500],[1513526400000,19.3600],[1513612800000,20.2700],[1513699200000,20.8800],[1513785600000,20.9200],[1513872000000,17.8600],[1514131200000,14.9600],[1514217600000,12.8200],[1514304000000,12.0800],[1514390400000,12.0600],[1514476800000,14.0500],[1514822400000,24.4300],[1514908800000,27.3300],[1514995200000,28.2400],[1515081600000,27.9400],[1515340800000,14.0500],[1515427200000,14.2000],[1515513600000,12.8000],[1515600000000,12.4800],[1515686400000,12.3300],[1515945600000,11.5700],[1516032000000,10.2000],[1516118400000,10.6500],[1516204800000,10.6500],[1516291200000,12.0200],[1516550400000,12.6300],[1516636800000,10.5000],[1516723200000,9.2800],[1516809600000,9.2800],[1516896000000,8.7000],[1517155200000,9.4500],[1517241600000,9.4500],[1517328000000,9.4500],[1517414400000,9.3000],[1517500800000,9.4500],[1517760000000,10.3700],[1517846400000,10.3700]];
/*规模变动*/
var Data_fluctuationScale = {"categories":["2016-12-31","2017-03-31","2017-06-30","2017-09-30","2017-12-31"],"series":[{"y":0.24,"mom":"307.92%"},{"y":0.22,"mom":"-8.61%"},{"y":4.13,"mom":"1754.46%"},{"y":0.76,"mom":"-81.63%"},{"y":1.26,"mom":"66.72%"}]};;
/*持有人结构*/
var Data_holderStructure = {"series":[{"name":"机构持有比例","data":[2.06,0.09]},{"name":"个人持有比例","data":[97.94,99.91]},{"name":"内部持有比例","data":[3.29,1.04]}],"categories":["2016-12-31","2017-06-30"]};
/*申购赎回*/
var Data_assetAllocation ={"series":[{"name":"期间申购","data":[0.44,5.96,2.52,2.16]},{"name":"期间赎回","data":[0.46,2.06,5.89,1.66]},{"name":"总份额","data":[0.22,4.13,0.76,1.26]}],"categories":["2017-03-31","2017-06-30","2017-09-30","2017-12-31"]};
/*现任基金经理*/
var Data_currentFundManager = [{"id":"30181039","pic":"https://pdf.dfcfw.com/pdf/H8_JPG30181039_1.jpg","name":"王登峰","star":4,"workTime":"5年又184天","fundSize":"17649.41亿(9只基金)","power":{"avr":"60.88","categories":["经验值","收益率","影响力","稳定性","管理规模"],"dsc":["反映基金经理从业年限和管理基金的经验","根据基金经理投资的阶段收益评分，反映\u003cbr\u003e基金经理投资的盈利能力","根据基金经理所管理基金的机构和个人投\u003cbr\u003e资者持有比例评分","反映基金经理投资收益的波动","根据基金经理现任管理基金资产规模评分"],"data":[86.50,76.80,17.40,25.60,99.20],"jzrq":"2018-02-06"},"profit":{"categories":["任期收益","同类平均"],"series":[{"data":[{"name":null,"color":"#7cb5ec","y":5.1716},{"name":null,"color":"#414c7b","y":5.46}]}],"jzrq":"2018-02-06"}},{"id":"30507642","pic":"https://pdf.dfcfw.com/pdf/H8_JPG30507642_1.jpg","name":"李晨","star":2,"workTime":"1年又74天","fundSize":"176.06亿(7只基金)","power":{"avr":"20.41","categories":["经验值","收益率","影响力","稳定性","管理规模"],"dsc":["反映基金经理从业年限和管理基金的经验","根据基金经理投资的阶段收益评分，反映\u003cbr\u003e基金经理投资的盈利能力","根据基金经理所管理基金的机构和个人投\u003cbr\u003e资者持有比例评分","反映基金经理投资收益的波动","根据基金经理现任管理基金资产规模评分"],"data":[34.60,24.20,6.80,3.50,43.20],"jzrq":"2018-02-06"},"profit":{"categories":["任期收益","同类平均"],"series":[{"data":[{"name":null,"color":"#7cb5ec","y":4.341},{"name":null,"color":"#414c7b","y":4.56}]}],"jzrq":"2018-02-06"}}] ;
/*同类型基金涨幅榜（页面底部通栏）*/
var swithSameType = [['002895_华夏天利货币B_5.8750','002894_华夏天利货币A_5.6210','004398_融通现金宝货币B_5.3370','000902_国开货币B_5.3360','001478_泰康薪意保货币B_5.1400'],['002895_华夏天利货币B_5.26','004973_长城收益宝货币B_5.08','004904_人保货币B_5.05','002884_华润元大现金通货币B_5.01','002894_华夏天利货币A_5.01'],['004973_长城收益宝货币B_5.05','004770_海富通添益货币A_4.99','002884_华润元大现金通货币B_4.99','005151_红土创新优淳货币B_4.90','002895_华夏天利货币B_4.89'],['004770_海富通添益货币A_5.39','004973_长城收益宝货币B_5.13','002884_华润元大现金通货币B_5.03','002895_华夏天利货币B_5.03','004398_融通现金宝货币B_5.01'],['003679_中融现金增利货币C_4.67','003474_南方天天利货币B_4.55','000836_国投瑞银钱多宝货币A_4.52','000837_国投瑞银钱多宝货币I_4.52','003753_工银如意货币B_4.51']];