/**
 * 测试数据
 * @type {arry}
 */
/*2018-02-07 14:55:29*/
//基金或股票信息
var fS_name = "中邮现金驿站B";
var fS_code = "000922";
var fund_minsg="";
var ishb=true;
/*原费率*/
var fund_sourceRate="0";
/*现费率*/
var fund_Rate="0";
/*最小申购金额*/
var fund_minsg="";
/*收益率*/
/*近一年收益率*/
var syl_1n="4.2503";
/*近6月收益率*/
var syl_6y="2.1761";
/*近三月收益率*/
var syl_3y="1.1207";
/*近一月收益率*/
var syl_1y="0.3741";
/* 基金收益走势图 每万份收益*/
var Data_millionCopiesIncome = [[1418918400000,1.7738],[1419091200000,2.9788],[1419523200000,2.0599],[1419696000000,4.1184],[1419955200000,0.0],[1420300800000,0.0],[1420387200000,0.0],[1420473600000,0.0],[1420560000000,0.7566],[1420646400000,1.1643],[1420732800000,1.0589],[1420905600000,2.0617],[1420992000000,1.1501],[1421078400000,1.0694],[1421164800000,1.1703],[1421251200000,1.275],[1421337600000,1.4144],[1421510400000,2.8532],[1421596800000,1.2109],[1421683200000,1.2584],[1421769600000,1.1102],[1421856000000,1.2924],[1421942400000,1.2436],[1422115200000,2.4974],[1422201600000,1.2624],[1422288000000,1.2505],[1422374400000,1.2416],[1422460800000,1.2665],[1422547200000,1.1063],[1422720000000,2.2303],[1422806400000,1.0763],[1422892800000,0.9764],[1422979200000,0.9478],[1423065600000,0.9871],[1423152000000,0.9316],[1423324800000,1.886],[1423411200000,0.9254],[1423497600000,0.8259],[1423584000000,0.7977],[1423670400000,5.6281],[1423756800000,0.9919],[1423929600000,1.9692],[1424016000000,0.5675],[1424102400000,0.6414],[1424707200000,4.3315],[1424793600000,0.5682],[1424880000000,0.5835],[1424966400000,0.6103],[1425139200000,1.2523],[1425225600000,0.5853],[1425312000000,2.7527],[1425398400000,6.7845],[1425484800000,2.4064],[1425571200000,0.9968],[1425744000000,1.9884],[1425830400000,0.9796],[1425916800000,2.0319],[1426003200000,0.9927],[1426089600000,0.9715],[1426176000000,0.883],[1426348800000,1.8481],[1426435200000,1.0493],[1426521600000,0.9813],[1426608000000,0.9711],[1426694400000,0.9473],[1426780800000,0.9709],[1426953600000,1.9515],[1427040000000,0.909],[1427126400000,1.3732],[1427212800000,0.9493],[1427299200000,0.9301],[1427385600000,0.9326],[1427558400000,1.8902],[1427644800000,0.9377],[1427731200000,0.9402],[1427817600000,0.887],[1427904000000,0.8876],[1427990400000,0.901],[1428249600000,2.6921],[1428336000000,0.8329],[1428422400000,0.8083],[1428508800000,4.4646],[1428595200000,0.7163],[1428768000000,1.4832],[1428854400000,4.5543],[1428940800000,0.7853],[1429027200000,0.5846],[1429113600000,0.9427],[1429200000000,0.9662],[1429372800000,1.7962],[1429459200000,1.3892],[1429545600000,0.846],[1429632000000,0.8321],[1429718400000,0.8266],[1429804800000,0.8341],[1429977600000,1.6648],[1430064000000,0.7971],[1430150400000,0.8341],[1430236800000,3.6327],[1430323200000,0.8661],[1430582400000,2.5487],[1430668800000,0.7934],[1430755200000,1.3751],[1430841600000,0.7029],[1430928000000,3.171],[1431014400000,0.8611],[1431187200000,1.739],[1431273600000,0.7859],[1431360000000,0.7935],[1431446400000,0.6991],[1431532800000,0.7173],[1431619200000,0.6852],[1431792000000,1.473],[1431878400000,0.768],[1431964800000,5.74],[1432051200000,0.8053],[1432137600000,1.0429],[1432224000000,0.9291],[1432396800000,1.8811],[1432483200000,0.7047],[1432569600000,0.7144],[1432656000000,0.719],[1432742400000,0.7234],[1432828800000,0.6316],[1433001600000,1.3442],[1433088000000,0.6703],[1433174400000,0.6714],[1433260800000,0.6851],[1433347200000,1.6097],[1433433600000,0.8392],[1433606400000,1.68],[1433692800000,0.7076],[1433779200000,0.6362],[1433865600000,2.6623],[1433952000000,1.5846],[1434038400000,0.6843],[1434211200000,1.3737],[1434297600000,0.6845],[1434384000000,0.6776],[1434470400000,0.4895],[1434556800000,3.1601],[1434643200000,1.2181],[1434902400000,2.9892],[1434988800000,3.4944],[1435075200000,0.7928],[1435161600000,0.8863],[1435248000000,0.778],[1435420800000,1.5799],[1435507200000,0.7712],[1435593600000,0.8594],[1435680000000,0.8189],[1435766400000,1.3401],[1435852800000,0.8077],[1436025600000,1.5892],[1436112000000,0.711],[1436198400000,0.6167],[1436284800000,3.4032],[1436371200000,0.7836],[1436457600000,0.7572],[1436630400000,1.4559],[1436716800000,0.6787],[1436803200000,0.6929],[1436889600000,0.7372],[1436976000000,0.6941],[1437062400000,0.8167],[1437235200000,1.5611],[1437321600000,0.7358],[1437408000000,0.7102],[1437494400000,1.6924],[1437580800000,1.5517],[1437667200000,0.6954],[1437840000000,1.3871],[1437926400000,3.2636],[1438012800000,0.674],[1438099200000,0.6871],[1438185600000,0.6956],[1438272000000,0.712],[1438444800000,1.3942],[1438531200000,2.6952],[1438617600000,4.3837],[1438704000000,0.6546],[1438790400000,0.3366],[1438876800000,0.5988],[1439049600000,1.2067],[1439136000000,1.4232],[1439222400000,0.5976],[1439308800000,0.9988],[1439395200000,0.6347],[1439481600000,0.6268],[1439654400000,1.2362],[1439740800000,2.9366],[1439827200000,0.6491],[1439913600000,0.6492],[1440000000000,0.6468],[1440086400000,0.6975],[1440259200000,1.357],[1440345600000,0.6731],[1440432000000,0.683],[1440518400000,0.6342],[1440604800000,0.6139],[1440691200000,0.5991],[1440864000000,1.207],[1440950400000,0.5773],[1441036800000,0.6004],[1441123200000,0.5844],[1441468800000,5.2967],[1441555200000,0.5326],[1441641600000,0.5835],[1441728000000,0.5772],[1441814400000,0.613],[1441900800000,0.5741],[1442073600000,1.1516],[1442160000000,3.6088],[1442246400000,0.5687],[1442332800000,0.5888],[1442419200000,0.6162],[1442505600000,0.5965],[1442678400000,1.1943],[1442764800000,0.5865],[1442851200000,0.5694],[1442937600000,0.564],[1443024000000,0.5709],[1443110400000,0.5716],[1443283200000,1.1513],[1443369600000,0.5863],[1443456000000,0.5811],[1443542400000,0.6219],[1444147200000,4.2423],[1444233600000,0.5629],[1444320000000,0.6039],[1444492800000,1.188],[1444579200000,0.6011],[1444665600000,0.5873],[1444752000000,0.6049],[1444838400000,0.6013],[1444924800000,0.6108],[1445097600000,1.2065],[1445184000000,0.615],[1445270400000,0.6152],[1445356800000,0.5933],[1445443200000,0.6108],[1445529600000,0.6021],[1445702400000,1.2252],[1445788800000,0.6079],[1445875200000,0.5887],[1445961600000,0.5983],[1446048000000,8.0177],[1446134400000,0.6609],[1446307200000,1.3615],[1446393600000,1.6395],[1446480000000,0.6605],[1446566400000,0.7333],[1446652800000,0.6345],[1446739200000,0.7123],[1446912000000,1.3758],[1446998400000,0.6386],[1447084800000,0.6727],[1447171200000,0.6715],[1447257600000,0.6613],[1447344000000,0.6968],[1447516800000,1.3475],[1447603200000,0.6451],[1447689600000,0.6616],[1447776000000,0.6552],[1447862400000,0.6452],[1447948800000,0.6337],[1448121600000,1.2932],[1448208000000,0.6427],[1448294400000,0.64],[1448380800000,0.6495],[1448467200000,0.6146],[1448553600000,0.6821],[1448726400000,1.2928],[1448812800000,0.6496],[1448899200000,0.6231],[1448985600000,0.6668],[1449072000000,0.739],[1449158400000,2.1116],[1449331200000,1.2794],[1449417600000,0.6036],[1449504000000,0.6563],[1449590400000,0.6396],[1449676800000,0.6642],[1449763200000,1.7197],[1449936000000,1.3086],[1450022400000,0.6171],[1450108800000,0.6842],[1450195200000,0.7182],[1450281600000,0.6034],[1450368000000,0.6527],[1450540800000,1.2568],[1450627200000,0.6831],[1450713600000,0.664],[1450800000000,0.0219],[1450886400000,0.6176],[1450972800000,0.6497],[1451145600000,1.3488],[1451232000000,0.7225],[1451318400000,0.6567],[1451404800000,0.7097],[1451491200000,0.7274],[1451750400000,2.1262],[1451836800000,0.699],[1451923200000,2.2417],[1452009600000,0.7504],[1452096000000,1.8842],[1452182400000,0.741],[1452355200000,1.4178],[1452441600000,0.6706],[1452528000000,0.641],[1452614400000,0.6939],[1452700800000,0.7367],[1452787200000,0.6965],[1452960000000,1.4082],[1453046400000,0.6968],[1453132800000,0.6892],[1453219200000,0.7211],[1453305600000,0.6917],[1453392000000,0.6992],[1453564800000,1.4157],[1453651200000,0.656],[1453737600000,0.6823],[1453824000000,0.6989],[1453910400000,0.6485],[1453996800000,0.7723],[1454169600000,1.4884],[1454256000000,0.7067],[1454342400000,0.7409],[1454428800000,0.6899],[1454515200000,0.7367],[1454601600000,0.7546],[1455379200000,6.6617],[1455465600000,0.7016],[1455552000000,0.6738],[1455638400000,0.6793],[1455724800000,0.6577],[1455811200000,0.6961],[1455984000000,1.3657],[1456070400000,0.701],[1456156800000,0.6135],[1456243200000,0.6376],[1456329600000,0.5926],[1456416000000,0.6039],[1456588800000,1.2444],[1456675200000,0.591],[1456761600000,0.5644],[1456848000000,0.5643],[1456934400000,0.5932],[1457020800000,0.5947],[1457193600000,1.1689],[1457280000000,0.5646],[1457366400000,0.5503],[1457452800000,0.5611],[1457539200000,0.5841],[1457625600000,0.5811],[1457798400000,1.1515],[1457884800000,0.5763],[1457971200000,0.5992],[1458057600000,0.5764],[1458144000000,0.5666],[1458230400000,0.5837],[1458403200000,2.4453],[1458489600000,0.5772],[1458576000000,0.5737],[1458662400000,0.6184],[1458748800000,0.9198],[1458835200000,0.6038],[1459008000000,1.193],[1459094400000,3.9261],[1459180800000,0.7246],[1459267200000,0.6962],[1459353600000,0.7194],[1459440000000,0.6851],[1459699200000,2.1251],[1459785600000,0.7042],[1459872000000,0.6665],[1459958400000,0.6593],[1460044800000,0.7003],[1460217600000,1.3423],[1460304000000,0.6582],[1460390400000,1.25],[1460476800000,0.6772],[1460563200000,0.6685],[1460649600000,0.6743],[1460822400000,1.332],[1460908800000,0.6551],[1460995200000,0.6956],[1461081600000,0.6598],[1461168000000,5.8765],[1461254400000,6.0956],[1461427200000,1.2946],[1461513600000,0.6119],[1461600000000,0.6736],[1461686400000,0.624],[1461772800000,0.6194],[1461859200000,0.677],[1462118400000,1.9537],[1462204800000,4.2124],[1462291200000,0.6538],[1462377600000,0.6703],[1462464000000,0.6489],[1462636800000,1.3077],[1462723200000,0.6402],[1462809600000,0.6504],[1462896000000,0.6395],[1462982400000,0.5901],[1463068800000,5.3064],[1463241600000,1.2008],[1463328000000,0.6064],[1463414400000,0.6035],[1463500800000,7.2722],[1463587200000,0.5463],[1463673600000,0.57],[1463846400000,1.1427],[1463932800000,0.5593],[1464019200000,2.1793],[1464105600000,0.6272],[1464192000000,0.5447],[1464278400000,0.5568],[1464451200000,1.1585],[1464537600000,0.5915],[1464624000000,0.5204],[1464710400000,1.7197],[1464796800000,0.5975],[1464883200000,0.6164],[1465056000000,1.2158],[1465142400000,0.5621],[1465228800000,0.6207],[1465315200000,0.6002],[1465660800000,2.4181],[1465747200000,0.5698],[1465833600000,0.6233],[1465920000000,0.5931],[1466006400000,0.5657],[1466092800000,0.6426],[1466265600000,1.2623],[1466352000000,0.5284],[1466438400000,0.6831],[1466524800000,0.5046],[1466611200000,0.5807],[1466697600000,0.6147],[1466870400000,1.208],[1466956800000,0.6526],[1467043200000,0.6548],[1467129600000,0.639],[1467216000000,0.6672],[1467302400000,0.6419],[1467475200000,1.2963],[1467561600000,0.6673],[1467648000000,0.6892],[1467734400000,0.6447],[1467820800000,0.6525],[1467907200000,0.6416],[1468080000000,1.3007],[1468166400000,0.5989],[1468252800000,0.6296],[1468339200000,0.6082],[1468425600000,0.6353],[1468512000000,0.6561],[1468684800000,1.2448],[1468771200000,0.5548],[1468857600000,0.6936],[1468944000000,0.6451],[1469030400000,0.6482],[1469116800000,0.6384],[1469289600000,1.3058],[1469376000000,0.6464],[1469462400000,0.6409],[1469548800000,0.6457],[1469635200000,0.6504],[1469721600000,0.641],[1469894400000,1.3041],[1469980800000,0.6396],[1470067200000,0.6147],[1470153600000,0.6354],[1470240000000,0.647],[1470326400000,0.6381],[1470499200000,1.2887],[1470585600000,0.6075],[1470672000000,0.6432],[1470758400000,0.6396],[1470844800000,1.5999],[1470931200000,0.6418],[1471104000000,1.2872],[1471190400000,0.6262],[1471276800000,0.6512],[1471363200000,0.6401],[1471449600000,0.6367],[1471536000000,0.6179],[1471708800000,1.261],[1471795200000,0.6169],[1471881600000,0.6195],[1471968000000,0.6231],[1472054400000,0.6211],[1472140800000,0.631],[1472313600000,1.2632],[1472400000000,0.6148],[1472486400000,0.626],[1472572800000,0.6177],[1472659200000,0.6249],[1472745600000,0.6226],[1472918400000,1.2524],[1473004800000,0.8838],[1473091200000,0.7772],[1473177600000,0.6464],[1473264000000,0.6352],[1473350400000,0.6173],[1473523200000,1.2647],[1473609600000,0.9032],[1473696000000,0.5952],[1473782400000,0.6403],[1474128000000,2.5129],[1474214400000,0.607],[1474300800000,0.6071],[1474387200000,0.6076],[1474473600000,0.6079],[1474560000000,0.6105],[1474732800000,1.2299],[1474819200000,0.6132],[1474905600000,0.6085],[1474992000000,0.6157],[1475078400000,2.4852],[1475164800000,0.6541],[1475942400000,5.5611],[1476028800000,0.6001],[1476115200000,0.6486],[1476201600000,0.6258],[1476288000000,5.5113],[1476374400000,0.5861],[1476547200000,1.1847],[1476633600000,0.5634],[1476720000000,2.1024],[1476806400000,0.59],[1476892800000,0.5904],[1476979200000,0.5944],[1477152000000,1.2003],[1477238400000,0.6001],[1477324800000,0.5802],[1477411200000,0.6004],[1477497600000,0.5986],[1477584000000,0.5818],[1477756800000,1.1871],[1477843200000,3.1132],[1477929600000,0.5887],[1478016000000,0.5985],[1478102400000,0.9456],[1478188800000,0.6054],[1478361600000,1.2084],[1478448000000,0.6068],[1478534400000,0.6164],[1478620800000,0.602],[1478707200000,0.6238],[1478793600000,0.6123],[1478966400000,1.2237],[1479052800000,0.6285],[1479139200000,0.6305],[1479225600000,1.6072],[1479312000000,0.6297],[1479398400000,0.6366],[1479571200000,1.2888],[1479657600000,0.6503],[1479744000000,0.6592],[1479830400000,0.6224],[1479916800000,0.6274],[1480003200000,0.6494],[1480176000000,1.2846],[1480262400000,0.62],[1480348800000,0.657],[1480435200000,0.6466],[1480521600000,0.6286],[1480608000000,0.6364],[1480780800000,1.2844],[1480867200000,0.6027],[1480953600000,0.617],[1481040000000,0.6512],[1481126400000,0.6126],[1481212800000,0.6526],[1481385600000,1.2855],[1481472000000,0.6088],[1481558400000,0.6775],[1481644800000,0.6348],[1481731200000,0.5918],[1481817600000,0.6468],[1481990400000,1.2791],[1482076800000,0.5753],[1482163200000,0.7647],[1482249600000,0.6398],[1482336000000,0.5085],[1482422400000,0.9096],[1482595200000,1.6191],[1482681600000,0.7554],[1482768000000,1.0847],[1482854400000,1.1887],[1482940800000,1.162],[1483027200000,1.1739],[1483113600000,1.1667],[1483286400000,3.5004],[1483372800000,1.1451],[1483459200000,1.0879],[1483545600000,1.0969],[1483632000000,1.0728],[1483804800000,2.157],[1483891200000,1.0794],[1483977600000,1.0366],[1484064000000,1.0698],[1484150400000,1.1812],[1484236800000,0.765],[1484409600000,1.8103],[1484496000000,0.9542],[1484582400000,0.9265],[1484668800000,0.9665],[1484755200000,0.9764],[1484841600000,0.939],[1485014400000,1.9103],[1485100800000,0.9701],[1485187200000,0.9408],[1485273600000,0.9595],[1485360000000,0.9697],[1485964800000,6.8535],[1486051200000,0.9751],[1486224000000,1.9583],[1486310400000,0.9409],[1486396800000,0.9496],[1486483200000,0.9534],[1486569600000,0.9457],[1486656000000,0.9484],[1486828800000,1.8982],[1486915200000,0.9516],[1487001600000,0.9313],[1487088000000,0.9115],[1487174400000,1.1162],[1487260800000,1.0634],[1487433600000,2.1414],[1487520000000,1.0762],[1487606400000,1.08],[1487692800000,1.0807],[1487779200000,1.0814],[1487865600000,1.081],[1488038400000,2.1633],[1488124800000,1.0937],[1488211200000,1.0783],[1488297600000,1.0821],[1488384000000,1.0775],[1488470400000,1.0651],[1488643200000,2.1409],[1488729600000,1.0713],[1488816000000,1.0613],[1488902400000,1.0551],[1488988800000,1.0515],[1489075200000,1.0494],[1489248000000,2.1105],[1489334400000,1.0569],[1489420800000,1.0493],[1489507200000,1.0632],[1489593600000,1.0697],[1489680000000,1.0671],[1489852800000,2.151],[1489939200000,1.2312],[1490025600000,1.0804],[1490112000000,1.0907],[1490198400000,1.0959],[1490284800000,1.0857],[1490457600000,2.1861],[1490544000000,1.0837],[1490630400000,1.0758],[1490716800000,1.1097],[1490803200000,1.1098],[1490889600000,1.1436],[1491235200000,4.5747],[1491321600000,1.1368],[1491408000000,1.1147],[1491494400000,1.0997],[1491667200000,2.1756],[1491753600000,1.0835],[1491840000000,1.081],[1491926400000,1.0732],[1492012800000,1.0735],[1492099200000,1.065],[1492272000000,2.1332],[1492358400000,1.0743],[1492444800000,1.0683],[1492531200000,1.0697],[1492617600000,1.0718],[1492704000000,1.0838],[1492876800000,2.1679],[1492963200000,1.087],[1493049600000,1.0838],[1493136000000,1.0933],[1493222400000,1.0966],[1493308800000,1.0985],[1493568000000,3.3094],[1493654400000,1.1139],[1493740800000,1.1019],[1493827200000,1.0924],[1493913600000,1.0894],[1494086400000,2.1856],[1494172800000,1.0999],[1494259200000,1.1276],[1494345600000,1.0826],[1494432000000,1.0863],[1494518400000,1.0777],[1494691200000,2.1666],[1494777600000,1.0881],[1494864000000,1.0742],[1494950400000,0.5795],[1495036800000,1.2981],[1495123200000,1.0547],[1495296000000,2.2011],[1495382400000,1.1246],[1495468800000,1.1412],[1495555200000,1.1482],[1495641600000,1.166],[1495728000000,1.1746],[1496073600000,4.6902],[1496160000000,1.1725],[1496246400000,1.1671],[1496332800000,1.1698],[1496505600000,2.3433],[1496592000000,1.1694],[1496678400000,1.1756],[1496764800000,1.1659],[1496851200000,1.1648],[1496937600000,1.1612],[1497110400000,2.3231],[1497196800000,1.1651],[1497283200000,1.1593],[1497369600000,1.1593],[1497456000000,1.1667],[1497542400000,1.1658],[1497715200000,2.3377],[1497801600000,1.1672],[1497888000000,1.1722],[1497974400000,1.1296],[1498060800000,1.0712],[1498147200000,1.2073],[1498320000000,2.3841],[1498406400000,1.1952],[1498492800000,1.1876],[1498579200000,1.2026],[1498665600000,1.2063],[1498752000000,1.2117],[1498924800000,2.4373],[1499011200000,1.2207],[1499097600000,1.1822],[1499184000000,1.1957],[1499270400000,1.172],[1499356800000,1.1584],[1499529600000,2.3186],[1499616000000,1.16],[1499702400000,1.1575],[1499788800000,1.1608],[1499875200000,1.159],[1499961600000,1.1596],[1500134400000,2.2983],[1500220800000,1.1387],[1500307200000,1.1628],[1500393600000,1.1432],[1500480000000,1.1637],[1500566400000,1.1669],[1500739200000,2.3329],[1500825600000,1.1701],[1500912000000,1.1607],[1500998400000,1.1574],[1501084800000,1.1551],[1501171200000,1.1546],[1501344000000,2.3099],[1501430400000,1.1565],[1501516800000,1.1214],[1501603200000,1.1122],[1501689600000,1.1077],[1501776000000,1.0833],[1501948800000,2.1611],[1502035200000,1.0717],[1502121600000,1.0625],[1502208000000,1.0622],[1502294400000,1.0492],[1502380800000,1.044],[1502553600000,2.0917],[1502640000000,1.0256],[1502726400000,1.0129],[1502812800000,1.0234],[1502899200000,0.9426],[1502985600000,0.9621],[1503158400000,1.919],[1503244800000,0.9878],[1503331200000,0.9863],[1503417600000,0.9896],[1503504000000,1.0448],[1503590400000,1.0229],[1503763200000,2.052],[1503849600000,1.0347],[1503936000000,1.0146],[1504022400000,1.0517],[1504108800000,1.1074],[1504195200000,1.112],[1504368000000,2.2189],[1504454400000,1.1285],[1504540800000,1.1372],[1504627200000,1.1365],[1504713600000,1.1069],[1504800000000,1.1302],[1504972800000,2.2615],[1505059200000,1.1389],[1505145600000,1.1577],[1505232000000,1.1454],[1505318400000,1.1515],[1505404800000,1.1451],[1505577600000,2.2794],[1505664000000,1.1518],[1505750400000,1.1479],[1505836800000,1.1449],[1505923200000,1.1537],[1506009600000,1.1527],[1506182400000,2.3068],[1506268800000,1.1535],[1506355200000,1.1473],[1506441600000,1.1471],[1506528000000,1.2903],[1506614400000,1.2863],[1507392000000,11.582],[1507478400000,1.2802],[1507564800000,1.2049],[1507651200000,1.1924],[1507737600000,1.2029],[1507824000000,1.1831],[1507996800000,2.3641],[1508083200000,1.1852],[1508169600000,1.1805],[1508256000000,1.1533],[1508342400000,1.1215],[1508428800000,1.1083],[1508601600000,2.2087],[1508688000000,1.1155],[1508774400000,1.1129],[1508860800000,1.1308],[1508947200000,1.1328],[1509033600000,1.1383],[1509206400000,2.2816],[1509292800000,1.1488],[1509379200000,1.1467],[1509465600000,1.1458],[1509552000000,1.1517],[1509638400000,1.1205],[1509811200000,2.2241],[1509897600000,1.1416],[1509984000000,1.1266],[1510070400000,1.1248],[1510156800000,1.133],[1510243200000,1.1367],[1510416000000,2.2749],[1510502400000,1.1357],[1510588800000,1.135],[1510675200000,1.1431],[1510761600000,1.1393],[1510848000000,1.139],[1511020800000,2.2839],[1511107200000,1.1416],[1511193600000,1.1433],[1511280000000,1.141],[1511366400000,1.155],[1511452800000,1.1588],[1511625600000,2.313],[1511712000000,1.1561],[1511798400000,1.1681],[1511884800000,1.1758],[1511971200000,1.1687],[1512057600000,1.1671],[1512230400000,2.338],[1512316800000,1.1504],[1512403200000,1.1394],[1512489600000,1.1391],[1512576000000,1.169],[1512662400000,1.1298],[1512835200000,2.2685],[1512921600000,1.147],[1513008000000,1.1495],[1513094400000,1.1743],[1513180800000,1.1795],[1513267200000,1.1828],[1513440000000,2.3852],[1513526400000,1.2166],[1513612800000,1.205],[1513699200000,1.2343],[1513785600000,1.2748],[1513872000000,1.2724],[1514044800000,2.5426],[1514131200000,1.2579],[1514217600000,1.2243],[1514304000000,1.2463],[1514390400000,1.5461],[1514476800000,1.5335],[1514649600000,1.5408],[1514736000000,4.6221],[1514822400000,1.5471],[1514908800000,1.2891],[1514995200000,1.203],[1515081600000,1.1409],[1515254400000,2.2379],[1515340800000,1.1618],[1515427200000,1.1639],[1515513600000,1.18],[1515600000000,1.1666],[1515686400000,1.171],[1515859200000,2.3406],[1515945600000,1.1636],[1516032000000,1.1825],[1516118400000,1.1582],[1516204800000,1.1728],[1516291200000,1.1875],[1516464000000,2.3749],[1516550400000,1.1866],[1516636800000,1.1816],[1516723200000,1.1712],[1516809600000,1.1748],[1516896000000,1.1735],[1517068800000,2.3468],[1517155200000,1.1753],[1517241600000,1.177],[1517328000000,1.1778],[1517414400000,1.1578],[1517500800000,1.1574],[1517673600000,2.3207],[1517760000000,1.1453],[1517846400000,1.1419]];
/*基金收益走势图   7日年化收益率*/
var Data_sevenDaysYearIncome = [[1418918400000,3.29],[1419091200000,4.432],[1419523200000,7.266],[1419696000000,7.905],[1419955200000,6.654],[1420300800000,2.169],[1420387200000,1.079],[1420473600000,0.0],[1420560000000,0.395],[1420646400000,1.007],[1420732800000,1.566],[1420905600000,2.664],[1420992000000,3.281],[1421078400000,3.858],[1421164800000,4.083],[1421251200000,4.132],[1421337600000,4.325],[1421510400000,4.756],[1421596800000,4.789],[1421683200000,4.893],[1421769600000,4.86],[1421856000000,4.881],[1421942400000,4.787],[1422115200000,4.593],[1422201600000,4.621],[1422288000000,4.617],[1422374400000,4.689],[1422460800000,4.674],[1422547200000,4.6],[1422720000000,4.454],[1422806400000,4.353],[1422892800000,4.204],[1422979200000,4.044],[1423065600000,3.893],[1423152000000,3.798],[1423324800000,3.612],[1423411200000,3.53],[1423497600000,3.449],[1423584000000,3.368],[1423670400000,5.899],[1423756800000,5.933],[1423929600000,5.979],[1424016000000,5.781],[1424102400000,5.679],[1424707200000,2.284],[1424793600000,2.257],[1424880000000,2.239],[1424966400000,2.234],[1425139200000,2.242],[1425225600000,2.224],[1425312000000,3.367],[1425398400000,6.772],[1425484800000,7.791],[1425571200000,8.009],[1425744000000,8.424],[1425830400000,8.647],[1425916800000,8.24],[1426003200000,5.021],[1426089600000,4.238],[1426176000000,4.176],[1426348800000,4.1],[1426435200000,4.138],[1426521600000,3.569],[1426608000000,3.557],[1426694400000,3.544],[1426780800000,3.592],[1426953600000,3.648],[1427040000000,3.572],[1427126400000,3.784],[1427212800000,3.772],[1427299200000,3.763],[1427385600000,3.742],[1427558400000,3.709],[1427644800000,3.724],[1427731200000,3.49],[1427817600000,3.457],[1427904000000,3.434],[1427990400000,3.417],[1428249600000,3.344],[1428336000000,3.286],[1428422400000,3.244],[1428508800000,5.187],[1428595200000,5.085],[1428768000000,4.915],[1428854400000,6.934],[1428940800000,6.908],[1429027200000,6.783],[1429113600000,4.84],[1429200000000,4.977],[1429372800000,5.148],[1429459200000,3.428],[1429545600000,3.461],[1429632000000,3.594],[1429718400000,3.531],[1429804800000,3.46],[1429977600000,3.389],[1430064000000,3.071],[1430150400000,3.064],[1430236800000,4.58],[1430323200000,4.602],[1430582400000,4.629],[1430668800000,4.627],[1430755200000,4.922],[1430841600000,3.332],[1430928000000,4.581],[1431014400000,4.587],[1431187200000,4.609],[1431273600000,4.605],[1431360000000,4.288],[1431446400000,4.286],[1431532800000,2.961],[1431619200000,2.866],[1431792000000,2.724],[1431878400000,2.714],[1431964800000,5.397],[1432051200000,5.455],[1432137600000,5.635],[1432224000000,5.769],[1432396800000,5.994],[1432483200000,5.959],[1432569600000,3.22],[1432656000000,3.173],[1432742400000,3.001],[1432828800000,2.842],[1433001600000,2.554],[1433088000000,2.536],[1433174400000,2.513],[1433260800000,2.495],[1433347200000,2.97],[1433433600000,3.081],[1433606400000,3.262],[1433692800000,3.282],[1433779200000,3.263],[1433865600000,4.333],[1433952000000,4.319],[1434038400000,4.235],[1434211200000,4.069],[1434297600000,4.056],[1434384000000,4.078],[1434470400000,2.906],[1434556800000,3.755],[1434643200000,4.044],[1434902400000,4.55],[1434988800000,6.097],[1435075200000,6.265],[1435161600000,5.013],[1435248000000,4.772],[1435420800000,4.546],[1435507200000,4.424],[1435593600000,2.999],[1435680000000,3.013],[1435766400000,3.257],[1435852800000,3.273],[1436025600000,3.278],[1436112000000,3.246],[1436198400000,3.115],[1436284800000,4.514],[1436371200000,4.211],[1436457600000,4.184],[1436630400000,4.111],[1436716800000,4.094],[1436803200000,4.135],[1436889600000,2.698],[1436976000000,2.65],[1437062400000,2.682],[1437235200000,2.738],[1437321600000,2.769],[1437408000000,2.778],[1437494400000,3.291],[1437580800000,3.754],[1437667200000,3.688],[1437840000000,3.594],[1437926400000,4.969],[1438012800000,4.949],[1438099200000,4.4],[1438185600000,3.935],[1438272000000,3.944],[1438444800000,3.948],[1438531200000,3.64],[1438617600000,5.664],[1438704000000,5.646],[1438790400000,5.449],[1438876800000,5.387],[1439049600000,5.284],[1439136000000,4.588],[1439222400000,2.544],[1439308800000,2.728],[1439395200000,2.888],[1439481600000,2.903],[1439654400000,2.919],[1439740800000,3.734],[1439827200000,3.762],[1439913600000,3.573],[1440000000000,3.579],[1440086400000,3.617],[1440259200000,3.683],[1440345600000,2.466],[1440432000000,2.484],[1440518400000,2.476],[1440604800000,2.459],[1440691200000,2.406],[1440864000000,2.326],[1440950400000,2.275],[1441036800000,2.231],[1441123200000,2.205],[1441468800000,3.749],[1441555200000,3.725],[1441641600000,3.716],[1441728000000,3.712],[1441814400000,3.723],[1441900800000,3.726],[1442073600000,2.125],[1442160000000,3.776],[1442246400000,3.768],[1442332800000,3.774],[1442419200000,3.776],[1442505600000,3.788],[1442678400000,3.811],[1442764800000,2.188],[1442851200000,2.188],[1442937600000,2.175],[1443024000000,2.151],[1443110400000,2.138],[1443283200000,2.115],[1443369600000,2.115],[1443456000000,2.121],[1443542400000,2.152],[1444147200000,2.237],[1444233600000,2.214],[1444320000000,2.212],[1444492800000,2.2],[1444579200000,2.197],[1444665600000,2.187],[1444752000000,2.186],[1444838400000,2.207],[1444924800000,2.211],[1445097600000,2.22],[1445184000000,2.228],[1445270400000,2.243],[1445356800000,2.236],[1445443200000,2.242],[1445529600000,2.237],[1445702400000,2.247],[1445788800000,2.243],[1445875200000,2.229],[1445961600000,2.232],[1446048000000,6.256],[1446134400000,6.288],[1446307200000,6.364],[1446393600000,6.937],[1446480000000,6.977],[1446566400000,7.053],[1446652800000,3.011],[1446739200000,3.039],[1446912000000,3.047],[1446998400000,2.51],[1447084800000,2.517],[1447171200000,2.484],[1447257600000,2.498],[1447344000000,2.49],[1447516800000,2.475],[1447603200000,2.478],[1447689600000,2.472],[1447776000000,2.464],[1447862400000,2.455],[1447948800000,2.421],[1448121600000,2.392],[1448208000000,2.391],[1448294400000,2.379],[1448380800000,2.376],[1448467200000,2.36],[1448553600000,2.386],[1448726400000,2.386],[1448812800000,2.389],[1448899200000,2.38],[1448985600000,2.39],[1449072000000,2.456],[1449158400000,3.222],[1449331200000,3.215],[1449417600000,3.19],[1449504000000,3.208],[1449590400000,3.194],[1449676800000,3.153],[1449763200000,2.943],[1449936000000,2.959],[1450022400000,2.966],[1450108800000,2.981],[1450195200000,3.023],[1450281600000,2.99],[1450368000000,2.419],[1450540800000,2.391],[1450627200000,2.427],[1450713600000,2.416],[1450800000000,2.045],[1450886400000,2.052],[1450972800000,2.051],[1451145600000,2.1],[1451232000000,2.121],[1451318400000,2.117],[1451404800000,2.484],[1451491200000,2.542],[1451750400000,2.611],[1451836800000,2.598],[1451923200000,3.449],[1452009600000,3.471],[1452096000000,4.097],[1452182400000,4.115],[1452355200000,4.115],[1452441600000,4.099],[1452528000000,3.234],[1452614400000,3.204],[1452700800000,2.588],[1452787200000,2.565],[1452960000000,2.559],[1453046400000,2.573],[1453132800000,2.599],[1453219200000,2.614],[1453305600000,2.59],[1453392000000,2.591],[1453564800000,2.595],[1453651200000,2.573],[1453737600000,2.57],[1453824000000,2.558],[1453910400000,2.535],[1453996800000,2.574],[1454169600000,2.613],[1454256000000,2.64],[1454342400000,2.671],[1454428800000,2.666],[1454515200000,2.714],[1454601600000,2.704],[1455379200000,2.738],[1455465600000,2.717],[1455552000000,2.682],[1455638400000,2.649],[1455724800000,2.605],[1455811200000,2.582],[1455984000000,2.521],[1456070400000,2.52],[1456156800000,2.488],[1456243200000,2.466],[1456329600000,2.431],[1456416000000,2.382],[1456588800000,2.317],[1456675200000,2.258],[1456761600000,2.232],[1456848000000,2.193],[1456934400000,2.193],[1457020800000,2.189],[1457193600000,2.148],[1457280000000,2.134],[1457366400000,2.127],[1457452800000,2.125],[1457539200000,2.12],[1457625600000,2.113],[1457798400000,2.104],[1457884800000,2.11],[1457971200000,2.136],[1458057600000,2.144],[1458144000000,2.135],[1458230400000,2.136],[1458403200000,2.827],[1458489600000,2.828],[1458576000000,2.814],[1458662400000,2.837],[1458748800000,3.026],[1458835200000,3.037],[1459008000000,2.367],[1459094400000,4.169],[1459180800000,4.251],[1459267200000,4.294],[1459353600000,4.185],[1459440000000,4.229],[1459699200000,2.615],[1459785600000,2.604],[1459872000000,2.588],[1459958400000,2.556],[1460044800000,2.564],[1460217600000,2.524],[1460304000000,2.497],[1460390400000,2.789],[1460476800000,2.795],[1460563200000,2.8],[1460649600000,2.786],[1460822400000,2.781],[1460908800000,2.779],[1460995200000,2.482],[1461081600000,2.473],[1461168000000,5.293],[1461254400000,8.311],[1461427200000,8.29],[1461513600000,8.265],[1461600000000,8.253],[1461686400000,8.233],[1461772800000,5.307],[1461859200000,2.374],[1462118400000,2.4],[1462204800000,4.306],[1462291200000,4.322],[1462377600000,4.35],[1462464000000,4.335],[1462636800000,4.338],[1462723200000,4.332],[1462809600000,2.412],[1462896000000,2.405],[1462982400000,2.362],[1463068800000,4.877],[1463241600000,4.819],[1463328000000,4.8],[1463414400000,4.775],[1463500800000,8.46],[1463587200000,8.436],[1463673600000,5.791],[1463846400000,5.759],[1463932800000,5.733],[1464019200000,6.605],[1464105600000,2.976],[1464192000000,2.975],[1464278400000,2.968],[1464451200000,2.977],[1464537600000,2.994],[1464624000000,2.107],[1464710400000,2.69],[1464796800000,2.719],[1464883200000,2.751],[1465056000000,2.781],[1465142400000,2.765],[1465228800000,2.819],[1465315200000,2.221],[1465660800000,2.215],[1465747200000,2.219],[1465833600000,2.22],[1465920000000,2.216],[1466006400000,2.196],[1466092800000,2.216],[1466265600000,2.244],[1466352000000,2.222],[1466438400000,2.254],[1466524800000,2.207],[1466611200000,2.215],[1466697600000,2.2],[1466870400000,2.171],[1466956800000,2.237],[1467043200000,2.222],[1467129600000,2.294],[1467216000000,2.34],[1467302400000,2.355],[1467475200000,2.402],[1467561600000,2.41],[1467648000000,2.428],[1467734400000,2.431],[1467820800000,2.423],[1467907200000,2.423],[1468080000000,2.425],[1468166400000,2.389],[1468252800000,2.357],[1468339200000,2.338],[1468425600000,2.328],[1468512000000,2.336],[1468684800000,2.306],[1468771200000,2.283],[1468857600000,2.317],[1468944000000,2.337],[1469030400000,2.343],[1469116800000,2.334],[1469289600000,2.367],[1469376000000,2.415],[1469462400000,2.387],[1469548800000,2.388],[1469635200000,2.389],[1469721600000,2.39],[1469894400000,2.389],[1469980800000,2.386],[1470067200000,2.372],[1470153600000,2.366],[1470240000000,2.364],[1470326400000,2.363],[1470499200000,2.355],[1470585600000,2.337],[1470672000000,2.353],[1470758400000,2.355],[1470844800000,2.865],[1470931200000,2.867],[1471104000000,2.866],[1471190400000,2.876],[1471276800000,2.88],[1471363200000,2.88],[1471449600000,2.365],[1471536000000,2.352],[1471708800000,2.338],[1471795200000,2.333],[1471881600000,2.317],[1471968000000,2.307],[1472054400000,2.299],[1472140800000,2.306],[1472313600000,2.307],[1472400000000,2.306],[1472486400000,2.31],[1472572800000,2.307],[1472659200000,2.309],[1472745600000,2.304],[1472918400000,2.299],[1473004800000,2.442],[1473091200000,2.523],[1473177600000,2.538],[1473264000000,2.544],[1473350400000,2.541],[1473523200000,2.548],[1473609600000,2.558],[1473696000000,2.461],[1473782400000,2.457],[1474128000000,2.455],[1474214400000,2.297],[1474300800000,2.303],[1474387200000,2.286],[1474473600000,2.275],[1474560000000,2.266],[1474732800000,2.251],[1474819200000,2.255],[1474905600000,2.255],[1474992000000,2.26],[1475078400000,3.266],[1475164800000,3.289],[1475942400000,2.281],[1476028800000,2.271],[1476115200000,2.288],[1476201600000,2.292],[1476288000000,4.935],[1476374400000,4.917],[1476547200000,4.889],[1476633600000,4.869],[1476720000000,5.667],[1476806400000,5.648],[1476892800000,2.972],[1476979200000,2.977],[1477152000000,2.985],[1477238400000,3.005],[1477324800000,2.19],[1477411200000,2.196],[1477497600000,2.2],[1477584000000,2.194],[1477756800000,2.186],[1477843200000,3.534],[1477929600000,3.539],[1478016000000,3.538],[1478102400000,3.725],[1478188800000,3.738],[1478361600000,3.749],[1478448000000,2.403],[1478534400000,2.417],[1478620800000,2.419],[1478707200000,2.248],[1478793600000,2.251],[1478966400000,2.259],[1479052800000,2.271],[1479139200000,2.278],[1479225600000,2.816],[1479312000000,2.819],[1479398400000,2.832],[1479571200000,2.867],[1479657600000,2.879],[1479744000000,2.894],[1479830400000,2.367],[1479916800000,2.366],[1480003200000,2.373],[1480176000000,2.371],[1480262400000,2.354],[1480348800000,2.353],[1480435200000,2.366],[1480521600000,2.367],[1480608000000,2.36],[1480780800000,2.36],[1480867200000,2.35],[1480953600000,2.329],[1481040000000,2.332],[1481126400000,2.323],[1481212800000,2.332],[1481385600000,2.332],[1481472000000,2.336],[1481558400000,2.368],[1481644800000,2.359],[1481731200000,2.348],[1481817600000,2.345],[1481990400000,2.341],[1482076800000,2.324],[1482163200000,2.37],[1482249600000,2.373],[1482336000000,2.328],[1482422400000,2.469],[1482595200000,2.65],[1482681600000,2.747],[1482768000000,2.918],[1482854400000,3.213],[1482940800000,3.566],[1483027200000,3.708],[1483113600000,3.902],[1483286400000,4.319],[1483372800000,4.352],[1483459200000,4.297],[1483545600000,4.262],[1483632000000,4.207],[1483804800000,4.111],[1483891200000,4.063],[1483977600000,4.005],[1484064000000,3.995],[1484150400000,4.04],[1484236800000,3.874],[1484409600000,3.686],[1484496000000,3.618],[1484582400000,3.559],[1484668800000,3.503],[1484755200000,3.393],[1484841600000,3.487],[1485014400000,3.541],[1485100800000,3.549],[1485187200000,3.557],[1485273600000,3.553],[1485360000000,3.549],[1485964800000,3.638],[1486051200000,3.636],[1486224000000,3.636],[1486310400000,3.615],[1486396800000,3.599],[1486483200000,3.585],[1486569600000,3.568],[1486656000000,3.553],[1486828800000,3.521],[1486915200000,3.527],[1487001600000,3.517],[1487088000000,3.494],[1487174400000,3.586],[1487260800000,3.648],[1487433600000,3.78],[1487520000000,3.847],[1487606400000,3.928],[1487692800000,4.019],[1487779200000,4.0],[1487865600000,4.01],[1488038400000,4.022],[1488124800000,4.031],[1488211200000,4.03],[1488297600000,4.031],[1488384000000,4.029],[1488470400000,4.021],[1488643200000,4.008],[1488729600000,3.996],[1488816000000,3.987],[1488902400000,3.972],[1488988800000,3.958],[1489075200000,3.95],[1489248000000,3.933],[1489334400000,3.925],[1489420800000,3.919],[1489507200000,3.923],[1489593600000,3.933],[1489680000000,3.943],[1489852800000,3.965],[1489939200000,4.059],[1490025600000,4.076],[1490112000000,4.091],[1490198400000,4.105],[1490284800000,4.115],[1490457600000,4.134],[1490544000000,4.054],[1490630400000,4.052],[1490716800000,4.062],[1490803200000,4.07],[1490889600000,4.101],[1491235200000,4.226],[1491321600000,4.24],[1491408000000,4.243],[1491494400000,4.219],[1491667200000,4.158],[1491753600000,4.126],[1491840000000,4.092],[1491926400000,4.057],[1492012800000,4.035],[1492099200000,4.016],[1492272000000,3.993],[1492358400000,3.988],[1492444800000,3.981],[1492531200000,3.979],[1492617600000,3.978],[1492704000000,3.989],[1492876800000,4.007],[1492963200000,4.014],[1493049600000,4.023],[1493136000000,4.035],[1493222400000,4.049],[1493308800000,4.057],[1493568000000,4.086],[1493654400000,4.103],[1493740800000,4.107],[1493827200000,4.105],[1493913600000,4.1],[1494086400000,4.089],[1494172800000,4.087],[1494259200000,4.095],[1494345600000,4.084],[1494432000000,4.081],[1494518400000,4.075],[1494691200000,4.064],[1494777600000,4.058],[1494864000000,4.029],[1494950400000,3.756],[1495036800000,3.871],[1495123200000,3.859],[1495296000000,3.877],[1495382400000,3.897],[1495468800000,3.933],[1495555200000,4.242],[1495641600000,4.17],[1495728000000,4.235],[1496073600000,4.357],[1496160000000,4.37],[1496246400000,4.371],[1496332800000,4.368],[1496505600000,4.367],[1496592000000,4.365],[1496678400000,4.367],[1496764800000,4.363],[1496851200000,4.362],[1496937600000,4.357],[1497110400000,4.346],[1497196800000,4.344],[1497283200000,4.335],[1497369600000,4.332],[1497456000000,4.333],[1497542400000,4.335],[1497715200000,4.343],[1497801600000,4.344],[1497888000000,4.351],[1497974400000,4.335],[1498060800000,4.283],[1498147200000,4.306],[1498320000000,4.331],[1498406400000,4.346],[1498492800000,4.355],[1498579200000,4.394],[1498665600000,4.468],[1498752000000,4.47],[1498924800000,4.499],[1499011200000,4.513],[1499097600000,4.51],[1499184000000,4.506],[1499270400000,4.488],[1499356800000,4.459],[1499529600000,4.394],[1499616000000,4.361],[1499702400000,4.348],[1499788800000,4.329],[1499875200000,4.322],[1499961600000,4.322],[1500134400000,4.311],[1500220800000,4.3],[1500307200000,4.302],[1500393600000,4.293],[1500480000000,4.295],[1500566400000,4.299],[1500739200000,4.318],[1500825600000,4.335],[1500912000000,4.334],[1500998400000,4.342],[1501084800000,4.337],[1501171200000,4.331],[1501344000000,4.318],[1501430400000,4.311],[1501516800000,4.289],[1501603200000,4.265],[1501689600000,4.239],[1501776000000,4.2],[1501948800000,4.119],[1502035200000,4.073],[1502121600000,4.041],[1502208000000,4.014],[1502294400000,3.983],[1502380800000,3.961],[1502553600000,3.924],[1502640000000,3.899],[1502726400000,3.872],[1502812800000,3.851],[1502899200000,3.793],[1502985600000,3.749],[1503158400000,3.655],[1503244800000,3.635],[1503331200000,3.621],[1503417600000,3.602],[1503504000000,3.658],[1503590400000,3.69],[1503763200000,3.762],[1503849600000,3.788],[1503936000000,3.803],[1504022400000,3.837],[1504108800000,3.87],[1504195200000,3.919],[1504368000000,4.009],[1504454400000,4.06],[1504540800000,4.127],[1504627200000,4.173],[1504713600000,4.172],[1504800000000,4.182],[1504972800000,4.205],[1505059200000,4.211],[1505145600000,4.222],[1505232000000,4.227],[1505318400000,4.251],[1505404800000,4.259],[1505577600000,4.269],[1505664000000,4.276],[1505750400000,4.271],[1505836800000,4.271],[1505923200000,4.272],[1506009600000,4.276],[1506182400000,4.291],[1506268800000,4.292],[1506355200000,4.291],[1506441600000,4.293],[1506528000000,4.367],[1506614400000,4.44],[1507392000000,4.808],[1507478400000,4.805],[1507564800000,4.76],[1507651200000,4.708],[1507737600000,4.662],[1507824000000,4.606],[1507996800000,4.492],[1508083200000,4.44],[1508169600000,4.427],[1508256000000,4.406],[1508342400000,4.361],[1508428800000,4.321],[1508601600000,4.236],[1508688000000,4.198],[1508774400000,4.162],[1508860800000,4.149],[1508947200000,4.156],[1509033600000,4.172],[1509206400000,4.211],[1509292800000,4.23],[1509379200000,4.248],[1509465600000,4.256],[1509552000000,4.266],[1509638400000,4.257],[1509811200000,4.225],[1509897600000,4.222],[1509984000000,4.211],[1510070400000,4.199],[1510156800000,4.189],[1510243200000,4.198],[1510416000000,4.225],[1510502400000,4.222],[1510588800000,4.227],[1510675200000,4.237],[1510761600000,4.24],[1510848000000,4.241],[1511020800000,4.246],[1511107200000,4.25],[1511193600000,4.254],[1511280000000,4.253],[1511366400000,4.261],[1511452800000,4.272],[1511625600000,4.288],[1511712000000,4.296],[1511798400000,4.309],[1511884800000,4.328],[1511971200000,4.336],[1512057600000,4.34],[1512230400000,4.354],[1512316800000,4.351],[1512403200000,4.335],[1512489600000,4.315],[1512576000000,4.315],[1512662400000,4.295],[1512835200000,4.257],[1512921600000,4.255],[1513008000000,4.261],[1513094400000,4.28],[1513180800000,4.286],[1513267200000,4.315],[1513440000000,4.378],[1513526400000,4.416],[1513612800000,4.446],[1513699200000,4.479],[1513785600000,4.531],[1513872000000,4.58],[1514044800000,4.666],[1514131200000,4.688],[1514217600000,4.699],[1514304000000,4.705],[1514390400000,4.853],[1514476800000,4.996],[1514649600000,5.292],[1514736000000,5.447],[1514822400000,5.625],[1514908800000,5.648],[1514995200000,5.459],[1515081600000,5.244],[1515254400000,4.782],[1515340800000,4.575],[1515427200000,4.366],[1515513600000,4.307],[1515600000000,4.287],[1515686400000,4.304],[1515859200000,4.359],[1515945600000,4.36],[1516032000000,4.371],[1516118400000,4.359],[1516204800000,4.362],[1516291200000,4.371],[1516464000000,4.39],[1516550400000,4.402],[1516636800000,4.402],[1516723200000,4.409],[1516809600000,4.41],[1516896000000,4.402],[1517068800000,4.387],[1517155200000,4.381],[1517241600000,4.378],[1517328000000,4.382],[1517414400000,4.373],[1517500800000,4.364],[1517673600000,4.35],[1517760000000,4.333],[1517846400000,4.314]];
/*资产配置*/
var Data_assetAllocationCurrency ={"categories":["12-31","09-30","06-30","03-31"],"series":[{"name":"股票","data":[null,null,null,null]},{"name":"债券","data":[48.55,38.33,15.33,6.09]},{"name":"现金","data":[38.59,40.06,71.4,86.57]}]};
/*累计收益率走势*/
var Data_grandTotal = [{"name":"中邮现金驿站B","data":[[1501948800000,0],[1502035200000,0.01],[1502121600000,0.02],[1502208000000,0.03],[1502294400000,0.04],[1502380800000,0.05],[1502553600000,0.07],[1502640000000,0.08],[1502726400000,0.09],[1502812800000,0.10],[1502899200000,0.11],[1502985600000,0.12],[1503158400000,0.14],[1503244800000,0.15],[1503331200000,0.16],[1503417600000,0.17],[1503504000000,0.18],[1503590400000,0.19],[1503763200000,0.21],[1503849600000,0.22],[1503936000000,0.23],[1504022400000,0.24],[1504108800000,0.26],[1504195200000,0.27],[1504368000000,0.29],[1504454400000,0.30],[1504540800000,0.31],[1504627200000,0.32],[1504713600000,0.33],[1504800000000,0.35],[1504972800000,0.37],[1505059200000,0.38],[1505145600000,0.39],[1505232000000,0.40],[1505318400000,0.41],[1505404800000,0.43],[1505577600000,0.45],[1505664000000,0.46],[1505750400000,0.47],[1505836800000,0.48],[1505923200000,0.50],[1506009600000,0.51],[1506182400000,0.53],[1506268800000,0.54],[1506355200000,0.55],[1506441600000,0.56],[1506528000000,0.58],[1506614400000,0.59],[1507392000000,0.71],[1507478400000,0.72],[1507564800000,0.73],[1507651200000,0.74],[1507737600000,0.76],[1507824000000,0.77],[1507996800000,0.79],[1508083200000,0.80],[1508169600000,0.82],[1508256000000,0.83],[1508342400000,0.84],[1508428800000,0.85],[1508601600000,0.87],[1508688000000,0.88],[1508774400000,0.89],[1508860800000,0.91],[1508947200000,0.92],[1509033600000,0.93],[1509206400000,0.95],[1509292800000,0.96],[1509379200000,0.98],[1509465600000,0.99],[1509552000000,1.00],[1509638400000,1.01],[1509811200000,1.03],[1509897600000,1.04],[1509984000000,1.06],[1510070400000,1.07],[1510156800000,1.08],[1510243200000,1.09],[1510416000000,1.11],[1510502400000,1.12],[1510588800000,1.14],[1510675200000,1.15],[1510761600000,1.16],[1510848000000,1.17],[1511020800000,1.19],[1511107200000,1.20],[1511193600000,1.22],[1511280000000,1.23],[1511366400000,1.24],[1511452800000,1.25],[1511625600000,1.27],[1511712000000,1.29],[1511798400000,1.30],[1511884800000,1.31],[1511971200000,1.32],[1512057600000,1.33],[1512230400000,1.36],[1512316800000,1.37],[1512403200000,1.38],[1512489600000,1.39],[1512576000000,1.40],[1512662400000,1.42],[1512835200000,1.44],[1512921600000,1.45],[1513008000000,1.46],[1513094400000,1.47],[1513180800000,1.49],[1513267200000,1.50],[1513440000000,1.52],[1513526400000,1.53],[1513612800000,1.55],[1513699200000,1.56],[1513785600000,1.57],[1513872000000,1.58],[1514044800000,1.61],[1514131200000,1.62],[1514217600000,1.64],[1514304000000,1.65],[1514390400000,1.66],[1514476800000,1.68],[1514649600000,1.70],[1514736000000,1.74],[1514822400000,1.76],[1514908800000,1.77],[1514995200000,1.78],[1515081600000,1.80],[1515254400000,1.82],[1515340800000,1.83],[1515427200000,1.84],[1515513600000,1.85],[1515600000000,1.87],[1515686400000,1.88],[1515859200000,1.90],[1515945600000,1.91],[1516032000000,1.93],[1516118400000,1.94],[1516204800000,1.95],[1516291200000,1.96],[1516464000000,1.99],[1516550400000,2.00],[1516636800000,2.01],[1516723200000,2.02],[1516809600000,2.03],[1516896000000,2.05],[1517068800000,2.07],[1517155200000,2.08],[1517241600000,2.09],[1517328000000,2.11],[1517414400000,2.12],[1517500800000,2.13],[1517673600000,2.15],[1517760000000,2.16],[1517846400000,2.18]]},{"name":"同类平均","data":[[1502035200000,0],[1502121600000,0.01],[1502208000000,0.02],[1502294400000,0.03],[1502380800000,0.04],[1502640000000,0.07],[1502726400000,0.08],[1502812800000,0.09],[1502899200000,0.10],[1502985600000,0.11],[1503244800000,0.14],[1503331200000,0.16],[1503417600000,0.17],[1503504000000,0.18],[1503590400000,0.19],[1503849600000,0.22],[1503936000000,0.23],[1504022400000,0.24],[1504108800000,0.25],[1504195200000,0.26],[1504454400000,0.29],[1504540800000,0.30],[1504627200000,0.31],[1504713600000,0.32],[1504800000000,0.34],[1505059200000,0.37],[1505145600000,0.38],[1505232000000,0.39],[1505318400000,0.40],[1505404800000,0.41],[1505664000000,0.44],[1505750400000,0.45],[1505836800000,0.46],[1505923200000,0.47],[1506009600000,0.48],[1506268800000,0.52],[1506355200000,0.53],[1506441600000,0.54],[1506528000000,0.55],[1506614400000,0.56],[1507478400000,0.67],[1507564800000,0.68],[1507651200000,0.69],[1507737600000,0.71],[1507824000000,0.72],[1508083200000,0.75],[1508169600000,0.76],[1508256000000,0.77],[1508342400000,0.78],[1508428800000,0.79],[1508688000000,0.82],[1508774400000,0.83],[1508860800000,0.84],[1508947200000,0.85],[1509033600000,0.86],[1509292800000,0.90],[1509379200000,0.91],[1509465600000,0.92],[1509552000000,0.93],[1509638400000,0.94],[1509897600000,0.97],[1509984000000,0.98],[1510070400000,0.99],[1510156800000,1.00],[1510243200000,1.01],[1510502400000,1.04],[1510588800000,1.06],[1510675200000,1.07],[1510761600000,1.08],[1510848000000,1.09],[1511107200000,1.12],[1511193600000,1.13],[1511280000000,1.14],[1511366400000,1.15],[1511452800000,1.16],[1511712000000,1.20],[1511798400000,1.21],[1511884800000,1.22],[1511971200000,1.23],[1512057600000,1.24],[1512316800000,1.28],[1512403200000,1.29],[1512489600000,1.30],[1512576000000,1.31],[1512662400000,1.32],[1512921600000,1.35],[1513008000000,1.36],[1513094400000,1.38],[1513180800000,1.39],[1513267200000,1.40],[1513526400000,1.43],[1513612800000,1.44],[1513699200000,1.46],[1513785600000,1.47],[1513872000000,1.48],[1514131200000,1.51],[1514217600000,1.53],[1514304000000,1.54],[1514390400000,1.55],[1514476800000,1.57],[1514822400000,1.62],[1514908800000,1.64],[1514995200000,1.65],[1515081600000,1.66],[1515340800000,1.69],[1515427200000,1.71],[1515513600000,1.72],[1515600000000,1.73],[1515686400000,1.74],[1515945600000,1.77],[1516032000000,1.79],[1516118400000,1.80],[1516204800000,1.81],[1516291200000,1.82],[1516550400000,1.86],[1516636800000,1.87],[1516723200000,1.88],[1516809600000,1.89],[1516896000000,1.90],[1517155200000,1.94],[1517241600000,1.95],[1517328000000,1.96],[1517414400000,1.97],[1517500800000,1.98],[1517760000000,2.02],[1517846400000,2.03]]},{"name":"沪深300","data":[[1502035200000,0],[1502121600000,0.15],[1502208000000,0.11],[1502294400000,-0.29],[1502380800000,-2.13],[1502640000000,-0.86],[1502726400000,-0.56],[1502812800000,-0.68],[1502899200000,-0.15],[1502985600000,-0.06],[1503244800000,0.38],[1503331200000,0.68],[1503417600000,0.79],[1503504000000,0.21],[1503590400000,1.85],[1503849600000,3.11],[1503936000000,2.89],[1504022400000,2.88],[1504108800000,2.56],[1504195200000,2.78],[1504454400000,3.19],[1504540800000,3.50],[1504627200000,3.29],[1504713600000,2.77],[1504800000000,2.66],[1505059200000,2.65],[1505145600000,2.98],[1505232000000,3.11],[1505318400000,2.77],[1505404800000,2.80],[1505664000000,3.12],[1505750400000,2.83],[1505836800000,3.10],[1505923200000,2.98],[1506009600000,2.98],[1506268800000,2.44],[1506355200000,2.52],[1506441600000,2.53],[1506528000000,2.57],[1506614400000,2.94],[1507478400000,4.17],[1507564800000,4.38],[1507651200000,4.72],[1507737600000,5.00],[1507824000000,5.21],[1508083200000,5.01],[1508169600000,5.00],[1508256000000,5.83],[1508342400000,5.49],[1508428800000,5.37],[1508688000000,5.47],[1508774400000,6.24],[1508860800000,6.71],[1508947200000,7.16],[1509033600000,7.92],[1509292800000,7.59],[1509379200000,7.51],[1509465600000,7.24],[1509552000000,7.25],[1509638400000,7.13],[1509897600000,7.89],[1509984000000,8.79],[1510070400000,8.62],[1510156800000,9.37],[1510243200000,10.33],[1510502400000,10.77],[1510588800000,10.00],[1510675200000,9.31],[1510761600000,10.15],[1510848000000,10.57],[1511107200000,11.19],[1511193600000,13.17],[1511280000000,13.44],[1511366400000,10.08],[1511452800000,10.13],[1511712000000,8.67],[1511798400000,8.83],[1511884800000,8.77],[1511971200000,7.49],[1512057600000,7.28],[1512316800000,7.84],[1512403200000,8.41],[1512489600000,7.76],[1512576000000,6.55],[1512662400000,7.42],[1512921600000,9.20],[1513008000000,7.76],[1513094400000,8.67],[1513180800000,8.03],[1513267200000,6.82],[1513526400000,6.94],[1513612800000,8.28],[1513699200000,8.15],[1513785600000,9.15],[1513872000000,8.80],[1514131200000,8.45],[1514217600000,8.77],[1514304000000,7.09],[1514390400000,7.84],[1514476800000,8.16],[1514822400000,9.68],[1514908800000,10.32],[1514995200000,10.79],[1515081600000,11.05],[1515340800000,11.63],[1515427200000,12.41],[1515513600000,12.91],[1515600000000,12.85],[1515686400000,13.37],[1515945600000,13.37],[1516032000000,14.27],[1516118400000,13.99],[1516204800000,14.61],[1516291200000,14.99],[1516550400000,16.36],[1516636800000,17.60],[1516723200000,17.79],[1516809600000,17.13],[1516896000000,17.56],[1517155200000,15.43],[1517241600000,14.20],[1517328000000,14.73],[1517414400000,13.93],[1517500800000,14.61],[1517760000000,14.69],[1517846400000,11.33]]}];
/*同类排名*/
var Data_rateInSimilarType = [{"x":1426694400000,"y":277,"sc":"304"},{"x":1426780800000,"y":279,"sc":"304"},{"x":1427040000000,"y":275,"sc":"304"},{"x":1427126400000,"y":269,"sc":"304"},{"x":1427212800000,"y":267,"sc":"304"},{"x":1427299200000,"y":270,"sc":"306"},{"x":1427385600000,"y":271,"sc":"306"},{"x":1427644800000,"y":272,"sc":"307"},{"x":1427731200000,"y":268,"sc":"309"},{"x":1427817600000,"y":270,"sc":"307"},{"x":1427904000000,"y":270,"sc":"307"},{"x":1427990400000,"y":271,"sc":"307"},{"x":1428336000000,"y":256,"sc":"307"},{"x":1428422400000,"y":256,"sc":"307"},{"x":1428508800000,"y":233,"sc":"307"},{"x":1428595200000,"y":238,"sc":"307"},{"x":1428854400000,"y":208,"sc":"307"},{"x":1428940800000,"y":214,"sc":"307"},{"x":1429027200000,"y":221,"sc":"307"},{"x":1429113600000,"y":225,"sc":"310"},{"x":1429200000000,"y":227,"sc":"310"},{"x":1429459200000,"y":234,"sc":"311"},{"x":1429545600000,"y":235,"sc":"311"},{"x":1429632000000,"y":238,"sc":"313"},{"x":1429718400000,"y":241,"sc":"315"},{"x":1429804800000,"y":240,"sc":"313"},{"x":1430064000000,"y":253,"sc":"313"},{"x":1430150400000,"y":254,"sc":"314"},{"x":1430236800000,"y":232,"sc":"314"},{"x":1430323200000,"y":230,"sc":"314"},{"x":1430668800000,"y":228,"sc":"315"},{"x":1430755200000,"y":229,"sc":"315"},{"x":1430841600000,"y":228,"sc":"315"},{"x":1430928000000,"y":213,"sc":"315"},{"x":1431014400000,"y":219,"sc":"315"},{"x":1431273600000,"y":215,"sc":"316"},{"x":1431360000000,"y":244,"sc":"316"},{"x":1431446400000,"y":246,"sc":"316"},{"x":1431532800000,"y":243,"sc":"318"},{"x":1431619200000,"y":246,"sc":"316"},{"x":1431878400000,"y":241,"sc":"316"},{"x":1431964800000,"y":212,"sc":"316"},{"x":1432051200000,"y":215,"sc":"316"},{"x":1432137600000,"y":214,"sc":"316"},{"x":1432224000000,"y":211,"sc":"316"},{"x":1432483200000,"y":195,"sc":"316"},{"x":1432569600000,"y":194,"sc":"316"},{"x":1432656000000,"y":190,"sc":"316"},{"x":1432742400000,"y":186,"sc":"316"},{"x":1432828800000,"y":190,"sc":"316"},{"x":1433088000000,"y":188,"sc":"316"},{"x":1433174400000,"y":192,"sc":"317"},{"x":1433260800000,"y":210,"sc":"317"},{"x":1433347200000,"y":233,"sc":"317"},{"x":1433433600000,"y":239,"sc":"317"},{"x":1433692800000,"y":237,"sc":"317"},{"x":1433779200000,"y":237,"sc":"317"},{"x":1433865600000,"y":231,"sc":"317"},{"x":1433952000000,"y":228,"sc":"319"},{"x":1434038400000,"y":223,"sc":"319"},{"x":1434297600000,"y":221,"sc":"319"},{"x":1434384000000,"y":216,"sc":"319"},{"x":1434470400000,"y":217,"sc":"319"},{"x":1434556800000,"y":201,"sc":"319"},{"x":1434643200000,"y":198,"sc":"321"},{"x":1434988800000,"y":172,"sc":"319"},{"x":1435075200000,"y":177,"sc":"320"},{"x":1435161600000,"y":178,"sc":"320"},{"x":1435248000000,"y":177,"sc":"322"},{"x":1435507200000,"y":171,"sc":"321"},{"x":1435593600000,"y":169,"sc":"321"},{"x":1435680000000,"y":166,"sc":"321"},{"x":1435766400000,"y":157,"sc":"321"},{"x":1435852800000,"y":154,"sc":"323"},{"x":1436112000000,"y":152,"sc":"323"},{"x":1436198400000,"y":153,"sc":"323"},{"x":1436284800000,"y":126,"sc":"323"},{"x":1436371200000,"y":162,"sc":"323"},{"x":1436457600000,"y":158,"sc":"323"},{"x":1436716800000,"y":186,"sc":"323"},{"x":1436803200000,"y":183,"sc":"325"},{"x":1436889600000,"y":180,"sc":"323"},{"x":1436976000000,"y":176,"sc":"325"},{"x":1437062400000,"y":174,"sc":"323"},{"x":1437321600000,"y":171,"sc":"323"},{"x":1437408000000,"y":169,"sc":"323"},{"x":1437494400000,"y":156,"sc":"323"},{"x":1437580800000,"y":148,"sc":"323"},{"x":1437667200000,"y":148,"sc":"326"},{"x":1437926400000,"y":122,"sc":"324"},{"x":1438012800000,"y":120,"sc":"324"},{"x":1438099200000,"y":139,"sc":"324"},{"x":1438185600000,"y":137,"sc":"325"},{"x":1438272000000,"y":137,"sc":"325"},{"x":1438531200000,"y":118,"sc":"325"},{"x":1438617600000,"y":83,"sc":"327"},{"x":1438704000000,"y":84,"sc":"325"},{"x":1438790400000,"y":83,"sc":"325"},{"x":1438876800000,"y":104,"sc":"328"},{"x":1439136000000,"y":92,"sc":"328"},{"x":1439222400000,"y":89,"sc":"328"},{"x":1439308800000,"y":77,"sc":"328"},{"x":1439395200000,"y":72,"sc":"328"},{"x":1439481600000,"y":66,"sc":"330"},{"x":1439740800000,"y":44,"sc":"330"},{"x":1439827200000,"y":43,"sc":"331"},{"x":1439913600000,"y":79,"sc":"331"},{"x":1440000000000,"y":65,"sc":"331"},{"x":1440086400000,"y":66,"sc":"331"},{"x":1440345600000,"y":63,"sc":"331"},{"x":1440432000000,"y":64,"sc":"331"},{"x":1440518400000,"y":60,"sc":"332"},{"x":1440604800000,"y":59,"sc":"332"},{"x":1440691200000,"y":60,"sc":"334"},{"x":1440950400000,"y":59,"sc":"332"},{"x":1441036800000,"y":56,"sc":"332"},{"x":1441123200000,"y":54,"sc":"332"},{"x":1441555200000,"y":35,"sc":"332"},{"x":1441641600000,"y":34,"sc":"332"},{"x":1441728000000,"y":31,"sc":"332"},{"x":1441814400000,"y":48,"sc":"331"},{"x":1441900800000,"y":54,"sc":"331"},{"x":1442160000000,"y":32,"sc":"332"},{"x":1442246400000,"y":30,"sc":"332"},{"x":1442332800000,"y":31,"sc":"332"},{"x":1442419200000,"y":30,"sc":"332"},{"x":1442505600000,"y":47,"sc":"332"},{"x":1442764800000,"y":46,"sc":"335"},{"x":1442851200000,"y":59,"sc":"335"},{"x":1442937600000,"y":83,"sc":"335"},{"x":1443024000000,"y":79,"sc":"335"},{"x":1443110400000,"y":79,"sc":"337"},{"x":1443369600000,"y":82,"sc":"342"},{"x":1443456000000,"y":84,"sc":"342"},{"x":1443542400000,"y":80,"sc":"342"},{"x":1444233600000,"y":109,"sc":"344"},{"x":1444320000000,"y":106,"sc":"344"},{"x":1444579200000,"y":109,"sc":"342"},{"x":1444665600000,"y":111,"sc":"340"},{"x":1444752000000,"y":110,"sc":"342"},{"x":1444838400000,"y":111,"sc":"341"},{"x":1444924800000,"y":109,"sc":"343"},{"x":1445184000000,"y":116,"sc":"342"},{"x":1445270400000,"y":116,"sc":"342"},{"x":1445356800000,"y":117,"sc":"344"},{"x":1445443200000,"y":129,"sc":"345"},{"x":1445529600000,"y":139,"sc":"345"},{"x":1445788800000,"y":138,"sc":"345"},{"x":1445875200000,"y":182,"sc":"345"},{"x":1445961600000,"y":185,"sc":"345"},{"x":1446048000000,"y":89,"sc":"345"},{"x":1446134400000,"y":85,"sc":"347"},{"x":1446393600000,"y":78,"sc":"345"},{"x":1446480000000,"y":98,"sc":"345"},{"x":1446566400000,"y":141,"sc":"345"},{"x":1446652800000,"y":146,"sc":"345"},{"x":1446739200000,"y":140,"sc":"345"},{"x":1446998400000,"y":135,"sc":"348"},{"x":1447084800000,"y":152,"sc":"350"},{"x":1447171200000,"y":147,"sc":"348"},{"x":1447257600000,"y":153,"sc":"348"},{"x":1447344000000,"y":152,"sc":"350"},{"x":1447603200000,"y":154,"sc":"350"},{"x":1447689600000,"y":180,"sc":"350"},{"x":1447776000000,"y":181,"sc":"350"},{"x":1447862400000,"y":180,"sc":"352"},{"x":1447948800000,"y":181,"sc":"350"},{"x":1448208000000,"y":183,"sc":"353"},{"x":1448294400000,"y":183,"sc":"353"},{"x":1448380800000,"y":180,"sc":"351"},{"x":1448467200000,"y":178,"sc":"351"},{"x":1448553600000,"y":178,"sc":"353"},{"x":1448812800000,"y":172,"sc":"353"},{"x":1448899200000,"y":176,"sc":"353"},{"x":1448985600000,"y":177,"sc":"351"},{"x":1449072000000,"y":177,"sc":"351"},{"x":1449158400000,"y":153,"sc":"353"},{"x":1449417600000,"y":196,"sc":"353"},{"x":1449504000000,"y":194,"sc":"353"},{"x":1449590400000,"y":197,"sc":"353"},{"x":1449676800000,"y":197,"sc":"353"},{"x":1449763200000,"y":173,"sc":"353"},{"x":1450022400000,"y":222,"sc":"352"},{"x":1450108800000,"y":217,"sc":"352"},{"x":1450195200000,"y":217,"sc":"352"},{"x":1450281600000,"y":216,"sc":"352"},{"x":1450368000000,"y":219,"sc":"351"},{"x":1450627200000,"y":220,"sc":"351"},{"x":1450713600000,"y":220,"sc":"351"},{"x":1450800000000,"y":225,"sc":"351"},{"x":1450886400000,"y":225,"sc":"351"},{"x":1450972800000,"y":228,"sc":"352"},{"x":1451232000000,"y":225,"sc":"354"},{"x":1451318400000,"y":223,"sc":"354"},{"x":1451404800000,"y":224,"sc":"356"},{"x":1451491200000,"y":225,"sc":"356"},{"x":1451836800000,"y":209,"sc":"356"},{"x":1451923200000,"y":197,"sc":"356"},{"x":1452009600000,"y":194,"sc":"356"},{"x":1452096000000,"y":182,"sc":"356"},{"x":1452182400000,"y":178,"sc":"356"},{"x":1452441600000,"y":176,"sc":"356"},{"x":1452528000000,"y":173,"sc":"356"},{"x":1452614400000,"y":167,"sc":"356"},{"x":1452700800000,"y":166,"sc":"356"},{"x":1452787200000,"y":162,"sc":"356"},{"x":1453046400000,"y":153,"sc":"356"},{"x":1453132800000,"y":146,"sc":"356"},{"x":1453219200000,"y":141,"sc":"356"},{"x":1453305600000,"y":142,"sc":"357"},{"x":1453392000000,"y":140,"sc":"358"},{"x":1453651200000,"y":136,"sc":"360"},{"x":1453737600000,"y":134,"sc":"360"},{"x":1453824000000,"y":132,"sc":"360"},{"x":1453910400000,"y":128,"sc":"360"},{"x":1453996800000,"y":240,"sc":"360"},{"x":1454256000000,"y":237,"sc":"360"},{"x":1454342400000,"y":251,"sc":"360"},{"x":1454428800000,"y":253,"sc":"360"},{"x":1454515200000,"y":251,"sc":"365"},{"x":1454601600000,"y":249,"sc":"366"},{"x":1455465600000,"y":240,"sc":"369"},{"x":1455552000000,"y":240,"sc":"369"},{"x":1455638400000,"y":240,"sc":"369"},{"x":1455724800000,"y":239,"sc":"369"},{"x":1455811200000,"y":238,"sc":"369"},{"x":1456070400000,"y":237,"sc":"369"},{"x":1456156800000,"y":239,"sc":"370"},{"x":1456243200000,"y":238,"sc":"373"},{"x":1456329600000,"y":241,"sc":"373"},{"x":1456416000000,"y":240,"sc":"375"},{"x":1456675200000,"y":235,"sc":"375"},{"x":1456761600000,"y":232,"sc":"376"},{"x":1456848000000,"y":233,"sc":"376"},{"x":1456934400000,"y":238,"sc":"376"},{"x":1457020800000,"y":257,"sc":"376"},{"x":1457280000000,"y":262,"sc":"376"},{"x":1457366400000,"y":265,"sc":"380"},{"x":1457452800000,"y":263,"sc":"380"},{"x":1457539200000,"y":265,"sc":"380"},{"x":1457625600000,"y":281,"sc":"381"},{"x":1457884800000,"y":282,"sc":"381"},{"x":1457971200000,"y":284,"sc":"380"},{"x":1458057600000,"y":288,"sc":"382"},{"x":1458144000000,"y":286,"sc":"383"},{"x":1458230400000,"y":288,"sc":"383"},{"x":1458489600000,"y":264,"sc":"383"},{"x":1458576000000,"y":265,"sc":"385"},{"x":1458662400000,"y":250,"sc":"385"},{"x":1458748800000,"y":243,"sc":"385"},{"x":1458835200000,"y":242,"sc":"391"},{"x":1459094400000,"y":188,"sc":"391"},{"x":1459180800000,"y":185,"sc":"391"},{"x":1459267200000,"y":182,"sc":"391"},{"x":1459353600000,"y":184,"sc":"392"},{"x":1459440000000,"y":184,"sc":"392"},{"x":1459785600000,"y":203,"sc":"392"},{"x":1459872000000,"y":205,"sc":"392"},{"x":1459958400000,"y":228,"sc":"392"},{"x":1460044800000,"y":223,"sc":"392"},{"x":1460304000000,"y":229,"sc":"394"},{"x":1460390400000,"y":209,"sc":"394"},{"x":1460476800000,"y":210,"sc":"394"},{"x":1460563200000,"y":212,"sc":"394"},{"x":1460649600000,"y":212,"sc":"394"},{"x":1460908800000,"y":211,"sc":"394"},{"x":1460995200000,"y":211,"sc":"394"},{"x":1461081600000,"y":208,"sc":"394"},{"x":1461168000000,"y":100,"sc":"394"},{"x":1461254400000,"y":34,"sc":"394"},{"x":1461513600000,"y":33,"sc":"394"},{"x":1461600000000,"y":33,"sc":"394"},{"x":1461686400000,"y":32,"sc":"394"},{"x":1461772800000,"y":31,"sc":"394"},{"x":1461859200000,"y":31,"sc":"394"},{"x":1462204800000,"y":13,"sc":"394"},{"x":1462291200000,"y":13,"sc":"394"},{"x":1462377600000,"y":12,"sc":"400"},{"x":1462464000000,"y":12,"sc":"400"},{"x":1462723200000,"y":14,"sc":"400"},{"x":1462809600000,"y":15,"sc":"400"},{"x":1462896000000,"y":14,"sc":"400"},{"x":1462982400000,"y":15,"sc":"400"},{"x":1463068800000,"y":5,"sc":"400"},{"x":1463328000000,"y":6,"sc":"400"},{"x":1463414400000,"y":6,"sc":"400"},{"x":1463500800000,"y":3,"sc":"400"},{"x":1463587200000,"y":3,"sc":"400"},{"x":1463673600000,"y":3,"sc":"400"},{"x":1463932800000,"y":4,"sc":"400"},{"x":1464019200000,"y":3,"sc":"400"},{"x":1464105600000,"y":3,"sc":"400"},{"x":1464192000000,"y":3,"sc":"400"},{"x":1464278400000,"y":2,"sc":"400"},{"x":1464537600000,"y":3,"sc":"400"},{"x":1464624000000,"y":3,"sc":"400"},{"x":1464710400000,"y":2,"sc":"400"},{"x":1464796800000,"y":3,"sc":"400"},{"x":1464883200000,"y":3,"sc":"400"},{"x":1465142400000,"y":3,"sc":"402"},{"x":1465228800000,"y":3,"sc":"402"},{"x":1465315200000,"y":3,"sc":"402"},{"x":1465747200000,"y":3,"sc":"402"},{"x":1465833600000,"y":2,"sc":"402"},{"x":1465920000000,"y":2,"sc":"403"},{"x":1466006400000,"y":2,"sc":"403"},{"x":1466092800000,"y":2,"sc":"403"},{"x":1466352000000,"y":3,"sc":"403"},{"x":1466438400000,"y":3,"sc":"404"},{"x":1466524800000,"y":3,"sc":"404"},{"x":1466611200000,"y":2,"sc":"404"},{"x":1466697600000,"y":3,"sc":"404"},{"x":1466956800000,"y":3,"sc":"404"},{"x":1467043200000,"y":3,"sc":"404"},{"x":1467129600000,"y":3,"sc":"404"},{"x":1467216000000,"y":3,"sc":"404"},{"x":1467302400000,"y":3,"sc":"404"},{"x":1467561600000,"y":4,"sc":"404"},{"x":1467648000000,"y":4,"sc":"404"},{"x":1467734400000,"y":4,"sc":"404"},{"x":1467820800000,"y":3,"sc":"404"},{"x":1467907200000,"y":3,"sc":"404"},{"x":1468166400000,"y":3,"sc":"404"},{"x":1468252800000,"y":4,"sc":"404"},{"x":1468339200000,"y":4,"sc":"404"},{"x":1468425600000,"y":4,"sc":"404"},{"x":1468512000000,"y":3,"sc":"404"},{"x":1468771200000,"y":4,"sc":"404"},{"x":1468857600000,"y":4,"sc":"404"},{"x":1468944000000,"y":4,"sc":"405"},{"x":1469030400000,"y":5,"sc":"405"},{"x":1469116800000,"y":16,"sc":"405"},{"x":1469376000000,"y":15,"sc":"405"},{"x":1469462400000,"y":15,"sc":"405"},{"x":1469548800000,"y":13,"sc":"405"},{"x":1469635200000,"y":14,"sc":"407"},{"x":1469721600000,"y":14,"sc":"407"},{"x":1469980800000,"y":13,"sc":"407"},{"x":1470067200000,"y":16,"sc":"407"},{"x":1470153600000,"y":42,"sc":"407"},{"x":1470240000000,"y":42,"sc":"409"},{"x":1470326400000,"y":44,"sc":"409"},{"x":1470585600000,"y":46,"sc":"412"},{"x":1470672000000,"y":46,"sc":"413"},{"x":1470758400000,"y":44,"sc":"413"},{"x":1470844800000,"y":29,"sc":"413"},{"x":1470931200000,"y":27,"sc":"413"},{"x":1471190400000,"y":100,"sc":"413"},{"x":1471276800000,"y":98,"sc":"413"},{"x":1471363200000,"y":96,"sc":"414"},{"x":1471449600000,"y":269,"sc":"415"},{"x":1471536000000,"y":271,"sc":"415"},{"x":1471795200000,"y":270,"sc":"416"},{"x":1471881600000,"y":267,"sc":"416"},{"x":1471968000000,"y":309,"sc":"416"},{"x":1472054400000,"y":310,"sc":"416"},{"x":1472140800000,"y":306,"sc":"416"},{"x":1472400000000,"y":302,"sc":"416"},{"x":1472486400000,"y":306,"sc":"416"},{"x":1472572800000,"y":301,"sc":"416"},{"x":1472659200000,"y":328,"sc":"416"},{"x":1472745600000,"y":331,"sc":"417"},{"x":1473004800000,"y":329,"sc":"421"},{"x":1473091200000,"y":322,"sc":"421"},{"x":1473177600000,"y":319,"sc":"421"},{"x":1473264000000,"y":320,"sc":"423"},{"x":1473350400000,"y":316,"sc":"424"},{"x":1473609600000,"y":310,"sc":"424"},{"x":1473696000000,"y":308,"sc":"424"},{"x":1473782400000,"y":309,"sc":"424"},{"x":1474214400000,"y":312,"sc":"424"},{"x":1474300800000,"y":306,"sc":"424"},{"x":1474387200000,"y":306,"sc":"424"},{"x":1474473600000,"y":307,"sc":"427"},{"x":1474560000000,"y":309,"sc":"427"},{"x":1474819200000,"y":311,"sc":"430"},{"x":1474905600000,"y":312,"sc":"430"},{"x":1474992000000,"y":313,"sc":"430"},{"x":1475078400000,"y":268,"sc":"432"},{"x":1475164800000,"y":269,"sc":"432"},{"x":1476028800000,"y":269,"sc":"434"},{"x":1476115200000,"y":264,"sc":"434"},{"x":1476201600000,"y":265,"sc":"435"},{"x":1476288000000,"y":128,"sc":"437"},{"x":1476374400000,"y":127,"sc":"435"},{"x":1476633600000,"y":129,"sc":"436"},{"x":1476720000000,"y":94,"sc":"438"},{"x":1476806400000,"y":93,"sc":"437"},{"x":1476892800000,"y":92,"sc":"437"},{"x":1476979200000,"y":96,"sc":"437"},{"x":1477238400000,"y":101,"sc":"440"},{"x":1477324800000,"y":98,"sc":"440"},{"x":1477411200000,"y":102,"sc":"441"},{"x":1477497600000,"y":101,"sc":"441"},{"x":1477584000000,"y":104,"sc":"445"},{"x":1477843200000,"y":63,"sc":"447"},{"x":1477929600000,"y":62,"sc":"447"},{"x":1478016000000,"y":62,"sc":"447"},{"x":1478102400000,"y":60,"sc":"447"},{"x":1478188800000,"y":61,"sc":"448"},{"x":1478448000000,"y":60,"sc":"450"},{"x":1478534400000,"y":61,"sc":"450"},{"x":1478620800000,"y":62,"sc":"450"},{"x":1478707200000,"y":60,"sc":"450"},{"x":1478793600000,"y":79,"sc":"450"},{"x":1479052800000,"y":81,"sc":"450"},{"x":1479139200000,"y":80,"sc":"450"},{"x":1479225600000,"y":61,"sc":"450"},{"x":1479312000000,"y":63,"sc":"450"},{"x":1479398400000,"y":61,"sc":"450"},{"x":1479657600000,"y":60,"sc":"451"},{"x":1479744000000,"y":60,"sc":"451"},{"x":1479830400000,"y":60,"sc":"451"},{"x":1479916800000,"y":60,"sc":"451"},{"x":1480003200000,"y":60,"sc":"451"},{"x":1480262400000,"y":58,"sc":"451"},{"x":1480348800000,"y":60,"sc":"452"},{"x":1480435200000,"y":57,"sc":"452"},{"x":1480521600000,"y":56,"sc":"452"},{"x":1480608000000,"y":56,"sc":"455"},{"x":1480867200000,"y":63,"sc":"455"},{"x":1480953600000,"y":63,"sc":"455"},{"x":1481040000000,"y":64,"sc":"455"},{"x":1481126400000,"y":66,"sc":"455"},{"x":1481212800000,"y":66,"sc":"456"},{"x":1481472000000,"y":75,"sc":"457"},{"x":1481558400000,"y":72,"sc":"458"},{"x":1481644800000,"y":72,"sc":"458"},{"x":1481731200000,"y":70,"sc":"458"},{"x":1481817600000,"y":71,"sc":"458"},{"x":1482076800000,"y":84,"sc":"458"},{"x":1482163200000,"y":79,"sc":"458"},{"x":1482249600000,"y":80,"sc":"458"},{"x":1482336000000,"y":86,"sc":"459"},{"x":1482422400000,"y":85,"sc":"463"},{"x":1482681600000,"y":85,"sc":"464"},{"x":1482768000000,"y":82,"sc":"464"},{"x":1482854400000,"y":73,"sc":"466"},{"x":1482940800000,"y":103,"sc":"466"},{"x":1483027200000,"y":98,"sc":"469"},{"x":1483372800000,"y":65,"sc":"469"},{"x":1483459200000,"y":60,"sc":"468"},{"x":1483545600000,"y":54,"sc":"469"},{"x":1483632000000,"y":51,"sc":"469"},{"x":1483891200000,"y":52,"sc":"469"},{"x":1483977600000,"y":48,"sc":"469"},{"x":1484064000000,"y":43,"sc":"469"},{"x":1484150400000,"y":39,"sc":"469"},{"x":1484236800000,"y":120,"sc":"469"},{"x":1484496000000,"y":113,"sc":"472"},{"x":1484582400000,"y":109,"sc":"474"},{"x":1484668800000,"y":137,"sc":"476"},{"x":1484755200000,"y":133,"sc":"476"},{"x":1484841600000,"y":133,"sc":"476"},{"x":1485100800000,"y":130,"sc":"481"},{"x":1485187200000,"y":127,"sc":"482"},{"x":1485273600000,"y":124,"sc":"484"},{"x":1485360000000,"y":122,"sc":"485"},{"x":1486051200000,"y":160,"sc":"489"},{"x":1486310400000,"y":150,"sc":"491"},{"x":1486396800000,"y":148,"sc":"491"},{"x":1486483200000,"y":146,"sc":"491"},{"x":1486569600000,"y":143,"sc":"491"},{"x":1486656000000,"y":141,"sc":"494"},{"x":1486915200000,"y":138,"sc":"496"},{"x":1487001600000,"y":138,"sc":"496"},{"x":1487088000000,"y":139,"sc":"496"},{"x":1487174400000,"y":151,"sc":"496"},{"x":1487260800000,"y":144,"sc":"496"},{"x":1487520000000,"y":139,"sc":"496"},{"x":1487606400000,"y":135,"sc":"496"},{"x":1487692800000,"y":134,"sc":"496"},{"x":1487779200000,"y":134,"sc":"498"},{"x":1487865600000,"y":134,"sc":"500"},{"x":1488124800000,"y":131,"sc":"503"},{"x":1488211200000,"y":125,"sc":"503"},{"x":1488297600000,"y":125,"sc":"503"},{"x":1488384000000,"y":125,"sc":"511"},{"x":1488470400000,"y":120,"sc":"511"},{"x":1488729600000,"y":120,"sc":"513"},{"x":1488816000000,"y":119,"sc":"515"},{"x":1488902400000,"y":112,"sc":"516"},{"x":1488988800000,"y":109,"sc":"518"},{"x":1489075200000,"y":104,"sc":"518"},{"x":1489334400000,"y":97,"sc":"518"},{"x":1489420800000,"y":98,"sc":"518"},{"x":1489507200000,"y":97,"sc":"518"},{"x":1489593600000,"y":95,"sc":"520"},{"x":1489680000000,"y":90,"sc":"520"},{"x":1489939200000,"y":86,"sc":"522"},{"x":1490025600000,"y":78,"sc":"522"},{"x":1490112000000,"y":72,"sc":"524"},{"x":1490198400000,"y":69,"sc":"530"},{"x":1490284800000,"y":68,"sc":"530"},{"x":1490544000000,"y":67,"sc":"534"},{"x":1490630400000,"y":71,"sc":"535"},{"x":1490716800000,"y":72,"sc":"535"},{"x":1490803200000,"y":69,"sc":"538"},{"x":1490889600000,"y":68,"sc":"538"},{"x":1491321600000,"y":104,"sc":"538"},{"x":1491408000000,"y":106,"sc":"540"},{"x":1491494400000,"y":101,"sc":"540"},{"x":1491753600000,"y":120,"sc":"540"},{"x":1491840000000,"y":120,"sc":"540"},{"x":1491926400000,"y":123,"sc":"540"},{"x":1492012800000,"y":121,"sc":"541"},{"x":1492099200000,"y":115,"sc":"541"},{"x":1492358400000,"y":113,"sc":"543"},{"x":1492444800000,"y":113,"sc":"543"},{"x":1492531200000,"y":111,"sc":"543"},{"x":1492617600000,"y":110,"sc":"545"},{"x":1492704000000,"y":103,"sc":"545"},{"x":1492963200000,"y":100,"sc":"545"},{"x":1493049600000,"y":96,"sc":"547"},{"x":1493136000000,"y":94,"sc":"549"},{"x":1493222400000,"y":87,"sc":"549"},{"x":1493308800000,"y":78,"sc":"549"},{"x":1493654400000,"y":96,"sc":"549"},{"x":1493740800000,"y":91,"sc":"550"},{"x":1493827200000,"y":82,"sc":"550"},{"x":1493913600000,"y":87,"sc":"550"},{"x":1494172800000,"y":90,"sc":"550"},{"x":1494259200000,"y":92,"sc":"550"},{"x":1494345600000,"y":91,"sc":"550"},{"x":1494432000000,"y":83,"sc":"550"},{"x":1494518400000,"y":89,"sc":"550"},{"x":1494777600000,"y":87,"sc":"554"},{"x":1494864000000,"y":87,"sc":"556"},{"x":1494950400000,"y":94,"sc":"560"},{"x":1495036800000,"y":85,"sc":"560"},{"x":1495123200000,"y":94,"sc":"560"},{"x":1495382400000,"y":98,"sc":"560"},{"x":1495468800000,"y":101,"sc":"562"},{"x":1495555200000,"y":101,"sc":"564"},{"x":1495641600000,"y":91,"sc":"564"},{"x":1495728000000,"y":100,"sc":"564"},{"x":1496160000000,"y":90,"sc":"564"},{"x":1496246400000,"y":89,"sc":"564"},{"x":1496332800000,"y":88,"sc":"564"},{"x":1496592000000,"y":84,"sc":"566"},{"x":1496678400000,"y":85,"sc":"566"},{"x":1496764800000,"y":83,"sc":"566"},{"x":1496851200000,"y":84,"sc":"566"},{"x":1496937600000,"y":83,"sc":"566"},{"x":1497196800000,"y":85,"sc":"574"},{"x":1497283200000,"y":83,"sc":"574"},{"x":1497369600000,"y":87,"sc":"575"},{"x":1497456000000,"y":87,"sc":"575"},{"x":1497542400000,"y":89,"sc":"575"},{"x":1497801600000,"y":93,"sc":"577"},{"x":1497888000000,"y":97,"sc":"577"},{"x":1497974400000,"y":99,"sc":"575"},{"x":1498060800000,"y":99,"sc":"575"},{"x":1498147200000,"y":100,"sc":"576"},{"x":1498406400000,"y":105,"sc":"579"},{"x":1498492800000,"y":102,"sc":"579"},{"x":1498579200000,"y":104,"sc":"579"},{"x":1498665600000,"y":101,"sc":"579"},{"x":1498752000000,"y":100,"sc":"582"},{"x":1499011200000,"y":77,"sc":"582"},{"x":1499097600000,"y":100,"sc":"582"},{"x":1499184000000,"y":100,"sc":"583"},{"x":1499270400000,"y":99,"sc":"583"},{"x":1499356800000,"y":98,"sc":"583"},{"x":1499616000000,"y":98,"sc":"583"},{"x":1499702400000,"y":99,"sc":"583"},{"x":1499788800000,"y":97,"sc":"583"},{"x":1499875200000,"y":98,"sc":"583"},{"x":1499961600000,"y":97,"sc":"586"},{"x":1500220800000,"y":97,"sc":"586"},{"x":1500307200000,"y":98,"sc":"586"},{"x":1500393600000,"y":100,"sc":"589"},{"x":1500480000000,"y":100,"sc":"589"},{"x":1500566400000,"y":105,"sc":"593"},{"x":1500825600000,"y":106,"sc":"593"},{"x":1500912000000,"y":104,"sc":"593"},{"x":1500998400000,"y":104,"sc":"594"},{"x":1501084800000,"y":105,"sc":"594"},{"x":1501171200000,"y":104,"sc":"594"},{"x":1501430400000,"y":92,"sc":"594"},{"x":1501516800000,"y":106,"sc":"594"},{"x":1501603200000,"y":106,"sc":"594"},{"x":1501689600000,"y":106,"sc":"594"},{"x":1501776000000,"y":107,"sc":"594"},{"x":1502035200000,"y":107,"sc":"596"},{"x":1502121600000,"y":108,"sc":"596"},{"x":1502208000000,"y":111,"sc":"596"},{"x":1502294400000,"y":113,"sc":"596"},{"x":1502380800000,"y":116,"sc":"596"},{"x":1502640000000,"y":118,"sc":"596"},{"x":1502726400000,"y":120,"sc":"596"},{"x":1502812800000,"y":122,"sc":"596"},{"x":1502899200000,"y":116,"sc":"596"},{"x":1502985600000,"y":123,"sc":"596"},{"x":1503244800000,"y":143,"sc":"597"},{"x":1503331200000,"y":152,"sc":"597"},{"x":1503417600000,"y":152,"sc":"597"},{"x":1503504000000,"y":155,"sc":"596"},{"x":1503590400000,"y":162,"sc":"596"},{"x":1503849600000,"y":148,"sc":"600"},{"x":1503936000000,"y":141,"sc":"600"},{"x":1504022400000,"y":190,"sc":"600"},{"x":1504108800000,"y":190,"sc":"601"},{"x":1504195200000,"y":195,"sc":"601"},{"x":1504454400000,"y":205,"sc":"601"},{"x":1504540800000,"y":208,"sc":"601"},{"x":1504627200000,"y":208,"sc":"601"},{"x":1504713600000,"y":211,"sc":"601"},{"x":1504800000000,"y":213,"sc":"601"},{"x":1505059200000,"y":219,"sc":"603"},{"x":1505145600000,"y":218,"sc":"603"},{"x":1505232000000,"y":218,"sc":"603"},{"x":1505318400000,"y":223,"sc":"605"},{"x":1505404800000,"y":224,"sc":"605"},{"x":1505664000000,"y":224,"sc":"606"},{"x":1505750400000,"y":219,"sc":"606"},{"x":1505836800000,"y":222,"sc":"603"},{"x":1505923200000,"y":220,"sc":"603"},{"x":1506009600000,"y":219,"sc":"603"},{"x":1506268800000,"y":217,"sc":"603"},{"x":1506355200000,"y":215,"sc":"603"},{"x":1506441600000,"y":210,"sc":"604"},{"x":1506528000000,"y":202,"sc":"604"},{"x":1506614400000,"y":198,"sc":"606"},{"x":1507478400000,"y":169,"sc":"606"},{"x":1507564800000,"y":167,"sc":"607"},{"x":1507651200000,"y":165,"sc":"607"},{"x":1507737600000,"y":166,"sc":"611"},{"x":1507824000000,"y":166,"sc":"611"},{"x":1508083200000,"y":170,"sc":"612"},{"x":1508169600000,"y":162,"sc":"612"},{"x":1508256000000,"y":164,"sc":"611"},{"x":1508342400000,"y":164,"sc":"611"},{"x":1508428800000,"y":166,"sc":"611"},{"x":1508688000000,"y":168,"sc":"606"},{"x":1508774400000,"y":171,"sc":"606"},{"x":1508860800000,"y":166,"sc":"607"},{"x":1508947200000,"y":165,"sc":"607"},{"x":1509033600000,"y":165,"sc":"607"},{"x":1509292800000,"y":165,"sc":"609"},{"x":1509379200000,"y":164,"sc":"610"},{"x":1509465600000,"y":162,"sc":"610"},{"x":1509552000000,"y":161,"sc":"613"},{"x":1509638400000,"y":158,"sc":"617"},{"x":1509897600000,"y":155,"sc":"621"},{"x":1509984000000,"y":155,"sc":"621"},{"x":1510070400000,"y":152,"sc":"621"},{"x":1510156800000,"y":152,"sc":"623"},{"x":1510243200000,"y":151,"sc":"623"},{"x":1510502400000,"y":145,"sc":"633"},{"x":1510588800000,"y":139,"sc":"635"},{"x":1510675200000,"y":134,"sc":"635"},{"x":1510761600000,"y":127,"sc":"635"},{"x":1510848000000,"y":122,"sc":"636"},{"x":1511107200000,"y":114,"sc":"636"},{"x":1511193600000,"y":105,"sc":"636"},{"x":1511280000000,"y":105,"sc":"636"},{"x":1511366400000,"y":98,"sc":"636"},{"x":1511452800000,"y":94,"sc":"637"},{"x":1511712000000,"y":87,"sc":"640"},{"x":1511798400000,"y":82,"sc":"640"},{"x":1511884800000,"y":79,"sc":"640"},{"x":1511971200000,"y":80,"sc":"641"},{"x":1512057600000,"y":75,"sc":"643"},{"x":1512316800000,"y":73,"sc":"643"},{"x":1512403200000,"y":73,"sc":"643"},{"x":1512489600000,"y":76,"sc":"643"},{"x":1512576000000,"y":74,"sc":"644"},{"x":1512662400000,"y":75,"sc":"652"},{"x":1512921600000,"y":78,"sc":"652"},{"x":1513008000000,"y":80,"sc":"653"},{"x":1513094400000,"y":84,"sc":"653"},{"x":1513180800000,"y":81,"sc":"654"},{"x":1513267200000,"y":80,"sc":"656"},{"x":1513526400000,"y":86,"sc":"656"},{"x":1513612800000,"y":86,"sc":"656"},{"x":1513699200000,"y":86,"sc":"656"},{"x":1513785600000,"y":80,"sc":"655"},{"x":1513872000000,"y":76,"sc":"655"},{"x":1514131200000,"y":78,"sc":"655"},{"x":1514217600000,"y":80,"sc":"655"},{"x":1514304000000,"y":77,"sc":"654"},{"x":1514390400000,"y":76,"sc":"655"},{"x":1514476800000,"y":73,"sc":"655"},{"x":1514822400000,"y":35,"sc":"655"},{"x":1514908800000,"y":35,"sc":"655"},{"x":1514995200000,"y":36,"sc":"655"},{"x":1515081600000,"y":36,"sc":"655"},{"x":1515340800000,"y":64,"sc":"655"},{"x":1515427200000,"y":67,"sc":"655"},{"x":1515513600000,"y":70,"sc":"656"},{"x":1515600000000,"y":70,"sc":"657"},{"x":1515686400000,"y":71,"sc":"657"},{"x":1515945600000,"y":76,"sc":"657"},{"x":1516032000000,"y":78,"sc":"657"},{"x":1516118400000,"y":79,"sc":"657"},{"x":1516204800000,"y":81,"sc":"657"},{"x":1516291200000,"y":80,"sc":"657"},{"x":1516550400000,"y":84,"sc":"657"},{"x":1516636800000,"y":86,"sc":"657"},{"x":1516723200000,"y":87,"sc":"657"},{"x":1516809600000,"y":86,"sc":"657"},{"x":1516896000000,"y":87,"sc":"655"},{"x":1517155200000,"y":92,"sc":"656"},{"x":1517241600000,"y":93,"sc":"656"},{"x":1517328000000,"y":97,"sc":"656"},{"x":1517414400000,"y":100,"sc":"656"},{"x":1517500800000,"y":103,"sc":"656"},{"x":1517760000000,"y":103,"sc":"656"},{"x":1517846400000,"y":102,"sc":"656"}];
/*百分比排名*/
var Data_rateInSimilarPersent = [[1426694400000,8.8800],[1426780800000,8.2200],[1427040000000,9.5400],[1427126400000,11.5100],[1427212800000,12.1700],[1427299200000,11.7600],[1427385600000,11.4400],[1427644800000,11.4000],[1427731200000,13.2700],[1427817600000,12.0500],[1427904000000,12.0500],[1427990400000,11.7300],[1428336000000,16.6100],[1428422400000,16.6100],[1428508800000,24.1000],[1428595200000,22.4800],[1428854400000,32.2500],[1428940800000,30.2900],[1429027200000,28.0100],[1429113600000,27.4200],[1429200000000,26.7700],[1429459200000,24.7600],[1429545600000,24.4400],[1429632000000,23.9600],[1429718400000,23.4900],[1429804800000,23.3200],[1430064000000,19.1700],[1430150400000,19.1100],[1430236800000,26.1100],[1430323200000,26.7500],[1430668800000,27.6200],[1430755200000,27.3000],[1430841600000,27.6200],[1430928000000,32.3800],[1431014400000,30.4800],[1431273600000,31.9600],[1431360000000,22.7800],[1431446400000,22.1500],[1431532800000,23.5800],[1431619200000,22.1500],[1431878400000,23.7300],[1431964800000,32.9100],[1432051200000,31.9600],[1432137600000,32.2800],[1432224000000,33.2300],[1432483200000,38.2900],[1432569600000,38.6100],[1432656000000,39.8700],[1432742400000,41.1400],[1432828800000,39.8700],[1433088000000,40.5100],[1433174400000,39.4300],[1433260800000,33.7500],[1433347200000,26.5000],[1433433600000,24.6100],[1433692800000,25.2400],[1433779200000,25.2400],[1433865600000,27.1300],[1433952000000,28.5300],[1434038400000,30.0900],[1434297600000,30.7200],[1434384000000,32.2900],[1434470400000,31.9700],[1434556800000,36.9900],[1434643200000,38.3200],[1434988800000,46.0800],[1435075200000,44.6900],[1435161600000,44.3700],[1435248000000,45.0300],[1435507200000,46.7300],[1435593600000,47.3500],[1435680000000,48.2900],[1435766400000,51.0900],[1435852800000,52.3200],[1436112000000,52.9400],[1436198400000,52.6300],[1436284800000,60.9900],[1436371200000,49.8500],[1436457600000,51.0800],[1436716800000,42.4100],[1436803200000,43.6900],[1436889600000,44.2700],[1436976000000,45.8500],[1437062400000,46.1300],[1437321600000,47.0600],[1437408000000,47.6800],[1437494400000,51.7000],[1437580800000,54.1800],[1437667200000,54.6000],[1437926400000,62.3500],[1438012800000,62.9600],[1438099200000,57.1000],[1438185600000,57.8500],[1438272000000,57.8500],[1438531200000,63.6900],[1438617600000,74.6200],[1438704000000,74.1500],[1438790400000,74.4600],[1438876800000,68.2900],[1439136000000,71.9500],[1439222400000,72.8700],[1439308800000,76.5200],[1439395200000,78.0500],[1439481600000,80.00],[1439740800000,86.6700],[1439827200000,87.0100],[1439913600000,76.1300],[1440000000000,80.3600],[1440086400000,80.0600],[1440345600000,80.9700],[1440432000000,80.6600],[1440518400000,81.9300],[1440604800000,82.2300],[1440691200000,82.0400],[1440950400000,82.2300],[1441036800000,83.1300],[1441123200000,83.7300],[1441555200000,89.4600],[1441641600000,89.7600],[1441728000000,90.6600],[1441814400000,85.5000],[1441900800000,83.6900],[1442160000000,90.3600],[1442246400000,90.9600],[1442332800000,90.6600],[1442419200000,90.9600],[1442505600000,85.8400],[1442764800000,86.2700],[1442851200000,82.3900],[1442937600000,75.2200],[1443024000000,76.4200],[1443110400000,76.5600],[1443369600000,76.0200],[1443456000000,75.4400],[1443542400000,76.6100],[1444233600000,68.3100],[1444320000000,69.1900],[1444579200000,68.1300],[1444665600000,67.3500],[1444752000000,67.8400],[1444838400000,67.4500],[1444924800000,68.2200],[1445184000000,66.0800],[1445270400000,66.0800],[1445356800000,65.9900],[1445443200000,62.6100],[1445529600000,59.7100],[1445788800000,60.00],[1445875200000,47.2500],[1445961600000,46.3800],[1446048000000,74.2000],[1446134400000,75.5000],[1446393600000,77.3900],[1446480000000,71.5900],[1446566400000,59.1300],[1446652800000,57.6800],[1446739200000,59.4200],[1446998400000,61.2100],[1447084800000,56.5700],[1447171200000,57.7600],[1447257600000,56.0300],[1447344000000,56.5700],[1447603200000,56.00],[1447689600000,48.5700],[1447776000000,48.2900],[1447862400000,48.8600],[1447948800000,48.2900],[1448208000000,48.1600],[1448294400000,48.1600],[1448380800000,48.7200],[1448467200000,49.2900],[1448553600000,49.5800],[1448812800000,51.2700],[1448899200000,50.1400],[1448985600000,49.5700],[1449072000000,49.5700],[1449158400000,56.6600],[1449417600000,44.4800],[1449504000000,45.0400],[1449590400000,44.1900],[1449676800000,44.1900],[1449763200000,50.9900],[1450022400000,36.9300],[1450108800000,38.3500],[1450195200000,38.3500],[1450281600000,38.6400],[1450368000000,37.6100],[1450627200000,37.3200],[1450713600000,37.3200],[1450800000000,35.9000],[1450886400000,35.9000],[1450972800000,35.2300],[1451232000000,36.4400],[1451318400000,37.0100],[1451404800000,37.0800],[1451491200000,36.8000],[1451836800000,41.2900],[1451923200000,44.6600],[1452009600000,45.5100],[1452096000000,48.8800],[1452182400000,50.00],[1452441600000,50.5600],[1452528000000,51.4000],[1452614400000,53.0900],[1452700800000,53.3700],[1452787200000,54.4900],[1453046400000,57.0200],[1453132800000,58.9900],[1453219200000,60.3900],[1453305600000,60.2200],[1453392000000,60.8900],[1453651200000,62.2200],[1453737600000,62.7800],[1453824000000,63.3300],[1453910400000,64.4400],[1453996800000,33.3300],[1454256000000,34.1700],[1454342400000,30.2800],[1454428800000,29.7200],[1454515200000,31.2300],[1454601600000,31.9700],[1455465600000,34.9600],[1455552000000,34.9600],[1455638400000,34.9600],[1455724800000,35.2300],[1455811200000,35.5000],[1456070400000,35.7700],[1456156800000,35.4100],[1456243200000,36.1900],[1456329600000,35.3900],[1456416000000,36.00],[1456675200000,37.3300],[1456761600000,38.3000],[1456848000000,38.0300],[1456934400000,36.7000],[1457020800000,31.6500],[1457280000000,30.3200],[1457366400000,30.2600],[1457452800000,30.7900],[1457539200000,30.2600],[1457625600000,26.2500],[1457884800000,25.9800],[1457971200000,25.2600],[1458057600000,24.6100],[1458144000000,25.3300],[1458230400000,24.8000],[1458489600000,31.0700],[1458576000000,31.1700],[1458662400000,35.0600],[1458748800000,36.8800],[1458835200000,38.1100],[1459094400000,51.9200],[1459180800000,52.6900],[1459267200000,53.4500],[1459353600000,53.0600],[1459440000000,53.0600],[1459785600000,48.2100],[1459872000000,47.7000],[1459958400000,41.8400],[1460044800000,43.1100],[1460304000000,41.8800],[1460390400000,46.9500],[1460476800000,46.7000],[1460563200000,46.1900],[1460649600000,46.1900],[1460908800000,46.4500],[1460995200000,46.4500],[1461081600000,47.2100],[1461168000000,74.6200],[1461254400000,91.3700],[1461513600000,91.6200],[1461600000000,91.6200],[1461686400000,91.8800],[1461772800000,92.1300],[1461859200000,92.1300],[1462204800000,96.7000],[1462291200000,96.7000],[1462377600000,97.00],[1462464000000,97.00],[1462723200000,96.5000],[1462809600000,96.2500],[1462896000000,96.5000],[1462982400000,96.2500],[1463068800000,98.7500],[1463328000000,98.5000],[1463414400000,98.5000],[1463500800000,99.2500],[1463587200000,99.2500],[1463673600000,99.2500],[1463932800000,99.00],[1464019200000,99.2500],[1464105600000,99.2500],[1464192000000,99.2500],[1464278400000,99.5000],[1464537600000,99.2500],[1464624000000,99.2500],[1464710400000,99.5000],[1464796800000,99.2500],[1464883200000,99.2500],[1465142400000,99.2500],[1465228800000,99.2500],[1465315200000,99.2500],[1465747200000,99.2500],[1465833600000,99.5000],[1465920000000,99.5000],[1466006400000,99.5000],[1466092800000,99.5000],[1466352000000,99.2600],[1466438400000,99.2600],[1466524800000,99.2600],[1466611200000,99.5000],[1466697600000,99.2600],[1466956800000,99.2600],[1467043200000,99.2600],[1467129600000,99.2600],[1467216000000,99.2600],[1467302400000,99.2600],[1467561600000,99.0100],[1467648000000,99.0100],[1467734400000,99.0100],[1467820800000,99.2600],[1467907200000,99.2600],[1468166400000,99.2600],[1468252800000,99.0100],[1468339200000,99.0100],[1468425600000,99.0100],[1468512000000,99.2600],[1468771200000,99.0100],[1468857600000,99.0100],[1468944000000,99.0100],[1469030400000,98.7700],[1469116800000,96.0500],[1469376000000,96.3000],[1469462400000,96.3000],[1469548800000,96.7900],[1469635200000,96.5600],[1469721600000,96.5600],[1469980800000,96.8100],[1470067200000,96.0700],[1470153600000,89.6800],[1470240000000,89.7300],[1470326400000,89.2400],[1470585600000,88.8300],[1470672000000,88.8600],[1470758400000,89.3500],[1470844800000,92.9800],[1470931200000,93.4600],[1471190400000,75.7900],[1471276800000,76.2700],[1471363200000,76.8100],[1471449600000,35.1800],[1471536000000,34.7000],[1471795200000,35.1000],[1471881600000,35.8200],[1471968000000,25.7200],[1472054400000,25.4800],[1472140800000,26.4400],[1472400000000,27.4000],[1472486400000,26.4400],[1472572800000,27.6400],[1472659200000,21.1500],[1472745600000,20.6200],[1473004800000,21.8500],[1473091200000,23.5200],[1473177600000,24.2300],[1473264000000,24.3500],[1473350400000,25.4700],[1473609600000,26.8900],[1473696000000,27.3600],[1473782400000,27.1200],[1474214400000,26.4200],[1474300800000,27.8300],[1474387200000,27.8300],[1474473600000,28.1000],[1474560000000,27.6300],[1474819200000,27.6700],[1474905600000,27.4400],[1474992000000,27.2100],[1475078400000,37.9600],[1475164800000,37.7300],[1476028800000,38.0200],[1476115200000,39.1700],[1476201600000,39.0800],[1476288000000,70.7100],[1476374400000,70.8000],[1476633600000,70.4100],[1476720000000,78.5400],[1476806400000,78.7200],[1476892800000,78.9500],[1476979200000,78.0300],[1477238400000,77.0500],[1477324800000,77.7300],[1477411200000,76.8700],[1477497600000,77.1000],[1477584000000,76.6300],[1477843200000,85.9100],[1477929600000,86.1300],[1478016000000,86.1300],[1478102400000,86.5800],[1478188800000,86.3800],[1478448000000,86.6700],[1478534400000,86.4400],[1478620800000,86.2200],[1478707200000,86.6700],[1478793600000,82.4400],[1479052800000,82.00],[1479139200000,82.2200],[1479225600000,86.4400],[1479312000000,86.00],[1479398400000,86.4400],[1479657600000,86.7000],[1479744000000,86.7000],[1479830400000,86.7000],[1479916800000,86.7000],[1480003200000,86.7000],[1480262400000,87.1400],[1480348800000,86.7300],[1480435200000,87.3900],[1480521600000,87.6100],[1480608000000,87.6900],[1480867200000,86.1500],[1480953600000,86.1500],[1481040000000,85.9300],[1481126400000,85.4900],[1481212800000,85.5300],[1481472000000,83.5900],[1481558400000,84.2800],[1481644800000,84.2800],[1481731200000,84.7200],[1481817600000,84.5000],[1482076800000,81.6600],[1482163200000,82.7500],[1482249600000,82.5300],[1482336000000,81.2600],[1482422400000,81.6400],[1482681600000,81.6800],[1482768000000,82.3300],[1482854400000,84.3300],[1482940800000,77.9000],[1483027200000,79.1000],[1483372800000,86.1400],[1483459200000,87.1800],[1483545600000,88.4900],[1483632000000,89.1300],[1483891200000,88.9100],[1483977600000,89.7700],[1484064000000,90.8300],[1484150400000,91.6800],[1484236800000,74.4100],[1484496000000,76.0600],[1484582400000,77.00],[1484668800000,71.2200],[1484755200000,72.0600],[1484841600000,72.0600],[1485100800000,72.9700],[1485187200000,73.6500],[1485273600000,74.3800],[1485360000000,74.8500],[1486051200000,67.2800],[1486310400000,69.4500],[1486396800000,69.8600],[1486483200000,70.2600],[1486569600000,70.8800],[1486656000000,71.4600],[1486915200000,72.1800],[1487001600000,72.1800],[1487088000000,71.9800],[1487174400000,69.5600],[1487260800000,70.9700],[1487520000000,71.9800],[1487606400000,72.7800],[1487692800000,72.9800],[1487779200000,73.0900],[1487865600000,73.2000],[1488124800000,73.9600],[1488211200000,75.1500],[1488297600000,75.1500],[1488384000000,75.5400],[1488470400000,76.5200],[1488729600000,76.6100],[1488816000000,76.8900],[1488902400000,78.2900],[1488988800000,78.9600],[1489075200000,79.9200],[1489334400000,81.2700],[1489420800000,81.0800],[1489507200000,81.2700],[1489593600000,81.7300],[1489680000000,82.6900],[1489939200000,83.5200],[1490025600000,85.0600],[1490112000000,86.2600],[1490198400000,86.9800],[1490284800000,87.1700],[1490544000000,87.4500],[1490630400000,86.7300],[1490716800000,86.5400],[1490803200000,87.1700],[1490889600000,87.3600],[1491321600000,80.6700],[1491408000000,80.3700],[1491494400000,81.3000],[1491753600000,77.7800],[1491840000000,77.7800],[1491926400000,77.2200],[1492012800000,77.6300],[1492099200000,78.7400],[1492358400000,79.1900],[1492444800000,79.1900],[1492531200000,79.5600],[1492617600000,79.8200],[1492704000000,81.1000],[1492963200000,81.6500],[1493049600000,82.4500],[1493136000000,82.8800],[1493222400000,84.1500],[1493308800000,85.7900],[1493654400000,82.5100],[1493740800000,83.4500],[1493827200000,85.0900],[1493913600000,84.1800],[1494172800000,83.6400],[1494259200000,83.2700],[1494345600000,83.4500],[1494432000000,84.9100],[1494518400000,83.8200],[1494777600000,84.3000],[1494864000000,84.3500],[1494950400000,83.2100],[1495036800000,84.8200],[1495123200000,83.2100],[1495382400000,82.5000],[1495468800000,82.0300],[1495555200000,82.0900],[1495641600000,83.8700],[1495728000000,82.2700],[1496160000000,84.0400],[1496246400000,84.2200],[1496332800000,84.4000],[1496592000000,85.1600],[1496678400000,84.9800],[1496764800000,85.3400],[1496851200000,85.1600],[1496937600000,85.3400],[1497196800000,85.1900],[1497283200000,85.5400],[1497369600000,84.8700],[1497456000000,84.8700],[1497542400000,84.5200],[1497801600000,83.8800],[1497888000000,83.1900],[1497974400000,82.7800],[1498060800000,82.7800],[1498147200000,82.6400],[1498406400000,81.8700],[1498492800000,82.3800],[1498579200000,82.0400],[1498665600000,82.5600],[1498752000000,82.8200],[1499011200000,86.7700],[1499097600000,82.8200],[1499184000000,82.8500],[1499270400000,83.0200],[1499356800000,83.1900],[1499616000000,83.1900],[1499702400000,83.0200],[1499788800000,83.3600],[1499875200000,83.1900],[1499961600000,83.4500],[1500220800000,83.4500],[1500307200000,83.2800],[1500393600000,83.0200],[1500480000000,83.0200],[1500566400000,82.2900],[1500825600000,82.1200],[1500912000000,82.4600],[1500998400000,82.4900],[1501084800000,82.3200],[1501171200000,82.4900],[1501430400000,84.5100],[1501516800000,82.1500],[1501603200000,82.1500],[1501689600000,82.1500],[1501776000000,81.9900],[1502035200000,82.0500],[1502121600000,81.8800],[1502208000000,81.3800],[1502294400000,81.0400],[1502380800000,80.5400],[1502640000000,80.2000],[1502726400000,79.8700],[1502812800000,79.5300],[1502899200000,80.5400],[1502985600000,79.3600],[1503244800000,76.0500],[1503331200000,74.5400],[1503417600000,74.5400],[1503504000000,73.9900],[1503590400000,72.8200],[1503849600000,75.3300],[1503936000000,76.5000],[1504022400000,68.3300],[1504108800000,68.3900],[1504195200000,67.5500],[1504454400000,65.8900],[1504540800000,65.3900],[1504627200000,65.3900],[1504713600000,64.8900],[1504800000000,64.5600],[1505059200000,63.6800],[1505145600000,63.8500],[1505232000000,63.8500],[1505318400000,63.1400],[1505404800000,62.9800],[1505664000000,63.0400],[1505750400000,63.8600],[1505836800000,63.1800],[1505923200000,63.5200],[1506009600000,63.6800],[1506268800000,64.0100],[1506355200000,64.3400],[1506441600000,65.2300],[1506528000000,66.5600],[1506614400000,67.3300],[1507478400000,72.1100],[1507564800000,72.4900],[1507651200000,72.8200],[1507737600000,72.8300],[1507824000000,72.8300],[1508083200000,72.2200],[1508169600000,73.5300],[1508256000000,73.1600],[1508342400000,73.1600],[1508428800000,72.8300],[1508688000000,72.2800],[1508774400000,71.7800],[1508860800000,72.6500],[1508947200000,72.8200],[1509033600000,72.8200],[1509292800000,72.9100],[1509379200000,73.1100],[1509465600000,73.4400],[1509552000000,73.7400],[1509638400000,74.3900],[1509897600000,75.0400],[1509984000000,75.0400],[1510070400000,75.5200],[1510156800000,75.6000],[1510243200000,75.7600],[1510502400000,77.0900],[1510588800000,78.1100],[1510675200000,78.9000],[1510761600000,80.00],[1510848000000,80.8200],[1511107200000,82.0800],[1511193600000,83.4900],[1511280000000,83.4900],[1511366400000,84.5900],[1511452800000,85.2400],[1511712000000,86.4100],[1511798400000,87.1900],[1511884800000,87.6600],[1511971200000,87.5200],[1512057600000,88.3400],[1512316800000,88.6500],[1512403200000,88.6500],[1512489600000,88.1800],[1512576000000,88.5100],[1512662400000,88.5000],[1512921600000,88.0400],[1513008000000,87.7500],[1513094400000,87.1400],[1513180800000,87.6100],[1513267200000,87.8000],[1513526400000,86.8900],[1513612800000,86.8900],[1513699200000,86.8900],[1513785600000,87.7900],[1513872000000,88.4000],[1514131200000,88.0900],[1514217600000,87.7900],[1514304000000,88.2300],[1514390400000,88.4000],[1514476800000,88.8500],[1514822400000,94.6600],[1514908800000,94.6600],[1514995200000,94.5000],[1515081600000,94.5000],[1515340800000,90.2300],[1515427200000,89.7700],[1515513600000,89.3300],[1515600000000,89.3500],[1515686400000,89.1900],[1515945600000,88.4300],[1516032000000,88.1300],[1516118400000,87.9800],[1516204800000,87.6700],[1516291200000,87.8200],[1516550400000,87.2100],[1516636800000,86.9100],[1516723200000,86.7600],[1516809600000,86.9100],[1516896000000,86.7200],[1517155200000,85.9800],[1517241600000,85.8200],[1517328000000,85.2100],[1517414400000,84.7600],[1517500800000,84.3000],[1517760000000,84.3000],[1517846400000,84.4500]];
/*规模变动*/
var Data_fluctuationScale = {"categories":["2016-12-31","2017-03-31","2017-06-30","2017-09-30","2017-12-31"],"series":[{"y":0.19,"mom":"-0.86%"},{"y":0.20,"mom":"4.54%"},{"y":0.27,"mom":"31.23%"},{"y":0.31,"mom":"16.68%"},{"y":0.24,"mom":"-24.04%"}]};;
/*持有人结构*/
var Data_holderStructure = {"series":[{"name":"机构持有比例","data":[0.53,0.75,0.96,0.53]},{"name":"个人持有比例","data":[99.47,99.25,99.04,99.47]},{"name":"内部持有比例","data":[0.0,0.0,0.0,0.0051]}],"categories":["2015-12-31","2016-06-30","2016-12-31","2017-06-30"]};
/*申购赎回*/
var Data_assetAllocation ={"series":[{"name":"期间申购","data":[4.91,5.39,6.38,6.93]},{"name":"期间赎回","data":[4.90,5.33,6.33,7.00]},{"name":"总份额","data":[0.20,0.27,0.31,0.24]}],"categories":["2017-03-31","2017-06-30","2017-09-30","2017-12-31"]};
/*现任基金经理*/
var Data_currentFundManager = [{"id":"30384402","pic":"https://pdf.dfcfw.com/pdf/H8_JPG30384402_1.jpg","name":"余红","star":3,"workTime":"2年又105天","fundSize":"109.86亿(5只基金)","power":{"avr":"54.17","categories":["经验值","收益率","影响力","稳定性","管理规模"],"dsc":["反映基金经理从业年限和管理基金的经验","根据基金经理投资的阶段收益评分，反映\u003cbr\u003e基金经理投资的盈利能力","根据基金经理所管理基金的机构和个人投\u003cbr\u003e资者持有比例评分","反映基金经理投资收益的波动","根据基金经理现任管理基金资产规模评分"],"data":[51.90,65.30,85.60,51.20,32.60],"jzrq":"2018-02-06"},"profit":{"categories":["任期收益","同类平均"],"series":[{"data":[{"name":null,"color":"#7cb5ec","y":5.9483},{"name":null,"color":"#414c7b","y":5.5}]}],"jzrq":"2018-02-06"}}] ;
/*同类型基金涨幅榜（页面底部通栏）*/
var swithSameType = [['002895_华夏天利货币B_5.8750','002894_华夏天利货币A_5.6210','004398_融通现金宝货币B_5.3370','000902_国开货币B_5.3360','001478_泰康薪意保货币B_5.1400'],['002895_华夏天利货币B_5.26','004973_长城收益宝货币B_5.08','004904_人保货币B_5.05','002884_华润元大现金通货币B_5.01','002894_华夏天利货币A_5.01'],['004973_长城收益宝货币B_5.05','004770_海富通添益货币A_4.99','002884_华润元大现金通货币B_4.99','005151_红土创新优淳货币B_4.90','002895_华夏天利货币B_4.89'],['004770_海富通添益货币A_5.39','004973_长城收益宝货币B_5.13','002884_华润元大现金通货币B_5.03','002895_华夏天利货币B_5.03','004398_融通现金宝货币B_5.01'],['003679_中融现金增利货币C_4.67','003474_南方天天利货币B_4.55','000836_国投瑞银钱多宝货币A_4.52','000837_国投瑞银钱多宝货币I_4.52','003753_工银如意货币B_4.51']];