/**
 * 测试数据
 * @type {arry}
 */
/*2018-02-07 18:01:55*/
//基金或股票信息
var fS_name = "泰达宏利京天宝货币B";
var fS_code = "004415";
var fund_minsg="5000000";
var ishb=true;
/*原费率*/
var fund_sourceRate="0";
/*现费率*/
var fund_Rate="0";
/*最小申购金额*/
var fund_minsg="5000000";
/*收益率*/
/*近一年收益率*/
var syl_1n="";
/*近6月收益率*/
var syl_6y="2.1047";
/*近三月收益率*/
var syl_3y="1.0704";
/*近一月收益率*/
var syl_1y="0.3513";
/* 基金收益走势图 每万份收益*/
var Data_millionCopiesIncome = [[1489075200000,0.1733],[1489248000000,0.2315],[1489334400000,1.1271],[1489420800000,1.1523],[1489507200000,1.1522],[1489593600000,1.1521],[1489680000000,1.1519],[1489852800000,2.3038],[1489939200000,1.1515],[1490025600000,1.1514],[1490112000000,1.1513],[1490198400000,1.1511],[1490284800000,1.151],[1490457600000,2.3019],[1490544000000,1.1506],[1490630400000,1.1504],[1490716800000,1.1503],[1490803200000,1.1502],[1490889600000,1.15],[1491235200000,4.5923],[1491321600000,1.1454],[1491408000000,1.2308],[1491494400000,0.9494],[1491667200000,1.8993],[1491753600000,0.833],[1491840000000,0.9433],[1491926400000,0.9546],[1492012800000,0.9502],[1492099200000,0.9595],[1492272000000,1.9337],[1492358400000,0.9879],[1492444800000,1.0372],[1492531200000,1.0438],[1492617600000,1.045],[1492704000000,1.0141],[1492876800000,2.0439],[1492963200000,1.0172],[1493049600000,1.1542],[1493136000000,1.1586],[1493222400000,1.1652],[1493308800000,1.218],[1493568000000,3.6748],[1493654400000,1.043],[1493740800000,1.0584],[1493827200000,1.0683],[1493913600000,1.0686],[1494086400000,2.1394],[1494172800000,1.0541],[1494259200000,0.9839],[1494345600000,1.0289],[1494432000000,1.0283],[1494518400000,1.0282],[1494691200000,2.0567],[1494777600000,1.0156],[1494864000000,1.0334],[1494950400000,1.0402],[1495036800000,1.0342],[1495123200000,1.039],[1495296000000,2.0787],[1495382400000,1.0389],[1495468800000,1.0285],[1495555200000,0.9948],[1495641600000,1.0364],[1495728000000,1.0365],[1496073600000,4.1468],[1496160000000,1.045],[1496246400000,1.0615],[1496332800000,1.062],[1496505600000,2.1241],[1496592000000,1.0609],[1496678400000,1.0626],[1496764800000,1.063],[1496851200000,1.1958],[1496937600000,1.204],[1497110400000,2.408],[1497196800000,1.2036],[1497283200000,1.2572],[1497369600000,1.2729],[1497456000000,1.2778],[1497542400000,1.2776],[1497715200000,2.5556],[1497801600000,1.2771],[1497888000000,1.2771],[1497974400000,1.2767],[1498060800000,0.7457],[1498147200000,1.2398],[1498320000000,2.5062],[1498406400000,1.2526],[1498492800000,1.2523],[1498579200000,1.2523],[1498665600000,1.2487],[1498752000000,1.249],[1498924800000,2.4981],[1499011200000,1.2521],[1499097600000,1.2518],[1499184000000,1.2511],[1499270400000,1.2483],[1499356800000,1.165],[1499529600000,2.3307],[1499616000000,1.1142],[1499702400000,1.1185],[1499788800000,1.1184],[1499875200000,1.1184],[1499961600000,1.1246],[1500134400000,2.2496],[1500220800000,1.1153],[1500307200000,1.1438],[1500393600000,1.13],[1500480000000,1.13],[1500566400000,1.1298],[1500739200000,2.2599],[1500825600000,1.1181],[1500912000000,0.8691],[1500998400000,1.1796],[1501084800000,1.1404],[1501171200000,1.1251],[1501344000000,2.2386],[1501430400000,1.1523],[1501516800000,1.1296],[1501603200000,1.0888],[1501689600000,1.0955],[1501776000000,1.1261],[1501948800000,2.2092],[1502035200000,1.1042],[1502121600000,1.1032],[1502208000000,1.09],[1502294400000,1.0904],[1502380800000,1.0907],[1502553600000,2.1816],[1502640000000,1.0905],[1502726400000,1.0899],[1502812800000,1.1086],[1502899200000,1.1142],[1502985600000,1.1072],[1503158400000,2.2156],[1503244800000,1.1075],[1503331200000,1.1085],[1503417600000,1.1065],[1503504000000,1.0896],[1503590400000,1.107],[1503763200000,2.2147],[1503849600000,1.107],[1503936000000,1.1074],[1504022400000,1.1106],[1504108800000,1.11],[1504195200000,1.1039],[1504368000000,2.2081],[1504454400000,1.1065],[1504540800000,1.1035],[1504627200000,1.0989],[1504713600000,1.0989],[1504800000000,1.0494],[1504972800000,2.0832],[1505059200000,1.0926],[1505145600000,1.0939],[1505232000000,1.0911],[1505318400000,0.9951],[1505404800000,1.1064],[1505577600000,2.2186],[1505664000000,1.1007],[1505750400000,1.1038],[1505836800000,1.1081],[1505923200000,1.1269],[1506009600000,1.1409],[1506182400000,2.2823],[1506268800000,1.1287],[1506355200000,1.1474],[1506441600000,1.1491],[1506528000000,1.1501],[1506614400000,1.0931],[1507392000000,9.8421],[1507478400000,1.1421],[1507564800000,1.1391],[1507651200000,1.1329],[1507737600000,1.1444],[1507824000000,1.1315],[1507996800000,2.2717],[1508083200000,1.138],[1508169600000,1.1175],[1508256000000,1.113],[1508342400000,1.1165],[1508428800000,1.1194],[1508601600000,2.2395],[1508688000000,1.0987],[1508774400000,1.0989],[1508860800000,1.1034],[1508947200000,1.1405],[1509033600000,1.1349],[1509206400000,2.2704],[1509292800000,1.1236],[1509379200000,1.1219],[1509465600000,1.1265],[1509552000000,1.079],[1509638400000,1.0808],[1509811200000,2.1623],[1509897600000,1.0963],[1509984000000,1.1087],[1510070400000,1.1048],[1510156800000,1.1082],[1510243200000,1.1149],[1510416000000,2.2299],[1510502400000,1.1163],[1510588800000,1.0478],[1510675200000,1.1056],[1510761600000,1.1208],[1510848000000,1.1157],[1511020800000,2.1879],[1511107200000,1.114],[1511193600000,1.1149],[1511280000000,1.1176],[1511366400000,1.0588],[1511452800000,0.8883],[1511625600000,2.2391],[1511712000000,1.0346],[1511798400000,0.8228],[1511884800000,0.9627],[1511971200000,0.9825],[1512057600000,1.1428],[1512230400000,2.2226],[1512316800000,1.136],[1512403200000,1.1369],[1512489600000,1.122],[1512576000000,1.1409],[1512662400000,1.197],[1512835200000,2.3948],[1512921600000,1.3365],[1513008000000,1.2279],[1513094400000,1.2344],[1513180800000,1.2359],[1513267200000,1.2503],[1513440000000,2.5099],[1513526400000,1.254],[1513612800000,1.254],[1513699200000,1.2637],[1513785600000,1.2638],[1513872000000,0.3839],[1514044800000,2.5732],[1514131200000,1.1277],[1514217600000,1.6603],[1514304000000,1.641],[1514390400000,1.4987],[1514476800000,1.6629],[1514649600000,3.3288],[1514736000000,1.665],[1514822400000,1.3716],[1514908800000,1.2603],[1514995200000,1.1055],[1515081600000,1.1077],[1515254400000,2.2155],[1515340800000,1.099],[1515427200000,1.1861],[1515513600000,1.1388],[1515600000000,1.13],[1515686400000,1.1022],[1515859200000,2.2077],[1515945600000,1.1067],[1516032000000,1.0792],[1516118400000,1.0806],[1516204800000,1.1025],[1516291200000,1.1146],[1516464000000,2.2299],[1516550400000,1.1197],[1516636800000,1.1253],[1516723200000,1.1089],[1516809600000,1.1264],[1516896000000,1.1195],[1517068800000,2.2007],[1517155200000,1.109],[1517241600000,1.1103],[1517328000000,1.1191],[1517414400000,1.0551],[1517500800000,1.0305],[1517673600000,2.0613],[1517760000000,1.0179],[1517846400000,0.9786]];
/*基金收益走势图   7日年化收益率*/
var Data_sevenDaysYearIncome = [[1489075200000,0.635],[1489248000000,0.494],[1489334400000,1.408],[1489420800000,1.979],[1489507200000,2.361],[1489593600000,2.635],[1489680000000,3.16],[1489852800000,4.281],[1489939200000,4.294],[1490025600000,4.294],[1490112000000,4.293],[1490198400000,4.293],[1490284800000,4.292],[1490457600000,4.291],[1490544000000,4.291],[1490630400000,4.29],[1490716800000,4.29],[1490803200000,4.289],[1490889600000,4.288],[1491235200000,4.283],[1491321600000,4.28],[1491408000000,4.324],[1491494400000,4.215],[1491667200000,3.999],[1491753600000,3.829],[1491840000000,3.718],[1491926400000,3.615],[1492012800000,3.463],[1492099200000,3.469],[1492272000000,3.487],[1492358400000,3.571],[1492444800000,3.622],[1492531200000,3.67],[1492617600000,3.721],[1492704000000,3.751],[1492876800000,3.81],[1492963200000,3.826],[1493049600000,3.89],[1493136000000,3.952],[1493222400000,4.017],[1493308800000,4.128],[1493568000000,4.461],[1493654400000,4.401],[1493740800000,4.346],[1493827200000,4.293],[1493913600000,4.212],[1494086400000,4.043],[1494172800000,3.951],[1494259200000,3.919],[1494345600000,3.903],[1494432000000,3.881],[1494518400000,3.859],[1494691200000,3.815],[1494777600000,3.794],[1494864000000,3.821],[1494950400000,3.827],[1495036800000,3.83],[1495123200000,3.836],[1495296000000,3.848],[1495382400000,3.86],[1495468800000,3.858],[1495555200000,3.833],[1495641600000,3.834],[1495728000000,3.833],[1496073600000,3.833],[1496160000000,3.86],[1496246400000,3.874],[1496332800000,3.888],[1496505600000,3.915],[1496592000000,3.928],[1496678400000,3.942],[1496764800000,3.952],[1496851200000,4.025],[1496937600000,4.102],[1497110400000,4.256],[1497196800000,4.334],[1497283200000,4.44],[1497369600000,4.554],[1497456000000,4.599],[1497542400000,4.639],[1497715200000,4.72],[1497801600000,4.76],[1497888000000,4.771],[1497974400000,4.773],[1498060800000,4.482],[1498147200000,4.462],[1498320000000,4.4349],[1498406400000,4.422],[1498492800000,4.408],[1498579200000,4.395],[1498665600000,4.669],[1498752000000,4.674],[1498924800000,4.6689],[1499011200000,4.669],[1499097600000,4.669],[1499184000000,4.668],[1499270400000,4.668],[1499356800000,4.622],[1499529600000,4.531],[1499616000000,4.456],[1499702400000,4.383],[1499788800000,4.311],[1499875200000,4.24],[1499961600000,4.219],[1500134400000,4.174],[1500220800000,4.175],[1500307200000,4.189],[1500393600000,4.195],[1500480000000,4.201],[1500566400000,4.204],[1500739200000,4.21],[1500825600000,4.211],[1500912000000,4.062],[1500998400000,4.089],[1501084800000,4.095],[1501171200000,4.092],[1501344000000,4.081],[1501430400000,4.099],[1501516800000,4.241],[1501603200000,4.191],[1501689600000,4.167],[1501776000000,4.168],[1501948800000,4.152],[1502035200000,4.125],[1502121600000,4.111],[1502208000000,4.112],[1502294400000,4.109],[1502380800000,4.09],[1502553600000,4.075],[1502640000000,4.067],[1502726400000,4.06],[1502812800000,4.07],[1502899200000,4.083],[1502985600000,4.092],[1503158400000,4.111],[1503244800000,4.12],[1503331200000,4.13],[1503417600000,4.129],[1503504000000,4.115],[1503590400000,4.115],[1503763200000,4.115],[1503849600000,4.114],[1503936000000,4.114],[1504022400000,4.116],[1504108800000,4.127],[1504195200000,4.126],[1504368000000,4.122],[1504454400000,4.122],[1504540800000,4.12],[1504627200000,4.113],[1504713600000,4.107],[1504800000000,4.078],[1504972800000,4.01],[1505059200000,4.002],[1505145600000,3.997],[1505232000000,3.993],[1505318400000,3.937],[1505404800000,3.968],[1505577600000,4.041],[1505664000000,4.045],[1505750400000,4.051],[1505836800000,4.06],[1505923200000,4.131],[1506009600000,4.15],[1506182400000,4.185],[1506268800000,4.2],[1506355200000,4.224],[1506441600000,4.246],[1506528000000,4.259],[1506614400000,4.233],[1507392000000,4.072],[1507478400000,4.098],[1507564800000,4.123],[1507651200000,4.145],[1507737600000,4.172],[1507824000000,4.193],[1507996800000,4.239],[1508083200000,4.236],[1508169600000,4.225],[1508256000000,4.214],[1508342400000,4.199],[1508428800000,4.192],[1508601600000,4.175],[1508688000000,4.153],[1508774400000,4.143],[1508860800000,4.138],[1508947200000,4.151],[1509033600000,4.159],[1509206400000,4.176],[1509292800000,4.19],[1509379200000,4.202],[1509465600000,4.215],[1509552000000,4.181],[1509638400000,4.152],[1509811200000,4.093],[1509897600000,4.078],[1509984000000,4.071],[1510070400000,4.06],[1510156800000,4.075],[1510243200000,4.094],[1510416000000,4.131],[1510502400000,4.141],[1510588800000,4.108],[1510675200000,4.109],[1510761600000,4.116],[1510848000000,4.116],[1511020800000,4.093],[1511107200000,4.092],[1511193600000,4.128],[1511280000000,4.135],[1511366400000,4.101],[1511452800000,3.978],[1511625600000,4.006],[1511712000000,3.963],[1511798400000,3.804],[1511884800000,3.721],[1511971200000,3.679],[1512057600000,3.817],[1512230400000,3.808],[1512316800000,3.863],[1512403200000,4.033],[1512489600000,4.12],[1512576000000,4.206],[1512662400000,4.235],[1512835200000,4.329],[1512921600000,4.438],[1513008000000,4.487],[1513094400000,4.549],[1513180800000,4.6],[1513267200000,4.63],[1513440000000,4.692],[1513526400000,4.647],[1513612800000,4.662],[1513699200000,4.678],[1513785600000,4.693],[1513872000000,4.221],[1514044800000,4.255],[1514131200000,4.187],[1514217600000,4.408],[1514304000000,4.613],[1514390400000,4.741],[1514476800000,5.442],[1514649600000,5.858],[1514736000000,6.155],[1514822400000,5.996],[1514908800000,5.785],[1514995200000,5.569],[1515081600000,5.264],[1515254400000,4.655],[1515340800000,4.346],[1515427200000,4.245],[1515513600000,4.179],[1515600000000,4.193],[1515686400000,4.19],[1515859200000,4.185],[1515945600000,4.19],[1516032000000,4.132],[1516118400000,4.1],[1516204800000,4.085],[1516291200000,4.092],[1516464000000,4.104],[1516550400000,4.111],[1516636800000,4.136],[1516723200000,4.151],[1516809600000,4.164],[1516896000000,4.167],[1517068800000,4.151],[1517155200000,4.145],[1517241600000,4.137],[1517328000000,4.143],[1517414400000,4.104],[1517500800000,4.056],[1517673600000,3.98],[1517760000000,3.931],[1517846400000,3.859]];
/*资产配置*/
var Data_assetAllocationCurrency ={"categories":["12-31","09-30","06-30"],"series":[{"name":"股票","data":[null,null,null]},{"name":"债券","data":[60.01,25.28,11.04]},{"name":"现金","data":[0.12,76.62,75.34]}]};
/*累计收益率走势*/
var Data_grandTotal = [{"name":"泰达宏利京天宝货币B","data":[[1501948800000,0],[1502035200000,0.01],[1502121600000,0.02],[1502208000000,0.03],[1502294400000,0.04],[1502380800000,0.05],[1502553600000,0.08],[1502640000000,0.09],[1502726400000,0.10],[1502812800000,0.11],[1502899200000,0.12],[1502985600000,0.13],[1503158400000,0.15],[1503244800000,0.17],[1503331200000,0.18],[1503417600000,0.19],[1503504000000,0.20],[1503590400000,0.21],[1503763200000,0.23],[1503849600000,0.24],[1503936000000,0.25],[1504022400000,0.26],[1504108800000,0.28],[1504195200000,0.29],[1504368000000,0.31],[1504454400000,0.32],[1504540800000,0.33],[1504627200000,0.34],[1504713600000,0.35],[1504800000000,0.36],[1504972800000,0.38],[1505059200000,0.40],[1505145600000,0.41],[1505232000000,0.42],[1505318400000,0.43],[1505404800000,0.44],[1505577600000,0.46],[1505664000000,0.47],[1505750400000,0.48],[1505836800000,0.49],[1505923200000,0.51],[1506009600000,0.52],[1506182400000,0.54],[1506268800000,0.55],[1506355200000,0.56],[1506441600000,0.57],[1506528000000,0.59],[1506614400000,0.60],[1507392000000,0.70],[1507478400000,0.71],[1507564800000,0.72],[1507651200000,0.73],[1507737600000,0.74],[1507824000000,0.75],[1507996800000,0.78],[1508083200000,0.79],[1508169600000,0.80],[1508256000000,0.81],[1508342400000,0.82],[1508428800000,0.83],[1508601600000,0.86],[1508688000000,0.87],[1508774400000,0.88],[1508860800000,0.89],[1508947200000,0.90],[1509033600000,0.91],[1509206400000,0.93],[1509292800000,0.95],[1509379200000,0.96],[1509465600000,0.97],[1509552000000,0.98],[1509638400000,0.99],[1509811200000,1.01],[1509897600000,1.02],[1509984000000,1.03],[1510070400000,1.05],[1510156800000,1.06],[1510243200000,1.07],[1510416000000,1.09],[1510502400000,1.10],[1510588800000,1.11],[1510675200000,1.12],[1510761600000,1.14],[1510848000000,1.15],[1511020800000,1.17],[1511107200000,1.18],[1511193600000,1.19],[1511280000000,1.20],[1511366400000,1.21],[1511452800000,1.22],[1511625600000,1.24],[1511712000000,1.26],[1511798400000,1.26],[1511884800000,1.27],[1511971200000,1.28],[1512057600000,1.29],[1512230400000,1.32],[1512316800000,1.33],[1512403200000,1.34],[1512489600000,1.35],[1512576000000,1.36],[1512662400000,1.38],[1512835200000,1.40],[1512921600000,1.41],[1513008000000,1.43],[1513094400000,1.44],[1513180800000,1.45],[1513267200000,1.46],[1513440000000,1.49],[1513526400000,1.50],[1513612800000,1.51],[1513699200000,1.53],[1513785600000,1.54],[1513872000000,1.54],[1514044800000,1.57],[1514131200000,1.58],[1514217600000,1.60],[1514304000000,1.61],[1514390400000,1.63],[1514476800000,1.65],[1514649600000,1.68],[1514736000000,1.70],[1514822400000,1.71],[1514908800000,1.72],[1514995200000,1.74],[1515081600000,1.75],[1515254400000,1.77],[1515340800000,1.78],[1515427200000,1.79],[1515513600000,1.80],[1515600000000,1.82],[1515686400000,1.83],[1515859200000,1.85],[1515945600000,1.86],[1516032000000,1.87],[1516118400000,1.88],[1516204800000,1.89],[1516291200000,1.91],[1516464000000,1.93],[1516550400000,1.94],[1516636800000,1.95],[1516723200000,1.96],[1516809600000,1.97],[1516896000000,1.99],[1517068800000,2.01],[1517155200000,2.02],[1517241600000,2.03],[1517328000000,2.04],[1517414400000,2.05],[1517500800000,2.06],[1517673600000,2.08],[1517760000000,2.09],[1517846400000,2.10]]},{"name":"同类平均","data":[[1502035200000,0],[1502121600000,0.01],[1502208000000,0.02],[1502294400000,0.03],[1502380800000,0.04],[1502640000000,0.07],[1502726400000,0.08],[1502812800000,0.09],[1502899200000,0.10],[1502985600000,0.11],[1503244800000,0.14],[1503331200000,0.16],[1503417600000,0.17],[1503504000000,0.18],[1503590400000,0.19],[1503849600000,0.22],[1503936000000,0.23],[1504022400000,0.24],[1504108800000,0.25],[1504195200000,0.26],[1504454400000,0.29],[1504540800000,0.30],[1504627200000,0.31],[1504713600000,0.32],[1504800000000,0.34],[1505059200000,0.37],[1505145600000,0.38],[1505232000000,0.39],[1505318400000,0.40],[1505404800000,0.41],[1505664000000,0.44],[1505750400000,0.45],[1505836800000,0.46],[1505923200000,0.47],[1506009600000,0.48],[1506268800000,0.52],[1506355200000,0.53],[1506441600000,0.54],[1506528000000,0.55],[1506614400000,0.56],[1507478400000,0.67],[1507564800000,0.68],[1507651200000,0.69],[1507737600000,0.71],[1507824000000,0.72],[1508083200000,0.75],[1508169600000,0.76],[1508256000000,0.77],[1508342400000,0.78],[1508428800000,0.79],[1508688000000,0.82],[1508774400000,0.83],[1508860800000,0.84],[1508947200000,0.85],[1509033600000,0.86],[1509292800000,0.90],[1509379200000,0.91],[1509465600000,0.92],[1509552000000,0.93],[1509638400000,0.94],[1509897600000,0.97],[1509984000000,0.98],[1510070400000,0.99],[1510156800000,1.00],[1510243200000,1.01],[1510502400000,1.04],[1510588800000,1.06],[1510675200000,1.07],[1510761600000,1.08],[1510848000000,1.09],[1511107200000,1.12],[1511193600000,1.13],[1511280000000,1.14],[1511366400000,1.15],[1511452800000,1.16],[1511712000000,1.20],[1511798400000,1.21],[1511884800000,1.22],[1511971200000,1.23],[1512057600000,1.24],[1512316800000,1.28],[1512403200000,1.29],[1512489600000,1.30],[1512576000000,1.31],[1512662400000,1.32],[1512921600000,1.35],[1513008000000,1.36],[1513094400000,1.38],[1513180800000,1.39],[1513267200000,1.40],[1513526400000,1.43],[1513612800000,1.44],[1513699200000,1.46],[1513785600000,1.47],[1513872000000,1.48],[1514131200000,1.51],[1514217600000,1.53],[1514304000000,1.54],[1514390400000,1.55],[1514476800000,1.57],[1514822400000,1.62],[1514908800000,1.64],[1514995200000,1.65],[1515081600000,1.66],[1515340800000,1.69],[1515427200000,1.71],[1515513600000,1.72],[1515600000000,1.73],[1515686400000,1.74],[1515945600000,1.77],[1516032000000,1.79],[1516118400000,1.80],[1516204800000,1.81],[1516291200000,1.82],[1516550400000,1.86],[1516636800000,1.87],[1516723200000,1.88],[1516809600000,1.89],[1516896000000,1.90],[1517155200000,1.94],[1517241600000,1.95],[1517328000000,1.96],[1517414400000,1.97],[1517500800000,1.98],[1517760000000,2.02],[1517846400000,2.03]]},{"name":"沪深300","data":[[1502035200000,0],[1502121600000,0.15],[1502208000000,0.11],[1502294400000,-0.29],[1502380800000,-2.13],[1502640000000,-0.86],[1502726400000,-0.56],[1502812800000,-0.68],[1502899200000,-0.15],[1502985600000,-0.06],[1503244800000,0.38],[1503331200000,0.68],[1503417600000,0.79],[1503504000000,0.21],[1503590400000,1.85],[1503849600000,3.11],[1503936000000,2.89],[1504022400000,2.88],[1504108800000,2.56],[1504195200000,2.78],[1504454400000,3.19],[1504540800000,3.50],[1504627200000,3.29],[1504713600000,2.77],[1504800000000,2.66],[1505059200000,2.65],[1505145600000,2.98],[1505232000000,3.11],[1505318400000,2.77],[1505404800000,2.80],[1505664000000,3.12],[1505750400000,2.83],[1505836800000,3.10],[1505923200000,2.98],[1506009600000,2.98],[1506268800000,2.44],[1506355200000,2.52],[1506441600000,2.53],[1506528000000,2.57],[1506614400000,2.94],[1507478400000,4.17],[1507564800000,4.38],[1507651200000,4.72],[1507737600000,5.00],[1507824000000,5.21],[1508083200000,5.01],[1508169600000,5.00],[1508256000000,5.83],[1508342400000,5.49],[1508428800000,5.37],[1508688000000,5.47],[1508774400000,6.24],[1508860800000,6.71],[1508947200000,7.16],[1509033600000,7.92],[1509292800000,7.59],[1509379200000,7.51],[1509465600000,7.24],[1509552000000,7.25],[1509638400000,7.13],[1509897600000,7.89],[1509984000000,8.79],[1510070400000,8.62],[1510156800000,9.37],[1510243200000,10.33],[1510502400000,10.77],[1510588800000,10.00],[1510675200000,9.31],[1510761600000,10.15],[1510848000000,10.57],[1511107200000,11.19],[1511193600000,13.17],[1511280000000,13.44],[1511366400000,10.08],[1511452800000,10.13],[1511712000000,8.67],[1511798400000,8.83],[1511884800000,8.77],[1511971200000,7.49],[1512057600000,7.28],[1512316800000,7.84],[1512403200000,8.41],[1512489600000,7.76],[1512576000000,6.55],[1512662400000,7.42],[1512921600000,9.20],[1513008000000,7.76],[1513094400000,8.67],[1513180800000,8.03],[1513267200000,6.82],[1513526400000,6.94],[1513612800000,8.28],[1513699200000,8.15],[1513785600000,9.15],[1513872000000,8.80],[1514131200000,8.45],[1514217600000,8.77],[1514304000000,7.09],[1514390400000,7.84],[1514476800000,8.16],[1514822400000,9.68],[1514908800000,10.32],[1514995200000,10.79],[1515081600000,11.05],[1515340800000,11.63],[1515427200000,12.41],[1515513600000,12.91],[1515600000000,12.85],[1515686400000,13.37],[1515945600000,13.37],[1516032000000,14.27],[1516118400000,13.99],[1516204800000,14.61],[1516291200000,14.99],[1516550400000,16.36],[1516636800000,17.60],[1516723200000,17.79],[1516809600000,17.13],[1516896000000,17.56],[1517155200000,15.43],[1517241600000,14.20],[1517328000000,14.73],[1517414400000,13.93],[1517500800000,14.61],[1517760000000,14.69],[1517846400000,11.33]]}];
/*同类排名*/
var Data_rateInSimilarType = [{"x":1497196800000,"y":145,"sc":"574"},{"x":1497283200000,"y":143,"sc":"574"},{"x":1497369600000,"y":145,"sc":"575"},{"x":1497456000000,"y":145,"sc":"575"},{"x":1497542400000,"y":143,"sc":"575"},{"x":1497801600000,"y":140,"sc":"577"},{"x":1497888000000,"y":139,"sc":"577"},{"x":1497974400000,"y":136,"sc":"575"},{"x":1498060800000,"y":151,"sc":"575"},{"x":1498147200000,"y":152,"sc":"576"},{"x":1498406400000,"y":153,"sc":"579"},{"x":1498492800000,"y":152,"sc":"579"},{"x":1498579200000,"y":153,"sc":"579"},{"x":1498665600000,"y":150,"sc":"579"},{"x":1498752000000,"y":155,"sc":"582"},{"x":1499011200000,"y":123,"sc":"582"},{"x":1499097600000,"y":149,"sc":"582"},{"x":1499184000000,"y":149,"sc":"583"},{"x":1499270400000,"y":146,"sc":"583"},{"x":1499356800000,"y":140,"sc":"583"},{"x":1499616000000,"y":127,"sc":"583"},{"x":1499702400000,"y":121,"sc":"583"},{"x":1499788800000,"y":118,"sc":"583"},{"x":1499875200000,"y":120,"sc":"583"},{"x":1499961600000,"y":118,"sc":"586"},{"x":1500220800000,"y":117,"sc":"586"},{"x":1500307200000,"y":117,"sc":"586"},{"x":1500393600000,"y":115,"sc":"589"},{"x":1500480000000,"y":118,"sc":"589"},{"x":1500566400000,"y":118,"sc":"593"},{"x":1500825600000,"y":118,"sc":"593"},{"x":1500912000000,"y":125,"sc":"593"},{"x":1500998400000,"y":124,"sc":"594"},{"x":1501084800000,"y":128,"sc":"594"},{"x":1501171200000,"y":129,"sc":"594"},{"x":1501430400000,"y":112,"sc":"594"},{"x":1501516800000,"y":140,"sc":"594"},{"x":1501603200000,"y":142,"sc":"594"},{"x":1501689600000,"y":141,"sc":"594"},{"x":1501776000000,"y":141,"sc":"594"},{"x":1502035200000,"y":145,"sc":"596"},{"x":1502121600000,"y":148,"sc":"596"},{"x":1502208000000,"y":143,"sc":"596"},{"x":1502294400000,"y":142,"sc":"596"},{"x":1502380800000,"y":141,"sc":"596"},{"x":1502640000000,"y":144,"sc":"596"},{"x":1502726400000,"y":143,"sc":"596"},{"x":1502812800000,"y":143,"sc":"596"},{"x":1502899200000,"y":144,"sc":"596"},{"x":1502985600000,"y":145,"sc":"596"},{"x":1503244800000,"y":145,"sc":"597"},{"x":1503331200000,"y":142,"sc":"597"},{"x":1503417600000,"y":137,"sc":"597"},{"x":1503504000000,"y":137,"sc":"596"},{"x":1503590400000,"y":136,"sc":"596"},{"x":1503849600000,"y":112,"sc":"600"},{"x":1503936000000,"y":108,"sc":"600"},{"x":1504022400000,"y":133,"sc":"600"},{"x":1504108800000,"y":132,"sc":"601"},{"x":1504195200000,"y":133,"sc":"601"},{"x":1504454400000,"y":132,"sc":"601"},{"x":1504540800000,"y":131,"sc":"601"},{"x":1504627200000,"y":131,"sc":"601"},{"x":1504713600000,"y":130,"sc":"601"},{"x":1504800000000,"y":136,"sc":"601"},{"x":1505059200000,"y":148,"sc":"603"},{"x":1505145600000,"y":153,"sc":"603"},{"x":1505232000000,"y":155,"sc":"603"},{"x":1505318400000,"y":168,"sc":"605"},{"x":1505404800000,"y":174,"sc":"605"},{"x":1505664000000,"y":193,"sc":"606"},{"x":1505750400000,"y":194,"sc":"606"},{"x":1505836800000,"y":193,"sc":"603"},{"x":1505923200000,"y":194,"sc":"603"},{"x":1506009600000,"y":186,"sc":"603"},{"x":1506268800000,"y":191,"sc":"603"},{"x":1506355200000,"y":189,"sc":"603"},{"x":1506441600000,"y":190,"sc":"604"},{"x":1506528000000,"y":190,"sc":"604"},{"x":1506614400000,"y":193,"sc":"606"},{"x":1507478400000,"y":241,"sc":"606"},{"x":1507564800000,"y":235,"sc":"607"},{"x":1507651200000,"y":234,"sc":"607"},{"x":1507737600000,"y":237,"sc":"611"},{"x":1507824000000,"y":238,"sc":"611"},{"x":1508083200000,"y":249,"sc":"612"},{"x":1508169600000,"y":249,"sc":"612"},{"x":1508256000000,"y":247,"sc":"611"},{"x":1508342400000,"y":246,"sc":"611"},{"x":1508428800000,"y":247,"sc":"611"},{"x":1508688000000,"y":242,"sc":"606"},{"x":1508774400000,"y":237,"sc":"606"},{"x":1508860800000,"y":229,"sc":"607"},{"x":1508947200000,"y":231,"sc":"607"},{"x":1509033600000,"y":229,"sc":"607"},{"x":1509292800000,"y":220,"sc":"609"},{"x":1509379200000,"y":223,"sc":"610"},{"x":1509465600000,"y":223,"sc":"610"},{"x":1509552000000,"y":223,"sc":"613"},{"x":1509638400000,"y":223,"sc":"617"},{"x":1509897600000,"y":228,"sc":"621"},{"x":1509984000000,"y":229,"sc":"621"},{"x":1510070400000,"y":230,"sc":"621"},{"x":1510156800000,"y":232,"sc":"623"},{"x":1510243200000,"y":232,"sc":"623"},{"x":1510502400000,"y":230,"sc":"633"},{"x":1510588800000,"y":229,"sc":"635"},{"x":1510675200000,"y":231,"sc":"635"},{"x":1510761600000,"y":232,"sc":"635"},{"x":1510848000000,"y":233,"sc":"636"},{"x":1511107200000,"y":234,"sc":"636"},{"x":1511193600000,"y":234,"sc":"636"},{"x":1511280000000,"y":235,"sc":"636"},{"x":1511366400000,"y":238,"sc":"636"},{"x":1511452800000,"y":242,"sc":"637"},{"x":1511712000000,"y":250,"sc":"640"},{"x":1511798400000,"y":254,"sc":"640"},{"x":1511884800000,"y":261,"sc":"640"},{"x":1511971200000,"y":270,"sc":"641"},{"x":1512057600000,"y":267,"sc":"643"},{"x":1512316800000,"y":270,"sc":"643"},{"x":1512403200000,"y":271,"sc":"643"},{"x":1512489600000,"y":273,"sc":"643"},{"x":1512576000000,"y":274,"sc":"644"},{"x":1512662400000,"y":272,"sc":"652"},{"x":1512921600000,"y":257,"sc":"652"},{"x":1513008000000,"y":256,"sc":"653"},{"x":1513094400000,"y":255,"sc":"653"},{"x":1513180800000,"y":246,"sc":"654"},{"x":1513267200000,"y":242,"sc":"656"},{"x":1513526400000,"y":238,"sc":"656"},{"x":1513612800000,"y":229,"sc":"656"},{"x":1513699200000,"y":229,"sc":"656"},{"x":1513785600000,"y":227,"sc":"655"},{"x":1513872000000,"y":248,"sc":"655"},{"x":1514131200000,"y":248,"sc":"655"},{"x":1514217600000,"y":237,"sc":"655"},{"x":1514304000000,"y":223,"sc":"654"},{"x":1514390400000,"y":216,"sc":"655"},{"x":1514476800000,"y":196,"sc":"655"},{"x":1514822400000,"y":132,"sc":"655"},{"x":1514908800000,"y":128,"sc":"655"},{"x":1514995200000,"y":124,"sc":"655"},{"x":1515081600000,"y":123,"sc":"655"},{"x":1515340800000,"y":175,"sc":"655"},{"x":1515427200000,"y":178,"sc":"655"},{"x":1515513600000,"y":182,"sc":"656"},{"x":1515600000000,"y":186,"sc":"657"},{"x":1515686400000,"y":187,"sc":"657"},{"x":1515945600000,"y":195,"sc":"657"},{"x":1516032000000,"y":199,"sc":"657"},{"x":1516118400000,"y":201,"sc":"657"},{"x":1516204800000,"y":203,"sc":"657"},{"x":1516291200000,"y":208,"sc":"657"},{"x":1516550400000,"y":221,"sc":"657"},{"x":1516636800000,"y":221,"sc":"657"},{"x":1516723200000,"y":226,"sc":"657"},{"x":1516809600000,"y":227,"sc":"657"},{"x":1516896000000,"y":230,"sc":"655"},{"x":1517155200000,"y":241,"sc":"656"},{"x":1517241600000,"y":246,"sc":"656"},{"x":1517328000000,"y":249,"sc":"656"},{"x":1517414400000,"y":256,"sc":"656"},{"x":1517500800000,"y":261,"sc":"656"},{"x":1517760000000,"y":273,"sc":"656"},{"x":1517846400000,"y":278,"sc":"656"}];
/*百分比排名*/
var Data_rateInSimilarPersent = [[1497196800000,74.7400],[1497283200000,75.0900],[1497369600000,74.7800],[1497456000000,74.7800],[1497542400000,75.1300],[1497801600000,75.7400],[1497888000000,75.9100],[1497974400000,76.3500],[1498060800000,73.7400],[1498147200000,73.6100],[1498406400000,73.5800],[1498492800000,73.7500],[1498579200000,73.5800],[1498665600000,74.0900],[1498752000000,73.3700],[1499011200000,78.8700],[1499097600000,74.4000],[1499184000000,74.4400],[1499270400000,74.9600],[1499356800000,75.9900],[1499616000000,78.2200],[1499702400000,79.2500],[1499788800000,79.7600],[1499875200000,79.4200],[1499961600000,79.8600],[1500220800000,80.0300],[1500307200000,80.0300],[1500393600000,80.4800],[1500480000000,79.9700],[1500566400000,80.1000],[1500825600000,80.1000],[1500912000000,78.9200],[1500998400000,79.1200],[1501084800000,78.4500],[1501171200000,78.2800],[1501430400000,81.1400],[1501516800000,76.4300],[1501603200000,76.0900],[1501689600000,76.2600],[1501776000000,76.2600],[1502035200000,75.6700],[1502121600000,75.1700],[1502208000000,76.0100],[1502294400000,76.1700],[1502380800000,76.3400],[1502640000000,75.8400],[1502726400000,76.0100],[1502812800000,76.0100],[1502899200000,75.8400],[1502985600000,75.6700],[1503244800000,75.7100],[1503331200000,76.2100],[1503417600000,77.0500],[1503504000000,77.0100],[1503590400000,77.1800],[1503849600000,81.3300],[1503936000000,82.00],[1504022400000,77.8300],[1504108800000,78.0400],[1504195200000,77.8700],[1504454400000,78.0400],[1504540800000,78.2000],[1504627200000,78.2000],[1504713600000,78.3700],[1504800000000,77.3700],[1505059200000,75.4600],[1505145600000,74.6300],[1505232000000,74.3000],[1505318400000,72.2300],[1505404800000,71.2400],[1505664000000,68.1500],[1505750400000,67.9900],[1505836800000,67.9900],[1505923200000,67.8300],[1506009600000,69.1500],[1506268800000,68.3300],[1506355200000,68.6600],[1506441600000,68.5400],[1506528000000,68.5400],[1506614400000,68.1500],[1507478400000,60.2300],[1507564800000,61.2900],[1507651200000,61.4500],[1507737600000,61.2100],[1507824000000,61.0500],[1508083200000,59.3100],[1508169600000,59.3100],[1508256000000,59.5700],[1508342400000,59.7400],[1508428800000,59.5700],[1508688000000,60.0700],[1508774400000,60.8900],[1508860800000,62.2700],[1508947200000,61.9400],[1509033600000,62.2700],[1509292800000,63.8800],[1509379200000,63.4400],[1509465600000,63.4400],[1509552000000,63.6200],[1509638400000,63.8600],[1509897600000,63.2900],[1509984000000,63.1200],[1510070400000,62.9600],[1510156800000,62.7600],[1510243200000,62.7600],[1510502400000,63.6700],[1510588800000,63.9400],[1510675200000,63.6200],[1510761600000,63.4600],[1510848000000,63.3600],[1511107200000,63.2100],[1511193600000,63.2100],[1511280000000,63.0500],[1511366400000,62.5800],[1511452800000,62.0100],[1511712000000,60.9400],[1511798400000,60.3100],[1511884800000,59.2200],[1511971200000,57.8800],[1512057600000,58.4800],[1512316800000,58.0100],[1512403200000,57.8500],[1512489600000,57.5400],[1512576000000,57.4500],[1512662400000,58.2800],[1512921600000,60.5800],[1513008000000,60.8000],[1513094400000,60.9500],[1513180800000,62.3900],[1513267200000,63.1100],[1513526400000,63.7200],[1513612800000,65.0900],[1513699200000,65.0900],[1513785600000,65.3400],[1513872000000,62.1400],[1514131200000,62.1400],[1514217600000,63.8200],[1514304000000,65.9000],[1514390400000,67.0200],[1514476800000,70.0800],[1514822400000,79.8500],[1514908800000,80.4600],[1514995200000,81.0700],[1515081600000,81.2200],[1515340800000,73.2800],[1515427200000,72.8200],[1515513600000,72.2600],[1515600000000,71.6900],[1515686400000,71.5400],[1515945600000,70.3200],[1516032000000,69.7100],[1516118400000,69.4100],[1516204800000,69.1000],[1516291200000,68.3400],[1516550400000,66.3600],[1516636800000,66.3600],[1516723200000,65.6000],[1516809600000,65.4500],[1516896000000,64.8900],[1517155200000,63.2600],[1517241600000,62.5000],[1517328000000,62.0400],[1517414400000,60.9800],[1517500800000,60.2100],[1517760000000,58.3800],[1517846400000,57.6200]];
/*规模变动*/
var Data_fluctuationScale = {"categories":["2017-03-24","2017-03-31","2017-06-30","2017-09-30","2017-12-31"],"series":[{"y":2.00,"mom":"0.08%"},{"y":2.00,"mom":"0.08%"},{"y":3.56,"mom":"77.65%"},{"y":55.61,"mom":"1461.70%"},{"y":11.63,"mom":"-79.09%"}]};;
/*持有人结构*/
var Data_holderStructure = {"series":[{"name":"机构持有比例","data":[99.02]},{"name":"个人持有比例","data":[0.98]},{"name":"内部持有比例","data":[0.0]}],"categories":["2017-06-30"]};
/*申购赎回*/
var Data_assetAllocation ={"series":[{"name":"期间申购","data":[2.06,89.69,9.39]},{"name":"期间赎回","data":[0.50,37.63,53.38]},{"name":"总份额","data":[3.56,55.61,11.63]}],"categories":["2017-06-30","2017-09-30","2017-12-31"]};
/*现任基金经理*/
var Data_currentFundManager = [{"id":"30336358","pic":"https://pdf.dfcfw.com/pdf/H8_JPG30336358_1.jpg","name":"丁宇佳","star":4,"workTime":"2年又319天","fundSize":"279.96亿(22只基金)","power":{"avr":"63.16","categories":["经验值","收益率","抗风险","稳定性","择时能力"],"dsc":["反映基金经理从业年限和管理基金的经验","根据基金经理投资的阶段收益评分，反映\u003cbr\u003e基金经理投资的盈利能力","反映基金经理投资的回撤控制能力","反映基金经理投资收益的波动","反映基金经理根据对市场的判断，通过\u003cbr\u003e调整仓位及配置而跑赢业绩的基准能力"],"data":[59.50,68.80,92.90,89.0,12.0],"jzrq":"2018-02-06"},"profit":{"categories":["任期收益","同类平均","沪深300"],"series":[{"data":[{"name":null,"color":"#7cb5ec","y":3.7951},{"name":null,"color":"#414c7b","y":3.65},{"name":null,"color":"#f7a35c","y":21.03}]}],"jzrq":"2018-02-06"}},{"id":"30073898","pic":"https://pdf.dfcfw.com/pdf/H8_GIF30073898_1.jpg","name":"王靖","star":0,"workTime":"2年又43天","fundSize":"25.82亿(7只基金)","power":{"avr":"暂无数据","categories":["经验值","收益率","影响力","稳定性","管理规模"],"dsc":["反映基金经理从业年限和管理基金的经验","根据基金经理投资的阶段收益评分，反映\u003cbr\u003e基金经理投资的盈利能力","根据基金经理所管理基金的机构和个人投\u003cbr\u003e资者持有比例评分","反映基金经理投资收益的波动","根据基金经理现任管理基金资产规模评分"],"data":[null,null,null,null,null],"jzrq":"2018-02-06"},"profit":{"categories":["任期收益","同类平均"],"series":[{"data":[{"name":null,"color":"#7cb5ec","y":1.1366},{"name":null,"color":"#414c7b","y":1.12}]}],"jzrq":"2018-02-06"}}] ;
/*同类型基金涨幅榜（页面底部通栏）*/
var swithSameType = [['002895_华夏天利货币B_5.8750','002894_华夏天利货币A_5.6210','004398_融通现金宝货币B_5.3370','000902_国开货币B_5.3360','001478_泰康薪意保货币B_5.1400'],['002895_华夏天利货币B_5.26','004973_长城收益宝货币B_5.08','004904_人保货币B_5.05','002884_华润元大现金通货币B_5.01','002894_华夏天利货币A_5.01'],['004973_长城收益宝货币B_5.05','004770_海富通添益货币A_4.99','002884_华润元大现金通货币B_4.99','005151_红土创新优淳货币B_4.90','002895_华夏天利货币B_4.89'],['004770_海富通添益货币A_5.39','004973_长城收益宝货币B_5.13','002884_华润元大现金通货币B_5.03','002895_华夏天利货币B_5.03','004398_融通现金宝货币B_5.01'],['003679_中融现金增利货币C_4.67','003474_南方天天利货币B_4.55','000836_国投瑞银钱多宝货币A_4.52','000837_国投瑞银钱多宝货币I_4.52','003753_工银如意货币B_4.51']];