/**
 * 测试数据
 * @type {arry}
 */
/*2018-02-07 16:07:38*/
//基金或股票信息
var fS_name = "兴业鑫天盈货币A";
var fS_code = "001925";
var fund_minsg="";
var ishb=true;
/*原费率*/
var fund_sourceRate="0";
/*现费率*/
var fund_Rate="0";
/*最小申购金额*/
var fund_minsg="";
/*收益率*/
/*近一年收益率*/
var syl_1n="3.7613";
/*近6月收益率*/
var syl_6y="1.9306";
/*近三月收益率*/
var syl_3y="0.9734";
/*近一月收益率*/
var syl_1y="0.3426";
/* 基金收益走势图 每万份收益*/
var Data_millionCopiesIncome = [[1446566400000,0.5164],[1446652800000,0.545],[1446739200000,0.6368],[1446825600000,0.5507],[1446912000000,0.5507],[1446998400000,0.5228],[1447084800000,0.5676],[1447171200000,0.5595],[1447257600000,0.5599],[1447344000000,0.5599],[1447430400000,0.5598],[1447516800000,0.5598],[1447603200000,0.5598],[1447689600000,0.5598],[1447776000000,0.7139],[1447862400000,0.5612],[1447948800000,0.5522],[1448035200000,0.5522],[1448121600000,0.5522],[1448208000000,0.5521],[1448294400000,0.5522],[1448380800000,0.5521],[1448467200000,0.5475],[1448553600000,0.5768],[1448640000000,0.6159],[1448726400000,0.6158],[1448812800000,0.5865],[1448899200000,0.5864],[1448985600000,0.5864],[1449072000000,0.5961],[1449158400000,0.5849],[1449244800000,0.5308],[1449331200000,0.5307],[1449417600000,0.6065],[1449504000000,0.6173],[1449590400000,0.6173],[1449676800000,0.6389],[1449763200000,0.6606],[1449849600000,0.6497],[1449936000000,0.6497],[1450022400000,0.6496],[1450108800000,0.6821],[1450195200000,0.6712],[1450281600000,0.682],[1450368000000,0.6819],[1450454400000,0.6819],[1450540800000,0.6818],[1450627200000,0.671],[1450713600000,0.6784],[1450800000000,0.6792],[1450886400000,0.683],[1450972800000,0.683],[1451059200000,0.683],[1451145600000,0.6829],[1451232000000,0.683],[1451318400000,0.6829],[1451404800000,0.683],[1451491200000,0.6829],[1451577600000,0.6829],[1451664000000,0.6828],[1451750400000,0.6828],[1451836800000,0.6827],[1451923200000,0.6827],[1452009600000,0.6793],[1452096000000,0.6793],[1452182400000,0.6684],[1452268800000,0.6683],[1452355200000,0.6573],[1452441600000,0.6573],[1452528000000,0.6244],[1452614400000,0.5427],[1452700800000,0.555],[1452787200000,0.5439],[1452873600000,0.5439],[1452960000000,0.5438],[1453046400000,0.5439],[1453132800000,0.5438],[1453219200000,0.5327],[1453305600000,0.5439],[1453392000000,0.555],[1453478400000,0.6215],[1453564800000,0.6215],[1453651200000,1.4763],[1453737600000,0.6326],[1453824000000,0.6326],[1453910400000,0.6436],[1453996800000,0.6325],[1454083200000,0.6324],[1454169600000,0.6324],[1454256000000,0.6442],[1454342400000,0.6441],[1454428800000,0.6552],[1454515200000,0.6551],[1454601600000,0.6551],[1454688000000,0.6551],[1454774400000,0.655],[1454860800000,0.655],[1454947200000,0.6549],[1455033600000,0.6549],[1455120000000,0.6548],[1455206400000,0.6548],[1455292800000,0.6548],[1455379200000,0.6547],[1455465600000,0.6547],[1455552000000,0.6435],[1455638400000,0.6546],[1455724800000,0.6435],[1455811200000,0.6212],[1455897600000,0.6101],[1455984000000,0.6101],[1456070400000,0.5989],[1456156800000,0.599],[1456243200000,0.5991],[1456329600000,0.5991],[1456416000000,0.5991],[1456502400000,0.599],[1456588800000,0.599],[1456675200000,0.5989],[1456761600000,0.5989],[1456848000000,0.5989],[1456934400000,0.5988],[1457020800000,0.5988],[1457107200000,0.5988],[1457193600000,0.5987],[1457280000000,0.5987],[1457366400000,0.5876],[1457452800000,0.5986],[1457539200000,0.5987],[1457625600000,0.5986],[1457712000000,0.5986],[1457798400000,0.5985],[1457884800000,0.6318],[1457971200000,0.5985],[1458057600000,0.594],[1458144000000,0.5828],[1458230400000,0.594],[1458316800000,0.594],[1458403200000,0.5939],[1458489600000,0.5715],[1458576000000,0.5939],[1458662400000,0.5938],[1458748800000,0.605],[1458835200000,0.605],[1458921600000,0.6049],[1459008000000,0.6049],[1459094400000,1.0417],[1459180800000,0.616],[1459267200000,0.616],[1459353600000,0.6159],[1459440000000,0.6159],[1459526400000,0.6158],[1459612800000,0.6158],[1459699200000,0.6158],[1459785600000,0.6269],[1459872000000,0.6157],[1459958400000,0.5956],[1460044800000,0.607],[1460131200000,0.5955],[1460217600000,0.5955],[1460304000000,0.5954],[1460390400000,0.6069],[1460476800000,0.6068],[1460563200000,0.6068],[1460649600000,0.6067],[1460736000000,0.6067],[1460822400000,0.6067],[1460908800000,0.5952],[1460995200000,0.5952],[1461081600000,0.5952],[1461168000000,0.618],[1461254400000,0.927],[1461340800000,0.6179],[1461427200000,0.6179],[1461513600000,0.6179],[1461600000000,0.6178],[1461686400000,0.6178],[1461772800000,0.183],[1461859200000,0.6062],[1461945600000,0.6062],[1462032000000,0.6062],[1462118400000,0.6061],[1462204800000,0.3431],[1462291200000,0.6176],[1462377600000,0.6175],[1462464000000,0.6061],[1462550400000,0.606],[1462636800000,0.5717],[1462723200000,0.6059],[1462809600000,0.606],[1462896000000,0.6059],[1462982400000,0.6059],[1463068800000,0.6059],[1463155200000,0.6058],[1463241600000,0.6058],[1463328000000,0.6058],[1463414400000,0.6172],[1463500800000,0.6057],[1463587200000,0.6057],[1463673600000,0.6056],[1463760000000,0.6056],[1463846400000,0.6055],[1463932800000,0.6055],[1464019200000,0.6055],[1464105600000,0.6089],[1464192000000,0.6088],[1464278400000,0.6088],[1464364800000,0.6087],[1464451200000,0.6087],[1464537600000,0.6087],[1464624000000,0.6086],[1464710400000,0.6086],[1464796800000,0.6086],[1464883200000,0.6085],[1464969600000,0.6085],[1465056000000,0.6084],[1465142400000,0.6088],[1465228800000,0.6087],[1465315200000,0.6087],[1465401600000,0.6087],[1465488000000,0.6086],[1465574400000,0.6086],[1465660800000,0.6085],[1465747200000,0.5968],[1465833600000,0.5968],[1465920000000,0.5967],[1466006400000,0.5967],[1466092800000,0.5967],[1466179200000,0.5966],[1466265600000,0.5966],[1466352000000,0.5849],[1466438400000,0.5966],[1466524800000,0.62],[1466611200000,0.6274],[1466697600000,0.6274],[1466784000000,0.6392],[1466870400000,0.6391],[1466956800000,0.6509],[1467043200000,0.6627],[1467129600000,0.6982],[1467216000000,0.6744],[1467302400000,0.6626],[1467388800000,0.6625],[1467475200000,0.6625],[1467561600000,0.8517],[1467648000000,0.6505],[1467734400000,0.6623],[1467820800000,0.6505],[1467907200000,0.6386],[1467993600000,0.6386],[1468080000000,0.6385],[1468166400000,0.71],[1468252800000,0.6415],[1468339200000,0.6392],[1468425600000,0.6394],[1468512000000,0.6382],[1468598400000,0.6381],[1468684800000,0.6381],[1468771200000,-6.0608],[1468857600000,0.6457],[1468944000000,0.7956],[1469030400000,0.8762],[1469116800000,0.6341],[1469203200000,0.6571],[1469289600000,0.6571],[1469376000000,0.6916],[1469462400000,0.6456],[1469548800000,0.6455],[1469635200000,0.6455],[1469721600000,0.6454],[1469808000000,0.6454],[1469894400000,0.6453],[1469980800000,0.6453],[1470067200000,0.6453],[1470153600000,0.8296],[1470240000000,0.6567],[1470326400000,0.6566],[1470412800000,0.6566],[1470499200000,0.6566],[1470585600000,0.645],[1470672000000,0.645],[1470758400000,0.6449],[1470844800000,0.6449],[1470931200000,0.6448],[1471017600000,0.6448],[1471104000000,0.6447],[1471190400000,0.6447],[1471276800000,0.6442],[1471363200000,0.6442],[1471449600000,0.6441],[1471536000000,0.6441],[1471622400000,0.6441],[1471708800000,0.644],[1471795200000,0.644],[1471881600000,0.7589],[1471968000000,0.6324],[1472054400000,0.6438],[1472140800000,0.6438],[1472227200000,0.6438],[1472313600000,0.6437],[1472400000000,1.0345],[1472486400000,1.0229],[1472572800000,0.6436],[1472659200000,0.6435],[1472745600000,0.6435],[1472832000000,0.6434],[1472918400000,0.6434],[1473004800000,0.7008],[1473091200000,0.7237],[1473177600000,0.6433],[1473264000000,0.6547],[1473350400000,0.6547],[1473436800000,0.6546],[1473523200000,0.6546],[1473609600000,0.6545],[1473696000000,0.6545],[1473782400000,0.643],[1473868800000,0.6429],[1473955200000,0.6429],[1474041600000,0.6428],[1474128000000,0.8494],[1474214400000,0.6427],[1474300800000,0.6312],[1474387200000,0.6197],[1474473600000,0.6314],[1474560000000,0.6198],[1474646400000,0.6313],[1474732800000,0.6312],[1474819200000,0.6197],[1474905600000,0.6197],[1474992000000,0.6196],[1475078400000,0.6196],[1475164800000,0.631],[1475251200000,0.6195],[1475337600000,0.6195],[1475424000000,0.6195],[1475510400000,0.6194],[1475596800000,0.6194],[1475683200000,0.6193],[1475769600000,0.6193],[1475856000000,0.9289],[1475942400000,0.6995],[1476028800000,0.6421],[1476115200000,0.6535],[1476201600000,0.642],[1476288000000,0.642],[1476374400000,0.6075],[1476460800000,0.6075],[1476547200000,0.6075],[1476633600000,0.6075],[1476720000000,0.6075],[1476806400000,0.6189],[1476892800000,0.6188],[1476979200000,0.6073],[1477065600000,0.6188],[1477152000000,0.6073],[1477238400000,1.3863],[1477324800000,0.6186],[1477411200000,0.6186],[1477497600000,0.6185],[1477584000000,0.6185],[1477670400000,0.6185],[1477756800000,0.6184],[1477843200000,0.6184],[1477929600000,0.6183],[1478016000000,0.6184],[1478102400000,0.6183],[1478188800000,0.6183],[1478275200000,0.6183],[1478361600000,0.6182],[1478448000000,0.6182],[1478534400000,0.7097],[1478620800000,0.6295],[1478707200000,0.6295],[1478793600000,0.618],[1478880000000,0.618],[1478966400000,0.6179],[1479052800000,0.6294],[1479139200000,0.621],[1479225600000,0.6209],[1479312000000,0.6092],[1479398400000,0.6208],[1479484800000,0.6208],[1479571200000,0.5973],[1479657600000,0.6207],[1479744000000,0.6207],[1479830400000,0.6206],[1479916800000,0.6323],[1480003200000,0.6323],[1480089600000,0.6322],[1480176000000,0.6322],[1480262400000,0.6322],[1480348800000,0.6321],[1480435200000,0.8896],[1480521600000,0.632],[1480608000000,1.0533],[1480694400000,0.6202],[1480780800000,0.6202],[1480867200000,1.3573],[1480953600000,0.6318],[1481040000000,0.8072],[1481126400000,0.6317],[1481212800000,0.6316],[1481299200000,0.6316],[1481385600000,0.6315],[1481472000000,0.8537],[1481558400000,0.6314],[1481644800000,0.6081],[1481731200000,0.5847],[1481817600000,0.8419],[1481904000000,0.608],[1481990400000,0.5962],[1482076800000,1.0402],[1482163200000,0.6575],[1482249600000,0.8507],[1482336000000,0.7423],[1482422400000,0.791],[1482508800000,0.791],[1482595200000,0.7909],[1482681600000,0.8396],[1482768000000,0.7853],[1482854400000,0.7853],[1482940800000,0.7921],[1483027200000,0.8394],[1483113600000,0.8157],[1483200000000,0.8156],[1483286400000,0.8155],[1483372800000,0.2482],[1483459200000,0.8036],[1483545600000,0.7454],[1483632000000,0.8045],[1483718400000,0.8044],[1483804800000,0.8043],[1483891200000,0.8043],[1483977600000,0.8279],[1484064000000,0.8278],[1484150400000,0.7686],[1484236800000,0.8158],[1484409600000,1.5842],[1484496000000,1.0993],[1484582400000,0.8628],[1484668800000,0.8865],[1484755200000,0.8864],[1484841600000,0.8272],[1484928000000,0.839],[1485014400000,0.8389],[1485100800000,0.8034],[1485187200000,0.8388],[1485273600000,0.8505],[1485360000000,0.8505],[1485446400000,0.8504],[1485532800000,0.6614],[1485619200000,0.6613],[1485705600000,0.6613],[1485792000000,0.6612],[1485878400000,0.6612],[1485964800000,0.6611],[1486051200000,0.9326],[1486137600000,0.7909],[1486224000000,0.7908],[1486310400000,0.8026],[1486396800000,0.7907],[1486483200000,0.7907],[1486569600000,0.8025],[1486656000000,0.6572],[1486742400000,0.8001],[1486828800000,0.8],[1486915200000,0.9971],[1487001600000,1.3589],[1487088000000,0.8031],[1487174400000,0.807],[1487260800000,0.8488],[1487347200000,0.8189],[1487433600000,0.8189],[1487520000000,1.0291],[1487606400000,1.9592],[1487692800000,0.8175],[1487779200000,0.8695],[1487865600000,0.9153],[1487952000000,0.8956],[1488038400000,0.8955],[1488124800000,0.896],[1488211200000,0.9622],[1488297600000,1.1499],[1488384000000,1.1263],[1488470400000,0.8915],[1488556800000,0.8914],[1488643200000,0.8914],[1488729600000,0.8992],[1488816000000,0.9583],[1488902400000,0.8745],[1488988800000,0.8566],[1489075200000,0.8335],[1489161600000,0.8335],[1489248000000,0.8334],[1489334400000,0.8219],[1489420800000,0.8218],[1489507200000,1.0056],[1489593600000,0.8331],[1489680000000,0.8388],[1489766400000,0.8445],[1489852800000,0.8444],[1489939200000,0.8271],[1490025600000,0.8443],[1490112000000,0.8844],[1490198400000,0.8843],[1490284800000,1.2747],[1490371200000,0.8956],[1490457600000,0.8783],[1490544000000,1.0619],[1490630400000,0.8026],[1490716800000,0.918],[1490803200000,0.9179],[1490889600000,0.9814],[1490976000000,0.9178],[1491062400000,0.9177],[1491148800000,0.9176],[1491235200000,0.9175],[1491321600000,0.9174],[1491408000000,0.9173],[1491494400000,0.9174],[1491580800000,0.8711],[1491667200000,0.8711],[1491753600000,0.8767],[1491840000000,0.8312],[1491926400000,0.9266],[1492012800000,0.9265],[1492099200000,0.9264],[1492185600000,0.9263],[1492272000000,0.9262],[1492358400000,0.9261],[1492444800000,0.9397],[1492531200000,0.9396],[1492617600000,0.9399],[1492704000000,0.9398],[1492876800000,1.8521],[1492963200000,0.9668],[1493049600000,0.9667],[1493136000000,1.0484],[1493222400000,0.9802],[1493308800000,0.967],[1493568000000,2.9006],[1493654400000,1.2662],[1493740800000,0.9665],[1493827200000,0.9665],[1493913600000,0.9664],[1494086400000,1.9052],[1494172800000,0.9661],[1494259200000,0.966],[1494345600000,0.9659],[1494432000000,0.9658],[1494518400000,0.9657],[1494691200000,1.9311],[1494777600000,0.9518],[1494864000000,0.9653],[1494950400000,0.979],[1495036800000,0.9789],[1495123200000,1.0332],[1495296000000,1.9844],[1495382400000,0.9921],[1495468800000,1.1143],[1495555200000,0.9919],[1495641600000,1.0061],[1495728000000,0.9922],[1496073600000,3.9679],[1496160000000,0.9917],[1496246400000,1.1018],[1496332800000,0.9917],[1496505600000,1.983],[1496592000000,0.9914],[1496678400000,0.9913],[1496764800000,0.9912],[1496851200000,1.1563],[1496937600000,1.0047],[1497110400000,2.0092],[1497196800000,1.0044],[1497283200000,1.0181],[1497369600000,1.0317],[1497456000000,1.0591],[1497542400000,1.0728],[1497715200000,2.1452],[1497801600000,1.0449],[1497888000000,1.3885],[1497974400000,1.0997],[1498060800000,1.1133],[1498147200000,1.1877],[1498320000000,2.3167],[1498406400000,1.164],[1498492800000,1.1522],[1498579200000,1.1055],[1498665600000,1.1287],[1498752000000,1.1634],[1498924800000,2.3032],[1499011200000,1.1456],[1499097600000,1.1374],[1499184000000,1.1373],[1499270400000,1.1896],[1499356800000,1.1312],[1499529600000,2.0055],[1499616000000,1.2707],[1499702400000,1.0699],[1499788800000,0.987],[1499875200000,0.9792],[1499961600000,0.9676],[1500134400000,1.9126],[1500220800000,0.9478],[1500307200000,0.9848],[1500393600000,0.9788],[1500480000000,0.9858],[1500566400000,1.0778],[1500739200000,2.0381],[1500825600000,1.0339],[1500912000000,1.0292],[1500998400000,1.1339],[1501084800000,1.0373],[1501171200000,1.0447],[1501344000000,2.0841],[1501430400000,1.0431],[1501516800000,1.0461],[1501603200000,0.5573],[1501689600000,1.0517],[1501776000000,1.0391],[1501948800000,2.0443],[1502035200000,1.0237],[1502121600000,1.0152],[1502208000000,1.0142],[1502294400000,1.0502],[1502380800000,1.0006],[1502553600000,2.001],[1502640000000,1.0029],[1502726400000,1.0178],[1502812800000,1.0437],[1502899200000,1.0059],[1502985600000,1.0209],[1503158400000,2.0063],[1503244800000,1.0678],[1503331200000,1.1728],[1503417600000,1.0063],[1503504000000,1.0048],[1503590400000,1.1767],[1503763200000,2.006],[1503849600000,1.0135],[1503936000000,1.0146],[1504022400000,1.049],[1504108800000,1.0188],[1504195200000,1.0156],[1504368000000,2.0231],[1504454400000,1.0344],[1504540800000,1.0131],[1504627200000,0.9477],[1504713600000,0.997],[1504800000000,1.0142],[1504972800000,2.0242],[1505059200000,1.0183],[1505145600000,1.0225],[1505232000000,1.0269],[1505318400000,1.0109],[1505404800000,1.0183],[1505577600000,2.0364],[1505664000000,1.0287],[1505750400000,1.0212],[1505836800000,1.0301],[1505923200000,1.0296],[1506009600000,1.0296],[1506182400000,2.0536],[1506268800000,1.0168],[1506355200000,1.0341],[1506441600000,1.0381],[1506528000000,1.0544],[1506614400000,1.0304],[1507392000000,9.143],[1507478400000,1.0699],[1507564800000,1.021],[1507651200000,1.0227],[1507737600000,1.0952],[1507824000000,1.0354],[1507996800000,2.0545],[1508083200000,1.0301],[1508169600000,1.0535],[1508256000000,1.0064],[1508342400000,0.9945],[1508428800000,0.9862],[1508601600000,1.9703],[1508688000000,0.99],[1508774400000,1.1054],[1508860800000,1.0715],[1508947200000,1.0954],[1509033600000,1.0269],[1509206400000,2.0416],[1509292800000,1.1123],[1509379200000,0.9982],[1509465600000,1.0262],[1509552000000,1.0257],[1509638400000,1.0689],[1509811200000,2.0022],[1509897600000,1.0172],[1509984000000,1.0083],[1510070400000,1.0151],[1510156800000,1.0034],[1510243200000,1.0677],[1510416000000,2.0199],[1510502400000,1.0093],[1510588800000,1.0128],[1510675200000,0.9949],[1510761600000,1.0159],[1510848000000,1.0346],[1511020800000,2.0461],[1511107200000,1.02],[1511193600000,1.1627],[1511280000000,1.0277],[1511366400000,1.0197],[1511452800000,0.9456],[1511625600000,1.9613],[1511712000000,0.9847],[1511798400000,1.1387],[1511884800000,1.0523],[1511971200000,1.0397],[1512057600000,1.0412],[1512230400000,2.0174],[1512316800000,1.0262],[1512403200000,1.0386],[1512489600000,1.0176],[1512576000000,1.02],[1512662400000,1.0006],[1512835200000,2.0124],[1512921600000,1.0265],[1513008000000,1.0332],[1513094400000,1.0361],[1513180800000,1.0425],[1513267200000,1.0216],[1513440000000,2.0744],[1513526400000,1.0465],[1513612800000,1.0746],[1513699200000,1.0109],[1513785600000,1.0645],[1513872000000,1.1225],[1514044800000,2.1585],[1514131200000,1.0911],[1514217600000,1.093],[1514304000000,1.1105],[1514390400000,1.1836],[1514476800000,1.0605],[1514649600000,2.1046],[1514736000000,1.0505],[1514822400000,1.1634],[1514908800000,1.1627],[1514995200000,1.0953],[1515081600000,1.0902],[1515254400000,2.1593],[1515340800000,1.0834],[1515427200000,1.0956],[1515513600000,1.2128],[1515600000000,1.0662],[1515686400000,1.0613],[1515859200000,2.1071],[1515945600000,1.0629],[1516032000000,1.0538],[1516118400000,1.0637],[1516204800000,1.073],[1516291200000,1.0807],[1516464000000,2.1621],[1516550400000,1.0827],[1516636800000,1.0735],[1516723200000,1.0643],[1516809600000,1.0701],[1516896000000,1.1498],[1517068800000,2.1098],[1517155200000,1.0616],[1517241600000,1.0918],[1517328000000,1.0497],[1517414400000,1.0498],[1517500800000,1.0291],[1517673600000,2.0459],[1517760000000,1.0204],[1517846400000,1.026]];
/*基金收益走势图   7日年化收益率*/
var Data_sevenDaysYearIncome = [[1446566400000,2.002],[1446652800000,2.004],[1446739200000,2.073],[1446825600000,2.066],[1446912000000,2.061],[1446998400000,1.939],[1447084800000,2.049],[1447171200000,2.072],[1447257600000,2.08],[1447344000000,2.039],[1447430400000,2.044],[1447516800000,2.049],[1447603200000,2.068],[1447689600000,2.064],[1447776000000,2.146],[1447862400000,2.147],[1447948800000,2.143],[1448035200000,2.139],[1448121600000,2.135],[1448208000000,2.131],[1448294400000,2.127],[1448380800000,2.041],[1448467200000,2.033],[1448553600000,2.046],[1448640000000,2.08],[1448726400000,2.114],[1448812800000,2.132],[1448899200000,2.151],[1448985600000,2.169],[1449072000000,2.195],[1449158400000,2.199],[1449244800000,2.154],[1449331200000,2.109],[1449417600000,2.119],[1449504000000,2.136],[1449590400000,2.152],[1449676800000,2.175],[1449763200000,2.215],[1449849600000,2.279],[1449936000000,2.342],[1450022400000,2.365],[1450108800000,2.4],[1450195200000,2.428],[1450281600000,2.451],[1450368000000,2.463],[1450454400000,2.48],[1450540800000,2.497],[1450627200000,2.509],[1450713600000,2.507],[1450800000000,2.511],[1450886400000,2.511],[1450972800000,2.512],[1451059200000,2.513],[1451145600000,2.513],[1451232000000,2.52],[1451318400000,2.522],[1451404800000,2.524],[1451491200000,2.524],[1451577600000,2.524],[1451664000000,2.524],[1451750400000,2.524],[1451836800000,2.524],[1451923200000,2.524],[1452009600000,2.522],[1452096000000,2.52],[1452182400000,2.512],[1452268800000,2.504],[1452355200000,2.491],[1452441600000,2.477],[1452528000000,2.446],[1452614400000,2.373],[1452700800000,2.307],[1452787200000,2.24],[1452873600000,2.174],[1452960000000,2.113],[1453046400000,2.053],[1453132800000,2.01],[1453219200000,2.005],[1453305600000,1.999],[1453392000000,2.005],[1453478400000,2.046],[1453564800000,2.087],[1453651200000,2.585],[1453737600000,2.632],[1453824000000,2.686],[1453910400000,2.739],[1453996800000,2.781],[1454083200000,2.787],[1454169600000,2.793],[1454256000000,2.348],[1454342400000,2.354],[1454428800000,2.366],[1454515200000,2.372],[1454601600000,2.384],[1454688000000,2.396],[1454774400000,2.408],[1454860800000,2.414],[1454947200000,2.42],[1455033600000,2.42],[1455120000000,2.419],[1455206400000,2.419],[1455292800000,2.419],[1455379200000,2.419],[1455465600000,2.419],[1455552000000,2.413],[1455638400000,2.412],[1455724800000,2.406],[1455811200000,2.389],[1455897600000,2.365],[1455984000000,2.341],[1456070400000,2.311],[1456156800000,2.287],[1456243200000,2.258],[1456329600000,2.234],[1456416000000,2.222],[1456502400000,2.216],[1456588800000,2.21],[1456675200000,2.21],[1456761600000,2.21],[1456848000000,2.21],[1456934400000,2.21],[1457020800000,2.21],[1457107200000,2.21],[1457193600000,2.21],[1457280000000,2.21],[1457366400000,2.204],[1457452800000,2.203],[1457539200000,2.203],[1457625600000,2.203],[1457712000000,2.203],[1457798400000,2.203],[1457884800000,2.221],[1457971200000,2.227],[1458057600000,2.224],[1458144000000,2.216],[1458230400000,2.213],[1458316800000,2.211],[1458403200000,2.208],[1458489600000,2.176],[1458576000000,2.174],[1458662400000,2.174],[1458748800000,2.185],[1458835200000,2.191],[1458921600000,2.197],[1459008000000,2.203],[1459094400000,2.454],[1459180800000,2.466],[1459267200000,2.477],[1459353600000,2.483],[1459440000000,2.489],[1459526400000,2.495],[1459612800000,2.501],[1459699200000,2.273],[1459785600000,2.279],[1459872000000,2.279],[1459958400000,2.268],[1460044800000,2.263],[1460131200000,2.253],[1460217600000,2.242],[1460304000000,2.231],[1460390400000,2.22],[1460476800000,2.216],[1460563200000,2.221],[1460649600000,2.221],[1460736000000,2.227],[1460822400000,2.233],[1460908800000,2.233],[1460995200000,2.227],[1461081600000,2.221],[1461168000000,2.227],[1461254400000,2.398],[1461340800000,2.404],[1461427200000,2.41],[1461513600000,2.422],[1461600000000,2.434],[1461686400000,2.446],[1461772800000,2.214],[1461859200000,2.043],[1461945600000,2.037],[1462032000000,2.03],[1462118400000,2.024],[1462204800000,1.878],[1462291200000,1.878],[1462377600000,2.109],[1462464000000,2.109],[1462550400000,2.109],[1462636800000,2.091],[1462723200000,2.09],[1462809600000,2.231],[1462896000000,2.224],[1462982400000,2.218],[1463068800000,2.218],[1463155200000,2.218],[1463241600000,2.236],[1463328000000,2.236],[1463414400000,2.242],[1463500800000,2.242],[1463587200000,2.242],[1463673600000,2.242],[1463760000000,2.241],[1463846400000,2.241],[1463932800000,2.241],[1464019200000,2.235],[1464105600000,2.237],[1464192000000,2.238],[1464278400000,2.24],[1464364800000,2.242],[1464451200000,2.243],[1464537600000,2.245],[1464624000000,2.247],[1464710400000,2.247],[1464796800000,2.246],[1464883200000,2.246],[1464969600000,2.246],[1465056000000,2.246],[1465142400000,2.246],[1465228800000,2.246],[1465315200000,2.246],[1465401600000,2.246],[1465488000000,2.246],[1465574400000,2.246],[1465660800000,2.246],[1465747200000,2.24],[1465833600000,2.234],[1465920000000,2.227],[1466006400000,2.221],[1466092800000,2.215],[1466179200000,2.208],[1466265600000,2.202],[1466352000000,2.195],[1466438400000,2.195],[1466524800000,2.208],[1466611200000,2.224],[1466697600000,2.24],[1466784000000,2.263],[1466870400000,2.286],[1466956800000,2.321],[1467043200000,2.356],[1467129600000,2.398],[1467216000000,2.423],[1467302400000,2.442],[1467388800000,2.454],[1467475200000,2.467],[1467561600000,2.574],[1467648000000,2.568],[1467734400000,2.549],[1467820800000,2.536],[1467907200000,2.523],[1467993600000,2.51],[1468080000000,2.497],[1468166400000,2.422],[1468252800000,2.417],[1468339200000,2.404],[1468425600000,2.399],[1468512000000,2.398],[1468598400000,2.398],[1468684800000,2.398],[1468771200000,-1.155],[1468857600000,-1.153],[1468944000000,-1.072],[1469030400000,-0.95],[1469116800000,-0.952],[1469203200000,-0.942],[1469289600000,-0.933],[1469376000000,2.619],[1469462400000,2.618],[1469548800000,2.538],[1469635200000,2.415],[1469721600000,2.421],[1469808000000,2.415],[1469894400000,2.408],[1469980800000,2.384],[1470067200000,2.384],[1470153600000,2.482],[1470240000000,2.488],[1470326400000,2.494],[1470412800000,2.5],[1470499200000,2.506],[1470585600000,2.506],[1470672000000,2.506],[1470758400000,2.407],[1470844800000,2.401],[1470931200000,2.394],[1471017600000,2.388],[1471104000000,2.382],[1471190400000,2.381],[1471276800000,2.381],[1471363200000,2.381],[1471449600000,2.38],[1471536000000,2.38],[1471622400000,2.379],[1471708800000,2.379],[1471795200000,2.379],[1471881600000,2.44],[1471968000000,2.434],[1472054400000,2.434],[1472140800000,2.433],[1472227200000,2.433],[1472313600000,2.433],[1472400000000,2.642],[1472486400000,2.783],[1472572800000,2.789],[1472659200000,2.789],[1472745600000,2.789],[1472832000000,2.789],[1472918400000,2.788],[1473004800000,2.61],[1473091200000,2.45],[1473177600000,2.45],[1473264000000,2.456],[1473350400000,2.462],[1473436800000,2.468],[1473523200000,2.474],[1473609600000,2.449],[1473696000000,2.412],[1473782400000,2.412],[1473868800000,2.405],[1473955200000,2.399],[1474041600000,2.393],[1474128000000,2.497],[1474214400000,2.491],[1474300800000,2.478],[1474387200000,2.466],[1474473600000,2.46],[1474560000000,2.447],[1474646400000,2.441],[1474732800000,2.325],[1474819200000,2.312],[1474905600000,2.306],[1474992000000,2.306],[1475078400000,2.3],[1475164800000,2.306],[1475251200000,2.3],[1475337600000,2.293],[1475424000000,2.293],[1475510400000,2.293],[1475596800000,2.293],[1475683200000,2.293],[1475769600000,2.287],[1475856000000,2.452],[1475942400000,2.494],[1476028800000,2.507],[1476115200000,2.525],[1476201600000,2.537],[1476288000000,2.549],[1476374400000,2.543],[1476460800000,2.371],[1476547200000,2.322],[1476633600000,2.303],[1476720000000,2.279],[1476806400000,2.267],[1476892800000,2.254],[1476979200000,2.254],[1477065600000,2.26],[1477152000000,2.26],[1477238400000,2.676],[1477324800000,2.682],[1477411200000,2.682],[1477497600000,2.682],[1477584000000,2.688],[1477670400000,2.688],[1477756800000,2.693],[1477843200000,2.283],[1477929600000,2.283],[1478016000000,2.283],[1478102400000,2.283],[1478188800000,2.283],[1478275200000,2.283],[1478361600000,2.282],[1478448000000,2.282],[1478534400000,2.331],[1478620800000,2.337],[1478707200000,2.343],[1478793600000,2.343],[1478880000000,2.343],[1478966400000,2.343],[1479052800000,2.348],[1479139200000,2.301],[1479225600000,2.297],[1479312000000,2.286],[1479398400000,2.287],[1479484800000,2.289],[1479571200000,2.278],[1479657600000,2.273],[1479744000000,2.273],[1479830400000,2.273],[1479916800000,2.285],[1480003200000,2.291],[1480089600000,2.297],[1480176000000,2.316],[1480262400000,2.322],[1480348800000,2.328],[1480435200000,2.472],[1480521600000,2.472],[1480608000000,2.697],[1480694400000,2.69],[1480780800000,2.684],[1480867200000,3.073],[1480953600000,3.073],[1481040000000,3.028],[1481126400000,3.028],[1481212800000,2.802],[1481299200000,2.808],[1481385600000,2.814],[1481472000000,2.545],[1481558400000,2.544],[1481644800000,2.438],[1481731200000,2.413],[1481817600000,2.525],[1481904000000,2.513],[1481990400000,2.494],[1482076800000,2.593],[1482163200000,2.607],[1482249600000,2.737],[1482336000000,2.822],[1482422400000,2.794],[1482508800000,2.893],[1482595200000,2.997],[1482681600000,2.889],[1482768000000,2.958],[1482854400000,2.923],[1482940800000,2.95],[1483027200000,2.976],[1483113600000,2.989],[1483200000000,3.002],[1483286400000,2.989],[1483372800000,2.701],[1483459200000,2.711],[1483545600000,2.686],[1483632000000,2.667],[1483718400000,2.661],[1483804800000,2.655],[1483891200000,2.649],[1483977600000,2.96],[1484064000000,2.973],[1484150400000,2.985],[1484236800000,2.991],[1484409600000,2.978],[1484496000000,3.137],[1484582400000,3.156],[1484668800000,3.187],[1484755200000,3.251],[1484841600000,3.257],[1484928000000,3.282],[1485014400000,3.307],[1485100800000,3.148],[1485187200000,3.135],[1485273600000,3.116],[1485360000000,3.096],[1485446400000,3.109],[1485532800000,3.013],[1485619200000,2.918],[1485705600000,2.842],[1485792000000,2.747],[1485878400000,2.645],[1485964800000,2.544],[1486051200000,2.588],[1486137600000,2.657],[1486224000000,2.727],[1486310400000,2.802],[1486396800000,2.872],[1486483200000,2.941],[1486569600000,3.017],[1486656000000,2.869],[1486742400000,2.874],[1486828800000,2.879],[1486915200000,2.983],[1487001600000,3.289],[1487088000000,3.296],[1487174400000,3.298],[1487260800000,3.401],[1487347200000,3.412],[1487433600000,3.422],[1487520000000,3.439],[1487606400000,3.763],[1487692800000,3.771],[1487779200000,3.805],[1487865600000,3.841],[1487952000000,3.882],[1488038400000,3.924],[1488124800000,3.852],[1488211200000,3.313],[1488297600000,3.493],[1488384000000,3.631],[1488470400000,3.618],[1488556800000,3.616],[1488643200000,3.614],[1488729600000,3.616],[1488816000000,3.613],[1488902400000,3.465],[1488988800000,3.319],[1489075200000,3.288],[1489161600000,3.257],[1489248000000,3.226],[1489334400000,3.184],[1489420800000,3.111],[1489507200000,3.181],[1489593600000,3.169],[1489680000000,3.171],[1489766400000,3.177],[1489852800000,3.183],[1489939200000,3.186],[1490025600000,3.198],[1490112000000,3.133],[1490198400000,3.161],[1490284800000,3.395],[1490371200000,3.423],[1490457600000,3.441],[1490544000000,3.568],[1490630400000,3.545],[1490716800000,3.563],[1490803200000,3.582],[1490889600000,3.423],[1490976000000,3.435],[1491062400000,3.457],[1491148800000,3.379],[1491235200000,3.441],[1491321600000,3.44],[1491408000000,3.44],[1491494400000,3.406],[1491580800000,3.38],[1491667200000,3.355],[1491753600000,3.333],[1491840000000,3.287],[1491926400000,3.292],[1492012800000,3.297],[1492099200000,3.301],[1492185600000,3.331],[1492272000000,3.361],[1492358400000,3.388],[1492444800000,3.446],[1492531200000,3.453],[1492617600000,3.46],[1492704000000,3.467],[1492876800000,3.467],[1492963200000,3.489],[1493049600000,3.504],[1493136000000,3.563],[1493222400000,3.584],[1493308800000,3.599],[1493568000000,3.643],[1493654400000,3.805],[1493740800000,3.761],[1493827200000,3.753],[1493913600000,3.753],[1494086400000,3.738],[1494172800000,3.737],[1494259200000,3.575],[1494345600000,3.575],[1494432000000,3.574],[1494518400000,3.574],[1494691200000,3.588],[1494777600000,3.58],[1494864000000,3.58],[1494950400000,3.587],[1495036800000,3.594],[1495123200000,3.63],[1495296000000,3.659],[1495382400000,3.681],[1495468800000,3.762],[1495555200000,3.769],[1495641600000,3.783],[1495728000000,3.761],[1496073600000,3.695],[1496160000000,3.694],[1496246400000,3.746],[1496332800000,3.746],[1496505600000,3.745],[1496592000000,3.745],[1496678400000,3.745],[1496764800000,3.745],[1496851200000,3.774],[1496937600000,3.781],[1497110400000,3.795],[1497196800000,3.802],[1497283200000,3.817],[1497369600000,3.839],[1497456000000,3.786],[1497542400000,3.823],[1497715200000,3.897],[1497801600000,3.918],[1497888000000,4.119],[1497974400000,4.156],[1498060800000,4.186],[1498147200000,4.248],[1498320000000,4.341],[1498406400000,4.406],[1498492800000,4.278],[1498579200000,4.281],[1498665600000,4.289],[1498752000000,4.276],[1498924800000,4.269],[1499011200000,4.259],[1499097600000,4.251],[1499184000000,4.268],[1499270400000,4.301],[1499356800000,4.283],[1499529600000,4.122],[1499616000000,4.19],[1499702400000,4.153],[1499788800000,4.071],[1499875200000,3.957],[1499961600000,3.869],[1500134400000,3.818],[1500220800000,3.644],[1500307200000,3.598],[1500393600000,3.593],[1500480000000,3.597],[1500566400000,3.656],[1500739200000,3.724],[1500825600000,3.771],[1500912000000,3.795],[1500998400000,3.879],[1501084800000,3.907],[1501171200000,3.889],[1501344000000,3.914],[1501430400000,3.919],[1501516800000,3.928],[1501603200000,3.616],[1501689600000,3.624],[1501776000000,3.621],[1501948800000,3.599],[1502035200000,3.589],[1502121600000,3.572],[1502208000000,3.819],[1502294400000,3.818],[1502380800000,3.797],[1502553600000,3.774],[1502640000000,3.763],[1502726400000,3.764],[1502812800000,3.78],[1502899200000,3.756],[1502985600000,3.767],[1503158400000,3.77],[1503244800000,3.805],[1503331200000,3.889],[1503417600000,3.869],[1503504000000,3.868],[1503590400000,3.953],[1503763200000,3.952],[1503849600000,3.923],[1503936000000,3.837],[1504022400000,3.86],[1504108800000,3.868],[1504195200000,3.781],[1504368000000,3.79],[1504454400000,3.801],[1504540800000,3.801],[1504627200000,3.746],[1504713600000,3.734],[1504800000000,3.733],[1504972800000,3.734],[1505059200000,3.725],[1505145600000,3.73],[1505232000000,3.773],[1505318400000,3.781],[1505404800000,3.783],[1505577600000,3.789],[1505664000000,3.795],[1505750400000,3.794],[1505836800000,3.796],[1505923200000,3.806],[1506009600000,3.812],[1506182400000,3.822],[1506268800000,3.815],[1506355200000,3.822],[1506441600000,3.826],[1506528000000,3.84],[1506614400000,3.84],[1507392000000,3.765],[1507478400000,3.789],[1507564800000,3.786],[1507651200000,3.783],[1507737600000,3.82],[1507824000000,3.836],[1507996800000,3.879],[1508083200000,3.857],[1508169600000,3.875],[1508256000000,3.866],[1508342400000,3.812],[1508428800000,3.785],[1508601600000,3.739],[1508688000000,3.718],[1508774400000,3.746],[1508860800000,3.781],[1508947200000,3.836],[1509033600000,3.858],[1509206400000,3.896],[1509292800000,3.962],[1509379200000,3.904],[1509465600000,3.88],[1509552000000,3.842],[1509638400000,3.865],[1509811200000,3.844],[1509897600000,3.792],[1509984000000,3.798],[1510070400000,3.792],[1510156800000,3.78],[1510243200000,3.779],[1510416000000,3.788],[1510502400000,3.784],[1510588800000,3.787],[1510675200000,3.776],[1510761600000,3.782],[1510848000000,3.765],[1511020800000,3.779],[1511107200000,3.784],[1511193600000,3.866],[1511280000000,3.883],[1511366400000,3.885],[1511452800000,3.837],[1511625600000,3.791],[1511712000000,3.772],[1511798400000,3.759],[1511884800000,3.773],[1511971200000,3.783],[1512057600000,3.835],[1512230400000,3.866],[1512316800000,3.888],[1512403200000,3.834],[1512489600000,3.815],[1512576000000,3.804],[1512662400000,3.782],[1512835200000,3.78],[1512921600000,3.78],[1513008000000,3.777],[1513094400000,3.787],[1513180800000,3.799],[1513267200000,3.81],[1513440000000,3.844],[1513526400000,3.855],[1513612800000,3.877],[1513699200000,3.864],[1513785600000,3.876],[1513872000000,3.93],[1514044800000,3.976],[1514131200000,4.0],[1514217600000,4.01],[1514304000000,4.064],[1514390400000,4.129],[1514476800000,4.095],[1514649600000,4.066],[1514736000000,4.044],[1514822400000,4.082],[1514908800000,4.11],[1514995200000,4.062],[1515081600000,4.078],[1515254400000,4.108],[1515340800000,4.126],[1515427200000,4.089],[1515513600000,4.116],[1515600000000,4.101],[1515686400000,4.085],[1515859200000,4.057],[1515945600000,4.045],[1516032000000,4.023],[1516118400000,3.942],[1516204800000,3.946],[1516291200000,3.956],[1516464000000,3.986],[1516550400000,3.997],[1516636800000,4.007],[1516723200000,4.008],[1516809600000,4.006],[1516896000000,4.044],[1517068800000,4.015],[1517155200000,4.004],[1517241600000,4.014],[1517328000000,4.006],[1517414400000,3.995],[1517500800000,3.929],[1517673600000,3.895],[1517760000000,3.872],[1517846400000,3.837]];
/*资产配置*/
var Data_assetAllocationCurrency ={"categories":["12-31","09-30","06-30","03-31"],"series":[{"name":"股票","data":[null,null,null,null]},{"name":"债券","data":[40.96,44.58,25.73,38.62]},{"name":"现金","data":[58.62,51.89,44.74,47.72]}]};
/*累计收益率走势*/
var Data_grandTotal = [{"name":"兴业鑫天盈货币A","data":[[1501948800000,0],[1502035200000,0.01],[1502121600000,0.02],[1502208000000,0.03],[1502294400000,0.04],[1502380800000,0.05],[1502553600000,0.07],[1502640000000,0.08],[1502726400000,0.09],[1502812800000,0.10],[1502899200000,0.11],[1502985600000,0.12],[1503158400000,0.14],[1503244800000,0.15],[1503331200000,0.16],[1503417600000,0.17],[1503504000000,0.18],[1503590400000,0.20],[1503763200000,0.22],[1503849600000,0.23],[1503936000000,0.24],[1504022400000,0.25],[1504108800000,0.26],[1504195200000,0.27],[1504368000000,0.29],[1504454400000,0.30],[1504540800000,0.31],[1504627200000,0.32],[1504713600000,0.33],[1504800000000,0.34],[1504972800000,0.36],[1505059200000,0.37],[1505145600000,0.38],[1505232000000,0.39],[1505318400000,0.40],[1505404800000,0.41],[1505577600000,0.43],[1505664000000,0.44],[1505750400000,0.45],[1505836800000,0.46],[1505923200000,0.47],[1506009600000,0.48],[1506182400000,0.50],[1506268800000,0.51],[1506355200000,0.52],[1506441600000,0.53],[1506528000000,0.54],[1506614400000,0.55],[1507392000000,0.65],[1507478400000,0.66],[1507564800000,0.67],[1507651200000,0.68],[1507737600000,0.69],[1507824000000,0.70],[1507996800000,0.72],[1508083200000,0.73],[1508169600000,0.74],[1508256000000,0.75],[1508342400000,0.76],[1508428800000,0.77],[1508601600000,0.79],[1508688000000,0.80],[1508774400000,0.81],[1508860800000,0.82],[1508947200000,0.83],[1509033600000,0.84],[1509206400000,0.86],[1509292800000,0.88],[1509379200000,0.89],[1509465600000,0.90],[1509552000000,0.91],[1509638400000,0.92],[1509811200000,0.94],[1509897600000,0.95],[1509984000000,0.96],[1510070400000,0.97],[1510156800000,0.98],[1510243200000,0.99],[1510416000000,1.01],[1510502400000,1.02],[1510588800000,1.03],[1510675200000,1.04],[1510761600000,1.05],[1510848000000,1.06],[1511020800000,1.08],[1511107200000,1.09],[1511193600000,1.10],[1511280000000,1.11],[1511366400000,1.12],[1511452800000,1.13],[1511625600000,1.15],[1511712000000,1.16],[1511798400000,1.18],[1511884800000,1.19],[1511971200000,1.20],[1512057600000,1.21],[1512230400000,1.23],[1512316800000,1.24],[1512403200000,1.25],[1512489600000,1.26],[1512576000000,1.27],[1512662400000,1.28],[1512835200000,1.30],[1512921600000,1.31],[1513008000000,1.32],[1513094400000,1.33],[1513180800000,1.34],[1513267200000,1.35],[1513440000000,1.37],[1513526400000,1.38],[1513612800000,1.39],[1513699200000,1.40],[1513785600000,1.42],[1513872000000,1.43],[1514044800000,1.45],[1514131200000,1.46],[1514217600000,1.47],[1514304000000,1.48],[1514390400000,1.49],[1514476800000,1.50],[1514649600000,1.53],[1514736000000,1.54],[1514822400000,1.55],[1514908800000,1.56],[1514995200000,1.57],[1515081600000,1.58],[1515254400000,1.60],[1515340800000,1.62],[1515427200000,1.63],[1515513600000,1.64],[1515600000000,1.65],[1515686400000,1.66],[1515859200000,1.68],[1515945600000,1.69],[1516032000000,1.70],[1516118400000,1.71],[1516204800000,1.73],[1516291200000,1.74],[1516464000000,1.76],[1516550400000,1.77],[1516636800000,1.78],[1516723200000,1.79],[1516809600000,1.80],[1516896000000,1.81],[1517068800000,1.84],[1517155200000,1.85],[1517241600000,1.86],[1517328000000,1.87],[1517414400000,1.88],[1517500800000,1.89],[1517673600000,1.91],[1517760000000,1.92],[1517846400000,1.93]]},{"name":"同类平均","data":[[1502035200000,0],[1502121600000,0.01],[1502208000000,0.02],[1502294400000,0.03],[1502380800000,0.04],[1502640000000,0.07],[1502726400000,0.08],[1502812800000,0.09],[1502899200000,0.10],[1502985600000,0.11],[1503244800000,0.14],[1503331200000,0.16],[1503417600000,0.17],[1503504000000,0.18],[1503590400000,0.19],[1503849600000,0.22],[1503936000000,0.23],[1504022400000,0.24],[1504108800000,0.25],[1504195200000,0.26],[1504454400000,0.29],[1504540800000,0.30],[1504627200000,0.31],[1504713600000,0.32],[1504800000000,0.34],[1505059200000,0.37],[1505145600000,0.38],[1505232000000,0.39],[1505318400000,0.40],[1505404800000,0.41],[1505664000000,0.44],[1505750400000,0.45],[1505836800000,0.46],[1505923200000,0.47],[1506009600000,0.48],[1506268800000,0.52],[1506355200000,0.53],[1506441600000,0.54],[1506528000000,0.55],[1506614400000,0.56],[1507478400000,0.67],[1507564800000,0.68],[1507651200000,0.69],[1507737600000,0.71],[1507824000000,0.72],[1508083200000,0.75],[1508169600000,0.76],[1508256000000,0.77],[1508342400000,0.78],[1508428800000,0.79],[1508688000000,0.82],[1508774400000,0.83],[1508860800000,0.84],[1508947200000,0.85],[1509033600000,0.86],[1509292800000,0.90],[1509379200000,0.91],[1509465600000,0.92],[1509552000000,0.93],[1509638400000,0.94],[1509897600000,0.97],[1509984000000,0.98],[1510070400000,0.99],[1510156800000,1.00],[1510243200000,1.01],[1510502400000,1.04],[1510588800000,1.06],[1510675200000,1.07],[1510761600000,1.08],[1510848000000,1.09],[1511107200000,1.12],[1511193600000,1.13],[1511280000000,1.14],[1511366400000,1.15],[1511452800000,1.16],[1511712000000,1.20],[1511798400000,1.21],[1511884800000,1.22],[1511971200000,1.23],[1512057600000,1.24],[1512316800000,1.28],[1512403200000,1.29],[1512489600000,1.30],[1512576000000,1.31],[1512662400000,1.32],[1512921600000,1.35],[1513008000000,1.36],[1513094400000,1.38],[1513180800000,1.39],[1513267200000,1.40],[1513526400000,1.43],[1513612800000,1.44],[1513699200000,1.46],[1513785600000,1.47],[1513872000000,1.48],[1514131200000,1.51],[1514217600000,1.53],[1514304000000,1.54],[1514390400000,1.55],[1514476800000,1.57],[1514822400000,1.62],[1514908800000,1.64],[1514995200000,1.65],[1515081600000,1.66],[1515340800000,1.69],[1515427200000,1.71],[1515513600000,1.72],[1515600000000,1.73],[1515686400000,1.74],[1515945600000,1.77],[1516032000000,1.79],[1516118400000,1.80],[1516204800000,1.81],[1516291200000,1.82],[1516550400000,1.86],[1516636800000,1.87],[1516723200000,1.88],[1516809600000,1.89],[1516896000000,1.90],[1517155200000,1.94],[1517241600000,1.95],[1517328000000,1.96],[1517414400000,1.97],[1517500800000,1.98],[1517760000000,2.02],[1517846400000,2.03]]},{"name":"沪深300","data":[[1502035200000,0],[1502121600000,0.15],[1502208000000,0.11],[1502294400000,-0.29],[1502380800000,-2.13],[1502640000000,-0.86],[1502726400000,-0.56],[1502812800000,-0.68],[1502899200000,-0.15],[1502985600000,-0.06],[1503244800000,0.38],[1503331200000,0.68],[1503417600000,0.79],[1503504000000,0.21],[1503590400000,1.85],[1503849600000,3.11],[1503936000000,2.89],[1504022400000,2.88],[1504108800000,2.56],[1504195200000,2.78],[1504454400000,3.19],[1504540800000,3.50],[1504627200000,3.29],[1504713600000,2.77],[1504800000000,2.66],[1505059200000,2.65],[1505145600000,2.98],[1505232000000,3.11],[1505318400000,2.77],[1505404800000,2.80],[1505664000000,3.12],[1505750400000,2.83],[1505836800000,3.10],[1505923200000,2.98],[1506009600000,2.98],[1506268800000,2.44],[1506355200000,2.52],[1506441600000,2.53],[1506528000000,2.57],[1506614400000,2.94],[1507478400000,4.17],[1507564800000,4.38],[1507651200000,4.72],[1507737600000,5.00],[1507824000000,5.21],[1508083200000,5.01],[1508169600000,5.00],[1508256000000,5.83],[1508342400000,5.49],[1508428800000,5.37],[1508688000000,5.47],[1508774400000,6.24],[1508860800000,6.71],[1508947200000,7.16],[1509033600000,7.92],[1509292800000,7.59],[1509379200000,7.51],[1509465600000,7.24],[1509552000000,7.25],[1509638400000,7.13],[1509897600000,7.89],[1509984000000,8.79],[1510070400000,8.62],[1510156800000,9.37],[1510243200000,10.33],[1510502400000,10.77],[1510588800000,10.00],[1510675200000,9.31],[1510761600000,10.15],[1510848000000,10.57],[1511107200000,11.19],[1511193600000,13.17],[1511280000000,13.44],[1511366400000,10.08],[1511452800000,10.13],[1511712000000,8.67],[1511798400000,8.83],[1511884800000,8.77],[1511971200000,7.49],[1512057600000,7.28],[1512316800000,7.84],[1512403200000,8.41],[1512489600000,7.76],[1512576000000,6.55],[1512662400000,7.42],[1512921600000,9.20],[1513008000000,7.76],[1513094400000,8.67],[1513180800000,8.03],[1513267200000,6.82],[1513526400000,6.94],[1513612800000,8.28],[1513699200000,8.15],[1513785600000,9.15],[1513872000000,8.80],[1514131200000,8.45],[1514217600000,8.77],[1514304000000,7.09],[1514390400000,7.84],[1514476800000,8.16],[1514822400000,9.68],[1514908800000,10.32],[1514995200000,10.79],[1515081600000,11.05],[1515340800000,11.63],[1515427200000,12.41],[1515513600000,12.91],[1515600000000,12.85],[1515686400000,13.37],[1515945600000,13.37],[1516032000000,14.27],[1516118400000,13.99],[1516204800000,14.61],[1516291200000,14.99],[1516550400000,16.36],[1516636800000,17.60],[1516723200000,17.79],[1516809600000,17.13],[1516896000000,17.56],[1517155200000,15.43],[1517241600000,14.20],[1517328000000,14.73],[1517414400000,13.93],[1517500800000,14.61],[1517760000000,14.69],[1517846400000,11.33]]}];
/*同类排名*/
var Data_rateInSimilarType = [{"x":1454515200000,"y":326,"sc":"365"},{"x":1454601600000,"y":324,"sc":"366"},{"x":1455465600000,"y":321,"sc":"369"},{"x":1455552000000,"y":322,"sc":"369"},{"x":1455638400000,"y":321,"sc":"369"},{"x":1455724800000,"y":324,"sc":"369"},{"x":1455811200000,"y":325,"sc":"369"},{"x":1456070400000,"y":326,"sc":"369"},{"x":1456156800000,"y":327,"sc":"370"},{"x":1456243200000,"y":331,"sc":"373"},{"x":1456329600000,"y":330,"sc":"373"},{"x":1456416000000,"y":333,"sc":"375"},{"x":1456675200000,"y":331,"sc":"375"},{"x":1456761600000,"y":329,"sc":"376"},{"x":1456848000000,"y":330,"sc":"376"},{"x":1456934400000,"y":332,"sc":"376"},{"x":1457020800000,"y":331,"sc":"376"},{"x":1457280000000,"y":331,"sc":"376"},{"x":1457366400000,"y":334,"sc":"380"},{"x":1457452800000,"y":334,"sc":"380"},{"x":1457539200000,"y":334,"sc":"380"},{"x":1457625600000,"y":337,"sc":"381"},{"x":1457884800000,"y":338,"sc":"381"},{"x":1457971200000,"y":338,"sc":"380"},{"x":1458057600000,"y":338,"sc":"382"},{"x":1458144000000,"y":338,"sc":"383"},{"x":1458230400000,"y":339,"sc":"383"},{"x":1458489600000,"y":340,"sc":"383"},{"x":1458576000000,"y":343,"sc":"385"},{"x":1458662400000,"y":342,"sc":"385"},{"x":1458748800000,"y":341,"sc":"385"},{"x":1458835200000,"y":344,"sc":"391"},{"x":1459094400000,"y":341,"sc":"391"},{"x":1459180800000,"y":341,"sc":"391"},{"x":1459267200000,"y":341,"sc":"391"},{"x":1459353600000,"y":337,"sc":"392"},{"x":1459440000000,"y":344,"sc":"392"},{"x":1459785600000,"y":337,"sc":"392"},{"x":1459872000000,"y":337,"sc":"392"},{"x":1459958400000,"y":336,"sc":"392"},{"x":1460044800000,"y":335,"sc":"392"},{"x":1460304000000,"y":341,"sc":"394"},{"x":1460390400000,"y":346,"sc":"394"},{"x":1460476800000,"y":345,"sc":"394"},{"x":1460563200000,"y":345,"sc":"394"},{"x":1460649600000,"y":345,"sc":"394"},{"x":1460908800000,"y":339,"sc":"394"},{"x":1460995200000,"y":339,"sc":"394"},{"x":1461081600000,"y":340,"sc":"394"},{"x":1461168000000,"y":338,"sc":"394"},{"x":1461254400000,"y":336,"sc":"394"},{"x":1461513600000,"y":342,"sc":"394"},{"x":1461600000000,"y":342,"sc":"394"},{"x":1461686400000,"y":343,"sc":"394"},{"x":1461772800000,"y":347,"sc":"394"},{"x":1461859200000,"y":345,"sc":"394"},{"x":1462204800000,"y":346,"sc":"394"},{"x":1462291200000,"y":345,"sc":"394"},{"x":1462377600000,"y":347,"sc":"400"},{"x":1462464000000,"y":348,"sc":"400"},{"x":1462723200000,"y":364,"sc":"400"},{"x":1462809600000,"y":364,"sc":"400"},{"x":1462896000000,"y":366,"sc":"400"},{"x":1462982400000,"y":367,"sc":"400"},{"x":1463068800000,"y":367,"sc":"400"},{"x":1463328000000,"y":347,"sc":"400"},{"x":1463414400000,"y":347,"sc":"400"},{"x":1463500800000,"y":347,"sc":"400"},{"x":1463587200000,"y":345,"sc":"400"},{"x":1463673600000,"y":355,"sc":"400"},{"x":1463932800000,"y":345,"sc":"400"},{"x":1464019200000,"y":343,"sc":"400"},{"x":1464105600000,"y":343,"sc":"400"},{"x":1464192000000,"y":342,"sc":"400"},{"x":1464278400000,"y":347,"sc":"400"},{"x":1464537600000,"y":343,"sc":"400"},{"x":1464624000000,"y":344,"sc":"400"},{"x":1464710400000,"y":344,"sc":"400"},{"x":1464796800000,"y":343,"sc":"400"},{"x":1464883200000,"y":343,"sc":"400"},{"x":1465142400000,"y":343,"sc":"402"},{"x":1465228800000,"y":344,"sc":"402"},{"x":1465315200000,"y":342,"sc":"402"},{"x":1465747200000,"y":341,"sc":"402"},{"x":1465833600000,"y":341,"sc":"402"},{"x":1465920000000,"y":342,"sc":"403"},{"x":1466006400000,"y":341,"sc":"403"},{"x":1466092800000,"y":340,"sc":"403"},{"x":1466352000000,"y":340,"sc":"403"},{"x":1466438400000,"y":341,"sc":"404"},{"x":1466524800000,"y":340,"sc":"404"},{"x":1466611200000,"y":341,"sc":"404"},{"x":1466697600000,"y":340,"sc":"404"},{"x":1466956800000,"y":339,"sc":"404"},{"x":1467043200000,"y":342,"sc":"404"},{"x":1467129600000,"y":342,"sc":"404"},{"x":1467216000000,"y":341,"sc":"404"},{"x":1467302400000,"y":342,"sc":"404"},{"x":1467561600000,"y":339,"sc":"404"},{"x":1467648000000,"y":338,"sc":"404"},{"x":1467734400000,"y":338,"sc":"404"},{"x":1467820800000,"y":336,"sc":"404"},{"x":1467907200000,"y":336,"sc":"404"},{"x":1468166400000,"y":332,"sc":"404"},{"x":1468252800000,"y":333,"sc":"404"},{"x":1468339200000,"y":332,"sc":"404"},{"x":1468425600000,"y":332,"sc":"404"},{"x":1468512000000,"y":333,"sc":"404"},{"x":1468771200000,"y":381,"sc":"404"},{"x":1468857600000,"y":380,"sc":"404"},{"x":1468944000000,"y":380,"sc":"405"},{"x":1469030400000,"y":379,"sc":"405"},{"x":1469116800000,"y":381,"sc":"405"},{"x":1469376000000,"y":381,"sc":"405"},{"x":1469462400000,"y":381,"sc":"405"},{"x":1469548800000,"y":381,"sc":"405"},{"x":1469635200000,"y":383,"sc":"407"},{"x":1469721600000,"y":382,"sc":"407"},{"x":1469980800000,"y":384,"sc":"407"},{"x":1470067200000,"y":383,"sc":"407"},{"x":1470153600000,"y":378,"sc":"407"},{"x":1470240000000,"y":381,"sc":"409"},{"x":1470326400000,"y":381,"sc":"409"},{"x":1470585600000,"y":381,"sc":"412"},{"x":1470672000000,"y":383,"sc":"413"},{"x":1470758400000,"y":383,"sc":"413"},{"x":1470844800000,"y":383,"sc":"413"},{"x":1470931200000,"y":383,"sc":"413"},{"x":1471190400000,"y":383,"sc":"413"},{"x":1471276800000,"y":383,"sc":"413"},{"x":1471363200000,"y":383,"sc":"414"},{"x":1471449600000,"y":384,"sc":"415"},{"x":1471536000000,"y":385,"sc":"415"},{"x":1471795200000,"y":384,"sc":"416"},{"x":1471881600000,"y":384,"sc":"416"},{"x":1471968000000,"y":385,"sc":"416"},{"x":1472054400000,"y":385,"sc":"416"},{"x":1472140800000,"y":385,"sc":"416"},{"x":1472400000000,"y":383,"sc":"416"},{"x":1472486400000,"y":381,"sc":"416"},{"x":1472572800000,"y":379,"sc":"416"},{"x":1472659200000,"y":378,"sc":"416"},{"x":1472745600000,"y":380,"sc":"417"},{"x":1473004800000,"y":380,"sc":"421"},{"x":1473091200000,"y":382,"sc":"421"},{"x":1473177600000,"y":382,"sc":"421"},{"x":1473264000000,"y":381,"sc":"423"},{"x":1473350400000,"y":384,"sc":"424"},{"x":1473609600000,"y":380,"sc":"424"},{"x":1473696000000,"y":378,"sc":"424"},{"x":1473782400000,"y":381,"sc":"424"},{"x":1474214400000,"y":377,"sc":"424"},{"x":1474300800000,"y":376,"sc":"424"},{"x":1474387200000,"y":375,"sc":"424"},{"x":1474473600000,"y":378,"sc":"427"},{"x":1474560000000,"y":379,"sc":"427"},{"x":1474819200000,"y":384,"sc":"430"},{"x":1474905600000,"y":384,"sc":"430"},{"x":1474992000000,"y":385,"sc":"430"},{"x":1475078400000,"y":387,"sc":"432"},{"x":1475164800000,"y":386,"sc":"432"},{"x":1476028800000,"y":389,"sc":"434"},{"x":1476115200000,"y":391,"sc":"434"},{"x":1476201600000,"y":391,"sc":"435"},{"x":1476288000000,"y":391,"sc":"437"},{"x":1476374400000,"y":392,"sc":"435"},{"x":1476633600000,"y":392,"sc":"436"},{"x":1476720000000,"y":274,"sc":"438"},{"x":1476806400000,"y":271,"sc":"437"},{"x":1476892800000,"y":274,"sc":"437"},{"x":1476979200000,"y":286,"sc":"437"},{"x":1477238400000,"y":268,"sc":"440"},{"x":1477324800000,"y":264,"sc":"440"},{"x":1477411200000,"y":269,"sc":"441"},{"x":1477497600000,"y":268,"sc":"441"},{"x":1477584000000,"y":270,"sc":"445"},{"x":1477843200000,"y":272,"sc":"447"},{"x":1477929600000,"y":273,"sc":"447"},{"x":1478016000000,"y":275,"sc":"447"},{"x":1478102400000,"y":285,"sc":"447"},{"x":1478188800000,"y":289,"sc":"448"},{"x":1478448000000,"y":290,"sc":"450"},{"x":1478534400000,"y":288,"sc":"450"},{"x":1478620800000,"y":289,"sc":"450"},{"x":1478707200000,"y":288,"sc":"450"},{"x":1478793600000,"y":289,"sc":"450"},{"x":1479052800000,"y":297,"sc":"450"},{"x":1479139200000,"y":292,"sc":"450"},{"x":1479225600000,"y":293,"sc":"450"},{"x":1479312000000,"y":292,"sc":"450"},{"x":1479398400000,"y":290,"sc":"450"},{"x":1479657600000,"y":301,"sc":"451"},{"x":1479744000000,"y":299,"sc":"451"},{"x":1479830400000,"y":304,"sc":"451"},{"x":1479916800000,"y":302,"sc":"451"},{"x":1480003200000,"y":303,"sc":"451"},{"x":1480262400000,"y":304,"sc":"451"},{"x":1480348800000,"y":314,"sc":"452"},{"x":1480435200000,"y":317,"sc":"452"},{"x":1480521600000,"y":318,"sc":"452"},{"x":1480608000000,"y":312,"sc":"455"},{"x":1480867200000,"y":298,"sc":"455"},{"x":1480953600000,"y":300,"sc":"455"},{"x":1481040000000,"y":297,"sc":"455"},{"x":1481126400000,"y":298,"sc":"455"},{"x":1481212800000,"y":301,"sc":"456"},{"x":1481472000000,"y":294,"sc":"457"},{"x":1481558400000,"y":292,"sc":"458"},{"x":1481644800000,"y":297,"sc":"458"},{"x":1481731200000,"y":311,"sc":"458"},{"x":1481817600000,"y":314,"sc":"458"},{"x":1482076800000,"y":289,"sc":"458"},{"x":1482163200000,"y":291,"sc":"458"},{"x":1482249600000,"y":287,"sc":"458"},{"x":1482336000000,"y":285,"sc":"459"},{"x":1482422400000,"y":284,"sc":"463"},{"x":1482681600000,"y":282,"sc":"464"},{"x":1482768000000,"y":284,"sc":"464"},{"x":1482854400000,"y":282,"sc":"466"},{"x":1482940800000,"y":281,"sc":"466"},{"x":1483027200000,"y":282,"sc":"469"},{"x":1483372800000,"y":339,"sc":"469"},{"x":1483459200000,"y":345,"sc":"468"},{"x":1483545600000,"y":351,"sc":"469"},{"x":1483632000000,"y":364,"sc":"469"},{"x":1483891200000,"y":310,"sc":"469"},{"x":1483977600000,"y":305,"sc":"469"},{"x":1484064000000,"y":303,"sc":"469"},{"x":1484150400000,"y":303,"sc":"469"},{"x":1484236800000,"y":301,"sc":"469"},{"x":1484496000000,"y":291,"sc":"472"},{"x":1484582400000,"y":289,"sc":"474"},{"x":1484668800000,"y":287,"sc":"476"},{"x":1484755200000,"y":287,"sc":"476"},{"x":1484841600000,"y":289,"sc":"476"},{"x":1485100800000,"y":293,"sc":"481"},{"x":1485187200000,"y":310,"sc":"482"},{"x":1485273600000,"y":314,"sc":"484"},{"x":1485360000000,"y":313,"sc":"485"},{"x":1486051200000,"y":332,"sc":"489"},{"x":1486310400000,"y":335,"sc":"491"},{"x":1486396800000,"y":335,"sc":"491"},{"x":1486483200000,"y":336,"sc":"491"},{"x":1486569600000,"y":340,"sc":"491"},{"x":1486656000000,"y":340,"sc":"494"},{"x":1486915200000,"y":340,"sc":"496"},{"x":1487001600000,"y":328,"sc":"496"},{"x":1487088000000,"y":333,"sc":"496"},{"x":1487174400000,"y":333,"sc":"496"},{"x":1487260800000,"y":333,"sc":"496"},{"x":1487520000000,"y":331,"sc":"496"},{"x":1487606400000,"y":303,"sc":"496"},{"x":1487692800000,"y":306,"sc":"496"},{"x":1487779200000,"y":307,"sc":"498"},{"x":1487865600000,"y":310,"sc":"500"},{"x":1488124800000,"y":314,"sc":"503"},{"x":1488211200000,"y":315,"sc":"503"},{"x":1488297600000,"y":313,"sc":"503"},{"x":1488384000000,"y":318,"sc":"511"},{"x":1488470400000,"y":322,"sc":"511"},{"x":1488729600000,"y":327,"sc":"513"},{"x":1488816000000,"y":331,"sc":"515"},{"x":1488902400000,"y":332,"sc":"516"},{"x":1488988800000,"y":335,"sc":"518"},{"x":1489075200000,"y":341,"sc":"518"},{"x":1489334400000,"y":338,"sc":"518"},{"x":1489420800000,"y":340,"sc":"518"},{"x":1489507200000,"y":336,"sc":"518"},{"x":1489593600000,"y":343,"sc":"520"},{"x":1489680000000,"y":353,"sc":"520"},{"x":1489939200000,"y":356,"sc":"522"},{"x":1490025600000,"y":358,"sc":"522"},{"x":1490112000000,"y":361,"sc":"524"},{"x":1490198400000,"y":366,"sc":"530"},{"x":1490284800000,"y":365,"sc":"530"},{"x":1490544000000,"y":359,"sc":"534"},{"x":1490630400000,"y":362,"sc":"535"},{"x":1490716800000,"y":361,"sc":"535"},{"x":1490803200000,"y":365,"sc":"538"},{"x":1490889600000,"y":367,"sc":"538"},{"x":1491321600000,"y":366,"sc":"538"},{"x":1491408000000,"y":372,"sc":"540"},{"x":1491494400000,"y":384,"sc":"540"},{"x":1491753600000,"y":384,"sc":"540"},{"x":1491840000000,"y":391,"sc":"540"},{"x":1491926400000,"y":393,"sc":"540"},{"x":1492012800000,"y":395,"sc":"541"},{"x":1492099200000,"y":392,"sc":"541"},{"x":1492358400000,"y":402,"sc":"543"},{"x":1492444800000,"y":405,"sc":"543"},{"x":1492531200000,"y":405,"sc":"543"},{"x":1492617600000,"y":405,"sc":"545"},{"x":1492704000000,"y":412,"sc":"545"},{"x":1492963200000,"y":403,"sc":"545"},{"x":1493049600000,"y":401,"sc":"547"},{"x":1493136000000,"y":404,"sc":"549"},{"x":1493222400000,"y":411,"sc":"549"},{"x":1493308800000,"y":418,"sc":"549"},{"x":1493654400000,"y":386,"sc":"549"},{"x":1493740800000,"y":387,"sc":"550"},{"x":1493827200000,"y":397,"sc":"550"},{"x":1493913600000,"y":387,"sc":"550"},{"x":1494172800000,"y":389,"sc":"550"},{"x":1494259200000,"y":385,"sc":"550"},{"x":1494345600000,"y":381,"sc":"550"},{"x":1494432000000,"y":391,"sc":"550"},{"x":1494518400000,"y":379,"sc":"550"},{"x":1494777600000,"y":402,"sc":"554"},{"x":1494864000000,"y":401,"sc":"556"},{"x":1494950400000,"y":404,"sc":"560"},{"x":1495036800000,"y":413,"sc":"560"},{"x":1495123200000,"y":399,"sc":"560"},{"x":1495382400000,"y":416,"sc":"560"},{"x":1495468800000,"y":417,"sc":"562"},{"x":1495555200000,"y":417,"sc":"564"},{"x":1495641600000,"y":424,"sc":"564"},{"x":1495728000000,"y":416,"sc":"564"},{"x":1496160000000,"y":412,"sc":"564"},{"x":1496246400000,"y":412,"sc":"564"},{"x":1496332800000,"y":418,"sc":"564"},{"x":1496592000000,"y":417,"sc":"566"},{"x":1496678400000,"y":416,"sc":"566"},{"x":1496764800000,"y":419,"sc":"566"},{"x":1496851200000,"y":418,"sc":"566"},{"x":1496937600000,"y":420,"sc":"566"},{"x":1497196800000,"y":426,"sc":"574"},{"x":1497283200000,"y":422,"sc":"574"},{"x":1497369600000,"y":422,"sc":"575"},{"x":1497456000000,"y":426,"sc":"575"},{"x":1497542400000,"y":426,"sc":"575"},{"x":1497801600000,"y":424,"sc":"577"},{"x":1497888000000,"y":419,"sc":"577"},{"x":1497974400000,"y":417,"sc":"575"},{"x":1498060800000,"y":415,"sc":"575"},{"x":1498147200000,"y":413,"sc":"576"},{"x":1498406400000,"y":415,"sc":"579"},{"x":1498492800000,"y":419,"sc":"579"},{"x":1498579200000,"y":413,"sc":"579"},{"x":1498665600000,"y":412,"sc":"579"},{"x":1498752000000,"y":404,"sc":"582"},{"x":1499011200000,"y":441,"sc":"582"},{"x":1499097600000,"y":390,"sc":"582"},{"x":1499184000000,"y":382,"sc":"583"},{"x":1499270400000,"y":373,"sc":"583"},{"x":1499356800000,"y":372,"sc":"583"},{"x":1499616000000,"y":352,"sc":"583"},{"x":1499702400000,"y":350,"sc":"583"},{"x":1499788800000,"y":349,"sc":"583"},{"x":1499875200000,"y":348,"sc":"583"},{"x":1499961600000,"y":352,"sc":"586"},{"x":1500220800000,"y":356,"sc":"586"},{"x":1500307200000,"y":358,"sc":"586"},{"x":1500393600000,"y":364,"sc":"589"},{"x":1500480000000,"y":366,"sc":"589"},{"x":1500566400000,"y":367,"sc":"593"},{"x":1500825600000,"y":368,"sc":"593"},{"x":1500912000000,"y":370,"sc":"593"},{"x":1500998400000,"y":372,"sc":"594"},{"x":1501084800000,"y":371,"sc":"594"},{"x":1501171200000,"y":371,"sc":"594"},{"x":1501430400000,"y":360,"sc":"594"},{"x":1501516800000,"y":373,"sc":"594"},{"x":1501603200000,"y":387,"sc":"594"},{"x":1501689600000,"y":386,"sc":"594"},{"x":1501776000000,"y":384,"sc":"594"},{"x":1502035200000,"y":381,"sc":"596"},{"x":1502121600000,"y":380,"sc":"596"},{"x":1502208000000,"y":379,"sc":"596"},{"x":1502294400000,"y":378,"sc":"596"},{"x":1502380800000,"y":382,"sc":"596"},{"x":1502640000000,"y":384,"sc":"596"},{"x":1502726400000,"y":384,"sc":"596"},{"x":1502812800000,"y":383,"sc":"596"},{"x":1502899200000,"y":386,"sc":"596"},{"x":1502985600000,"y":389,"sc":"596"},{"x":1503244800000,"y":395,"sc":"597"},{"x":1503331200000,"y":392,"sc":"597"},{"x":1503417600000,"y":390,"sc":"597"},{"x":1503504000000,"y":394,"sc":"596"},{"x":1503590400000,"y":395,"sc":"596"},{"x":1503849600000,"y":392,"sc":"600"},{"x":1503936000000,"y":387,"sc":"600"},{"x":1504022400000,"y":404,"sc":"600"},{"x":1504108800000,"y":404,"sc":"601"},{"x":1504195200000,"y":410,"sc":"601"},{"x":1504454400000,"y":412,"sc":"601"},{"x":1504540800000,"y":413,"sc":"601"},{"x":1504627200000,"y":414,"sc":"601"},{"x":1504713600000,"y":413,"sc":"601"},{"x":1504800000000,"y":422,"sc":"601"},{"x":1505059200000,"y":421,"sc":"603"},{"x":1505145600000,"y":421,"sc":"603"},{"x":1505232000000,"y":421,"sc":"603"},{"x":1505318400000,"y":427,"sc":"605"},{"x":1505404800000,"y":429,"sc":"605"},{"x":1505664000000,"y":433,"sc":"606"},{"x":1505750400000,"y":431,"sc":"606"},{"x":1505836800000,"y":436,"sc":"603"},{"x":1505923200000,"y":438,"sc":"603"},{"x":1506009600000,"y":440,"sc":"603"},{"x":1506268800000,"y":455,"sc":"603"},{"x":1506355200000,"y":455,"sc":"603"},{"x":1506441600000,"y":460,"sc":"604"},{"x":1506528000000,"y":458,"sc":"604"},{"x":1506614400000,"y":458,"sc":"606"},{"x":1507478400000,"y":488,"sc":"606"},{"x":1507564800000,"y":497,"sc":"607"},{"x":1507651200000,"y":501,"sc":"607"},{"x":1507737600000,"y":502,"sc":"611"},{"x":1507824000000,"y":503,"sc":"611"},{"x":1508083200000,"y":499,"sc":"612"},{"x":1508169600000,"y":497,"sc":"612"},{"x":1508256000000,"y":499,"sc":"611"},{"x":1508342400000,"y":500,"sc":"611"},{"x":1508428800000,"y":499,"sc":"611"},{"x":1508688000000,"y":495,"sc":"606"},{"x":1508774400000,"y":497,"sc":"606"},{"x":1508860800000,"y":499,"sc":"607"},{"x":1508947200000,"y":501,"sc":"607"},{"x":1509033600000,"y":502,"sc":"607"},{"x":1509292800000,"y":497,"sc":"609"},{"x":1509379200000,"y":499,"sc":"610"},{"x":1509465600000,"y":501,"sc":"610"},{"x":1509552000000,"y":484,"sc":"613"},{"x":1509638400000,"y":482,"sc":"617"},{"x":1509897600000,"y":488,"sc":"621"},{"x":1509984000000,"y":487,"sc":"621"},{"x":1510070400000,"y":487,"sc":"621"},{"x":1510156800000,"y":488,"sc":"623"},{"x":1510243200000,"y":487,"sc":"623"},{"x":1510502400000,"y":490,"sc":"633"},{"x":1510588800000,"y":493,"sc":"635"},{"x":1510675200000,"y":493,"sc":"635"},{"x":1510761600000,"y":495,"sc":"635"},{"x":1510848000000,"y":495,"sc":"636"},{"x":1511107200000,"y":494,"sc":"636"},{"x":1511193600000,"y":492,"sc":"636"},{"x":1511280000000,"y":493,"sc":"636"},{"x":1511366400000,"y":497,"sc":"636"},{"x":1511452800000,"y":500,"sc":"637"},{"x":1511712000000,"y":510,"sc":"640"},{"x":1511798400000,"y":507,"sc":"640"},{"x":1511884800000,"y":509,"sc":"640"},{"x":1511971200000,"y":514,"sc":"641"},{"x":1512057600000,"y":512,"sc":"643"},{"x":1512316800000,"y":514,"sc":"643"},{"x":1512403200000,"y":517,"sc":"643"},{"x":1512489600000,"y":514,"sc":"643"},{"x":1512576000000,"y":516,"sc":"644"},{"x":1512662400000,"y":523,"sc":"652"},{"x":1512921600000,"y":531,"sc":"652"},{"x":1513008000000,"y":534,"sc":"653"},{"x":1513094400000,"y":536,"sc":"653"},{"x":1513180800000,"y":535,"sc":"654"},{"x":1513267200000,"y":535,"sc":"656"},{"x":1513526400000,"y":536,"sc":"656"},{"x":1513612800000,"y":540,"sc":"656"},{"x":1513699200000,"y":541,"sc":"656"},{"x":1513785600000,"y":539,"sc":"655"},{"x":1513872000000,"y":535,"sc":"655"},{"x":1514131200000,"y":533,"sc":"655"},{"x":1514217600000,"y":532,"sc":"655"},{"x":1514304000000,"y":534,"sc":"654"},{"x":1514390400000,"y":539,"sc":"655"},{"x":1514476800000,"y":545,"sc":"655"},{"x":1514822400000,"y":548,"sc":"655"},{"x":1514908800000,"y":540,"sc":"655"},{"x":1514995200000,"y":528,"sc":"655"},{"x":1515081600000,"y":509,"sc":"655"},{"x":1515340800000,"y":565,"sc":"655"},{"x":1515427200000,"y":562,"sc":"655"},{"x":1515513600000,"y":558,"sc":"656"},{"x":1515600000000,"y":558,"sc":"657"},{"x":1515686400000,"y":557,"sc":"657"},{"x":1515945600000,"y":557,"sc":"657"},{"x":1516032000000,"y":555,"sc":"657"},{"x":1516118400000,"y":554,"sc":"657"},{"x":1516204800000,"y":553,"sc":"657"},{"x":1516291200000,"y":554,"sc":"657"},{"x":1516550400000,"y":558,"sc":"657"},{"x":1516636800000,"y":558,"sc":"657"},{"x":1516723200000,"y":560,"sc":"657"},{"x":1516809600000,"y":560,"sc":"657"},{"x":1516896000000,"y":561,"sc":"655"},{"x":1517155200000,"y":563,"sc":"656"},{"x":1517241600000,"y":565,"sc":"656"},{"x":1517328000000,"y":563,"sc":"656"},{"x":1517414400000,"y":564,"sc":"656"},{"x":1517500800000,"y":564,"sc":"656"},{"x":1517760000000,"y":566,"sc":"656"},{"x":1517846400000,"y":566,"sc":"656"}];
/*百分比排名*/
var Data_rateInSimilarPersent = [[1454515200000,10.6800],[1454601600000,11.4800],[1455465600000,13.0100],[1455552000000,12.7400],[1455638400000,13.0100],[1455724800000,12.2000],[1455811200000,11.9200],[1456070400000,11.6500],[1456156800000,11.6200],[1456243200000,11.2600],[1456329600000,11.5300],[1456416000000,11.2000],[1456675200000,11.7300],[1456761600000,12.5000],[1456848000000,12.2300],[1456934400000,11.7000],[1457020800000,11.9700],[1457280000000,11.9700],[1457366400000,12.1100],[1457452800000,12.1100],[1457539200000,12.1100],[1457625600000,11.5500],[1457884800000,11.2900],[1457971200000,11.0500],[1458057600000,11.5200],[1458144000000,11.7500],[1458230400000,11.4900],[1458489600000,11.2300],[1458576000000,10.9100],[1458662400000,11.1700],[1458748800000,11.4300],[1458835200000,12.0200],[1459094400000,12.7900],[1459180800000,12.7900],[1459267200000,12.7900],[1459353600000,14.0300],[1459440000000,12.2400],[1459785600000,14.0300],[1459872000000,14.0300],[1459958400000,14.2900],[1460044800000,14.5400],[1460304000000,13.4500],[1460390400000,12.1800],[1460476800000,12.4400],[1460563200000,12.4400],[1460649600000,12.4400],[1460908800000,13.9600],[1460995200000,13.9600],[1461081600000,13.7100],[1461168000000,14.2100],[1461254400000,14.7200],[1461513600000,13.2000],[1461600000000,13.2000],[1461686400000,12.9400],[1461772800000,11.9300],[1461859200000,12.4400],[1462204800000,12.1800],[1462291200000,12.4400],[1462377600000,13.2500],[1462464000000,13.00],[1462723200000,9.00],[1462809600000,9.00],[1462896000000,8.5000],[1462982400000,8.2500],[1463068800000,8.2500],[1463328000000,13.2500],[1463414400000,13.2500],[1463500800000,13.2500],[1463587200000,13.7500],[1463673600000,11.2500],[1463932800000,13.7500],[1464019200000,14.2500],[1464105600000,14.2500],[1464192000000,14.5000],[1464278400000,13.2500],[1464537600000,14.2500],[1464624000000,14.00],[1464710400000,14.00],[1464796800000,14.2500],[1464883200000,14.2500],[1465142400000,14.6800],[1465228800000,14.4300],[1465315200000,14.9300],[1465747200000,15.1700],[1465833600000,15.1700],[1465920000000,15.1400],[1466006400000,15.3800],[1466092800000,15.6300],[1466352000000,15.6300],[1466438400000,15.5900],[1466524800000,15.8400],[1466611200000,15.5900],[1466697600000,15.8400],[1466956800000,16.0900],[1467043200000,15.3500],[1467129600000,15.3500],[1467216000000,15.5900],[1467302400000,15.3500],[1467561600000,16.0900],[1467648000000,16.3400],[1467734400000,16.3400],[1467820800000,16.8300],[1467907200000,16.8300],[1468166400000,17.8200],[1468252800000,17.5700],[1468339200000,17.8200],[1468425600000,17.8200],[1468512000000,17.5700],[1468771200000,5.6900],[1468857600000,5.9400],[1468944000000,6.1700],[1469030400000,6.4200],[1469116800000,5.9300],[1469376000000,5.9300],[1469462400000,5.9300],[1469548800000,5.9300],[1469635200000,5.9000],[1469721600000,6.1400],[1469980800000,5.6500],[1470067200000,5.9000],[1470153600000,7.1300],[1470240000000,6.8500],[1470326400000,6.8500],[1470585600000,7.5200],[1470672000000,7.2600],[1470758400000,7.2600],[1470844800000,7.2600],[1470931200000,7.2600],[1471190400000,7.2600],[1471276800000,7.2600],[1471363200000,7.4900],[1471449600000,7.4700],[1471536000000,7.2300],[1471795200000,7.6900],[1471881600000,7.6900],[1471968000000,7.4500],[1472054400000,7.4500],[1472140800000,7.4500],[1472400000000,7.9300],[1472486400000,8.4100],[1472572800000,8.8900],[1472659200000,9.1300],[1472745600000,8.8700],[1473004800000,9.7400],[1473091200000,9.2600],[1473177600000,9.2600],[1473264000000,9.9300],[1473350400000,9.4300],[1473609600000,10.3800],[1473696000000,10.8500],[1473782400000,10.1400],[1474214400000,11.0800],[1474300800000,11.3200],[1474387200000,11.5600],[1474473600000,11.4800],[1474560000000,11.2400],[1474819200000,10.7000],[1474905600000,10.7000],[1474992000000,10.4700],[1475078400000,10.4200],[1475164800000,10.6500],[1476028800000,10.3700],[1476115200000,9.9100],[1476201600000,10.1100],[1476288000000,10.5300],[1476374400000,9.8900],[1476633600000,10.0900],[1476720000000,37.4400],[1476806400000,37.9900],[1476892800000,37.3000],[1476979200000,34.5500],[1477238400000,39.0900],[1477324800000,40.00],[1477411200000,39.00],[1477497600000,39.2300],[1477584000000,39.3300],[1477843200000,39.1500],[1477929600000,38.9300],[1478016000000,38.4800],[1478102400000,36.2400],[1478188800000,35.4900],[1478448000000,35.5600],[1478534400000,36.00],[1478620800000,35.7800],[1478707200000,36.00],[1478793600000,35.7800],[1479052800000,34.00],[1479139200000,35.1100],[1479225600000,34.8900],[1479312000000,35.1100],[1479398400000,35.5600],[1479657600000,33.2600],[1479744000000,33.7000],[1479830400000,32.5900],[1479916800000,33.0400],[1480003200000,32.8200],[1480262400000,32.5900],[1480348800000,30.5300],[1480435200000,29.8700],[1480521600000,29.6500],[1480608000000,31.4300],[1480867200000,34.5100],[1480953600000,34.0700],[1481040000000,34.7300],[1481126400000,34.5100],[1481212800000,33.9900],[1481472000000,35.6700],[1481558400000,36.2400],[1481644800000,35.1500],[1481731200000,32.1000],[1481817600000,31.4400],[1482076800000,36.9000],[1482163200000,36.4600],[1482249600000,37.3400],[1482336000000,37.9100],[1482422400000,38.6600],[1482681600000,39.2200],[1482768000000,38.7900],[1482854400000,39.4800],[1482940800000,39.7000],[1483027200000,39.8700],[1483372800000,27.7200],[1483459200000,26.2800],[1483545600000,25.1600],[1483632000000,22.3900],[1483891200000,33.9000],[1483977600000,34.9700],[1484064000000,35.3900],[1484150400000,35.3900],[1484236800000,35.8200],[1484496000000,38.3500],[1484582400000,39.0300],[1484668800000,39.7100],[1484755200000,39.7100],[1484841600000,39.2900],[1485100800000,39.0900],[1485187200000,35.6800],[1485273600000,35.1200],[1485360000000,35.4600],[1486051200000,32.1100],[1486310400000,31.7700],[1486396800000,31.7700],[1486483200000,31.5700],[1486569600000,30.7500],[1486656000000,31.1700],[1486915200000,31.4500],[1487001600000,33.8700],[1487088000000,32.8600],[1487174400000,32.8600],[1487260800000,32.8600],[1487520000000,33.2700],[1487606400000,38.9100],[1487692800000,38.3100],[1487779200000,38.3500],[1487865600000,38.00],[1488124800000,37.5700],[1488211200000,37.3800],[1488297600000,37.7700],[1488384000000,37.7700],[1488470400000,36.9900],[1488729600000,36.2600],[1488816000000,35.7300],[1488902400000,35.6600],[1488988800000,35.3300],[1489075200000,34.1700],[1489334400000,34.7500],[1489420800000,34.3600],[1489507200000,35.1400],[1489593600000,34.0400],[1489680000000,32.1200],[1489939200000,31.8000],[1490025600000,31.4200],[1490112000000,31.1100],[1490198400000,30.9400],[1490284800000,31.1300],[1490544000000,32.7700],[1490630400000,32.3400],[1490716800000,32.5200],[1490803200000,32.1600],[1490889600000,31.7800],[1491321600000,31.9700],[1491408000000,31.1100],[1491494400000,28.8900],[1491753600000,28.8900],[1491840000000,27.5900],[1491926400000,27.2200],[1492012800000,26.9900],[1492099200000,27.5400],[1492358400000,25.9700],[1492444800000,25.4100],[1492531200000,25.4100],[1492617600000,25.6900],[1492704000000,24.4000],[1492963200000,26.0600],[1493049600000,26.6900],[1493136000000,26.4100],[1493222400000,25.1400],[1493308800000,23.8600],[1493654400000,29.6900],[1493740800000,29.6400],[1493827200000,27.8200],[1493913600000,29.6400],[1494172800000,29.2700],[1494259200000,30.00],[1494345600000,30.7300],[1494432000000,28.9100],[1494518400000,31.0900],[1494777600000,27.4400],[1494864000000,27.8800],[1494950400000,27.8600],[1495036800000,26.2500],[1495123200000,28.7500],[1495382400000,25.7100],[1495468800000,25.8000],[1495555200000,26.0600],[1495641600000,24.8200],[1495728000000,26.2400],[1496160000000,26.9500],[1496246400000,26.9500],[1496332800000,25.8900],[1496592000000,26.3300],[1496678400000,26.5000],[1496764800000,25.9700],[1496851200000,26.1500],[1496937600000,25.8000],[1497196800000,25.7800],[1497283200000,26.4800],[1497369600000,26.6100],[1497456000000,25.9100],[1497542400000,25.9100],[1497801600000,26.5200],[1497888000000,27.3800],[1497974400000,27.4800],[1498060800000,27.8300],[1498147200000,28.3000],[1498406400000,28.3200],[1498492800000,27.6300],[1498579200000,28.6700],[1498665600000,28.8400],[1498752000000,30.5800],[1499011200000,24.2300],[1499097600000,32.9900],[1499184000000,34.4800],[1499270400000,36.0200],[1499356800000,36.1900],[1499616000000,39.6200],[1499702400000,39.9700],[1499788800000,40.1400],[1499875200000,40.3100],[1499961600000,39.9300],[1500220800000,39.2500],[1500307200000,38.9100],[1500393600000,38.2000],[1500480000000,37.8600],[1500566400000,38.1100],[1500825600000,37.9400],[1500912000000,37.6100],[1500998400000,37.3700],[1501084800000,37.5400],[1501171200000,37.5400],[1501430400000,39.3900],[1501516800000,37.2100],[1501603200000,34.8500],[1501689600000,35.0200],[1501776000000,35.3500],[1502035200000,36.0700],[1502121600000,36.2400],[1502208000000,36.4100],[1502294400000,36.5800],[1502380800000,35.9100],[1502640000000,35.5700],[1502726400000,35.5700],[1502812800000,35.7400],[1502899200000,35.2300],[1502985600000,34.7300],[1503244800000,33.8400],[1503331200000,34.3400],[1503417600000,34.6700],[1503504000000,33.8900],[1503590400000,33.7200],[1503849600000,34.6700],[1503936000000,35.5000],[1504022400000,32.6700],[1504108800000,32.7800],[1504195200000,31.7800],[1504454400000,31.4500],[1504540800000,31.2800],[1504627200000,31.1100],[1504713600000,31.2800],[1504800000000,29.7800],[1505059200000,30.1800],[1505145600000,30.1800],[1505232000000,30.1800],[1505318400000,29.4200],[1505404800000,29.0900],[1505664000000,28.5500],[1505750400000,28.8800],[1505836800000,27.6900],[1505923200000,27.3600],[1506009600000,27.0300],[1506268800000,24.5400],[1506355200000,24.5400],[1506441600000,23.8400],[1506528000000,24.1700],[1506614400000,24.4200],[1507478400000,19.4700],[1507564800000,18.1200],[1507651200000,17.4600],[1507737600000,17.8400],[1507824000000,17.6800],[1508083200000,18.4600],[1508169600000,18.7900],[1508256000000,18.3300],[1508342400000,18.1700],[1508428800000,18.3300],[1508688000000,18.3200],[1508774400000,17.9900],[1508860800000,17.7900],[1508947200000,17.4600],[1509033600000,17.3000],[1509292800000,18.3900],[1509379200000,18.2000],[1509465600000,17.8700],[1509552000000,21.0400],[1509638400000,21.8800],[1509897600000,21.4200],[1509984000000,21.5800],[1510070400000,21.5800],[1510156800000,21.6700],[1510243200000,21.8300],[1510502400000,22.5900],[1510588800000,22.3600],[1510675200000,22.3600],[1510761600000,22.0500],[1510848000000,22.1700],[1511107200000,22.3300],[1511193600000,22.6400],[1511280000000,22.4800],[1511366400000,21.8600],[1511452800000,21.5100],[1511712000000,20.3100],[1511798400000,20.7800],[1511884800000,20.4700],[1511971200000,19.8100],[1512057600000,20.3700],[1512316800000,20.0600],[1512403200000,19.6000],[1512489600000,20.0600],[1512576000000,19.8800],[1512662400000,19.7900],[1512921600000,18.5600],[1513008000000,18.2200],[1513094400000,17.9200],[1513180800000,18.2000],[1513267200000,18.4500],[1513526400000,18.2900],[1513612800000,17.6800],[1513699200000,17.5300],[1513785600000,17.7100],[1513872000000,18.3200],[1514131200000,18.6300],[1514217600000,18.7800],[1514304000000,18.3500],[1514390400000,17.7100],[1514476800000,16.7900],[1514822400000,16.3400],[1514908800000,17.5600],[1514995200000,19.3900],[1515081600000,22.2900],[1515340800000,13.7400],[1515427200000,14.2000],[1515513600000,14.9400],[1515600000000,15.0700],[1515686400000,15.2200],[1515945600000,15.2200],[1516032000000,15.5300],[1516118400000,15.6800],[1516204800000,15.8300],[1516291200000,15.6800],[1516550400000,15.0700],[1516636800000,15.0700],[1516723200000,14.7600],[1516809600000,14.7600],[1516896000000,14.3500],[1517155200000,14.1800],[1517241600000,13.8700],[1517328000000,14.1800],[1517414400000,14.0200],[1517500800000,14.0200],[1517760000000,13.7200],[1517846400000,13.7200]];
/*规模变动*/
var Data_fluctuationScale = {"categories":["2017-03-31","2017-06-30","2017-09-30","2017-12-29","2017-12-31"],"series":[{"y":0.00,"mom":"104.78%"},{"y":0.00,"mom":"-0.77%"},{"y":0.01,"mom":"5233.81%"},{"y":0.05,"mom":"422.02%"},{"y":0.05,"mom":"0.02%"}]};;
/*持有人结构*/
var Data_holderStructure = {"series":[{"name":"机构持有比例","data":[0,0,0]},{"name":"个人持有比例","data":[100.0,100.0,100.0]},{"name":"内部持有比例","data":[49.6692,52.8263,19.1067]}],"categories":["2016-06-30","2016-12-31","2017-06-30"]};
/*申购赎回*/
var Data_assetAllocation ={"series":[{"name":"期间申购","data":[0.00,0.06,0.03,0.05]},{"name":"期间赎回","data":[0.00,0.06,0.02,0.01]},{"name":"总份额","data":[0.00,0.00,0.01,0.05]}],"categories":["2017-03-31","2017-06-30","2017-09-30","2017-12-31"]};
/*现任基金经理*/
var Data_currentFundManager = [{"id":"30515277","pic":"http://j5.dfcfw.com/avatar/nopic.gif","name":"雷志强","star":5,"workTime":"1年又34天","fundSize":"800.14亿(9只基金)","power":{"avr":"83.93","categories":["经验值","收益率","影响力","稳定性","管理规模"],"dsc":["反映基金经理从业年限和管理基金的经验","根据基金经理投资的阶段收益评分，反映\u003cbr\u003e基金经理投资的盈利能力","根据基金经理所管理基金的机构和个人投\u003cbr\u003e资者持有比例评分","反映基金经理投资收益的波动","根据基金经理现任管理基金资产规模评分"],"data":[31.60,81.10,97.0,95.30,78.80],"jzrq":"2018-02-06"},"profit":{"categories":["任期收益","同类平均"],"series":[{"data":[{"name":null,"color":"#7cb5ec","y":4.0367},{"name":null,"color":"#414c7b","y":4.25}]}],"jzrq":"2018-02-06"}}] ;
/*同类型基金涨幅榜（页面底部通栏）*/
var swithSameType = [['002895_华夏天利货币B_5.8750','002894_华夏天利货币A_5.6210','004398_融通现金宝货币B_5.3370','000902_国开货币B_5.3360','001478_泰康薪意保货币B_5.1400'],['002895_华夏天利货币B_5.26','004973_长城收益宝货币B_5.08','004904_人保货币B_5.05','002884_华润元大现金通货币B_5.01','002894_华夏天利货币A_5.01'],['004973_长城收益宝货币B_5.05','004770_海富通添益货币A_4.99','002884_华润元大现金通货币B_4.99','005151_红土创新优淳货币B_4.90','002895_华夏天利货币B_4.89'],['004770_海富通添益货币A_5.39','004973_长城收益宝货币B_5.13','002884_华润元大现金通货币B_5.03','002895_华夏天利货币B_5.03','004398_融通现金宝货币B_5.01'],['003679_中融现金增利货币C_4.67','003474_南方天天利货币B_4.55','000836_国投瑞银钱多宝货币A_4.52','000837_国投瑞银钱多宝货币I_4.52','003753_工银如意货币B_4.51']];