/**
 * 测试数据
 * @type {arry}
 */
/*2018-02-07 19:41:24*/
//基金或股票信息
var fS_name = "易方达货币E";
var fS_code = "511800";
var fund_minsg="";
var ishb=true;
/*原费率*/
var fund_sourceRate="0";
/*现费率*/
var fund_Rate="0";
/*最小申购金额*/
var fund_minsg="";
/*收益率*/
/*近一年收益率*/
var syl_1n="3.4917";
/*近6月收益率*/
var syl_6y="1.7675";
/*近三月收益率*/
var syl_3y="0.8862";
/*近一月收益率*/
var syl_1y="0.2702";
/* 基金收益走势图 每万份收益*/
var Data_millionCopiesIncome = [[1417104000000,1.0696],[1417276800000,2.0035],[1417363200000,1.127],[1417449600000,1.0656],[1417536000000,1.0796],[1417622400000,1.0338],[1417708800000,1.0488],[1417881600000,2.0739],[1417968000000,1.0417],[1418054400000,0.9198],[1418140800000,1.1164],[1418227200000,1.0666],[1418313600000,1.071],[1418486400000,2.1381],[1418572800000,1.119],[1418659200000,1.0408],[1418745600000,1.2037],[1418832000000,1.3492],[1418918400000,1.3886],[1419091200000,2.0423],[1419177600000,1.2162],[1419264000000,1.0235],[1419350400000,1.221],[1419436800000,1.1564],[1419523200000,2.4054],[1419696000000,2.2719],[1419782400000,2.6081],[1419868800000,2.4133],[1419955200000,2.4164],[1420300800000,5.3844],[1420387200000,1.6805],[1420473600000,0.9774],[1420560000000,0.9291],[1420646400000,0.731],[1420732800000,0.636],[1420905600000,2.0236],[1420992000000,0.9287],[1421078400000,1.053],[1421164800000,1.0309],[1421251200000,1.0301],[1421337600000,1.0207],[1421510400000,2.3196],[1421596800000,0.9821],[1421683200000,1.0294],[1421769600000,1.0303],[1421856000000,0.9336],[1421942400000,1.0433],[1422115200000,2.1227],[1422201600000,1.0296],[1422288000000,1.0119],[1422374400000,0.9971],[1422460800000,1.0283],[1422547200000,0.9961],[1422720000000,2.1692],[1422806400000,0.9282],[1422892800000,0.9312],[1422979200000,0.9665],[1423065600000,1.0287],[1423152000000,1.0001],[1423324800000,2.0874],[1423411200000,1.031],[1423497600000,1.1313],[1423584000000,1.5635],[1423670400000,8.7031],[1423756800000,4.1838],[1423929600000,2.0737],[1424016000000,0.9368],[1424102400000,0.9531],[1424707200000,7.7211],[1424793600000,1.0393],[1424880000000,1.039],[1424966400000,1.0206],[1425139200000,2.2019],[1425225600000,1.0353],[1425312000000,1.0558],[1425398400000,0.9404],[1425484800000,0.9436],[1425571200000,0.9421],[1425744000000,2.208],[1425830400000,0.9857],[1425916800000,1.0684],[1426003200000,0.9876],[1426089600000,1.0844],[1426176000000,2.7909],[1426348800000,2.229],[1426435200000,4.0023],[1426521600000,1.0383],[1426608000000,1.0354],[1426694400000,1.0289],[1426780800000,1.0603],[1426953600000,2.1085],[1427040000000,0.9865],[1427126400000,0.9761],[1427212800000,0.9861],[1427299200000,0.9789],[1427385600000,0.9997],[1427558400000,2.0496],[1427644800000,1.016],[1427731200000,1.0255],[1427817600000,1.1288],[1427904000000,1.1446],[1427990400000,0.9135],[1428249600000,3.208],[1428336000000,0.8956],[1428422400000,0.8849],[1428508800000,0.8854],[1428595200000,0.8849],[1428768000000,1.8439],[1428854400000,0.9403],[1428940800000,0.9087],[1429027200000,1.0126],[1429113600000,1.389],[1429200000000,0.8376],[1429372800000,2.0792],[1429459200000,0.8379],[1429545600000,0.7386],[1429632000000,0.7661],[1429718400000,0.7429],[1429804800000,0.7058],[1429977600000,1.7019],[1430064000000,0.6386],[1430150400000,0.6407],[1430236800000,0.6354],[1430323200000,0.5964],[1430582400000,2.3423],[1430668800000,0.5351],[1430755200000,0.6993],[1430841600000,0.7162],[1430928000000,0.7095],[1431014400000,0.7089],[1431187200000,1.5999],[1431273600000,0.7045],[1431360000000,0.6553],[1431446400000,0.6451],[1431532800000,0.5869],[1431619200000,0.4873],[1431792000000,1.4988],[1431878400000,0.4416],[1431964800000,0.493],[1432051200000,0.5185],[1432137600000,0.5858],[1432224000000,0.5553],[1432396800000,1.3323],[1432483200000,0.5947],[1432569600000,0.5111],[1432656000000,0.4399],[1432742400000,0.4372],[1432828800000,0.4887],[1433001600000,1.3056],[1433088000000,0.6072],[1433174400000,0.6938],[1433260800000,0.6555],[1433347200000,0.6363],[1433433600000,0.5362],[1433606400000,1.5529],[1433692800000,0.5376],[1433779200000,0.4869],[1433865600000,0.4879],[1433952000000,0.4875],[1434038400000,0.4344],[1434211200000,1.3345],[1434297600000,0.6691],[1434384000000,0.4849],[1434470400000,0.5638],[1434556800000,0.6745],[1434643200000,0.6389],[1434902400000,2.4348],[1434988800000,0.5423],[1435075200000,0.7212],[1435161600000,0.7444],[1435248000000,0.9368],[1435420800000,1.5468],[1435507200000,0.9549],[1435593600000,5.6412],[1435680000000,0.7394],[1435766400000,0.7383],[1435852800000,0.688],[1436025600000,1.5536],[1436112000000,0.7381],[1436198400000,0.7365],[1436284800000,0.688],[1436371200000,0.6849],[1436457600000,0.6367],[1436630400000,1.4045],[1436716800000,0.5366],[1436803200000,0.6361],[1436889600000,0.6353],[1436976000000,0.6361],[1437062400000,0.6166],[1437235200000,1.3931],[1437321600000,0.5869],[1437408000000,0.5859],[1437494400000,0.5872],[1437580800000,0.5849],[1437667200000,0.5077],[1437840000000,1.3115],[1437926400000,0.5352],[1438012800000,0.5356],[1438099200000,0.5353],[1438185600000,0.5864],[1438272000000,0.5384],[1438444800000,1.2766],[1438531200000,0.536],[1438617600000,0.5352],[1438704000000,0.5347],[1438790400000,0.4945],[1438876800000,0.4939],[1439049600000,1.234],[1439136000000,0.5032],[1439222400000,0.5348],[1439308800000,0.5334],[1439395200000,0.5352],[1439481600000,0.5359],[1439654400000,1.2043],[1439740800000,0.5847],[1439827200000,0.5359],[1439913600000,0.582],[1440000000000,0.5649],[1440086400000,0.5351],[1440259200000,1.2396],[1440345600000,0.5647],[1440432000000,0.5636],[1440518400000,0.5667],[1440604800000,0.5663],[1440691200000,0.6144],[1440864000000,1.3575],[1440950400000,0.6142],[1441036800000,0.6355],[1441123200000,0.6896],[1441468800000,2.7548],[1441555200000,0.5854],[1441641600000,0.565],[1441728000000,0.5953],[1441814400000,0.6259],[1441900800000,0.5343],[1442073600000,1.3871],[1442160000000,0.5649],[1442246400000,0.5855],[1442332800000,0.5851],[1442419200000,0.6236],[1442505600000,0.5348],[1442678400000,1.4095],[1442764800000,0.566],[1442851200000,0.5847],[1442937600000,0.5947],[1443024000000,0.6883],[1443110400000,0.7025],[1443283200000,1.4097],[1443369600000,0.7114],[1443456000000,0.6759],[1443542400000,0.5541],[1444147200000,5.5699],[1444233600000,0.4858],[1444320000000,0.781],[1444492800000,1.5936],[1444579200000,0.6383],[1444665600000,0.6651],[1444752000000,0.6094],[1444838400000,0.6124],[1444924800000,0.5847],[1445097600000,1.569],[1445184000000,0.6251],[1445270400000,0.7155],[1445356800000,0.6497],[1445443200000,0.6998],[1445529600000,0.6975],[1445702400000,1.6145],[1445788800000,0.6633],[1445875200000,0.6624],[1445961600000,0.6581],[1446048000000,0.6674],[1446134400000,0.6603],[1446307200000,1.5158],[1446393600000,0.6255],[1446480000000,0.6847],[1446566400000,0.6619],[1446652800000,0.6778],[1446739200000,0.651],[1446912000000,1.4997],[1446998400000,0.7118],[1447084800000,0.7115],[1447171200000,0.67],[1447257600000,0.6843],[1447344000000,0.6564],[1447516800000,1.4411],[1447603200000,0.6576],[1447689600000,0.6503],[1447776000000,0.6556],[1447862400000,0.6462],[1447948800000,0.644],[1448121600000,1.4153],[1448208000000,0.656],[1448294400000,0.6608],[1448380800000,0.6585],[1448467200000,0.6313],[1448553600000,0.6524],[1448726400000,1.4086],[1448812800000,0.6494],[1448899200000,0.6428],[1448985600000,0.6478],[1449072000000,0.9005],[1449158400000,0.8488],[1449331200000,1.4949],[1449417600000,0.6833],[1449504000000,0.6776],[1449590400000,0.6547],[1449676800000,0.6589],[1449763200000,0.6602],[1449936000000,1.476],[1450022400000,0.6815],[1450108800000,0.7848],[1450195200000,0.7008],[1450281600000,0.6789],[1450368000000,0.6579],[1450540800000,1.4377],[1450627200000,0.6771],[1450713600000,2.1845],[1450800000000,0.6978],[1450886400000,0.9404],[1450972800000,1.4436],[1451145600000,1.4293],[1451232000000,0.6922],[1451318400000,1.6975],[1451404800000,0.9531],[1451491200000,0.7145],[1451750400000,2.0246],[1451836800000,0.6981],[1451923200000,0.6966],[1452009600000,0.8295],[1452096000000,0.7032],[1452182400000,0.7072],[1452355200000,1.4148],[1452441600000,0.6942],[1452528000000,0.6689],[1452614400000,0.6547],[1452700800000,0.6566],[1452787200000,0.6441],[1452960000000,1.3279],[1453046400000,0.6448],[1453132800000,0.6389],[1453219200000,0.6413],[1453305600000,0.6625],[1453392000000,0.6576],[1453564800000,1.3812],[1453651200000,0.6801],[1453737600000,0.6948],[1453824000000,0.6928],[1453910400000,0.6907],[1453996800000,0.6902],[1454169600000,1.4497],[1454256000000,0.7004],[1454342400000,0.6931],[1454428800000,0.6989],[1454515200000,0.7047],[1454601600000,0.5186],[1455379200000,6.4539],[1455465600000,0.6445],[1455552000000,0.6667],[1455638400000,0.6633],[1455724800000,0.6372],[1455811200000,0.6229],[1455984000000,1.419],[1456070400000,0.6012],[1456156800000,0.5996],[1456243200000,0.6002],[1456329600000,0.6015],[1456416000000,0.5978],[1456588800000,1.2818],[1456675200000,0.6167],[1456761600000,0.6777],[1456848000000,0.6222],[1456934400000,0.6212],[1457020800000,0.5814],[1457193600000,1.3094],[1457280000000,0.5714],[1457366400000,0.5688],[1457452800000,0.5019],[1457539200000,0.5007],[1457625600000,0.4975],[1457798400000,1.2564],[1457884800000,0.5006],[1457971200000,0.5618],[1458057600000,0.5064],[1458144000000,0.5441],[1458230400000,0.5385],[1458403200000,1.25],[1458489600000,0.5598],[1458576000000,0.5713],[1458662400000,0.5484],[1458748800000,0.6043],[1458835200000,0.4981],[1459008000000,1.4546],[1459094400000,0.5015],[1459180800000,0.5684],[1459267200000,0.6103],[1459353600000,0.6961],[1459440000000,0.548],[1459699200000,2.4],[1459785600000,0.5542],[1459872000000,0.545],[1459958400000,0.5525],[1460044800000,0.5087],[1460217600000,1.5195],[1460304000000,0.5155],[1460390400000,0.5191],[1460476800000,0.5067],[1460563200000,0.5053],[1460649600000,0.5094],[1460822400000,1.3827],[1460908800000,0.5005],[1460995200000,0.4981],[1461081600000,0.5063],[1461168000000,0.5041],[1461254400000,0.5272],[1461427200000,1.4346],[1461513600000,0.5982],[1461600000000,0.6145],[1461686400000,0.603],[1461772800000,0.6103],[1461859200000,0.6015],[1462118400000,2.3821],[1462204800000,0.5863],[1462291200000,0.5667],[1462377600000,0.545],[1462464000000,0.5084],[1462636800000,1.5328],[1462723200000,0.5416],[1462809600000,0.5315],[1462896000000,0.5434],[1462982400000,0.5357],[1463068800000,0.5068],[1463241600000,1.5477],[1463328000000,0.5219],[1463414400000,0.5112],[1463500800000,0.5113],[1463587200000,0.509],[1463673600000,0.4976],[1463846400000,1.4537],[1463932800000,0.5107],[1464019200000,0.5092],[1464105600000,0.5049],[1464192000000,0.51],[1464278400000,0.5028],[1464451200000,1.3681],[1464537600000,0.5636],[1464624000000,0.5184],[1464710400000,0.5043],[1464796800000,0.4653],[1464883200000,0.5738],[1465056000000,1.4952],[1465142400000,0.5014],[1465228800000,0.4589],[1465315200000,0.4683],[1465660800000,2.9274],[1465747200000,0.4447],[1465833600000,0.4729],[1465920000000,0.501],[1466006400000,0.5112],[1466092800000,0.5449],[1466265600000,1.6108],[1466352000000,0.5174],[1466438400000,0.5887],[1466524800000,0.5375],[1466611200000,0.5513],[1466697600000,0.509],[1466870400000,1.7369],[1466956800000,0.5832],[1467043200000,0.5529],[1467129600000,0.5408],[1467216000000,0.9999],[1467302400000,0.5222],[1467475200000,1.8271],[1467561600000,0.5374],[1467648000000,0.5387],[1467734400000,0.541],[1467820800000,0.5482],[1467907200000,0.541],[1468080000000,1.7078],[1468166400000,0.5693],[1468252800000,0.5592],[1468339200000,0.5597],[1468425600000,0.5601],[1468512000000,0.554],[1468684800000,1.7166],[1468771200000,0.5425],[1468857600000,0.5505],[1468944000000,0.5565],[1469030400000,0.558],[1469116800000,0.5575],[1469289600000,1.5752],[1469376000000,0.5634],[1469462400000,0.5716],[1469548800000,0.5586],[1469635200000,0.5475],[1469721600000,0.5727],[1469894400000,1.7358],[1469980800000,0.5506],[1470067200000,0.5387],[1470153600000,0.5466],[1470240000000,0.5354],[1470326400000,0.5375],[1470499200000,1.6323],[1470585600000,0.5373],[1470672000000,0.5459],[1470758400000,0.5451],[1470844800000,0.5461],[1470931200000,0.5393],[1471104000000,1.6309],[1471190400000,0.5478],[1471276800000,0.555],[1471363200000,0.5521],[1471449600000,0.5542],[1471536000000,0.5658],[1471708800000,1.7626],[1471795200000,0.5859],[1471881600000,0.5859],[1471968000000,0.5982],[1472054400000,0.5851],[1472140800000,0.5558],[1472313600000,1.8154],[1472400000000,0.5557],[1472486400000,0.5629],[1472572800000,0.5863],[1472659200000,0.606],[1472745600000,0.5558],[1472918400000,1.8154],[1473004800000,0.6151],[1473091200000,0.571],[1473177600000,0.5852],[1473264000000,0.595],[1473350400000,0.5248],[1473523200000,1.7598],[1473609600000,0.6149],[1473696000000,0.5292],[1473782400000,0.2194],[1474128000000,3.62],[1474214400000,0.2174],[1474300800000,0.5557],[1474387200000,0.604],[1474473600000,0.6148],[1474560000000,0.7358],[1474732800000,1.8545],[1474819200000,0.6143],[1474905600000,0.6087],[1474992000000,0.6552],[1475078400000,0.2471],[1475164800000,0.7675],[1475942400000,7.0798],[1476028800000,0.6367],[1476115200000,0.6315],[1476201600000,0.6339],[1476288000000,0.6358],[1476374400000,0.6354],[1476547200000,1.5118],[1476633600000,0.6358],[1476720000000,0.6359],[1476806400000,0.6356],[1476892800000,0.6441],[1476979200000,0.6368],[1477152000000,1.5784],[1477238400000,0.6351],[1477324800000,0.6359],[1477411200000,0.6632],[1477497600000,0.704],[1477584000000,0.6552],[1477756800000,1.6111],[1477843200000,0.649],[1477929600000,0.6646],[1478016000000,0.664],[1478102400000,0.6343],[1478188800000,0.6346],[1478361600000,1.5158],[1478448000000,0.6344],[1478534400000,0.6248],[1478620800000,0.6257],[1478707200000,0.6247],[1478793600000,0.6339],[1478966400000,1.404],[1479052800000,0.7412],[1479139200000,0.6471],[1479225600000,0.6459],[1479312000000,0.6508],[1479398400000,0.7482],[1479571200000,1.5109],[1479657600000,0.6364],[1479744000000,0.6443],[1479830400000,0.6475],[1479916800000,0.6521],[1480003200000,0.7569],[1480176000000,1.5472],[1480262400000,0.6367],[1480348800000,0.6819],[1480435200000,0.9335],[1480521600000,0.6456],[1480608000000,0.7631],[1480780800000,1.6832],[1480867200000,0.5018],[1480953600000,0.6869],[1481040000000,0.9383],[1481126400000,0.6334],[1481212800000,0.7625],[1481385600000,1.5751],[1481472000000,0.611],[1481558400000,0.6951],[1481644800000,0.9297],[1481731200000,0.641],[1481817600000,0.763],[1481990400000,1.8128],[1482076800000,0.4405],[1482163200000,0.6937],[1482249600000,0.9789],[1482336000000,0.6407],[1482422400000,0.8167],[1482595200000,1.8978],[1482681600000,0.4467],[1482768000000,0.7194],[1482854400000,0.9949],[1482940800000,0.4378],[1483027200000,1.0604],[1483113600000,1.0375],[1483286400000,2.0741],[1483372800000,0.4357],[1483459200000,0.6135],[1483545600000,0.6337],[1483632000000,0.6346],[1483804800000,2.1604],[1483891200000,0.6246],[1483977600000,0.5832],[1484064000000,0.5315],[1484150400000,0.5329],[1484236800000,0.5347],[1484409600000,1.8629],[1484496000000,0.7215],[1484582400000,0.7341],[1484668800000,0.8351],[1484755200000,0.7366],[1484841600000,0.4343],[1485014400000,1.9652],[1485100800000,0.4992],[1485187200000,0.4735],[1485273600000,0.5432],[1485360000000,0.4592],[1485964800000,6.8234],[1486051200000,0.4323],[1486224000000,2.0577],[1486310400000,0.661],[1486396800000,0.6008],[1486483200000,0.5823],[1486569600000,0.7066],[1486656000000,0.4832],[1486828800000,1.9279],[1486915200000,0.9119],[1487001600000,0.6681],[1487088000000,0.5952],[1487174400000,0.7536],[1487260800000,0.4979],[1487433600000,1.9448],[1487520000000,0.8279],[1487606400000,0.9411],[1487692800000,1.1027],[1487779200000,0.7082],[1487865600000,0.6805],[1488038400000,2.1474],[1488124800000,0.6679],[1488211200000,0.951],[1488297600000,0.9054],[1488384000000,0.6535],[1488470400000,0.6016],[1488643200000,2.1718],[1488729600000,0.6746],[1488816000000,0.7606],[1488902400000,0.8038],[1488988800000,0.6267],[1489075200000,0.6111],[1489248000000,2.0164],[1489334400000,0.7687],[1489420800000,0.7342],[1489507200000,0.8268],[1489593600000,0.5705],[1489680000000,0.6506],[1489852800000,2.3788],[1489939200000,0.6042],[1490025600000,0.922],[1490112000000,0.9618],[1490198400000,0.8407],[1490284800000,0.8351],[1490457600000,2.3347],[1490544000000,0.7429],[1490630400000,1.348],[1490716800000,0.9687],[1490803200000,1.443],[1490889600000,1.3008],[1491235200000,5.1302],[1491321600000,1.3089],[1491408000000,0.7371],[1491494400000,0.6339],[1491667200000,1.9514],[1491753600000,0.757],[1491840000000,0.7858],[1491926400000,0.6316],[1492012800000,0.6345],[1492099200000,0.506],[1492272000000,1.6593],[1492358400000,1.0793],[1492444800000,0.7912],[1492531200000,0.5981],[1492617600000,0.7174],[1492704000000,0.4937],[1492876800000,1.9953],[1492963200000,0.835],[1493049600000,0.8457],[1493136000000,0.79],[1493222400000,1.0264],[1493308800000,0.9856],[1493568000000,3.6514],[1493654400000,0.8885],[1493740800000,0.8399],[1493827200000,0.8845],[1493913600000,0.8084],[1494086400000,2.2448],[1494172800000,0.951],[1494259200000,0.7972],[1494345600000,0.7873],[1494432000000,0.7873],[1494518400000,0.7631],[1494691200000,2.1641],[1494777600000,0.8348],[1494864000000,0.8899],[1494950400000,0.9014],[1495036800000,0.7729],[1495123200000,0.7586],[1495296000000,2.0293],[1495382400000,0.9652],[1495468800000,0.8919],[1495555200000,0.9018],[1495641600000,0.8046],[1495728000000,0.6825],[1496073600000,4.4668],[1496160000000,0.7471],[1496246400000,0.8262],[1496332800000,0.7011],[1496505600000,2.2887],[1496592000000,0.8572],[1496678400000,0.9133],[1496764800000,0.7591],[1496851200000,0.8027],[1496937600000,0.6997],[1497110400000,2.268],[1497196800000,0.8693],[1497283200000,0.9263],[1497369600000,0.7497],[1497456000000,0.9538],[1497542400000,0.7373],[1497715200000,2.3441],[1497801600000,0.8497],[1497888000000,1.0624],[1497974400000,0.7833],[1498060800000,1.1009],[1498147200000,0.9224],[1498320000000,2.8706],[1498406400000,0.8718],[1498492800000,1.9812],[1498579200000,1.1586],[1498665600000,1.0988],[1498752000000,0.947],[1498924800000,2.5279],[1499011200000,1.4035],[1499097600000,1.1218],[1499184000000,0.8821],[1499270400000,0.8377],[1499356800000,0.7852],[1499529600000,1.8467],[1499616000000,0.739],[1499702400000,0.7349],[1499788800000,0.7333],[1499875200000,0.7381],[1499961600000,0.7883],[1500134400000,1.8573],[1500220800000,0.7269],[1500307200000,0.9976],[1500393600000,0.9849],[1500480000000,0.9872],[1500566400000,0.9834],[1500739200000,2.2904],[1500825600000,0.8177],[1500912000000,0.993],[1500998400000,0.9829],[1501084800000,0.9907],[1501171200000,0.9838],[1501344000000,2.4029],[1501430400000,0.7057],[1501516800000,0.997],[1501603200000,0.989],[1501689600000,0.9867],[1501776000000,0.8344],[1501948800000,2.1572],[1502035200000,0.8338],[1502121600000,0.8334],[1502208000000,0.7839],[1502294400000,0.735],[1502380800000,0.7334],[1502553600000,1.9275],[1502640000000,0.9377],[1502726400000,0.8846],[1502812800000,0.9118],[1502899200000,0.9845],[1502985600000,0.9361],[1503158400000,2.4868],[1503244800000,0.7387],[1503331200000,0.7827],[1503417600000,0.9466],[1503504000000,0.8003],[1503590400000,0.7615],[1503763200000,2.2679],[1503849600000,0.9843],[1503936000000,0.9627],[1504022400000,1.0962],[1504108800000,0.9856],[1504195200000,0.7641],[1504368000000,2.5209],[1504454400000,0.7231],[1504540800000,0.784],[1504627200000,0.7856],[1504713600000,0.7844],[1504800000000,0.785],[1504972800000,2.1741],[1505059200000,0.8162],[1505145600000,0.823],[1505232000000,0.8862],[1505318400000,0.8674],[1505404800000,0.8389],[1505577600000,2.2989],[1505664000000,0.7943],[1505750400000,0.8741],[1505836800000,0.9419],[1505923200000,0.9383],[1506009600000,0.8998],[1506182400000,2.2873],[1506268800000,0.838],[1506355200000,1.1851],[1506441600000,0.9817],[1506528000000,0.9332],[1506614400000,1.4011],[1507392000000,11.1989],[1507478400000,0.4422],[1507564800000,0.9393],[1507651200000,0.8339],[1507737600000,0.8345],[1507824000000,0.7306],[1507996800000,2.0111],[1508083200000,0.8328],[1508169600000,0.8855],[1508256000000,0.8343],[1508342400000,0.8331],[1508428800000,0.6426],[1508601600000,1.7066],[1508688000000,0.8354],[1508774400000,0.911],[1508860800000,0.8313],[1508947200000,0.831],[1509033600000,0.7011],[1509206400000,1.9367],[1509292800000,0.735],[1509379200000,1.0965],[1509465600000,0.9253],[1509552000000,0.9225],[1509638400000,0.6659],[1509811200000,2.1017],[1509897600000,0.5366],[1509984000000,0.8853],[1510070400000,0.832],[1510156800000,0.9292],[1510243200000,0.6613],[1510416000000,1.9495],[1510502400000,0.7063],[1510588800000,0.9603],[1510675200000,0.9241],[1510761600000,0.9659],[1510848000000,0.6599],[1511020800000,2.1641],[1511107200000,0.6057],[1511193600000,0.9906],[1511280000000,0.9678],[1511366400000,0.9656],[1511452800000,0.7079],[1511625600000,2.3263],[1511712000000,0.5422],[1511798400000,0.9966],[1511884800000,1.0201],[1511971200000,1.0041],[1512057600000,0.6033],[1512230400000,2.2769],[1512316800000,0.5104],[1512403200000,0.901],[1512489600000,1.022],[1512576000000,0.9059],[1512662400000,0.64],[1512835200000,2.2233],[1512921600000,0.6235],[1513008000000,0.9049],[1513094400000,1.0169],[1513180800000,0.9881],[1513267200000,0.65],[1513440000000,2.3285],[1513526400000,1.184],[1513612800000,0.987],[1513699200000,1.287],[1513785600000,1.3236],[1513872000000,1.2592],[1514044800000,2.4623],[1514131200000,1.2302],[1514217600000,1.311],[1514304000000,1.3839],[1514390400000,1.4765],[1514476800000,1.5353],[1514649600000,2.9875],[1514736000000,1.4937],[1514822400000,1.3216],[1514908800000,0.9336],[1514995200000,0.9316],[1515081600000,0.7824],[1515254400000,1.8217],[1515340800000,0.7377],[1515427200000,0.7132],[1515513600000,0.714],[1515600000000,0.8033],[1515686400000,0.7796],[1515859200000,1.7532],[1515945600000,0.8957],[1516032000000,0.8331],[1516118400000,0.8788],[1516204800000,0.9355],[1516291200000,0.9364],[1516464000000,2.1263],[1516550400000,0.8839],[1516636800000,0.8432],[1516723200000,0.8225],[1516809600000,0.7365],[1516896000000,0.7055],[1517068800000,1.8898],[1517155200000,0.7861],[1517241600000,0.7818],[1517328000000,0.7842],[1517414400000,0.7336],[1517500800000,0.714],[1517673600000,1.958],[1517760000000,0.7147],[1517846400000,0.7044]];
/*基金收益走势图   7日年化收益率*/
var Data_sevenDaysYearIncome = [[1417104000000,11.881],[1417276800000,7.725],[1417363200000,7.011],[1417449600000,6.497],[1417536000000,6.139],[1417622400000,3.922],[1417708800000,3.911],[1417881600000,3.949],[1417968000000,3.903],[1418054400000,3.824],[1418140800000,3.844],[1418227200000,3.862],[1418313600000,3.874],[1418486400000,3.909],[1418572800000,3.95],[1418659200000,4.016],[1418745600000,4.063],[1418832000000,4.217],[1418918400000,4.39],[1419091200000,4.337],[1419177600000,4.39],[1419264000000,4.381],[1419350400000,4.39],[1419436800000,4.285],[1419523200000,4.84],[1419696000000,4.965],[1419782400000,5.73],[1419868800000,6.499],[1419955200000,7.164],[1420300800000,6.914],[1420387200000,6.398],[1420473600000,5.604],[1420560000000,4.789],[1420646400000,4.466],[1420732800000,4.092],[1420905600000,3.705],[1420992000000,3.299],[1421078400000,3.34],[1421164800000,3.395],[1421251200000,3.556],[1421337600000,3.764],[1421510400000,3.925],[1421596800000,3.953],[1421683200000,3.941],[1421769600000,3.94],[1421856000000,3.888],[1421942400000,3.9],[1422115200000,3.794],[1422201600000,3.819],[1422288000000,3.81],[1422374400000,3.792],[1422460800000,3.843],[1422547200000,3.818],[1422720000000,3.843],[1422806400000,3.788],[1422892800000,3.744],[1422979200000,3.728],[1423065600000,3.728],[1423152000000,3.73],[1423324800000,3.686],[1423411200000,3.742],[1423497600000,3.85],[1423584000000,4.174],[1423670400000,8.425],[1423756800000,10.239],[1423929600000,10.231],[1424016000000,10.177],[1424102400000,10.075],[1424707200000,4.108],[1424793600000,4.07],[1424880000000,4.033],[1424966400000,3.985],[1425139200000,3.987],[1425225600000,3.953],[1425312000000,3.929],[1425398400000,3.876],[1425484800000,3.824],[1425571200000,3.782],[1425744000000,3.785],[1425830400000,3.758],[1425916800000,3.765],[1426003200000,3.79],[1426089600000,3.867],[1426176000000,4.873],[1426348800000,4.884],[1426435200000,6.547],[1426521600000,6.53],[1426608000000,6.556],[1426694400000,6.526],[1426780800000,5.569],[1426953600000,5.503],[1427040000000,3.857],[1427126400000,3.823],[1427212800000,3.796],[1427299200000,3.769],[1427385600000,3.737],[1427558400000,3.705],[1427644800000,3.721],[1427731200000,3.747],[1427817600000,3.825],[1427904000000,3.914],[1427990400000,3.868],[1428249600000,3.945],[1428336000000,3.874],[1428422400000,3.742],[1428508800000,3.602],[1428595200000,3.587],[1428768000000,3.428],[1428854400000,3.358],[1428940800000,3.365],[1429027200000,3.434],[1429113600000,3.706],[1429200000000,3.68],[1429372800000,3.808],[1429459200000,3.752],[1429545600000,3.66],[1429632000000,3.527],[1429718400000,3.179],[1429804800000,3.108],[1429977600000,2.906],[1430064000000,2.799],[1430150400000,2.746],[1430236800000,2.676],[1430323200000,2.598],[1430582400000,2.563],[1430668800000,2.508],[1430755200000,2.539],[1430841600000,2.582],[1430928000000,2.643],[1431014400000,2.604],[1431187200000,2.625],[1431273600000,2.715],[1431360000000,2.692],[1431446400000,2.654],[1431532800000,2.588],[1431619200000,2.47],[1431792000000,2.416],[1431878400000,2.275],[1431964800000,2.189],[1432051200000,2.121],[1432137600000,2.121],[1432224000000,2.157],[1432396800000,2.068],[1432483200000,2.15],[1432569600000,2.16],[1432656000000,2.118],[1432742400000,2.039],[1432828800000,2.003],[1433001600000,1.989],[1433088000000,1.996],[1433174400000,2.093],[1433260800000,2.208],[1433347200000,2.314],[1433433600000,2.339],[1433606400000,2.471],[1433692800000,2.434],[1433779200000,2.324],[1433865600000,2.234],[1433952000000,2.155],[1434038400000,2.101],[1434211200000,1.985],[1434297600000,2.054],[1434384000000,2.053],[1434470400000,2.094],[1434556800000,2.193],[1434643200000,2.302],[1434902400000,2.533],[1434988800000,2.563],[1435075200000,2.648],[1435161600000,2.685],[1435248000000,2.845],[1435420800000,2.804],[1435507200000,2.881],[1435593600000,5.652],[1435680000000,5.662],[1435766400000,5.658],[1435852800000,5.521],[1436025600000,5.525],[1436112000000,5.406],[1436198400000,2.745],[1436284800000,2.718],[1436371200000,2.689],[1436457600000,2.662],[1436630400000,2.582],[1436716800000,2.474],[1436803200000,2.42],[1436889600000,2.392],[1436976000000,2.366],[1437062400000,2.355],[1437235200000,2.349],[1437321600000,2.376],[1437408000000,2.349],[1437494400000,2.324],[1437580800000,2.297],[1437667200000,2.238],[1437840000000,2.195],[1437926400000,2.167],[1438012800000,2.141],[1438099200000,2.113],[1438185600000,2.114],[1438272000000,2.13],[1438444800000,2.112],[1438531200000,2.112],[1438617600000,2.112],[1438704000000,2.111],[1438790400000,2.063],[1438876800000,2.039],[1439049600000,2.016],[1439136000000,1.999],[1439222400000,1.999],[1439308800000,1.998],[1439395200000,2.019],[1439481600000,2.042],[1439654400000,2.026],[1439740800000,2.069],[1439827200000,2.07],[1439913600000,2.096],[1440000000000,2.112],[1440086400000,2.111],[1440259200000,2.13],[1440345600000,2.119],[1440432000000,2.134],[1440518400000,2.126],[1440604800000,2.127],[1440691200000,2.169],[1440864000000,2.232],[1440950400000,2.258],[1441036800000,2.297],[1441123200000,2.362],[1441468800000,2.478],[1441555200000,2.462],[1441641600000,2.425],[1441728000000,2.374],[1441814400000,2.341],[1441900800000,2.258],[1442073600000,2.264],[1442160000000,2.253],[1442246400000,2.264],[1442332800000,2.258],[1442419200000,2.257],[1442505600000,2.257],[1442678400000,2.269],[1442764800000,2.27],[1442851200000,2.269],[1442937600000,2.274],[1443024000000,2.309],[1443110400000,2.398],[1443283200000,2.399],[1443369600000,2.476],[1443456000000,2.525],[1443542400000,2.503],[1444147200000,2.947],[1444233600000,2.778],[1444320000000,2.767],[1444492800000,2.767],[1444579200000,2.685],[1444665600000,2.617],[1444752000000,2.52],[1444838400000,2.588],[1444924800000,2.483],[1445097600000,2.47],[1445184000000,2.463],[1445270400000,2.49],[1445356800000,2.511],[1445443200000,2.558],[1445529600000,2.618],[1445702400000,2.642],[1445788800000,2.663],[1445875200000,2.634],[1445961600000,2.639],[1446048000000,2.622],[1446134400000,2.602],[1446307200000,2.549],[1446393600000,2.529],[1446480000000,2.541],[1446566400000,2.543],[1446652800000,2.548],[1446739200000,2.543],[1446912000000,2.535],[1446998400000,2.581],[1447084800000,2.595],[1447171200000,2.599],[1447257600000,2.603],[1447344000000,2.606],[1447516800000,2.575],[1447603200000,2.546],[1447689600000,2.513],[1447776000000,2.505],[1447862400000,2.485],[1447948800000,2.478],[1448121600000,2.464],[1448208000000,2.463],[1448294400000,2.469],[1448380800000,2.471],[1448467200000,2.463],[1448553600000,2.467],[1448726400000,2.464],[1448812800000,2.46],[1448899200000,2.45],[1448985600000,2.445],[1449072000000,2.589],[1449158400000,2.694],[1449331200000,2.74],[1449417600000,2.758],[1449504000000,2.777],[1449590400000,2.78],[1449676800000,2.651],[1449763200000,2.55],[1449936000000,2.54],[1450022400000,2.539],[1450108800000,2.596],[1450195200000,2.621],[1450281600000,2.632],[1450368000000,2.631],[1450540800000,2.61],[1450627200000,2.608],[1450713600000,3.359],[1450800000000,3.358],[1450886400000,3.499],[1450972800000,3.923],[1451145600000,3.919],[1451232000000,3.927],[1451318400000,3.664],[1451404800000,3.802],[1451491200000,3.679],[1451750400000,3.222],[1451836800000,3.225],[1451923200000,2.688],[1452009600000,2.622],[1452096000000,2.616],[1452182400000,2.633],[1452355200000,2.668],[1452441600000,2.666],[1452528000000,2.651],[1452614400000,2.557],[1452700800000,2.532],[1452787200000,2.499],[1452960000000,2.452],[1453046400000,2.426],[1453132800000,2.41],[1453219200000,2.403],[1453305600000,2.406],[1453392000000,2.413],[1453564800000,2.442],[1453651200000,2.46],[1453737600000,2.49],[1453824000000,2.518],[1453910400000,2.533],[1453996800000,2.55],[1454169600000,2.587],[1454256000000,2.598],[1454342400000,2.597],[1454428800000,2.6],[1454515200000,2.608],[1454601600000,2.516],[1455379200000,2.652],[1455465600000,2.613],[1455552000000,2.586],[1455638400000,2.557],[1455724800000,2.515],[1455811200000,2.464],[1455984000000,2.456],[1456070400000,2.433],[1456156800000,2.397],[1456243200000,2.363],[1456329600000,2.344],[1456416000000,2.331],[1456588800000,2.258],[1456675200000,2.266],[1456761600000,2.308],[1456848000000,2.32],[1456934400000,2.33],[1457020800000,2.321],[1457193600000,2.336],[1457280000000,2.312],[1457366400000,2.254],[1457452800000,2.19],[1457539200000,2.125],[1457625600000,2.081],[1457798400000,2.053],[1457884800000,2.015],[1457971200000,2.011],[1458057600000,2.014],[1458144000000,2.037],[1458230400000,2.058],[1458403200000,2.055],[1458489600000,2.087],[1458576000000,2.092],[1458662400000,2.114],[1458748800000,2.146],[1458835200000,2.125],[1459008000000,2.234],[1459094400000,2.202],[1459180800000,2.201],[1459267200000,2.234],[1459353600000,2.283],[1459440000000,2.309],[1459699200000,2.547],[1459785600000,2.539],[1459872000000,2.504],[1459958400000,2.427],[1460044800000,2.406],[1460217600000,2.363],[1460304000000,2.212],[1460390400000,2.193],[1460476800000,2.173],[1460563200000,2.147],[1460649600000,2.148],[1460822400000,2.075],[1460908800000,2.067],[1460995200000,2.056],[1461081600000,2.056],[1461168000000,2.055],[1461254400000,2.064],[1461427200000,2.092],[1461513600000,2.144],[1461600000000,2.206],[1461686400000,2.258],[1461772800000,2.314],[1461859200000,2.354],[1462118400000,2.54],[1462204800000,2.525],[1462291200000,2.506],[1462377600000,2.471],[1462464000000,2.421],[1462636800000,2.391],[1462723200000,2.257],[1462809600000,2.228],[1462896000000,2.216],[1462982400000,2.211],[1463068800000,2.21],[1463241600000,2.218],[1463328000000,2.207],[1463414400000,2.196],[1463500800000,2.179],[1463587200000,2.165],[1463673600000,2.16],[1463846400000,2.11],[1463932800000,2.104],[1464019200000,2.103],[1464105600000,2.1],[1464192000000,2.1],[1464278400000,2.103],[1464451200000,2.057],[1464537600000,2.086],[1464624000000,2.09],[1464710400000,2.09],[1464796800000,2.066],[1464883200000,2.104],[1465056000000,2.172],[1465142400000,2.139],[1465228800000,2.107],[1465315200000,2.088],[1465660800000,2.297],[1465747200000,2.267],[1465833600000,2.275],[1465920000000,2.292],[1466006400000,2.17],[1466092800000,2.072],[1466265600000,2.153],[1466352000000,2.192],[1466438400000,2.254],[1466524800000,2.273],[1466611200000,2.294],[1466697600000,2.275],[1466870400000,2.342],[1466956800000,2.378],[1467043200000,2.359],[1467129600000,2.36],[1467216000000,2.6],[1467302400000,2.607],[1467475200000,2.655],[1467561600000,2.631],[1467648000000,2.623],[1467734400000,2.623],[1467820800000,2.382],[1467907200000,2.392],[1468080000000,2.328],[1468166400000,2.345],[1468252800000,2.356],[1468339200000,2.366],[1468425600000,2.373],[1468512000000,2.379],[1468684800000,2.384],[1468771200000,2.37],[1468857600000,2.365],[1468944000000,2.364],[1469030400000,2.362],[1469116800000,2.364],[1469289600000,2.289],[1469376000000,2.3],[1469462400000,2.311],[1469548800000,2.312],[1469635200000,2.307],[1469721600000,2.315],[1469894400000,2.401],[1469980800000,2.394],[1470067200000,2.376],[1470153600000,2.37],[1470240000000,2.363],[1470326400000,2.345],[1470499200000,2.289],[1470585600000,2.282],[1470672000000,2.286],[1470758400000,2.285],[1470844800000,2.291],[1470931200000,2.292],[1471104000000,2.291],[1471190400000,2.297],[1471276800000,2.302],[1471363200000,2.305],[1471449600000,2.31],[1471536000000,2.324],[1471708800000,2.394],[1471795200000,2.414],[1471881600000,2.431],[1471968000000,2.456],[1472054400000,2.472],[1472140800000,2.467],[1472313600000,2.495],[1472400000000,2.479],[1472486400000,2.467],[1472572800000,2.46],[1472659200000,2.471],[1472745600000,2.471],[1472918400000,2.471],[1473004800000,2.503],[1473091200000,2.507],[1473177600000,2.507],[1473264000000,2.501],[1473350400000,2.484],[1473523200000,2.455],[1473609600000,2.455],[1473696000000,2.432],[1473782400000,2.237],[1474128000000,2.633],[1474214400000,2.42],[1474300800000,2.434],[1474387200000,2.64],[1474473600000,2.515],[1474560000000,2.456],[1474732800000,2.418],[1474819200000,2.63],[1474905600000,2.659],[1474992000000,2.686],[1475078400000,2.489],[1475164800000,2.506],[1475942400000,2.913],[1476028800000,2.832],[1476115200000,2.749],[1476201600000,2.667],[1476288000000,2.586],[1476374400000,2.505],[1476547200000,2.473],[1476633600000,2.472],[1476720000000,2.475],[1476806400000,2.476],[1476892800000,2.48],[1476979200000,2.481],[1477152000000,2.516],[1477238400000,2.516],[1477324800000,2.516],[1477411200000,2.531],[1477497600000,2.563],[1477584000000,2.573],[1477756800000,2.59],[1477843200000,2.598],[1477929600000,2.613],[1478016000000,2.613],[1478102400000,2.576],[1478188800000,2.565],[1478361600000,2.514],[1478448000000,2.506],[1478534400000,2.485],[1478620800000,2.465],[1478707200000,2.46],[1478793600000,2.459],[1478966400000,2.399],[1479052800000,2.456],[1479139200000,2.468],[1479225600000,2.479],[1479312000000,2.493],[1479398400000,2.554],[1479571200000,2.611],[1479657600000,2.555],[1479744000000,2.554],[1479830400000,2.555],[1479916800000,2.555],[1480003200000,2.56],[1480176000000,2.579],[1480262400000,2.58],[1480348800000,2.6],[1480435200000,2.753],[1480521600000,2.749],[1480608000000,2.753],[1480780800000,2.826],[1480867200000,2.753],[1480953600000,2.756],[1481040000000,2.759],[1481126400000,2.752],[1481212800000,2.752],[1481385600000,2.694],[1481472000000,2.752],[1481558400000,2.757],[1481644800000,2.752],[1481731200000,2.756],[1481817600000,2.756],[1481990400000,2.884],[1482076800000,2.792],[1482163200000,2.792],[1482249600000,2.818],[1482336000000,2.818],[1482422400000,2.847],[1482595200000,2.892],[1482681600000,2.896],[1482768000000,2.909],[1482854400000,2.918],[1482940800000,2.809],[1483027200000,2.94],[1483113600000,2.987],[1483286400000,3.352],[1483372800000,3.2],[1483459200000,2.995],[1483545600000,3.1],[1483632000000,2.871],[1483804800000,2.917],[1483891200000,2.696],[1483977600000,2.775],[1484064000000,2.731],[1484150400000,2.677],[1484236800000,2.624],[1484409600000,2.465],[1484496000000,2.517],[1484582400000,2.597],[1484668800000,2.76],[1484755200000,2.869],[1484841600000,2.815],[1485014400000,2.87],[1485100800000,2.751],[1485187200000,2.611],[1485273600000,2.455],[1485360000000,2.307],[1485964800000,3.622],[1486051200000,3.328],[1486224000000,3.387],[1486310400000,3.219],[1486396800000,3.018],[1486483200000,2.807],[1486569600000,2.663],[1486656000000,2.69],[1486828800000,2.621],[1486915200000,2.755],[1487001600000,2.791],[1487088000000,2.798],[1487174400000,2.823],[1487260800000,2.831],[1487433600000,2.84],[1487520000000,2.795],[1487606400000,2.942],[1487692800000,3.214],[1487779200000,3.19],[1487865600000,3.288],[1488038400000,3.397],[1488124800000,3.311],[1488211200000,3.317],[1488297600000,3.21],[1488384000000,3.181],[1488470400000,3.139],[1488643200000,3.152],[1488729600000,3.155],[1488816000000,3.053],[1488902400000,2.998],[1488988800000,2.984],[1489075200000,2.989],[1489248000000,2.906],[1489334400000,2.956],[1489420800000,2.942],[1489507200000,2.954],[1489593600000,2.924],[1489680000000,2.945],[1489852800000,3.14],[1489939200000,3.052],[1490025600000,3.153],[1490112000000,3.225],[1490198400000,3.371],[1490284800000,3.47],[1490457600000,3.446],[1490544000000,3.521],[1490630400000,3.751],[1490716800000,3.755],[1490803200000,4.081],[1490889600000,4.334],[1491235200000,4.718],[1491321600000,4.904],[1491408000000,4.519],[1491494400000,4.156],[1491667200000,3.824],[1491753600000,3.54],[1491840000000,3.272],[1491926400000,2.908],[1492012800000,2.853],[1492099200000,2.784],[1492272000000,2.628],[1492358400000,2.8],[1492444800000,2.803],[1492531200000,2.785],[1492617600000,2.829],[1492704000000,2.823],[1492876800000,3.003],[1492963200000,2.872],[1493049600000,2.901],[1493136000000,3.004],[1493222400000,3.17],[1493308800000,3.435],[1493568000000,3.879],[1493654400000,3.902],[1493740800000,3.929],[1493827200000,3.852],[1493913600000,3.757],[1494086400000,3.654],[1494172800000,3.51],[1494259200000,3.461],[1494345600000,3.433],[1494432000000,3.38],[1494518400000,3.356],[1494691200000,3.312],[1494777600000,3.25],[1494864000000,3.3],[1494950400000,3.361],[1495036800000,3.354],[1495123200000,3.351],[1495296000000,3.278],[1495382400000,3.349],[1495468800000,3.35],[1495555200000,3.35],[1495641600000,3.367],[1495728000000,3.326],[1496073600000,3.639],[1496160000000,3.556],[1496246400000,3.567],[1496332800000,3.577],[1496505600000,3.597],[1496592000000,3.456],[1496678400000,3.357],[1496764800000,3.364],[1496851200000,3.351],[1496937600000,3.351],[1497110400000,3.339],[1497196800000,3.346],[1497283200000,3.353],[1497369600000,3.348],[1497456000000,3.429],[1497542400000,3.45],[1497715200000,3.491],[1497801600000,3.48],[1497888000000,3.554],[1497974400000,3.572],[1498060800000,3.651],[1498147200000,3.751],[1498320000000,4.036],[1498406400000,4.048],[1498492800000,4.548],[1498579200000,4.753],[1498665600000,4.752],[1498752000000,4.765],[1498924800000,4.578],[1499011200000,4.868],[1499097600000,4.4],[1499184000000,4.249],[1499270400000,4.107],[1499356800000,4.02],[1499529600000,3.651],[1499616000000,3.292],[1499702400000,3.084],[1499788800000,3.004],[1499875200000,2.951],[1499961600000,2.952],[1500134400000,2.958],[1500220800000,2.952],[1500307200000,3.093],[1500393600000,3.228],[1500480000000,3.362],[1500566400000,3.467],[1500739200000,3.701],[1500825600000,3.75],[1500912000000,3.748],[1500998400000,3.747],[1501084800000,3.749],[1501171200000,3.749],[1501344000000,3.81],[1501430400000,3.749],[1501516800000,3.751],[1501603200000,3.755],[1501689600000,3.752],[1501776000000,3.672],[1501948800000,3.539],[1502035200000,3.608],[1502121600000,3.52],[1502208000000,3.409],[1502294400000,3.274],[1502380800000,3.219],[1502553600000,3.096],[1502640000000,3.151],[1502726400000,3.179],[1502812800000,3.248],[1502899200000,3.382],[1502985600000,3.492],[1503158400000,3.794],[1503244800000,3.686],[1503331200000,3.631],[1503417600000,3.65],[1503504000000,3.55],[1503590400000,3.456],[1503763200000,3.338],[1503849600000,3.471],[1503936000000,3.568],[1504022400000,3.649],[1504108800000,3.749],[1504195200000,3.75],[1504368000000,3.887],[1504454400000,3.746],[1504540800000,3.649],[1504627200000,3.481],[1504713600000,3.373],[1504800000000,3.384],[1504972800000,3.197],[1505059200000,3.247],[1505145600000,3.268],[1505232000000,3.323],[1505318400000,3.367],[1505404800000,3.396],[1505577600000,3.464],[1505664000000,3.452],[1505750400000,3.479],[1505836800000,3.51],[1505923200000,3.548],[1506009600000,3.581],[1506182400000,3.574],[1506268800000,3.598],[1506355200000,3.766],[1506441600000,3.788],[1506528000000,3.785],[1506614400000,4.057],[1507392000000,4.646],[1507478400000,4.21],[1507564800000,4.044],[1507651200000,3.822],[1507737600000,3.6],[1507824000000,3.323],[1507996800000,3.066],[1508083200000,3.276],[1508169600000,3.247],[1508256000000,3.247],[1508342400000,3.246],[1508428800000,3.199],[1508601600000,3.035],[1508688000000,3.037],[1508774400000,3.05],[1508860800000,3.049],[1508947200000,3.048],[1509033600000,3.079],[1509206400000,3.203],[1509292800000,3.149],[1509379200000,3.249],[1509465600000,3.299],[1509552000000,3.349],[1509638400000,3.33],[1509811200000,3.419],[1509897600000,3.312],[1509984000000,3.198],[1510070400000,3.148],[1510156800000,3.151],[1510243200000,3.149],[1510416000000,3.067],[1510502400000,3.158],[1510588800000,3.199],[1510675200000,3.248],[1510761600000,3.268],[1510848000000,3.267],[1511020800000,3.383],[1511107200000,3.329],[1511193600000,3.345],[1511280000000,3.368],[1511366400000,3.368],[1511452800000,3.394],[1511625600000,3.482],[1511712000000,3.447],[1511798400000,3.451],[1511884800000,3.479],[1511971200000,3.5],[1512057600000,3.443],[1512230400000,3.417],[1512316800000,3.399],[1512403200000,3.348],[1512489600000,3.349],[1512576000000,3.296],[1512662400000,3.316],[1512835200000,3.287],[1512921600000,3.348],[1513008000000,3.35],[1513094400000,3.347],[1513180800000,3.392],[1513267200000,3.397],[1513440000000,3.454],[1513526400000,3.756],[1513612800000,3.801],[1513699200000,3.947],[1513785600000,4.129],[1513872000000,4.46],[1514044800000,4.533],[1514131200000,4.558],[1514217600000,4.735],[1514304000000,4.788],[1514390400000,4.872],[1514476800000,5.023],[1514649600000,5.311],[1514736000000,5.455],[1514822400000,5.461],[1514908800000,5.214],[1514995200000,4.916],[1515081600000,4.505],[1515254400000,3.871],[1515340800000,3.463],[1515427200000,3.135],[1515513600000,3.017],[1515600000000,2.948],[1515686400000,2.947],[1515859200000,2.91],[1515945600000,2.995],[1516032000000,3.059],[1516118400000,3.148],[1516204800000,3.219],[1516291200000,3.303],[1516464000000,3.504],[1516550400000,3.498],[1516636800000,3.503],[1516723200000,3.473],[1516809600000,3.366],[1516896000000,3.241],[1517068800000,3.114],[1517155200000,3.062],[1517241600000,3.029],[1517328000000,3.008],[1517414400000,3.006],[1517500800000,3.011],[1517673600000,3.048],[1517760000000,3.009],[1517846400000,2.968]];
/*资产配置*/
var Data_assetAllocationCurrency ={"categories":["12-31","09-30","06-30","03-31"],"series":[{"name":"股票","data":[null,null,null,null]},{"name":"债券","data":[45.48,37.71,38.48,60.11]},{"name":"现金","data":[18.91,30.59,17.06,26.13]}]};
/*累计收益率走势*/
var Data_grandTotal = [{"name":"易方达货币E","data":[[1501948800000,0],[1502035200000,0.01],[1502121600000,0.02],[1502208000000,0.02],[1502294400000,0.03],[1502380800000,0.04],[1502553600000,0.06],[1502640000000,0.07],[1502726400000,0.08],[1502812800000,0.09],[1502899200000,0.10],[1502985600000,0.11],[1503158400000,0.13],[1503244800000,0.14],[1503331200000,0.15],[1503417600000,0.15],[1503504000000,0.16],[1503590400000,0.17],[1503763200000,0.19],[1503849600000,0.20],[1503936000000,0.21],[1504022400000,0.22],[1504108800000,0.23],[1504195200000,0.24],[1504368000000,0.27],[1504454400000,0.27],[1504540800000,0.28],[1504627200000,0.29],[1504713600000,0.30],[1504800000000,0.31],[1504972800000,0.33],[1505059200000,0.34],[1505145600000,0.34],[1505232000000,0.35],[1505318400000,0.36],[1505404800000,0.37],[1505577600000,0.39],[1505664000000,0.40],[1505750400000,0.41],[1505836800000,0.42],[1505923200000,0.43],[1506009600000,0.44],[1506182400000,0.46],[1506268800000,0.47],[1506355200000,0.48],[1506441600000,0.49],[1506528000000,0.50],[1506614400000,0.51],[1507392000000,0.63],[1507478400000,0.63],[1507564800000,0.64],[1507651200000,0.65],[1507737600000,0.66],[1507824000000,0.66],[1507996800000,0.68],[1508083200000,0.69],[1508169600000,0.70],[1508256000000,0.71],[1508342400000,0.72],[1508428800000,0.73],[1508601600000,0.74],[1508688000000,0.75],[1508774400000,0.76],[1508860800000,0.77],[1508947200000,0.78],[1509033600000,0.78],[1509206400000,0.80],[1509292800000,0.81],[1509379200000,0.82],[1509465600000,0.83],[1509552000000,0.84],[1509638400000,0.85],[1509811200000,0.87],[1509897600000,0.87],[1509984000000,0.88],[1510070400000,0.89],[1510156800000,0.90],[1510243200000,0.91],[1510416000000,0.93],[1510502400000,0.93],[1510588800000,0.94],[1510675200000,0.95],[1510761600000,0.96],[1510848000000,0.97],[1511020800000,0.99],[1511107200000,1.00],[1511193600000,1.01],[1511280000000,1.02],[1511366400000,1.03],[1511452800000,1.03],[1511625600000,1.06],[1511712000000,1.06],[1511798400000,1.07],[1511884800000,1.08],[1511971200000,1.09],[1512057600000,1.10],[1512230400000,1.12],[1512316800000,1.13],[1512403200000,1.14],[1512489600000,1.15],[1512576000000,1.16],[1512662400000,1.16],[1512835200000,1.19],[1512921600000,1.19],[1513008000000,1.20],[1513094400000,1.21],[1513180800000,1.22],[1513267200000,1.23],[1513440000000,1.25],[1513526400000,1.26],[1513612800000,1.27],[1513699200000,1.29],[1513785600000,1.30],[1513872000000,1.31],[1514044800000,1.34],[1514131200000,1.35],[1514217600000,1.36],[1514304000000,1.38],[1514390400000,1.39],[1514476800000,1.41],[1514649600000,1.44],[1514736000000,1.45],[1514822400000,1.47],[1514908800000,1.48],[1514995200000,1.49],[1515081600000,1.49],[1515254400000,1.51],[1515340800000,1.52],[1515427200000,1.53],[1515513600000,1.53],[1515600000000,1.54],[1515686400000,1.55],[1515859200000,1.57],[1515945600000,1.58],[1516032000000,1.59],[1516118400000,1.59],[1516204800000,1.60],[1516291200000,1.61],[1516464000000,1.63],[1516550400000,1.64],[1516636800000,1.65],[1516723200000,1.66],[1516809600000,1.67],[1516896000000,1.68],[1517068800000,1.69],[1517155200000,1.70],[1517241600000,1.71],[1517328000000,1.72],[1517414400000,1.73],[1517500800000,1.73],[1517673600000,1.75],[1517760000000,1.76],[1517846400000,1.77]]},{"name":"同类平均","data":[[1502035200000,0],[1502121600000,0.01],[1502208000000,0.02],[1502294400000,0.03],[1502380800000,0.04],[1502640000000,0.07],[1502726400000,0.08],[1502812800000,0.09],[1502899200000,0.10],[1502985600000,0.11],[1503244800000,0.14],[1503331200000,0.16],[1503417600000,0.17],[1503504000000,0.18],[1503590400000,0.19],[1503849600000,0.22],[1503936000000,0.23],[1504022400000,0.24],[1504108800000,0.25],[1504195200000,0.26],[1504454400000,0.29],[1504540800000,0.30],[1504627200000,0.31],[1504713600000,0.32],[1504800000000,0.34],[1505059200000,0.37],[1505145600000,0.38],[1505232000000,0.39],[1505318400000,0.40],[1505404800000,0.41],[1505664000000,0.44],[1505750400000,0.45],[1505836800000,0.46],[1505923200000,0.47],[1506009600000,0.48],[1506268800000,0.52],[1506355200000,0.53],[1506441600000,0.54],[1506528000000,0.55],[1506614400000,0.56],[1507478400000,0.67],[1507564800000,0.68],[1507651200000,0.69],[1507737600000,0.71],[1507824000000,0.72],[1508083200000,0.75],[1508169600000,0.76],[1508256000000,0.77],[1508342400000,0.78],[1508428800000,0.79],[1508688000000,0.82],[1508774400000,0.83],[1508860800000,0.84],[1508947200000,0.85],[1509033600000,0.86],[1509292800000,0.90],[1509379200000,0.91],[1509465600000,0.92],[1509552000000,0.93],[1509638400000,0.94],[1509897600000,0.97],[1509984000000,0.98],[1510070400000,0.99],[1510156800000,1.00],[1510243200000,1.01],[1510502400000,1.04],[1510588800000,1.06],[1510675200000,1.07],[1510761600000,1.08],[1510848000000,1.09],[1511107200000,1.12],[1511193600000,1.13],[1511280000000,1.14],[1511366400000,1.15],[1511452800000,1.16],[1511712000000,1.20],[1511798400000,1.21],[1511884800000,1.22],[1511971200000,1.23],[1512057600000,1.24],[1512316800000,1.28],[1512403200000,1.29],[1512489600000,1.30],[1512576000000,1.31],[1512662400000,1.32],[1512921600000,1.35],[1513008000000,1.36],[1513094400000,1.38],[1513180800000,1.39],[1513267200000,1.40],[1513526400000,1.43],[1513612800000,1.44],[1513699200000,1.46],[1513785600000,1.47],[1513872000000,1.48],[1514131200000,1.51],[1514217600000,1.53],[1514304000000,1.54],[1514390400000,1.55],[1514476800000,1.57],[1514822400000,1.62],[1514908800000,1.64],[1514995200000,1.65],[1515081600000,1.66],[1515340800000,1.69],[1515427200000,1.71],[1515513600000,1.72],[1515600000000,1.73],[1515686400000,1.74],[1515945600000,1.77],[1516032000000,1.79],[1516118400000,1.80],[1516204800000,1.81],[1516291200000,1.82],[1516550400000,1.86],[1516636800000,1.87],[1516723200000,1.88],[1516809600000,1.89],[1516896000000,1.90],[1517155200000,1.94],[1517241600000,1.95],[1517328000000,1.96],[1517414400000,1.97],[1517500800000,1.98],[1517760000000,2.02],[1517846400000,2.03]]},{"name":"沪深300","data":[[1502035200000,0],[1502121600000,0.15],[1502208000000,0.11],[1502294400000,-0.29],[1502380800000,-2.13],[1502640000000,-0.86],[1502726400000,-0.56],[1502812800000,-0.68],[1502899200000,-0.15],[1502985600000,-0.06],[1503244800000,0.38],[1503331200000,0.68],[1503417600000,0.79],[1503504000000,0.21],[1503590400000,1.85],[1503849600000,3.11],[1503936000000,2.89],[1504022400000,2.88],[1504108800000,2.56],[1504195200000,2.78],[1504454400000,3.19],[1504540800000,3.50],[1504627200000,3.29],[1504713600000,2.77],[1504800000000,2.66],[1505059200000,2.65],[1505145600000,2.98],[1505232000000,3.11],[1505318400000,2.77],[1505404800000,2.80],[1505664000000,3.12],[1505750400000,2.83],[1505836800000,3.10],[1505923200000,2.98],[1506009600000,2.98],[1506268800000,2.44],[1506355200000,2.52],[1506441600000,2.53],[1506528000000,2.57],[1506614400000,2.94],[1507478400000,4.17],[1507564800000,4.38],[1507651200000,4.72],[1507737600000,5.00],[1507824000000,5.21],[1508083200000,5.01],[1508169600000,5.00],[1508256000000,5.83],[1508342400000,5.49],[1508428800000,5.37],[1508688000000,5.47],[1508774400000,6.24],[1508860800000,6.71],[1508947200000,7.16],[1509033600000,7.92],[1509292800000,7.59],[1509379200000,7.51],[1509465600000,7.24],[1509552000000,7.25],[1509638400000,7.13],[1509897600000,7.89],[1509984000000,8.79],[1510070400000,8.62],[1510156800000,9.37],[1510243200000,10.33],[1510502400000,10.77],[1510588800000,10.00],[1510675200000,9.31],[1510761600000,10.15],[1510848000000,10.57],[1511107200000,11.19],[1511193600000,13.17],[1511280000000,13.44],[1511366400000,10.08],[1511452800000,10.13],[1511712000000,8.67],[1511798400000,8.83],[1511884800000,8.77],[1511971200000,7.49],[1512057600000,7.28],[1512316800000,7.84],[1512403200000,8.41],[1512489600000,7.76],[1512576000000,6.55],[1512662400000,7.42],[1512921600000,9.20],[1513008000000,7.76],[1513094400000,8.67],[1513180800000,8.03],[1513267200000,6.82],[1513526400000,6.94],[1513612800000,8.28],[1513699200000,8.15],[1513785600000,9.15],[1513872000000,8.80],[1514131200000,8.45],[1514217600000,8.77],[1514304000000,7.09],[1514390400000,7.84],[1514476800000,8.16],[1514822400000,9.68],[1514908800000,10.32],[1514995200000,10.79],[1515081600000,11.05],[1515340800000,11.63],[1515427200000,12.41],[1515513600000,12.91],[1515600000000,12.85],[1515686400000,13.37],[1515945600000,13.37],[1516032000000,14.27],[1516118400000,13.99],[1516204800000,14.61],[1516291200000,14.99],[1516550400000,16.36],[1516636800000,17.60],[1516723200000,17.79],[1516809600000,17.13],[1516896000000,17.56],[1517155200000,15.43],[1517241600000,14.20],[1517328000000,14.73],[1517414400000,13.93],[1517500800000,14.61],[1517760000000,14.69],[1517846400000,11.33]]}];
/*同类排名*/
var Data_rateInSimilarType = [{"x":1425225600000,"y":80,"sc":"291"},{"x":1425312000000,"y":85,"sc":"291"},{"x":1425398400000,"y":88,"sc":"291"},{"x":1425484800000,"y":91,"sc":"296"},{"x":1425571200000,"y":98,"sc":"296"},{"x":1425830400000,"y":103,"sc":"296"},{"x":1425916800000,"y":108,"sc":"296"},{"x":1426003200000,"y":113,"sc":"296"},{"x":1426089600000,"y":117,"sc":"297"},{"x":1426176000000,"y":93,"sc":"297"},{"x":1426435200000,"y":76,"sc":"299"},{"x":1426521600000,"y":78,"sc":"299"},{"x":1426608000000,"y":85,"sc":"299"},{"x":1426694400000,"y":88,"sc":"304"},{"x":1426780800000,"y":85,"sc":"304"},{"x":1427040000000,"y":91,"sc":"304"},{"x":1427126400000,"y":93,"sc":"304"},{"x":1427212800000,"y":99,"sc":"304"},{"x":1427299200000,"y":117,"sc":"306"},{"x":1427385600000,"y":117,"sc":"306"},{"x":1427644800000,"y":162,"sc":"307"},{"x":1427731200000,"y":183,"sc":"309"},{"x":1427817600000,"y":179,"sc":"307"},{"x":1427904000000,"y":174,"sc":"307"},{"x":1427990400000,"y":174,"sc":"307"},{"x":1428336000000,"y":193,"sc":"307"},{"x":1428422400000,"y":193,"sc":"307"},{"x":1428508800000,"y":189,"sc":"307"},{"x":1428595200000,"y":190,"sc":"307"},{"x":1428854400000,"y":195,"sc":"307"},{"x":1428940800000,"y":196,"sc":"307"},{"x":1429027200000,"y":201,"sc":"307"},{"x":1429113600000,"y":193,"sc":"310"},{"x":1429200000000,"y":202,"sc":"310"},{"x":1429459200000,"y":201,"sc":"311"},{"x":1429545600000,"y":203,"sc":"311"},{"x":1429632000000,"y":206,"sc":"313"},{"x":1429718400000,"y":207,"sc":"315"},{"x":1429804800000,"y":209,"sc":"313"},{"x":1430064000000,"y":214,"sc":"313"},{"x":1430150400000,"y":216,"sc":"314"},{"x":1430236800000,"y":219,"sc":"314"},{"x":1430323200000,"y":218,"sc":"314"},{"x":1430668800000,"y":217,"sc":"315"},{"x":1430755200000,"y":223,"sc":"315"},{"x":1430841600000,"y":223,"sc":"315"},{"x":1430928000000,"y":231,"sc":"315"},{"x":1431014400000,"y":235,"sc":"315"},{"x":1431273600000,"y":239,"sc":"316"},{"x":1431360000000,"y":279,"sc":"316"},{"x":1431446400000,"y":290,"sc":"316"},{"x":1431532800000,"y":290,"sc":"318"},{"x":1431619200000,"y":292,"sc":"316"},{"x":1431878400000,"y":292,"sc":"316"},{"x":1431964800000,"y":293,"sc":"316"},{"x":1432051200000,"y":291,"sc":"316"},{"x":1432137600000,"y":291,"sc":"316"},{"x":1432224000000,"y":291,"sc":"316"},{"x":1432483200000,"y":290,"sc":"316"},{"x":1432569600000,"y":290,"sc":"316"},{"x":1432656000000,"y":290,"sc":"316"},{"x":1432742400000,"y":290,"sc":"316"},{"x":1432828800000,"y":290,"sc":"316"},{"x":1433088000000,"y":290,"sc":"316"},{"x":1433174400000,"y":291,"sc":"317"},{"x":1433260800000,"y":293,"sc":"317"},{"x":1433347200000,"y":294,"sc":"317"},{"x":1433433600000,"y":294,"sc":"317"},{"x":1433692800000,"y":292,"sc":"317"},{"x":1433779200000,"y":292,"sc":"317"},{"x":1433865600000,"y":292,"sc":"317"},{"x":1433952000000,"y":294,"sc":"319"},{"x":1434038400000,"y":295,"sc":"319"},{"x":1434297600000,"y":297,"sc":"319"},{"x":1434384000000,"y":302,"sc":"319"},{"x":1434470400000,"y":302,"sc":"319"},{"x":1434556800000,"y":302,"sc":"319"},{"x":1434643200000,"y":302,"sc":"321"},{"x":1434988800000,"y":301,"sc":"319"},{"x":1435075200000,"y":302,"sc":"320"},{"x":1435161600000,"y":302,"sc":"320"},{"x":1435248000000,"y":302,"sc":"322"},{"x":1435507200000,"y":303,"sc":"321"},{"x":1435593600000,"y":296,"sc":"321"},{"x":1435680000000,"y":296,"sc":"321"},{"x":1435766400000,"y":296,"sc":"321"},{"x":1435852800000,"y":298,"sc":"323"},{"x":1436112000000,"y":298,"sc":"323"},{"x":1436198400000,"y":299,"sc":"323"},{"x":1436284800000,"y":300,"sc":"323"},{"x":1436371200000,"y":300,"sc":"323"},{"x":1436457600000,"y":300,"sc":"323"},{"x":1436716800000,"y":300,"sc":"323"},{"x":1436803200000,"y":299,"sc":"325"},{"x":1436889600000,"y":299,"sc":"323"},{"x":1436976000000,"y":299,"sc":"325"},{"x":1437062400000,"y":299,"sc":"323"},{"x":1437321600000,"y":298,"sc":"323"},{"x":1437408000000,"y":298,"sc":"323"},{"x":1437494400000,"y":299,"sc":"323"},{"x":1437580800000,"y":298,"sc":"323"},{"x":1437667200000,"y":299,"sc":"326"},{"x":1437926400000,"y":300,"sc":"324"},{"x":1438012800000,"y":300,"sc":"324"},{"x":1438099200000,"y":299,"sc":"324"},{"x":1438185600000,"y":296,"sc":"325"},{"x":1438272000000,"y":299,"sc":"325"},{"x":1438531200000,"y":299,"sc":"325"},{"x":1438617600000,"y":296,"sc":"327"},{"x":1438704000000,"y":295,"sc":"325"},{"x":1438790400000,"y":295,"sc":"325"},{"x":1438876800000,"y":296,"sc":"328"},{"x":1439136000000,"y":296,"sc":"328"},{"x":1439222400000,"y":296,"sc":"328"},{"x":1439308800000,"y":295,"sc":"328"},{"x":1439395200000,"y":295,"sc":"328"},{"x":1439481600000,"y":294,"sc":"330"},{"x":1439740800000,"y":294,"sc":"330"},{"x":1439827200000,"y":293,"sc":"331"},{"x":1439913600000,"y":291,"sc":"331"},{"x":1440000000000,"y":286,"sc":"331"},{"x":1440086400000,"y":286,"sc":"331"},{"x":1440345600000,"y":286,"sc":"331"},{"x":1440432000000,"y":285,"sc":"331"},{"x":1440518400000,"y":286,"sc":"332"},{"x":1440604800000,"y":287,"sc":"332"},{"x":1440691200000,"y":285,"sc":"334"},{"x":1440950400000,"y":283,"sc":"332"},{"x":1441036800000,"y":282,"sc":"332"},{"x":1441123200000,"y":282,"sc":"332"},{"x":1441555200000,"y":277,"sc":"332"},{"x":1441641600000,"y":275,"sc":"332"},{"x":1441728000000,"y":275,"sc":"332"},{"x":1441814400000,"y":275,"sc":"331"},{"x":1441900800000,"y":276,"sc":"331"},{"x":1442160000000,"y":276,"sc":"332"},{"x":1442246400000,"y":276,"sc":"332"},{"x":1442332800000,"y":276,"sc":"332"},{"x":1442419200000,"y":276,"sc":"332"},{"x":1442505600000,"y":276,"sc":"332"},{"x":1442764800000,"y":277,"sc":"335"},{"x":1442851200000,"y":278,"sc":"335"},{"x":1442937600000,"y":278,"sc":"335"},{"x":1443024000000,"y":274,"sc":"335"},{"x":1443110400000,"y":275,"sc":"337"},{"x":1443369600000,"y":276,"sc":"342"},{"x":1443456000000,"y":278,"sc":"342"},{"x":1443542400000,"y":296,"sc":"342"},{"x":1444233600000,"y":293,"sc":"344"},{"x":1444320000000,"y":296,"sc":"344"},{"x":1444579200000,"y":294,"sc":"342"},{"x":1444665600000,"y":292,"sc":"340"},{"x":1444752000000,"y":294,"sc":"342"},{"x":1444838400000,"y":294,"sc":"341"},{"x":1444924800000,"y":296,"sc":"343"},{"x":1445184000000,"y":297,"sc":"342"},{"x":1445270400000,"y":293,"sc":"342"},{"x":1445356800000,"y":294,"sc":"344"},{"x":1445443200000,"y":293,"sc":"345"},{"x":1445529600000,"y":295,"sc":"345"},{"x":1445788800000,"y":293,"sc":"345"},{"x":1445875200000,"y":291,"sc":"345"},{"x":1445961600000,"y":294,"sc":"345"},{"x":1446048000000,"y":293,"sc":"345"},{"x":1446134400000,"y":293,"sc":"347"},{"x":1446393600000,"y":294,"sc":"345"},{"x":1446480000000,"y":292,"sc":"345"},{"x":1446566400000,"y":293,"sc":"345"},{"x":1446652800000,"y":293,"sc":"345"},{"x":1446739200000,"y":295,"sc":"345"},{"x":1446998400000,"y":294,"sc":"348"},{"x":1447084800000,"y":291,"sc":"350"},{"x":1447171200000,"y":290,"sc":"348"},{"x":1447257600000,"y":288,"sc":"348"},{"x":1447344000000,"y":288,"sc":"350"},{"x":1447603200000,"y":287,"sc":"350"},{"x":1447689600000,"y":283,"sc":"350"},{"x":1447776000000,"y":282,"sc":"350"},{"x":1447862400000,"y":283,"sc":"352"},{"x":1447948800000,"y":283,"sc":"350"},{"x":1448208000000,"y":286,"sc":"353"},{"x":1448294400000,"y":282,"sc":"353"},{"x":1448380800000,"y":281,"sc":"351"},{"x":1448467200000,"y":280,"sc":"351"},{"x":1448553600000,"y":278,"sc":"353"},{"x":1448812800000,"y":278,"sc":"353"},{"x":1448899200000,"y":278,"sc":"353"},{"x":1448985600000,"y":277,"sc":"351"},{"x":1449072000000,"y":276,"sc":"351"},{"x":1449158400000,"y":275,"sc":"353"},{"x":1449417600000,"y":276,"sc":"353"},{"x":1449504000000,"y":276,"sc":"353"},{"x":1449590400000,"y":276,"sc":"353"},{"x":1449676800000,"y":275,"sc":"353"},{"x":1449763200000,"y":274,"sc":"353"},{"x":1450022400000,"y":275,"sc":"352"},{"x":1450108800000,"y":276,"sc":"352"},{"x":1450195200000,"y":274,"sc":"352"},{"x":1450281600000,"y":273,"sc":"352"},{"x":1450368000000,"y":274,"sc":"351"},{"x":1450627200000,"y":275,"sc":"351"},{"x":1450713600000,"y":258,"sc":"351"},{"x":1450800000000,"y":257,"sc":"351"},{"x":1450886400000,"y":257,"sc":"351"},{"x":1450972800000,"y":249,"sc":"352"},{"x":1451232000000,"y":253,"sc":"354"},{"x":1451318400000,"y":244,"sc":"354"},{"x":1451404800000,"y":239,"sc":"356"},{"x":1451491200000,"y":241,"sc":"356"},{"x":1451836800000,"y":232,"sc":"356"},{"x":1451923200000,"y":230,"sc":"356"},{"x":1452009600000,"y":228,"sc":"356"},{"x":1452096000000,"y":253,"sc":"356"},{"x":1452182400000,"y":249,"sc":"356"},{"x":1452441600000,"y":249,"sc":"356"},{"x":1452528000000,"y":247,"sc":"356"},{"x":1452614400000,"y":248,"sc":"356"},{"x":1452700800000,"y":248,"sc":"356"},{"x":1452787200000,"y":244,"sc":"356"},{"x":1453046400000,"y":246,"sc":"356"},{"x":1453132800000,"y":243,"sc":"356"},{"x":1453219200000,"y":244,"sc":"356"},{"x":1453305600000,"y":245,"sc":"357"},{"x":1453392000000,"y":246,"sc":"358"},{"x":1453651200000,"y":248,"sc":"360"},{"x":1453737600000,"y":248,"sc":"360"},{"x":1453824000000,"y":248,"sc":"360"},{"x":1453910400000,"y":246,"sc":"360"},{"x":1453996800000,"y":243,"sc":"360"},{"x":1454256000000,"y":240,"sc":"360"},{"x":1454342400000,"y":240,"sc":"360"},{"x":1454428800000,"y":242,"sc":"360"},{"x":1454515200000,"y":242,"sc":"365"},{"x":1454601600000,"y":245,"sc":"366"},{"x":1455465600000,"y":245,"sc":"369"},{"x":1455552000000,"y":246,"sc":"369"},{"x":1455638400000,"y":245,"sc":"369"},{"x":1455724800000,"y":247,"sc":"369"},{"x":1455811200000,"y":244,"sc":"369"},{"x":1456070400000,"y":246,"sc":"369"},{"x":1456156800000,"y":247,"sc":"370"},{"x":1456243200000,"y":246,"sc":"373"},{"x":1456329600000,"y":245,"sc":"373"},{"x":1456416000000,"y":248,"sc":"375"},{"x":1456675200000,"y":246,"sc":"375"},{"x":1456761600000,"y":245,"sc":"376"},{"x":1456848000000,"y":246,"sc":"376"},{"x":1456934400000,"y":249,"sc":"376"},{"x":1457020800000,"y":250,"sc":"376"},{"x":1457280000000,"y":250,"sc":"376"},{"x":1457366400000,"y":255,"sc":"380"},{"x":1457452800000,"y":256,"sc":"380"},{"x":1457539200000,"y":261,"sc":"380"},{"x":1457625600000,"y":263,"sc":"381"},{"x":1457884800000,"y":267,"sc":"381"},{"x":1457971200000,"y":272,"sc":"380"},{"x":1458057600000,"y":273,"sc":"382"},{"x":1458144000000,"y":272,"sc":"383"},{"x":1458230400000,"y":274,"sc":"383"},{"x":1458489600000,"y":277,"sc":"383"},{"x":1458576000000,"y":299,"sc":"385"},{"x":1458662400000,"y":300,"sc":"385"},{"x":1458748800000,"y":301,"sc":"385"},{"x":1458835200000,"y":314,"sc":"391"},{"x":1459094400000,"y":312,"sc":"391"},{"x":1459180800000,"y":321,"sc":"391"},{"x":1459267200000,"y":322,"sc":"391"},{"x":1459353600000,"y":326,"sc":"392"},{"x":1459440000000,"y":326,"sc":"392"},{"x":1459785600000,"y":322,"sc":"392"},{"x":1459872000000,"y":322,"sc":"392"},{"x":1459958400000,"y":322,"sc":"392"},{"x":1460044800000,"y":326,"sc":"392"},{"x":1460304000000,"y":329,"sc":"394"},{"x":1460390400000,"y":331,"sc":"394"},{"x":1460476800000,"y":333,"sc":"394"},{"x":1460563200000,"y":335,"sc":"394"},{"x":1460649600000,"y":336,"sc":"394"},{"x":1460908800000,"y":336,"sc":"394"},{"x":1460995200000,"y":336,"sc":"394"},{"x":1461081600000,"y":339,"sc":"394"},{"x":1461168000000,"y":342,"sc":"394"},{"x":1461254400000,"y":342,"sc":"394"},{"x":1461513600000,"y":340,"sc":"394"},{"x":1461600000000,"y":341,"sc":"394"},{"x":1461686400000,"y":342,"sc":"394"},{"x":1461772800000,"y":341,"sc":"394"},{"x":1461859200000,"y":341,"sc":"394"},{"x":1462204800000,"y":341,"sc":"394"},{"x":1462291200000,"y":341,"sc":"394"},{"x":1462377600000,"y":339,"sc":"400"},{"x":1462464000000,"y":338,"sc":"400"},{"x":1462723200000,"y":331,"sc":"400"},{"x":1462809600000,"y":331,"sc":"400"},{"x":1462896000000,"y":330,"sc":"400"},{"x":1462982400000,"y":328,"sc":"400"},{"x":1463068800000,"y":321,"sc":"400"},{"x":1463328000000,"y":344,"sc":"400"},{"x":1463414400000,"y":343,"sc":"400"},{"x":1463500800000,"y":344,"sc":"400"},{"x":1463587200000,"y":344,"sc":"400"},{"x":1463673600000,"y":345,"sc":"400"},{"x":1463932800000,"y":349,"sc":"400"},{"x":1464019200000,"y":347,"sc":"400"},{"x":1464105600000,"y":347,"sc":"400"},{"x":1464192000000,"y":346,"sc":"400"},{"x":1464278400000,"y":346,"sc":"400"},{"x":1464537600000,"y":346,"sc":"400"},{"x":1464624000000,"y":347,"sc":"400"},{"x":1464710400000,"y":349,"sc":"400"},{"x":1464796800000,"y":350,"sc":"400"},{"x":1464883200000,"y":351,"sc":"400"},{"x":1465142400000,"y":353,"sc":"402"},{"x":1465228800000,"y":352,"sc":"402"},{"x":1465315200000,"y":353,"sc":"402"},{"x":1465747200000,"y":345,"sc":"402"},{"x":1465833600000,"y":346,"sc":"402"},{"x":1465920000000,"y":348,"sc":"403"},{"x":1466006400000,"y":348,"sc":"403"},{"x":1466092800000,"y":346,"sc":"403"},{"x":1466352000000,"y":343,"sc":"403"},{"x":1466438400000,"y":344,"sc":"404"},{"x":1466524800000,"y":343,"sc":"404"},{"x":1466611200000,"y":344,"sc":"404"},{"x":1466697600000,"y":346,"sc":"404"},{"x":1466956800000,"y":343,"sc":"404"},{"x":1467043200000,"y":341,"sc":"404"},{"x":1467129600000,"y":341,"sc":"404"},{"x":1467216000000,"y":336,"sc":"404"},{"x":1467302400000,"y":339,"sc":"404"},{"x":1467561600000,"y":343,"sc":"404"},{"x":1467648000000,"y":340,"sc":"404"},{"x":1467734400000,"y":341,"sc":"404"},{"x":1467820800000,"y":340,"sc":"404"},{"x":1467907200000,"y":339,"sc":"404"},{"x":1468166400000,"y":337,"sc":"404"},{"x":1468252800000,"y":335,"sc":"404"},{"x":1468339200000,"y":335,"sc":"404"},{"x":1468425600000,"y":335,"sc":"404"},{"x":1468512000000,"y":335,"sc":"404"},{"x":1468771200000,"y":333,"sc":"404"},{"x":1468857600000,"y":332,"sc":"404"},{"x":1468944000000,"y":331,"sc":"405"},{"x":1469030400000,"y":331,"sc":"405"},{"x":1469116800000,"y":330,"sc":"405"},{"x":1469376000000,"y":328,"sc":"405"},{"x":1469462400000,"y":330,"sc":"405"},{"x":1469548800000,"y":331,"sc":"405"},{"x":1469635200000,"y":334,"sc":"407"},{"x":1469721600000,"y":336,"sc":"407"},{"x":1469980800000,"y":323,"sc":"407"},{"x":1470067200000,"y":337,"sc":"407"},{"x":1470153600000,"y":337,"sc":"407"},{"x":1470240000000,"y":341,"sc":"409"},{"x":1470326400000,"y":342,"sc":"409"},{"x":1470585600000,"y":348,"sc":"412"},{"x":1470672000000,"y":345,"sc":"413"},{"x":1470758400000,"y":347,"sc":"413"},{"x":1470844800000,"y":347,"sc":"413"},{"x":1470931200000,"y":347,"sc":"413"},{"x":1471190400000,"y":347,"sc":"413"},{"x":1471276800000,"y":346,"sc":"413"},{"x":1471363200000,"y":347,"sc":"414"},{"x":1471449600000,"y":348,"sc":"415"},{"x":1471536000000,"y":347,"sc":"415"},{"x":1471795200000,"y":347,"sc":"416"},{"x":1471881600000,"y":342,"sc":"416"},{"x":1471968000000,"y":338,"sc":"416"},{"x":1472054400000,"y":339,"sc":"416"},{"x":1472140800000,"y":340,"sc":"416"},{"x":1472400000000,"y":337,"sc":"416"},{"x":1472486400000,"y":336,"sc":"416"},{"x":1472572800000,"y":336,"sc":"416"},{"x":1472659200000,"y":331,"sc":"416"},{"x":1472745600000,"y":334,"sc":"417"},{"x":1473004800000,"y":333,"sc":"421"},{"x":1473091200000,"y":328,"sc":"421"},{"x":1473177600000,"y":324,"sc":"421"},{"x":1473264000000,"y":322,"sc":"423"},{"x":1473350400000,"y":321,"sc":"424"},{"x":1473609600000,"y":323,"sc":"424"},{"x":1473696000000,"y":321,"sc":"424"},{"x":1473782400000,"y":327,"sc":"424"},{"x":1474214400000,"y":313,"sc":"424"},{"x":1474300800000,"y":309,"sc":"424"},{"x":1474387200000,"y":305,"sc":"424"},{"x":1474473600000,"y":306,"sc":"427"},{"x":1474560000000,"y":304,"sc":"427"},{"x":1474819200000,"y":305,"sc":"430"},{"x":1474905600000,"y":302,"sc":"430"},{"x":1474992000000,"y":297,"sc":"430"},{"x":1475078400000,"y":308,"sc":"432"},{"x":1475164800000,"y":312,"sc":"432"},{"x":1476028800000,"y":280,"sc":"434"},{"x":1476115200000,"y":277,"sc":"434"},{"x":1476201600000,"y":275,"sc":"435"},{"x":1476288000000,"y":272,"sc":"437"},{"x":1476374400000,"y":270,"sc":"435"},{"x":1476633600000,"y":274,"sc":"436"},{"x":1476720000000,"y":271,"sc":"438"},{"x":1476806400000,"y":264,"sc":"437"},{"x":1476892800000,"y":263,"sc":"437"},{"x":1476979200000,"y":265,"sc":"437"},{"x":1477238400000,"y":260,"sc":"440"},{"x":1477324800000,"y":254,"sc":"440"},{"x":1477411200000,"y":255,"sc":"441"},{"x":1477497600000,"y":255,"sc":"441"},{"x":1477584000000,"y":253,"sc":"445"},{"x":1477843200000,"y":257,"sc":"447"},{"x":1477929600000,"y":251,"sc":"447"},{"x":1478016000000,"y":248,"sc":"447"},{"x":1478102400000,"y":246,"sc":"447"},{"x":1478188800000,"y":243,"sc":"448"},{"x":1478448000000,"y":246,"sc":"450"},{"x":1478534400000,"y":245,"sc":"450"},{"x":1478620800000,"y":241,"sc":"450"},{"x":1478707200000,"y":237,"sc":"450"},{"x":1478793600000,"y":236,"sc":"450"},{"x":1479052800000,"y":238,"sc":"450"},{"x":1479139200000,"y":236,"sc":"450"},{"x":1479225600000,"y":235,"sc":"450"},{"x":1479312000000,"y":228,"sc":"450"},{"x":1479398400000,"y":222,"sc":"450"},{"x":1479657600000,"y":228,"sc":"451"},{"x":1479744000000,"y":226,"sc":"451"},{"x":1479830400000,"y":223,"sc":"451"},{"x":1479916800000,"y":221,"sc":"451"},{"x":1480003200000,"y":219,"sc":"451"},{"x":1480262400000,"y":222,"sc":"451"},{"x":1480348800000,"y":220,"sc":"452"},{"x":1480435200000,"y":214,"sc":"452"},{"x":1480521600000,"y":212,"sc":"452"},{"x":1480608000000,"y":207,"sc":"455"},{"x":1480867200000,"y":220,"sc":"455"},{"x":1480953600000,"y":217,"sc":"455"},{"x":1481040000000,"y":203,"sc":"455"},{"x":1481126400000,"y":203,"sc":"455"},{"x":1481212800000,"y":190,"sc":"456"},{"x":1481472000000,"y":195,"sc":"457"},{"x":1481558400000,"y":192,"sc":"458"},{"x":1481644800000,"y":167,"sc":"458"},{"x":1481731200000,"y":162,"sc":"458"},{"x":1481817600000,"y":158,"sc":"458"},{"x":1482076800000,"y":178,"sc":"458"},{"x":1482163200000,"y":184,"sc":"458"},{"x":1482249600000,"y":169,"sc":"458"},{"x":1482336000000,"y":179,"sc":"459"},{"x":1482422400000,"y":179,"sc":"463"},{"x":1482681600000,"y":197,"sc":"464"},{"x":1482768000000,"y":203,"sc":"464"},{"x":1482854400000,"y":194,"sc":"466"},{"x":1482940800000,"y":196,"sc":"466"},{"x":1483027200000,"y":195,"sc":"469"},{"x":1483372800000,"y":192,"sc":"469"},{"x":1483459200000,"y":190,"sc":"468"},{"x":1483545600000,"y":185,"sc":"469"},{"x":1483632000000,"y":186,"sc":"469"},{"x":1483891200000,"y":234,"sc":"469"},{"x":1483977600000,"y":237,"sc":"469"},{"x":1484064000000,"y":240,"sc":"469"},{"x":1484150400000,"y":246,"sc":"469"},{"x":1484236800000,"y":251,"sc":"469"},{"x":1484496000000,"y":254,"sc":"472"},{"x":1484582400000,"y":256,"sc":"474"},{"x":1484668800000,"y":258,"sc":"476"},{"x":1484755200000,"y":257,"sc":"476"},{"x":1484841600000,"y":267,"sc":"476"},{"x":1485100800000,"y":278,"sc":"481"},{"x":1485187200000,"y":287,"sc":"482"},{"x":1485273600000,"y":296,"sc":"484"},{"x":1485360000000,"y":309,"sc":"485"},{"x":1486051200000,"y":306,"sc":"489"},{"x":1486310400000,"y":311,"sc":"491"},{"x":1486396800000,"y":321,"sc":"491"},{"x":1486483200000,"y":324,"sc":"491"},{"x":1486569600000,"y":325,"sc":"491"},{"x":1486656000000,"y":328,"sc":"494"},{"x":1486915200000,"y":327,"sc":"496"},{"x":1487001600000,"y":337,"sc":"496"},{"x":1487088000000,"y":338,"sc":"496"},{"x":1487174400000,"y":339,"sc":"496"},{"x":1487260800000,"y":349,"sc":"496"},{"x":1487520000000,"y":356,"sc":"496"},{"x":1487606400000,"y":353,"sc":"496"},{"x":1487692800000,"y":349,"sc":"496"},{"x":1487779200000,"y":358,"sc":"498"},{"x":1487865600000,"y":361,"sc":"500"},{"x":1488124800000,"y":365,"sc":"503"},{"x":1488211200000,"y":366,"sc":"503"},{"x":1488297600000,"y":366,"sc":"503"},{"x":1488384000000,"y":373,"sc":"511"},{"x":1488470400000,"y":375,"sc":"511"},{"x":1488729600000,"y":379,"sc":"513"},{"x":1488816000000,"y":384,"sc":"515"},{"x":1488902400000,"y":386,"sc":"516"},{"x":1488988800000,"y":389,"sc":"518"},{"x":1489075200000,"y":391,"sc":"518"},{"x":1489334400000,"y":393,"sc":"518"},{"x":1489420800000,"y":396,"sc":"518"},{"x":1489507200000,"y":399,"sc":"518"},{"x":1489593600000,"y":410,"sc":"520"},{"x":1489680000000,"y":407,"sc":"520"},{"x":1489939200000,"y":416,"sc":"522"},{"x":1490025600000,"y":417,"sc":"522"},{"x":1490112000000,"y":416,"sc":"524"},{"x":1490198400000,"y":425,"sc":"530"},{"x":1490284800000,"y":421,"sc":"530"},{"x":1490544000000,"y":427,"sc":"534"},{"x":1490630400000,"y":424,"sc":"535"},{"x":1490716800000,"y":420,"sc":"535"},{"x":1490803200000,"y":421,"sc":"538"},{"x":1490889600000,"y":421,"sc":"538"},{"x":1491321600000,"y":403,"sc":"538"},{"x":1491408000000,"y":406,"sc":"540"},{"x":1491494400000,"y":411,"sc":"540"},{"x":1491753600000,"y":426,"sc":"540"},{"x":1491840000000,"y":424,"sc":"540"},{"x":1491926400000,"y":427,"sc":"540"},{"x":1492012800000,"y":429,"sc":"541"},{"x":1492099200000,"y":425,"sc":"541"},{"x":1492358400000,"y":432,"sc":"543"},{"x":1492444800000,"y":433,"sc":"543"},{"x":1492531200000,"y":435,"sc":"543"},{"x":1492617600000,"y":435,"sc":"545"},{"x":1492704000000,"y":438,"sc":"545"},{"x":1492963200000,"y":432,"sc":"545"},{"x":1493049600000,"y":432,"sc":"547"},{"x":1493136000000,"y":431,"sc":"549"},{"x":1493222400000,"y":430,"sc":"549"},{"x":1493308800000,"y":426,"sc":"549"},{"x":1493654400000,"y":441,"sc":"549"},{"x":1493740800000,"y":436,"sc":"550"},{"x":1493827200000,"y":435,"sc":"550"},{"x":1493913600000,"y":443,"sc":"550"},{"x":1494172800000,"y":431,"sc":"550"},{"x":1494259200000,"y":432,"sc":"550"},{"x":1494345600000,"y":432,"sc":"550"},{"x":1494432000000,"y":432,"sc":"550"},{"x":1494518400000,"y":442,"sc":"550"},{"x":1494777600000,"y":439,"sc":"554"},{"x":1494864000000,"y":441,"sc":"556"},{"x":1494950400000,"y":438,"sc":"560"},{"x":1495036800000,"y":438,"sc":"560"},{"x":1495123200000,"y":450,"sc":"560"},{"x":1495382400000,"y":452,"sc":"560"},{"x":1495468800000,"y":452,"sc":"562"},{"x":1495555200000,"y":452,"sc":"564"},{"x":1495641600000,"y":451,"sc":"564"},{"x":1495728000000,"y":461,"sc":"564"},{"x":1496160000000,"y":450,"sc":"564"},{"x":1496246400000,"y":451,"sc":"564"},{"x":1496332800000,"y":451,"sc":"564"},{"x":1496592000000,"y":452,"sc":"566"},{"x":1496678400000,"y":453,"sc":"566"},{"x":1496764800000,"y":453,"sc":"566"},{"x":1496851200000,"y":454,"sc":"566"},{"x":1496937600000,"y":457,"sc":"566"},{"x":1497196800000,"y":466,"sc":"574"},{"x":1497283200000,"y":464,"sc":"574"},{"x":1497369600000,"y":468,"sc":"575"},{"x":1497456000000,"y":469,"sc":"575"},{"x":1497542400000,"y":468,"sc":"575"},{"x":1497801600000,"y":475,"sc":"577"},{"x":1497888000000,"y":470,"sc":"577"},{"x":1497974400000,"y":474,"sc":"575"},{"x":1498060800000,"y":473,"sc":"575"},{"x":1498147200000,"y":478,"sc":"576"},{"x":1498406400000,"y":474,"sc":"579"},{"x":1498492800000,"y":465,"sc":"579"},{"x":1498579200000,"y":469,"sc":"579"},{"x":1498665600000,"y":469,"sc":"579"},{"x":1498752000000,"y":485,"sc":"582"},{"x":1499011200000,"y":456,"sc":"582"},{"x":1499097600000,"y":492,"sc":"582"},{"x":1499184000000,"y":501,"sc":"583"},{"x":1499270400000,"y":501,"sc":"583"},{"x":1499356800000,"y":500,"sc":"583"},{"x":1499616000000,"y":502,"sc":"583"},{"x":1499702400000,"y":503,"sc":"583"},{"x":1499788800000,"y":502,"sc":"583"},{"x":1499875200000,"y":502,"sc":"583"},{"x":1499961600000,"y":503,"sc":"586"},{"x":1500220800000,"y":506,"sc":"586"},{"x":1500307200000,"y":508,"sc":"586"},{"x":1500393600000,"y":509,"sc":"589"},{"x":1500480000000,"y":508,"sc":"589"},{"x":1500566400000,"y":505,"sc":"593"},{"x":1500825600000,"y":501,"sc":"593"},{"x":1500912000000,"y":504,"sc":"593"},{"x":1500998400000,"y":505,"sc":"594"},{"x":1501084800000,"y":506,"sc":"594"},{"x":1501171200000,"y":508,"sc":"594"},{"x":1501430400000,"y":497,"sc":"594"},{"x":1501516800000,"y":517,"sc":"594"},{"x":1501603200000,"y":516,"sc":"594"},{"x":1501689600000,"y":513,"sc":"594"},{"x":1501776000000,"y":515,"sc":"594"},{"x":1502035200000,"y":519,"sc":"596"},{"x":1502121600000,"y":521,"sc":"596"},{"x":1502208000000,"y":521,"sc":"596"},{"x":1502294400000,"y":522,"sc":"596"},{"x":1502380800000,"y":524,"sc":"596"},{"x":1502640000000,"y":525,"sc":"596"},{"x":1502726400000,"y":525,"sc":"596"},{"x":1502812800000,"y":526,"sc":"596"},{"x":1502899200000,"y":526,"sc":"596"},{"x":1502985600000,"y":526,"sc":"596"},{"x":1503244800000,"y":524,"sc":"597"},{"x":1503331200000,"y":528,"sc":"597"},{"x":1503417600000,"y":528,"sc":"597"},{"x":1503504000000,"y":528,"sc":"596"},{"x":1503590400000,"y":530,"sc":"596"},{"x":1503849600000,"y":520,"sc":"600"},{"x":1503936000000,"y":520,"sc":"600"},{"x":1504022400000,"y":536,"sc":"600"},{"x":1504108800000,"y":533,"sc":"601"},{"x":1504195200000,"y":534,"sc":"601"},{"x":1504454400000,"y":537,"sc":"601"},{"x":1504540800000,"y":538,"sc":"601"},{"x":1504627200000,"y":540,"sc":"601"},{"x":1504713600000,"y":540,"sc":"601"},{"x":1504800000000,"y":540,"sc":"601"},{"x":1505059200000,"y":541,"sc":"603"},{"x":1505145600000,"y":542,"sc":"603"},{"x":1505232000000,"y":545,"sc":"603"},{"x":1505318400000,"y":546,"sc":"605"},{"x":1505404800000,"y":546,"sc":"605"},{"x":1505664000000,"y":548,"sc":"606"},{"x":1505750400000,"y":548,"sc":"606"},{"x":1505836800000,"y":549,"sc":"603"},{"x":1505923200000,"y":548,"sc":"603"},{"x":1506009600000,"y":549,"sc":"603"},{"x":1506268800000,"y":552,"sc":"603"},{"x":1506355200000,"y":551,"sc":"603"},{"x":1506441600000,"y":559,"sc":"604"},{"x":1506528000000,"y":561,"sc":"604"},{"x":1506614400000,"y":560,"sc":"606"},{"x":1507478400000,"y":552,"sc":"606"},{"x":1507564800000,"y":553,"sc":"607"},{"x":1507651200000,"y":555,"sc":"607"},{"x":1507737600000,"y":556,"sc":"611"},{"x":1507824000000,"y":557,"sc":"611"},{"x":1508083200000,"y":556,"sc":"612"},{"x":1508169600000,"y":556,"sc":"612"},{"x":1508256000000,"y":556,"sc":"611"},{"x":1508342400000,"y":556,"sc":"611"},{"x":1508428800000,"y":558,"sc":"611"},{"x":1508688000000,"y":564,"sc":"606"},{"x":1508774400000,"y":565,"sc":"606"},{"x":1508860800000,"y":567,"sc":"607"},{"x":1508947200000,"y":569,"sc":"607"},{"x":1509033600000,"y":569,"sc":"607"},{"x":1509292800000,"y":572,"sc":"609"},{"x":1509379200000,"y":573,"sc":"610"},{"x":1509465600000,"y":573,"sc":"610"},{"x":1509552000000,"y":577,"sc":"613"},{"x":1509638400000,"y":580,"sc":"617"},{"x":1509897600000,"y":582,"sc":"621"},{"x":1509984000000,"y":582,"sc":"621"},{"x":1510070400000,"y":582,"sc":"621"},{"x":1510156800000,"y":583,"sc":"623"},{"x":1510243200000,"y":584,"sc":"623"},{"x":1510502400000,"y":586,"sc":"633"},{"x":1510588800000,"y":586,"sc":"635"},{"x":1510675200000,"y":587,"sc":"635"},{"x":1510761600000,"y":587,"sc":"635"},{"x":1510848000000,"y":586,"sc":"636"},{"x":1511107200000,"y":596,"sc":"636"},{"x":1511193600000,"y":599,"sc":"636"},{"x":1511280000000,"y":598,"sc":"636"},{"x":1511366400000,"y":600,"sc":"636"},{"x":1511452800000,"y":602,"sc":"637"},{"x":1511712000000,"y":604,"sc":"640"},{"x":1511798400000,"y":604,"sc":"640"},{"x":1511884800000,"y":604,"sc":"640"},{"x":1511971200000,"y":605,"sc":"641"},{"x":1512057600000,"y":604,"sc":"643"},{"x":1512316800000,"y":608,"sc":"643"},{"x":1512403200000,"y":608,"sc":"643"},{"x":1512489600000,"y":608,"sc":"643"},{"x":1512576000000,"y":609,"sc":"644"},{"x":1512662400000,"y":616,"sc":"652"},{"x":1512921600000,"y":618,"sc":"652"},{"x":1513008000000,"y":619,"sc":"653"},{"x":1513094400000,"y":619,"sc":"653"},{"x":1513180800000,"y":619,"sc":"654"},{"x":1513267200000,"y":622,"sc":"656"},{"x":1513526400000,"y":621,"sc":"656"},{"x":1513612800000,"y":623,"sc":"656"},{"x":1513699200000,"y":621,"sc":"656"},{"x":1513785600000,"y":619,"sc":"655"},{"x":1513872000000,"y":618,"sc":"655"},{"x":1514131200000,"y":618,"sc":"655"},{"x":1514217600000,"y":619,"sc":"655"},{"x":1514304000000,"y":618,"sc":"654"},{"x":1514390400000,"y":616,"sc":"655"},{"x":1514476800000,"y":616,"sc":"655"},{"x":1514822400000,"y":602,"sc":"655"},{"x":1514908800000,"y":598,"sc":"655"},{"x":1514995200000,"y":596,"sc":"655"},{"x":1515081600000,"y":596,"sc":"655"},{"x":1515340800000,"y":628,"sc":"655"},{"x":1515427200000,"y":628,"sc":"655"},{"x":1515513600000,"y":629,"sc":"656"},{"x":1515600000000,"y":628,"sc":"657"},{"x":1515686400000,"y":628,"sc":"657"},{"x":1515945600000,"y":629,"sc":"657"},{"x":1516032000000,"y":629,"sc":"657"},{"x":1516118400000,"y":629,"sc":"657"},{"x":1516204800000,"y":630,"sc":"657"},{"x":1516291200000,"y":630,"sc":"657"},{"x":1516550400000,"y":627,"sc":"657"},{"x":1516636800000,"y":627,"sc":"657"},{"x":1516723200000,"y":629,"sc":"657"},{"x":1516809600000,"y":630,"sc":"657"},{"x":1516896000000,"y":630,"sc":"655"},{"x":1517155200000,"y":634,"sc":"656"},{"x":1517241600000,"y":632,"sc":"656"},{"x":1517328000000,"y":635,"sc":"656"},{"x":1517414400000,"y":636,"sc":"656"},{"x":1517500800000,"y":635,"sc":"656"},{"x":1517760000000,"y":635,"sc":"656"},{"x":1517846400000,"y":633,"sc":"656"}];
/*百分比排名*/
var Data_rateInSimilarPersent = [[1425225600000,72.5100],[1425312000000,70.7900],[1425398400000,69.7600],[1425484800000,69.2600],[1425571200000,66.8900],[1425830400000,65.2000],[1425916800000,63.5100],[1426003200000,61.8200],[1426089600000,60.6100],[1426176000000,68.6900],[1426435200000,74.5800],[1426521600000,73.9100],[1426608000000,71.5700],[1426694400000,71.0500],[1426780800000,72.0400],[1427040000000,70.0700],[1427126400000,69.4100],[1427212800000,67.4300],[1427299200000,61.7600],[1427385600000,61.7600],[1427644800000,47.2300],[1427731200000,40.7800],[1427817600000,41.6900],[1427904000000,43.3200],[1427990400000,43.3200],[1428336000000,37.1300],[1428422400000,37.1300],[1428508800000,38.4400],[1428595200000,38.1100],[1428854400000,36.4800],[1428940800000,36.1600],[1429027200000,34.5300],[1429113600000,37.7400],[1429200000000,34.8400],[1429459200000,35.3700],[1429545600000,34.7300],[1429632000000,34.1900],[1429718400000,34.2900],[1429804800000,33.2300],[1430064000000,31.6300],[1430150400000,31.2100],[1430236800000,30.2500],[1430323200000,30.5700],[1430668800000,31.1100],[1430755200000,29.2100],[1430841600000,29.2100],[1430928000000,26.6700],[1431014400000,25.4000],[1431273600000,24.3700],[1431360000000,11.7100],[1431446400000,8.2300],[1431532800000,8.8100],[1431619200000,7.5900],[1431878400000,7.5900],[1431964800000,7.2800],[1432051200000,7.9100],[1432137600000,7.9100],[1432224000000,7.9100],[1432483200000,8.2300],[1432569600000,8.2300],[1432656000000,8.2300],[1432742400000,8.2300],[1432828800000,8.2300],[1433088000000,8.2300],[1433174400000,8.2000],[1433260800000,7.5700],[1433347200000,7.2600],[1433433600000,7.2600],[1433692800000,7.8900],[1433779200000,7.8900],[1433865600000,7.8900],[1433952000000,7.8400],[1434038400000,7.5200],[1434297600000,6.9000],[1434384000000,5.3300],[1434470400000,5.3300],[1434556800000,5.3300],[1434643200000,5.9200],[1434988800000,5.6400],[1435075200000,5.6200],[1435161600000,5.6200],[1435248000000,6.2100],[1435507200000,5.6100],[1435593600000,7.7900],[1435680000000,7.7900],[1435766400000,7.7900],[1435852800000,7.7400],[1436112000000,7.7400],[1436198400000,7.4300],[1436284800000,7.1200],[1436371200000,7.1200],[1436457600000,7.1200],[1436716800000,7.1200],[1436803200000,8.00],[1436889600000,7.4300],[1436976000000,8.00],[1437062400000,7.4300],[1437321600000,7.7400],[1437408000000,7.7400],[1437494400000,7.4300],[1437580800000,7.7400],[1437667200000,8.2800],[1437926400000,7.4100],[1438012800000,7.4100],[1438099200000,7.7200],[1438185600000,8.9200],[1438272000000,8.00],[1438531200000,8.00],[1438617600000,9.4800],[1438704000000,9.2300],[1438790400000,9.2300],[1438876800000,9.7600],[1439136000000,9.7600],[1439222400000,9.7600],[1439308800000,10.0600],[1439395200000,10.0600],[1439481600000,10.9100],[1439740800000,10.9100],[1439827200000,11.4800],[1439913600000,12.0800],[1440000000000,13.6000],[1440086400000,13.6000],[1440345600000,13.6000],[1440432000000,13.9000],[1440518400000,13.8600],[1440604800000,13.5500],[1440691200000,14.6700],[1440950400000,14.7600],[1441036800000,15.0600],[1441123200000,15.0600],[1441555200000,16.5700],[1441641600000,17.1700],[1441728000000,17.1700],[1441814400000,16.9200],[1441900800000,16.6200],[1442160000000,16.8700],[1442246400000,16.8700],[1442332800000,16.8700],[1442419200000,16.8700],[1442505600000,16.8700],[1442764800000,17.3100],[1442851200000,17.0100],[1442937600000,17.0100],[1443024000000,18.2100],[1443110400000,18.4000],[1443369600000,19.3000],[1443456000000,18.7100],[1443542400000,13.4500],[1444233600000,14.8300],[1444320000000,13.9500],[1444579200000,14.0400],[1444665600000,14.1200],[1444752000000,14.0400],[1444838400000,13.7800],[1444924800000,13.7000],[1445184000000,13.1600],[1445270400000,14.3300],[1445356800000,14.5300],[1445443200000,15.0700],[1445529600000,14.4900],[1445788800000,15.0700],[1445875200000,15.6500],[1445961600000,14.7800],[1446048000000,15.0700],[1446134400000,15.5600],[1446393600000,14.7800],[1446480000000,15.3600],[1446566400000,15.0700],[1446652800000,15.0700],[1446739200000,14.4900],[1446998400000,15.5200],[1447084800000,16.8600],[1447171200000,16.6700],[1447257600000,17.2400],[1447344000000,17.7100],[1447603200000,18.00],[1447689600000,19.1400],[1447776000000,19.4300],[1447862400000,19.6000],[1447948800000,19.1400],[1448208000000,18.9800],[1448294400000,20.1100],[1448380800000,19.9400],[1448467200000,20.2300],[1448553600000,21.2500],[1448812800000,21.2500],[1448899200000,21.2500],[1448985600000,21.0800],[1449072000000,21.3700],[1449158400000,22.1000],[1449417600000,21.8100],[1449504000000,21.8100],[1449590400000,21.8100],[1449676800000,22.1000],[1449763200000,22.3800],[1450022400000,21.8700],[1450108800000,21.5900],[1450195200000,22.1600],[1450281600000,22.4400],[1450368000000,21.9400],[1450627200000,21.6500],[1450713600000,26.5000],[1450800000000,26.7800],[1450886400000,26.7800],[1450972800000,29.2600],[1451232000000,28.5300],[1451318400000,31.0700],[1451404800000,32.8700],[1451491200000,32.3000],[1451836800000,34.8300],[1451923200000,35.3900],[1452009600000,35.9600],[1452096000000,28.9300],[1452182400000,30.0600],[1452441600000,30.0600],[1452528000000,30.6200],[1452614400000,30.3400],[1452700800000,30.3400],[1452787200000,31.4600],[1453046400000,30.9000],[1453132800000,31.7400],[1453219200000,31.4600],[1453305600000,31.3700],[1453392000000,31.2800],[1453651200000,31.1100],[1453737600000,31.1100],[1453824000000,31.1100],[1453910400000,31.6700],[1453996800000,32.5000],[1454256000000,33.3300],[1454342400000,33.3300],[1454428800000,32.7800],[1454515200000,33.7000],[1454601600000,33.0600],[1455465600000,33.6000],[1455552000000,33.3300],[1455638400000,33.6000],[1455724800000,33.0600],[1455811200000,33.8800],[1456070400000,33.3300],[1456156800000,33.2400],[1456243200000,34.0500],[1456329600000,34.3200],[1456416000000,33.8700],[1456675200000,34.4000],[1456761600000,34.8400],[1456848000000,34.5700],[1456934400000,33.7800],[1457020800000,33.5100],[1457280000000,33.5100],[1457366400000,32.8900],[1457452800000,32.6300],[1457539200000,31.3200],[1457625600000,30.9700],[1457884800000,29.9200],[1457971200000,28.4200],[1458057600000,28.5300],[1458144000000,28.9800],[1458230400000,28.4600],[1458489600000,27.6800],[1458576000000,22.3400],[1458662400000,22.0800],[1458748800000,21.8200],[1458835200000,19.6900],[1459094400000,20.2000],[1459180800000,17.9000],[1459267200000,17.6500],[1459353600000,16.8400],[1459440000000,16.8400],[1459785600000,17.8600],[1459872000000,17.8600],[1459958400000,17.8600],[1460044800000,16.8400],[1460304000000,16.5000],[1460390400000,15.9900],[1460476800000,15.4800],[1460563200000,14.9700],[1460649600000,14.7200],[1460908800000,14.7200],[1460995200000,14.7200],[1461081600000,13.9600],[1461168000000,13.2000],[1461254400000,13.2000],[1461513600000,13.7100],[1461600000000,13.4500],[1461686400000,13.2000],[1461772800000,13.4500],[1461859200000,13.4500],[1462204800000,13.4500],[1462291200000,13.4500],[1462377600000,15.2500],[1462464000000,15.5000],[1462723200000,17.2500],[1462809600000,17.2500],[1462896000000,17.5000],[1462982400000,18.00],[1463068800000,19.7500],[1463328000000,14.00],[1463414400000,14.2500],[1463500800000,14.00],[1463587200000,14.00],[1463673600000,13.7500],[1463932800000,12.7500],[1464019200000,13.2500],[1464105600000,13.2500],[1464192000000,13.5000],[1464278400000,13.5000],[1464537600000,13.5000],[1464624000000,13.2500],[1464710400000,12.7500],[1464796800000,12.5000],[1464883200000,12.2500],[1465142400000,12.1900],[1465228800000,12.4400],[1465315200000,12.1900],[1465747200000,14.1800],[1465833600000,13.9300],[1465920000000,13.6500],[1466006400000,13.6500],[1466092800000,14.1400],[1466352000000,14.8900],[1466438400000,14.8500],[1466524800000,15.1000],[1466611200000,14.8500],[1466697600000,14.3600],[1466956800000,15.1000],[1467043200000,15.5900],[1467129600000,15.5900],[1467216000000,16.8300],[1467302400000,16.0900],[1467561600000,15.1000],[1467648000000,15.8400],[1467734400000,15.5900],[1467820800000,15.8400],[1467907200000,16.0900],[1468166400000,16.5800],[1468252800000,17.0800],[1468339200000,17.0800],[1468425600000,17.0800],[1468512000000,17.0800],[1468771200000,17.5700],[1468857600000,17.8200],[1468944000000,18.2700],[1469030400000,18.2700],[1469116800000,18.5200],[1469376000000,19.0100],[1469462400000,18.5200],[1469548800000,18.2700],[1469635200000,17.9400],[1469721600000,17.4400],[1469980800000,20.6400],[1470067200000,17.2000],[1470153600000,17.2000],[1470240000000,16.6300],[1470326400000,16.3800],[1470585600000,15.5300],[1470672000000,16.4600],[1470758400000,15.9800],[1470844800000,15.9800],[1470931200000,15.9800],[1471190400000,15.9800],[1471276800000,16.2200],[1471363200000,16.1800],[1471449600000,16.1400],[1471536000000,16.3900],[1471795200000,16.5900],[1471881600000,17.7900],[1471968000000,18.7500],[1472054400000,18.5100],[1472140800000,18.2700],[1472400000000,18.9900],[1472486400000,19.2300],[1472572800000,19.2300],[1472659200000,20.4300],[1472745600000,19.9000],[1473004800000,20.9000],[1473091200000,22.0900],[1473177600000,23.0400],[1473264000000,23.8800],[1473350400000,24.2900],[1473609600000,23.8200],[1473696000000,24.2900],[1473782400000,22.8800],[1474214400000,26.1800],[1474300800000,27.1200],[1474387200000,28.0700],[1474473600000,28.3400],[1474560000000,28.8100],[1474819200000,29.0700],[1474905600000,29.7700],[1474992000000,30.9300],[1475078400000,28.7000],[1475164800000,27.7800],[1476028800000,35.4800],[1476115200000,36.1800],[1476201600000,36.7800],[1476288000000,37.7600],[1476374400000,37.9300],[1476633600000,37.1600],[1476720000000,38.1300],[1476806400000,39.5900],[1476892800000,39.8200],[1476979200000,39.3600],[1477238400000,40.9100],[1477324800000,42.2700],[1477411200000,42.1800],[1477497600000,42.1800],[1477584000000,43.1500],[1477843200000,42.5100],[1477929600000,43.8500],[1478016000000,44.5200],[1478102400000,44.9700],[1478188800000,45.7600],[1478448000000,45.3300],[1478534400000,45.5600],[1478620800000,46.4400],[1478707200000,47.3300],[1478793600000,47.5600],[1479052800000,47.1100],[1479139200000,47.5600],[1479225600000,47.7800],[1479312000000,49.3300],[1479398400000,50.6700],[1479657600000,49.4500],[1479744000000,49.8900],[1479830400000,50.5500],[1479916800000,51.00],[1480003200000,51.4400],[1480262400000,50.7800],[1480348800000,51.3300],[1480435200000,52.6500],[1480521600000,53.1000],[1480608000000,54.5100],[1480867200000,51.6500],[1480953600000,52.3100],[1481040000000,55.3800],[1481126400000,55.3800],[1481212800000,58.3300],[1481472000000,57.3300],[1481558400000,58.0800],[1481644800000,63.5400],[1481731200000,64.6300],[1481817600000,65.5000],[1482076800000,61.1400],[1482163200000,59.8300],[1482249600000,63.1000],[1482336000000,61.00],[1482422400000,61.3400],[1482681600000,57.5400],[1482768000000,56.2500],[1482854400000,58.3700],[1482940800000,57.9400],[1483027200000,58.4200],[1483372800000,59.0600],[1483459200000,59.4000],[1483545600000,60.5500],[1483632000000,60.3400],[1483891200000,50.1100],[1483977600000,49.4700],[1484064000000,48.8300],[1484150400000,47.5500],[1484236800000,46.4800],[1484496000000,46.1900],[1484582400000,45.9900],[1484668800000,45.8000],[1484755200000,46.0100],[1484841600000,43.9100],[1485100800000,42.2000],[1485187200000,40.4600],[1485273600000,38.8400],[1485360000000,36.2900],[1486051200000,37.4200],[1486310400000,36.6600],[1486396800000,34.6200],[1486483200000,34.0100],[1486569600000,33.8100],[1486656000000,33.6000],[1486915200000,34.0700],[1487001600000,32.0600],[1487088000000,31.8500],[1487174400000,31.6500],[1487260800000,29.6400],[1487520000000,28.2300],[1487606400000,28.8300],[1487692800000,29.6400],[1487779200000,28.1100],[1487865600000,27.8000],[1488124800000,27.4400],[1488211200000,27.2400],[1488297600000,27.2400],[1488384000000,27.0100],[1488470400000,26.6100],[1488729600000,26.1200],[1488816000000,25.4400],[1488902400000,25.1900],[1488988800000,24.9000],[1489075200000,24.5200],[1489334400000,24.1300],[1489420800000,23.5500],[1489507200000,22.9700],[1489593600000,21.1500],[1489680000000,21.7300],[1489939200000,20.3100],[1490025600000,20.1100],[1490112000000,20.6100],[1490198400000,19.8100],[1490284800000,20.5700],[1490544000000,20.0400],[1490630400000,20.7500],[1490716800000,21.5000],[1490803200000,21.7500],[1490889600000,21.7500],[1491321600000,25.0900],[1491408000000,24.8100],[1491494400000,23.8900],[1491753600000,21.1100],[1491840000000,21.4800],[1491926400000,20.9300],[1492012800000,20.7000],[1492099200000,21.4400],[1492358400000,20.4400],[1492444800000,20.2600],[1492531200000,19.8900],[1492617600000,20.1800],[1492704000000,19.6300],[1492963200000,20.7300],[1493049600000,21.0200],[1493136000000,21.4900],[1493222400000,21.6800],[1493308800000,22.4000],[1493654400000,19.6700],[1493740800000,20.7300],[1493827200000,20.9100],[1493913600000,19.4500],[1494172800000,21.6400],[1494259200000,21.4500],[1494345600000,21.4500],[1494432000000,21.4500],[1494518400000,19.6400],[1494777600000,20.7600],[1494864000000,20.6800],[1494950400000,21.7900],[1495036800000,21.7900],[1495123200000,19.6400],[1495382400000,19.2900],[1495468800000,19.5700],[1495555200000,19.8600],[1495641600000,20.0400],[1495728000000,18.2600],[1496160000000,20.2100],[1496246400000,20.0400],[1496332800000,20.0400],[1496592000000,20.1400],[1496678400000,19.9600],[1496764800000,19.9600],[1496851200000,19.7900],[1496937600000,19.2600],[1497196800000,18.8200],[1497283200000,19.1600],[1497369600000,18.6100],[1497456000000,18.4300],[1497542400000,18.6100],[1497801600000,17.6800],[1497888000000,18.5400],[1497974400000,17.5700],[1498060800000,17.7400],[1498147200000,17.0100],[1498406400000,18.1300],[1498492800000,19.6900],[1498579200000,19.00],[1498665600000,19.00],[1498752000000,16.6700],[1499011200000,21.6500],[1499097600000,15.4600],[1499184000000,14.0700],[1499270400000,14.0700],[1499356800000,14.2400],[1499616000000,13.8900],[1499702400000,13.7200],[1499788800000,13.8900],[1499875200000,13.8900],[1499961600000,14.1600],[1500220800000,13.6500],[1500307200000,13.3100],[1500393600000,13.5800],[1500480000000,13.7500],[1500566400000,14.8400],[1500825600000,15.5100],[1500912000000,15.0100],[1500998400000,14.9800],[1501084800000,14.8100],[1501171200000,14.4800],[1501430400000,16.3300],[1501516800000,12.9600],[1501603200000,13.1300],[1501689600000,13.6400],[1501776000000,13.3000],[1502035200000,12.9200],[1502121600000,12.5800],[1502208000000,12.5800],[1502294400000,12.4200],[1502380800000,12.0800],[1502640000000,11.9100],[1502726400000,11.9100],[1502812800000,11.7400],[1502899200000,11.7400],[1502985600000,11.7400],[1503244800000,12.2300],[1503331200000,11.5600],[1503417600000,11.5600],[1503504000000,11.4100],[1503590400000,11.0700],[1503849600000,13.3300],[1503936000000,13.3300],[1504022400000,10.6700],[1504108800000,11.3100],[1504195200000,11.1500],[1504454400000,10.6500],[1504540800000,10.4800],[1504627200000,10.1500],[1504713600000,10.1500],[1504800000000,10.1500],[1505059200000,10.2800],[1505145600000,10.1200],[1505232000000,9.6200],[1505318400000,9.7500],[1505404800000,9.7500],[1505664000000,9.5700],[1505750400000,9.5700],[1505836800000,8.9600],[1505923200000,9.1200],[1506009600000,8.9600],[1506268800000,8.4600],[1506355200000,8.6200],[1506441600000,7.4500],[1506528000000,7.1200],[1506614400000,7.5900],[1507478400000,8.9100],[1507564800000,8.9000],[1507651200000,8.5700],[1507737600000,9.00],[1507824000000,8.8400],[1508083200000,9.1500],[1508169600000,9.1500],[1508256000000,9.00],[1508342400000,9.00],[1508428800000,8.6700],[1508688000000,6.9300],[1508774400000,6.7700],[1508860800000,6.5900],[1508947200000,6.2600],[1509033600000,6.2600],[1509292800000,6.0800],[1509379200000,6.0700],[1509465600000,6.0700],[1509552000000,5.8700],[1509638400000,6.00],[1509897600000,6.2800],[1509984000000,6.2800],[1510070400000,6.2800],[1510156800000,6.4200],[1510243200000,6.2600],[1510502400000,7.4200],[1510588800000,7.7200],[1510675200000,7.5600],[1510761600000,7.5600],[1510848000000,7.8600],[1511107200000,6.2900],[1511193600000,5.8200],[1511280000000,5.9700],[1511366400000,5.6600],[1511452800000,5.4900],[1511712000000,5.6200],[1511798400000,5.6200],[1511884800000,5.6200],[1511971200000,5.6200],[1512057600000,6.0700],[1512316800000,5.4400],[1512403200000,5.4400],[1512489600000,5.4400],[1512576000000,5.4300],[1512662400000,5.5200],[1512921600000,5.2100],[1513008000000,5.2100],[1513094400000,5.2100],[1513180800000,5.3500],[1513267200000,5.1800],[1513526400000,5.3400],[1513612800000,5.0300],[1513699200000,5.3400],[1513785600000,5.5000],[1513872000000,5.6500],[1514131200000,5.6500],[1514217600000,5.5000],[1514304000000,5.5000],[1514390400000,5.9500],[1514476800000,5.9500],[1514822400000,8.0900],[1514908800000,8.7000],[1514995200000,9.0100],[1515081600000,9.0100],[1515340800000,4.1200],[1515427200000,4.1200],[1515513600000,4.1200],[1515600000000,4.4100],[1515686400000,4.4100],[1515945600000,4.2600],[1516032000000,4.2600],[1516118400000,4.2600],[1516204800000,4.1100],[1516291200000,4.1100],[1516550400000,4.5700],[1516636800000,4.5700],[1516723200000,4.2600],[1516809600000,4.1100],[1516896000000,3.8200],[1517155200000,3.3500],[1517241600000,3.6600],[1517328000000,3.2000],[1517414400000,3.0500],[1517500800000,3.2000],[1517760000000,3.2000],[1517846400000,3.5100]];
/*规模变动*/
var Data_fluctuationScale = {"categories":["2016-12-31","2017-03-31","2017-06-30","2017-09-30","2017-12-31"],"series":[{"y":45.49,"mom":"-36.99%"},{"y":25.62,"mom":"-43.68%"},{"y":17.82,"mom":"-30.43%"},{"y":15.12,"mom":"-15.18%"},{"y":8.71,"mom":"-42.39%"}]};;
/*持有人结构*/
var Data_holderStructure = {"series":[{"name":"机构持有比例","data":[74.75,84.36,68.47,57.06]},{"name":"个人持有比例","data":[25.25,15.64,31.53,42.94]},{"name":"内部持有比例","data":[0.0,0.0,0.0,0.0]}],"categories":["2015-12-31","2016-06-30","2016-12-31","2017-06-30"]};
/*申购赎回*/
var Data_assetAllocation ={"series":[{"name":"期间申购","data":[0.02,0.00,0.01,0.01]},{"name":"期间赎回","data":[0.22,0.08,0.04,0.07]},{"name":"总份额","data":[0.26,0.18,0.15,0.09]}],"categories":["2017-03-31","2017-06-30","2017-09-30","2017-12-31"]};
/*现任基金经理*/
var Data_currentFundManager = [{"id":"30196303","pic":"https://pdf.dfcfw.com/pdf/H8_JPG30196303_1.jpg","name":"石大怿","star":5,"workTime":"5年又74天","fundSize":"3034.48亿(30只基金)","power":{"avr":"89.23","categories":["经验值","收益率","影响力","稳定性","管理规模"],"dsc":["反映基金经理从业年限和管理基金的经验","根据基金经理投资的阶段收益评分，反映\u003cbr\u003e基金经理投资的盈利能力","根据基金经理所管理基金的机构和个人投\u003cbr\u003e资者持有比例评分","反映基金经理投资收益的波动","根据基金经理现任管理基金资产规模评分"],"data":[84.20,96.80,76.50,80.20,96.20],"jzrq":"2018-02-06"},"profit":{"categories":["任期收益","同类平均"],"series":[{"data":[{"name":null,"color":"#7cb5ec","y":10.102},{"name":null,"color":"#414c7b","y":11.2}]}],"jzrq":"2018-02-06"}}] ;
/*同类型基金涨幅榜（页面底部通栏）*/
var swithSameType = [['002895_华夏天利货币B_5.8750','002894_华夏天利货币A_5.6210','005151_红土创新优淳货币B_5.6080','005150_红土创新优淳货币A_5.3810','000902_国开货币B_5.3390'],['002895_华夏天利货币B_5.26','005151_红土创新优淳货币B_5.22','004973_长城收益宝货币B_5.08','002894_华夏天利货币A_5.01','001895_泰达宏利活期友货币B_5.00'],['004973_长城收益宝货币B_5.05','005151_红土创新优淳货币B_5.04','004770_海富通添益货币A_4.99','002884_华润元大现金通货币B_4.98','002895_华夏天利货币B_4.89'],['004770_海富通添益货币A_5.39','004973_长城收益宝货币B_5.13','002895_华夏天利货币B_5.03','004398_融通现金宝货币B_5.03','002884_华润元大现金通货币B_5.02'],['003679_中融现金增利货币C_4.67','003474_南方天天利货币B_4.55','000836_国投瑞银钱多宝货币A_4.52','000837_国投瑞银钱多宝货币I_4.52','003753_工银如意货币B_4.51']];