/**
 * 测试数据
 * @type {arry}
 */
/*2018-02-07 18:01:34*/
//基金或股票信息
var fS_name = "博时兴荣货币";
var fS_code = "004282";
var fund_minsg="100";
var ishb=true;
/*原费率*/
var fund_sourceRate="0";
/*现费率*/
var fund_Rate="0";
/*最小申购金额*/
var fund_minsg="100";
/*收益率*/
/*近一年收益率*/
var syl_1n="";
/*近6月收益率*/
var syl_6y="2.329";
/*近三月收益率*/
var syl_3y="1.1859";
/*近一月收益率*/
var syl_1y="0.41";
/* 基金收益走势图 每万份收益*/
var Data_millionCopiesIncome = [[1487865600000,0.8502],[1487952000000,0.3372],[1488038400000,0.3372],[1488124800000,1.6673],[1488211200000,1.0672],[1488297600000,1.0668],[1488384000000,1.0669],[1488470400000,1.0658],[1488556800000,1.0667],[1488643200000,1.0666],[1488729600000,1.0662],[1488816000000,1.0568],[1488902400000,1.0562],[1488988800000,1.0437],[1489075200000,1.0267],[1489161600000,1.0196],[1489248000000,1.0195],[1489334400000,1.0397],[1489420800000,1.0297],[1489507200000,1.03],[1489593600000,1.0299],[1489680000000,1.1113],[1489766400000,1.0412],[1489852800000,1.0411],[1489939200000,1.0587],[1490025600000,1.079],[1490112000000,1.1739],[1490198400000,1.1529],[1490284800000,1.1488],[1490371200000,1.1491],[1490457600000,1.1489],[1490544000000,1.1488],[1490630400000,1.1488],[1490716800000,1.1487],[1490803200000,1.1486],[1490889600000,1.1608],[1490976000000,1.1611],[1491062400000,1.1609],[1491148800000,1.1608],[1491235200000,1.1606],[1491321600000,1.1375],[1491408000000,1.1367],[1491494400000,1.1353],[1491580800000,1.1373],[1491667200000,1.1371],[1491753600000,1.137],[1491840000000,1.1364],[1491926400000,1.129],[1492012800000,1.1294],[1492099200000,1.1293],[1492185600000,1.1291],[1492272000000,1.129],[1492358400000,1.1288],[1492444800000,1.1287],[1492531200000,1.1425],[1492617600000,1.1427],[1492704000000,1.1446],[1492790400000,1.1426],[1492876800000,1.1425],[1492963200000,1.1423],[1493049600000,1.1422],[1493136000000,1.1674],[1493222400000,1.1672],[1493308800000,1.1674],[1493395200000,1.1672],[1493481600000,1.1671],[1493568000000,1.167],[1493654400000,1.1668],[1493740800000,1.1523],[1493827200000,1.1523],[1493913600000,1.1475],[1494000000000,1.1473],[1494086400000,1.1472],[1494172800000,1.1559],[1494259200000,1.1561],[1494345600000,1.1386],[1494432000000,1.1388],[1494518400000,1.1387],[1494604800000,1.1385],[1494691200000,1.1384],[1494777600000,1.1382],[1494864000000,1.1381],[1494950400000,1.1397],[1495036800000,1.1396],[1495123200000,1.1395],[1495209600000,1.1394],[1495296000000,1.1393],[1495382400000,1.138],[1495468800000,1.139],[1495555200000,1.1344],[1495641600000,1.1346],[1495728000000,1.1339],[1495814400000,1.1341],[1495900800000,1.134],[1495987200000,1.1338],[1496073600000,1.1337],[1496160000000,1.1381],[1496246400000,1.1383],[1496332800000,1.138],[1496419200000,1.1382],[1496505600000,1.138],[1496592000000,1.1377],[1496678400000,1.1362],[1496764800000,1.133],[1496851200000,1.1332],[1496937600000,1.2316],[1497024000000,1.2341],[1497110400000,1.234],[1497196800000,1.239],[1497283200000,1.2726],[1497369600000,1.3165],[1497456000000,1.2991],[1497542400000,1.2946],[1497628800000,1.2948],[1497715200000,1.2947],[1497801600000,1.3374],[1497888000000,1.3344],[1497974400000,1.3347],[1498060800000,1.2545],[1498147200000,1.2864],[1498233600000,1.287],[1498320000000,1.2868],[1498406400000,1.2863],[1498492800000,1.2878],[1498579200000,1.2874],[1498665600000,1.2872],[1498752000000,1.2515],[1498838400000,1.2514],[1498924800000,1.2513],[1499011200000,1.2784],[1499097600000,1.2787],[1499184000000,1.299],[1499270400000,1.2988],[1499356800000,1.3202],[1499443200000,1.3202],[1499529600000,1.3201],[1499616000000,1.3085],[1499702400000,1.3048],[1499788800000,1.3031],[1499875200000,1.305],[1499961600000,1.3024],[1500048000000,1.3023],[1500134400000,1.2943],[1500220800000,1.3057],[1500307200000,1.3034],[1500393600000,1.3047],[1500480000000,1.3004],[1500566400000,1.296],[1500652800000,1.2959],[1500739200000,1.2958],[1500825600000,1.2876],[1500912000000,1.2798],[1500998400000,1.2808],[1501084800000,1.2799],[1501171200000,1.2753],[1501257600000,1.2751999999999999],[1501344000000,1.2751],[1501430400000,1.2768],[1501516800000,1.2661],[1501603200000,1.2748],[1501689600000,1.283],[1501776000000,1.285],[1501862400000,1.2852],[1501948800000,1.2851],[1502035200000,1.2825],[1502121600000,1.2935],[1502208000000,1.2951],[1502294400000,1.2942],[1502380800000,1.2988],[1502467200000,1.2988],[1502553600000,1.2987],[1502640000000,1.2955],[1502726400000,1.2866],[1502812800000,1.2849],[1502899200000,1.2853],[1502985600000,1.2848],[1503072000000,1.2849],[1503158400000,1.2848],[1503244800000,1.2816],[1503331200000,1.2768],[1503417600000,1.2758],[1503504000000,1.2908],[1503590400000,1.288],[1503676800000,1.2881],[1503763200000,1.288],[1503849600000,1.2913],[1503936000000,1.2759],[1504022400000,1.2716],[1504108800000,1.2732],[1504195200000,1.2725],[1504281600000,1.2727],[1504368000000,1.2725],[1504454400000,1.2719],[1504540800000,1.2709],[1504627200000,1.2703],[1504713600000,1.2874],[1504800000000,1.2671],[1504886400000,1.2672],[1504972800000,1.2671],[1505059200000,1.204],[1505145600000,1.2211],[1505232000000,1.2233],[1505318400000,1.2237],[1505404800000,1.1612],[1505491200000,1.1622],[1505577600000,1.1621],[1505664000000,1.1811],[1505750400000,1.1817],[1505836800000,1.1826],[1505923200000,1.1828],[1506009600000,1.1835],[1506096000000,1.1837],[1506182400000,1.1836],[1506268800000,1.1886],[1506355200000,1.1964],[1506441600000,1.1967],[1506528000000,1.1991],[1506614400000,1.1993],[1506700800000,1.1993],[1506787200000,1.1992],[1506873600000,1.1991],[1506960000000,1.199],[1507046400000,1.1989],[1507132800000,1.1988],[1507219200000,1.1987],[1507305600000,1.1986],[1507392000000,1.1985],[1507478400000,1.1985],[1507564800000,1.1542],[1507651200000,1.1921],[1507737600000,1.1897],[1507824000000,1.1894],[1507910400000,1.1894],[1507996800000,1.1893],[1508083200000,1.1661],[1508169600000,1.1607],[1508256000000,1.1603],[1508342400000,1.161],[1508428800000,1.1612],[1508515200000,1.1612],[1508601600000,1.1611],[1508688000000,1.1626],[1508774400000,1.1625],[1508860800000,1.1625],[1508947200000,1.1629],[1509033600000,1.1631],[1509120000000,1.1632],[1509206400000,1.1631],[1509292800000,1.1883],[1509379200000,1.189],[1509465600000,1.1893],[1509552000000,1.1888],[1509638400000,1.1891],[1509724800000,1.1891],[1509811200000,1.189],[1509897600000,1.1588],[1509984000000,1.1595],[1510070400000,1.1599],[1510156800000,1.1598],[1510243200000,1.1599],[1510329600000,1.1599],[1510416000000,1.1598],[1510502400000,1.1715],[1510588800000,1.1721],[1510675200000,1.1719],[1510761600000,1.1719],[1510848000000,1.1721],[1510934400000,1.172],[1511020800000,1.1719],[1511107200000,1.17],[1511193600000,1.1702],[1511280000000,1.1712],[1511366400000,1.1714],[1511452800000,1.171],[1511539200000,1.171],[1511625600000,1.1709],[1511712000000,1.1944],[1511798400000,1.1957],[1511884800000,1.1959],[1511971200000,1.1959],[1512057600000,1.1959],[1512144000000,1.1958],[1512230400000,1.1957],[1512316800000,1.1628],[1512403200000,1.1627],[1512489600000,1.163],[1512576000000,1.1631],[1512662400000,1.1634],[1512748800000,1.0187],[1512835200000,1.0186],[1512921600000,1.2252],[1513008000000,1.2224],[1513094400000,1.2237],[1513180800000,1.2648],[1513267200000,1.2509],[1513353600000,1.2529],[1513440000000,1.2528],[1513526400000,1.2576],[1513612800000,1.3414],[1513699200000,1.3312],[1513785600000,1.3304],[1513872000000,1.3284],[1513958400000,1.328],[1514044800000,1.3279],[1514131200000,1.3277],[1514217600000,1.3285],[1514304000000,1.6532],[1514390400000,1.6039],[1514476800000,1.5846],[1514563200000,1.5848],[1514649600000,1.5846],[1514736000000,1.5871],[1514822400000,1.5866],[1514908800000,1.5865],[1514995200000,1.3466],[1515081600000,1.3393],[1515168000000,1.3396],[1515254400000,1.3394],[1515340800000,1.3392],[1515427200000,1.339],[1515513600000,1.339],[1515600000000,1.344],[1515686400000,1.3425],[1515772800000,1.3426],[1515859200000,1.3425],[1515945600000,1.3424],[1516032000000,1.3421],[1516118400000,1.3421],[1516204800000,1.36],[1516291200000,1.3369],[1516377600000,1.3439],[1516464000000,1.3438],[1516550400000,1.3392],[1516636800000,1.3403],[1516723200000,1.3469],[1516809600000,1.3129],[1516896000000,1.3146],[1516982400000,1.311],[1517068800000,1.1936],[1517155200000,1.2865],[1517241600000,1.3035],[1517328000000,1.3036],[1517414400000,1.3035],[1517500800000,1.2973],[1517587200000,1.291],[1517673600000,1.2908],[1517760000000,1.2775],[1517846400000,1.277]];
/*基金收益走势图   7日年化收益率*/
var Data_sevenDaysYearIncome = [[1487865600000,3.152],[1487952000000,2.191],[1488038400000,1.872],[1488124800000,2.324],[1488211200000,2.651],[1488297600000,2.87],[1488384000000,3.026],[1488470400000,3.142],[1488556800000,3.535],[1488643200000,3.93],[1488729600000,3.97],[1488816000000,3.964],[1488902400000,3.958],[1488988800000,3.946],[1489075200000,3.925],[1489161600000,3.899],[1489248000000,3.873],[1489334400000,3.859],[1489420800000,3.844],[1489507200000,3.83],[1489593600000,3.823],[1489680000000,3.869],[1489766400000,3.88],[1489852800000,3.892],[1489939200000,3.902],[1490025600000,3.929],[1490112000000,4.007],[1490198400000,4.074],[1490284800000,4.094],[1490371200000,4.153],[1490457600000,4.211],[1490544000000,4.26],[1490630400000,4.298],[1490716800000,4.284],[1490803200000,4.282],[1490889600000,4.289],[1490976000000,4.295],[1491062400000,4.302],[1491148800000,4.308],[1491235200000,4.315],[1491321600000,4.309],[1491408000000,4.302],[1491494400000,4.288],[1491580800000,4.275],[1491667200000,4.262],[1491753600000,4.249],[1491840000000,4.236],[1491926400000,4.232],[1492012800000,4.228],[1492099200000,4.224],[1492185600000,4.22],[1492272000000,4.215],[1492358400000,4.211],[1492444800000,4.207],[1492531200000,4.214],[1492617600000,4.221],[1492704000000,4.23],[1492790400000,4.237],[1492876800000,4.244],[1492963200000,4.252],[1493049600000,4.259],[1493136000000,4.273],[1493222400000,4.286],[1493308800000,4.298],[1493395200000,4.312],[1493481600000,4.325],[1493568000000,4.339],[1493654400000,4.352],[1493740800000,4.344],[1493827200000,4.336],[1493913600000,4.325],[1494000000000,4.314],[1494086400000,4.303],[1494172800000,4.297],[1494259200000,4.291],[1494345600000,4.284],[1494432000000,4.276],[1494518400000,4.272],[1494604800000,4.267],[1494691200000,4.262],[1494777600000,4.253],[1494864000000,4.243],[1494950400000,4.243],[1495036800000,4.244],[1495123200000,4.244],[1495209600000,4.245],[1495296000000,4.245],[1495382400000,4.245],[1495468800000,4.246],[1495555200000,4.243],[1495641600000,4.24],[1495728000000,4.237],[1495814400000,4.234],[1495900800000,4.231],[1495987200000,4.229],[1496073600000,4.226],[1496160000000,4.228],[1496246400000,4.23],[1496332800000,4.232],[1496419200000,4.234],[1496505600000,4.237],[1496592000000,4.239],[1496678400000,4.24],[1496764800000,4.237],[1496851200000,4.235],[1496937600000,4.285],[1497024000000,4.338],[1497110400000,4.39],[1497196800000,4.445],[1497283200000,4.519],[1497369600000,4.619],[1497456000000,4.71],[1497542400000,4.744],[1497628800000,4.777],[1497715200000,4.811],[1497801600000,4.864],[1497888000000,4.898],[1497974400000,4.908],[1498060800000,4.884],[1498147200000,4.879],[1498233600000,4.875],[1498320000000,4.871],[1498406400000,4.843],[1498492800000,4.817],[1498579200000,4.791],[1498665600000,4.809],[1498752000000,4.79],[1498838400000,4.771],[1498924800000,4.751],[1499011200000,4.747],[1499097600000,4.742],[1499184000000,4.748],[1499270400000,4.755],[1499356800000,4.792],[1499443200000,4.83],[1499529600000,4.867],[1499616000000,4.884],[1499702400000,4.898],[1499788800000,4.9],[1499875200000,4.904],[1499961600000,4.894],[1500048000000,4.884],[1500134400000,4.87],[1500220800000,4.869],[1500307200000,4.868],[1500393600000,4.869],[1500480000000,4.866],[1500566400000,4.863],[1500652800000,4.859],[1500739200000,4.86],[1500825600000,4.85],[1500912000000,4.837],[1500998400000,4.824],[1501084800000,4.813],[1501171200000,4.802],[1501257600000,4.79],[1501344000000,4.779],[1501430400000,4.773],[1501516800000,4.766],[1501603200000,4.762],[1501689600000,4.764],[1501776000000,4.769],[1501862400000,4.775],[1501948800000,4.78],[1502035200000,4.783],[1502121600000,4.798],[1502208000000,4.81],[1502294400000,4.816],[1502380800000,4.823],[1502467200000,4.831],[1502553600000,4.838],[1502640000000,4.845],[1502726400000,4.841],[1502812800000,4.836],[1502899200000,4.831],[1502985600000,4.823],[1503072000000,4.816],[1503158400000,4.808],[1503244800000,4.801],[1503331200000,4.795],[1503417600000,4.79],[1503504000000,4.793],[1503590400000,4.795],[1503676800000,4.797],[1503763200000,4.798],[1503849600000,4.804],[1503936000000,4.803],[1504022400000,4.801],[1504108800000,4.791],[1504195200000,4.783],[1504281600000,4.774],[1504368000000,4.766],[1504454400000,4.755],[1504540800000,4.753],[1504627200000,4.752],[1504713600000,4.76],[1504800000000,4.757],[1504886400000,4.754],[1504972800000,4.751],[1505059200000,4.714],[1505145600000,4.687],[1505232000000,4.661],[1505318400000,4.626],[1505404800000,4.568],[1505491200000,4.511],[1505577600000,4.454],[1505664000000,4.441],[1505750400000,4.42],[1505836800000,4.398],[1505923200000,4.376],[1506009600000,4.388],[1506096000000,4.399],[1506182400000,4.411],[1506268800000,4.415],[1506355200000,4.423],[1506441600000,4.431],[1506528000000,4.44],[1506614400000,4.448],[1506700800000,4.457],[1506787200000,4.465],[1506873600000,4.471],[1506960000000,4.473],[1507046400000,4.474],[1507132800000,4.474],[1507219200000,4.473],[1507305600000,4.473],[1507392000000,4.472],[1507478400000,4.472],[1507564800000,4.448],[1507651200000,4.444],[1507737600000,4.439],[1507824000000,4.434],[1507910400000,4.429],[1507996800000,4.424],[1508083200000,4.406],[1508169600000,4.41],[1508256000000,4.393],[1508342400000,4.377],[1508428800000,4.362],[1508515200000,4.346],[1508601600000,4.331],[1508688000000,4.329],[1508774400000,4.33],[1508860800000,4.331],[1508947200000,4.332],[1509033600000,4.333],[1509120000000,4.334],[1509206400000,4.335],[1509292800000,4.349],[1509379200000,4.364],[1509465600000,4.378],[1509552000000,4.393],[1509638400000,4.407],[1509724800000,4.421],[1509811200000,4.435],[1509897600000,4.419],[1509984000000,4.403],[1510070400000,4.387],[1510156800000,4.371],[1510243200000,4.355],[1510329600000,4.339],[1510416000000,4.323],[1510502400000,4.33],[1510588800000,4.337],[1510675200000,4.344],[1510761600000,4.35],[1510848000000,4.357],[1510934400000,4.363],[1511020800000,4.37],[1511107200000,4.369],[1511193600000,4.368],[1511280000000,4.368],[1511366400000,4.368],[1511452800000,4.367],[1511539200000,4.366],[1511625600000,4.366],[1511712000000,4.379],[1511798400000,4.393],[1511884800000,4.406],[1511971200000,4.42],[1512057600000,4.433],[1512144000000,4.447],[1512230400000,4.46],[1512316800000,4.443],[1512403200000,4.425],[1512489600000,4.407],[1512576000000,4.389],[1512662400000,4.372],[1512748800000,4.275],[1512835200000,4.179],[1512921600000,4.213],[1513008000000,4.245],[1513094400000,4.278],[1513180800000,4.334],[1513267200000,4.381],[1513353600000,4.509],[1513440000000,4.637],[1513526400000,4.654],[1513612800000,4.719],[1513699200000,4.778],[1513785600000,4.814],[1513872000000,4.856],[1513958400000,4.897],[1514044800000,4.938],[1514131200000,4.977],[1514217600000,4.97],[1514304000000,5.146],[1514390400000,5.296],[1514476800000,5.437],[1514563200000,5.578],[1514649600000,5.719],[1514736000000,5.862],[1514822400000,6.005],[1514908800000,5.968],[1514995200000,5.826],[1515081600000,5.691],[1515168000000,5.556],[1515254400000,5.421],[1515340800000,5.285],[1515427200000,5.149],[1515513600000,5.013],[1515600000000,5.012],[1515686400000,5.014],[1515772800000,5.015],[1515859200000,5.017],[1515945600000,5.019],[1516032000000,5.021],[1516118400000,5.022],[1516204800000,5.031],[1516291200000,5.028],[1516377600000,5.029],[1516464000000,5.029],[1516550400000,5.028],[1516636800000,5.027],[1516723200000,5.029],[1516809600000,5.003],[1516896000000,4.991],[1516982400000,4.973],[1517068800000,4.891],[1517155200000,4.862],[1517241600000,4.842],[1517328000000,4.818],[1517414400000,4.813],[1517500800000,4.804],[1517587200000,4.793],[1517673600000,4.846],[1517760000000,4.841],[1517846400000,4.827]];
/*资产配置*/
var Data_assetAllocationCurrency ={"categories":["12-31","09-30","06-30"],"series":[{"name":"股票","data":[null,null,null]},{"name":"债券","data":[18.81,32.8,28.68]},{"name":"现金","data":[65.42,61.07,76.18]}]};
/*累计收益率走势*/
var Data_grandTotal = [{"name":"博时兴荣货币","data":[[1501948800000,0],[1502035200000,0.01],[1502121600000,0.03],[1502208000000,0.04],[1502294400000,0.05],[1502380800000,0.06],[1502467200000,0.08],[1502553600000,0.09],[1502640000000,0.10],[1502726400000,0.12],[1502812800000,0.13],[1502899200000,0.14],[1502985600000,0.16],[1503072000000,0.17],[1503158400000,0.18],[1503244800000,0.19],[1503331200000,0.21],[1503417600000,0.22],[1503504000000,0.23],[1503590400000,0.25],[1503676800000,0.26],[1503763200000,0.27],[1503849600000,0.28],[1503936000000,0.30],[1504022400000,0.31],[1504108800000,0.32],[1504195200000,0.33],[1504281600000,0.35],[1504368000000,0.36],[1504454400000,0.37],[1504540800000,0.39],[1504627200000,0.40],[1504713600000,0.41],[1504800000000,0.42],[1504886400000,0.44],[1504972800000,0.45],[1505059200000,0.46],[1505145600000,0.47],[1505232000000,0.49],[1505318400000,0.50],[1505404800000,0.51],[1505491200000,0.52],[1505577600000,0.53],[1505664000000,0.55],[1505750400000,0.56],[1505836800000,0.57],[1505923200000,0.58],[1506009600000,0.59],[1506096000000,0.61],[1506182400000,0.62],[1506268800000,0.63],[1506355200000,0.64],[1506441600000,0.65],[1506528000000,0.67],[1506614400000,0.68],[1506700800000,0.69],[1506787200000,0.70],[1506873600000,0.71],[1506960000000,0.73],[1507046400000,0.74],[1507132800000,0.75],[1507219200000,0.76],[1507305600000,0.77],[1507392000000,0.79],[1507478400000,0.80],[1507564800000,0.81],[1507651200000,0.82],[1507737600000,0.83],[1507824000000,0.85],[1507910400000,0.86],[1507996800000,0.87],[1508083200000,0.88],[1508169600000,0.89],[1508256000000,0.90],[1508342400000,0.92],[1508428800000,0.93],[1508515200000,0.94],[1508601600000,0.95],[1508688000000,0.96],[1508774400000,0.98],[1508860800000,0.99],[1508947200000,1.00],[1509033600000,1.01],[1509120000000,1.02],[1509206400000,1.03],[1509292800000,1.05],[1509379200000,1.06],[1509465600000,1.07],[1509552000000,1.08],[1509638400000,1.09],[1509724800000,1.11],[1509811200000,1.12],[1509897600000,1.13],[1509984000000,1.14],[1510070400000,1.15],[1510156800000,1.16],[1510243200000,1.18],[1510329600000,1.19],[1510416000000,1.20],[1510502400000,1.21],[1510588800000,1.22],[1510675200000,1.24],[1510761600000,1.25],[1510848000000,1.26],[1510934400000,1.27],[1511020800000,1.28],[1511107200000,1.30],[1511193600000,1.31],[1511280000000,1.32],[1511366400000,1.33],[1511452800000,1.34],[1511539200000,1.35],[1511625600000,1.37],[1511712000000,1.38],[1511798400000,1.39],[1511884800000,1.40],[1511971200000,1.41],[1512057600000,1.43],[1512144000000,1.44],[1512230400000,1.45],[1512316800000,1.46],[1512403200000,1.47],[1512489600000,1.49],[1512576000000,1.50],[1512662400000,1.51],[1512748800000,1.52],[1512835200000,1.53],[1512921600000,1.54],[1513008000000,1.56],[1513094400000,1.57],[1513180800000,1.58],[1513267200000,1.59],[1513353600000,1.61],[1513440000000,1.62],[1513526400000,1.63],[1513612800000,1.65],[1513699200000,1.66],[1513785600000,1.67],[1513872000000,1.69],[1513958400000,1.70],[1514044800000,1.71],[1514131200000,1.73],[1514217600000,1.74],[1514304000000,1.76],[1514390400000,1.77],[1514476800000,1.79],[1514563200000,1.81],[1514649600000,1.82],[1514736000000,1.84],[1514822400000,1.85],[1514908800000,1.87],[1514995200000,1.88],[1515081600000,1.90],[1515168000000,1.91],[1515254400000,1.92],[1515340800000,1.94],[1515427200000,1.95],[1515513600000,1.97],[1515600000000,1.98],[1515686400000,1.99],[1515772800000,2.01],[1515859200000,2.02],[1515945600000,2.03],[1516032000000,2.05],[1516118400000,2.06],[1516204800000,2.08],[1516291200000,2.09],[1516377600000,2.10],[1516464000000,2.12],[1516550400000,2.13],[1516636800000,2.14],[1516723200000,2.16],[1516809600000,2.17],[1516896000000,2.18],[1516982400000,2.20],[1517068800000,2.21],[1517155200000,2.22],[1517241600000,2.24],[1517328000000,2.25],[1517414400000,2.26],[1517500800000,2.28],[1517587200000,2.29],[1517673600000,2.30],[1517760000000,2.32],[1517846400000,2.33]]},{"name":"同类平均","data":[[1502035200000,0],[1502121600000,0.01],[1502208000000,0.02],[1502294400000,0.03],[1502380800000,0.04],[1502640000000,0.07],[1502726400000,0.08],[1502812800000,0.09],[1502899200000,0.10],[1502985600000,0.11],[1503244800000,0.14],[1503331200000,0.16],[1503417600000,0.17],[1503504000000,0.18],[1503590400000,0.19],[1503849600000,0.22],[1503936000000,0.23],[1504022400000,0.24],[1504108800000,0.25],[1504195200000,0.26],[1504454400000,0.29],[1504540800000,0.30],[1504627200000,0.31],[1504713600000,0.32],[1504800000000,0.34],[1505059200000,0.37],[1505145600000,0.38],[1505232000000,0.39],[1505318400000,0.40],[1505404800000,0.41],[1505664000000,0.44],[1505750400000,0.45],[1505836800000,0.46],[1505923200000,0.47],[1506009600000,0.48],[1506268800000,0.52],[1506355200000,0.53],[1506441600000,0.54],[1506528000000,0.55],[1506614400000,0.56],[1507478400000,0.67],[1507564800000,0.68],[1507651200000,0.69],[1507737600000,0.71],[1507824000000,0.72],[1508083200000,0.75],[1508169600000,0.76],[1508256000000,0.77],[1508342400000,0.78],[1508428800000,0.79],[1508688000000,0.82],[1508774400000,0.83],[1508860800000,0.84],[1508947200000,0.85],[1509033600000,0.86],[1509292800000,0.90],[1509379200000,0.91],[1509465600000,0.92],[1509552000000,0.93],[1509638400000,0.94],[1509897600000,0.97],[1509984000000,0.98],[1510070400000,0.99],[1510156800000,1.00],[1510243200000,1.01],[1510502400000,1.04],[1510588800000,1.06],[1510675200000,1.07],[1510761600000,1.08],[1510848000000,1.09],[1511107200000,1.12],[1511193600000,1.13],[1511280000000,1.14],[1511366400000,1.15],[1511452800000,1.16],[1511712000000,1.20],[1511798400000,1.21],[1511884800000,1.22],[1511971200000,1.23],[1512057600000,1.24],[1512316800000,1.28],[1512403200000,1.29],[1512489600000,1.30],[1512576000000,1.31],[1512662400000,1.32],[1512921600000,1.35],[1513008000000,1.36],[1513094400000,1.38],[1513180800000,1.39],[1513267200000,1.40],[1513526400000,1.43],[1513612800000,1.44],[1513699200000,1.46],[1513785600000,1.47],[1513872000000,1.48],[1514131200000,1.51],[1514217600000,1.53],[1514304000000,1.54],[1514390400000,1.55],[1514476800000,1.57],[1514822400000,1.62],[1514908800000,1.64],[1514995200000,1.65],[1515081600000,1.66],[1515340800000,1.69],[1515427200000,1.71],[1515513600000,1.72],[1515600000000,1.73],[1515686400000,1.74],[1515945600000,1.77],[1516032000000,1.79],[1516118400000,1.80],[1516204800000,1.81],[1516291200000,1.82],[1516550400000,1.86],[1516636800000,1.87],[1516723200000,1.88],[1516809600000,1.89],[1516896000000,1.90],[1517155200000,1.94],[1517241600000,1.95],[1517328000000,1.96],[1517414400000,1.97],[1517500800000,1.98],[1517760000000,2.02],[1517846400000,2.03]]},{"name":"沪深300","data":[[1502035200000,0],[1502121600000,0.15],[1502208000000,0.11],[1502294400000,-0.29],[1502380800000,-2.13],[1502640000000,-0.86],[1502726400000,-0.56],[1502812800000,-0.68],[1502899200000,-0.15],[1502985600000,-0.06],[1503244800000,0.38],[1503331200000,0.68],[1503417600000,0.79],[1503504000000,0.21],[1503590400000,1.85],[1503849600000,3.11],[1503936000000,2.89],[1504022400000,2.88],[1504108800000,2.56],[1504195200000,2.78],[1504454400000,3.19],[1504540800000,3.50],[1504627200000,3.29],[1504713600000,2.77],[1504800000000,2.66],[1505059200000,2.65],[1505145600000,2.98],[1505232000000,3.11],[1505318400000,2.77],[1505404800000,2.80],[1505664000000,3.12],[1505750400000,2.83],[1505836800000,3.10],[1505923200000,2.98],[1506009600000,2.98],[1506268800000,2.44],[1506355200000,2.52],[1506441600000,2.53],[1506528000000,2.57],[1506614400000,2.94],[1507478400000,4.17],[1507564800000,4.38],[1507651200000,4.72],[1507737600000,5.00],[1507824000000,5.21],[1508083200000,5.01],[1508169600000,5.00],[1508256000000,5.83],[1508342400000,5.49],[1508428800000,5.37],[1508688000000,5.47],[1508774400000,6.24],[1508860800000,6.71],[1508947200000,7.16],[1509033600000,7.92],[1509292800000,7.59],[1509379200000,7.51],[1509465600000,7.24],[1509552000000,7.25],[1509638400000,7.13],[1509897600000,7.89],[1509984000000,8.79],[1510070400000,8.62],[1510156800000,9.37],[1510243200000,10.33],[1510502400000,10.77],[1510588800000,10.00],[1510675200000,9.31],[1510761600000,10.15],[1510848000000,10.57],[1511107200000,11.19],[1511193600000,13.17],[1511280000000,13.44],[1511366400000,10.08],[1511452800000,10.13],[1511712000000,8.67],[1511798400000,8.83],[1511884800000,8.77],[1511971200000,7.49],[1512057600000,7.28],[1512316800000,7.84],[1512403200000,8.41],[1512489600000,7.76],[1512576000000,6.55],[1512662400000,7.42],[1512921600000,9.20],[1513008000000,7.76],[1513094400000,8.67],[1513180800000,8.03],[1513267200000,6.82],[1513526400000,6.94],[1513612800000,8.28],[1513699200000,8.15],[1513785600000,9.15],[1513872000000,8.80],[1514131200000,8.45],[1514217600000,8.77],[1514304000000,7.09],[1514390400000,7.84],[1514476800000,8.16],[1514822400000,9.68],[1514908800000,10.32],[1514995200000,10.79],[1515081600000,11.05],[1515340800000,11.63],[1515427200000,12.41],[1515513600000,12.91],[1515600000000,12.85],[1515686400000,13.37],[1515945600000,13.37],[1516032000000,14.27],[1516118400000,13.99],[1516204800000,14.61],[1516291200000,14.99],[1516550400000,16.36],[1516636800000,17.60],[1516723200000,17.79],[1516809600000,17.13],[1516896000000,17.56],[1517155200000,15.43],[1517241600000,14.20],[1517328000000,14.73],[1517414400000,13.93],[1517500800000,14.61],[1517760000000,14.69],[1517846400000,11.33]]}];
/*同类排名*/
var Data_rateInSimilarType = [{"x":1495555200000,"y":63,"sc":"564"},{"x":1495641600000,"y":63,"sc":"564"},{"x":1495728000000,"y":43,"sc":"564"},{"x":1496160000000,"y":46,"sc":"564"},{"x":1496246400000,"y":46,"sc":"564"},{"x":1496332800000,"y":47,"sc":"564"},{"x":1496592000000,"y":46,"sc":"566"},{"x":1496678400000,"y":45,"sc":"566"},{"x":1496764800000,"y":47,"sc":"566"},{"x":1496851200000,"y":46,"sc":"566"},{"x":1496937600000,"y":46,"sc":"566"},{"x":1497196800000,"y":41,"sc":"574"},{"x":1497283200000,"y":38,"sc":"574"},{"x":1497369600000,"y":37,"sc":"575"},{"x":1497456000000,"y":36,"sc":"575"},{"x":1497542400000,"y":33,"sc":"575"},{"x":1497801600000,"y":30,"sc":"577"},{"x":1497888000000,"y":29,"sc":"577"},{"x":1497974400000,"y":26,"sc":"575"},{"x":1498060800000,"y":28,"sc":"575"},{"x":1498147200000,"y":29,"sc":"576"},{"x":1498406400000,"y":27,"sc":"579"},{"x":1498492800000,"y":27,"sc":"579"},{"x":1498579200000,"y":26,"sc":"579"},{"x":1498665600000,"y":27,"sc":"579"},{"x":1498752000000,"y":26,"sc":"582"},{"x":1499011200000,"y":54,"sc":"582"},{"x":1499097600000,"y":24,"sc":"582"},{"x":1499184000000,"y":24,"sc":"583"},{"x":1499270400000,"y":24,"sc":"583"},{"x":1499356800000,"y":24,"sc":"583"},{"x":1499616000000,"y":17,"sc":"583"},{"x":1499702400000,"y":17,"sc":"583"},{"x":1499788800000,"y":15,"sc":"583"},{"x":1499875200000,"y":16,"sc":"583"},{"x":1499961600000,"y":16,"sc":"586"},{"x":1500220800000,"y":15,"sc":"586"},{"x":1500307200000,"y":13,"sc":"586"},{"x":1500393600000,"y":14,"sc":"589"},{"x":1500480000000,"y":14,"sc":"589"},{"x":1500566400000,"y":15,"sc":"593"},{"x":1500825600000,"y":14,"sc":"593"},{"x":1500912000000,"y":14,"sc":"593"},{"x":1500998400000,"y":14,"sc":"594"},{"x":1501084800000,"y":13,"sc":"594"},{"x":1501171200000,"y":11,"sc":"594"},{"x":1501430400000,"y":18,"sc":"594"},{"x":1501516800000,"y":11,"sc":"594"},{"x":1501603200000,"y":11,"sc":"594"},{"x":1501689600000,"y":11,"sc":"594"},{"x":1501776000000,"y":10,"sc":"594"},{"x":1502035200000,"y":10,"sc":"596"},{"x":1502121600000,"y":10,"sc":"596"},{"x":1502208000000,"y":10,"sc":"596"},{"x":1502294400000,"y":10,"sc":"596"},{"x":1502380800000,"y":11,"sc":"596"},{"x":1502640000000,"y":10,"sc":"596"},{"x":1502726400000,"y":10,"sc":"596"},{"x":1502812800000,"y":9,"sc":"596"},{"x":1502899200000,"y":9,"sc":"596"},{"x":1502985600000,"y":9,"sc":"596"},{"x":1503244800000,"y":7,"sc":"597"},{"x":1503331200000,"y":7,"sc":"597"},{"x":1503417600000,"y":7,"sc":"597"},{"x":1503504000000,"y":6,"sc":"596"},{"x":1503590400000,"y":6,"sc":"596"},{"x":1503849600000,"y":11,"sc":"600"},{"x":1503936000000,"y":15,"sc":"600"},{"x":1504022400000,"y":6,"sc":"600"},{"x":1504108800000,"y":4,"sc":"601"},{"x":1504195200000,"y":5,"sc":"601"},{"x":1504454400000,"y":3,"sc":"601"},{"x":1504540800000,"y":4,"sc":"601"},{"x":1504627200000,"y":5,"sc":"601"},{"x":1504713600000,"y":3,"sc":"601"},{"x":1504800000000,"y":4,"sc":"601"},{"x":1505059200000,"y":5,"sc":"603"},{"x":1505145600000,"y":4,"sc":"603"},{"x":1505232000000,"y":4,"sc":"603"},{"x":1505318400000,"y":4,"sc":"605"},{"x":1505404800000,"y":6,"sc":"605"},{"x":1505664000000,"y":7,"sc":"606"},{"x":1505750400000,"y":8,"sc":"606"},{"x":1505836800000,"y":8,"sc":"603"},{"x":1505923200000,"y":7,"sc":"603"},{"x":1506009600000,"y":7,"sc":"603"},{"x":1506268800000,"y":9,"sc":"603"},{"x":1506355200000,"y":8,"sc":"603"},{"x":1506441600000,"y":7,"sc":"604"},{"x":1506528000000,"y":7,"sc":"604"},{"x":1506614400000,"y":7,"sc":"606"},{"x":1507478400000,"y":7,"sc":"606"},{"x":1507564800000,"y":7,"sc":"607"},{"x":1507651200000,"y":7,"sc":"607"},{"x":1507737600000,"y":8,"sc":"611"},{"x":1507824000000,"y":8,"sc":"611"},{"x":1508083200000,"y":8,"sc":"612"},{"x":1508169600000,"y":8,"sc":"612"},{"x":1508256000000,"y":8,"sc":"611"},{"x":1508342400000,"y":8,"sc":"611"},{"x":1508428800000,"y":8,"sc":"611"},{"x":1508688000000,"y":9,"sc":"606"},{"x":1508774400000,"y":11,"sc":"606"},{"x":1508860800000,"y":11,"sc":"607"},{"x":1508947200000,"y":11,"sc":"607"},{"x":1509033600000,"y":11,"sc":"607"},{"x":1509292800000,"y":13,"sc":"609"},{"x":1509379200000,"y":13,"sc":"610"},{"x":1509465600000,"y":13,"sc":"610"},{"x":1509552000000,"y":13,"sc":"613"},{"x":1509638400000,"y":13,"sc":"617"},{"x":1509897600000,"y":14,"sc":"621"},{"x":1509984000000,"y":17,"sc":"621"},{"x":1510070400000,"y":18,"sc":"621"},{"x":1510156800000,"y":18,"sc":"623"},{"x":1510243200000,"y":18,"sc":"623"},{"x":1510502400000,"y":19,"sc":"633"},{"x":1510588800000,"y":19,"sc":"635"},{"x":1510675200000,"y":20,"sc":"635"},{"x":1510761600000,"y":22,"sc":"635"},{"x":1510848000000,"y":22,"sc":"636"},{"x":1511107200000,"y":26,"sc":"636"},{"x":1511193600000,"y":25,"sc":"636"},{"x":1511280000000,"y":27,"sc":"636"},{"x":1511366400000,"y":28,"sc":"636"},{"x":1511452800000,"y":31,"sc":"637"},{"x":1511712000000,"y":37,"sc":"640"},{"x":1511798400000,"y":36,"sc":"640"},{"x":1511884800000,"y":37,"sc":"640"},{"x":1511971200000,"y":38,"sc":"641"},{"x":1512057600000,"y":39,"sc":"643"},{"x":1512316800000,"y":45,"sc":"643"},{"x":1512403200000,"y":44,"sc":"643"},{"x":1512489600000,"y":45,"sc":"643"},{"x":1512576000000,"y":46,"sc":"644"},{"x":1512662400000,"y":47,"sc":"652"},{"x":1512921600000,"y":57,"sc":"652"},{"x":1513008000000,"y":58,"sc":"653"},{"x":1513094400000,"y":60,"sc":"653"},{"x":1513180800000,"y":60,"sc":"654"},{"x":1513267200000,"y":56,"sc":"656"},{"x":1513526400000,"y":56,"sc":"656"},{"x":1513612800000,"y":55,"sc":"656"},{"x":1513699200000,"y":52,"sc":"656"},{"x":1513785600000,"y":52,"sc":"655"},{"x":1513872000000,"y":50,"sc":"655"},{"x":1514131200000,"y":49,"sc":"655"},{"x":1514217600000,"y":50,"sc":"655"},{"x":1514304000000,"y":46,"sc":"654"},{"x":1514390400000,"y":41,"sc":"655"},{"x":1514476800000,"y":33,"sc":"655"},{"x":1514822400000,"y":72,"sc":"655"},{"x":1514908800000,"y":97,"sc":"655"},{"x":1514995200000,"y":115,"sc":"655"},{"x":1515081600000,"y":133,"sc":"655"},{"x":1515340800000,"y":27,"sc":"655"},{"x":1515427200000,"y":25,"sc":"655"},{"x":1515513600000,"y":26,"sc":"656"},{"x":1515600000000,"y":22,"sc":"657"},{"x":1515686400000,"y":21,"sc":"657"},{"x":1515945600000,"y":21,"sc":"657"},{"x":1516032000000,"y":21,"sc":"657"},{"x":1516118400000,"y":19,"sc":"657"},{"x":1516204800000,"y":18,"sc":"657"},{"x":1516291200000,"y":16,"sc":"657"},{"x":1516550400000,"y":11,"sc":"657"},{"x":1516636800000,"y":10,"sc":"657"},{"x":1516723200000,"y":8,"sc":"657"},{"x":1516809600000,"y":8,"sc":"657"},{"x":1516896000000,"y":7,"sc":"655"},{"x":1517155200000,"y":8,"sc":"656"},{"x":1517241600000,"y":6,"sc":"656"},{"x":1517328000000,"y":7,"sc":"656"},{"x":1517414400000,"y":8,"sc":"656"},{"x":1517500800000,"y":8,"sc":"656"},{"x":1517760000000,"y":9,"sc":"656"},{"x":1517846400000,"y":8,"sc":"656"}];
/*百分比排名*/
var Data_rateInSimilarPersent = [[1495555200000,88.8300],[1495641600000,88.8300],[1495728000000,92.3800],[1496160000000,91.8400],[1496246400000,91.8400],[1496332800000,91.6700],[1496592000000,91.8700],[1496678400000,92.0500],[1496764800000,91.7000],[1496851200000,91.8700],[1496937600000,91.8700],[1497196800000,92.8600],[1497283200000,93.3800],[1497369600000,93.5700],[1497456000000,93.7400],[1497542400000,94.2600],[1497801600000,94.8000],[1497888000000,94.9700],[1497974400000,95.4800],[1498060800000,95.1300],[1498147200000,94.9700],[1498406400000,95.3400],[1498492800000,95.3400],[1498579200000,95.5100],[1498665600000,95.3400],[1498752000000,95.5300],[1499011200000,90.7200],[1499097600000,95.8800],[1499184000000,95.8800],[1499270400000,95.8800],[1499356800000,95.8800],[1499616000000,97.0800],[1499702400000,97.0800],[1499788800000,97.4300],[1499875200000,97.2600],[1499961600000,97.2700],[1500220800000,97.4400],[1500307200000,97.7800],[1500393600000,97.6200],[1500480000000,97.6200],[1500566400000,97.4700],[1500825600000,97.6400],[1500912000000,97.6400],[1500998400000,97.6400],[1501084800000,97.8100],[1501171200000,98.1500],[1501430400000,96.9700],[1501516800000,98.1500],[1501603200000,98.1500],[1501689600000,98.1500],[1501776000000,98.3200],[1502035200000,98.3200],[1502121600000,98.3200],[1502208000000,98.3200],[1502294400000,98.3200],[1502380800000,98.1500],[1502640000000,98.3200],[1502726400000,98.3200],[1502812800000,98.4900],[1502899200000,98.4900],[1502985600000,98.4900],[1503244800000,98.8300],[1503331200000,98.8300],[1503417600000,98.8300],[1503504000000,98.9900],[1503590400000,98.9900],[1503849600000,98.1700],[1503936000000,97.5000],[1504022400000,99.00],[1504108800000,99.3300],[1504195200000,99.1700],[1504454400000,99.5000],[1504540800000,99.3300],[1504627200000,99.1700],[1504713600000,99.5000],[1504800000000,99.3300],[1505059200000,99.1700],[1505145600000,99.3400],[1505232000000,99.3400],[1505318400000,99.3400],[1505404800000,99.0100],[1505664000000,98.8400],[1505750400000,98.6800],[1505836800000,98.6700],[1505923200000,98.8400],[1506009600000,98.8400],[1506268800000,98.5100],[1506355200000,98.6700],[1506441600000,98.8400],[1506528000000,98.8400],[1506614400000,98.8400],[1507478400000,98.8400],[1507564800000,98.8500],[1507651200000,98.8500],[1507737600000,98.6900],[1507824000000,98.6900],[1508083200000,98.6900],[1508169600000,98.6900],[1508256000000,98.6900],[1508342400000,98.6900],[1508428800000,98.6900],[1508688000000,98.5100],[1508774400000,98.1800],[1508860800000,98.1900],[1508947200000,98.1900],[1509033600000,98.1900],[1509292800000,97.8700],[1509379200000,97.8700],[1509465600000,97.8700],[1509552000000,97.8800],[1509638400000,97.8900],[1509897600000,97.7500],[1509984000000,97.2600],[1510070400000,97.1000],[1510156800000,97.1100],[1510243200000,97.1100],[1510502400000,97.00],[1510588800000,97.0100],[1510675200000,96.8500],[1510761600000,96.5400],[1510848000000,96.5400],[1511107200000,95.9100],[1511193600000,96.0700],[1511280000000,95.7500],[1511366400000,95.6000],[1511452800000,95.1300],[1511712000000,94.2200],[1511798400000,94.3700],[1511884800000,94.2200],[1511971200000,94.0700],[1512057600000,93.9300],[1512316800000,93.00],[1512403200000,93.1600],[1512489600000,93.00],[1512576000000,92.8600],[1512662400000,92.7900],[1512921600000,91.2600],[1513008000000,91.1200],[1513094400000,90.8100],[1513180800000,90.8300],[1513267200000,91.4600],[1513526400000,91.4600],[1513612800000,91.6200],[1513699200000,92.0700],[1513785600000,92.0600],[1513872000000,92.3700],[1514131200000,92.5200],[1514217600000,92.3700],[1514304000000,92.9700],[1514390400000,93.7400],[1514476800000,94.9600],[1514822400000,89.0100],[1514908800000,85.1900],[1514995200000,82.4400],[1515081600000,79.6900],[1515340800000,95.8800],[1515427200000,96.1800],[1515513600000,96.0400],[1515600000000,96.6500],[1515686400000,96.8000],[1515945600000,96.8000],[1516032000000,96.8000],[1516118400000,97.1100],[1516204800000,97.2600],[1516291200000,97.5600],[1516550400000,98.3300],[1516636800000,98.4800],[1516723200000,98.7800],[1516809600000,98.7800],[1516896000000,98.9300],[1517155200000,98.7800],[1517241600000,99.0900],[1517328000000,98.9300],[1517414400000,98.7800],[1517500800000,98.7800],[1517760000000,98.6300],[1517846400000,98.7800]];
/*规模变动*/
var Data_fluctuationScale = {"categories":["2017-02-24","2017-02-27","2017-06-30","2017-09-30","2017-12-31"],"series":[{"y":2.00,"mom":"--"},{"y":2.00,"mom":"0.02%"},{"y":53.67,"mom":"2579.47%"},{"y":55.93,"mom":"4.21%"},{"y":138.55,"mom":"147.74%"}]};;
/*持有人结构*/
var Data_holderStructure = {"series":[{"name":"机构持有比例","data":[99.87]},{"name":"个人持有比例","data":[0.13]},{"name":"内部持有比例","data":[0.0]}],"categories":["2017-06-30"]};
/*申购赎回*/
var Data_assetAllocation ={"series":[{"name":"期间申购","data":[0.65,3.54,84.33]},{"name":"期间赎回","data":[0.01,1.28,1.70]},{"name":"总份额","data":[53.67,55.93,138.55]}],"categories":["2017-06-30","2017-09-30","2017-12-31"]};
/*现任基金经理*/
var Data_currentFundManager = [{"id":"30064759","pic":"https://pdf.dfcfw.com/pdf/H8_JPG30064759_1.jpg","name":"邓欣雨","star":2,"workTime":"4年又136天","fundSize":"532.19亿(16只基金)","power":{"avr":"37.99","categories":["经验值","收益率","抗风险","稳定性","管理规模"],"dsc":["反映基金经理从业年限和管理基金的经验","根据基金经理投资的阶段收益评分，反映\u003cbr\u003e基金经理投资的盈利能力","反映基金经理投资的回撤控制能力","反映基金经理投资收益的波动","根据基金经理现任管理基金资产规模评分"],"data":[69.30,27.30,1.50,42.70,98.40],"jzrq":"2018-02-06"},"profit":{"categories":["任期收益","同类平均"],"series":[{"data":[{"name":null,"color":"#7cb5ec","y":4.3199},{"name":null,"color":"#414c7b","y":3.78}]}],"jzrq":"2018-02-06"}}] ;
/*同类型基金涨幅榜（页面底部通栏）*/
var swithSameType = [['002895_华夏天利货币B_5.8750','002894_华夏天利货币A_5.6210','004398_融通现金宝货币B_5.3370','000902_国开货币B_5.3360','001478_泰康薪意保货币B_5.1400'],['002895_华夏天利货币B_5.26','004973_长城收益宝货币B_5.08','004904_人保货币B_5.05','002884_华润元大现金通货币B_5.01','002894_华夏天利货币A_5.01'],['004973_长城收益宝货币B_5.05','004770_海富通添益货币A_4.99','002884_华润元大现金通货币B_4.99','005151_红土创新优淳货币B_4.90','002895_华夏天利货币B_4.89'],['004770_海富通添益货币A_5.39','004973_长城收益宝货币B_5.13','002884_华润元大现金通货币B_5.03','002895_华夏天利货币B_5.03','004398_融通现金宝货币B_5.01'],['003679_中融现金增利货币C_4.67','003474_南方天天利货币B_4.55','000836_国投瑞银钱多宝货币A_4.52','000837_国投瑞银钱多宝货币I_4.52','003753_工银如意货币B_4.51']];