/**
 * 测试数据
 * @type {arry}
 */
/*2018-02-07 18:04:24*/
//基金或股票信息
var fS_name = "中银如意宝货币B";
var fS_code = "005162";
var fund_minsg="";
var ishb=true;
/*原费率*/
var fund_sourceRate="0";
/*现费率*/
var fund_Rate="0";
/*最小申购金额*/
var fund_minsg="";
/*收益率*/
/*近一年收益率*/
var syl_1n="";
/*近6月收益率*/
var syl_6y="";
/*近三月收益率*/
var syl_3y="1.1255";
/*近一月收益率*/
var syl_1y="0.3925";
/* 基金收益走势图 每万份收益*/
var Data_millionCopiesIncome = [[1505404800000,1.1427],[1505491200000,1.1299],[1505577600000,1.1298],[1505664000000,1.1626],[1505750400000,1.1659],[1505836800000,1.1889],[1505923200000,1.1714],[1506009600000,1.1807],[1506096000000,1.181],[1506182400000,1.1809],[1506268800000,1.1929],[1506355200000,1.1758],[1506441600000,1.1776],[1506528000000,1.1751],[1506614400000,1.1731],[1506700800000,1.1731],[1506787200000,1.173],[1506873600000,1.1729],[1506960000000,1.1728],[1507046400000,1.1727],[1507132800000,1.1726],[1507219200000,1.1725],[1507305600000,1.1724],[1507392000000,1.1723],[1507478400000,1.1863],[1507564800000,1.1662],[1507651200000,1.163],[1507737600000,1.1673],[1507824000000,1.1716],[1507910400000,1.1718],[1507996800000,1.1717],[1508083200000,1.1688],[1508169600000,1.17],[1508256000000,1.1754],[1508342400000,1.1696],[1508428800000,1.1712],[1508515200000,1.1712],[1508601600000,1.1711],[1508688000000,1.1675],[1508774400000,1.167],[1508860800000,1.1662],[1508947200000,1.1623],[1509033600000,1.1643],[1509120000000,1.1643],[1509206400000,1.1642],[1509292800000,1.1516],[1509379200000,1.1494],[1509465600000,1.1532],[1509552000000,1.1554],[1509638400000,1.1543],[1509724800000,1.1542],[1509811200000,1.1541],[1509897600000,1.1571],[1509984000000,1.1634],[1510070400000,1.1406],[1510156800000,1.1504],[1510243200000,1.1449],[1510329600000,1.1448],[1510416000000,1.1448],[1510502400000,1.1227],[1510588800000,1.1293],[1510675200000,1.1182],[1510761600000,1.1698],[1510848000000,1.1639],[1510934400000,1.1682],[1511020800000,1.168],[1511107200000,1.1537],[1511193600000,1.1016],[1511280000000,1.1474],[1511366400000,1.1592],[1511452800000,1.1676],[1511539200000,1.172],[1511625600000,1.1719],[1511712000000,1.1661],[1511798400000,1.1683],[1511884800000,1.1332],[1511971200000,1.1515],[1512057600000,1.1559],[1512144000000,1.171],[1512230400000,1.1709],[1512316800000,1.1711],[1512403200000,1.1485],[1512489600000,1.1657],[1512576000000,1.169],[1512662400000,1.1463],[1512748800000,1.146],[1512835200000,1.1459],[1512921600000,1.1414],[1513008000000,1.1493],[1513094400000,1.1529],[1513180800000,1.1869],[1513267200000,1.1548],[1513353600000,1.1606],[1513440000000,1.1605],[1513526400000,1.1251],[1513612800000,1.0381],[1513699200000,1.0412],[1513785600000,0.8852],[1513872000000,1.127],[1513958400000,1.1244],[1514044800000,1.1243],[1514131200000,1.1829],[1514217600000,1.3005],[1514304000000,1.2806],[1514390400000,1.3405],[1514476800000,1.4388],[1514563200000,1.4405],[1514649600000,1.4404],[1514736000000,1.4401],[1514822400000,1.3796],[1514908800000,1.4728],[1514995200000,1.4617],[1515081600000,1.4088],[1515168000000,1.3842],[1515254400000,1.384],[1515340800000,1.3932],[1515427200000,1.3623],[1515513600000,1.3372],[1515600000000,1.3103],[1515686400000,1.2683],[1515772800000,1.2682],[1515859200000,1.2681],[1515945600000,1.2426],[1516032000000,1.2459],[1516118400000,1.2486],[1516204800000,1.2426],[1516291200000,1.2508],[1516377600000,1.252],[1516464000000,1.2519],[1516550400000,1.2725],[1516636800000,1.2461],[1516723200000,1.2538],[1516809600000,1.2208],[1516896000000,1.2294],[1516982400000,1.2349],[1517068800000,1.2348],[1517155200000,1.2347],[1517241600000,1.2353],[1517328000000,1.2365],[1517414400000,1.2407],[1517500800000,1.227],[1517587200000,1.2266],[1517673600000,1.2265],[1517760000000,1.2462],[1517846400000,1.2826]];
/*基金收益走势图   7日年化收益率*/
var Data_sevenDaysYearIncome = [[1505404800000,4.259],[1505491200000,4.234],[1505577600000,4.226],[1505664000000,4.253],[1505750400000,4.272],[1505836800000,4.299],[1505923200000,4.309],[1506009600000,4.33],[1506096000000,4.357],[1506182400000,4.385],[1506268800000,4.402],[1506355200000,4.407],[1506441600000,4.401],[1506528000000,4.403],[1506614400000,4.399],[1506700800000,4.395],[1506787200000,4.39],[1506873600000,4.379],[1506960000000,4.378],[1507046400000,4.375],[1507132800000,4.374],[1507219200000,4.373],[1507305600000,4.373],[1507392000000,4.373],[1507478400000,4.38],[1507564800000,4.376],[1507651200000,4.371],[1507737600000,4.368],[1507824000000,4.368],[1507910400000,4.367],[1507996800000,4.367],[1508083200000,4.358],[1508169600000,4.36],[1508256000000,4.366],[1508342400000,4.368],[1508428800000,4.367],[1508515200000,4.367],[1508601600000,4.367],[1508688000000,4.366],[1508774400000,4.364],[1508860800000,4.359],[1508947200000,4.355],[1509033600000,4.352],[1509120000000,4.348],[1509206400000,4.344],[1509292800000,4.335],[1509379200000,4.326],[1509465600000,4.319],[1509552000000,4.315],[1509638400000,4.31],[1509724800000,4.304],[1509811200000,4.299],[1509897600000,4.302],[1509984000000,4.309],[1510070400000,4.302],[1510156800000,4.3],[1510243200000,4.295],[1510329600000,4.289],[1510416000000,4.284],[1510502400000,4.266],[1510588800000,4.247],[1510675200000,4.235],[1510761600000,4.246],[1510848000000,4.256],[1510934400000,4.269],[1511020800000,4.281],[1511107200000,4.298],[1511193600000,4.283],[1511280000000,4.299],[1511366400000,4.293],[1511452800000,4.295],[1511539200000,4.297],[1511625600000,4.299],[1511712000000,4.306],[1511798400000,4.342],[1511884800000,4.335],[1511971200000,4.33],[1512057600000,4.324],[1512144000000,4.324],[1512230400000,4.323],[1512316800000,4.326],[1512403200000,4.315],[1512489600000,4.333],[1512576000000,4.342],[1512662400000,4.337],[1512748800000,4.323],[1512835200000,4.31],[1512921600000,4.294],[1513008000000,4.294],[1513094400000,4.287],[1513180800000,4.297],[1513267200000,4.301],[1513353600000,4.309],[1513440000000,4.317],[1513526400000,4.308],[1513612800000,4.248],[1513699200000,4.187],[1513785600000,4.023],[1513872000000,4.008],[1513958400000,3.989],[1514044800000,3.969],[1514131200000,4.0],[1514217600000,4.143],[1514304000000,4.273],[1514390400000,4.521],[1514476800000,4.691],[1514563200000,4.863],[1514649600000,5.036],[1514736000000,5.177],[1514822400000,5.221],[1514908800000,5.326],[1514995200000,5.393],[1515081600000,5.376],[1515168000000,5.345],[1515254400000,5.314],[1515340800000,5.289],[1515427200000,5.279],[1515513600000,5.205],[1515600000000,5.122],[1515686400000,5.045],[1515772800000,4.981],[1515859200000,4.918],[1515945600000,4.836],[1516032000000,4.772],[1516118400000,4.724],[1516204800000,4.687],[1516291200000,4.677],[1516377600000,4.668],[1516464000000,4.659],[1516550400000,4.676],[1516636800000,4.676],[1516723200000,4.679],[1516809600000,4.667],[1516896000000,4.655],[1516982400000,4.646],[1517068800000,4.636],[1517155200000,4.616],[1517241600000,4.61],[1517328000000,4.6],[1517414400000,4.611],[1517500800000,4.61],[1517587200000,4.605],[1517673600000,4.601],[1517760000000,4.607],[1517846400000,4.633]];
/*资产配置*/
var Data_assetAllocationCurrency ={"categories":["12-31","09-30"],"series":[{"name":"股票","data":[null,null]},{"name":"债券","data":[41.31,35.24]},{"name":"现金","data":[36.78,45.18]}]};
/*累计收益率走势*/
var Data_grandTotal = [{"name":"中银如意宝货币B","data":[[1505404800000,0],[1505491200000,0.01],[1505577600000,0.02],[1505664000000,0.03],[1505750400000,0.05],[1505836800000,0.06],[1505923200000,0.07],[1506009600000,0.08],[1506096000000,0.09],[1506182400000,0.10],[1506268800000,0.12],[1506355200000,0.13],[1506441600000,0.14],[1506528000000,0.15],[1506614400000,0.16],[1506700800000,0.18],[1506787200000,0.19],[1506873600000,0.20],[1506960000000,0.21],[1507046400000,0.22],[1507132800000,0.23],[1507219200000,0.25],[1507305600000,0.26],[1507392000000,0.27],[1507478400000,0.28],[1507564800000,0.29],[1507651200000,0.31],[1507737600000,0.32],[1507824000000,0.33],[1507910400000,0.34],[1507996800000,0.35],[1508083200000,0.36],[1508169600000,0.38],[1508256000000,0.39],[1508342400000,0.40],[1508428800000,0.41],[1508515200000,0.42],[1508601600000,0.43],[1508688000000,0.45],[1508774400000,0.46],[1508860800000,0.47],[1508947200000,0.48],[1509033600000,0.49],[1509120000000,0.50],[1509206400000,0.52],[1509292800000,0.53],[1509379200000,0.54],[1509465600000,0.55],[1509552000000,0.56],[1509638400000,0.57],[1509724800000,0.59],[1509811200000,0.60],[1509897600000,0.61],[1509984000000,0.62],[1510070400000,0.63],[1510156800000,0.64],[1510243200000,0.66],[1510329600000,0.67],[1510416000000,0.68],[1510502400000,0.69],[1510588800000,0.70],[1510675200000,0.71],[1510761600000,0.72],[1510848000000,0.74],[1510934400000,0.75],[1511020800000,0.76],[1511107200000,0.77],[1511193600000,0.78],[1511280000000,0.79],[1511366400000,0.81],[1511452800000,0.82],[1511539200000,0.83],[1511625600000,0.84],[1511712000000,0.85],[1511798400000,0.86],[1511884800000,0.88],[1511971200000,0.89],[1512057600000,0.90],[1512144000000,0.91],[1512230400000,0.92],[1512316800000,0.93],[1512403200000,0.95],[1512489600000,0.96],[1512576000000,0.97],[1512662400000,0.98],[1512748800000,0.99],[1512835200000,1.00],[1512921600000,1.02],[1513008000000,1.03],[1513094400000,1.04],[1513180800000,1.05],[1513267200000,1.06],[1513353600000,1.07],[1513440000000,1.09],[1513526400000,1.10],[1513612800000,1.11],[1513699200000,1.12],[1513785600000,1.13],[1513872000000,1.14],[1513958400000,1.15],[1514044800000,1.16],[1514131200000,1.17],[1514217600000,1.19],[1514304000000,1.20],[1514390400000,1.21],[1514476800000,1.23],[1514563200000,1.24],[1514649600000,1.26],[1514736000000,1.27],[1514822400000,1.29],[1514908800000,1.30],[1514995200000,1.32],[1515081600000,1.33],[1515168000000,1.34],[1515254400000,1.36],[1515340800000,1.37],[1515427200000,1.39],[1515513600000,1.40],[1515600000000,1.41],[1515686400000,1.43],[1515772800000,1.44],[1515859200000,1.45],[1515945600000,1.46],[1516032000000,1.48],[1516118400000,1.49],[1516204800000,1.50],[1516291200000,1.51],[1516377600000,1.53],[1516464000000,1.54],[1516550400000,1.55],[1516636800000,1.57],[1516723200000,1.58],[1516809600000,1.59],[1516896000000,1.60],[1516982400000,1.62],[1517068800000,1.63],[1517155200000,1.64],[1517241600000,1.65],[1517328000000,1.67],[1517414400000,1.68],[1517500800000,1.69],[1517587200000,1.70],[1517673600000,1.72],[1517760000000,1.73],[1517846400000,1.74]]},{"name":"同类平均","data":[[1505404800000,0],[1505664000000,0.03],[1505750400000,0.04],[1505836800000,0.05],[1505923200000,0.06],[1506009600000,0.07],[1506268800000,0.11],[1506355200000,0.12],[1506441600000,0.13],[1506528000000,0.14],[1506614400000,0.15],[1507478400000,0.26],[1507564800000,0.27],[1507651200000,0.28],[1507737600000,0.29],[1507824000000,0.31],[1508083200000,0.34],[1508169600000,0.35],[1508256000000,0.36],[1508342400000,0.37],[1508428800000,0.38],[1508688000000,0.41],[1508774400000,0.42],[1508860800000,0.43],[1508947200000,0.44],[1509033600000,0.45],[1509292800000,0.48],[1509379200000,0.50],[1509465600000,0.51],[1509552000000,0.52],[1509638400000,0.53],[1509897600000,0.56],[1509984000000,0.57],[1510070400000,0.58],[1510156800000,0.59],[1510243200000,0.60],[1510502400000,0.63],[1510588800000,0.64],[1510675200000,0.65],[1510761600000,0.66],[1510848000000,0.68],[1511107200000,0.71],[1511193600000,0.72],[1511280000000,0.73],[1511366400000,0.74],[1511452800000,0.75],[1511712000000,0.78],[1511798400000,0.80],[1511884800000,0.81],[1511971200000,0.82],[1512057600000,0.83],[1512316800000,0.86],[1512403200000,0.87],[1512489600000,0.88],[1512576000000,0.90],[1512662400000,0.91],[1512921600000,0.94],[1513008000000,0.95],[1513094400000,0.96],[1513180800000,0.97],[1513267200000,0.99],[1513526400000,1.02],[1513612800000,1.03],[1513699200000,1.04],[1513785600000,1.05],[1513872000000,1.07],[1514131200000,1.10],[1514217600000,1.11],[1514304000000,1.13],[1514390400000,1.14],[1514476800000,1.15],[1514822400000,1.21],[1514908800000,1.22],[1514995200000,1.23],[1515081600000,1.25],[1515340800000,1.28],[1515427200000,1.29],[1515513600000,1.30],[1515600000000,1.32],[1515686400000,1.33],[1515945600000,1.36],[1516032000000,1.37],[1516118400000,1.38],[1516204800000,1.39],[1516291200000,1.41],[1516550400000,1.44],[1516636800000,1.45],[1516723200000,1.46],[1516809600000,1.47],[1516896000000,1.49],[1517155200000,1.52],[1517241600000,1.53],[1517328000000,1.54],[1517414400000,1.56],[1517500800000,1.57],[1517760000000,1.60],[1517846400000,1.61]]},{"name":"沪深300","data":[[1505404800000,0],[1505664000000,0.31],[1505750400000,0.02],[1505836800000,0.29],[1505923200000,0.17],[1506009600000,0.17],[1506268800000,-0.35],[1506355200000,-0.27],[1506441600000,-0.26],[1506528000000,-0.23],[1506614400000,0.14],[1507478400000,1.33],[1507564800000,1.53],[1507651200000,1.86],[1507737600000,2.13],[1507824000000,2.34],[1508083200000,2.14],[1508169600000,2.13],[1508256000000,2.95],[1508342400000,2.61],[1508428800000,2.49],[1508688000000,2.60],[1508774400000,3.34],[1508860800000,3.80],[1508947200000,4.24],[1509033600000,4.98],[1509292800000,4.66],[1509379200000,4.58],[1509465600000,4.32],[1509552000000,4.33],[1509638400000,4.21],[1509897600000,4.95],[1509984000000,5.82],[1510070400000,5.66],[1510156800000,6.38],[1510243200000,7.32],[1510502400000,7.75],[1510588800000,7.00],[1510675200000,6.33],[1510761600000,7.14],[1510848000000,7.56],[1511107200000,8.16],[1511193600000,10.09],[1511280000000,10.34],[1511366400000,7.08],[1511452800000,7.12],[1511712000000,5.71],[1511798400000,5.86],[1511884800000,5.81],[1511971200000,4.56],[1512057600000,4.35],[1512316800000,4.90],[1512403200000,5.45],[1512489600000,4.82],[1512576000000,3.65],[1512662400000,4.49],[1512921600000,6.22],[1513008000000,4.82],[1513094400000,5.71],[1513180800000,5.09],[1513267200000,3.90],[1513526400000,4.02],[1513612800000,5.33],[1513699200000,5.20],[1513785600000,6.17],[1513872000000,5.83],[1514131200000,5.49],[1514217600000,5.80],[1514304000000,4.17],[1514390400000,4.90],[1514476800000,5.21],[1514822400000,6.68],[1514908800000,7.31],[1514995200000,7.77],[1515081600000,8.02],[1515340800000,8.58],[1515427200000,9.34],[1515513600000,9.83],[1515600000000,9.77],[1515686400000,10.28],[1515945600000,10.28],[1516032000000,11.15],[1516118400000,10.88],[1516204800000,11.49],[1516291200000,11.85],[1516550400000,13.19],[1516636800000,14.39],[1516723200000,14.58],[1516809600000,13.93],[1516896000000,14.36],[1517155200000,12.29],[1517241600000,11.09],[1517328000000,11.60],[1517414400000,10.82],[1517500800000,11.48],[1517760000000,11.56],[1517846400000,8.29]]}];
/*同类排名*/
var Data_rateInSimilarType = [{"x":1513267200000,"y":90,"sc":"656"},{"x":1513526400000,"y":95,"sc":"656"},{"x":1513612800000,"y":104,"sc":"656"},{"x":1513699200000,"y":107,"sc":"656"},{"x":1513785600000,"y":117,"sc":"655"},{"x":1513872000000,"y":120,"sc":"655"},{"x":1514131200000,"y":133,"sc":"655"},{"x":1514217600000,"y":130,"sc":"655"},{"x":1514304000000,"y":135,"sc":"654"},{"x":1514390400000,"y":133,"sc":"655"},{"x":1514476800000,"y":128,"sc":"655"},{"x":1514822400000,"y":218,"sc":"655"},{"x":1514908800000,"y":248,"sc":"655"},{"x":1514995200000,"y":271,"sc":"655"},{"x":1515081600000,"y":293,"sc":"655"},{"x":1515340800000,"y":106,"sc":"655"},{"x":1515427200000,"y":96,"sc":"655"},{"x":1515513600000,"y":97,"sc":"656"},{"x":1515600000000,"y":92,"sc":"657"},{"x":1515686400000,"y":90,"sc":"657"},{"x":1515945600000,"y":89,"sc":"657"},{"x":1516032000000,"y":88,"sc":"657"},{"x":1516118400000,"y":87,"sc":"657"},{"x":1516204800000,"y":89,"sc":"657"},{"x":1516291200000,"y":88,"sc":"657"},{"x":1516550400000,"y":90,"sc":"657"},{"x":1516636800000,"y":89,"sc":"657"},{"x":1516723200000,"y":88,"sc":"657"},{"x":1516809600000,"y":89,"sc":"657"},{"x":1516896000000,"y":89,"sc":"655"},{"x":1517155200000,"y":93,"sc":"656"},{"x":1517241600000,"y":91,"sc":"656"},{"x":1517328000000,"y":92,"sc":"656"},{"x":1517414400000,"y":93,"sc":"656"},{"x":1517500800000,"y":94,"sc":"656"},{"x":1517760000000,"y":91,"sc":"656"},{"x":1517846400000,"y":91,"sc":"656"}];
/*百分比排名*/
var Data_rateInSimilarPersent = [[1513267200000,86.2800],[1513526400000,85.5200],[1513612800000,84.1500],[1513699200000,83.6900],[1513785600000,82.1400],[1513872000000,81.6800],[1514131200000,79.6900],[1514217600000,80.1500],[1514304000000,79.3600],[1514390400000,79.6900],[1514476800000,80.4600],[1514822400000,66.7200],[1514908800000,62.1400],[1514995200000,58.6300],[1515081600000,55.2700],[1515340800000,83.8200],[1515427200000,85.3400],[1515513600000,85.2100],[1515600000000,86.00],[1515686400000,86.3000],[1515945600000,86.4500],[1516032000000,86.6100],[1516118400000,86.7600],[1516204800000,86.4500],[1516291200000,86.6100],[1516550400000,86.3000],[1516636800000,86.4500],[1516723200000,86.6100],[1516809600000,86.4500],[1516896000000,86.4100],[1517155200000,85.8200],[1517241600000,86.1300],[1517328000000,85.9800],[1517414400000,85.8200],[1517500800000,85.6700],[1517760000000,86.1300],[1517846400000,86.1300]];
/*规模变动*/
var Data_fluctuationScale = {"categories":["2017-09-30","2017-12-31"],"series":[{"y":371.18,"mom":"--"},{"y":227.96,"mom":"-38.59%"}]};;
/*持有人结构*/
var Data_holderStructure = {"series":[{"name":"机构持有比例","data":[]},{"name":"个人持有比例","data":[]},{"name":"内部持有比例","data":[]}],"categories":[]};
/*申购赎回*/
var Data_assetAllocation ={"series":[{"name":"期间申购","data":[379.18,145.60]},{"name":"期间赎回","data":[8.00,288.82]},{"name":"总份额","data":[371.18,227.96]}],"categories":["2017-09-30","2017-12-31"]};
/*现任基金经理*/
var Data_currentFundManager = [{"id":"30437761","pic":"https://pdf.dfcfw.com/pdf/H8_JPG30437761_1.jpg","name":"吴旅忠","star":4,"workTime":"1年又322天","fundSize":"719.40亿(11只基金)","power":{"avr":"60.27","categories":["经验值","收益率","影响力","稳定性","管理规模"],"dsc":["反映基金经理从业年限和管理基金的经验","根据基金经理投资的阶段收益评分，反映\u003cbr\u003e基金经理投资的盈利能力","根据基金经理所管理基金的机构和个人投\u003cbr\u003e资者持有比例评分","反映基金经理投资收益的波动","根据基金经理现任管理基金资产规模评分"],"data":[46.60,69.50,83.30,43.0,72.0],"jzrq":"2018-02-06"},"profit":{"categories":["任期收益","同类平均"],"series":[{"data":[{"name":null,"color":"#7cb5ec","y":1.753},{"name":null,"color":"#414c7b","y":1.62}]}],"jzrq":"2018-02-06"}},{"id":"30458700","pic":"https://pdf.dfcfw.com/pdf/H8_JPG30458700_1.jpg","name":"易芳菲","star":3,"workTime":"1年又258天","fundSize":"579.53亿(4只基金)","power":{"avr":"54.26","categories":["经验值","收益率","影响力","稳定性","管理规模"],"dsc":["反映基金经理从业年限和管理基金的经验","根据基金经理投资的阶段收益评分，反映\u003cbr\u003e基金经理投资的盈利能力","根据基金经理所管理基金的机构和个人投\u003cbr\u003e资者持有比例评分","反映基金经理投资收益的波动","根据基金经理现任管理基金资产规模评分"],"data":[44.40,74.70,3.0,37.20,63.60],"jzrq":"2018-02-06"},"profit":{"categories":["任期收益","同类平均"],"series":[{"data":[{"name":null,"color":"#7cb5ec","y":1.753},{"name":null,"color":"#414c7b","y":1.62}]}],"jzrq":"2018-02-06"}}] ;
/*同类型基金涨幅榜（页面底部通栏）*/
var swithSameType = [['002895_华夏天利货币B_5.8750','002894_华夏天利货币A_5.6210','004398_融通现金宝货币B_5.3370','000902_国开货币B_5.3360','001478_泰康薪意保货币B_5.1400'],['002895_华夏天利货币B_5.26','004973_长城收益宝货币B_5.08','004904_人保货币B_5.05','002884_华润元大现金通货币B_5.01','002894_华夏天利货币A_5.01'],['004973_长城收益宝货币B_5.05','004770_海富通添益货币A_4.99','002884_华润元大现金通货币B_4.99','005151_红土创新优淳货币B_4.90','002895_华夏天利货币B_4.89'],['004770_海富通添益货币A_5.39','004973_长城收益宝货币B_5.13','002884_华润元大现金通货币B_5.03','002895_华夏天利货币B_5.03','004398_融通现金宝货币B_5.01'],['003679_中融现金增利货币C_4.67','003474_南方天天利货币B_4.55','000836_国投瑞银钱多宝货币A_4.52','000837_国投瑞银钱多宝货币I_4.52','003753_工银如意货币B_4.51']];