/**
 * 测试数据
 * @type {arry}
 */
/*2018-02-07 18:01:22*/
//基金或股票信息
var fS_name = "前海开源货币E";
var fS_code = "004210";
var fund_minsg="100";
var ishb=true;
/*原费率*/
var fund_sourceRate="0";
/*现费率*/
var fund_Rate="0";
/*最小申购金额*/
var fund_minsg="100";
/*收益率*/
/*近一年收益率*/
var syl_1n="3.8677";
/*近6月收益率*/
var syl_6y="1.9809";
/*近三月收益率*/
var syl_3y="0.9967";
/*近一月收益率*/
var syl_1y="0.3346";
/* 基金收益走势图 每万份收益*/
var Data_millionCopiesIncome = [[1484496000000,0.88],[1484582400000,0.8605],[1484668800000,0.9144],[1484755200000,0.9821],[1484841600000,1.0212],[1485014400000,2.0649],[1485100800000,1.0893],[1485187200000,1.0546],[1485273600000,1.0635],[1485360000000,1.0414],[1485964800000,6.9509],[1486051200000,0.9967],[1486224000000,1.9953],[1486310400000,0.73],[1486396800000,0.7575],[1486483200000,0.9148],[1486569600000,0.9606],[1486656000000,0.9898],[1486828800000,1.764],[1486915200000,0.9285],[1487001600000,0.4661],[1487088000000,0.9046],[1487174400000,0.8825],[1487260800000,1.0553],[1487433600000,1.7991],[1487520000000,0.8885],[1487606400000,1.1252],[1487692800000,1.0123],[1487779200000,1.0101],[1487865600000,0.9736],[1488038400000,2.0539],[1488124800000,1.0323],[1488211200000,1.0123],[1488297600000,0.966],[1488384000000,0.6825],[1488470400000,1.511],[1488643200000,1.5741],[1488729600000,0.72],[1488816000000,0.8715],[1488902400000,0.7716],[1488988800000,0.7356],[1489075200000,1.0044],[1489248000000,1.4557],[1489334400000,1.0612],[1489420800000,1.6281],[1489507200000,0.8001],[1489593600000,1.3588],[1489680000000,1.1317],[1489852800000,1.8031],[1489939200000,1.0748],[1490025600000,1.2307],[1490112000000,1.1706],[1490198400000,1.4213],[1490284800000,0.6447],[1490457600000,1.9864],[1490544000000,1.3034],[1490630400000,1.0464],[1490716800000,1.0461],[1490803200000,1.3022],[1490889600000,1.8373],[1491235200000,4.3388],[1491321600000,1.0779],[1491408000000,1.0666],[1491494400000,1.0138],[1491667200000,2.1],[1491753600000,1.0334],[1491840000000,0.9846],[1491926400000,0.9563],[1492012800000,0.9405],[1492099200000,0.9264],[1492272000000,1.8139],[1492358400000,0.8863],[1492444800000,0.9012],[1492531200000,0.9389],[1492617600000,0.9536],[1492704000000,0.9498],[1492876800000,1.916],[1492963200000,0.9642],[1493049600000,0.9704],[1493136000000,0.9868],[1493222400000,0.9975],[1493308800000,1.0014],[1493568000000,3.0687],[1493654400000,1.0402],[1493740800000,1.0336],[1493827200000,1.0127],[1493913600000,0.9336],[1494086400000,1.9544],[1494172800000,1.1334],[1494259200000,0.9989],[1494345600000,0.9451],[1494432000000,1.0258],[1494518400000,0.9597],[1494691200000,1.9735],[1494777600000,0.9808],[1494864000000,1.0003],[1494950400000,0.9992],[1495036800000,1.0008],[1495123200000,0.9626],[1495296000000,1.9764],[1495382400000,1.0392],[1495468800000,1.0431],[1495555200000,1.0932],[1495641600000,0.996],[1495728000000,0.9875],[1496073600000,4.0405],[1496160000000,0.9664],[1496246400000,1.0046],[1496332800000,1.0996],[1496505600000,1.9703],[1496592000000,1.0486],[1496678400000,0.988],[1496764800000,0.9509],[1496851200000,0.9687],[1496937600000,0.9187],[1497110400000,1.9479],[1497196800000,0.9327],[1497283200000,0.9762],[1497369600000,0.9514],[1497456000000,0.8875],[1497542400000,0.9746],[1497715200000,1.9517],[1497801600000,1.0668],[1497888000000,1.1229],[1497974400000,1.0211],[1498060800000,1.0418],[1498147200000,1.5032],[1498320000000,2.1489],[1498406400000,1.3053],[1498492800000,2.1802],[1498579200000,1.1587],[1498665600000,1.0922],[1498752000000,1.0865],[1498924800000,2.153],[1499011200000,1.0771],[1499097600000,1.0768],[1499184000000,1.0404],[1499270400000,0.9908],[1499356800000,0.9396],[1499529600000,1.8783],[1499616000000,0.9377],[1499702400000,0.9937],[1499788800000,0.9331],[1499875200000,0.9867],[1499961600000,0.9331],[1500134400000,1.8481],[1500220800000,1.0609],[1500307200000,1.2179],[1500393600000,0.9492],[1500480000000,0.9947],[1500566400000,1.1254],[1500739200000,1.9927],[1500825600000,1.1307],[1500912000000,1.3],[1500998400000,0.8572],[1501084800000,1.3971],[1501171200000,1.3054],[1501344000000,1.8938],[1501430400000,1.1017],[1501516800000,0.9668],[1501603200000,0.9491],[1501689600000,0.9722],[1501776000000,0.851],[1501948800000,1.6288],[1502035200000,1.1264],[1502121600000,1.0898],[1502208000000,1.0282],[1502294400000,0.8686],[1502380800000,0.8304],[1502553600000,1.6615],[1502640000000,1.0867],[1502726400000,1.1092],[1502812800000,0.961],[1502899200000,0.8736],[1502985600000,0.9843],[1503158400000,1.8411],[1503244800000,0.9554],[1503331200000,1.1511],[1503417600000,1.1812],[1503504000000,0.945],[1503590400000,1.0427],[1503763200000,1.8387],[1503849600000,1.2094],[1503936000000,0.9092],[1504022400000,1.0779],[1504108800000,1.0412],[1504195200000,1.3671],[1504368000000,1.8635],[1504454400000,0.9089],[1504540800000,1.304],[1504627200000,0.883],[1504713600000,0.7758],[1504800000000,0.7618],[1504972800000,1.4937],[1505059200000,1.3048],[1505145600000,1.5299],[1505232000000,0.9754],[1505318400000,0.854],[1505404800000,1.3075],[1505577600000,1.7374],[1505664000000,1.2027],[1505750400000,1.1582],[1505836800000,1.0182],[1505923200000,1.0412],[1506009600000,0.9968],[1506182400000,1.8571],[1506268800000,1.9771],[1506355200000,1.8329],[1506441600000,1.2897],[1506528000000,1.1885],[1506614400000,1.1683],[1507392000000,10.3321],[1507478400000,1.2824],[1507564800000,1.1514],[1507651200000,1.0783],[1507737600000,1.0577],[1507824000000,1.0047],[1507996800000,1.985],[1508083200000,1.2808],[1508169600000,1.2186],[1508256000000,1.142],[1508342400000,0.9513],[1508428800000,0.9603],[1508601600000,1.8826],[1508688000000,1.2089],[1508774400000,0.9247],[1508860800000,0.9449],[1508947200000,1.1446],[1509033600000,0.9206],[1509206400000,1.8615],[1509292800000,1.2062],[1509379200000,0.9627],[1509465600000,0.9301],[1509552000000,1.101],[1509638400000,0.9663],[1509811200000,1.771],[1509897600000,1.0994],[1509984000000,0.899],[1510070400000,0.8834],[1510156800000,1.399],[1510243200000,1.1039],[1510416000000,1.66],[1510502400000,1.4306],[1510588800000,0.9674],[1510675200000,0.9161],[1510761600000,0.9045],[1510848000000,1.1085],[1511020800000,1.9056],[1511107200000,1.4237],[1511193600000,1.0319],[1511280000000,1.0295],[1511366400000,0.8955],[1511452800000,0.9603],[1511625600000,1.9347],[1511712000000,1.5833],[1511798400000,1.0105],[1511884800000,0.9981],[1511971200000,0.77],[1512057600000,1.0566],[1512230400000,1.9946],[1512316800000,1.3204],[1512403200000,0.9577],[1512489600000,0.9905],[1512576000000,0.9289],[1512662400000,0.903],[1512835200000,1.79],[1512921600000,1.204],[1513008000000,1.6425],[1513094400000,0.8642],[1513180800000,0.8248],[1513267200000,1.2414],[1513440000000,1.828],[1513526400000,1.2733],[1513612800000,1.1905],[1513699200000,0.8475],[1513785600000,0.9547],[1513872000000,1.7075],[1514044800000,1.9482],[1514131200000,1.7028],[1514217600000,1.4108],[1514304000000,1.8461],[1514390400000,1.1354],[1514476800000,1.3531],[1514649600000,2.7127],[1514736000000,1.3506],[1514822400000,0.7689],[1514908800000,1.1828],[1514995200000,1.079],[1515081600000,0.9592],[1515254400000,1.8764],[1515340800000,0.9348],[1515427200000,1.0881],[1515513600000,1.1523],[1515600000000,0.849],[1515686400000,1.0377],[1515859200000,1.6707],[1515945600000,0.9901],[1516032000000,1.1519],[1516118400000,0.9888],[1516204800000,1.2029],[1516291200000,1.2889],[1516464000000,2.0],[1516550400000,1.2548],[1516636800000,1.0468],[1516723200000,1.0326],[1516809600000,0.9097],[1516896000000,1.2437],[1517068800000,2.0011],[1517155200000,1.3376999999999999],[1517241600000,0.9938],[1517328000000,1.385],[1517414400000,1.0695],[1517500800000,1.0025],[1517673600000,1.9437],[1517760000000,0.9806],[1517846400000,0.9714]];
/*基金收益走势图   7日年化收益率*/
var Data_sevenDaysYearIncome = [[1484496000000,3.264],[1484582400000,3.227],[1484668800000,3.283],[1484755200000,3.374],[1484841600000,3.459],[1485014400000,3.568],[1485100800000,3.681],[1485187200000,3.786],[1485273600000,3.866],[1485360000000,3.898],[1485964800000,3.691],[1486051200000,3.693],[1486224000000,3.698],[1486310400000,3.555],[1486396800000,3.428],[1486483200000,3.386],[1486569600000,3.369],[1486656000000,3.365],[1486828800000,3.241],[1486915200000,3.348],[1487001600000,3.191],[1487088000000,3.185],[1487174400000,3.143],[1487260800000,3.178],[1487433600000,3.197],[1487520000000,3.176],[1487606400000,3.531],[1487692800000,3.589],[1487779200000,3.658],[1487865600000,3.614],[1488038400000,3.752],[1488124800000,3.829],[1488211200000,3.768],[1488297600000,3.743],[1488384000000,3.566],[1488470400000,3.857],[1488643200000,3.597],[1488729600000,3.429],[1488816000000,3.353],[1488902400000,3.248],[1488988800000,3.277],[1489075200000,3.004],[1489248000000,2.941],[1489334400000,3.124],[1489420800000,3.532],[1489507200000,3.547],[1489593600000,3.884],[1489680000000,3.953],[1489852800000,4.142],[1489939200000,4.149],[1490025600000,3.933],[1490112000000,4.134],[1490198400000,4.168],[1490284800000,3.904],[1490457600000,4.003],[1490544000000,4.127],[1490630400000,4.027],[1490716800000,3.96],[1490803200000,3.895],[1490889600000,4.543],[1491235200000,4.545],[1491321600000,4.562],[1491408000000,4.434],[1491494400000,3.986],[1491667200000,3.949],[1491753600000,3.921],[1491840000000,3.867],[1491926400000,3.801],[1492012800000,3.733],[1492099200000,3.685],[1492272000000,3.531],[1492358400000,3.452],[1492444800000,3.407],[1492531200000,3.397],[1492617600000,3.404],[1492704000000,3.417],[1492876800000,3.472],[1492963200000,3.514],[1493049600000,3.551],[1493136000000,3.577],[1493222400000,3.601],[1493308800000,3.629],[1493568000000,3.731],[1493654400000,3.768],[1493740800000,3.794],[1493827200000,3.802],[1493913600000,3.765],[1494086400000,3.716],[1494172800000,3.776],[1494259200000,3.753],[1494345600000,3.705],[1494432000000,3.712],[1494518400000,3.727],[1494691200000,3.737],[1494777600000,3.654],[1494864000000,3.655],[1494950400000,3.684],[1495036800000,3.671],[1495123200000,3.672],[1495296000000,3.674],[1495382400000,3.706],[1495468800000,3.729],[1495555200000,3.78],[1495641600000,3.777],[1495728000000,3.79],[1496073600000,3.781],[1496160000000,3.712],[1496246400000,3.717],[1496332800000,3.777],[1496505600000,3.744],[1496592000000,3.768],[1496678400000,3.759],[1496764800000,3.751],[1496851200000,3.731],[1496937600000,3.634],[1497110400000,3.621],[1497196800000,3.559],[1497283200000,3.552],[1497369600000,3.553],[1497456000000,3.509],[1497542400000,3.539],[1497715200000,3.541],[1497801600000,3.614],[1497888000000,3.693],[1497974400000,3.731],[1498060800000,3.814],[1498147200000,4.101],[1498320000000,4.208],[1498406400000,4.337],[1498492800000,4.914],[1498579200000,4.989],[1498665600000,5.017],[1498752000000,4.789],[1498924800000,4.791],[1499011200000,4.667],[1499097600000,4.066],[1499184000000,4.002],[1499270400000,3.947],[1499356800000,3.867],[1499529600000,3.719],[1499616000000,3.643],[1499702400000,3.599],[1499788800000,3.541],[1499875200000,3.538],[1499961600000,3.535],[1500134400000,3.519],[1500220800000,3.585],[1500307200000,3.706],[1500393600000,3.715],[1500480000000,3.719],[1500566400000,3.823],[1500739200000,3.902],[1500825600000,3.94],[1500912000000,3.984],[1500998400000,3.934],[1501084800000,4.152],[1501171200000,4.25],[1501344000000,4.197],[1501430400000,4.181],[1501516800000,4.0],[1501603200000,4.05],[1501689600000,3.82],[1501776000000,3.574],[1501948800000,3.431],[1502035200000,3.444],[1502121600000,3.51],[1502208000000,3.553],[1502294400000,3.497],[1502380800000,3.486],[1502553600000,3.504],[1502640000000,3.482],[1502726400000,3.493],[1502812800000,3.457],[1502899200000,3.459],[1502985600000,3.542],[1503158400000,3.639],[1503244800000,3.568],[1503331200000,3.591],[1503417600000,3.71],[1503504000000,3.749],[1503590400000,3.78],[1503763200000,3.779],[1503849600000,3.916],[1503936000000,3.786],[1504022400000,3.73],[1504108800000,3.782],[1504195200000,3.957],[1504368000000,3.971],[1504454400000,3.808],[1504540800000,4.022],[1504627200000,3.916],[1504713600000,3.773],[1504800000000,3.446],[1504972800000,3.246],[1505059200000,3.46],[1505145600000,3.582],[1505232000000,3.631],[1505318400000,3.674],[1505404800000,3.969],[1505577600000,4.101],[1505664000000,4.046],[1505750400000,3.844],[1505836800000,3.868],[1505923200000,3.969],[1506009600000,3.801],[1506182400000,3.866],[1506268800000,4.286],[1506355200000,4.653],[1506441600000,4.802],[1506528000000,4.882],[1506614400000,4.976],[1507392000000,4.278],[1507478400000,4.351],[1507564800000,4.353],[1507651200000,4.315],[1507737600000,4.266],[1507824000000,4.188],[1507996800000,4.02],[1508083200000,4.019],[1508169600000,4.056],[1508256000000,4.09],[1508342400000,4.033],[1508428800000,4.009],[1508601600000,3.953],[1508688000000,3.914],[1508774400000,3.755],[1508860800000,3.648],[1508947200000,3.753],[1509033600000,3.731],[1509206400000,3.72],[1509292800000,3.719],[1509379200000,3.739],[1509465600000,3.731],[1509552000000,3.708],[1509638400000,3.732],[1509811200000,3.683],[1509897600000,3.626],[1509984000000,3.591],[1510070400000,3.566],[1510156800000,3.727],[1510243200000,3.801],[1510416000000,3.741],[1510502400000,3.921],[1510588800000,3.958],[1510675200000,3.975],[1510761600000,3.708],[1510848000000,3.71],[1511020800000,3.843],[1511107200000,3.839],[1511193600000,3.874],[1511280000000,3.936],[1511366400000,3.931],[1511452800000,3.851],[1511625600000,3.866],[1511712000000,3.953],[1511798400000,3.941],[1511884800000,3.924],[1511971200000,3.856],[1512057600000,3.908],[1512230400000,3.941],[1512316800000,3.799],[1512403200000,3.77],[1512489600000,3.766],[1512576000000,3.852],[1512662400000,3.769],[1512835200000,3.658],[1512921600000,3.595],[1513008000000,3.966],[1513094400000,3.897],[1513180800000,3.841],[1513267200000,4.024],[1513440000000,4.045],[1513526400000,4.082],[1513612800000,3.837],[1513699200000,3.828],[1513785600000,3.899],[1513872000000,4.152],[1514044800000,4.217],[1514131200000,4.45],[1514217600000,4.57],[1514304000000,5.116],[1514390400000,5.215],[1514476800000,5.021],[1514649600000,5.441],[1514736000000,5.247],[1514822400000,4.896],[1514908800000,4.533],[1514995200000,4.503],[1515081600000,4.288],[1515254400000,3.835],[1515340800000,3.61],[1515427200000,3.782],[1515513600000,3.766],[1515600000000,3.641],[1515686400000,3.684],[1515859200000,3.573],[1515945600000,3.603],[1516032000000,3.637],[1516118400000,3.549],[1516204800000,3.74],[1516291200000,3.876],[1516464000000,4.054],[1516550400000,4.198],[1516636800000,4.141],[1516723200000,4.165],[1516809600000,4.006],[1516896000000,3.981],[1517068800000,3.982],[1517155200000,4.027],[1517241600000,3.998],[1517328000000,4.189],[1517414400000,4.276],[1517500800000,4.145],[1517673600000,4.114],[1517760000000,3.92],[1517846400000,3.908]];
/*资产配置*/
var Data_assetAllocationCurrency ={"categories":["12-31","09-30","06-30","03-31"],"series":[{"name":"股票","data":[null,null,null,null]},{"name":"债券","data":[41.38,29.77,29.88,28.78]},{"name":"现金","data":[29.93,27.94,37.55,38.72]}]};
/*累计收益率走势*/
var Data_grandTotal = [{"name":"前海开源货币E","data":[[1501948800000,0],[1502035200000,0.01],[1502121600000,0.02],[1502208000000,0.03],[1502294400000,0.04],[1502380800000,0.05],[1502553600000,0.07],[1502640000000,0.08],[1502726400000,0.09],[1502812800000,0.10],[1502899200000,0.11],[1502985600000,0.12],[1503158400000,0.13],[1503244800000,0.14],[1503331200000,0.16],[1503417600000,0.17],[1503504000000,0.18],[1503590400000,0.19],[1503763200000,0.21],[1503849600000,0.22],[1503936000000,0.23],[1504022400000,0.24],[1504108800000,0.25],[1504195200000,0.26],[1504368000000,0.28],[1504454400000,0.29],[1504540800000,0.30],[1504627200000,0.31],[1504713600000,0.32],[1504800000000,0.33],[1504972800000,0.34],[1505059200000,0.36],[1505145600000,0.37],[1505232000000,0.38],[1505318400000,0.39],[1505404800000,0.40],[1505577600000,0.42],[1505664000000,0.43],[1505750400000,0.44],[1505836800000,0.45],[1505923200000,0.46],[1506009600000,0.47],[1506182400000,0.49],[1506268800000,0.51],[1506355200000,0.53],[1506441600000,0.54],[1506528000000,0.56],[1506614400000,0.57],[1507392000000,0.67],[1507478400000,0.68],[1507564800000,0.70],[1507651200000,0.71],[1507737600000,0.72],[1507824000000,0.73],[1507996800000,0.75],[1508083200000,0.76],[1508169600000,0.77],[1508256000000,0.78],[1508342400000,0.79],[1508428800000,0.80],[1508601600000,0.82],[1508688000000,0.83],[1508774400000,0.84],[1508860800000,0.85],[1508947200000,0.87],[1509033600000,0.87],[1509206400000,0.89],[1509292800000,0.91],[1509379200000,0.92],[1509465600000,0.92],[1509552000000,0.94],[1509638400000,0.95],[1509811200000,0.96],[1509897600000,0.97],[1509984000000,0.98],[1510070400000,0.99],[1510156800000,1.01],[1510243200000,1.02],[1510416000000,1.03],[1510502400000,1.05],[1510588800000,1.06],[1510675200000,1.07],[1510761600000,1.08],[1510848000000,1.09],[1511020800000,1.11],[1511107200000,1.12],[1511193600000,1.13],[1511280000000,1.14],[1511366400000,1.15],[1511452800000,1.16],[1511625600000,1.18],[1511712000000,1.20],[1511798400000,1.21],[1511884800000,1.22],[1511971200000,1.23],[1512057600000,1.24],[1512230400000,1.26],[1512316800000,1.27],[1512403200000,1.28],[1512489600000,1.29],[1512576000000,1.30],[1512662400000,1.31],[1512835200000,1.33],[1512921600000,1.34],[1513008000000,1.35],[1513094400000,1.36],[1513180800000,1.37],[1513267200000,1.38],[1513440000000,1.40],[1513526400000,1.42],[1513612800000,1.43],[1513699200000,1.44],[1513785600000,1.45],[1513872000000,1.46],[1514044800000,1.48],[1514131200000,1.50],[1514217600000,1.51],[1514304000000,1.53],[1514390400000,1.55],[1514476800000,1.56],[1514649600000,1.59],[1514736000000,1.60],[1514822400000,1.61],[1514908800000,1.62],[1514995200000,1.63],[1515081600000,1.64],[1515254400000,1.66],[1515340800000,1.67],[1515427200000,1.68],[1515513600000,1.69],[1515600000000,1.70],[1515686400000,1.71],[1515859200000,1.73],[1515945600000,1.74],[1516032000000,1.75],[1516118400000,1.76],[1516204800000,1.77],[1516291200000,1.79],[1516464000000,1.81],[1516550400000,1.82],[1516636800000,1.83],[1516723200000,1.84],[1516809600000,1.85],[1516896000000,1.86],[1517068800000,1.88],[1517155200000,1.90],[1517241600000,1.91],[1517328000000,1.92],[1517414400000,1.93],[1517500800000,1.94],[1517673600000,1.96],[1517760000000,1.97],[1517846400000,1.98]]},{"name":"同类平均","data":[[1502035200000,0],[1502121600000,0.01],[1502208000000,0.02],[1502294400000,0.03],[1502380800000,0.04],[1502640000000,0.07],[1502726400000,0.08],[1502812800000,0.09],[1502899200000,0.10],[1502985600000,0.11],[1503244800000,0.14],[1503331200000,0.16],[1503417600000,0.17],[1503504000000,0.18],[1503590400000,0.19],[1503849600000,0.22],[1503936000000,0.23],[1504022400000,0.24],[1504108800000,0.25],[1504195200000,0.26],[1504454400000,0.29],[1504540800000,0.30],[1504627200000,0.31],[1504713600000,0.32],[1504800000000,0.34],[1505059200000,0.37],[1505145600000,0.38],[1505232000000,0.39],[1505318400000,0.40],[1505404800000,0.41],[1505664000000,0.44],[1505750400000,0.45],[1505836800000,0.46],[1505923200000,0.47],[1506009600000,0.48],[1506268800000,0.52],[1506355200000,0.53],[1506441600000,0.54],[1506528000000,0.55],[1506614400000,0.56],[1507478400000,0.67],[1507564800000,0.68],[1507651200000,0.69],[1507737600000,0.71],[1507824000000,0.72],[1508083200000,0.75],[1508169600000,0.76],[1508256000000,0.77],[1508342400000,0.78],[1508428800000,0.79],[1508688000000,0.82],[1508774400000,0.83],[1508860800000,0.84],[1508947200000,0.85],[1509033600000,0.86],[1509292800000,0.90],[1509379200000,0.91],[1509465600000,0.92],[1509552000000,0.93],[1509638400000,0.94],[1509897600000,0.97],[1509984000000,0.98],[1510070400000,0.99],[1510156800000,1.00],[1510243200000,1.01],[1510502400000,1.04],[1510588800000,1.06],[1510675200000,1.07],[1510761600000,1.08],[1510848000000,1.09],[1511107200000,1.12],[1511193600000,1.13],[1511280000000,1.14],[1511366400000,1.15],[1511452800000,1.16],[1511712000000,1.20],[1511798400000,1.21],[1511884800000,1.22],[1511971200000,1.23],[1512057600000,1.24],[1512316800000,1.28],[1512403200000,1.29],[1512489600000,1.30],[1512576000000,1.31],[1512662400000,1.32],[1512921600000,1.35],[1513008000000,1.36],[1513094400000,1.38],[1513180800000,1.39],[1513267200000,1.40],[1513526400000,1.43],[1513612800000,1.44],[1513699200000,1.46],[1513785600000,1.47],[1513872000000,1.48],[1514131200000,1.51],[1514217600000,1.53],[1514304000000,1.54],[1514390400000,1.55],[1514476800000,1.57],[1514822400000,1.62],[1514908800000,1.64],[1514995200000,1.65],[1515081600000,1.66],[1515340800000,1.69],[1515427200000,1.71],[1515513600000,1.72],[1515600000000,1.73],[1515686400000,1.74],[1515945600000,1.77],[1516032000000,1.79],[1516118400000,1.80],[1516204800000,1.81],[1516291200000,1.82],[1516550400000,1.86],[1516636800000,1.87],[1516723200000,1.88],[1516809600000,1.89],[1516896000000,1.90],[1517155200000,1.94],[1517241600000,1.95],[1517328000000,1.96],[1517414400000,1.97],[1517500800000,1.98],[1517760000000,2.02],[1517846400000,2.03]]},{"name":"沪深300","data":[[1502035200000,0],[1502121600000,0.15],[1502208000000,0.11],[1502294400000,-0.29],[1502380800000,-2.13],[1502640000000,-0.86],[1502726400000,-0.56],[1502812800000,-0.68],[1502899200000,-0.15],[1502985600000,-0.06],[1503244800000,0.38],[1503331200000,0.68],[1503417600000,0.79],[1503504000000,0.21],[1503590400000,1.85],[1503849600000,3.11],[1503936000000,2.89],[1504022400000,2.88],[1504108800000,2.56],[1504195200000,2.78],[1504454400000,3.19],[1504540800000,3.50],[1504627200000,3.29],[1504713600000,2.77],[1504800000000,2.66],[1505059200000,2.65],[1505145600000,2.98],[1505232000000,3.11],[1505318400000,2.77],[1505404800000,2.80],[1505664000000,3.12],[1505750400000,2.83],[1505836800000,3.10],[1505923200000,2.98],[1506009600000,2.98],[1506268800000,2.44],[1506355200000,2.52],[1506441600000,2.53],[1506528000000,2.57],[1506614400000,2.94],[1507478400000,4.17],[1507564800000,4.38],[1507651200000,4.72],[1507737600000,5.00],[1507824000000,5.21],[1508083200000,5.01],[1508169600000,5.00],[1508256000000,5.83],[1508342400000,5.49],[1508428800000,5.37],[1508688000000,5.47],[1508774400000,6.24],[1508860800000,6.71],[1508947200000,7.16],[1509033600000,7.92],[1509292800000,7.59],[1509379200000,7.51],[1509465600000,7.24],[1509552000000,7.25],[1509638400000,7.13],[1509897600000,7.89],[1509984000000,8.79],[1510070400000,8.62],[1510156800000,9.37],[1510243200000,10.33],[1510502400000,10.77],[1510588800000,10.00],[1510675200000,9.31],[1510761600000,10.15],[1510848000000,10.57],[1511107200000,11.19],[1511193600000,13.17],[1511280000000,13.44],[1511366400000,10.08],[1511452800000,10.13],[1511712000000,8.67],[1511798400000,8.83],[1511884800000,8.77],[1511971200000,7.49],[1512057600000,7.28],[1512316800000,7.84],[1512403200000,8.41],[1512489600000,7.76],[1512576000000,6.55],[1512662400000,7.42],[1512921600000,9.20],[1513008000000,7.76],[1513094400000,8.67],[1513180800000,8.03],[1513267200000,6.82],[1513526400000,6.94],[1513612800000,8.28],[1513699200000,8.15],[1513785600000,9.15],[1513872000000,8.80],[1514131200000,8.45],[1514217600000,8.77],[1514304000000,7.09],[1514390400000,7.84],[1514476800000,8.16],[1514822400000,9.68],[1514908800000,10.32],[1514995200000,10.79],[1515081600000,11.05],[1515340800000,11.63],[1515427200000,12.41],[1515513600000,12.91],[1515600000000,12.85],[1515686400000,13.37],[1515945600000,13.37],[1516032000000,14.27],[1516118400000,13.99],[1516204800000,14.61],[1516291200000,14.99],[1516550400000,16.36],[1516636800000,17.60],[1516723200000,17.79],[1516809600000,17.13],[1516896000000,17.56],[1517155200000,15.43],[1517241600000,14.20],[1517328000000,14.73],[1517414400000,13.93],[1517500800000,14.61],[1517760000000,14.69],[1517846400000,11.33]]}];
/*同类排名*/
var Data_rateInSimilarType = [{"x":1492358400000,"y":202,"sc":"543"},{"x":1492444800000,"y":201,"sc":"543"},{"x":1492531200000,"y":205,"sc":"543"},{"x":1492617600000,"y":207,"sc":"545"},{"x":1492704000000,"y":199,"sc":"545"},{"x":1492963200000,"y":220,"sc":"545"},{"x":1493049600000,"y":227,"sc":"547"},{"x":1493136000000,"y":231,"sc":"549"},{"x":1493222400000,"y":223,"sc":"549"},{"x":1493308800000,"y":215,"sc":"549"},{"x":1493654400000,"y":250,"sc":"549"},{"x":1493740800000,"y":249,"sc":"550"},{"x":1493827200000,"y":241,"sc":"550"},{"x":1493913600000,"y":259,"sc":"550"},{"x":1494172800000,"y":252,"sc":"550"},{"x":1494259200000,"y":251,"sc":"550"},{"x":1494345600000,"y":254,"sc":"550"},{"x":1494432000000,"y":247,"sc":"550"},{"x":1494518400000,"y":255,"sc":"550"},{"x":1494777600000,"y":251,"sc":"554"},{"x":1494864000000,"y":251,"sc":"556"},{"x":1494950400000,"y":258,"sc":"560"},{"x":1495036800000,"y":246,"sc":"560"},{"x":1495123200000,"y":255,"sc":"560"},{"x":1495382400000,"y":262,"sc":"560"},{"x":1495468800000,"y":262,"sc":"562"},{"x":1495555200000,"y":262,"sc":"564"},{"x":1495641600000,"y":250,"sc":"564"},{"x":1495728000000,"y":268,"sc":"564"},{"x":1496160000000,"y":274,"sc":"564"},{"x":1496246400000,"y":274,"sc":"564"},{"x":1496332800000,"y":269,"sc":"564"},{"x":1496592000000,"y":278,"sc":"566"},{"x":1496678400000,"y":270,"sc":"566"},{"x":1496764800000,"y":270,"sc":"566"},{"x":1496851200000,"y":268,"sc":"566"},{"x":1496937600000,"y":268,"sc":"566"},{"x":1497196800000,"y":273,"sc":"574"},{"x":1497283200000,"y":279,"sc":"574"},{"x":1497369600000,"y":301,"sc":"575"},{"x":1497456000000,"y":303,"sc":"575"},{"x":1497542400000,"y":321,"sc":"575"},{"x":1497801600000,"y":329,"sc":"577"},{"x":1497888000000,"y":331,"sc":"577"},{"x":1497974400000,"y":337,"sc":"575"},{"x":1498060800000,"y":341,"sc":"575"},{"x":1498147200000,"y":343,"sc":"576"},{"x":1498406400000,"y":340,"sc":"579"},{"x":1498492800000,"y":321,"sc":"579"},{"x":1498579200000,"y":321,"sc":"579"},{"x":1498665600000,"y":319,"sc":"579"},{"x":1498752000000,"y":350,"sc":"582"},{"x":1499011200000,"y":329,"sc":"582"},{"x":1499097600000,"y":357,"sc":"582"},{"x":1499184000000,"y":356,"sc":"583"},{"x":1499270400000,"y":359,"sc":"583"},{"x":1499356800000,"y":366,"sc":"583"},{"x":1499616000000,"y":370,"sc":"583"},{"x":1499702400000,"y":372,"sc":"583"},{"x":1499788800000,"y":377,"sc":"583"},{"x":1499875200000,"y":379,"sc":"583"},{"x":1499961600000,"y":380,"sc":"586"},{"x":1500220800000,"y":382,"sc":"586"},{"x":1500307200000,"y":376,"sc":"586"},{"x":1500393600000,"y":379,"sc":"589"},{"x":1500480000000,"y":383,"sc":"589"},{"x":1500566400000,"y":383,"sc":"593"},{"x":1500825600000,"y":384,"sc":"593"},{"x":1500912000000,"y":376,"sc":"593"},{"x":1500998400000,"y":386,"sc":"594"},{"x":1501084800000,"y":376,"sc":"594"},{"x":1501171200000,"y":373,"sc":"594"},{"x":1501430400000,"y":366,"sc":"594"},{"x":1501516800000,"y":380,"sc":"594"},{"x":1501603200000,"y":382,"sc":"594"},{"x":1501689600000,"y":384,"sc":"594"},{"x":1501776000000,"y":386,"sc":"594"},{"x":1502035200000,"y":397,"sc":"596"},{"x":1502121600000,"y":397,"sc":"596"},{"x":1502208000000,"y":395,"sc":"596"},{"x":1502294400000,"y":402,"sc":"596"},{"x":1502380800000,"y":413,"sc":"596"},{"x":1502640000000,"y":419,"sc":"596"},{"x":1502726400000,"y":419,"sc":"596"},{"x":1502812800000,"y":420,"sc":"596"},{"x":1502899200000,"y":427,"sc":"596"},{"x":1502985600000,"y":429,"sc":"596"},{"x":1503244800000,"y":435,"sc":"597"},{"x":1503331200000,"y":433,"sc":"597"},{"x":1503417600000,"y":432,"sc":"597"},{"x":1503504000000,"y":438,"sc":"596"},{"x":1503590400000,"y":439,"sc":"596"},{"x":1503849600000,"y":435,"sc":"600"},{"x":1503936000000,"y":431,"sc":"600"},{"x":1504022400000,"y":446,"sc":"600"},{"x":1504108800000,"y":445,"sc":"601"},{"x":1504195200000,"y":444,"sc":"601"},{"x":1504454400000,"y":451,"sc":"601"},{"x":1504540800000,"y":448,"sc":"601"},{"x":1504627200000,"y":450,"sc":"601"},{"x":1504713600000,"y":455,"sc":"601"},{"x":1504800000000,"y":460,"sc":"601"},{"x":1505059200000,"y":466,"sc":"603"},{"x":1505145600000,"y":452,"sc":"603"},{"x":1505232000000,"y":456,"sc":"603"},{"x":1505318400000,"y":461,"sc":"605"},{"x":1505404800000,"y":453,"sc":"605"},{"x":1505664000000,"y":453,"sc":"606"},{"x":1505750400000,"y":454,"sc":"606"},{"x":1505836800000,"y":453,"sc":"603"},{"x":1505923200000,"y":451,"sc":"603"},{"x":1506009600000,"y":453,"sc":"603"},{"x":1506268800000,"y":445,"sc":"603"},{"x":1506355200000,"y":428,"sc":"603"},{"x":1506441600000,"y":455,"sc":"604"},{"x":1506528000000,"y":453,"sc":"604"},{"x":1506614400000,"y":448,"sc":"606"},{"x":1507478400000,"y":411,"sc":"606"},{"x":1507564800000,"y":413,"sc":"607"},{"x":1507651200000,"y":411,"sc":"607"},{"x":1507737600000,"y":414,"sc":"611"},{"x":1507824000000,"y":417,"sc":"611"},{"x":1508083200000,"y":412,"sc":"612"},{"x":1508169600000,"y":407,"sc":"612"},{"x":1508256000000,"y":408,"sc":"611"},{"x":1508342400000,"y":405,"sc":"611"},{"x":1508428800000,"y":406,"sc":"611"},{"x":1508688000000,"y":409,"sc":"606"},{"x":1508774400000,"y":411,"sc":"606"},{"x":1508860800000,"y":418,"sc":"607"},{"x":1508947200000,"y":408,"sc":"607"},{"x":1509033600000,"y":427,"sc":"607"},{"x":1509292800000,"y":426,"sc":"609"},{"x":1509379200000,"y":431,"sc":"610"},{"x":1509465600000,"y":433,"sc":"610"},{"x":1509552000000,"y":428,"sc":"613"},{"x":1509638400000,"y":421,"sc":"617"},{"x":1509897600000,"y":418,"sc":"621"},{"x":1509984000000,"y":426,"sc":"621"},{"x":1510070400000,"y":428,"sc":"621"},{"x":1510156800000,"y":420,"sc":"623"},{"x":1510243200000,"y":416,"sc":"623"},{"x":1510502400000,"y":395,"sc":"633"},{"x":1510588800000,"y":399,"sc":"635"},{"x":1510675200000,"y":401,"sc":"635"},{"x":1510761600000,"y":402,"sc":"635"},{"x":1510848000000,"y":396,"sc":"636"},{"x":1511107200000,"y":383,"sc":"636"},{"x":1511193600000,"y":383,"sc":"636"},{"x":1511280000000,"y":386,"sc":"636"},{"x":1511366400000,"y":399,"sc":"636"},{"x":1511452800000,"y":398,"sc":"637"},{"x":1511712000000,"y":384,"sc":"640"},{"x":1511798400000,"y":389,"sc":"640"},{"x":1511884800000,"y":389,"sc":"640"},{"x":1511971200000,"y":403,"sc":"641"},{"x":1512057600000,"y":412,"sc":"643"},{"x":1512316800000,"y":397,"sc":"643"},{"x":1512403200000,"y":413,"sc":"643"},{"x":1512489600000,"y":410,"sc":"643"},{"x":1512576000000,"y":406,"sc":"644"},{"x":1512662400000,"y":402,"sc":"652"},{"x":1512921600000,"y":406,"sc":"652"},{"x":1513008000000,"y":406,"sc":"653"},{"x":1513094400000,"y":410,"sc":"653"},{"x":1513180800000,"y":411,"sc":"654"},{"x":1513267200000,"y":412,"sc":"656"},{"x":1513526400000,"y":416,"sc":"656"},{"x":1513612800000,"y":414,"sc":"656"},{"x":1513699200000,"y":422,"sc":"656"},{"x":1513785600000,"y":424,"sc":"655"},{"x":1513872000000,"y":401,"sc":"655"},{"x":1514131200000,"y":417,"sc":"655"},{"x":1514217600000,"y":432,"sc":"655"},{"x":1514304000000,"y":419,"sc":"654"},{"x":1514390400000,"y":424,"sc":"655"},{"x":1514476800000,"y":423,"sc":"655"},{"x":1514822400000,"y":397,"sc":"655"},{"x":1514908800000,"y":389,"sc":"655"},{"x":1514995200000,"y":380,"sc":"655"},{"x":1515081600000,"y":375,"sc":"655"},{"x":1515340800000,"y":493,"sc":"655"},{"x":1515427200000,"y":507,"sc":"655"},{"x":1515513600000,"y":505,"sc":"656"},{"x":1515600000000,"y":511,"sc":"657"},{"x":1515686400000,"y":509,"sc":"657"},{"x":1515945600000,"y":523,"sc":"657"},{"x":1516032000000,"y":527,"sc":"657"},{"x":1516118400000,"y":531,"sc":"657"},{"x":1516204800000,"y":532,"sc":"657"},{"x":1516291200000,"y":524,"sc":"657"},{"x":1516550400000,"y":518,"sc":"657"},{"x":1516636800000,"y":523,"sc":"657"},{"x":1516723200000,"y":523,"sc":"657"},{"x":1516809600000,"y":525,"sc":"657"},{"x":1516896000000,"y":526,"sc":"655"},{"x":1517155200000,"y":516,"sc":"656"},{"x":1517241600000,"y":525,"sc":"656"},{"x":1517328000000,"y":512,"sc":"656"},{"x":1517414400000,"y":509,"sc":"656"},{"x":1517500800000,"y":511,"sc":"656"},{"x":1517760000000,"y":511,"sc":"656"},{"x":1517846400000,"y":517,"sc":"656"}];
/*百分比排名*/
var Data_rateInSimilarPersent = [[1492358400000,62.8000],[1492444800000,62.9800],[1492531200000,62.2500],[1492617600000,62.0200],[1492704000000,63.4900],[1492963200000,59.6300],[1493049600000,58.5000],[1493136000000,57.9200],[1493222400000,59.3800],[1493308800000,60.8400],[1493654400000,54.4600],[1493740800000,54.7300],[1493827200000,56.1800],[1493913600000,52.9100],[1494172800000,54.1800],[1494259200000,54.3600],[1494345600000,53.8200],[1494432000000,55.0900],[1494518400000,53.6400],[1494777600000,54.6900],[1494864000000,54.8600],[1494950400000,53.9300],[1495036800000,56.0700],[1495123200000,54.4600],[1495382400000,53.2100],[1495468800000,53.3800],[1495555200000,53.5500],[1495641600000,55.6700],[1495728000000,52.4800],[1496160000000,51.4200],[1496246400000,51.4200],[1496332800000,52.3000],[1496592000000,50.8800],[1496678400000,52.3000],[1496764800000,52.3000],[1496851200000,52.6500],[1496937600000,52.6500],[1497196800000,52.4400],[1497283200000,51.3900],[1497369600000,47.6500],[1497456000000,47.3000],[1497542400000,44.1700],[1497801600000,42.9800],[1497888000000,42.6300],[1497974400000,41.3900],[1498060800000,40.7000],[1498147200000,40.4500],[1498406400000,41.2800],[1498492800000,44.5600],[1498579200000,44.5600],[1498665600000,44.9100],[1498752000000,39.8600],[1499011200000,43.4700],[1499097600000,38.6600],[1499184000000,38.9400],[1499270400000,38.4200],[1499356800000,37.2200],[1499616000000,36.5400],[1499702400000,36.1900],[1499788800000,35.3300],[1499875200000,34.9900],[1499961600000,35.1500],[1500220800000,34.8100],[1500307200000,35.8400],[1500393600000,35.6500],[1500480000000,34.9700],[1500566400000,35.4100],[1500825600000,35.2400],[1500912000000,36.5900],[1500998400000,35.0200],[1501084800000,36.7000],[1501171200000,37.2100],[1501430400000,38.3800],[1501516800000,36.0300],[1501603200000,35.6900],[1501689600000,35.3500],[1501776000000,35.0200],[1502035200000,33.3900],[1502121600000,33.3900],[1502208000000,33.7200],[1502294400000,32.5500],[1502380800000,30.7000],[1502640000000,29.7000],[1502726400000,29.7000],[1502812800000,29.5300],[1502899200000,28.3600],[1502985600000,28.0200],[1503244800000,27.1400],[1503331200000,27.4700],[1503417600000,27.6400],[1503504000000,26.5100],[1503590400000,26.3400],[1503849600000,27.5000],[1503936000000,28.1700],[1504022400000,25.6700],[1504108800000,25.9600],[1504195200000,26.1200],[1504454400000,24.9600],[1504540800000,25.4600],[1504627200000,25.1200],[1504713600000,24.2900],[1504800000000,23.4600],[1505059200000,22.7200],[1505145600000,25.0400],[1505232000000,24.3800],[1505318400000,23.8000],[1505404800000,25.1200],[1505664000000,25.2500],[1505750400000,25.0800],[1505836800000,24.8800],[1505923200000,25.2100],[1506009600000,24.8800],[1506268800000,26.2000],[1506355200000,29.0200],[1506441600000,24.6700],[1506528000000,25.00],[1506614400000,26.0700],[1507478400000,32.1800],[1507564800000,31.9600],[1507651200000,32.2900],[1507737600000,32.2400],[1507824000000,31.7500],[1508083200000,32.6800],[1508169600000,33.5000],[1508256000000,33.2200],[1508342400000,33.7200],[1508428800000,33.5500],[1508688000000,32.5100],[1508774400000,32.1800],[1508860800000,31.1400],[1508947200000,32.7800],[1509033600000,29.6500],[1509292800000,30.0500],[1509379200000,29.3400],[1509465600000,29.0200],[1509552000000,30.1800],[1509638400000,31.7700],[1509897600000,32.6900],[1509984000000,31.4000],[1510070400000,31.0800],[1510156800000,32.5800],[1510243200000,33.2300],[1510502400000,37.6000],[1510588800000,37.1700],[1510675200000,36.8500],[1510761600000,36.6900],[1510848000000,37.7400],[1511107200000,39.7800],[1511193600000,39.7800],[1511280000000,39.3100],[1511366400000,37.2600],[1511452800000,37.5200],[1511712000000,40.00],[1511798400000,39.2200],[1511884800000,39.2200],[1511971200000,37.1300],[1512057600000,35.9300],[1512316800000,38.2600],[1512403200000,35.7700],[1512489600000,36.2400],[1512576000000,36.9600],[1512662400000,38.3400],[1512921600000,37.7300],[1513008000000,37.8300],[1513094400000,37.2100],[1513180800000,37.1600],[1513267200000,37.2000],[1513526400000,36.5900],[1513612800000,36.8900],[1513699200000,35.6700],[1513785600000,35.2700],[1513872000000,38.7800],[1514131200000,36.3400],[1514217600000,34.0500],[1514304000000,35.9300],[1514390400000,35.2700],[1514476800000,35.4200],[1514822400000,39.3900],[1514908800000,40.6100],[1514995200000,41.9800],[1515081600000,42.7500],[1515340800000,24.7300],[1515427200000,22.6000],[1515513600000,23.0200],[1515600000000,22.2200],[1515686400000,22.5300],[1515945600000,20.4000],[1516032000000,19.7900],[1516118400000,19.1800],[1516204800000,19.0300],[1516291200000,20.2400],[1516550400000,21.1600],[1516636800000,20.4000],[1516723200000,20.4000],[1516809600000,20.0900],[1516896000000,19.6900],[1517155200000,21.3400],[1517241600000,19.9700],[1517328000000,21.9500],[1517414400000,22.4100],[1517500800000,22.1000],[1517760000000,22.1000],[1517846400000,21.1900]];
/*规模变动*/
var Data_fluctuationScale = {"categories":["2017-03-31","2017-06-30","2017-09-30","2017-12-31"],"series":[{"y":0.02,"mom":"--"},{"y":0.02,"mom":"-29.38%"},{"y":0.02,"mom":"39.14%"},{"y":0.03,"mom":"45.85%"}]};;
/*持有人结构*/
var Data_holderStructure = {"series":[{"name":"机构持有比例","data":[0.0]},{"name":"个人持有比例","data":[100.0]},{"name":"内部持有比例","data":[54.7671]}],"categories":["2017-06-30"]};
/*申购赎回*/
var Data_assetAllocation ={"series":[{"name":"期间申购","data":[0.07,0.08,0.11,0.16]},{"name":"期间赎回","data":[0.05,0.09,0.10,0.15]},{"name":"总份额","data":[0.02,0.02,0.02,0.03]}],"categories":["2017-03-31","2017-06-30","2017-09-30","2017-12-31"]};
/*现任基金经理*/
var Data_currentFundManager = [{"id":"30040309","pic":"https://pdf.dfcfw.com/pdf/H8_JPG30040309_1.jpg","name":"刘静","star":3,"workTime":"7年又104天","fundSize":"226.61亿(17只基金)","power":{"avr":"53.30","categories":["经验值","收益率","抗风险","稳定性","管理规模"],"dsc":["反映基金经理从业年限和管理基金的经验","根据基金经理投资的阶段收益评分，反映\u003cbr\u003e基金经理投资的盈利能力","反映基金经理投资的回撤控制能力","反映基金经理投资收益的波动","根据基金经理现任管理基金资产规模评分"],"data":[97.10,58.40,66.50,35.0,31.90],"jzrq":"2018-02-06"},"profit":{"categories":["任期收益","同类平均"],"series":[{"data":[{"name":null,"color":"#7cb5ec","y":4.0927},{"name":null,"color":"#414c7b","y":4.15}]}],"jzrq":"2018-02-06"}},{"id":"30201071","pic":"https://pdf.dfcfw.com/pdf/H8_JPG30201071_1.jpg","name":"汤丛珊","star":0,"workTime":"3年又117天","fundSize":"158.99亿(3只基金)","power":{"avr":"暂无数据","categories":["经验值","收益率","影响力","稳定性","管理规模"],"dsc":["反映基金经理从业年限和管理基金的经验","根据基金经理投资的阶段收益评分，反映\u003cbr\u003e基金经理投资的盈利能力","根据基金经理所管理基金的机构和个人投\u003cbr\u003e资者持有比例评分","反映基金经理投资收益的波动","根据基金经理现任管理基金资产规模评分"],"data":[null,null,null,null,null],"jzrq":"2018-02-06"},"profit":{"categories":["任期收益","同类平均"],"series":[{"data":[{"name":null,"color":"#7cb5ec","y":1.834},{"name":null,"color":"#414c7b","y":1.89}]}],"jzrq":"2018-02-06"}}] ;
/*同类型基金涨幅榜（页面底部通栏）*/
var swithSameType = [['002895_华夏天利货币B_5.8750','002894_华夏天利货币A_5.6210','004398_融通现金宝货币B_5.3370','000902_国开货币B_5.3360','001478_泰康薪意保货币B_5.1400'],['002895_华夏天利货币B_5.26','004973_长城收益宝货币B_5.08','004904_人保货币B_5.05','002884_华润元大现金通货币B_5.01','002894_华夏天利货币A_5.01'],['004973_长城收益宝货币B_5.05','004770_海富通添益货币A_4.99','002884_华润元大现金通货币B_4.99','005151_红土创新优淳货币B_4.90','002895_华夏天利货币B_4.89'],['004770_海富通添益货币A_5.39','004973_长城收益宝货币B_5.13','002884_华润元大现金通货币B_5.03','002895_华夏天利货币B_5.03','004398_融通现金宝货币B_5.01'],['003679_中融现金增利货币C_4.67','003474_南方天天利货币B_4.55','000836_国投瑞银钱多宝货币A_4.52','000837_国投瑞银钱多宝货币I_4.52','003753_工银如意货币B_4.51']];