/**
 * 测试数据
 * @type {arry}
 */
/*2018-02-07 18:00:40*/
//基金或股票信息
var fS_name = "泓德添利货币A";
var fS_code = "003997";
var fund_minsg="100";
var ishb=true;
/*原费率*/
var fund_sourceRate="0";
/*现费率*/
var fund_Rate="0";
/*最小申购金额*/
var fund_minsg="100";
/*收益率*/
/*近一年收益率*/
var syl_1n="";
/*近6月收益率*/
var syl_6y="2.0344";
/*近三月收益率*/
var syl_3y="1.0794";
/*近一月收益率*/
var syl_1y="0.3601";
/* 基金收益走势图 每万份收益*/
var Data_millionCopiesIncome = [[1493913600000,0.7715],[1494518400000,5.9522],[1494691200000,1.539],[1494777600000,0.7694],[1494864000000,0.7996],[1494950400000,0.7687],[1495036800000,0.7902],[1495123200000,0.7733],[1495296000000,0.9737],[1495382400000,0.7666],[1495468800000,0.8794],[1495555200000,0.9642],[1495641600000,0.9902],[1495728000000,1.0341],[1496073600000,3.9679],[1496160000000,0.9958],[1496246400000,0.9823],[1496332800000,0.982],[1496505600000,1.9677],[1496592000000,0.9764],[1496678400000,0.9766],[1496764800000,0.9744],[1496851200000,0.9743],[1496937600000,0.9911],[1497110400000,1.9833],[1497196800000,0.9888],[1497283200000,0.9888],[1497369600000,0.9907],[1497456000000,1.001],[1497542400000,1.0151],[1497715200000,2.0297],[1497801600000,1.0029],[1497888000000,1.0196],[1497974400000,1.0529],[1498060800000,1.073],[1498147200000,0.9518],[1498320000000,1.6375],[1498406400000,0.9827],[1498492800000,1.0506],[1498579200000,1.1318],[1498665600000,1.1437],[1498752000000,1.1627],[1498924800000,2.2788],[1499011200000,1.1412],[1499097600000,1.1572],[1499184000000,1.1134],[1499270400000,1.1481],[1499356800000,1.117],[1499529600000,2.2321],[1499616000000,1.0574],[1499702400000,1.057],[1499788800000,1.0273],[1499875200000,1.0334],[1499961600000,1.0499],[1500134400000,1.9912],[1500220800000,1.0305],[1500307200000,1.0248],[1500393600000,1.0686],[1500480000000,1.0927],[1500566400000,1.0393],[1500739200000,2.074],[1500825600000,1.0529],[1500912000000,1.092],[1500998400000,1.0531],[1501084800000,1.0118],[1501171200000,1.0313],[1501344000000,2.0615],[1501430400000,1.0113],[1501516800000,1.0202],[1501603200000,1.0411],[1501689600000,1.0166],[1501776000000,1.0232],[1501948800000,2.0384],[1502035200000,1.0588],[1502121600000,1.0139],[1502208000000,0.992],[1502294400000,0.9929],[1502380800000,0.9929],[1502553600000,1.9831],[1502640000000,0.9908],[1502726400000,0.9951],[1502812800000,1.3476],[1502899200000,1.0746],[1502985600000,1.025],[1503158400000,2.0618],[1503244800000,0.9839],[1503331200000,0.9091],[1503417600000,1.0165],[1503504000000,1.0137],[1503590400000,1.016],[1503763200000,2.0433],[1503849600000,1.0414],[1503936000000,1.0146],[1504022400000,1.0485],[1504108800000,1.0511],[1504195200000,1.0487],[1504368000000,2.0966],[1504454400000,1.0097],[1504540800000,1.0004],[1504627200000,1.0025],[1504713600000,0.9956],[1504800000000,1.0005],[1504972800000,2.0022],[1505059200000,1.0012],[1505145600000,1.0004],[1505232000000,1.0222],[1505318400000,1.0302],[1505404800000,1.0412],[1505577600000,2.0543],[1505664000000,1.0269],[1505750400000,1.0204],[1505836800000,1.0286],[1505923200000,1.0308],[1506009600000,1.0354],[1506182400000,2.0738],[1506268800000,1.037],[1506355200000,1.0937],[1506441600000,1.2049],[1506528000000,1.1258],[1506614400000,1.1554],[1507392000000,10.3903],[1507478400000,1.1732],[1507564800000,1.195],[1507651200000,1.1759],[1507737600000,1.1923],[1507824000000,1.1255],[1507996800000,2.2465],[1508083200000,1.1202],[1508169600000,1.113],[1508256000000,1.1139],[1508342400000,1.1218],[1508428800000,1.1031],[1508601600000,2.223],[1508688000000,1.0453],[1508774400000,0.9413],[1508860800000,0.8504],[1508947200000,0.8458],[1509033600000,0.6866],[1509206400000,1.3937],[1509292800000,0.7095],[1509379200000,0.7805],[1509465600000,0.7799],[1509552000000,0.7713],[1509638400000,0.7868],[1509811200000,1.5812],[1509897600000,0.7749],[1509984000000,0.2959],[1510070400000,0.2854],[1510156800000,0.2912],[1510243200000,1.9583],[1510416000000,1.4277],[1510502400000,0.7125],[1510588800000,0.6951],[1510675200000,0.6936],[1510761600000,0.702],[1510848000000,0.8677],[1511020800000,1.4334],[1511107200000,0.7086],[1511193600000,1.5635],[1511280000000,0.7192],[1511366400000,5.8495],[1511452800000,2.9296],[1511625600000,1.9942],[1511712000000,4.9799],[1511798400000,1.0155],[1511884800000,0.9737],[1511971200000,1.0068],[1512057600000,1.0294],[1512230400000,2.0388],[1512316800000,1.0033],[1512403200000,0.9537],[1512489600000,1.0366],[1512576000000,1.0612],[1512662400000,1.0906],[1512835200000,2.2023],[1512921600000,1.0812],[1513008000000,1.0696],[1513094400000,1.0576],[1513180800000,1.0494],[1513267200000,1.0815],[1513440000000,2.2212],[1513526400000,1.1116],[1513612800000,1.123],[1513699200000,1.0871],[1513785600000,1.1144],[1513872000000,1.093],[1514044800000,2.2034],[1514131200000,1.1149],[1514217600000,1.1806],[1514304000000,1.0671],[1514390400000,1.146],[1514476800000,1.2486],[1514649600000,2.4977],[1514736000000,1.2483],[1514822400000,1.2444],[1514908800000,1.25],[1514995200000,1.2587],[1515081600000,1.3569],[1515254400000,2.5076],[1515340800000,1.1701],[1515427200000,1.1648],[1515513600000,1.162],[1515600000000,1.1553],[1515686400000,1.0608],[1515859200000,2.1347],[1515945600000,1.0639],[1516032000000,1.0911],[1516118400000,1.0972],[1516204800000,1.1058],[1516291200000,1.1078],[1516464000000,2.2256],[1516550400000,1.1073],[1516636800000,1.1251],[1516723200000,1.1418],[1516809600000,1.1027],[1516896000000,1.114],[1517068800000,2.2313],[1517155200000,1.1134],[1517241600000,1.1159],[1517328000000,1.1182],[1517414400000,1.1214],[1517500800000,1.1224],[1517673600000,2.2497],[1517760000000,1.1209],[1517846400000,1.1212]];
/*基金收益走势图   7日年化收益率*/
var Data_sevenDaysYearIncome = [[1493913600000,1.418],[1494518400000,3.152],[1494691200000,2.926],[1494777600000,2.908],[1494864000000,2.907],[1494950400000,2.889],[1495036800000,2.892],[1495123200000,2.877],[1495296000000,2.574],[1495382400000,2.573],[1495468800000,2.616],[1495555200000,2.72],[1495641600000,2.827],[1495728000000,2.967],[1496073600000,3.694],[1496160000000,3.711],[1496246400000,3.706],[1496332800000,3.678],[1496505600000,3.669],[1496592000000,3.661],[1496678400000,3.653],[1496764800000,3.641],[1496851200000,3.637],[1496937600000,3.642],[1497110400000,3.65],[1497196800000,3.657],[1497283200000,3.664],[1497369600000,3.672],[1497456000000,3.687],[1497542400000,3.7],[1497715200000,3.725],[1497801600000,3.732],[1497888000000,3.749],[1497974400000,3.783],[1498060800000,3.822],[1498147200000,3.788],[1498320000000,3.575],[1498406400000,3.565],[1498492800000,3.581],[1498579200000,3.624],[1498665600000,3.662],[1498752000000,3.776],[1498924800000,4.124],[1499011200000,4.21],[1499097600000,4.268],[1499184000000,4.258],[1499270400000,4.26],[1499356800000,4.235],[1499529600000,4.21],[1499616000000,4.164],[1499702400000,4.11],[1499788800000,4.063],[1499875200000,4.001],[1499961600000,3.965],[1500134400000,3.834],[1500220800000,3.82],[1500307200000,3.802],[1500393600000,3.825],[1500480000000,3.857],[1500566400000,3.851],[1500739200000,3.896],[1500825600000,3.908],[1500912000000,3.944],[1500998400000,3.936],[1501084800000,3.892],[1501171200000,3.888],[1501344000000,3.881],[1501430400000,3.858],[1501516800000,3.82],[1501603200000,3.813],[1501689600000,3.816],[1501776000000,3.811],[1501948800000,3.799],[1502035200000,3.825],[1502121600000,3.821],[1502208000000,3.795],[1502294400000,3.782],[1502380800000,3.765],[1502553600000,3.735],[1502640000000,3.699],[1502726400000,3.688],[1502812800000,3.881],[1502899200000,3.925],[1502985600000,3.943],[1503158400000,3.985],[1503244800000,3.981],[1503331200000,3.935],[1503417600000,3.756],[1503504000000,3.723],[1503590400000,3.718],[1503763200000,3.708],[1503849600000,3.739],[1503936000000,3.796],[1504022400000,3.813],[1504108800000,3.834],[1504195200000,3.851],[1504368000000,3.88],[1504454400000,3.863],[1504540800000,3.855],[1504627200000,3.83],[1504713600000,3.8],[1504800000000,3.774],[1504972800000,3.723],[1505059200000,3.718],[1505145600000,3.718],[1505232000000,3.729],[1505318400000,3.748],[1505404800000,3.77],[1505577600000,3.798],[1505664000000,3.812],[1505750400000,3.823],[1505836800000,3.826],[1505923200000,3.827],[1506009600000,3.824],[1506182400000,3.834],[1506268800000,3.84],[1506355200000,3.879],[1506441600000,3.975],[1506528000000,4.026],[1506614400000,4.091],[1507392000000,4.303],[1507478400000,4.313],[1507564800000,4.335],[1507651200000,4.347],[1507737600000,4.368],[1507824000000,4.352],[1507996800000,4.318],[1508083200000,4.29],[1508169600000,4.245],[1508256000000,4.211],[1508342400000,4.173],[1508428800000,4.161],[1508601600000,4.148],[1508688000000,4.107],[1508774400000,4.014],[1508860800000,3.871],[1508947200000,3.722],[1509033600000,3.497],[1509206400000,3.051],[1509292800000,2.87],[1509379200000,2.784],[1509465600000,2.746],[1509552000000,2.706],[1509638400000,2.76],[1509811200000,2.861],[1509897600000,2.896],[1509984000000,2.636],[1510070400000,2.372],[1510156800000,2.116],[1510243200000,2.741],[1510416000000,2.659],[1510502400000,2.626],[1510588800000,2.84],[1510675200000,3.059],[1510761600000,3.28],[1510848000000,2.694],[1511020800000,2.697],[1511107200000,2.695],[1511193600000,3.161],[1511280000000,3.175],[1511366400000,5.981],[1511452800000,7.126],[1511625600000,7.44],[1511712000000,9.859],[1511798400000,9.545],[1511884800000,9.691],[1511971200000,6.957],[1512057600000,5.902],[1512230400000,5.927],[1512316800000,3.754],[1512403200000,3.72],[1512489600000,3.754],[1512576000000,3.784],[1512662400000,3.817],[1512835200000,3.905],[1512921600000,3.948],[1513008000000,4.01],[1513094400000,4.022],[1513180800000,4.015],[1513267200000,4.011],[1513440000000,4.021],[1513526400000,4.037],[1513612800000,4.066],[1513699200000,4.082],[1513785600000,4.117],[1513872000000,4.124],[1514044800000,4.114],[1514131200000,4.116],[1514217600000,4.147],[1514304000000,4.136],[1514390400000,4.153],[1514476800000,4.238],[1514649600000,4.398],[1514736000000,4.471],[1514822400000,4.505],[1514908800000,4.605],[1514995200000,4.667],[1515081600000,4.726],[1515254400000,4.731],[1515340800000,4.689],[1515427200000,4.645],[1515513600000,4.597],[1515600000000,4.541],[1515686400000,4.379],[1515859200000,4.177],[1515945600000,4.119],[1516032000000,4.079],[1516118400000,4.044],[1516204800000,4.017],[1516291200000,4.042],[1516464000000,4.092],[1516550400000,4.115],[1516636800000,4.134],[1516723200000,4.158],[1516809600000,4.156],[1516896000000,4.16],[1517068800000,4.163],[1517155200000,4.166],[1517241600000,4.161],[1517328000000,4.148],[1517414400000,4.158],[1517500800000,4.163],[1517673600000,4.173],[1517760000000,4.177],[1517846400000,4.18]];
/*资产配置*/
var Data_assetAllocationCurrency ={"categories":["12-31","09-30"],"series":[{"name":"股票","data":[null,null]},{"name":"债券","data":[55.59,60.07]},{"name":"现金","data":[35.16,36.3]}]};
/*累计收益率走势*/
var Data_grandTotal = [{"name":"泓德添利货币A","data":[[1501948800000,0],[1502035200000,0.01],[1502121600000,0.02],[1502208000000,0.03],[1502294400000,0.04],[1502380800000,0.05],[1502553600000,0.07],[1502640000000,0.08],[1502726400000,0.09],[1502812800000,0.10],[1502899200000,0.11],[1502985600000,0.12],[1503158400000,0.15],[1503244800000,0.16],[1503331200000,0.16],[1503417600000,0.17],[1503504000000,0.18],[1503590400000,0.19],[1503763200000,0.22],[1503849600000,0.23],[1503936000000,0.24],[1504022400000,0.25],[1504108800000,0.26],[1504195200000,0.27],[1504368000000,0.29],[1504454400000,0.30],[1504540800000,0.31],[1504627200000,0.32],[1504713600000,0.33],[1504800000000,0.34],[1504972800000,0.36],[1505059200000,0.37],[1505145600000,0.38],[1505232000000,0.39],[1505318400000,0.40],[1505404800000,0.41],[1505577600000,0.43],[1505664000000,0.44],[1505750400000,0.45],[1505836800000,0.46],[1505923200000,0.47],[1506009600000,0.48],[1506182400000,0.50],[1506268800000,0.51],[1506355200000,0.52],[1506441600000,0.54],[1506528000000,0.55],[1506614400000,0.56],[1507392000000,0.66],[1507478400000,0.68],[1507564800000,0.69],[1507651200000,0.70],[1507737600000,0.71],[1507824000000,0.72],[1507996800000,0.75],[1508083200000,0.76],[1508169600000,0.77],[1508256000000,0.78],[1508342400000,0.79],[1508428800000,0.80],[1508601600000,0.82],[1508688000000,0.83],[1508774400000,0.84],[1508860800000,0.85],[1508947200000,0.86],[1509033600000,0.87],[1509206400000,0.88],[1509292800000,0.89],[1509379200000,0.90],[1509465600000,0.91],[1509552000000,0.91],[1509638400000,0.92],[1509811200000,0.94],[1509897600000,0.94],[1509984000000,0.95],[1510070400000,0.95],[1510156800000,0.95],[1510243200000,0.97],[1510416000000,0.99],[1510502400000,1.00],[1510588800000,1.00],[1510675200000,1.01],[1510761600000,1.02],[1510848000000,1.02],[1511020800000,1.04],[1511107200000,1.05],[1511193600000,1.06],[1511280000000,1.07],[1511366400000,1.13],[1511452800000,1.16],[1511625600000,1.18],[1511712000000,1.23],[1511798400000,1.24],[1511884800000,1.25],[1511971200000,1.26],[1512057600000,1.27],[1512230400000,1.29],[1512316800000,1.30],[1512403200000,1.31],[1512489600000,1.32],[1512576000000,1.33],[1512662400000,1.34],[1512835200000,1.36],[1512921600000,1.38],[1513008000000,1.39],[1513094400000,1.40],[1513180800000,1.41],[1513267200000,1.42],[1513440000000,1.44],[1513526400000,1.45],[1513612800000,1.46],[1513699200000,1.48],[1513785600000,1.49],[1513872000000,1.50],[1514044800000,1.52],[1514131200000,1.53],[1514217600000,1.54],[1514304000000,1.55],[1514390400000,1.57],[1514476800000,1.58],[1514649600000,1.60],[1514736000000,1.62],[1514822400000,1.63],[1514908800000,1.64],[1514995200000,1.65],[1515081600000,1.67],[1515254400000,1.69],[1515340800000,1.71],[1515427200000,1.72],[1515513600000,1.73],[1515600000000,1.74],[1515686400000,1.75],[1515859200000,1.77],[1515945600000,1.78],[1516032000000,1.80],[1516118400000,1.81],[1516204800000,1.82],[1516291200000,1.83],[1516464000000,1.85],[1516550400000,1.86],[1516636800000,1.87],[1516723200000,1.89],[1516809600000,1.90],[1516896000000,1.91],[1517068800000,1.93],[1517155200000,1.94],[1517241600000,1.95],[1517328000000,1.97],[1517414400000,1.98],[1517500800000,1.99],[1517673600000,2.01],[1517760000000,2.02],[1517846400000,2.03]]},{"name":"同类平均","data":[[1502035200000,0],[1502121600000,0.01],[1502208000000,0.02],[1502294400000,0.03],[1502380800000,0.04],[1502640000000,0.07],[1502726400000,0.08],[1502812800000,0.09],[1502899200000,0.10],[1502985600000,0.11],[1503244800000,0.14],[1503331200000,0.16],[1503417600000,0.17],[1503504000000,0.18],[1503590400000,0.19],[1503849600000,0.22],[1503936000000,0.23],[1504022400000,0.24],[1504108800000,0.25],[1504195200000,0.26],[1504454400000,0.29],[1504540800000,0.30],[1504627200000,0.31],[1504713600000,0.32],[1504800000000,0.34],[1505059200000,0.37],[1505145600000,0.38],[1505232000000,0.39],[1505318400000,0.40],[1505404800000,0.41],[1505664000000,0.44],[1505750400000,0.45],[1505836800000,0.46],[1505923200000,0.47],[1506009600000,0.48],[1506268800000,0.52],[1506355200000,0.53],[1506441600000,0.54],[1506528000000,0.55],[1506614400000,0.56],[1507478400000,0.67],[1507564800000,0.68],[1507651200000,0.69],[1507737600000,0.71],[1507824000000,0.72],[1508083200000,0.75],[1508169600000,0.76],[1508256000000,0.77],[1508342400000,0.78],[1508428800000,0.79],[1508688000000,0.82],[1508774400000,0.83],[1508860800000,0.84],[1508947200000,0.85],[1509033600000,0.86],[1509292800000,0.90],[1509379200000,0.91],[1509465600000,0.92],[1509552000000,0.93],[1509638400000,0.94],[1509897600000,0.97],[1509984000000,0.98],[1510070400000,0.99],[1510156800000,1.00],[1510243200000,1.01],[1510502400000,1.04],[1510588800000,1.06],[1510675200000,1.07],[1510761600000,1.08],[1510848000000,1.09],[1511107200000,1.12],[1511193600000,1.13],[1511280000000,1.14],[1511366400000,1.15],[1511452800000,1.16],[1511712000000,1.20],[1511798400000,1.21],[1511884800000,1.22],[1511971200000,1.23],[1512057600000,1.24],[1512316800000,1.28],[1512403200000,1.29],[1512489600000,1.30],[1512576000000,1.31],[1512662400000,1.32],[1512921600000,1.35],[1513008000000,1.36],[1513094400000,1.38],[1513180800000,1.39],[1513267200000,1.40],[1513526400000,1.43],[1513612800000,1.44],[1513699200000,1.46],[1513785600000,1.47],[1513872000000,1.48],[1514131200000,1.51],[1514217600000,1.53],[1514304000000,1.54],[1514390400000,1.55],[1514476800000,1.57],[1514822400000,1.62],[1514908800000,1.64],[1514995200000,1.65],[1515081600000,1.66],[1515340800000,1.69],[1515427200000,1.71],[1515513600000,1.72],[1515600000000,1.73],[1515686400000,1.74],[1515945600000,1.77],[1516032000000,1.79],[1516118400000,1.80],[1516204800000,1.81],[1516291200000,1.82],[1516550400000,1.86],[1516636800000,1.87],[1516723200000,1.88],[1516809600000,1.89],[1516896000000,1.90],[1517155200000,1.94],[1517241600000,1.95],[1517328000000,1.96],[1517414400000,1.97],[1517500800000,1.98],[1517760000000,2.02],[1517846400000,2.03]]},{"name":"沪深300","data":[[1502035200000,0],[1502121600000,0.15],[1502208000000,0.11],[1502294400000,-0.29],[1502380800000,-2.13],[1502640000000,-0.86],[1502726400000,-0.56],[1502812800000,-0.68],[1502899200000,-0.15],[1502985600000,-0.06],[1503244800000,0.38],[1503331200000,0.68],[1503417600000,0.79],[1503504000000,0.21],[1503590400000,1.85],[1503849600000,3.11],[1503936000000,2.89],[1504022400000,2.88],[1504108800000,2.56],[1504195200000,2.78],[1504454400000,3.19],[1504540800000,3.50],[1504627200000,3.29],[1504713600000,2.77],[1504800000000,2.66],[1505059200000,2.65],[1505145600000,2.98],[1505232000000,3.11],[1505318400000,2.77],[1505404800000,2.80],[1505664000000,3.12],[1505750400000,2.83],[1505836800000,3.10],[1505923200000,2.98],[1506009600000,2.98],[1506268800000,2.44],[1506355200000,2.52],[1506441600000,2.53],[1506528000000,2.57],[1506614400000,2.94],[1507478400000,4.17],[1507564800000,4.38],[1507651200000,4.72],[1507737600000,5.00],[1507824000000,5.21],[1508083200000,5.01],[1508169600000,5.00],[1508256000000,5.83],[1508342400000,5.49],[1508428800000,5.37],[1508688000000,5.47],[1508774400000,6.24],[1508860800000,6.71],[1508947200000,7.16],[1509033600000,7.92],[1509292800000,7.59],[1509379200000,7.51],[1509465600000,7.24],[1509552000000,7.25],[1509638400000,7.13],[1509897600000,7.89],[1509984000000,8.79],[1510070400000,8.62],[1510156800000,9.37],[1510243200000,10.33],[1510502400000,10.77],[1510588800000,10.00],[1510675200000,9.31],[1510761600000,10.15],[1510848000000,10.57],[1511107200000,11.19],[1511193600000,13.17],[1511280000000,13.44],[1511366400000,10.08],[1511452800000,10.13],[1511712000000,8.67],[1511798400000,8.83],[1511884800000,8.77],[1511971200000,7.49],[1512057600000,7.28],[1512316800000,7.84],[1512403200000,8.41],[1512489600000,7.76],[1512576000000,6.55],[1512662400000,7.42],[1512921600000,9.20],[1513008000000,7.76],[1513094400000,8.67],[1513180800000,8.03],[1513267200000,6.82],[1513526400000,6.94],[1513612800000,8.28],[1513699200000,8.15],[1513785600000,9.15],[1513872000000,8.80],[1514131200000,8.45],[1514217600000,8.77],[1514304000000,7.09],[1514390400000,7.84],[1514476800000,8.16],[1514822400000,9.68],[1514908800000,10.32],[1514995200000,10.79],[1515081600000,11.05],[1515340800000,11.63],[1515427200000,12.41],[1515513600000,12.91],[1515600000000,12.85],[1515686400000,13.37],[1515945600000,13.37],[1516032000000,14.27],[1516118400000,13.99],[1516204800000,14.61],[1516291200000,14.99],[1516550400000,16.36],[1516636800000,17.60],[1516723200000,17.79],[1516809600000,17.13],[1516896000000,17.56],[1517155200000,15.43],[1517241600000,14.20],[1517328000000,14.73],[1517414400000,13.93],[1517500800000,14.61],[1517760000000,14.69],[1517846400000,11.33]]}];
/*同类排名*/
var Data_rateInSimilarType = [{"x":1502035200000,"y":465,"sc":"596"},{"x":1502121600000,"y":440,"sc":"596"},{"x":1502208000000,"y":421,"sc":"596"},{"x":1502294400000,"y":392,"sc":"596"},{"x":1502380800000,"y":374,"sc":"596"},{"x":1502640000000,"y":478,"sc":"596"},{"x":1502726400000,"y":478,"sc":"596"},{"x":1502812800000,"y":470,"sc":"596"},{"x":1502899200000,"y":462,"sc":"596"},{"x":1502985600000,"y":459,"sc":"596"},{"x":1503244800000,"y":436,"sc":"597"},{"x":1503331200000,"y":433,"sc":"597"},{"x":1503417600000,"y":432,"sc":"597"},{"x":1503504000000,"y":434,"sc":"596"},{"x":1503590400000,"y":435,"sc":"596"},{"x":1503849600000,"y":427,"sc":"600"},{"x":1503936000000,"y":424,"sc":"600"},{"x":1504022400000,"y":441,"sc":"600"},{"x":1504108800000,"y":443,"sc":"601"},{"x":1504195200000,"y":444,"sc":"601"},{"x":1504454400000,"y":445,"sc":"601"},{"x":1504540800000,"y":444,"sc":"601"},{"x":1504627200000,"y":445,"sc":"601"},{"x":1504713600000,"y":445,"sc":"601"},{"x":1504800000000,"y":449,"sc":"601"},{"x":1505059200000,"y":450,"sc":"603"},{"x":1505145600000,"y":449,"sc":"603"},{"x":1505232000000,"y":450,"sc":"603"},{"x":1505318400000,"y":452,"sc":"605"},{"x":1505404800000,"y":450,"sc":"605"},{"x":1505664000000,"y":450,"sc":"606"},{"x":1505750400000,"y":452,"sc":"606"},{"x":1505836800000,"y":449,"sc":"603"},{"x":1505923200000,"y":447,"sc":"603"},{"x":1506009600000,"y":450,"sc":"603"},{"x":1506268800000,"y":434,"sc":"603"},{"x":1506355200000,"y":426,"sc":"603"},{"x":1506441600000,"y":418,"sc":"604"},{"x":1506528000000,"y":418,"sc":"604"},{"x":1506614400000,"y":417,"sc":"606"},{"x":1507478400000,"y":416,"sc":"606"},{"x":1507564800000,"y":416,"sc":"607"},{"x":1507651200000,"y":419,"sc":"607"},{"x":1507737600000,"y":421,"sc":"611"},{"x":1507824000000,"y":422,"sc":"611"},{"x":1508083200000,"y":418,"sc":"612"},{"x":1508169600000,"y":415,"sc":"612"},{"x":1508256000000,"y":411,"sc":"611"},{"x":1508342400000,"y":408,"sc":"611"},{"x":1508428800000,"y":409,"sc":"611"},{"x":1508688000000,"y":403,"sc":"606"},{"x":1508774400000,"y":405,"sc":"606"},{"x":1508860800000,"y":409,"sc":"607"},{"x":1508947200000,"y":416,"sc":"607"},{"x":1509033600000,"y":429,"sc":"607"},{"x":1509292800000,"y":455,"sc":"609"},{"x":1509379200000,"y":457,"sc":"610"},{"x":1509465600000,"y":460,"sc":"610"},{"x":1509552000000,"y":468,"sc":"613"},{"x":1509638400000,"y":475,"sc":"617"},{"x":1509897600000,"y":501,"sc":"621"},{"x":1509984000000,"y":513,"sc":"621"},{"x":1510070400000,"y":527,"sc":"621"},{"x":1510156800000,"y":536,"sc":"623"},{"x":1510243200000,"y":525,"sc":"623"},{"x":1510502400000,"y":540,"sc":"633"},{"x":1510588800000,"y":548,"sc":"635"},{"x":1510675200000,"y":551,"sc":"635"},{"x":1510761600000,"y":562,"sc":"635"},{"x":1510848000000,"y":565,"sc":"636"},{"x":1511107200000,"y":572,"sc":"636"},{"x":1511193600000,"y":571,"sc":"636"},{"x":1511280000000,"y":570,"sc":"636"},{"x":1511366400000,"y":487,"sc":"636"},{"x":1511452800000,"y":442,"sc":"637"},{"x":1511712000000,"y":281,"sc":"640"},{"x":1511798400000,"y":281,"sc":"640"},{"x":1511884800000,"y":285,"sc":"640"},{"x":1511971200000,"y":292,"sc":"641"},{"x":1512057600000,"y":291,"sc":"643"},{"x":1512316800000,"y":295,"sc":"643"},{"x":1512403200000,"y":296,"sc":"643"},{"x":1512489600000,"y":297,"sc":"643"},{"x":1512576000000,"y":295,"sc":"644"},{"x":1512662400000,"y":294,"sc":"652"},{"x":1512921600000,"y":289,"sc":"652"},{"x":1513008000000,"y":295,"sc":"653"},{"x":1513094400000,"y":296,"sc":"653"},{"x":1513180800000,"y":294,"sc":"654"},{"x":1513267200000,"y":295,"sc":"656"},{"x":1513526400000,"y":294,"sc":"656"},{"x":1513612800000,"y":292,"sc":"656"},{"x":1513699200000,"y":292,"sc":"656"},{"x":1513785600000,"y":290,"sc":"655"},{"x":1513872000000,"y":289,"sc":"655"},{"x":1514131200000,"y":293,"sc":"655"},{"x":1514217600000,"y":295,"sc":"655"},{"x":1514304000000,"y":307,"sc":"654"},{"x":1514390400000,"y":312,"sc":"655"},{"x":1514476800000,"y":312,"sc":"655"},{"x":1514822400000,"y":307,"sc":"655"},{"x":1514908800000,"y":292,"sc":"655"},{"x":1514995200000,"y":277,"sc":"655"},{"x":1515081600000,"y":256,"sc":"655"},{"x":1515340800000,"y":341,"sc":"655"},{"x":1515427200000,"y":343,"sc":"655"},{"x":1515513600000,"y":347,"sc":"656"},{"x":1515600000000,"y":352,"sc":"657"},{"x":1515686400000,"y":357,"sc":"657"},{"x":1515945600000,"y":361,"sc":"657"},{"x":1516032000000,"y":363,"sc":"657"},{"x":1516118400000,"y":366,"sc":"657"},{"x":1516204800000,"y":370,"sc":"657"},{"x":1516291200000,"y":375,"sc":"657"},{"x":1516550400000,"y":392,"sc":"657"},{"x":1516636800000,"y":395,"sc":"657"},{"x":1516723200000,"y":384,"sc":"657"},{"x":1516809600000,"y":377,"sc":"657"},{"x":1516896000000,"y":370,"sc":"655"},{"x":1517155200000,"y":335,"sc":"656"},{"x":1517241600000,"y":320,"sc":"656"},{"x":1517328000000,"y":310,"sc":"656"},{"x":1517414400000,"y":305,"sc":"656"},{"x":1517500800000,"y":293,"sc":"656"},{"x":1517760000000,"y":261,"sc":"656"},{"x":1517846400000,"y":250,"sc":"656"}];
/*百分比排名*/
var Data_rateInSimilarPersent = [[1502035200000,21.9800],[1502121600000,26.1700],[1502208000000,29.3600],[1502294400000,34.2300],[1502380800000,37.2500],[1502640000000,19.8000],[1502726400000,19.8000],[1502812800000,21.1400],[1502899200000,22.4800],[1502985600000,22.9900],[1503244800000,26.9700],[1503331200000,27.4700],[1503417600000,27.6400],[1503504000000,27.1800],[1503590400000,27.0100],[1503849600000,28.8300],[1503936000000,29.3300],[1504022400000,26.5000],[1504108800000,26.2900],[1504195200000,26.1200],[1504454400000,25.9600],[1504540800000,26.1200],[1504627200000,25.9600],[1504713600000,25.9600],[1504800000000,25.2900],[1505059200000,25.3700],[1505145600000,25.5400],[1505232000000,25.3700],[1505318400000,25.2900],[1505404800000,25.6200],[1505664000000,25.7400],[1505750400000,25.4100],[1505836800000,25.5400],[1505923200000,25.8700],[1506009600000,25.3700],[1506268800000,28.0300],[1506355200000,29.3500],[1506441600000,30.7900],[1506528000000,30.7900],[1506614400000,31.1900],[1507478400000,31.3500],[1507564800000,31.4700],[1507651200000,30.9700],[1507737600000,31.1000],[1507824000000,30.9300],[1508083200000,31.7000],[1508169600000,32.1900],[1508256000000,32.7300],[1508342400000,33.2200],[1508428800000,33.0600],[1508688000000,33.5000],[1508774400000,33.1700],[1508860800000,32.6200],[1508947200000,31.4700],[1509033600000,29.3200],[1509292800000,25.2900],[1509379200000,25.0800],[1509465600000,24.5900],[1509552000000,23.6500],[1509638400000,23.0100],[1509897600000,19.3200],[1509984000000,17.3900],[1510070400000,15.1400],[1510156800000,13.9600],[1510243200000,15.7300],[1510502400000,14.6900],[1510588800000,13.7000],[1510675200000,13.2300],[1510761600000,11.5000],[1510848000000,11.1600],[1511107200000,10.0600],[1511193600000,10.2200],[1511280000000,10.3800],[1511366400000,23.4300],[1511452800000,30.6100],[1511712000000,56.0900],[1511798400000,56.0900],[1511884800000,55.4700],[1511971200000,54.4500],[1512057600000,54.7400],[1512316800000,54.1200],[1512403200000,53.9700],[1512489600000,53.8100],[1512576000000,54.1900],[1512662400000,54.9100],[1512921600000,55.6700],[1513008000000,54.8200],[1513094400000,54.6700],[1513180800000,55.0500],[1513267200000,55.0300],[1513526400000,55.1800],[1513612800000,55.4900],[1513699200000,55.4900],[1513785600000,55.7300],[1513872000000,55.8800],[1514131200000,55.2700],[1514217600000,54.9600],[1514304000000,53.0600],[1514390400000,52.3700],[1514476800000,52.3700],[1514822400000,53.1300],[1514908800000,55.4200],[1514995200000,57.7100],[1515081600000,60.9200],[1515340800000,47.9400],[1515427200000,47.6300],[1515513600000,47.1000],[1515600000000,46.4200],[1515686400000,45.6600],[1515945600000,45.0500],[1516032000000,44.7500],[1516118400000,44.2900],[1516204800000,43.6800],[1516291200000,42.9200],[1516550400000,40.3300],[1516636800000,39.8800],[1516723200000,41.5500],[1516809600000,42.6200],[1516896000000,43.5100],[1517155200000,48.9300],[1517241600000,51.2200],[1517328000000,52.7400],[1517414400000,53.5100],[1517500800000,55.3400],[1517760000000,60.2100],[1517846400000,61.8900]];
/*规模变动*/
var Data_fluctuationScale = {"categories":["2017-05-05","2017-05-12","2017-06-30","2017-09-30","2017-12-31"],"series":[{"y":0.00,"mom":"0.00%"},{"y":0.00,"mom":"0.06%"},{"y":0.00,"mom":"143.85%"},{"y":0.02,"mom":"445.43%"},{"y":1.40,"mom":"7901.36%"}]};;
/*持有人结构*/
var Data_holderStructure = {"series":[{"name":"机构持有比例","data":[]},{"name":"个人持有比例","data":[]},{"name":"内部持有比例","data":[]}],"categories":[]};
/*申购赎回*/
var Data_assetAllocation ={"series":[{"name":"期间申购","data":[0.06,4.73]},{"name":"期间赎回","data":[0.04,3.35]},{"name":"总份额","data":[0.02,1.40]}],"categories":["2017-09-30","2017-12-31"]};
/*现任基金经理*/
var Data_currentFundManager = [{"id":"30410909","pic":"https://pdf.dfcfw.com/pdf/H8_JPG30410909_1.jpg","name":"李倩","star":4,"workTime":"2年又49天","fundSize":"100.61亿(22只基金)","power":{"avr":"66.98","categories":["经验值","收益率","抗风险","稳定性","管理规模"],"dsc":["反映基金经理从业年限和管理基金的经验","根据基金经理投资的阶段收益评分，反映\u003cbr\u003e基金经理投资的盈利能力","反映基金经理投资的回撤控制能力","反映基金经理投资收益的波动","根据基金经理现任管理基金资产规模评分"],"data":[42.40,69.30,63.10,72.80,66.40],"jzrq":"2018-02-06"},"profit":{"categories":["任期收益","同类平均"],"series":[{"data":[{"name":null,"color":"#7cb5ec","y":2.9769},{"name":null,"color":"#414c7b","y":3.08}]}],"jzrq":"2018-02-06"}}] ;
/*同类型基金涨幅榜（页面底部通栏）*/
var swithSameType = [['002895_华夏天利货币B_5.8750','002894_华夏天利货币A_5.6210','004398_融通现金宝货币B_5.3370','000902_国开货币B_5.3360','001478_泰康薪意保货币B_5.1400'],['002895_华夏天利货币B_5.26','004973_长城收益宝货币B_5.08','004904_人保货币B_5.05','002884_华润元大现金通货币B_5.01','002894_华夏天利货币A_5.01'],['004973_长城收益宝货币B_5.05','004770_海富通添益货币A_4.99','002884_华润元大现金通货币B_4.99','005151_红土创新优淳货币B_4.90','002895_华夏天利货币B_4.89'],['004770_海富通添益货币A_5.39','004973_长城收益宝货币B_5.13','002884_华润元大现金通货币B_5.03','002895_华夏天利货币B_5.03','004398_融通现金宝货币B_5.01'],['003679_中融现金增利货币C_4.67','003474_南方天天利货币B_4.55','000836_国投瑞银钱多宝货币A_4.52','000837_国投瑞银钱多宝货币I_4.52','003753_工银如意货币B_4.51']];