/**
 * 测试数据
 * @type {arry}
 */
/*2018-02-07 16:11:05*/
//基金或股票信息
var fS_name = "嘉实活钱包货币E";
var fS_code = "002917";
var fund_minsg="";
var ishb=true;
/*原费率*/
var fund_sourceRate="0";
/*现费率*/
var fund_Rate="0";
/*最小申购金额*/
var fund_minsg="";
/*收益率*/
/*近一年收益率*/
var syl_1n="4.1079";
/*近6月收益率*/
var syl_6y="2.1138";
/*近三月收益率*/
var syl_3y="1.0955";
/*近一月收益率*/
var syl_1y="0.3771";
/* 基金收益走势图 每万份收益*/
var Data_millionCopiesIncome = [[1467302400000,0.6849],[1467475200000,1.2556],[1467561600000,1.6824],[1467648000000,0.7209],[1467734400000,0.0],[1467820800000,0.0],[1467907200000,0.7389],[1467993600000,0.682],[1468080000000,0.682],[1468166400000,0.7662],[1468252800000,0.7378],[1468339200000,0.6806],[1468425600000,1.0903],[1468512000000,0.6912],[1468598400000,0.6944],[1468684800000,0.6955],[1468771200000,1.2517],[1468857600000,0.7121],[1468944000000,0.6774],[1469030400000,0.9512],[1469116800000,1.068],[1469203200000,0.6729],[1469289600000,0.6729],[1469376000000,0.7006],[1469462400000,0.6929],[1469548800000,0.7308],[1469635200000,0.6826],[1469721600000,0.6805],[1469808000000,0.6649],[1469894400000,0.6649],[1469980800000,0.6522],[1470067200000,0.6708],[1470153600000,0.6711],[1470240000000,0.673],[1470326400000,0.8408],[1470412800000,0.6823],[1470499200000,0.6823],[1470585600000,0.6751],[1470672000000,0.6707],[1470758400000,0.6758],[1470844800000,0.677],[1470931200000,0.672],[1471017600000,0.6725],[1471104000000,0.6725],[1471190400000,0.6752],[1471276800000,0.6713],[1471363200000,0.674],[1471449600000,0.6609],[1471536000000,0.6571],[1471622400000,0.6373],[1471708800000,0.6372],[1471795200000,0.6448],[1471881600000,0.6456],[1471968000000,0.6367],[1472054400000,0.6301],[1472140800000,0.6297],[1472227200000,0.6315],[1472313600000,0.6314],[1472400000000,0.6289],[1472486400000,0.6294],[1472572800000,0.6354],[1472659200000,0.6051],[1472745600000,0.6363],[1472832000000,0.6354],[1472918400000,0.6353],[1473004800000,0.6312],[1473091200000,0.624],[1473177600000,0.626],[1473264000000,0.626],[1473350400000,0.6239],[1473436800000,0.6265],[1473523200000,0.6265],[1473609600000,0.6218],[1473696000000,0.6166],[1473782400000,0.6035],[1473868800000,0.606],[1473955200000,0.6059],[1474041600000,0.6059],[1474128000000,0.6059],[1474214400000,0.6072],[1474300800000,0.605],[1474387200000,0.6207],[1474473600000,0.619],[1474560000000,0.626],[1474646400000,0.6254],[1474732800000,0.6254],[1474819200000,0.6006],[1474905600000,0.651],[1474992000000,0.605],[1475078400000,0.6005],[1475164800000,0.5875],[1475251200000,0.5993],[1475337600000,0.5993],[1475424000000,0.5992],[1475510400000,0.5992],[1475596800000,0.5992],[1475683200000,0.5991],[1475769600000,0.5991],[1475856000000,0.5991],[1475942400000,0.599],[1476028800000,0.6089],[1476115200000,0.6129],[1476201600000,0.5917],[1476288000000,0.6101],[1476374400000,0.6089],[1476460800000,0.6077],[1476547200000,0.6077],[1476633600000,0.6076],[1476720000000,1.4071],[1476806400000,0.6123],[1476892800000,0.6152],[1476979200000,0.6206],[1477065600000,0.6121],[1477152000000,0.6121],[1477238400000,0.6149],[1477324800000,0.6091],[1477411200000,0.6114],[1477497600000,0.679],[1477584000000,1.4186],[1477670400000,0.592],[1477756800000,0.592],[1477843200000,0.6115],[1477929600000,0.6246],[1478016000000,0.637],[1478102400000,0.8762],[1478188800000,1.1662],[1478275200000,0.6529],[1478361600000,0.6529],[1478448000000,0.7894],[1478534400000,0.9882],[1478620800000,0.6697],[1478707200000,0.6617],[1478793600000,0.6675],[1478880000000,0.6753],[1478966400000,0.6753],[1479052800000,0.6378],[1479139200000,0.6693],[1479225600000,0.66],[1479312000000,0.6671],[1479398400000,0.6622],[1479484800000,0.6767],[1479571200000,0.6767],[1479657600000,0.6409],[1479744000000,0.5475],[1479830400000,0.6663],[1479916800000,0.6589],[1480003200000,0.6667],[1480089600000,0.658],[1480176000000,0.6579],[1480262400000,0.6582],[1480348800000,0.6616],[1480435200000,0.6534],[1480521600000,0.6431],[1480608000000,0.9208],[1480694400000,0.6644],[1480780800000,0.6643],[1480867200000,0.6767],[1480953600000,0.7056],[1481040000000,0.6675],[1481126400000,0.667],[1481212800000,0.6659],[1481299200000,0.6663],[1481385600000,0.6663],[1481472000000,0.6682],[1481558400000,0.6668],[1481644800000,0.6672],[1481731200000,0.5592],[1481817600000,0.5353],[1481904000000,0.5364],[1481990400000,0.5364],[1482076800000,0.5252],[1482163200000,1.5091],[1482249600000,0.6856],[1482336000000,0.7229],[1482422400000,0.7483],[1482508800000,0.7493],[1482595200000,0.7493],[1482681600000,0.7491],[1482768000000,0.7988],[1482854400000,0.7978],[1482940800000,0.9533],[1483027200000,0.7393],[1483113600000,0.7554],[1483200000000,0.7549],[1483286400000,0.7549],[1483372800000,0.7526],[1483459200000,0.7567],[1483545600000,0.6964],[1483632000000,0.6999],[1483718400000,0.6992],[1483804800000,0.6871],[1483891200000,0.6878],[1483977600000,0.7046],[1484064000000,0.7105],[1484150400000,1.1355],[1484236800000,0.7249],[1484323200000,0.7207],[1484409600000,0.7207],[1484496000000,0.7376],[1484582400000,0.7474],[1484668800000,0.7871],[1484755200000,1.2639],[1484841600000,0.8137],[1484928000000,0.8316],[1485014400000,0.8315],[1485100800000,0.8322],[1485187200000,0.8634],[1485273600000,0.864],[1485360000000,0.8477],[1485446400000,0.8676],[1485532800000,0.8675],[1485619200000,0.8674],[1485705600000,0.8673],[1485792000000,0.8673],[1485878400000,0.8672],[1485964800000,0.8671],[1486051200000,0.8691],[1486137600000,0.8655],[1486224000000,0.8654],[1486310400000,0.8646],[1486396800000,0.856],[1486483200000,1.2009],[1486569600000,0.8884],[1486656000000,0.9051],[1486742400000,0.9004],[1486828800000,0.9003],[1486915200000,0.8992],[1487001600000,0.9174],[1487088000000,0.9324],[1487174400000,0.9184],[1487260800000,0.9327],[1487347200000,0.9319],[1487433600000,0.9319],[1487520000000,0.9368],[1487606400000,0.9556],[1487692800000,0.9507],[1487779200000,0.9742],[1487865600000,0.9735],[1487952000000,0.9274],[1488038400000,0.9273],[1488124800000,0.9869],[1488211200000,0.9836],[1488297600000,0.9718],[1488384000000,0.9871],[1488470400000,0.9914],[1488556800000,0.989],[1488643200000,0.9889],[1488729600000,0.9806],[1488816000000,0.9645],[1488902400000,0.9967],[1488988800000,0.9714],[1489075200000,0.983],[1489161600000,0.9837],[1489248000000,0.9837],[1489334400000,0.9938],[1489420800000,0.9987],[1489507200000,0.9995],[1489593600000,0.9956],[1489680000000,1.0153],[1489766400000,1.0123],[1489852800000,1.0122],[1489939200000,1.0404],[1490025600000,1.0525],[1490112000000,1.0654],[1490198400000,1.0575],[1490284800000,1.0757],[1490371200000,1.072],[1490457600000,1.0656],[1490544000000,1.2191],[1490630400000,1.1143],[1490716800000,1.1164],[1490803200000,1.1153],[1490889600000,1.1005],[1490976000000,1.1181],[1491062400000,1.118],[1491148800000,1.1179],[1491235200000,1.1177],[1491321600000,1.109],[1491408000000,1.1043],[1491494400000,1.0745],[1491580800000,1.0457],[1491667200000,1.0456],[1491753600000,1.0175],[1491840000000,1.0444],[1491926400000,1.0109],[1492012800000,1.0283],[1492099200000,1.0128],[1492185600000,1.013],[1492272000000,1.0129],[1492358400000,1.0233],[1492444800000,1.0394],[1492531200000,1.0579],[1492617600000,1.0533],[1492704000000,1.0646],[1492790400000,1.0541],[1492876800000,1.054],[1492963200000,1.0561],[1493049600000,1.063],[1493136000000,1.3522],[1493222400000,1.052],[1493308800000,1.0484],[1493395200000,1.0553],[1493481600000,1.0552],[1493568000000,1.0551],[1493654400000,1.0668],[1493740800000,1.0594],[1493827200000,1.0564],[1493913600000,1.0657],[1494000000000,1.064],[1494086400000,1.0437],[1494172800000,1.0497],[1494259200000,1.0484],[1494345600000,1.0493],[1494432000000,1.0522],[1494518400000,1.0666],[1494604800000,1.0234],[1494691200000,1.0233],[1494777600000,1.0549],[1494864000000,1.0606],[1494950400000,1.0548],[1495036800000,1.0647],[1495123200000,1.0564],[1495209600000,1.0596],[1495296000000,1.0594],[1495382400000,1.1143],[1495468800000,1.3909],[1495555200000,1.0618],[1495641600000,1.0657],[1495728000000,1.0684],[1495814400000,1.0635],[1495900800000,1.0634],[1495987200000,1.0633],[1496073600000,1.0632],[1496160000000,1.0641],[1496246400000,1.0713],[1496332800000,1.086],[1496419200000,1.0861],[1496505600000,1.0845],[1496592000000,1.0753],[1496678400000,1.0991],[1496764800000,1.104],[1496851200000,1.0937],[1496937600000,1.1016],[1497024000000,1.1029],[1497110400000,1.1028],[1497196800000,1.1034],[1497283200000,1.1143],[1497369600000,1.1123],[1497456000000,1.1115],[1497542400000,1.1337],[1497628800000,1.1347],[1497715200000,1.1346],[1497801600000,1.1345],[1497888000000,1.1513],[1497974400000,1.1731],[1498060800000,1.1735],[1498147200000,1.1618],[1498233600000,1.1624],[1498320000000,1.1623],[1498406400000,1.1654],[1498492800000,1.1654],[1498579200000,1.1701],[1498665600000,1.1703],[1498752000000,1.1603],[1498838400000,1.1766],[1498924800000,1.1765],[1499011200000,1.178],[1499097600000,1.176],[1499184000000,1.1695],[1499270400000,1.17],[1499356800000,1.1504],[1499443200000,1.1504],[1499529600000,1.1487],[1499616000000,1.1523],[1499702400000,1.1684],[1499788800000,1.1661],[1499875200000,1.1697],[1499961600000,1.1835],[1500048000000,1.1825],[1500134400000,1.1235],[1500220800000,1.1528],[1500307200000,1.1545],[1500393600000,1.1324],[1500480000000,1.124],[1500566400000,1.1192],[1500652800000,1.0773],[1500739200000,1.0773],[1500825600000,1.0871],[1500912000000,1.093],[1500998400000,1.0913],[1501084800000,1.0921],[1501171200000,1.0897],[1501257600000,1.0906],[1501344000000,1.0905],[1501430400000,1.1003],[1501516800000,1.0975],[1501603200000,1.1156],[1501689600000,1.0958],[1501776000000,1.1013],[1501862400000,1.0807],[1501948800000,1.0807],[1502035200000,1.092],[1502121600000,1.0925],[1502208000000,1.3035],[1502294400000,1.1103],[1502380800000,1.1178],[1502467200000,1.1161],[1502553600000,1.1161],[1502640000000,1.1018],[1502726400000,1.085],[1502812800000,1.0893],[1502899200000,1.0778],[1502985600000,1.0943],[1503072000000,1.0946],[1503158400000,1.0945],[1503244800000,1.1062],[1503331200000,1.1054],[1503417600000,1.1013],[1503504000000,1.1028],[1503590400000,1.1],[1503676800000,1.0999],[1503763200000,1.0998],[1503849600000,1.1072],[1503936000000,1.1027],[1504022400000,1.1018],[1504108800000,1.1123],[1504195200000,1.1036],[1504281600000,1.116],[1504368000000,1.1105],[1504454400000,1.2205],[1504540800000,1.1019],[1504627200000,1.0976],[1504713600000,1.0858],[1504800000000,1.0889],[1504886400000,1.0861],[1504972800000,1.086],[1505059200000,1.0825],[1505145600000,1.0812],[1505232000000,1.0777],[1505318400000,1.0824],[1505404800000,1.0817],[1505491200000,1.0825],[1505577600000,1.0824],[1505664000000,1.0688],[1505750400000,1.0789],[1505836800000,1.1001],[1505923200000,1.3115],[1506009600000,1.0739],[1506096000000,1.0048],[1506182400000,0.9994],[1506268800000,1.1712],[1506355200000,1.0516],[1506441600000,1.0636],[1506528000000,1.096],[1506614400000,1.0217],[1506700800000,1.0331],[1506787200000,1.033],[1506873600000,1.033],[1506960000000,1.0329],[1507046400000,1.0328],[1507132800000,1.0327],[1507219200000,1.0326],[1507305600000,1.0325],[1507392000000,1.0325],[1507478400000,1.049],[1507564800000,1.0583],[1507651200000,1.0691],[1507737600000,1.5318],[1507824000000,1.1473],[1507910400000,1.0703],[1507996800000,1.0702],[1508083200000,1.0644],[1508169600000,1.0566],[1508256000000,1.0471],[1508342400000,1.234],[1508428800000,1.0483],[1508515200000,1.0475],[1508601600000,1.0475],[1508688000000,1.0349],[1508774400000,1.0489],[1508860800000,1.0555],[1508947200000,1.048],[1509033600000,1.0486],[1509120000000,1.05],[1509206400000,1.05],[1509292800000,1.0544],[1509379200000,1.0724],[1509465600000,1.0655],[1509552000000,1.0845],[1509638400000,1.0867],[1509724800000,1.0879],[1509811200000,1.0878],[1509897600000,1.0888],[1509984000000,1.0848],[1510070400000,1.0829],[1510156800000,1.0704],[1510243200000,1.6761],[1510329600000,1.0661],[1510416000000,1.0529],[1510502400000,1.6052],[1510588800000,1.0811],[1510675200000,1.1047],[1510761600000,1.1076],[1510848000000,1.1101],[1510934400000,1.099],[1511020800000,1.0787],[1511107200000,1.1286],[1511193600000,1.1356],[1511280000000,1.1208],[1511366400000,1.1248],[1511452800000,1.1384],[1511539200000,1.1399],[1511625600000,1.1398],[1511712000000,1.1417],[1511798400000,1.1432],[1511884800000,1.1486],[1511971200000,1.1244],[1512057600000,1.1435],[1512144000000,1.1327],[1512230400000,1.1326],[1512316800000,1.1513],[1512403200000,1.1453],[1512489600000,1.1584],[1512576000000,1.1517],[1512662400000,1.1518],[1512748800000,1.1518],[1512835200000,1.1518],[1512921600000,1.1406],[1513008000000,1.1374],[1513094400000,1.136],[1513180800000,1.136],[1513267200000,1.1522],[1513353600000,1.1498],[1513440000000,1.1497],[1513526400000,1.1799],[1513612800000,1.147],[1513699200000,1.1439],[1513785600000,1.1651],[1513872000000,1.1909],[1513958400000,1.1763],[1514044800000,1.1498],[1514131200000,1.3933],[1514217600000,1.1998],[1514304000000,1.1619],[1514390400000,1.2252],[1514476800000,1.1918],[1514649600000,2.398],[1514736000000,1.198],[1514822400000,1.2066],[1514908800000,1.2226],[1514995200000,1.2577],[1515081600000,1.3584],[1515168000000,1.1714],[1515254400000,1.1713],[1515340800000,1.1884],[1515427200000,1.2053],[1515513600000,1.5566],[1515600000000,1.1721],[1515686400000,1.1838],[1515772800000,1.1805],[1515859200000,1.1804],[1515945600000,1.2793],[1516032000000,1.1826],[1516118400000,1.1911],[1516204800000,1.1966],[1516291200000,1.1996],[1516377600000,1.1954],[1516464000000,1.1953],[1516550400000,1.1995],[1516636800000,1.2179],[1516723200000,1.3135],[1516809600000,1.1958],[1516896000000,1.2062],[1516982400000,1.2053],[1517068800000,1.2051],[1517155200000,1.1954],[1517241600000,1.1881],[1517328000000,1.1786],[1517414400000,1.1661],[1517500800000,1.1743],[1517587200000,1.1685],[1517673600000,1.1684],[1517760000000,1.3952],[1517846400000,1.1793]];
/*基金收益走势图   7日年化收益率*/
var Data_sevenDaysYearIncome = [[1467302400000,2.531],[1467475200000,2.389],[1467561600000,3.361],[1467648000000,3.222],[1467734400000,2.678],[1467820800000,2.291],[1467907200000,2.32],[1467993600000,2.348],[1468080000000,2.377],[1468166400000,1.889],[1468252800000,1.898],[1468339200000,2.261],[1468425600000,2.844],[1468512000000,2.818],[1468598400000,2.825],[1468684800000,2.832],[1468771200000,3.093],[1468857600000,3.079],[1468944000000,3.077],[1469030400000,3.002],[1469116800000,3.205],[1469203200000,3.193],[1469289600000,3.181],[1469376000000,2.885],[1469462400000,2.875],[1469548800000,2.904],[1469635200000,2.76],[1469721600000,2.552],[1469808000000,2.548],[1469894400000,2.544],[1469980800000,2.518],[1470067200000,2.506],[1470153600000,2.474],[1470240000000,2.469],[1470326400000,2.555],[1470412800000,2.564],[1470499200000,2.573],[1470585600000,2.585],[1470672000000,2.585],[1470758400000,2.588],[1470844800000,2.59],[1470931200000,2.5],[1471017600000,2.494],[1471104000000,2.489],[1471190400000,2.489],[1471276800000,2.49],[1471363200000,2.489],[1471449600000,2.48],[1471536000000,2.472],[1471622400000,2.453],[1471708800000,2.434],[1471795200000,2.418],[1471881600000,2.404],[1471968000000,2.385],[1472054400000,2.368],[1472140800000,2.353],[1472227200000,2.35],[1472313600000,2.347],[1472400000000,2.339],[1472486400000,2.33],[1472572800000,2.329],[1472659200000,2.316],[1472745600000,2.32],[1472832000000,2.322],[1472918400000,2.324],[1473004800000,2.325],[1473091200000,2.322],[1473177600000,2.317],[1473264000000,2.328],[1473350400000,2.322],[1473436800000,2.317],[1473523200000,2.312],[1473609600000,2.307],[1473696000000,2.303],[1473782400000,2.291],[1473868800000,2.281],[1473955200000,2.271],[1474041600000,2.26],[1474128000000,2.249],[1474214400000,2.241],[1474300800000,2.235],[1474387200000,2.244],[1474473600000,2.251],[1474560000000,2.262],[1474646400000,2.272],[1474732800000,2.283],[1474819200000,2.279],[1474905600000,2.304],[1474992000000,2.295],[1475078400000,2.285],[1475164800000,2.265],[1475251200000,2.251],[1475337600000,2.237],[1475424000000,2.236],[1475510400000,2.209],[1475596800000,2.206],[1475683200000,2.205],[1475769600000,2.211],[1475856000000,2.211],[1475942400000,2.211],[1476028800000,2.216],[1476115200000,2.223],[1476201600000,2.219],[1476288000000,2.225],[1476374400000,2.23],[1476460800000,2.235],[1476547200000,2.24],[1476633600000,2.239],[1476720000000,2.663],[1476806400000,2.674],[1476892800000,2.677],[1476979200000,2.683],[1477065600000,2.686],[1477152000000,2.688],[1477238400000,2.692],[1477324800000,2.265],[1477411200000,2.265],[1477497600000,2.299],[1477584000000,2.725],[1477670400000,2.715],[1477756800000,2.704],[1477843200000,2.702],[1477929600000,2.71],[1478016000000,2.724],[1478102400000,2.83],[1478188800000,2.695],[1478275200000,2.727],[1478361600000,2.76],[1478448000000,2.855],[1478534400000,3.05],[1478620800000,3.068],[1478707200000,2.953],[1478793600000,2.685],[1478880000000,2.697],[1478966400000,2.709],[1479052800000,2.628],[1479139200000,2.458],[1479225600000,2.453],[1479312000000,2.455],[1479398400000,2.453],[1479484800000,2.453],[1479571200000,2.454],[1479657600000,2.456],[1479744000000,2.391],[1479830400000,2.394],[1479916800000,2.39],[1480003200000,2.392],[1480089600000,2.382],[1480176000000,2.372],[1480262400000,2.381],[1480348800000,2.442],[1480435200000,2.435],[1480521600000,2.427],[1480608000000,2.563],[1480694400000,2.566],[1480780800000,2.57],[1480867200000,2.579],[1480953600000,2.603],[1481040000000,2.611],[1481126400000,2.623],[1481212800000,2.487],[1481299200000,2.488],[1481385600000,2.489],[1481472000000,2.485],[1481558400000,2.464],[1481644800000,2.464],[1481731200000,2.406],[1481817600000,2.336],[1481904000000,2.267],[1481990400000,2.198],[1482076800000,2.122],[1482163200000,2.571],[1482249600000,2.581],[1482336000000,2.669],[1482422400000,2.783],[1482508800000,2.897],[1482595200000,3.011],[1482681600000,3.131],[1482768000000,2.75],[1482854400000,2.81],[1482940800000,2.934],[1483027200000,2.929],[1483113600000,2.932],[1483200000000,2.935],[1483286400000,2.938],[1483372800000,2.914],[1483459200000,2.892],[1483545600000,2.754],[1483632000000,2.733],[1483718400000,2.703],[1483804800000,2.666],[1483891200000,2.63],[1483977600000,2.605],[1484064000000,2.58],[1484150400000,2.815],[1484236800000,2.829],[1484323200000,2.84],[1484409600000,2.858],[1484496000000,2.885],[1484582400000,2.908],[1484668800000,2.949],[1484755200000,3.018],[1484841600000,3.066],[1484928000000,3.125],[1485014400000,3.185],[1485100800000,3.236],[1485187200000,3.298],[1485273600000,3.34],[1485360000000,3.116],[1485446400000,3.145],[1485532800000,3.164],[1485619200000,3.183],[1485705600000,3.202],[1485792000000,3.204],[1485878400000,3.206],[1485964800000,3.216],[1486051200000,3.217],[1486137600000,3.216],[1486224000000,3.215],[1486310400000,3.214],[1486396800000,3.207],[1486483200000,3.387],[1486569600000,3.399],[1486656000000,3.418],[1486742400000,3.437],[1486828800000,3.456],[1486915200000,3.474],[1487001600000,3.507],[1487088000000,3.363],[1487174400000,3.379],[1487260800000,3.394],[1487347200000,3.411],[1487433600000,3.428],[1487520000000,3.448],[1487606400000,3.469],[1487692800000,3.479],[1487779200000,3.509],[1487865600000,3.531],[1487952000000,3.528],[1488038400000,3.526],[1488124800000,3.553],[1488211200000,3.568],[1488297600000,3.579],[1488384000000,3.586],[1488470400000,3.596],[1488556800000,3.629],[1488643200000,3.662],[1488729600000,3.659],[1488816000000,3.649],[1488902400000,3.662],[1488988800000,3.654],[1489075200000,3.649],[1489161600000,3.646],[1489248000000,3.644],[1489334400000,3.651],[1489420800000,3.669],[1489507200000,3.671],[1489593600000,3.684],[1489680000000,3.701],[1489766400000,3.717],[1489852800000,3.732],[1489939200000,3.757],[1490025600000,3.786],[1490112000000,3.822],[1490198400000,3.856],[1490284800000,3.888],[1490371200000,3.921],[1490457600000,3.95],[1490544000000,4.046],[1490630400000,4.08],[1490716800000,4.108],[1490803200000,4.139],[1490889600000,4.152],[1490976000000,4.178],[1491062400000,4.206],[1491148800000,4.151],[1491235200000,4.153],[1491321600000,4.149],[1491408000000,4.143],[1491494400000,4.129],[1491580800000,4.089],[1491667200000,4.05],[1491753600000,3.996],[1491840000000,3.956],[1491926400000,3.903],[1492012800000,3.862],[1492099200000,3.828],[1492185600000,3.811],[1492272000000,3.793],[1492358400000,3.796],[1492444800000,3.793],[1492531200000,3.819],[1492617600000,3.832],[1492704000000,3.86],[1492790400000,3.883],[1492876800000,3.905],[1492963200000,3.923],[1493049600000,3.935],[1493136000000,4.095],[1493222400000,4.094],[1493308800000,4.085],[1493395200000,4.086],[1493481600000,4.087],[1493568000000,4.086],[1493654400000,4.088],[1493740800000,3.93],[1493827200000,3.932],[1493913600000,3.941],[1494000000000,3.946],[1494086400000,3.94],[1494172800000,3.937],[1494259200000,3.927],[1494345600000,3.921],[1494432000000,3.919],[1494518400000,3.92],[1494604800000,3.898],[1494691200000,3.887],[1494777600000,3.889],[1494864000000,3.896],[1494950400000,3.899],[1495036800000,3.906],[1495123200000,3.9],[1495209600000,3.92],[1495296000000,3.939],[1495382400000,3.972],[1495468800000,4.151],[1495555200000,4.155],[1495641600000,4.155],[1495728000000,4.162],[1495814400000,4.164],[1495900800000,4.166],[1495987200000,4.138],[1496073600000,3.96],[1496160000000,3.962],[1496246400000,3.965],[1496332800000,3.974],[1496419200000,3.987],[1496505600000,3.998],[1496592000000,4.005],[1496678400000,4.024],[1496764800000,4.046],[1496851200000,4.058],[1496937600000,4.066],[1497024000000,4.075],[1497110400000,4.085],[1497196800000,4.101],[1497283200000,4.109],[1497369600000,4.113],[1497456000000,4.123],[1497542400000,4.14],[1497628800000,4.158],[1497715200000,4.175],[1497801600000,4.192],[1497888000000,4.212],[1497974400000,4.245],[1498060800000,4.279],[1498147200000,4.294],[1498233600000,4.309],[1498320000000,4.324],[1498406400000,4.341],[1498492800000,4.349],[1498579200000,4.347],[1498665600000,4.345],[1498752000000,4.344],[1498838400000,4.352],[1498924800000,4.36],[1499011200000,4.367],[1499097600000,4.372],[1499184000000,4.372],[1499270400000,4.372],[1499356800000,4.367],[1499443200000,4.352],[1499529600000,4.337],[1499616000000,4.323],[1499702400000,4.319],[1499788800000,4.317],[1499875200000,4.317],[1499961600000,4.335],[1500048000000,4.353],[1500134400000,4.339],[1500220800000,4.339],[1500307200000,4.332],[1500393600000,4.313],[1500480000000,4.288],[1500566400000,4.253],[1500652800000,4.196],[1500739200000,4.171],[1500825600000,4.135],[1500912000000,4.102],[1500998400000,4.08],[1501084800000,4.062],[1501171200000,4.046],[1501257600000,4.054],[1501344000000,4.061],[1501430400000,4.068],[1501516800000,4.07],[1501603200000,4.084],[1501689600000,4.086],[1501776000000,4.092],[1501862400000,4.087],[1501948800000,4.081],[1502035200000,4.077],[1502121600000,4.074],[1502208000000,4.176],[1502294400000,4.184],[1502380800000,4.193],[1502467200000,4.212],[1502553600000,4.231],[1502640000000,4.237],[1502726400000,4.233],[1502812800000,4.116],[1502899200000,4.099],[1502985600000,4.086],[1503072000000,4.074],[1503158400000,4.062],[1503244800000,4.065],[1503331200000,4.076],[1503417600000,4.082],[1503504000000,4.096],[1503590400000,4.099],[1503676800000,4.102],[1503763200000,4.105],[1503849600000,4.105],[1503936000000,4.104],[1504022400000,4.104],[1504108800000,4.109],[1504195200000,4.111],[1504281600000,4.12],[1504368000000,4.126],[1504454400000,4.187],[1504540800000,4.187],[1504627200000,4.185],[1504713600000,4.17],[1504800000000,4.162],[1504886400000,4.146],[1504972800000,4.133],[1505059200000,4.058],[1505145600000,4.047],[1505232000000,4.036],[1505318400000,4.034],[1505404800000,4.03],[1505491200000,4.028],[1505577600000,4.026],[1505664000000,4.019],[1505750400000,4.017],[1505836800000,4.03],[1505923200000,4.154],[1506009600000,4.15],[1506096000000,4.108],[1506182400000,4.062],[1506268800000,4.118],[1506355200000,4.103],[1506441600000,4.083],[1506528000000,3.967],[1506614400000,3.938],[1506700800000,3.954],[1506787200000,3.972],[1506873600000,3.897],[1506960000000,3.887],[1507046400000,3.87],[1507132800000,3.836],[1507219200000,3.842],[1507305600000,3.841],[1507392000000,3.841],[1507478400000,3.85],[1507564800000,3.864],[1507651200000,3.883],[1507737600000,4.154],[1507824000000,4.216],[1507910400000,4.237],[1507996800000,4.257],[1508083200000,4.266],[1508169600000,4.265],[1508256000000,4.253],[1508342400000,4.091],[1508428800000,4.037],[1508515200000,4.025],[1508601600000,4.013],[1508688000000,3.997],[1508774400000,3.992],[1508860800000,3.997],[1508947200000,3.896],[1509033600000,3.896],[1509120000000,3.898],[1509206400000,3.899],[1509292800000,3.91],[1509379200000,3.922],[1509465600000,3.928],[1509552000000,3.948],[1509638400000,3.968],[1509724800000,3.989],[1509811200000,4.009],[1509897600000,4.028],[1509984000000,4.035],[1510070400000,4.044],[1510156800000,4.036],[1510243200000,4.357],[1510329600000,4.345],[1510416000000,4.326],[1510502400000,4.607],[1510588800000,4.605],[1510675200000,4.617],[1510761600000,4.637],[1510848000000,4.329],[1510934400000,4.347],[1511020800000,4.361],[1511107200000,4.102],[1511193600000,4.131],[1511280000000,4.14],[1511366400000,4.149],[1511452800000,4.165],[1511539200000,4.187],[1511625600000,4.22],[1511712000000,4.227],[1511798400000,4.231],[1511884800000,4.247],[1511971200000,4.246],[1512057600000,4.249],[1512144000000,4.245],[1512230400000,4.241],[1512316800000,4.247],[1512403200000,4.248],[1512489600000,4.253],[1512576000000,4.268],[1512662400000,4.272],[1512748800000,4.283],[1512835200000,4.293],[1512921600000,4.287],[1513008000000,4.283],[1513094400000,4.271],[1513180800000,4.262],[1513267200000,4.263],[1513353600000,4.261],[1513440000000,4.26],[1513526400000,4.282],[1513612800000,4.287],[1513699200000,4.291],[1513785600000,4.307],[1513872000000,4.328],[1513958400000,4.342],[1514044800000,4.343],[1514131200000,4.459],[1514217600000,4.487],[1514304000000,4.497],[1514390400000,4.53],[1514476800000,4.531],[1514649600000,4.57],[1514736000000,4.463],[1514822400000,4.467],[1514908800000,4.5],[1514995200000,4.518],[1515081600000,4.609],[1515168000000,4.593],[1515254400000,4.578],[1515340800000,4.573],[1515427200000,4.572],[1515513600000,4.755],[1515600000000,4.708],[1515686400000,4.613],[1515772800000,4.618],[1515859200000,4.623],[1515945600000,4.672],[1516032000000,4.66],[1516118400000,4.461],[1516204800000,4.474],[1516291200000,4.483],[1516377600000,4.491],[1516464000000,4.499],[1516550400000,4.455],[1516636800000,4.475],[1516723200000,4.541],[1516809600000,4.541],[1516896000000,4.544],[1516982400000,4.55],[1517068800000,4.555],[1517155200000,4.553],[1517241600000,4.537],[1517328000000,4.463],[1517414400000,4.447],[1517500800000,4.43],[1517587200000,4.41],[1517673600000,4.39],[1517760000000,4.498],[1517846400000,4.494]];
/*资产配置*/
var Data_assetAllocationCurrency ={"categories":["12-31","09-30","06-30","03-31"],"series":[{"name":"股票","data":[null,null,null,null]},{"name":"债券","data":[42.14,43.05,37.28,16.77]},{"name":"现金","data":[64.5,61.65,41.3,57.97]}]};
/*累计收益率走势*/
var Data_grandTotal = [{"name":"嘉实活钱包货币E","data":[[1501948800000,0],[1502035200000,0.01],[1502121600000,0.02],[1502208000000,0.03],[1502294400000,0.05],[1502380800000,0.06],[1502467200000,0.07],[1502553600000,0.08],[1502640000000,0.09],[1502726400000,0.10],[1502812800000,0.11],[1502899200000,0.12],[1502985600000,0.13],[1503072000000,0.14],[1503158400000,0.16],[1503244800000,0.17],[1503331200000,0.18],[1503417600000,0.19],[1503504000000,0.20],[1503590400000,0.21],[1503676800000,0.22],[1503763200000,0.23],[1503849600000,0.24],[1503936000000,0.26],[1504022400000,0.27],[1504108800000,0.28],[1504195200000,0.29],[1504281600000,0.30],[1504368000000,0.31],[1504454400000,0.32],[1504540800000,0.33],[1504627200000,0.35],[1504713600000,0.36],[1504800000000,0.37],[1504886400000,0.38],[1504972800000,0.39],[1505059200000,0.40],[1505145600000,0.41],[1505232000000,0.42],[1505318400000,0.43],[1505404800000,0.44],[1505491200000,0.45],[1505577600000,0.46],[1505664000000,0.48],[1505750400000,0.49],[1505836800000,0.50],[1505923200000,0.51],[1506009600000,0.52],[1506096000000,0.53],[1506182400000,0.54],[1506268800000,0.55],[1506355200000,0.56],[1506441600000,0.57],[1506528000000,0.59],[1506614400000,0.60],[1506700800000,0.61],[1506787200000,0.62],[1506873600000,0.63],[1506960000000,0.64],[1507046400000,0.65],[1507132800000,0.66],[1507219200000,0.67],[1507305600000,0.68],[1507392000000,0.69],[1507478400000,0.70],[1507564800000,0.71],[1507651200000,0.72],[1507737600000,0.74],[1507824000000,0.75],[1507910400000,0.76],[1507996800000,0.77],[1508083200000,0.78],[1508169600000,0.79],[1508256000000,0.80],[1508342400000,0.81],[1508428800000,0.83],[1508515200000,0.84],[1508601600000,0.85],[1508688000000,0.86],[1508774400000,0.87],[1508860800000,0.88],[1508947200000,0.89],[1509033600000,0.90],[1509120000000,0.91],[1509206400000,0.92],[1509292800000,0.93],[1509379200000,0.94],[1509465600000,0.95],[1509552000000,0.96],[1509638400000,0.97],[1509724800000,0.99],[1509811200000,1.00],[1509897600000,1.01],[1509984000000,1.02],[1510070400000,1.03],[1510156800000,1.04],[1510243200000,1.06],[1510329600000,1.07],[1510416000000,1.08],[1510502400000,1.09],[1510588800000,1.11],[1510675200000,1.12],[1510761600000,1.13],[1510848000000,1.14],[1510934400000,1.15],[1511020800000,1.16],[1511107200000,1.17],[1511193600000,1.18],[1511280000000,1.20],[1511366400000,1.21],[1511452800000,1.22],[1511539200000,1.23],[1511625600000,1.24],[1511712000000,1.25],[1511798400000,1.26],[1511884800000,1.28],[1511971200000,1.29],[1512057600000,1.30],[1512144000000,1.31],[1512230400000,1.32],[1512316800000,1.33],[1512403200000,1.35],[1512489600000,1.36],[1512576000000,1.37],[1512662400000,1.38],[1512748800000,1.39],[1512835200000,1.40],[1512921600000,1.42],[1513008000000,1.43],[1513094400000,1.44],[1513180800000,1.45],[1513267200000,1.46],[1513353600000,1.47],[1513440000000,1.48],[1513526400000,1.50],[1513612800000,1.51],[1513699200000,1.52],[1513785600000,1.53],[1513872000000,1.54],[1513958400000,1.56],[1514044800000,1.57],[1514131200000,1.58],[1514217600000,1.59],[1514304000000,1.61],[1514390400000,1.62],[1514476800000,1.63],[1514649600000,1.65],[1514736000000,1.67],[1514822400000,1.68],[1514908800000,1.69],[1514995200000,1.70],[1515081600000,1.72],[1515168000000,1.73],[1515254400000,1.74],[1515340800000,1.75],[1515427200000,1.77],[1515513600000,1.78],[1515600000000,1.79],[1515686400000,1.81],[1515772800000,1.82],[1515859200000,1.83],[1515945600000,1.84],[1516032000000,1.86],[1516118400000,1.87],[1516204800000,1.88],[1516291200000,1.89],[1516377600000,1.90],[1516464000000,1.92],[1516550400000,1.93],[1516636800000,1.94],[1516723200000,1.95],[1516809600000,1.97],[1516896000000,1.98],[1516982400000,1.99],[1517068800000,2.00],[1517155200000,2.02],[1517241600000,2.03],[1517328000000,2.04],[1517414400000,2.05],[1517500800000,2.06],[1517587200000,2.08],[1517673600000,2.09],[1517760000000,2.10],[1517846400000,2.11]]},{"name":"同类平均","data":[[1502035200000,0],[1502121600000,0.01],[1502208000000,0.02],[1502294400000,0.03],[1502380800000,0.04],[1502640000000,0.07],[1502726400000,0.08],[1502812800000,0.09],[1502899200000,0.10],[1502985600000,0.11],[1503244800000,0.14],[1503331200000,0.16],[1503417600000,0.17],[1503504000000,0.18],[1503590400000,0.19],[1503849600000,0.22],[1503936000000,0.23],[1504022400000,0.24],[1504108800000,0.25],[1504195200000,0.26],[1504454400000,0.29],[1504540800000,0.30],[1504627200000,0.31],[1504713600000,0.32],[1504800000000,0.34],[1505059200000,0.37],[1505145600000,0.38],[1505232000000,0.39],[1505318400000,0.40],[1505404800000,0.41],[1505664000000,0.44],[1505750400000,0.45],[1505836800000,0.46],[1505923200000,0.47],[1506009600000,0.48],[1506268800000,0.52],[1506355200000,0.53],[1506441600000,0.54],[1506528000000,0.55],[1506614400000,0.56],[1507478400000,0.67],[1507564800000,0.68],[1507651200000,0.69],[1507737600000,0.71],[1507824000000,0.72],[1508083200000,0.75],[1508169600000,0.76],[1508256000000,0.77],[1508342400000,0.78],[1508428800000,0.79],[1508688000000,0.82],[1508774400000,0.83],[1508860800000,0.84],[1508947200000,0.85],[1509033600000,0.86],[1509292800000,0.90],[1509379200000,0.91],[1509465600000,0.92],[1509552000000,0.93],[1509638400000,0.94],[1509897600000,0.97],[1509984000000,0.98],[1510070400000,0.99],[1510156800000,1.00],[1510243200000,1.01],[1510502400000,1.04],[1510588800000,1.06],[1510675200000,1.07],[1510761600000,1.08],[1510848000000,1.09],[1511107200000,1.12],[1511193600000,1.13],[1511280000000,1.14],[1511366400000,1.15],[1511452800000,1.16],[1511712000000,1.20],[1511798400000,1.21],[1511884800000,1.22],[1511971200000,1.23],[1512057600000,1.24],[1512316800000,1.28],[1512403200000,1.29],[1512489600000,1.30],[1512576000000,1.31],[1512662400000,1.32],[1512921600000,1.35],[1513008000000,1.36],[1513094400000,1.38],[1513180800000,1.39],[1513267200000,1.40],[1513526400000,1.43],[1513612800000,1.44],[1513699200000,1.46],[1513785600000,1.47],[1513872000000,1.48],[1514131200000,1.51],[1514217600000,1.53],[1514304000000,1.54],[1514390400000,1.55],[1514476800000,1.57],[1514822400000,1.62],[1514908800000,1.64],[1514995200000,1.65],[1515081600000,1.66],[1515340800000,1.69],[1515427200000,1.71],[1515513600000,1.72],[1515600000000,1.73],[1515686400000,1.74],[1515945600000,1.77],[1516032000000,1.79],[1516118400000,1.80],[1516204800000,1.81],[1516291200000,1.82],[1516550400000,1.86],[1516636800000,1.87],[1516723200000,1.88],[1516809600000,1.89],[1516896000000,1.90],[1517155200000,1.94],[1517241600000,1.95],[1517328000000,1.96],[1517414400000,1.97],[1517500800000,1.98],[1517760000000,2.02],[1517846400000,2.03]]},{"name":"沪深300","data":[[1502035200000,0],[1502121600000,0.15],[1502208000000,0.11],[1502294400000,-0.29],[1502380800000,-2.13],[1502640000000,-0.86],[1502726400000,-0.56],[1502812800000,-0.68],[1502899200000,-0.15],[1502985600000,-0.06],[1503244800000,0.38],[1503331200000,0.68],[1503417600000,0.79],[1503504000000,0.21],[1503590400000,1.85],[1503849600000,3.11],[1503936000000,2.89],[1504022400000,2.88],[1504108800000,2.56],[1504195200000,2.78],[1504454400000,3.19],[1504540800000,3.50],[1504627200000,3.29],[1504713600000,2.77],[1504800000000,2.66],[1505059200000,2.65],[1505145600000,2.98],[1505232000000,3.11],[1505318400000,2.77],[1505404800000,2.80],[1505664000000,3.12],[1505750400000,2.83],[1505836800000,3.10],[1505923200000,2.98],[1506009600000,2.98],[1506268800000,2.44],[1506355200000,2.52],[1506441600000,2.53],[1506528000000,2.57],[1506614400000,2.94],[1507478400000,4.17],[1507564800000,4.38],[1507651200000,4.72],[1507737600000,5.00],[1507824000000,5.21],[1508083200000,5.01],[1508169600000,5.00],[1508256000000,5.83],[1508342400000,5.49],[1508428800000,5.37],[1508688000000,5.47],[1508774400000,6.24],[1508860800000,6.71],[1508947200000,7.16],[1509033600000,7.92],[1509292800000,7.59],[1509379200000,7.51],[1509465600000,7.24],[1509552000000,7.25],[1509638400000,7.13],[1509897600000,7.89],[1509984000000,8.79],[1510070400000,8.62],[1510156800000,9.37],[1510243200000,10.33],[1510502400000,10.77],[1510588800000,10.00],[1510675200000,9.31],[1510761600000,10.15],[1510848000000,10.57],[1511107200000,11.19],[1511193600000,13.17],[1511280000000,13.44],[1511366400000,10.08],[1511452800000,10.13],[1511712000000,8.67],[1511798400000,8.83],[1511884800000,8.77],[1511971200000,7.49],[1512057600000,7.28],[1512316800000,7.84],[1512403200000,8.41],[1512489600000,7.76],[1512576000000,6.55],[1512662400000,7.42],[1512921600000,9.20],[1513008000000,7.76],[1513094400000,8.67],[1513180800000,8.03],[1513267200000,6.82],[1513526400000,6.94],[1513612800000,8.28],[1513699200000,8.15],[1513785600000,9.15],[1513872000000,8.80],[1514131200000,8.45],[1514217600000,8.77],[1514304000000,7.09],[1514390400000,7.84],[1514476800000,8.16],[1514822400000,9.68],[1514908800000,10.32],[1514995200000,10.79],[1515081600000,11.05],[1515340800000,11.63],[1515427200000,12.41],[1515513600000,12.91],[1515600000000,12.85],[1515686400000,13.37],[1515945600000,13.37],[1516032000000,14.27],[1516118400000,13.99],[1516204800000,14.61],[1516291200000,14.99],[1516550400000,16.36],[1516636800000,17.60],[1516723200000,17.79],[1516809600000,17.13],[1516896000000,17.56],[1517155200000,15.43],[1517241600000,14.20],[1517328000000,14.73],[1517414400000,13.93],[1517500800000,14.61],[1517760000000,14.69],[1517846400000,11.33]]}];
/*同类排名*/
var Data_rateInSimilarType = [{"x":1476028800000,"y":271,"sc":"434"},{"x":1476115200000,"y":273,"sc":"434"},{"x":1476201600000,"y":276,"sc":"435"},{"x":1476288000000,"y":276,"sc":"437"},{"x":1476374400000,"y":292,"sc":"435"},{"x":1476633600000,"y":299,"sc":"436"},{"x":1476720000000,"y":293,"sc":"438"},{"x":1476806400000,"y":295,"sc":"437"},{"x":1476892800000,"y":295,"sc":"437"},{"x":1476979200000,"y":302,"sc":"437"},{"x":1477238400000,"y":322,"sc":"440"},{"x":1477324800000,"y":320,"sc":"440"},{"x":1477411200000,"y":321,"sc":"441"},{"x":1477497600000,"y":320,"sc":"441"},{"x":1477584000000,"y":302,"sc":"445"},{"x":1477843200000,"y":311,"sc":"447"},{"x":1477929600000,"y":311,"sc":"447"},{"x":1478016000000,"y":311,"sc":"447"},{"x":1478102400000,"y":309,"sc":"447"},{"x":1478188800000,"y":299,"sc":"448"},{"x":1478448000000,"y":301,"sc":"450"},{"x":1478534400000,"y":294,"sc":"450"},{"x":1478620800000,"y":295,"sc":"450"},{"x":1478707200000,"y":299,"sc":"450"},{"x":1478793600000,"y":298,"sc":"450"},{"x":1479052800000,"y":300,"sc":"450"},{"x":1479139200000,"y":298,"sc":"450"},{"x":1479225600000,"y":299,"sc":"450"},{"x":1479312000000,"y":296,"sc":"450"},{"x":1479398400000,"y":295,"sc":"450"},{"x":1479657600000,"y":297,"sc":"451"},{"x":1479744000000,"y":296,"sc":"451"},{"x":1479830400000,"y":297,"sc":"451"},{"x":1479916800000,"y":297,"sc":"451"},{"x":1480003200000,"y":297,"sc":"451"},{"x":1480262400000,"y":299,"sc":"451"},{"x":1480348800000,"y":297,"sc":"452"},{"x":1480435200000,"y":296,"sc":"452"},{"x":1480521600000,"y":297,"sc":"452"},{"x":1480608000000,"y":289,"sc":"455"},{"x":1480867200000,"y":285,"sc":"455"},{"x":1480953600000,"y":282,"sc":"455"},{"x":1481040000000,"y":283,"sc":"455"},{"x":1481126400000,"y":285,"sc":"455"},{"x":1481212800000,"y":279,"sc":"456"},{"x":1481472000000,"y":280,"sc":"457"},{"x":1481558400000,"y":279,"sc":"458"},{"x":1481644800000,"y":279,"sc":"458"},{"x":1481731200000,"y":288,"sc":"458"},{"x":1481817600000,"y":300,"sc":"458"},{"x":1482076800000,"y":287,"sc":"458"},{"x":1482163200000,"y":271,"sc":"458"},{"x":1482249600000,"y":267,"sc":"458"},{"x":1482336000000,"y":266,"sc":"459"},{"x":1482422400000,"y":266,"sc":"463"},{"x":1482681600000,"y":269,"sc":"464"},{"x":1482768000000,"y":266,"sc":"464"},{"x":1482854400000,"y":270,"sc":"466"},{"x":1482940800000,"y":259,"sc":"466"},{"x":1483027200000,"y":262,"sc":"469"},{"x":1483372800000,"y":303,"sc":"469"},{"x":1483459200000,"y":317,"sc":"468"},{"x":1483545600000,"y":327,"sc":"469"},{"x":1483632000000,"y":331,"sc":"469"},{"x":1483891200000,"y":287,"sc":"469"},{"x":1483977600000,"y":284,"sc":"469"},{"x":1484064000000,"y":282,"sc":"469"},{"x":1484150400000,"y":272,"sc":"469"},{"x":1484236800000,"y":272,"sc":"469"},{"x":1484496000000,"y":273,"sc":"472"},{"x":1484582400000,"y":273,"sc":"474"},{"x":1484668800000,"y":291,"sc":"476"},{"x":1484755200000,"y":282,"sc":"476"},{"x":1484841600000,"y":283,"sc":"476"},{"x":1485100800000,"y":284,"sc":"481"},{"x":1485187200000,"y":283,"sc":"482"},{"x":1485273600000,"y":286,"sc":"484"},{"x":1485360000000,"y":286,"sc":"485"},{"x":1486051200000,"y":303,"sc":"489"},{"x":1486310400000,"y":323,"sc":"491"},{"x":1486396800000,"y":326,"sc":"491"},{"x":1486483200000,"y":325,"sc":"491"},{"x":1486569600000,"y":321,"sc":"491"},{"x":1486656000000,"y":320,"sc":"494"},{"x":1486915200000,"y":320,"sc":"496"},{"x":1487001600000,"y":317,"sc":"496"},{"x":1487088000000,"y":317,"sc":"496"},{"x":1487174400000,"y":316,"sc":"496"},{"x":1487260800000,"y":316,"sc":"496"},{"x":1487520000000,"y":316,"sc":"496"},{"x":1487606400000,"y":317,"sc":"496"},{"x":1487692800000,"y":314,"sc":"496"},{"x":1487779200000,"y":313,"sc":"498"},{"x":1487865600000,"y":314,"sc":"500"},{"x":1488124800000,"y":317,"sc":"503"},{"x":1488211200000,"y":313,"sc":"503"},{"x":1488297600000,"y":315,"sc":"503"},{"x":1488384000000,"y":319,"sc":"511"},{"x":1488470400000,"y":322,"sc":"511"},{"x":1488729600000,"y":311,"sc":"513"},{"x":1488816000000,"y":310,"sc":"515"},{"x":1488902400000,"y":309,"sc":"516"},{"x":1488988800000,"y":313,"sc":"518"},{"x":1489075200000,"y":319,"sc":"518"},{"x":1489334400000,"y":311,"sc":"518"},{"x":1489420800000,"y":308,"sc":"518"},{"x":1489507200000,"y":304,"sc":"518"},{"x":1489593600000,"y":302,"sc":"520"},{"x":1489680000000,"y":305,"sc":"520"},{"x":1489939200000,"y":308,"sc":"522"},{"x":1490025600000,"y":299,"sc":"522"},{"x":1490112000000,"y":299,"sc":"524"},{"x":1490198400000,"y":303,"sc":"530"},{"x":1490284800000,"y":307,"sc":"530"},{"x":1490544000000,"y":293,"sc":"534"},{"x":1490630400000,"y":294,"sc":"535"},{"x":1490716800000,"y":295,"sc":"535"},{"x":1490803200000,"y":292,"sc":"538"},{"x":1490889600000,"y":291,"sc":"538"},{"x":1491321600000,"y":267,"sc":"538"},{"x":1491408000000,"y":263,"sc":"540"},{"x":1491494400000,"y":273,"sc":"540"},{"x":1491753600000,"y":252,"sc":"540"},{"x":1491840000000,"y":252,"sc":"540"},{"x":1491926400000,"y":257,"sc":"540"},{"x":1492012800000,"y":257,"sc":"541"},{"x":1492099200000,"y":266,"sc":"541"},{"x":1492358400000,"y":241,"sc":"543"},{"x":1492444800000,"y":235,"sc":"543"},{"x":1492531200000,"y":245,"sc":"543"},{"x":1492617600000,"y":242,"sc":"545"},{"x":1492704000000,"y":255,"sc":"545"},{"x":1492963200000,"y":218,"sc":"545"},{"x":1493049600000,"y":216,"sc":"547"},{"x":1493136000000,"y":208,"sc":"549"},{"x":1493222400000,"y":216,"sc":"549"},{"x":1493308800000,"y":233,"sc":"549"},{"x":1493654400000,"y":198,"sc":"549"},{"x":1493740800000,"y":193,"sc":"550"},{"x":1493827200000,"y":196,"sc":"550"},{"x":1493913600000,"y":190,"sc":"550"},{"x":1494172800000,"y":193,"sc":"550"},{"x":1494259200000,"y":193,"sc":"550"},{"x":1494345600000,"y":193,"sc":"550"},{"x":1494432000000,"y":203,"sc":"550"},{"x":1494518400000,"y":192,"sc":"550"},{"x":1494777600000,"y":195,"sc":"554"},{"x":1494864000000,"y":191,"sc":"556"},{"x":1494950400000,"y":192,"sc":"560"},{"x":1495036800000,"y":207,"sc":"560"},{"x":1495123200000,"y":192,"sc":"560"},{"x":1495382400000,"y":185,"sc":"560"},{"x":1495468800000,"y":176,"sc":"562"},{"x":1495555200000,"y":173,"sc":"564"},{"x":1495641600000,"y":192,"sc":"564"},{"x":1495728000000,"y":172,"sc":"564"},{"x":1496160000000,"y":173,"sc":"564"},{"x":1496246400000,"y":172,"sc":"564"},{"x":1496332800000,"y":172,"sc":"564"},{"x":1496592000000,"y":171,"sc":"566"},{"x":1496678400000,"y":168,"sc":"566"},{"x":1496764800000,"y":168,"sc":"566"},{"x":1496851200000,"y":168,"sc":"566"},{"x":1496937600000,"y":170,"sc":"566"},{"x":1497196800000,"y":169,"sc":"574"},{"x":1497283200000,"y":169,"sc":"574"},{"x":1497369600000,"y":169,"sc":"575"},{"x":1497456000000,"y":171,"sc":"575"},{"x":1497542400000,"y":169,"sc":"575"},{"x":1497801600000,"y":168,"sc":"577"},{"x":1497888000000,"y":171,"sc":"577"},{"x":1497974400000,"y":170,"sc":"575"},{"x":1498060800000,"y":168,"sc":"575"},{"x":1498147200000,"y":169,"sc":"576"},{"x":1498406400000,"y":170,"sc":"579"},{"x":1498492800000,"y":174,"sc":"579"},{"x":1498579200000,"y":178,"sc":"579"},{"x":1498665600000,"y":178,"sc":"579"},{"x":1498752000000,"y":182,"sc":"582"},{"x":1499011200000,"y":245,"sc":"582"},{"x":1499097600000,"y":182,"sc":"582"},{"x":1499184000000,"y":180,"sc":"583"},{"x":1499270400000,"y":175,"sc":"583"},{"x":1499356800000,"y":176,"sc":"583"},{"x":1499616000000,"y":170,"sc":"583"},{"x":1499702400000,"y":170,"sc":"583"},{"x":1499788800000,"y":166,"sc":"583"},{"x":1499875200000,"y":162,"sc":"583"},{"x":1499961600000,"y":155,"sc":"586"},{"x":1500220800000,"y":154,"sc":"586"},{"x":1500307200000,"y":153,"sc":"586"},{"x":1500393600000,"y":154,"sc":"589"},{"x":1500480000000,"y":152,"sc":"589"},{"x":1500566400000,"y":154,"sc":"593"},{"x":1500825600000,"y":166,"sc":"593"},{"x":1500912000000,"y":169,"sc":"593"},{"x":1500998400000,"y":179,"sc":"594"},{"x":1501084800000,"y":179,"sc":"594"},{"x":1501171200000,"y":181,"sc":"594"},{"x":1501430400000,"y":231,"sc":"594"},{"x":1501516800000,"y":183,"sc":"594"},{"x":1501603200000,"y":182,"sc":"594"},{"x":1501689600000,"y":185,"sc":"594"},{"x":1501776000000,"y":186,"sc":"594"},{"x":1502035200000,"y":186,"sc":"596"},{"x":1502121600000,"y":187,"sc":"596"},{"x":1502208000000,"y":180,"sc":"596"},{"x":1502294400000,"y":182,"sc":"596"},{"x":1502380800000,"y":184,"sc":"596"},{"x":1502640000000,"y":179,"sc":"596"},{"x":1502726400000,"y":181,"sc":"596"},{"x":1502812800000,"y":183,"sc":"596"},{"x":1502899200000,"y":188,"sc":"596"},{"x":1502985600000,"y":188,"sc":"596"},{"x":1503244800000,"y":191,"sc":"597"},{"x":1503331200000,"y":190,"sc":"597"},{"x":1503417600000,"y":196,"sc":"597"},{"x":1503504000000,"y":194,"sc":"596"},{"x":1503590400000,"y":193,"sc":"596"},{"x":1503849600000,"y":239,"sc":"600"},{"x":1503936000000,"y":257,"sc":"600"},{"x":1504022400000,"y":197,"sc":"600"},{"x":1504108800000,"y":196,"sc":"601"},{"x":1504195200000,"y":196,"sc":"601"},{"x":1504454400000,"y":195,"sc":"601"},{"x":1504540800000,"y":196,"sc":"601"},{"x":1504627200000,"y":193,"sc":"601"},{"x":1504713600000,"y":192,"sc":"601"},{"x":1504800000000,"y":197,"sc":"601"},{"x":1505059200000,"y":198,"sc":"603"},{"x":1505145600000,"y":200,"sc":"603"},{"x":1505232000000,"y":203,"sc":"603"},{"x":1505318400000,"y":207,"sc":"605"},{"x":1505404800000,"y":205,"sc":"605"},{"x":1505664000000,"y":207,"sc":"606"},{"x":1505750400000,"y":208,"sc":"606"},{"x":1505836800000,"y":207,"sc":"603"},{"x":1505923200000,"y":205,"sc":"603"},{"x":1506009600000,"y":206,"sc":"603"},{"x":1506268800000,"y":216,"sc":"603"},{"x":1506355200000,"y":215,"sc":"603"},{"x":1506441600000,"y":213,"sc":"604"},{"x":1506528000000,"y":209,"sc":"604"},{"x":1506614400000,"y":210,"sc":"606"},{"x":1507478400000,"y":266,"sc":"606"},{"x":1507564800000,"y":271,"sc":"607"},{"x":1507651200000,"y":278,"sc":"607"},{"x":1507737600000,"y":268,"sc":"611"},{"x":1507824000000,"y":265,"sc":"611"},{"x":1508083200000,"y":278,"sc":"612"},{"x":1508169600000,"y":286,"sc":"612"},{"x":1508256000000,"y":290,"sc":"611"},{"x":1508342400000,"y":281,"sc":"611"},{"x":1508428800000,"y":281,"sc":"611"},{"x":1508688000000,"y":279,"sc":"606"},{"x":1508774400000,"y":277,"sc":"606"},{"x":1508860800000,"y":280,"sc":"607"},{"x":1508947200000,"y":282,"sc":"607"},{"x":1509033600000,"y":283,"sc":"607"},{"x":1509292800000,"y":288,"sc":"609"},{"x":1509379200000,"y":288,"sc":"610"},{"x":1509465600000,"y":293,"sc":"610"},{"x":1509552000000,"y":290,"sc":"613"},{"x":1509638400000,"y":288,"sc":"617"},{"x":1509897600000,"y":289,"sc":"621"},{"x":1509984000000,"y":291,"sc":"621"},{"x":1510070400000,"y":292,"sc":"621"},{"x":1510156800000,"y":304,"sc":"623"},{"x":1510243200000,"y":274,"sc":"623"},{"x":1510502400000,"y":260,"sc":"633"},{"x":1510588800000,"y":262,"sc":"635"},{"x":1510675200000,"y":264,"sc":"635"},{"x":1510761600000,"y":259,"sc":"635"},{"x":1510848000000,"y":259,"sc":"636"},{"x":1511107200000,"y":261,"sc":"636"},{"x":1511193600000,"y":261,"sc":"636"},{"x":1511280000000,"y":263,"sc":"636"},{"x":1511366400000,"y":264,"sc":"636"},{"x":1511452800000,"y":263,"sc":"637"},{"x":1511712000000,"y":260,"sc":"640"},{"x":1511798400000,"y":256,"sc":"640"},{"x":1511884800000,"y":253,"sc":"640"},{"x":1511971200000,"y":257,"sc":"641"},{"x":1512057600000,"y":258,"sc":"643"},{"x":1512316800000,"y":263,"sc":"643"},{"x":1512403200000,"y":261,"sc":"643"},{"x":1512489600000,"y":262,"sc":"643"},{"x":1512576000000,"y":264,"sc":"644"},{"x":1512662400000,"y":264,"sc":"652"},{"x":1512921600000,"y":263,"sc":"652"},{"x":1513008000000,"y":264,"sc":"653"},{"x":1513094400000,"y":267,"sc":"653"},{"x":1513180800000,"y":266,"sc":"654"},{"x":1513267200000,"y":265,"sc":"656"},{"x":1513526400000,"y":264,"sc":"656"},{"x":1513612800000,"y":264,"sc":"656"},{"x":1513699200000,"y":263,"sc":"656"},{"x":1513785600000,"y":268,"sc":"655"},{"x":1513872000000,"y":266,"sc":"655"},{"x":1514131200000,"y":254,"sc":"655"},{"x":1514217600000,"y":254,"sc":"655"},{"x":1514304000000,"y":254,"sc":"654"},{"x":1514390400000,"y":253,"sc":"655"},{"x":1514476800000,"y":255,"sc":"655"},{"x":1514822400000,"y":365,"sc":"655"},{"x":1514908800000,"y":386,"sc":"655"},{"x":1514995200000,"y":405,"sc":"655"},{"x":1515081600000,"y":427,"sc":"655"},{"x":1515340800000,"y":244,"sc":"655"},{"x":1515427200000,"y":242,"sc":"655"},{"x":1515513600000,"y":227,"sc":"656"},{"x":1515600000000,"y":226,"sc":"657"},{"x":1515686400000,"y":238,"sc":"657"},{"x":1515945600000,"y":230,"sc":"657"},{"x":1516032000000,"y":227,"sc":"657"},{"x":1516118400000,"y":227,"sc":"657"},{"x":1516204800000,"y":226,"sc":"657"},{"x":1516291200000,"y":232,"sc":"657"},{"x":1516550400000,"y":230,"sc":"657"},{"x":1516636800000,"y":225,"sc":"657"},{"x":1516723200000,"y":217,"sc":"657"},{"x":1516809600000,"y":215,"sc":"657"},{"x":1516896000000,"y":213,"sc":"655"},{"x":1517155200000,"y":208,"sc":"656"},{"x":1517241600000,"y":208,"sc":"656"},{"x":1517328000000,"y":208,"sc":"656"},{"x":1517414400000,"y":208,"sc":"656"},{"x":1517500800000,"y":205,"sc":"656"},{"x":1517760000000,"y":194,"sc":"656"},{"x":1517846400000,"y":193,"sc":"656"}];
/*百分比排名*/
var Data_rateInSimilarPersent = [[1476028800000,37.5600],[1476115200000,37.1000],[1476201600000,36.5500],[1476288000000,36.8400],[1476374400000,32.8700],[1476633600000,31.4200],[1476720000000,33.1100],[1476806400000,32.4900],[1476892800000,32.4900],[1476979200000,30.8900],[1477238400000,26.8200],[1477324800000,27.2700],[1477411200000,27.2100],[1477497600000,27.4400],[1477584000000,32.1300],[1477843200000,30.4300],[1477929600000,30.4300],[1478016000000,30.4300],[1478102400000,30.8700],[1478188800000,33.2600],[1478448000000,33.1100],[1478534400000,34.6700],[1478620800000,34.4400],[1478707200000,33.5600],[1478793600000,33.7800],[1479052800000,33.3300],[1479139200000,33.7800],[1479225600000,33.5600],[1479312000000,34.2200],[1479398400000,34.4400],[1479657600000,34.1500],[1479744000000,34.3700],[1479830400000,34.1500],[1479916800000,34.1500],[1480003200000,34.1500],[1480262400000,33.7000],[1480348800000,34.2900],[1480435200000,34.5100],[1480521600000,34.2900],[1480608000000,36.4800],[1480867200000,37.3600],[1480953600000,38.0200],[1481040000000,37.8000],[1481126400000,37.3600],[1481212800000,38.8200],[1481472000000,38.7300],[1481558400000,39.0800],[1481644800000,39.0800],[1481731200000,37.1200],[1481817600000,34.5000],[1482076800000,37.3400],[1482163200000,40.8300],[1482249600000,41.7000],[1482336000000,42.0500],[1482422400000,42.5500],[1482681600000,42.0300],[1482768000000,42.6700],[1482854400000,42.0600],[1482940800000,44.4200],[1483027200000,44.1400],[1483372800000,35.3900],[1483459200000,32.2600],[1483545600000,30.2800],[1483632000000,29.4200],[1483891200000,38.8100],[1483977600000,39.4500],[1484064000000,39.8700],[1484150400000,42.00],[1484236800000,42.00],[1484496000000,42.1600],[1484582400000,42.4100],[1484668800000,38.8700],[1484755200000,40.7600],[1484841600000,40.5500],[1485100800000,40.9600],[1485187200000,41.2900],[1485273600000,40.9100],[1485360000000,41.0300],[1486051200000,38.0400],[1486310400000,34.2200],[1486396800000,33.6000],[1486483200000,33.8100],[1486569600000,34.6200],[1486656000000,35.2200],[1486915200000,35.4800],[1487001600000,36.0900],[1487088000000,36.0900],[1487174400000,36.2900],[1487260800000,36.2900],[1487520000000,36.2900],[1487606400000,36.0900],[1487692800000,36.6900],[1487779200000,37.1500],[1487865600000,37.2000],[1488124800000,36.9800],[1488211200000,37.7700],[1488297600000,37.3800],[1488384000000,37.5700],[1488470400000,36.9900],[1488729600000,39.3800],[1488816000000,39.8100],[1488902400000,40.1200],[1488988800000,39.5800],[1489075200000,38.4200],[1489334400000,39.9600],[1489420800000,40.5400],[1489507200000,41.3100],[1489593600000,41.9200],[1489680000000,41.3500],[1489939200000,41.00],[1490025600000,42.7200],[1490112000000,42.9400],[1490198400000,42.8300],[1490284800000,42.0800],[1490544000000,45.1300],[1490630400000,45.0500],[1490716800000,44.8600],[1490803200000,45.7200],[1490889600000,45.9100],[1491321600000,50.3700],[1491408000000,51.3000],[1491494400000,49.4400],[1491753600000,53.3300],[1491840000000,53.3300],[1491926400000,52.4100],[1492012800000,52.5000],[1492099200000,50.8300],[1492358400000,55.6200],[1492444800000,56.7200],[1492531200000,54.8800],[1492617600000,55.6000],[1492704000000,53.2100],[1492963200000,60.00],[1493049600000,60.5100],[1493136000000,62.1100],[1493222400000,60.6600],[1493308800000,57.5600],[1493654400000,63.9300],[1493740800000,64.9100],[1493827200000,64.3600],[1493913600000,65.4500],[1494172800000,64.9100],[1494259200000,64.9100],[1494345600000,64.9100],[1494432000000,63.0900],[1494518400000,65.0900],[1494777600000,64.8000],[1494864000000,65.6500],[1494950400000,65.7100],[1495036800000,63.0400],[1495123200000,65.7100],[1495382400000,66.9600],[1495468800000,68.6800],[1495555200000,69.3300],[1495641600000,65.9600],[1495728000000,69.5000],[1496160000000,69.3300],[1496246400000,69.5000],[1496332800000,69.5000],[1496592000000,69.7900],[1496678400000,70.3200],[1496764800000,70.3200],[1496851200000,70.3200],[1496937600000,69.9600],[1497196800000,70.5600],[1497283200000,70.5600],[1497369600000,70.6100],[1497456000000,70.2600],[1497542400000,70.6100],[1497801600000,70.8800],[1497888000000,70.3600],[1497974400000,70.4300],[1498060800000,70.7800],[1498147200000,70.6600],[1498406400000,70.6400],[1498492800000,69.9500],[1498579200000,69.2600],[1498665600000,69.2600],[1498752000000,68.7300],[1499011200000,57.9000],[1499097600000,68.7300],[1499184000000,69.1300],[1499270400000,69.9800],[1499356800000,69.8100],[1499616000000,70.8400],[1499702400000,70.8400],[1499788800000,71.5300],[1499875200000,72.2100],[1499961600000,73.5500],[1500220800000,73.7200],[1500307200000,73.8900],[1500393600000,73.8500],[1500480000000,74.1900],[1500566400000,74.0300],[1500825600000,72.0100],[1500912000000,71.5000],[1500998400000,69.8700],[1501084800000,69.8700],[1501171200000,69.5300],[1501430400000,61.1100],[1501516800000,69.1900],[1501603200000,69.3600],[1501689600000,68.8600],[1501776000000,68.6900],[1502035200000,68.7900],[1502121600000,68.6200],[1502208000000,69.8000],[1502294400000,69.4600],[1502380800000,69.1300],[1502640000000,69.9700],[1502726400000,69.6300],[1502812800000,69.3000],[1502899200000,68.4600],[1502985600000,68.4600],[1503244800000,68.0100],[1503331200000,68.1700],[1503417600000,67.1700],[1503504000000,67.4500],[1503590400000,67.6200],[1503849600000,60.1700],[1503936000000,57.1700],[1504022400000,67.1700],[1504108800000,67.3900],[1504195200000,67.3900],[1504454400000,67.5500],[1504540800000,67.3900],[1504627200000,67.8900],[1504713600000,68.0500],[1504800000000,67.2200],[1505059200000,67.1600],[1505145600000,66.8300],[1505232000000,66.3300],[1505318400000,65.7900],[1505404800000,66.1200],[1505664000000,65.8400],[1505750400000,65.6800],[1505836800000,65.6700],[1505923200000,66.00],[1506009600000,65.8400],[1506268800000,64.1800],[1506355200000,64.3400],[1506441600000,64.7400],[1506528000000,65.4000],[1506614400000,65.3500],[1507478400000,56.1100],[1507564800000,55.3500],[1507651200000,54.2000],[1507737600000,56.1400],[1507824000000,56.6300],[1508083200000,54.5800],[1508169600000,53.2700],[1508256000000,52.5400],[1508342400000,54.0100],[1508428800000,54.0100],[1508688000000,53.9600],[1508774400000,54.2900],[1508860800000,53.8700],[1508947200000,53.5400],[1509033600000,53.3800],[1509292800000,52.7100],[1509379200000,52.7900],[1509465600000,51.9700],[1509552000000,52.6900],[1509638400000,53.3200],[1509897600000,53.4600],[1509984000000,53.1400],[1510070400000,52.9800],[1510156800000,51.2000],[1510243200000,56.0200],[1510502400000,58.9300],[1510588800000,58.7400],[1510675200000,58.4300],[1510761600000,59.2100],[1510848000000,59.2800],[1511107200000,58.9600],[1511193600000,58.9600],[1511280000000,58.6500],[1511366400000,58.4900],[1511452800000,58.7100],[1511712000000,59.3700],[1511798400000,60.00],[1511884800000,60.4700],[1511971200000,59.9100],[1512057600000,59.8800],[1512316800000,59.1000],[1512403200000,59.4100],[1512489600000,59.2500],[1512576000000,59.0100],[1512662400000,59.5100],[1512921600000,59.6600],[1513008000000,59.5700],[1513094400000,59.1100],[1513180800000,59.3300],[1513267200000,59.6000],[1513526400000,59.7600],[1513612800000,59.7600],[1513699200000,59.9100],[1513785600000,59.0800],[1513872000000,59.3900],[1514131200000,61.2200],[1514217600000,61.2200],[1514304000000,61.1600],[1514390400000,61.3700],[1514476800000,61.0700],[1514822400000,44.2700],[1514908800000,41.0700],[1514995200000,38.1700],[1515081600000,34.8100],[1515340800000,62.7500],[1515427200000,63.0500],[1515513600000,65.4000],[1515600000000,65.6000],[1515686400000,63.7700],[1515945600000,64.9900],[1516032000000,65.4500],[1516118400000,65.4500],[1516204800000,65.6000],[1516291200000,64.6900],[1516550400000,64.9900],[1516636800000,65.7500],[1516723200000,66.9700],[1516809600000,67.2800],[1516896000000,67.4800],[1517155200000,68.2900],[1517241600000,68.2900],[1517328000000,68.2900],[1517414400000,68.2900],[1517500800000,68.7500],[1517760000000,70.4300],[1517846400000,70.5800]];
/*规模变动*/
var Data_fluctuationScale = {"categories":["2016-12-31","2017-03-31","2017-06-30","2017-09-30","2017-12-31"],"series":[{"y":2.02,"mom":"210.83%"},{"y":6.18,"mom":"206.20%"},{"y":10.97,"mom":"77.58%"},{"y":11.65,"mom":"6.19%"},{"y":17.81,"mom":"52.90%"}]};;
/*持有人结构*/
var Data_holderStructure = {"series":[{"name":"机构持有比例","data":[4.7,0.0]},{"name":"个人持有比例","data":[95.3,100.0]},{"name":"内部持有比例","data":[0.0,0.0]}],"categories":["2016-12-31","2017-06-30"]};
/*申购赎回*/
var Data_assetAllocation ={"series":[{"name":"期间申购","data":[14.06,28.14,23.88,39.70]},{"name":"期间赎回","data":[9.90,23.35,23.20,33.54]},{"name":"总份额","data":[6.18,10.97,11.65,17.81]}],"categories":["2017-03-31","2017-06-30","2017-09-30","2017-12-31"]};
/*现任基金经理*/
var Data_currentFundManager = [{"id":"30038037","pic":"https://pdf.dfcfw.com/pdf/H8_JPG30038037_1.jpg","name":"万晓西","star":4,"workTime":"6年又355天","fundSize":"1227.32亿(16只基金)","power":{"avr":"64.02","categories":["经验值","收益率","影响力","稳定性","管理规模"],"dsc":["反映基金经理从业年限和管理基金的经验","根据基金经理投资的阶段收益评分，反映\u003cbr\u003e基金经理投资的盈利能力","根据基金经理所管理基金的机构和个人投\u003cbr\u003e资者持有比例评分","反映基金经理投资收益的波动","根据基金经理现任管理基金资产规模评分"],"data":[98.50,45.30,46.20,66.30,88.60],"jzrq":"2018-02-06"},"profit":{"categories":["任期收益","同类平均"],"series":[{"data":[{"name":null,"color":"#7cb5ec","y":5.7387},{"name":null,"color":"#414c7b","y":5.6}]}],"jzrq":"2018-02-06"}},{"id":"30326166","pic":"https://pdf.dfcfw.com/pdf/H8_GIF30326166_1.jpg","name":"李曈","star":3,"workTime":"3年又11天","fundSize":"1176.94亿(20只基金)","power":{"avr":"50.11","categories":["经验值","收益率","影响力","稳定性","管理规模"],"dsc":["反映基金经理从业年限和管理基金的经验","根据基金经理投资的阶段收益评分，反映\u003cbr\u003e基金经理投资的盈利能力","根据基金经理所管理基金的机构和个人投\u003cbr\u003e资者持有比例评分","反映基金经理投资收益的波动","根据基金经理现任管理基金资产规模评分"],"data":[61.70,51.60,35.60,27.90,87.10],"jzrq":"2018-02-06"},"profit":{"categories":["任期收益","同类平均"],"series":[{"data":[{"name":null,"color":"#7cb5ec","y":5.7387},{"name":null,"color":"#414c7b","y":5.6}]}],"jzrq":"2018-02-06"}},{"id":"30352787","pic":"https://pdf.dfcfw.com/pdf/H8_JPG30352787_1.jpg","name":"李金灿","star":3,"workTime":"2年又244天","fundSize":"1078.07亿(24只基金)","power":{"avr":"48.35","categories":["经验值","收益率","影响力","稳定性","管理规模"],"dsc":["反映基金经理从业年限和管理基金的经验","根据基金经理投资的阶段收益评分，反映\u003cbr\u003e基金经理投资的盈利能力","根据基金经理所管理基金的机构和个人投\u003cbr\u003e资者持有比例评分","反映基金经理投资收益的波动","根据基金经理现任管理基金资产规模评分"],"data":[57.10,50.50,37.90,25.60,84.80],"jzrq":"2018-02-06"},"profit":{"categories":["任期收益","同类平均"],"series":[{"data":[{"name":null,"color":"#7cb5ec","y":2.9543},{"name":null,"color":"#414c7b","y":2.87}]}],"jzrq":"2018-02-06"}}] ;
/*同类型基金涨幅榜（页面底部通栏）*/
var swithSameType = [['002895_华夏天利货币B_5.8750','002894_华夏天利货币A_5.6210','004398_融通现金宝货币B_5.3370','000902_国开货币B_5.3360','001478_泰康薪意保货币B_5.1400'],['002895_华夏天利货币B_5.26','004973_长城收益宝货币B_5.08','004904_人保货币B_5.05','002884_华润元大现金通货币B_5.01','002894_华夏天利货币A_5.01'],['004973_长城收益宝货币B_5.05','004770_海富通添益货币A_4.99','002884_华润元大现金通货币B_4.99','005151_红土创新优淳货币B_4.90','002895_华夏天利货币B_4.89'],['004770_海富通添益货币A_5.39','004973_长城收益宝货币B_5.13','002884_华润元大现金通货币B_5.03','002895_华夏天利货币B_5.03','004398_融通现金宝货币B_5.01'],['003679_中融现金增利货币C_4.67','003474_南方天天利货币B_4.55','000836_国投瑞银钱多宝货币A_4.52','000837_国投瑞银钱多宝货币I_4.52','003753_工银如意货币B_4.51']];