/**
 * 测试数据
 * @type {arry}
 */
/*2018-02-07 18:01:00*/
//基金或股票信息
var fS_name = "农银汇理日日鑫交易型货币A";
var fS_code = "004097";
var fund_minsg="100";
var ishb=true;
/*原费率*/
var fund_sourceRate="0";
/*现费率*/
var fund_Rate="0";
/*最小申购金额*/
var fund_minsg="100";
/*收益率*/
/*近一年收益率*/
var syl_1n="4.0112";
/*近6月收益率*/
var syl_6y="2.1064";
/*近三月收益率*/
var syl_3y="1.091";
/*近一月收益率*/
var syl_1y="0.3929";
/* 基金收益走势图 每万份收益*/
var Data_millionCopiesIncome = [[1483027200000,1.2319],[1483113600000,1.232],[1483286400000,2.46],[1483372800000,1.2298],[1483459200000,0.7633],[1483545600000,0.9132],[1483632000000,0.8996],[1483804800000,1.8696],[1483891200000,0.8386],[1483977600000,0.8514],[1484064000000,0.9407],[1484150400000,0.8989],[1484236800000,0.9056],[1484409600000,1.8147],[1484496000000,0.9027],[1484582400000,0.8314],[1484668800000,0.9025],[1484755200000,0.9233],[1484841600000,0.9679],[1485014400000,1.9454],[1485100800000,0.992],[1485187200000,0.9708],[1485273600000,0.9856],[1485360000000,0.9999],[1485964800000,6.7641],[1486051200000,0.929],[1486224000000,1.8597],[1486310400000,0.9338],[1486396800000,0.9205],[1486483200000,0.9124],[1486569600000,0.9378],[1486656000000,0.9495],[1486828800000,1.9094],[1486915200000,0.965],[1487001600000,0.8437],[1487088000000,0.9318],[1487174400000,0.9135],[1487260800000,0.9367],[1487433600000,1.8771],[1487520000000,0.9389],[1487606400000,0.9307],[1487692800000,0.958],[1487779200000,0.7664],[1487865600000,0.9358],[1488038400000,1.872],[1488124800000,0.9747],[1488211200000,0.9021],[1488297600000,0.9465],[1488384000000,0.9425],[1488470400000,0.9265],[1488643200000,1.8506],[1488729600000,0.9444],[1488816000000,0.9376],[1488902400000,0.9209],[1488988800000,0.94],[1489075200000,0.9445],[1489248000000,1.8904],[1489334400000,0.9475],[1489420800000,0.9505],[1489507200000,0.9395],[1489593600000,0.9531],[1489680000000,0.9536],[1489852800000,1.9097],[1489939200000,0.9541],[1490025600000,0.9699],[1490112000000,0.9226],[1490198400000,0.9161],[1490284800000,0.9652],[1490457600000,1.8947],[1490544000000,0.9854],[1490630400000,0.9783],[1490716800000,1.0502],[1490803200000,0.6053],[1490889600000,1.026],[1491235200000,4.1393],[1491321600000,1.0236],[1491408000000,0.9592],[1491494400000,0.9494],[1491667200000,1.8965],[1491753600000,0.9447],[1491840000000,0.9544],[1491926400000,0.9605],[1492012800000,0.9895],[1492099200000,1.9036],[1492272000000,1.9745],[1492358400000,0.9792],[1492444800000,0.9691],[1492531200000,0.9703],[1492617600000,0.9511],[1492704000000,0.9738],[1492876800000,1.9488],[1492963200000,0.934],[1493049600000,0.972],[1493136000000,0.9704],[1493222400000,0.9645],[1493308800000,0.9843],[1493568000000,2.96],[1493654400000,0.9895],[1493740800000,0.9788],[1493827200000,0.9474],[1493913600000,0.9811],[1494086400000,1.9654],[1494172800000,0.9511],[1494259200000,0.9909],[1494345600000,0.991],[1494432000000,0.993],[1494518400000,0.9743],[1494691200000,1.9432],[1494777600000,0.995],[1494864000000,0.9897],[1494950400000,0.9905],[1495036800000,0.9891],[1495123200000,1.0004],[1495296000000,1.9989],[1495382400000,0.9963],[1495468800000,0.9959],[1495555200000,0.9786],[1495641600000,0.9937],[1495728000000,0.9935],[1496073600000,3.9543],[1496160000000,1.1586],[1496246400000,0.991],[1496332800000,0.9928],[1496505600000,1.9873],[1496592000000,0.9964],[1496678400000,1.0062],[1496764800000,0.9759],[1496851200000,0.9453],[1496937600000,0.8025],[1497110400000,1.9222],[1497196800000,0.9576],[1497283200000,0.96],[1497369600000,0.9529],[1497456000000,0.9358],[1497542400000,1.042],[1497715200000,1.839],[1497801600000,0.9178],[1497888000000,2.1803],[1497974400000,0.9621],[1498060800000,0.9318],[1498147200000,0.9341],[1498320000000,1.867],[1498406400000,0.8913],[1498492800000,1.286],[1498579200000,1.7911],[1498665600000,1.0605],[1498752000000,1.022],[1498924800000,2.0444],[1499011200000,1.0857],[1499097600000,0.9998],[1499184000000,1.3383],[1499270400000,1.4535],[1499356800000,1.7525],[1499529600000,2.0854],[1499616000000,1.3278],[1499702400000,1.0664],[1499788800000,1.0358],[1499875200000,1.4397],[1499961600000,1.4547],[1500134400000,2.107],[1500220800000,1.0502],[1500307200000,1.011],[1500393600000,1.1262],[1500480000000,1.3888],[1500566400000,1.2961],[1500739200000,1.9984],[1500825600000,1.022],[1500912000000,1.1288],[1500998400000,1.3307],[1501084800000,1.4567],[1501171200000,1.0419],[1501344000000,2.0593],[1501430400000,1.011],[1501516800000,1.1171],[1501603200000,1.1919],[1501689600000,1.5734],[1501776000000,1.05],[1501948800000,2.0946],[1502035200000,1.0516],[1502121600000,1.0576],[1502208000000,1.3308],[1502294400000,1.0584],[1502380800000,1.1621],[1502553600000,2.1139],[1502640000000,1.0621],[1502726400000,1.0832],[1502812800000,1.0497],[1502899200000,1.1632],[1502985600000,1.1559],[1503158400000,2.1858],[1503244800000,1.0946],[1503331200000,1.0892],[1503417600000,1.0961],[1503504000000,1.1378],[1503590400000,1.096],[1503763200000,2.1881],[1503849600000,1.0901],[1503936000000,1.0833],[1504022400000,1.0831],[1504108800000,1.1007],[1504195200000,1.109],[1504368000000,2.2152],[1504454400000,1.0985],[1504540800000,1.0879],[1504627200000,1.0911],[1504713600000,1.0675],[1504800000000,1.074],[1504972800000,2.1465],[1505059200000,1.0782],[1505145600000,1.0788],[1505232000000,1.0818],[1505318400000,1.0811],[1505404800000,1.0769],[1505577600000,2.1297],[1505664000000,1.0657],[1505750400000,1.0578],[1505836800000,1.0763],[1505923200000,1.0802],[1506009600000,1.0859],[1506182400000,2.1717],[1506268800000,1.0975],[1506355200000,1.1003],[1506441600000,1.0893],[1506528000000,1.0907],[1506614400000,1.1023],[1507392000000,9.4009],[1507478400000,1.1016],[1507564800000,1.0803],[1507651200000,1.074],[1507737600000,1.0756],[1507824000000,1.081],[1507996800000,2.1601],[1508083200000,1.0595],[1508169600000,1.0739],[1508256000000,1.0734],[1508342400000,1.0961],[1508428800000,1.0937],[1508601600000,2.1903],[1508688000000,1.089],[1508774400000,1.0855],[1508860800000,1.1075],[1508947200000,1.0976],[1509033600000,1.0953],[1509206400000,2.164],[1509292800000,1.0883],[1509379200000,1.068],[1509465600000,1.0841],[1509552000000,1.1083],[1509638400000,1.1072],[1509811200000,2.2125],[1509897600000,1.115],[1509984000000,1.1089],[1510070400000,1.1068],[1510156800000,1.1115],[1510243200000,1.1124],[1510416000000,2.2229],[1510502400000,1.1176],[1510588800000,1.112],[1510675200000,1.1081],[1510761600000,1.1135],[1510848000000,1.1273],[1511020800000,2.2517],[1511107200000,1.1287],[1511193600000,1.1207],[1511280000000,1.1111],[1511366400000,1.1104],[1511452800000,1.1186],[1511625600000,2.2353],[1511712000000,1.129],[1511798400000,1.1391],[1511884800000,1.1487],[1511971200000,1.1407],[1512057600000,1.1597],[1512230400000,2.3168],[1512316800000,1.1671],[1512403200000,1.1603],[1512489600000,1.1661],[1512576000000,1.1595],[1512662400000,1.1649],[1512835200000,2.3288],[1512921600000,1.1673],[1513008000000,1.1854],[1513094400000,1.1881],[1513180800000,1.1707],[1513267200000,1.188],[1513440000000,2.3717],[1513526400000,1.209],[1513612800000,1.2102],[1513699200000,1.2217],[1513785600000,1.2305],[1513872000000,1.2317],[1514044800000,2.4591],[1514131200000,1.2426],[1514217600000,1.2517],[1514304000000,1.2644],[1514390400000,1.2631],[1514476800000,1.2538],[1514563200000,1.2519],[1514649600000,1.2518],[1514822400000,1.2509],[1514908800000,1.2328],[1514995200000,1.4783],[1515081600000,1.2322],[1515254400000,2.4436],[1515340800000,1.2329],[1515427200000,1.241],[1515513600000,1.2442],[1515600000000,1.2424],[1515686400000,1.2346],[1515859200000,2.462],[1515945600000,1.2169],[1516032000000,1.2179],[1516118400000,1.215],[1516204800000,1.2075],[1516291200000,1.4057],[1516464000000,2.4017],[1516550400000,1.2201],[1516636800000,1.217],[1516723200000,1.2181],[1516809600000,1.2212],[1516896000000,1.223],[1517068800000,2.4409],[1517155200000,1.2237],[1517241600000,1.2211],[1517328000000,1.2209],[1517414400000,1.2282],[1517500800000,1.2116],[1517673600000,2.4027],[1517760000000,1.2056],[1517846400000,1.1981]];
/*基金收益走势图   7日年化收益率*/
var Data_sevenDaysYearIncome = [[1483027200000,3.616],[1483113600000,3.812],[1483286400000,4.034],[1483372800000,4.401],[1483459200000,4.339],[1483545600000,4.167],[1483632000000,3.987],[1483804800000,3.666],[1483891200000,3.455],[1483977600000,3.251],[1484064000000,3.346],[1484150400000,3.339],[1484236800000,3.342],[1484409600000,3.312],[1484496000000,3.347],[1484582400000,3.336],[1484668800000,3.316],[1484755200000,3.329],[1484841600000,3.362],[1485014400000,3.433],[1485100800000,3.481],[1485187200000,3.556],[1485273600000,3.601],[1485360000000,3.642],[1485964800000,3.59],[1486051200000,3.569],[1486224000000,3.529],[1486310400000,3.512],[1486396800000,3.487],[1486483200000,3.458],[1486569600000,3.444],[1486656000000,3.455],[1486828800000,3.481],[1486915200000,3.498],[1487001600000,3.457],[1487088000000,3.467],[1487174400000,3.454],[1487260800000,3.447],[1487433600000,3.43],[1487520000000,3.416],[1487606400000,3.463],[1487692800000,3.477],[1487779200000,3.397],[1487865600000,3.397],[1488038400000,3.394],[1488124800000,3.414],[1488211200000,3.398],[1488297600000,3.392],[1488384000000,3.487],[1488470400000,3.482],[1488643200000,3.47],[1488729600000,3.454],[1488816000000,3.473],[1488902400000,3.459],[1488988800000,3.458],[1489075200000,3.468],[1489248000000,3.489],[1489334400000,3.491],[1489420800000,3.498],[1489507200000,3.508],[1489593600000,3.515],[1489680000000,3.52],[1489852800000,3.53],[1489939200000,3.534],[1490025600000,3.544],[1490112000000,3.535],[1490198400000,3.515],[1490284800000,3.521],[1490457600000,3.513],[1490544000000,3.53],[1490630400000,3.535],[1490716800000,3.604],[1490803200000,3.436],[1490889600000,3.469],[1491235200000,3.62],[1491321600000,3.606],[1491408000000,3.797],[1491494400000,3.756],[1491667200000,3.662],[1491753600000,3.614],[1491840000000,3.57],[1491926400000,3.536],[1492012800000,3.552],[1492099200000,4.069],[1492272000000,4.111],[1492358400000,4.13],[1492444800000,4.138],[1492531200000,4.143],[1492617600000,4.122],[1492704000000,3.619],[1492876800000,3.605],[1492963200000,3.581],[1493049600000,3.582],[1493136000000,3.582],[1493222400000,3.589],[1493308800000,3.595],[1493568000000,3.637],[1493654400000,3.646],[1493740800000,3.651],[1493827200000,3.642],[1493913600000,3.64],[1494086400000,3.636],[1494172800000,3.616],[1494259200000,3.617],[1494345600000,3.624],[1494432000000,3.648],[1494518400000,3.645],[1494691200000,3.633],[1494777600000,3.656],[1494864000000,3.656],[1494950400000,3.655],[1495036800000,3.653],[1495123200000,3.667],[1495296000000,3.698],[1495382400000,3.698],[1495468800000,3.702],[1495555200000,3.695],[1495641600000,3.698],[1495728000000,3.694],[1496073600000,3.674],[1496160000000,3.771],[1496246400000,3.77],[1496332800000,3.769],[1496505600000,3.772],[1496592000000,3.778],[1496678400000,3.789],[1496764800000,3.69],[1496851200000,3.665],[1496937600000,3.562],[1497110400000,3.527],[1497196800000,3.506],[1497283200000,3.481],[1497369600000,3.469],[1497456000000,3.464],[1497542400000,3.593],[1497715200000,3.548],[1497801600000,3.527],[1497888000000,4.188],[1497974400000,4.193],[1498060800000,4.19],[1498147200000,4.132],[1498320000000,4.147],[1498406400000,4.133],[1498492800000,3.648],[1498579200000,4.097],[1498665600000,4.167],[1498752000000,4.215],[1498924800000,4.311],[1499011200000,4.417],[1499097600000,4.261],[1499184000000,4.016],[1499270400000,4.229],[1499356800000,4.627],[1499529600000,4.649],[1499616000000,4.781],[1499702400000,4.817],[1499788800000,4.652],[1499875200000,4.645],[1499961600000,4.482],[1500134400000,4.494],[1500220800000,4.343],[1500307200000,4.313],[1500393600000,4.362],[1500480000000,4.334],[1500566400000,4.248],[1500739200000,4.189],[1500825600000,4.174],[1500912000000,4.238],[1500998400000,4.349],[1501084800000,4.386],[1501171200000,4.248],[1501344000000,4.281],[1501430400000,4.275],[1501516800000,4.268],[1501603200000,4.193],[1501689600000,4.256],[1501776000000,4.261],[1501948800000,4.28],[1502035200000,4.302],[1502121600000,4.27],[1502208000000,4.345],[1502294400000,4.066],[1502380800000,4.126],[1502553600000,4.137],[1502640000000,4.143],[1502726400000,4.156],[1502812800000,4.004],[1502899200000,4.061],[1502985600000,4.057],[1503158400000,4.096],[1503244800000,4.114],[1503331200000,4.117],[1503417600000,4.143],[1503504000000,4.129],[1503590400000,4.096],[1503763200000,4.097],[1503849600000,4.095],[1503936000000,4.092],[1504022400000,4.085],[1504108800000,4.065],[1504195200000,4.072],[1504368000000,4.086],[1504454400000,4.091],[1504540800000,4.093],[1504627200000,4.098],[1504713600000,4.08],[1504800000000,4.061],[1504972800000,4.023],[1505059200000,4.012],[1505145600000,4.008],[1505232000000,4.003],[1505318400000,4.01],[1505404800000,4.011],[1505577600000,4.002],[1505664000000,3.996],[1505750400000,3.984],[1505836800000,3.981],[1505923200000,3.981],[1506009600000,3.986],[1506182400000,4.008],[1506268800000,4.026],[1506355200000,4.049],[1506441600000,4.056],[1506528000000,4.061],[1506614400000,4.07],[1507392000000,3.886],[1507478400000,3.917],[1507564800000,3.936],[1507651200000,3.952],[1507737600000,3.969],[1507824000000,3.989],[1507996800000,4.027],[1508083200000,4.005],[1508169600000,4.001],[1508256000000,4.001],[1508342400000,4.012],[1508428800000,4.019],[1508601600000,4.035],[1508688000000,4.051],[1508774400000,4.057],[1508860800000,4.076],[1508947200000,4.077],[1509033600000,4.078],[1509206400000,4.063],[1509292800000,4.063],[1509379200000,4.053],[1509465600000,4.041],[1509552000000,4.047],[1509638400000,4.053],[1509811200000,4.079],[1509897600000,4.094],[1509984000000,4.116],[1510070400000,4.128],[1510156800000,4.13],[1510243200000,4.133],[1510416000000,4.139],[1510502400000,4.14],[1510588800000,4.142],[1510675200000,4.142],[1510761600000,4.143],[1510848000000,4.152],[1511020800000,4.167],[1511107200000,4.173],[1511193600000,4.178],[1511280000000,4.18],[1511366400000,4.178],[1511452800000,4.173],[1511625600000,4.164],[1511712000000,4.164],[1511798400000,4.174],[1511884800000,4.195],[1511971200000,4.211],[1512057600000,4.234],[1512230400000,4.278],[1512316800000,4.299],[1512403200000,4.31],[1512489600000,4.32],[1512576000000,4.33],[1512662400000,4.333],[1512835200000,4.339],[1512921600000,4.339],[1513008000000,4.353],[1513094400000,4.365],[1513180800000,4.371],[1513267200000,4.384],[1513440000000,4.407],[1513526400000,4.43],[1513612800000,4.443],[1513699200000,4.461],[1513785600000,4.494],[1513872000000,4.518],[1514044800000,4.565],[1514131200000,4.584],[1514217600000,4.606],[1514304000000,4.63],[1514390400000,4.647],[1514476800000,4.66],[1514563200000,4.672],[1514649600000,4.684],[1514822400000,4.686],[1514908800000,4.669],[1514995200000,4.786],[1515081600000,4.774],[1515254400000,4.741],[1515340800000,4.734],[1515427200000,4.728],[1515513600000,4.735],[1515600000000,4.606],[1515686400000,4.607],[1515859200000,4.617],[1515945600000,4.608],[1516032000000,4.596],[1516118400000,4.58],[1516204800000,4.561],[1516291200000,4.654],[1516464000000,4.621],[1516550400000,4.623],[1516636800000,4.623],[1516723200000,4.624],[1516809600000,4.632],[1516896000000,4.532],[1517068800000,4.554],[1517155200000,4.555],[1517241600000,4.558],[1517328000000,4.559],[1517414400000,4.563],[1517500800000,4.557],[1517673600000,4.536],[1517760000000,4.526],[1517846400000,4.514]];
/*资产配置*/
var Data_assetAllocationCurrency ={"categories":["12-31","09-30","06-30","03-31"],"series":[{"name":"股票","data":[null,null,null,null]},{"name":"债券","data":[35.69,45.29,41.24,35.39]},{"name":"现金","data":[54.81,66.47,41.54,50.19]}]};
/*累计收益率走势*/
var Data_grandTotal = [{"name":"农银汇理日日鑫交易型货","data":[[1501948800000,0],[1502035200000,0.01],[1502121600000,0.02],[1502208000000,0.03],[1502294400000,0.04],[1502380800000,0.06],[1502553600000,0.08],[1502640000000,0.09],[1502726400000,0.10],[1502812800000,0.11],[1502899200000,0.12],[1502985600000,0.13],[1503158400000,0.15],[1503244800000,0.17],[1503331200000,0.18],[1503417600000,0.19],[1503504000000,0.20],[1503590400000,0.21],[1503763200000,0.23],[1503849600000,0.24],[1503936000000,0.25],[1504022400000,0.26],[1504108800000,0.28],[1504195200000,0.29],[1504368000000,0.31],[1504454400000,0.32],[1504540800000,0.33],[1504627200000,0.34],[1504713600000,0.35],[1504800000000,0.36],[1504972800000,0.38],[1505059200000,0.40],[1505145600000,0.41],[1505232000000,0.42],[1505318400000,0.43],[1505404800000,0.44],[1505577600000,0.46],[1505664000000,0.47],[1505750400000,0.48],[1505836800000,0.49],[1505923200000,0.50],[1506009600000,0.51],[1506182400000,0.54],[1506268800000,0.55],[1506355200000,0.56],[1506441600000,0.57],[1506528000000,0.58],[1506614400000,0.59],[1507392000000,0.69],[1507478400000,0.70],[1507564800000,0.71],[1507651200000,0.72],[1507737600000,0.73],[1507824000000,0.74],[1507996800000,0.76],[1508083200000,0.77],[1508169600000,0.78],[1508256000000,0.79],[1508342400000,0.81],[1508428800000,0.82],[1508601600000,0.84],[1508688000000,0.85],[1508774400000,0.86],[1508860800000,0.87],[1508947200000,0.88],[1509033600000,0.89],[1509206400000,0.92],[1509292800000,0.93],[1509379200000,0.94],[1509465600000,0.95],[1509552000000,0.96],[1509638400000,0.97],[1509811200000,0.99],[1509897600000,1.00],[1509984000000,1.02],[1510070400000,1.03],[1510156800000,1.04],[1510243200000,1.05],[1510416000000,1.07],[1510502400000,1.08],[1510588800000,1.09],[1510675200000,1.11],[1510761600000,1.12],[1510848000000,1.13],[1511020800000,1.15],[1511107200000,1.16],[1511193600000,1.17],[1511280000000,1.18],[1511366400000,1.20],[1511452800000,1.21],[1511625600000,1.23],[1511712000000,1.24],[1511798400000,1.25],[1511884800000,1.26],[1511971200000,1.28],[1512057600000,1.29],[1512230400000,1.31],[1512316800000,1.32],[1512403200000,1.33],[1512489600000,1.35],[1512576000000,1.36],[1512662400000,1.37],[1512835200000,1.39],[1512921600000,1.41],[1513008000000,1.42],[1513094400000,1.43],[1513180800000,1.44],[1513267200000,1.45],[1513440000000,1.48],[1513526400000,1.49],[1513612800000,1.50],[1513699200000,1.51],[1513785600000,1.53],[1513872000000,1.54],[1514044800000,1.56],[1514131200000,1.58],[1514217600000,1.59],[1514304000000,1.60],[1514390400000,1.62],[1514476800000,1.63],[1514563200000,1.64],[1514649600000,1.65],[1514822400000,1.67],[1514908800000,1.68],[1514995200000,1.69],[1515081600000,1.71],[1515254400000,1.73],[1515340800000,1.74],[1515427200000,1.76],[1515513600000,1.77],[1515600000000,1.78],[1515686400000,1.79],[1515859200000,1.82],[1515945600000,1.83],[1516032000000,1.84],[1516118400000,1.86],[1516204800000,1.87],[1516291200000,1.88],[1516464000000,1.91],[1516550400000,1.92],[1516636800000,1.93],[1516723200000,1.95],[1516809600000,1.96],[1516896000000,1.97],[1517068800000,2.00],[1517155200000,2.01],[1517241600000,2.02],[1517328000000,2.03],[1517414400000,2.04],[1517500800000,2.06],[1517673600000,2.08],[1517760000000,2.09],[1517846400000,2.11]]},{"name":"同类平均","data":[[1502035200000,0],[1502121600000,0.01],[1502208000000,0.02],[1502294400000,0.03],[1502380800000,0.04],[1502640000000,0.07],[1502726400000,0.08],[1502812800000,0.09],[1502899200000,0.10],[1502985600000,0.11],[1503244800000,0.14],[1503331200000,0.16],[1503417600000,0.17],[1503504000000,0.18],[1503590400000,0.19],[1503849600000,0.22],[1503936000000,0.23],[1504022400000,0.24],[1504108800000,0.25],[1504195200000,0.26],[1504454400000,0.29],[1504540800000,0.30],[1504627200000,0.31],[1504713600000,0.32],[1504800000000,0.34],[1505059200000,0.37],[1505145600000,0.38],[1505232000000,0.39],[1505318400000,0.40],[1505404800000,0.41],[1505664000000,0.44],[1505750400000,0.45],[1505836800000,0.46],[1505923200000,0.47],[1506009600000,0.48],[1506268800000,0.52],[1506355200000,0.53],[1506441600000,0.54],[1506528000000,0.55],[1506614400000,0.56],[1507478400000,0.67],[1507564800000,0.68],[1507651200000,0.69],[1507737600000,0.71],[1507824000000,0.72],[1508083200000,0.75],[1508169600000,0.76],[1508256000000,0.77],[1508342400000,0.78],[1508428800000,0.79],[1508688000000,0.82],[1508774400000,0.83],[1508860800000,0.84],[1508947200000,0.85],[1509033600000,0.86],[1509292800000,0.90],[1509379200000,0.91],[1509465600000,0.92],[1509552000000,0.93],[1509638400000,0.94],[1509897600000,0.97],[1509984000000,0.98],[1510070400000,0.99],[1510156800000,1.00],[1510243200000,1.01],[1510502400000,1.04],[1510588800000,1.06],[1510675200000,1.07],[1510761600000,1.08],[1510848000000,1.09],[1511107200000,1.12],[1511193600000,1.13],[1511280000000,1.14],[1511366400000,1.15],[1511452800000,1.16],[1511712000000,1.20],[1511798400000,1.21],[1511884800000,1.22],[1511971200000,1.23],[1512057600000,1.24],[1512316800000,1.28],[1512403200000,1.29],[1512489600000,1.30],[1512576000000,1.31],[1512662400000,1.32],[1512921600000,1.35],[1513008000000,1.36],[1513094400000,1.38],[1513180800000,1.39],[1513267200000,1.40],[1513526400000,1.43],[1513612800000,1.44],[1513699200000,1.46],[1513785600000,1.47],[1513872000000,1.48],[1514131200000,1.51],[1514217600000,1.53],[1514304000000,1.54],[1514390400000,1.55],[1514476800000,1.57],[1514822400000,1.62],[1514908800000,1.64],[1514995200000,1.65],[1515081600000,1.66],[1515340800000,1.69],[1515427200000,1.71],[1515513600000,1.72],[1515600000000,1.73],[1515686400000,1.74],[1515945600000,1.77],[1516032000000,1.79],[1516118400000,1.80],[1516204800000,1.81],[1516291200000,1.82],[1516550400000,1.86],[1516636800000,1.87],[1516723200000,1.88],[1516809600000,1.89],[1516896000000,1.90],[1517155200000,1.94],[1517241600000,1.95],[1517328000000,1.96],[1517414400000,1.97],[1517500800000,1.98],[1517760000000,2.02],[1517846400000,2.03]]},{"name":"沪深300","data":[[1502035200000,0],[1502121600000,0.15],[1502208000000,0.11],[1502294400000,-0.29],[1502380800000,-2.13],[1502640000000,-0.86],[1502726400000,-0.56],[1502812800000,-0.68],[1502899200000,-0.15],[1502985600000,-0.06],[1503244800000,0.38],[1503331200000,0.68],[1503417600000,0.79],[1503504000000,0.21],[1503590400000,1.85],[1503849600000,3.11],[1503936000000,2.89],[1504022400000,2.88],[1504108800000,2.56],[1504195200000,2.78],[1504454400000,3.19],[1504540800000,3.50],[1504627200000,3.29],[1504713600000,2.77],[1504800000000,2.66],[1505059200000,2.65],[1505145600000,2.98],[1505232000000,3.11],[1505318400000,2.77],[1505404800000,2.80],[1505664000000,3.12],[1505750400000,2.83],[1505836800000,3.10],[1505923200000,2.98],[1506009600000,2.98],[1506268800000,2.44],[1506355200000,2.52],[1506441600000,2.53],[1506528000000,2.57],[1506614400000,2.94],[1507478400000,4.17],[1507564800000,4.38],[1507651200000,4.72],[1507737600000,5.00],[1507824000000,5.21],[1508083200000,5.01],[1508169600000,5.00],[1508256000000,5.83],[1508342400000,5.49],[1508428800000,5.37],[1508688000000,5.47],[1508774400000,6.24],[1508860800000,6.71],[1508947200000,7.16],[1509033600000,7.92],[1509292800000,7.59],[1509379200000,7.51],[1509465600000,7.24],[1509552000000,7.25],[1509638400000,7.13],[1509897600000,7.89],[1509984000000,8.79],[1510070400000,8.62],[1510156800000,9.37],[1510243200000,10.33],[1510502400000,10.77],[1510588800000,10.00],[1510675200000,9.31],[1510761600000,10.15],[1510848000000,10.57],[1511107200000,11.19],[1511193600000,13.17],[1511280000000,13.44],[1511366400000,10.08],[1511452800000,10.13],[1511712000000,8.67],[1511798400000,8.83],[1511884800000,8.77],[1511971200000,7.49],[1512057600000,7.28],[1512316800000,7.84],[1512403200000,8.41],[1512489600000,7.76],[1512576000000,6.55],[1512662400000,7.42],[1512921600000,9.20],[1513008000000,7.76],[1513094400000,8.67],[1513180800000,8.03],[1513267200000,6.82],[1513526400000,6.94],[1513612800000,8.28],[1513699200000,8.15],[1513785600000,9.15],[1513872000000,8.80],[1514131200000,8.45],[1514217600000,8.77],[1514304000000,7.09],[1514390400000,7.84],[1514476800000,8.16],[1514822400000,9.68],[1514908800000,10.32],[1514995200000,10.79],[1515081600000,11.05],[1515340800000,11.63],[1515427200000,12.41],[1515513600000,12.91],[1515600000000,12.85],[1515686400000,13.37],[1515945600000,13.37],[1516032000000,14.27],[1516118400000,13.99],[1516204800000,14.61],[1516291200000,14.99],[1516550400000,16.36],[1516636800000,17.60],[1516723200000,17.79],[1516809600000,17.13],[1516896000000,17.56],[1517155200000,15.43],[1517241600000,14.20],[1517328000000,14.73],[1517414400000,13.93],[1517500800000,14.61],[1517760000000,14.69],[1517846400000,11.33]]}];
/*同类排名*/
var Data_rateInSimilarType = [{"x":1490803200000,"y":242,"sc":"538"},{"x":1490889600000,"y":246,"sc":"538"},{"x":1491321600000,"y":269,"sc":"538"},{"x":1491408000000,"y":273,"sc":"540"},{"x":1491494400000,"y":270,"sc":"540"},{"x":1491753600000,"y":289,"sc":"540"},{"x":1491840000000,"y":296,"sc":"540"},{"x":1491926400000,"y":298,"sc":"540"},{"x":1492012800000,"y":302,"sc":"541"},{"x":1492099200000,"y":274,"sc":"541"},{"x":1492358400000,"y":292,"sc":"543"},{"x":1492444800000,"y":289,"sc":"543"},{"x":1492531200000,"y":288,"sc":"543"},{"x":1492617600000,"y":289,"sc":"545"},{"x":1492704000000,"y":287,"sc":"545"},{"x":1492963200000,"y":295,"sc":"545"},{"x":1493049600000,"y":295,"sc":"547"},{"x":1493136000000,"y":297,"sc":"549"},{"x":1493222400000,"y":295,"sc":"549"},{"x":1493308800000,"y":291,"sc":"549"},{"x":1493654400000,"y":316,"sc":"549"},{"x":1493740800000,"y":316,"sc":"550"},{"x":1493827200000,"y":314,"sc":"550"},{"x":1493913600000,"y":322,"sc":"550"},{"x":1494172800000,"y":324,"sc":"550"},{"x":1494259200000,"y":325,"sc":"550"},{"x":1494345600000,"y":325,"sc":"550"},{"x":1494432000000,"y":322,"sc":"550"},{"x":1494518400000,"y":331,"sc":"550"},{"x":1494777600000,"y":339,"sc":"554"},{"x":1494864000000,"y":338,"sc":"556"},{"x":1494950400000,"y":341,"sc":"560"},{"x":1495036800000,"y":337,"sc":"560"},{"x":1495123200000,"y":345,"sc":"560"},{"x":1495382400000,"y":347,"sc":"560"},{"x":1495468800000,"y":340,"sc":"562"},{"x":1495555200000,"y":340,"sc":"564"},{"x":1495641600000,"y":337,"sc":"564"},{"x":1495728000000,"y":347,"sc":"564"},{"x":1496160000000,"y":343,"sc":"564"},{"x":1496246400000,"y":344,"sc":"564"},{"x":1496332800000,"y":344,"sc":"564"},{"x":1496592000000,"y":350,"sc":"566"},{"x":1496678400000,"y":352,"sc":"566"},{"x":1496764800000,"y":352,"sc":"566"},{"x":1496851200000,"y":354,"sc":"566"},{"x":1496937600000,"y":360,"sc":"566"},{"x":1497196800000,"y":381,"sc":"574"},{"x":1497283200000,"y":385,"sc":"574"},{"x":1497369600000,"y":384,"sc":"575"},{"x":1497456000000,"y":384,"sc":"575"},{"x":1497542400000,"y":386,"sc":"575"},{"x":1497801600000,"y":404,"sc":"577"},{"x":1497888000000,"y":374,"sc":"577"},{"x":1497974400000,"y":378,"sc":"575"},{"x":1498060800000,"y":379,"sc":"575"},{"x":1498147200000,"y":386,"sc":"576"},{"x":1498406400000,"y":404,"sc":"579"},{"x":1498492800000,"y":402,"sc":"579"},{"x":1498579200000,"y":379,"sc":"579"},{"x":1498665600000,"y":381,"sc":"579"},{"x":1498752000000,"y":374,"sc":"582"},{"x":1499011200000,"y":357,"sc":"582"},{"x":1499097600000,"y":386,"sc":"582"},{"x":1499184000000,"y":373,"sc":"583"},{"x":1499270400000,"y":361,"sc":"583"},{"x":1499356800000,"y":337,"sc":"583"},{"x":1499616000000,"y":326,"sc":"583"},{"x":1499702400000,"y":325,"sc":"583"},{"x":1499788800000,"y":328,"sc":"583"},{"x":1499875200000,"y":322,"sc":"583"},{"x":1499961600000,"y":333,"sc":"586"},{"x":1500220800000,"y":336,"sc":"586"},{"x":1500307200000,"y":336,"sc":"586"},{"x":1500393600000,"y":341,"sc":"589"},{"x":1500480000000,"y":337,"sc":"589"},{"x":1500566400000,"y":332,"sc":"593"},{"x":1500825600000,"y":337,"sc":"593"},{"x":1500912000000,"y":336,"sc":"593"},{"x":1500998400000,"y":331,"sc":"594"},{"x":1501084800000,"y":316,"sc":"594"},{"x":1501171200000,"y":314,"sc":"594"},{"x":1501430400000,"y":297,"sc":"594"},{"x":1501516800000,"y":312,"sc":"594"},{"x":1501603200000,"y":309,"sc":"594"},{"x":1501689600000,"y":289,"sc":"594"},{"x":1501776000000,"y":290,"sc":"594"},{"x":1502035200000,"y":287,"sc":"596"},{"x":1502121600000,"y":284,"sc":"596"},{"x":1502208000000,"y":277,"sc":"596"},{"x":1502294400000,"y":274,"sc":"596"},{"x":1502380800000,"y":270,"sc":"596"},{"x":1502640000000,"y":264,"sc":"596"},{"x":1502726400000,"y":264,"sc":"596"},{"x":1502812800000,"y":265,"sc":"596"},{"x":1502899200000,"y":265,"sc":"596"},{"x":1502985600000,"y":260,"sc":"596"},{"x":1503244800000,"y":261,"sc":"597"},{"x":1503331200000,"y":259,"sc":"597"},{"x":1503417600000,"y":254,"sc":"597"},{"x":1503504000000,"y":250,"sc":"596"},{"x":1503590400000,"y":249,"sc":"596"},{"x":1503849600000,"y":224,"sc":"600"},{"x":1503936000000,"y":214,"sc":"600"},{"x":1504022400000,"y":246,"sc":"600"},{"x":1504108800000,"y":247,"sc":"601"},{"x":1504195200000,"y":244,"sc":"601"},{"x":1504454400000,"y":240,"sc":"601"},{"x":1504540800000,"y":237,"sc":"601"},{"x":1504627200000,"y":237,"sc":"601"},{"x":1504713600000,"y":236,"sc":"601"},{"x":1504800000000,"y":231,"sc":"601"},{"x":1505059200000,"y":209,"sc":"603"},{"x":1505145600000,"y":205,"sc":"603"},{"x":1505232000000,"y":204,"sc":"603"},{"x":1505318400000,"y":201,"sc":"605"},{"x":1505404800000,"y":195,"sc":"605"},{"x":1505664000000,"y":190,"sc":"606"},{"x":1505750400000,"y":182,"sc":"606"},{"x":1505836800000,"y":209,"sc":"603"},{"x":1505923200000,"y":207,"sc":"603"},{"x":1506009600000,"y":197,"sc":"603"},{"x":1506268800000,"y":185,"sc":"603"},{"x":1506355200000,"y":177,"sc":"603"},{"x":1506441600000,"y":180,"sc":"604"},{"x":1506528000000,"y":191,"sc":"604"},{"x":1506614400000,"y":189,"sc":"606"},{"x":1507478400000,"y":234,"sc":"606"},{"x":1507564800000,"y":243,"sc":"607"},{"x":1507651200000,"y":244,"sc":"607"},{"x":1507737600000,"y":245,"sc":"611"},{"x":1507824000000,"y":264,"sc":"611"},{"x":1508083200000,"y":277,"sc":"612"},{"x":1508169600000,"y":278,"sc":"612"},{"x":1508256000000,"y":274,"sc":"611"},{"x":1508342400000,"y":273,"sc":"611"},{"x":1508428800000,"y":285,"sc":"611"},{"x":1508688000000,"y":274,"sc":"606"},{"x":1508774400000,"y":273,"sc":"606"},{"x":1508860800000,"y":271,"sc":"607"},{"x":1508947200000,"y":280,"sc":"607"},{"x":1509033600000,"y":300,"sc":"607"},{"x":1509292800000,"y":290,"sc":"609"},{"x":1509379200000,"y":284,"sc":"610"},{"x":1509465600000,"y":287,"sc":"610"},{"x":1509552000000,"y":293,"sc":"613"},{"x":1509638400000,"y":311,"sc":"617"},{"x":1509897600000,"y":304,"sc":"621"},{"x":1509984000000,"y":300,"sc":"621"},{"x":1510070400000,"y":303,"sc":"621"},{"x":1510156800000,"y":312,"sc":"623"},{"x":1510243200000,"y":312,"sc":"623"},{"x":1510502400000,"y":306,"sc":"633"},{"x":1510588800000,"y":306,"sc":"635"},{"x":1510675200000,"y":299,"sc":"635"},{"x":1510761600000,"y":298,"sc":"635"},{"x":1510848000000,"y":297,"sc":"636"},{"x":1511107200000,"y":296,"sc":"636"},{"x":1511193600000,"y":295,"sc":"636"},{"x":1511280000000,"y":297,"sc":"636"},{"x":1511366400000,"y":297,"sc":"636"},{"x":1511452800000,"y":297,"sc":"637"},{"x":1511712000000,"y":301,"sc":"640"},{"x":1511798400000,"y":299,"sc":"640"},{"x":1511884800000,"y":298,"sc":"640"},{"x":1511971200000,"y":298,"sc":"641"},{"x":1512057600000,"y":294,"sc":"643"},{"x":1512316800000,"y":288,"sc":"643"},{"x":1512403200000,"y":285,"sc":"643"},{"x":1512489600000,"y":285,"sc":"643"},{"x":1512576000000,"y":288,"sc":"644"},{"x":1512662400000,"y":285,"sc":"652"},{"x":1512921600000,"y":282,"sc":"652"},{"x":1513008000000,"y":278,"sc":"653"},{"x":1513094400000,"y":278,"sc":"653"},{"x":1513180800000,"y":281,"sc":"654"},{"x":1513267200000,"y":279,"sc":"656"},{"x":1513526400000,"y":269,"sc":"656"},{"x":1513612800000,"y":268,"sc":"656"},{"x":1513699200000,"y":266,"sc":"656"},{"x":1513785600000,"y":257,"sc":"655"},{"x":1513872000000,"y":254,"sc":"655"},{"x":1514131200000,"y":246,"sc":"655"},{"x":1514217600000,"y":251,"sc":"655"},{"x":1514304000000,"y":248,"sc":"654"},{"x":1514390400000,"y":245,"sc":"655"},{"x":1514476800000,"y":247,"sc":"655"},{"x":1514822400000,"y":287,"sc":"655"},{"x":1514908800000,"y":269,"sc":"655"},{"x":1514995200000,"y":248,"sc":"655"},{"x":1515081600000,"y":236,"sc":"655"},{"x":1515340800000,"y":277,"sc":"655"},{"x":1515427200000,"y":269,"sc":"655"},{"x":1515513600000,"y":261,"sc":"656"},{"x":1515600000000,"y":254,"sc":"657"},{"x":1515686400000,"y":250,"sc":"657"},{"x":1515945600000,"y":240,"sc":"657"},{"x":1516032000000,"y":237,"sc":"657"},{"x":1516118400000,"y":240,"sc":"657"},{"x":1516204800000,"y":235,"sc":"657"},{"x":1516291200000,"y":229,"sc":"657"},{"x":1516550400000,"y":233,"sc":"657"},{"x":1516636800000,"y":231,"sc":"657"},{"x":1516723200000,"y":228,"sc":"657"},{"x":1516809600000,"y":222,"sc":"657"},{"x":1516896000000,"y":221,"sc":"655"},{"x":1517155200000,"y":215,"sc":"656"},{"x":1517241600000,"y":216,"sc":"656"},{"x":1517328000000,"y":215,"sc":"656"},{"x":1517414400000,"y":216,"sc":"656"},{"x":1517500800000,"y":214,"sc":"656"},{"x":1517760000000,"y":208,"sc":"656"},{"x":1517846400000,"y":210,"sc":"656"}];
/*百分比排名*/
var Data_rateInSimilarPersent = [[1490803200000,55.0200],[1490889600000,54.2800],[1491321600000,50.00],[1491408000000,49.4400],[1491494400000,50.00],[1491753600000,46.4800],[1491840000000,45.1900],[1491926400000,44.8100],[1492012800000,44.1800],[1492099200000,49.3500],[1492358400000,46.2200],[1492444800000,46.7800],[1492531200000,46.9600],[1492617600000,46.9700],[1492704000000,47.3400],[1492963200000,45.8700],[1493049600000,46.0700],[1493136000000,45.9000],[1493222400000,46.2700],[1493308800000,46.9900],[1493654400000,42.4400],[1493740800000,42.5500],[1493827200000,42.9100],[1493913600000,41.4500],[1494172800000,41.0900],[1494259200000,40.9100],[1494345600000,40.9100],[1494432000000,41.4500],[1494518400000,39.8200],[1494777600000,38.8100],[1494864000000,39.2100],[1494950400000,39.1100],[1495036800000,39.8200],[1495123200000,38.3900],[1495382400000,38.0400],[1495468800000,39.5000],[1495555200000,39.7200],[1495641600000,40.2500],[1495728000000,38.4800],[1496160000000,39.1800],[1496246400000,39.0100],[1496332800000,39.0100],[1496592000000,38.1600],[1496678400000,37.8100],[1496764800000,37.8100],[1496851200000,37.4600],[1496937600000,36.4000],[1497196800000,33.6200],[1497283200000,32.9300],[1497369600000,33.2200],[1497456000000,33.2200],[1497542400000,32.8700],[1497801600000,29.9800],[1497888000000,35.1800],[1497974400000,34.2600],[1498060800000,34.0900],[1498147200000,32.9900],[1498406400000,30.2200],[1498492800000,30.5700],[1498579200000,34.5400],[1498665600000,34.2000],[1498752000000,35.7400],[1499011200000,38.6600],[1499097600000,33.6800],[1499184000000,36.0200],[1499270400000,38.0800],[1499356800000,42.2000],[1499616000000,44.0800],[1499702400000,44.2500],[1499788800000,43.7400],[1499875200000,44.7700],[1499961600000,43.1700],[1500220800000,42.6600],[1500307200000,42.6600],[1500393600000,42.1100],[1500480000000,42.7800],[1500566400000,44.0100],[1500825600000,43.1700],[1500912000000,43.3400],[1500998400000,44.2800],[1501084800000,46.8000],[1501171200000,47.1400],[1501430400000,50.00],[1501516800000,47.4700],[1501603200000,47.9800],[1501689600000,51.3500],[1501776000000,51.1800],[1502035200000,51.8500],[1502121600000,52.3500],[1502208000000,53.5200],[1502294400000,54.0300],[1502380800000,54.7000],[1502640000000,55.7000],[1502726400000,55.7000],[1502812800000,55.5400],[1502899200000,55.5400],[1502985600000,56.3800],[1503244800000,56.2800],[1503331200000,56.6200],[1503417600000,57.4500],[1503504000000,58.0500],[1503590400000,58.2200],[1503849600000,62.6700],[1503936000000,64.3300],[1504022400000,59.00],[1504108800000,58.9000],[1504195200000,59.4000],[1504454400000,60.0700],[1504540800000,60.5700],[1504627200000,60.5700],[1504713600000,60.7300],[1504800000000,61.5600],[1505059200000,65.3400],[1505145600000,66.00],[1505232000000,66.1700],[1505318400000,66.7800],[1505404800000,67.7700],[1505664000000,68.6500],[1505750400000,69.9700],[1505836800000,65.3400],[1505923200000,65.6700],[1506009600000,67.3300],[1506268800000,69.3200],[1506355200000,70.6500],[1506441600000,70.2000],[1506528000000,68.3800],[1506614400000,68.8100],[1507478400000,61.3900],[1507564800000,59.9700],[1507651200000,59.8000],[1507737600000,59.9000],[1507824000000,56.7900],[1508083200000,54.7400],[1508169600000,54.5800],[1508256000000,55.1600],[1508342400000,55.3200],[1508428800000,53.3600],[1508688000000,54.7900],[1508774400000,54.9500],[1508860800000,55.3500],[1508947200000,53.8700],[1509033600000,50.5800],[1509292800000,52.3800],[1509379200000,53.4400],[1509465600000,52.9500],[1509552000000,52.2000],[1509638400000,49.5900],[1509897600000,51.0500],[1509984000000,51.6900],[1510070400000,51.2100],[1510156800000,49.9200],[1510243200000,49.9200],[1510502400000,51.6600],[1510588800000,51.8100],[1510675200000,52.9100],[1510761600000,53.0700],[1510848000000,53.3000],[1511107200000,53.4600],[1511193600000,53.6200],[1511280000000,53.3000],[1511366400000,53.3000],[1511452800000,53.3800],[1511712000000,52.9700],[1511798400000,53.2800],[1511884800000,53.4400],[1511971200000,53.5100],[1512057600000,54.2800],[1512316800000,55.2100],[1512403200000,55.6800],[1512489600000,55.6800],[1512576000000,55.2800],[1512662400000,56.2900],[1512921600000,56.7500],[1513008000000,57.4300],[1513094400000,57.4300],[1513180800000,57.0300],[1513267200000,57.4700],[1513526400000,58.9900],[1513612800000,59.1500],[1513699200000,59.4500],[1513785600000,60.7600],[1513872000000,61.2200],[1514131200000,62.4400],[1514217600000,61.6800],[1514304000000,62.0800],[1514390400000,62.6000],[1514476800000,62.2900],[1514822400000,56.1800],[1514908800000,58.9300],[1514995200000,62.1400],[1515081600000,63.9700],[1515340800000,57.7100],[1515427200000,58.9300],[1515513600000,60.2100],[1515600000000,61.3400],[1515686400000,61.9500],[1515945600000,63.4700],[1516032000000,63.9300],[1516118400000,63.4700],[1516204800000,64.2300],[1516291200000,65.1400],[1516550400000,64.5400],[1516636800000,64.8400],[1516723200000,65.3000],[1516809600000,66.2100],[1516896000000,66.2600],[1517155200000,67.2300],[1517241600000,67.0700],[1517328000000,67.2300],[1517414400000,67.0700],[1517500800000,67.3800],[1517760000000,68.2900],[1517846400000,67.9900]];
/*规模变动*/
var Data_fluctuationScale = {"categories":["2016-12-31","2017-03-31","2017-06-30","2017-09-30","2017-12-31"],"series":[{"y":89.14,"mom":"0.01%"},{"y":10.42,"mom":"-88.31%"},{"y":8.70,"mom":"-16.56%"},{"y":17.97,"mom":"106.64%"},{"y":27.48,"mom":"52.89%"}]};;
/*持有人结构*/
var Data_holderStructure = {"series":[{"name":"机构持有比例","data":[31.3]},{"name":"个人持有比例","data":[68.7]},{"name":"内部持有比例","data":[0.0023]}],"categories":["2017-06-30"]};
/*申购赎回*/
var Data_assetAllocation ={"series":[{"name":"期间申购","data":[18.09,7.70,32.24,24.51]},{"name":"期间赎回","data":[96.81,9.43,22.96,15.01]},{"name":"总份额","data":[10.42,8.70,17.97,27.48]}],"categories":["2017-03-31","2017-06-30","2017-09-30","2017-12-31"]};
/*现任基金经理*/
var Data_currentFundManager = [{"id":"30273557","pic":"https://pdf.dfcfw.com/pdf/H8_JPG30273557_1.jpg","name":"许娅","star":4,"workTime":"4年又52天","fundSize":"704.39亿(8只基金)","power":{"avr":"61.03","categories":["经验值","收益率","影响力","稳定性","管理规模"],"dsc":["反映基金经理从业年限和管理基金的经验","根据基金经理投资的阶段收益评分，反映\u003cbr\u003e基金经理投资的盈利能力","根据基金经理所管理基金的机构和个人投\u003cbr\u003e资者持有比例评分","反映基金经理投资收益的波动","根据基金经理现任管理基金资产规模评分"],"data":[74.40,31.60,63.60,80.20,75.0],"jzrq":"2018-02-06"},"profit":{"categories":["任期收益","同类平均"],"series":[{"data":[{"name":null,"color":"#7cb5ec","y":4.4046},{"name":null,"color":"#414c7b","y":4.3}]}],"jzrq":"2018-02-06"}},{"id":"30487362","pic":"https://pdf.dfcfw.com/pdf/H8_JPG30487362_1.jpg","name":"黄晓鹏","star":2,"workTime":"1年又160天","fundSize":"192.65亿(6只基金)","power":{"avr":"26.28","categories":["经验值","收益率","影响力","稳定性","管理规模"],"dsc":["反映基金经理从业年限和管理基金的经验","根据基金经理投资的阶段收益评分，反映\u003cbr\u003e基金经理投资的盈利能力","根据基金经理所管理基金的机构和个人投\u003cbr\u003e资者持有比例评分","反映基金经理投资收益的波动","根据基金经理现任管理基金资产规模评分"],"data":[39.80,28.40,51.50,8.10,44.70],"jzrq":"2018-02-06"},"profit":{"categories":["任期收益","同类平均"],"series":[{"data":[{"name":null,"color":"#7cb5ec","y":3.9725},{"name":null,"color":"#414c7b","y":3.91}]}],"jzrq":"2018-02-06"}}] ;
/*同类型基金涨幅榜（页面底部通栏）*/
var swithSameType = [['002895_华夏天利货币B_5.8750','002894_华夏天利货币A_5.6210','004398_融通现金宝货币B_5.3370','000902_国开货币B_5.3360','001478_泰康薪意保货币B_5.1400'],['002895_华夏天利货币B_5.26','004973_长城收益宝货币B_5.08','004904_人保货币B_5.05','002884_华润元大现金通货币B_5.01','002894_华夏天利货币A_5.01'],['004973_长城收益宝货币B_5.05','004770_海富通添益货币A_4.99','002884_华润元大现金通货币B_4.99','005151_红土创新优淳货币B_4.90','002895_华夏天利货币B_4.89'],['004770_海富通添益货币A_5.39','004973_长城收益宝货币B_5.13','002884_华润元大现金通货币B_5.03','002895_华夏天利货币B_5.03','004398_融通现金宝货币B_5.01'],['003679_中融现金增利货币C_4.67','003474_南方天天利货币B_4.55','000836_国投瑞银钱多宝货币A_4.52','000837_国投瑞银钱多宝货币I_4.52','003753_工银如意货币B_4.51']];