/**
 * 测试数据
 * @type {arry}
 */
/*2018-02-07 16:08:22*/
//基金或股票信息
var fS_name = "泓德泓利货币B";
var fS_code = "002185";
var fund_minsg="5000000";
var ishb=true;
/*原费率*/
var fund_sourceRate="0";
/*现费率*/
var fund_Rate="0";
/*最小申购金额*/
var fund_minsg="5000000";
/*收益率*/
/*近一年收益率*/
var syl_1n="3.9824";
/*近6月收益率*/
var syl_6y="2.1304";
/*近三月收益率*/
var syl_3y="1.134";
/*近一月收益率*/
var syl_1y="0.3839";
/* 基金收益走势图 每万份收益*/
var Data_millionCopiesIncome = [[1450713600000,0.7681],[1450800000000,0.7987],[1450886400000,0.8349],[1450972800000,0.7704],[1451145600000,1.5405],[1451232000000,0.77],[1451318400000,0.6816],[1451404800000,0.7504],[1451491200000,0.7519],[1451750400000,2.2491],[1451836800000,0.7495],[1451923200000,0.7385],[1452009600000,0.7726],[1452096000000,0.7752],[1452182400000,0.7273],[1452355200000,1.4449],[1452441600000,0.7176],[1452528000000,0.7304],[1452614400000,0.7167],[1452700800000,0.7244],[1452787200000,0.6751],[1452960000000,1.3533],[1453046400000,0.6868],[1453132800000,0.7026],[1453219200000,0.7139],[1453305600000,0.7183],[1453392000000,0.7424],[1453564800000,1.4764],[1453651200000,0.7029],[1453737600000,0.7288],[1453824000000,0.7275],[1453910400000,0.7259],[1453996800000,0.7316],[1454169600000,1.4645],[1454256000000,0.7332],[1454342400000,0.7434],[1454428800000,0.7574],[1454515200000,0.7555],[1454601600000,0.7561],[1455379200000,6.7838],[1455465600000,0.7574],[1455552000000,0.7591],[1455638400000,0.7392],[1455724800000,0.7219],[1455811200000,0.7316],[1455984000000,1.4642],[1456070400000,0.7248],[1456156800000,0.725],[1456243200000,0.7162],[1456329600000,0.7095],[1456416000000,0.7579],[1456588800000,1.4263],[1456675200000,0.7125],[1456761600000,0.7207],[1456848000000,0.7175],[1456934400000,0.7194],[1457020800000,0.7087],[1457193600000,1.4184],[1457280000000,0.6943],[1457366400000,0.6948],[1457452800000,0.701],[1457539200000,0.7009],[1457625600000,0.7019],[1457798400000,1.4038],[1457884800000,0.7003],[1457971200000,0.7027],[1458057600000,0.6873],[1458144000000,0.6729],[1458230400000,0.6938],[1458403200000,1.3398],[1458489600000,0.706],[1458576000000,0.7211],[1458662400000,0.7398],[1458748800000,0.7227],[1458835200000,0.73],[1459008000000,1.4511],[1459094400000,0.731],[1459180800000,0.7227],[1459267200000,0.726],[1459353600000,0.7154],[1459440000000,0.6936],[1459699200000,2.1283],[1459785600000,0.6154],[1459872000000,0.6669],[1459958400000,1.192],[1460044800000,0.7212],[1460217600000,1.4422],[1460304000000,0.6529],[1460390400000,0.6569],[1460476800000,0.6651],[1460563200000,0.6671],[1460649600000,0.6848],[1460822400000,1.3695],[1460908800000,0.6693],[1460995200000,0.6809],[1461081600000,0.6787],[1461168000000,0.6652],[1461254400000,0.6394],[1461427200000,1.2625],[1461513600000,0.6443],[1461600000000,0.6069],[1461686400000,0.478],[1461772800000,0.538],[1461859200000,0.5483],[1462118400000,1.6757],[1462204800000,0.6141],[1462291200000,0.6155],[1462377600000,0.6504],[1462464000000,0.4974],[1462636800000,0.9622],[1462723200000,0.6044],[1462809600000,0.5969],[1462896000000,0.6203],[1462982400000,0.6189],[1463068800000,0.6222],[1463241600000,1.245],[1463328000000,0.6456],[1463414400000,0.6146],[1463500800000,0.6183],[1463587200000,0.6334],[1463673600000,0.6213],[1463846400000,1.2452],[1463932800000,0.6328],[1464019200000,0.6121],[1464105600000,0.6161],[1464192000000,0.6215],[1464278400000,0.6284],[1464451200000,1.2659],[1464537600000,0.6282],[1464624000000,0.6846],[1464710400000,0.6111],[1464796800000,0.6208],[1464883200000,0.6342],[1465056000000,1.2701],[1465142400000,0.6453],[1465228800000,0.6383],[1465315200000,0.6237],[1465660800000,2.4932],[1465747200000,0.6236],[1465833600000,3.0657],[1465920000000,0.6466],[1466006400000,0.649],[1466092800000,0.6596],[1466265600000,1.3266],[1466352000000,0.6611],[1466438400000,0.6406],[1466524800000,0.6846],[1466611200000,0.6762],[1466697600000,0.6781],[1466870400000,1.357],[1466956800000,0.6861],[1467043200000,0.6899],[1467129600000,0.6849],[1467216000000,0.6813],[1467302400000,0.6625],[1467475200000,1.329],[1467561600000,0.6638],[1467648000000,0.6687],[1467734400000,0.656],[1467820800000,0.6659],[1467907200000,0.6511],[1468080000000,1.3309],[1468166400000,0.6605],[1468252800000,0.6653],[1468339200000,0.6558],[1468425600000,0.6529],[1468512000000,0.6438],[1468684800000,1.2928],[1468771200000,0.6445],[1468857600000,0.6429],[1468944000000,0.6526],[1469030400000,0.6465],[1469116800000,0.6513],[1469289600000,1.279],[1469376000000,1.5831],[1469462400000,0.6564],[1469548800000,0.6626],[1469635200000,0.7347],[1469721600000,0.6802],[1469894400000,1.3627],[1469980800000,0.6779],[1470067200000,0.6789],[1470153600000,0.7091],[1470240000000,0.6619],[1470326400000,0.6619],[1470499200000,1.3236],[1470585600000,0.6567],[1470672000000,0.6544],[1470758400000,0.649],[1470844800000,0.6544],[1470931200000,0.6518],[1471104000000,1.3039],[1471190400000,0.6507],[1471276800000,0.677],[1471363200000,0.6527],[1471449600000,0.6519],[1471536000000,0.6498],[1471708800000,1.2999],[1471795200000,0.6488],[1471881600000,0.6407],[1471968000000,0.6401],[1472054400000,0.6373],[1472140800000,0.6429],[1472313600000,1.291],[1472400000000,0.6432],[1472486400000,0.6449],[1472572800000,0.6466],[1472659200000,1.6974],[1472745600000,0.6382],[1472918400000,1.2773],[1473004800000,0.6376],[1473091200000,0.6419],[1473177600000,0.6386],[1473264000000,0.6351],[1473350400000,0.6603],[1473523200000,1.291],[1473609600000,0.6455],[1473696000000,0.6585],[1473782400000,0.6686],[1474128000000,2.6532],[1474214400000,0.6667],[1474300800000,0.6658],[1474387200000,0.678],[1474473600000,0.684],[1474560000000,0.7149],[1474732800000,1.4103],[1474819200000,0.714],[1474905600000,0.6568],[1474992000000,0.7512],[1475078400000,0.8392],[1475164800000,0.7845],[1475942400000,7.0589],[1476028800000,0.7814],[1476115200000,0.7715],[1476201600000,0.5505],[1476288000000,0.6905],[1476374400000,1.6017],[1476547200000,1.3839],[1476633600000,0.6876],[1476720000000,0.7369],[1476806400000,0.7246],[1476892800000,0.7272],[1476979200000,0.7278],[1477152000000,1.4595],[1477238400000,0.7298],[1477324800000,0.6998],[1477411200000,0.7111],[1477497600000,0.7774],[1477584000000,0.7146],[1477756800000,1.429],[1477843200000,0.7146],[1477929600000,0.7088],[1478016000000,0.7053],[1478102400000,0.7066],[1478188800000,0.6979],[1478361600000,1.3957],[1478448000000,0.6965],[1478534400000,0.6968],[1478620800000,1.5291],[1478707200000,0.6984],[1478793600000,0.7021],[1478966400000,1.4034],[1479052800000,0.7046],[1479139200000,0.7021],[1479225600000,0.7083],[1479312000000,0.7222],[1479398400000,0.73],[1479571200000,1.4451],[1479657600000,0.719],[1479744000000,0.725],[1479830400000,0.7319],[1479916800000,0.7415],[1480003200000,0.7721],[1480176000000,1.5306],[1480262400000,0.7655],[1480348800000,0.7992],[1480435200000,0.8018],[1480521600000,0.7999],[1480608000000,0.8084],[1480780800000,1.6243],[1480867200000,0.796],[1480953600000,0.7871],[1481040000000,0.7943],[1481126400000,0.7976],[1481212800000,0.746],[1481385600000,1.4537],[1481472000000,0.7293],[1481558400000,0.7339],[1481644800000,0.7444],[1481731200000,0.7398],[1481817600000,0.7446],[1481990400000,1.549],[1482076800000,1.1535],[1482163200000,0.311],[1482249600000,0.3011],[1482336000000,0.3544],[1482422400000,0.5658],[1482595200000,1.5598],[1482681600000,0.8037],[1482768000000,0.8958],[1482854400000,0.8881],[1482940800000,0.9241],[1483027200000,0.9596],[1483113600000,0.9549],[1483286400000,1.9094],[1483372800000,0.9648],[1483459200000,0.9473],[1483545600000,0.9065],[1483632000000,0.8235],[1483804800000,1.6403],[1483891200000,0.822],[1483977600000,0.7616],[1484064000000,0.7879],[1484150400000,0.8062],[1484236800000,0.8249],[1484409600000,1.6544],[1484496000000,0.8498],[1484582400000,0.8601],[1484668800000,0.8753],[1484755200000,0.8799],[1484841600000,0.8935],[1485014400000,1.7871],[1485100800000,0.9131],[1485187200000,0.897],[1485273600000,0.8782],[1485360000000,0.8782],[1485964800000,6.1462],[1486051200000,0.877],[1486224000000,1.7539],[1486310400000,0.8842],[1486396800000,0.881],[1486483200000,0.8717],[1486569600000,0.8743],[1486656000000,0.8773],[1486828800000,1.7546],[1486915200000,0.8712],[1487001600000,0.8721],[1487088000000,0.8705],[1487174400000,0.8882],[1487260800000,0.8605],[1487433600000,1.7234],[1487520000000,0.8445],[1487606400000,0.8492],[1487692800000,0.8315],[1487779200000,0.8407],[1487865600000,0.8604],[1488038400000,1.6277],[1488124800000,0.8481],[1488211200000,0.8499],[1488297600000,0.8516],[1488384000000,0.8511],[1488470400000,0.85],[1488643200000,1.7025],[1488729600000,0.849],[1488816000000,0.8456],[1488902400000,0.8423],[1488988800000,0.8445],[1489075200000,0.8733],[1489248000000,1.7521],[1489334400000,0.8729],[1489420800000,0.871],[1489507200000,0.8695],[1489593600000,0.8584],[1489680000000,0.8713],[1489852800000,1.7425],[1489939200000,0.8503],[1490025600000,0.8422],[1490112000000,0.8475],[1490198400000,0.8713],[1490284800000,0.9139],[1490457600000,1.6904],[1490544000000,1.0368],[1490630400000,1.0915],[1490716800000,1.0976],[1490803200000,1.0977],[1490889600000,1.1395],[1491235200000,4.5519],[1491321600000,1.0915],[1491408000000,1.0991],[1491494400000,0.9978],[1491667200000,2.0049],[1491753600000,1.0023],[1491840000000,1.0022],[1491926400000,1.0075],[1492012800000,0.9993],[1492099200000,0.9448],[1492272000000,1.7677],[1492358400000,0.932],[1492444800000,0.9398],[1492531200000,0.9431],[1492617600000,0.9731],[1492704000000,0.9813],[1492876800000,1.9444],[1492963200000,0.9772],[1493049600000,0.9962],[1493136000000,0.9934],[1493222400000,1.0084],[1493308800000,0.9712],[1493568000000,2.9449],[1493654400000,0.9814],[1493740800000,0.9809],[1493827200000,0.9988],[1493913600000,1.0149],[1494086400000,2.0296],[1494172800000,2.5553],[1494259200000,1.029],[1494345600000,1.0223],[1494432000000,0.9404],[1494518400000,0.9513],[1494691200000,1.9009],[1494777600000,0.95],[1494864000000,0.8732],[1494950400000,0.9419],[1495036800000,0.9104],[1495123200000,0.9694],[1495296000000,1.8802],[1495382400000,0.8682],[1495468800000,0.8831],[1495555200000,0.911],[1495641600000,0.9886],[1495728000000,0.9692],[1496073600000,3.8633],[1496160000000,0.9656],[1496246400000,0.9918],[1496332800000,0.9954],[1496505600000,1.9991],[1496592000000,0.9904],[1496678400000,0.9899],[1496764800000,0.9982],[1496851200000,0.9937],[1496937600000,0.9382],[1497110400000,1.8608],[1497196800000,0.9375],[1497283200000,0.9658],[1497369600000,0.9707],[1497456000000,0.9944],[1497542400000,1.0048],[1497715200000,2.0094],[1497801600000,1.0453],[1497888000000,1.0454],[1497974400000,1.0859],[1498060800000,1.1077],[1498147200000,1.1061],[1498320000000,1.8804],[1498406400000,1.1127],[1498492800000,1.1162],[1498579200000,1.1384],[1498665600000,1.1352],[1498752000000,1.1355],[1498924800000,2.2708],[1499011200000,1.1352],[1499097600000,1.1549],[1499184000000,1.1361],[1499270400000,1.1138],[1499356800000,1.1174],[1499529600000,2.2345],[1499616000000,1.0975],[1499702400000,1.0983],[1499788800000,1.1006],[1499875200000,1.117],[1499961600000,1.0915],[1500134400000,2.0745],[1500220800000,1.2064],[1500307200000,1.1494],[1500393600000,1.1407],[1500480000000,1.1711],[1500566400000,1.0738],[1500739200000,2.1626],[1500825600000,1.0779],[1500912000000,1.0713],[1500998400000,1.1103],[1501084800000,1.1222],[1501171200000,1.1317],[1501344000000,2.2634],[1501430400000,1.0963],[1501516800000,1.0995],[1501603200000,1.0843],[1501689600000,1.0731],[1501776000000,1.076],[1501948800000,2.1518],[1502035200000,1.0823],[1502121600000,1.0756],[1502208000000,1.077],[1502294400000,1.0681],[1502380800000,1.0465],[1502553600000,2.0928],[1502640000000,1.0465],[1502726400000,1.0465],[1502812800000,1.0567],[1502899200000,1.058],[1502985600000,1.0673],[1503158400000,2.1344],[1503244800000,1.103],[1503331200000,1.101],[1503417600000,1.0872],[1503504000000,1.125],[1503590400000,2.2054],[1503763200000,2.1785],[1503849600000,1.0657],[1503936000000,1.0954],[1504022400000,1.0992],[1504108800000,1.1011],[1504195200000,1.1047],[1504368000000,2.2091],[1504454400000,1.1015],[1504540800000,1.1499],[1504627200000,1.1656],[1504713600000,0.6367],[1504800000000,1.1812],[1504972800000,2.1872],[1505059200000,1.1119],[1505145600000,1.1679],[1505232000000,1.141],[1505318400000,1.11],[1505404800000,1.0845],[1505577600000,2.1803],[1505664000000,1.0901],[1505750400000,1.0902],[1505836800000,1.0901],[1505923200000,1.0763],[1506009600000,1.0935],[1506182400000,2.1869],[1506268800000,1.1172],[1506355200000,1.128],[1506441600000,1.2683],[1506528000000,1.1871],[1506614400000,1.1874],[1507392000000,10.6829],[1507478400000,1.1865],[1507564800000,1.1863],[1507651200000,1.1833],[1507737600000,1.1085],[1507824000000,1.1112],[1507996800000,2.2222],[1508083200000,1.102],[1508169600000,1.0925],[1508256000000,0.9116],[1508342400000,0.9174],[1508428800000,0.9223],[1508601600000,1.8446],[1508688000000,0.832],[1508774400000,0.8417],[1508860800000,0.846],[1508947200000,0.8413],[1509033600000,0.8237],[1509206400000,1.6475],[1509292800000,0.8385],[1509379200000,0.8438],[1509465600000,0.8326],[1509552000000,0.8573],[1509638400000,0.8304],[1509811200000,1.6609],[1509897600000,0.8232],[1509984000000,0.8303],[1510070400000,4.6632999999999996],[1510156800000,0.9761],[1510243200000,0.9745],[1510416000000,2.0363],[1510502400000,3.1054],[1510588800000,1.0311],[1510675200000,0.9315],[1510761600000,0.8715],[1510848000000,0.9621],[1511020800000,1.9379],[1511107200000,1.0554],[1511193600000,1.0729],[1511280000000,1.0473],[1511366400000,2.794],[1511452800000,1.0321],[1511625600000,2.053],[1511712000000,1.1033],[1511798400000,1.1244],[1511884800000,1.0616],[1511971200000,1.1257],[1512057600000,1.1129],[1512230400000,2.2229],[1512316800000,1.0916],[1512403200000,1.0843],[1512489600000,1.0893],[1512576000000,1.1094],[1512662400000,1.1133],[1512835200000,2.2268],[1512921600000,1.1318],[1513008000000,1.1068],[1513094400000,1.1234],[1513180800000,1.1196],[1513267200000,1.1245],[1513440000000,2.2496],[1513526400000,1.1469],[1513612800000,1.1791],[1513699200000,1.1783],[1513785600000,1.1297],[1513872000000,1.1615],[1514044800000,2.3345],[1514131200000,1.2663],[1514217600000,1.2919],[1514304000000,1.3347],[1514390400000,1.2603],[1514476800000,1.2919],[1514649600000,2.5838],[1514736000000,1.2821],[1514822400000,1.2826],[1514908800000,1.2839],[1514995200000,1.3153],[1515081600000,1.4329],[1515254400000,2.6192],[1515340800000,1.1922],[1515427200000,1.1973],[1515513600000,1.1964],[1515600000000,1.1968],[1515686400000,1.1775],[1515859200000,2.3676],[1515945600000,1.1817],[1516032000000,1.2044],[1516118400000,1.2045],[1516204800000,1.2047],[1516291200000,1.2047],[1516464000000,2.4099],[1516550400000,1.206],[1516636800000,1.2114],[1516723200000,1.2176],[1516809600000,1.1713],[1516896000000,1.1782],[1517068800000,2.3563],[1517155200000,1.1785],[1517241600000,1.1793],[1517328000000,1.1798],[1517414400000,1.1802],[1517500800000,1.1799],[1517673600000,2.3608],[1517760000000,1.1819],[1517846400000,1.1826]];
/*基金收益走势图   7日年化收益率*/
var Data_sevenDaysYearIncome = [[1450713600000,5.524],[1450800000000,4.662],[1450886400000,4.268],[1450972800000,3.983],[1451145600000,3.658],[1451232000000,2.9],[1451318400000,2.854],[1451404800000,2.828],[1451491200000,2.783],[1451750400000,2.75],[1451836800000,2.739],[1451923200000,2.77],[1452009600000,2.781],[1452096000000,2.794],[1452182400000,2.782],[1452355200000,2.753],[1452441600000,2.736],[1452528000000,2.731],[1452614400000,2.701],[1452700800000,2.674],[1452787200000,2.646],[1452960000000,2.597],[1453046400000,2.581],[1453132800000,2.566],[1453219200000,2.564],[1453305600000,2.561],[1453392000000,2.597],[1453564800000,2.663],[1453651200000,2.672],[1453737600000,2.686],[1453824000000,2.693],[1453910400000,2.697],[1453996800000,2.691],[1454169600000,2.685],[1454256000000,2.701],[1454342400000,2.709],[1454428800000,2.725],[1454515200000,2.741],[1454601600000,2.754],[1455379200000,2.787],[1455465600000,2.788],[1455552000000,2.789],[1455638400000,2.781],[1455724800000,2.762],[1455811200000,2.75],[1455984000000,2.734],[1456070400000,2.717],[1456156800000,2.698],[1456243200000,2.686],[1456329600000,2.679],[1456416000000,2.694],[1456588800000,2.673],[1456675200000,2.667],[1456761600000,2.664],[1456848000000,2.665],[1456934400000,2.67],[1457020800000,2.644],[1457193600000,2.64],[1457280000000,2.63],[1457366400000,2.616],[1457452800000,2.607],[1457539200000,2.598],[1457625600000,2.594],[1457798400000,2.586],[1457884800000,2.589],[1457971200000,2.593],[1458057600000,2.586],[1458144000000,2.571],[1458230400000,2.567],[1458403200000,2.533],[1458489600000,2.536],[1458576000000,2.546],[1458662400000,2.574],[1458748800000,2.6],[1458835200000,2.62],[1459008000000,2.679],[1459094400000,2.693],[1459180800000,2.693],[1459267200000,2.686],[1459353600000,2.682],[1459440000000,2.663],[1459699200000,2.634],[1459785600000,2.576],[1459872000000,2.545],[1459958400000,2.8],[1460044800000,2.815],[1460217600000,2.827],[1460304000000,2.797],[1460390400000,2.819],[1460476800000,2.818],[1460563200000,2.537],[1460649600000,2.518],[1460822400000,2.479],[1460908800000,2.488],[1460995200000,2.501],[1461081600000,2.508],[1461168000000,2.507],[1461254400000,2.483],[1461427200000,2.425],[1461513600000,2.412],[1461600000000,2.372],[1461686400000,2.265],[1461772800000,2.198],[1461859200000,2.149],[1462118400000,2.026],[1462204800000,2.03],[1462291200000,2.103],[1462377600000,2.163],[1462464000000,2.136],[1462636800000,2.053],[1462723200000,2.078],[1462809600000,2.069],[1462896000000,2.071],[1462982400000,2.054],[1463068800000,2.121],[1463241600000,2.272],[1463328000000,2.293],[1463414400000,2.303],[1463500800000,2.302],[1463587200000,2.31],[1463673600000,2.309],[1463846400000,2.309],[1463932800000,2.302],[1464019200000,2.301],[1464105600000,2.3],[1464192000000,2.294],[1464278400000,2.297],[1464451200000,2.308],[1464537600000,2.306],[1464624000000,2.345],[1464710400000,2.342],[1464796800000,2.342],[1464883200000,2.345],[1465056000000,2.347],[1465142400000,2.356],[1465228800000,2.331],[1465315200000,2.338],[1465660800000,2.321],[1465747200000,2.309],[1465833600000,3.612],[1465920000000,3.625],[1466006400000,3.639],[1466092800000,3.658],[1466265600000,3.701],[1466352000000,3.722],[1466438400000,2.419],[1466524800000,2.439],[1466611200000,2.453],[1466697600000,2.463],[1466870400000,2.48],[1466956800000,2.493],[1467043200000,2.519],[1467129600000,2.519],[1467216000000,2.522],[1467302400000,2.514],[1467475200000,2.499],[1467561600000,2.487],[1467648000000,2.476],[1467734400000,2.46],[1467820800000,2.452],[1467907200000,2.446],[1468080000000,2.447],[1468166400000,2.445],[1468252800000,2.443],[1468339200000,2.443],[1468425600000,2.436],[1468512000000,2.432],[1468684800000,2.412],[1468771200000,2.404],[1468857600000,2.392],[1468944000000,2.39],[1469030400000,2.386],[1469116800000,2.39],[1469289600000,2.383],[1469376000000,2.885],[1469462400000,2.893],[1469548800000,2.898],[1469635200000,2.945],[1469721600000,2.961],[1469894400000,3.006],[1469980800000,2.521],[1470067200000,2.533],[1470153600000,2.558],[1470240000000,2.519],[1470326400000,2.509],[1470499200000,2.488],[1470585600000,2.477],[1470672000000,2.464],[1470758400000,2.431],[1470844800000,2.427],[1470931200000,2.422],[1471104000000,2.412],[1471190400000,2.408],[1471276800000,2.42],[1471363200000,2.422],[1471449600000,2.421],[1471536000000,2.42],[1471708800000,2.418],[1471795200000,2.417],[1471881600000,2.397],[1471968000000,2.391],[1472054400000,2.383],[1472140800000,2.379],[1472313600000,2.375],[1472400000000,2.372],[1472486400000,2.374],[1472572800000,2.377],[1472659200000,2.945],[1472745600000,2.942],[1472918400000,2.935],[1473004800000,2.932],[1473091200000,2.93],[1473177600000,2.926],[1473264000000,2.357],[1473350400000,2.369],[1473523200000,2.376],[1473609600000,2.381],[1473696000000,2.39],[1473782400000,2.406],[1474128000000,2.441],[1474214400000,2.453],[1474300800000,2.457],[1474387200000,2.462],[1474473600000,2.473],[1474560000000,2.501],[1474732800000,2.545],[1474819200000,2.57],[1474905600000,2.565],[1474992000000,2.605],[1475078400000,2.688],[1475164800000,2.725],[1475942400000,2.904],[1476028800000,2.902],[1476115200000,2.895],[1476201600000,2.77],[1476288000000,2.72],[1476374400000,3.158],[1476547200000,3.059],[1476633600000,3.009],[1476720000000,2.99],[1476806400000,3.084],[1476892800000,3.104],[1476979200000,2.635],[1477152000000,2.675],[1477238400000,2.698],[1477324800000,2.678],[1477411200000,2.671],[1477497600000,2.698],[1477584000000,2.691],[1477756800000,2.674],[1477843200000,2.666],[1477929600000,2.671],[1478016000000,2.668],[1478102400000,2.63],[1478188800000,2.621],[1478361600000,2.603],[1478448000000,2.594],[1478534400000,2.587],[1478620800000,3.029],[1478707200000,3.024],[1478793600000,3.027],[1478966400000,3.031],[1479052800000,3.035],[1479139200000,3.038],[1479225600000,2.598],[1479312000000,2.611],[1479398400000,2.626],[1479571200000,2.648],[1479657600000,2.656],[1479744000000,2.668],[1479830400000,2.681],[1479916800000,2.691],[1480003200000,2.713],[1480176000000,2.759],[1480262400000,2.784],[1480348800000,2.824],[1480435200000,2.861],[1480521600000,2.893],[1480608000000,2.912],[1480780800000,2.962],[1480867200000,2.979],[1480953600000,2.972],[1481040000000,2.968],[1481126400000,2.967],[1481212800000,2.934],[1481385600000,2.842],[1481472000000,2.806],[1481558400000,2.778],[1481644800000,2.751],[1481731200000,2.72],[1481817600000,2.719],[1481990400000,2.77],[1482076800000,2.998],[1482163200000,2.771],[1482249600000,2.534],[1482336000000,2.328],[1482422400000,2.233],[1482595200000,2.238],[1482681600000,2.052],[1482768000000,2.364],[1482854400000,2.678],[1482940800000,2.983],[1483027200000,3.195],[1483113600000,3.289],[1483286400000,3.464],[1483372800000,3.502],[1483459200000,3.534],[1483545600000,3.524],[1483632000000,3.451],[1483804800000,3.305],[1483891200000,3.234],[1483977600000,3.125],[1484064000000,3.039],[1484150400000,2.985],[1484236800000,2.986],[1484409600000,2.994],[1484496000000,3.008],[1484582400000,3.061],[1484668800000,3.108],[1484755200000,3.148],[1484841600000,3.185],[1485014400000,3.256],[1485100800000,3.29],[1485187200000,3.31],[1485273600000,3.312],[1485360000000,3.311],[1485964800000,3.257],[1486051200000,3.256],[1486224000000,3.255],[1486310400000,3.258],[1486396800000,3.26],[1486483200000,3.256],[1486569600000,3.254],[1486656000000,3.255],[1486828800000,3.255],[1486915200000,3.248],[1487001600000,3.243],[1487088000000,3.242],[1487174400000,3.25],[1487260800000,3.241],[1487433600000,3.224],[1487520000000,3.21],[1487606400000,3.197],[1487692800000,3.176],[1487779200000,3.151],[1487865600000,3.151],[1488038400000,3.099],[1488124800000,3.101],[1488211200000,3.102],[1488297600000,3.112],[1488384000000,3.118],[1488470400000,3.112],[1488643200000,3.153],[1488729600000,3.153],[1488816000000,3.151],[1488902400000,3.146],[1488988800000,3.142],[1489075200000,3.155],[1489248000000,3.182],[1489334400000,3.194],[1489420800000,3.208],[1489507200000,3.223],[1489593600000,3.23],[1489680000000,3.229],[1489852800000,3.224],[1489939200000,3.212],[1490025600000,3.196],[1490112000000,3.184],[1490198400000,3.191],[1490284800000,3.214],[1490457600000,3.186],[1490544000000,3.287],[1490630400000,3.421],[1490716800000,3.556],[1490803200000,3.678],[1490889600000,3.8],[1491235200000,4.198],[1491321600000,4.194],[1491408000000,4.195],[1491494400000,4.118],[1491667200000,3.971],[1491753600000,3.898],[1491840000000,3.824],[1491926400000,3.779],[1492012800000,3.725],[1492099200000,3.696],[1492272000000,3.568],[1492358400000,3.53],[1492444800000,3.496],[1492531200000,3.462],[1492617600000,3.447],[1492704000000,3.467],[1492876800000,3.563],[1492963200000,3.587],[1493049600000,3.617],[1493136000000,3.645],[1493222400000,3.664],[1493308800000,3.658],[1493568000000,3.671],[1493654400000,3.663],[1493740800000,3.656],[1493827200000,3.651],[1493913600000,3.674],[1494086400000,3.71],[1494172800000,4.565],[1494259200000,4.591],[1494345600000,4.613],[1494432000000,4.581],[1494518400000,4.547],[1494691200000,4.477],[1494777600000,3.606],[1494864000000,3.522],[1494950400000,3.478],[1495036800000,3.462],[1495123200000,3.472],[1495296000000,3.461],[1495382400000,3.417],[1495468800000,3.422],[1495555200000,3.405],[1495641600000,3.447],[1495728000000,3.447],[1496073600000,3.572],[1496160000000,3.602],[1496246400000,3.604],[1496332800000,3.618],[1496505600000,3.654],[1496592000000,3.668],[1496678400000,3.681],[1496764800000,3.698],[1496851200000,3.699],[1496937600000,3.668],[1497110400000,3.594],[1497196800000,3.565],[1497283200000,3.552],[1497369600000,3.537],[1497456000000,3.538],[1497542400000,3.573],[1497715200000,3.654],[1497801600000,3.712],[1497888000000,3.755],[1497974400000,3.817],[1498060800000,3.879],[1498147200000,3.934],[1498320000000,3.864],[1498406400000,3.9],[1498492800000,3.939],[1498579200000,3.967],[1498665600000,3.982],[1498752000000,3.998],[1498924800000,4.21],[1499011200000,4.222],[1499097600000,4.243],[1499184000000,4.242],[1499270400000,4.23],[1499356800000,4.22],[1499529600000,4.201],[1499616000000,4.18],[1499702400000,4.149],[1499788800000,4.13],[1499875200000,4.132],[1499961600000,4.118],[1500134400000,4.031],[1500220800000,4.09],[1500307200000,4.118],[1500393600000,4.14],[1500480000000,4.169],[1500566400000,4.159],[1500739200000,4.207],[1500825600000,4.137],[1500912000000,4.095],[1500998400000,4.078],[1501084800000,4.052],[1501171200000,4.083],[1501344000000,4.138],[1501430400000,4.148],[1501516800000,4.163],[1501603200000,4.149],[1501689600000,4.123],[1501776000000,4.092],[1501948800000,4.032],[1502035200000,4.024],[1502121600000,4.011],[1502208000000,4.007],[1502294400000,4.005],[1502380800000,3.989],[1502553600000,3.957],[1502640000000,3.937],[1502726400000,3.922],[1502812800000,3.911],[1502899200000,3.905],[1502985600000,3.916],[1503158400000,3.939],[1503244800000,3.969],[1503331200000,3.999],[1503417600000,4.016],[1503504000000,4.052],[1503590400000,4.671],[1503763200000,4.695],[1503849600000,4.675],[1503936000000,4.672],[1504022400000,4.678],[1504108800000,4.665],[1504195200000,4.066],[1504368000000,4.083],[1504454400000,4.102],[1504540800000,4.132],[1504627200000,4.168],[1504713600000,3.916],[1504800000000,3.958],[1504972800000,3.946],[1505059200000,3.951],[1505145600000,3.961],[1505232000000,3.948],[1505318400000,4.205],[1505404800000,4.152],[1505577600000,4.148],[1505664000000,4.137],[1505750400000,4.094],[1505836800000,4.067],[1505923200000,4.048],[1506009600000,4.053],[1506182400000,4.057],[1506268800000,4.072],[1506355200000,4.092],[1506441600000,4.189],[1506528000000,4.249],[1506614400000,4.3],[1507392000000,4.427],[1507478400000,4.427],[1507564800000,4.426],[1507651200000,4.424],[1507737600000,4.382],[1507824000000,4.341],[1507996800000,4.258],[1508083200000,4.212],[1508169600000,4.161],[1508256000000,4.014],[1508342400000,3.91],[1508428800000,3.808],[1508601600000,3.604],[1508688000000,3.458],[1508774400000,3.323],[1508860800000,3.288],[1508947200000,3.247],[1509033600000,3.194],[1509206400000,3.088],[1509292800000,3.091],[1509379200000,3.092],[1509465600000,3.085],[1509552000000,3.094],[1509638400000,3.097],[1509811200000,3.104],[1509897600000,3.096],[1509984000000,3.089],[1510070400000,5.168],[1510156800000,5.233],[1510243200000,5.313],[1510416000000,5.519],[1510502400000,6.782],[1510588800000,6.894],[1510675200000,4.834],[1510761600000,4.777],[1510848000000,4.77],[1511020800000,4.717],[1511107200000,3.603],[1511193600000,3.626],[1511280000000,3.689],[1511366400000,4.733],[1511452800000,4.771],[1511625600000,4.834],[1511712000000,4.86],[1511798400000,4.889],[1511884800000,4.896],[1511971200000,3.988],[1512057600000,4.032],[1512230400000,4.124],[1512316800000,4.118],[1512403200000,4.096],[1512489600000,4.111],[1512576000000,4.102],[1512662400000,4.102],[1512835200000,4.104],[1512921600000,4.126],[1513008000000,4.138],[1513094400000,4.157],[1513180800000,4.163],[1513267200000,4.169],[1513440000000,4.181],[1513526400000,4.189],[1513612800000,4.228],[1513699200000,4.258],[1513785600000,4.264],[1513872000000,4.284],[1514044800000,4.33],[1514131200000,4.395],[1514217600000,4.456],[1514304000000,4.542],[1514390400000,4.613],[1514476800000,4.684],[1514649600000,4.82],[1514736000000,4.829],[1514822400000,4.824],[1514908800000,4.796],[1514995200000,4.826],[1515081600000,4.903],[1515254400000,4.922],[1515340800000,4.873],[1515427200000,4.827],[1515513600000,4.779],[1515600000000,4.714],[1515686400000,4.575],[1515859200000,4.438],[1515945600000,4.432],[1516032000000,4.436],[1516118400000,4.44],[1516204800000,4.445],[1516291200000,4.459],[1516464000000,4.482],[1516550400000,4.496],[1516636800000,4.5],[1516723200000,4.507],[1516809600000,4.488],[1516896000000,4.474],[1517068800000,4.445],[1517155200000,4.43],[1517241600000,4.412],[1517328000000,4.392],[1517414400000,4.397],[1517500800000,4.398],[1517673600000,4.4],[1517760000000,4.402],[1517846400000,4.404]];
/*资产配置*/
var Data_assetAllocationCurrency ={"categories":["12-31","09-30","06-30","03-31"],"series":[{"name":"股票","data":[null,null,null,null]},{"name":"债券","data":[40.38,57.85,44.6,50.1]},{"name":"现金","data":[49.76,21.16,48.34,24.11]}]};
/*累计收益率走势*/
var Data_grandTotal = [{"name":"泓德泓利货币B","data":[[1501948800000,0],[1502035200000,0.01],[1502121600000,0.02],[1502208000000,0.03],[1502294400000,0.04],[1502380800000,0.05],[1502553600000,0.07],[1502640000000,0.08],[1502726400000,0.10],[1502812800000,0.11],[1502899200000,0.12],[1502985600000,0.13],[1503158400000,0.15],[1503244800000,0.16],[1503331200000,0.17],[1503417600000,0.18],[1503504000000,0.19],[1503590400000,0.21],[1503763200000,0.24],[1503849600000,0.25],[1503936000000,0.26],[1504022400000,0.27],[1504108800000,0.28],[1504195200000,0.29],[1504368000000,0.31],[1504454400000,0.32],[1504540800000,0.34],[1504627200000,0.35],[1504713600000,0.35],[1504800000000,0.37],[1504972800000,0.39],[1505059200000,0.40],[1505145600000,0.41],[1505232000000,0.42],[1505318400000,0.43],[1505404800000,0.44],[1505577600000,0.47],[1505664000000,0.48],[1505750400000,0.49],[1505836800000,0.50],[1505923200000,0.51],[1506009600000,0.52],[1506182400000,0.54],[1506268800000,0.55],[1506355200000,0.57],[1506441600000,0.58],[1506528000000,0.59],[1506614400000,0.60],[1507392000000,0.71],[1507478400000,0.72],[1507564800000,0.73],[1507651200000,0.75],[1507737600000,0.76],[1507824000000,0.77],[1507996800000,0.79],[1508083200000,0.80],[1508169600000,0.81],[1508256000000,0.82],[1508342400000,0.83],[1508428800000,0.84],[1508601600000,0.86],[1508688000000,0.87],[1508774400000,0.88],[1508860800000,0.88],[1508947200000,0.89],[1509033600000,0.90],[1509206400000,0.92],[1509292800000,0.93],[1509379200000,0.93],[1509465600000,0.94],[1509552000000,0.95],[1509638400000,0.96],[1509811200000,0.98],[1509897600000,0.99],[1509984000000,0.99],[1510070400000,1.04],[1510156800000,1.05],[1510243200000,1.06],[1510416000000,1.08],[1510502400000,1.11],[1510588800000,1.12],[1510675200000,1.13],[1510761600000,1.14],[1510848000000,1.15],[1511020800000,1.17],[1511107200000,1.18],[1511193600000,1.19],[1511280000000,1.20],[1511366400000,1.23],[1511452800000,1.24],[1511625600000,1.26],[1511712000000,1.27],[1511798400000,1.28],[1511884800000,1.30],[1511971200000,1.31],[1512057600000,1.32],[1512230400000,1.34],[1512316800000,1.35],[1512403200000,1.36],[1512489600000,1.37],[1512576000000,1.38],[1512662400000,1.40],[1512835200000,1.42],[1512921600000,1.43],[1513008000000,1.44],[1513094400000,1.45],[1513180800000,1.46],[1513267200000,1.48],[1513440000000,1.50],[1513526400000,1.51],[1513612800000,1.52],[1513699200000,1.53],[1513785600000,1.55],[1513872000000,1.56],[1514044800000,1.58],[1514131200000,1.59],[1514217600000,1.61],[1514304000000,1.62],[1514390400000,1.63],[1514476800000,1.65],[1514649600000,1.67],[1514736000000,1.69],[1514822400000,1.70],[1514908800000,1.71],[1514995200000,1.73],[1515081600000,1.74],[1515254400000,1.77],[1515340800000,1.78],[1515427200000,1.79],[1515513600000,1.80],[1515600000000,1.82],[1515686400000,1.83],[1515859200000,1.85],[1515945600000,1.86],[1516032000000,1.88],[1516118400000,1.89],[1516204800000,1.90],[1516291200000,1.91],[1516464000000,1.94],[1516550400000,1.95],[1516636800000,1.96],[1516723200000,1.97],[1516809600000,1.99],[1516896000000,2.00],[1517068800000,2.02],[1517155200000,2.03],[1517241600000,2.05],[1517328000000,2.06],[1517414400000,2.07],[1517500800000,2.08],[1517673600000,2.11],[1517760000000,2.12],[1517846400000,2.13]]},{"name":"同类平均","data":[[1502035200000,0],[1502121600000,0.01],[1502208000000,0.02],[1502294400000,0.03],[1502380800000,0.04],[1502640000000,0.07],[1502726400000,0.08],[1502812800000,0.09],[1502899200000,0.10],[1502985600000,0.11],[1503244800000,0.14],[1503331200000,0.16],[1503417600000,0.17],[1503504000000,0.18],[1503590400000,0.19],[1503849600000,0.22],[1503936000000,0.23],[1504022400000,0.24],[1504108800000,0.25],[1504195200000,0.26],[1504454400000,0.29],[1504540800000,0.30],[1504627200000,0.31],[1504713600000,0.32],[1504800000000,0.34],[1505059200000,0.37],[1505145600000,0.38],[1505232000000,0.39],[1505318400000,0.40],[1505404800000,0.41],[1505664000000,0.44],[1505750400000,0.45],[1505836800000,0.46],[1505923200000,0.47],[1506009600000,0.48],[1506268800000,0.52],[1506355200000,0.53],[1506441600000,0.54],[1506528000000,0.55],[1506614400000,0.56],[1507478400000,0.67],[1507564800000,0.68],[1507651200000,0.69],[1507737600000,0.71],[1507824000000,0.72],[1508083200000,0.75],[1508169600000,0.76],[1508256000000,0.77],[1508342400000,0.78],[1508428800000,0.79],[1508688000000,0.82],[1508774400000,0.83],[1508860800000,0.84],[1508947200000,0.85],[1509033600000,0.86],[1509292800000,0.90],[1509379200000,0.91],[1509465600000,0.92],[1509552000000,0.93],[1509638400000,0.94],[1509897600000,0.97],[1509984000000,0.98],[1510070400000,0.99],[1510156800000,1.00],[1510243200000,1.01],[1510502400000,1.04],[1510588800000,1.06],[1510675200000,1.07],[1510761600000,1.08],[1510848000000,1.09],[1511107200000,1.12],[1511193600000,1.13],[1511280000000,1.14],[1511366400000,1.15],[1511452800000,1.16],[1511712000000,1.20],[1511798400000,1.21],[1511884800000,1.22],[1511971200000,1.23],[1512057600000,1.24],[1512316800000,1.28],[1512403200000,1.29],[1512489600000,1.30],[1512576000000,1.31],[1512662400000,1.32],[1512921600000,1.35],[1513008000000,1.36],[1513094400000,1.38],[1513180800000,1.39],[1513267200000,1.40],[1513526400000,1.43],[1513612800000,1.44],[1513699200000,1.46],[1513785600000,1.47],[1513872000000,1.48],[1514131200000,1.51],[1514217600000,1.53],[1514304000000,1.54],[1514390400000,1.55],[1514476800000,1.57],[1514822400000,1.62],[1514908800000,1.64],[1514995200000,1.65],[1515081600000,1.66],[1515340800000,1.69],[1515427200000,1.71],[1515513600000,1.72],[1515600000000,1.73],[1515686400000,1.74],[1515945600000,1.77],[1516032000000,1.79],[1516118400000,1.80],[1516204800000,1.81],[1516291200000,1.82],[1516550400000,1.86],[1516636800000,1.87],[1516723200000,1.88],[1516809600000,1.89],[1516896000000,1.90],[1517155200000,1.94],[1517241600000,1.95],[1517328000000,1.96],[1517414400000,1.97],[1517500800000,1.98],[1517760000000,2.02],[1517846400000,2.03]]},{"name":"沪深300","data":[[1502035200000,0],[1502121600000,0.15],[1502208000000,0.11],[1502294400000,-0.29],[1502380800000,-2.13],[1502640000000,-0.86],[1502726400000,-0.56],[1502812800000,-0.68],[1502899200000,-0.15],[1502985600000,-0.06],[1503244800000,0.38],[1503331200000,0.68],[1503417600000,0.79],[1503504000000,0.21],[1503590400000,1.85],[1503849600000,3.11],[1503936000000,2.89],[1504022400000,2.88],[1504108800000,2.56],[1504195200000,2.78],[1504454400000,3.19],[1504540800000,3.50],[1504627200000,3.29],[1504713600000,2.77],[1504800000000,2.66],[1505059200000,2.65],[1505145600000,2.98],[1505232000000,3.11],[1505318400000,2.77],[1505404800000,2.80],[1505664000000,3.12],[1505750400000,2.83],[1505836800000,3.10],[1505923200000,2.98],[1506009600000,2.98],[1506268800000,2.44],[1506355200000,2.52],[1506441600000,2.53],[1506528000000,2.57],[1506614400000,2.94],[1507478400000,4.17],[1507564800000,4.38],[1507651200000,4.72],[1507737600000,5.00],[1507824000000,5.21],[1508083200000,5.01],[1508169600000,5.00],[1508256000000,5.83],[1508342400000,5.49],[1508428800000,5.37],[1508688000000,5.47],[1508774400000,6.24],[1508860800000,6.71],[1508947200000,7.16],[1509033600000,7.92],[1509292800000,7.59],[1509379200000,7.51],[1509465600000,7.24],[1509552000000,7.25],[1509638400000,7.13],[1509897600000,7.89],[1509984000000,8.79],[1510070400000,8.62],[1510156800000,9.37],[1510243200000,10.33],[1510502400000,10.77],[1510588800000,10.00],[1510675200000,9.31],[1510761600000,10.15],[1510848000000,10.57],[1511107200000,11.19],[1511193600000,13.17],[1511280000000,13.44],[1511366400000,10.08],[1511452800000,10.13],[1511712000000,8.67],[1511798400000,8.83],[1511884800000,8.77],[1511971200000,7.49],[1512057600000,7.28],[1512316800000,7.84],[1512403200000,8.41],[1512489600000,7.76],[1512576000000,6.55],[1512662400000,7.42],[1512921600000,9.20],[1513008000000,7.76],[1513094400000,8.67],[1513180800000,8.03],[1513267200000,6.82],[1513526400000,6.94],[1513612800000,8.28],[1513699200000,8.15],[1513785600000,9.15],[1513872000000,8.80],[1514131200000,8.45],[1514217600000,8.77],[1514304000000,7.09],[1514390400000,7.84],[1514476800000,8.16],[1514822400000,9.68],[1514908800000,10.32],[1514995200000,10.79],[1515081600000,11.05],[1515340800000,11.63],[1515427200000,12.41],[1515513600000,12.91],[1515600000000,12.85],[1515686400000,13.37],[1515945600000,13.37],[1516032000000,14.27],[1516118400000,13.99],[1516204800000,14.61],[1516291200000,14.99],[1516550400000,16.36],[1516636800000,17.60],[1516723200000,17.79],[1516809600000,17.13],[1516896000000,17.56],[1517155200000,15.43],[1517241600000,14.20],[1517328000000,14.73],[1517414400000,13.93],[1517500800000,14.61],[1517760000000,14.69],[1517846400000,11.33]]}];
/*同类排名*/
var Data_rateInSimilarType = [{"x":1458576000000,"y":224,"sc":"385"},{"x":1458662400000,"y":221,"sc":"385"},{"x":1458748800000,"y":223,"sc":"385"},{"x":1458835200000,"y":220,"sc":"391"},{"x":1459094400000,"y":221,"sc":"391"},{"x":1459180800000,"y":216,"sc":"391"},{"x":1459267200000,"y":214,"sc":"391"},{"x":1459353600000,"y":215,"sc":"392"},{"x":1459440000000,"y":210,"sc":"392"},{"x":1459785600000,"y":221,"sc":"392"},{"x":1459872000000,"y":221,"sc":"392"},{"x":1459958400000,"y":211,"sc":"392"},{"x":1460044800000,"y":205,"sc":"392"},{"x":1460304000000,"y":206,"sc":"394"},{"x":1460390400000,"y":204,"sc":"394"},{"x":1460476800000,"y":204,"sc":"394"},{"x":1460563200000,"y":204,"sc":"394"},{"x":1460649600000,"y":205,"sc":"394"},{"x":1460908800000,"y":205,"sc":"394"},{"x":1460995200000,"y":202,"sc":"394"},{"x":1461081600000,"y":201,"sc":"394"},{"x":1461168000000,"y":200,"sc":"394"},{"x":1461254400000,"y":200,"sc":"394"},{"x":1461513600000,"y":204,"sc":"394"},{"x":1461600000000,"y":204,"sc":"394"},{"x":1461686400000,"y":214,"sc":"394"},{"x":1461772800000,"y":214,"sc":"394"},{"x":1461859200000,"y":216,"sc":"394"},{"x":1462204800000,"y":221,"sc":"394"},{"x":1462291200000,"y":218,"sc":"394"},{"x":1462377600000,"y":221,"sc":"400"},{"x":1462464000000,"y":222,"sc":"400"},{"x":1462723200000,"y":217,"sc":"400"},{"x":1462809600000,"y":216,"sc":"400"},{"x":1462896000000,"y":213,"sc":"400"},{"x":1462982400000,"y":211,"sc":"400"},{"x":1463068800000,"y":204,"sc":"400"},{"x":1463328000000,"y":257,"sc":"400"},{"x":1463414400000,"y":257,"sc":"400"},{"x":1463500800000,"y":262,"sc":"400"},{"x":1463587200000,"y":263,"sc":"400"},{"x":1463673600000,"y":260,"sc":"400"},{"x":1463932800000,"y":273,"sc":"400"},{"x":1464019200000,"y":275,"sc":"400"},{"x":1464105600000,"y":274,"sc":"400"},{"x":1464192000000,"y":272,"sc":"400"},{"x":1464278400000,"y":267,"sc":"400"},{"x":1464537600000,"y":271,"sc":"400"},{"x":1464624000000,"y":271,"sc":"400"},{"x":1464710400000,"y":270,"sc":"400"},{"x":1464796800000,"y":273,"sc":"400"},{"x":1464883200000,"y":277,"sc":"400"},{"x":1465142400000,"y":282,"sc":"402"},{"x":1465228800000,"y":281,"sc":"402"},{"x":1465315200000,"y":277,"sc":"402"},{"x":1465747200000,"y":279,"sc":"402"},{"x":1465833600000,"y":224,"sc":"402"},{"x":1465920000000,"y":224,"sc":"403"},{"x":1466006400000,"y":224,"sc":"403"},{"x":1466092800000,"y":224,"sc":"403"},{"x":1466352000000,"y":224,"sc":"403"},{"x":1466438400000,"y":223,"sc":"404"},{"x":1466524800000,"y":224,"sc":"404"},{"x":1466611200000,"y":225,"sc":"404"},{"x":1466697600000,"y":223,"sc":"404"},{"x":1466956800000,"y":230,"sc":"404"},{"x":1467043200000,"y":228,"sc":"404"},{"x":1467129600000,"y":226,"sc":"404"},{"x":1467216000000,"y":225,"sc":"404"},{"x":1467302400000,"y":226,"sc":"404"},{"x":1467561600000,"y":230,"sc":"404"},{"x":1467648000000,"y":228,"sc":"404"},{"x":1467734400000,"y":230,"sc":"404"},{"x":1467820800000,"y":241,"sc":"404"},{"x":1467907200000,"y":242,"sc":"404"},{"x":1468166400000,"y":249,"sc":"404"},{"x":1468252800000,"y":251,"sc":"404"},{"x":1468339200000,"y":254,"sc":"404"},{"x":1468425600000,"y":256,"sc":"404"},{"x":1468512000000,"y":259,"sc":"404"},{"x":1468771200000,"y":267,"sc":"404"},{"x":1468857600000,"y":268,"sc":"404"},{"x":1468944000000,"y":271,"sc":"405"},{"x":1469030400000,"y":270,"sc":"405"},{"x":1469116800000,"y":271,"sc":"405"},{"x":1469376000000,"y":248,"sc":"405"},{"x":1469462400000,"y":248,"sc":"405"},{"x":1469548800000,"y":243,"sc":"405"},{"x":1469635200000,"y":240,"sc":"407"},{"x":1469721600000,"y":235,"sc":"407"},{"x":1469980800000,"y":225,"sc":"407"},{"x":1470067200000,"y":224,"sc":"407"},{"x":1470153600000,"y":223,"sc":"407"},{"x":1470240000000,"y":223,"sc":"409"},{"x":1470326400000,"y":227,"sc":"409"},{"x":1470585600000,"y":220,"sc":"412"},{"x":1470672000000,"y":216,"sc":"413"},{"x":1470758400000,"y":211,"sc":"413"},{"x":1470844800000,"y":210,"sc":"413"},{"x":1470931200000,"y":209,"sc":"413"},{"x":1471190400000,"y":211,"sc":"413"},{"x":1471276800000,"y":212,"sc":"413"},{"x":1471363200000,"y":214,"sc":"414"},{"x":1471449600000,"y":214,"sc":"415"},{"x":1471536000000,"y":214,"sc":"415"},{"x":1471795200000,"y":218,"sc":"416"},{"x":1471881600000,"y":213,"sc":"416"},{"x":1471968000000,"y":211,"sc":"416"},{"x":1472054400000,"y":213,"sc":"416"},{"x":1472140800000,"y":212,"sc":"416"},{"x":1472400000000,"y":210,"sc":"416"},{"x":1472486400000,"y":211,"sc":"416"},{"x":1472572800000,"y":209,"sc":"416"},{"x":1472659200000,"y":178,"sc":"416"},{"x":1472745600000,"y":179,"sc":"417"},{"x":1473004800000,"y":180,"sc":"421"},{"x":1473091200000,"y":181,"sc":"421"},{"x":1473177600000,"y":179,"sc":"421"},{"x":1473264000000,"y":178,"sc":"423"},{"x":1473350400000,"y":176,"sc":"424"},{"x":1473609600000,"y":180,"sc":"424"},{"x":1473696000000,"y":178,"sc":"424"},{"x":1473782400000,"y":252,"sc":"424"},{"x":1474214400000,"y":254,"sc":"424"},{"x":1474300800000,"y":250,"sc":"424"},{"x":1474387200000,"y":250,"sc":"424"},{"x":1474473600000,"y":253,"sc":"427"},{"x":1474560000000,"y":248,"sc":"427"},{"x":1474819200000,"y":251,"sc":"430"},{"x":1474905600000,"y":247,"sc":"430"},{"x":1474992000000,"y":246,"sc":"430"},{"x":1475078400000,"y":243,"sc":"432"},{"x":1475164800000,"y":239,"sc":"432"},{"x":1476028800000,"y":193,"sc":"434"},{"x":1476115200000,"y":189,"sc":"434"},{"x":1476201600000,"y":193,"sc":"435"},{"x":1476288000000,"y":191,"sc":"437"},{"x":1476374400000,"y":154,"sc":"435"},{"x":1476633600000,"y":151,"sc":"436"},{"x":1476720000000,"y":146,"sc":"438"},{"x":1476806400000,"y":141,"sc":"437"},{"x":1476892800000,"y":142,"sc":"437"},{"x":1476979200000,"y":141,"sc":"437"},{"x":1477238400000,"y":142,"sc":"440"},{"x":1477324800000,"y":160,"sc":"440"},{"x":1477411200000,"y":160,"sc":"441"},{"x":1477497600000,"y":155,"sc":"441"},{"x":1477584000000,"y":156,"sc":"445"},{"x":1477843200000,"y":152,"sc":"447"},{"x":1477929600000,"y":150,"sc":"447"},{"x":1478016000000,"y":150,"sc":"447"},{"x":1478102400000,"y":149,"sc":"447"},{"x":1478188800000,"y":151,"sc":"448"},{"x":1478448000000,"y":152,"sc":"450"},{"x":1478534400000,"y":148,"sc":"450"},{"x":1478620800000,"y":126,"sc":"450"},{"x":1478707200000,"y":122,"sc":"450"},{"x":1478793600000,"y":123,"sc":"450"},{"x":1479052800000,"y":123,"sc":"450"},{"x":1479139200000,"y":122,"sc":"450"},{"x":1479225600000,"y":121,"sc":"450"},{"x":1479312000000,"y":121,"sc":"450"},{"x":1479398400000,"y":116,"sc":"450"},{"x":1479657600000,"y":110,"sc":"451"},{"x":1479744000000,"y":108,"sc":"451"},{"x":1479830400000,"y":106,"sc":"451"},{"x":1479916800000,"y":100,"sc":"451"},{"x":1480003200000,"y":98,"sc":"451"},{"x":1480262400000,"y":92,"sc":"451"},{"x":1480348800000,"y":88,"sc":"452"},{"x":1480435200000,"y":81,"sc":"452"},{"x":1480521600000,"y":106,"sc":"452"},{"x":1480608000000,"y":101,"sc":"455"},{"x":1480867200000,"y":91,"sc":"455"},{"x":1480953600000,"y":88,"sc":"455"},{"x":1481040000000,"y":87,"sc":"455"},{"x":1481126400000,"y":84,"sc":"455"},{"x":1481212800000,"y":84,"sc":"456"},{"x":1481472000000,"y":78,"sc":"457"},{"x":1481558400000,"y":78,"sc":"458"},{"x":1481644800000,"y":75,"sc":"458"},{"x":1481731200000,"y":67,"sc":"458"},{"x":1481817600000,"y":67,"sc":"458"},{"x":1482076800000,"y":64,"sc":"458"},{"x":1482163200000,"y":73,"sc":"458"},{"x":1482249600000,"y":83,"sc":"458"},{"x":1482336000000,"y":94,"sc":"459"},{"x":1482422400000,"y":98,"sc":"463"},{"x":1482681600000,"y":107,"sc":"464"},{"x":1482768000000,"y":106,"sc":"464"},{"x":1482854400000,"y":109,"sc":"466"},{"x":1482940800000,"y":112,"sc":"466"},{"x":1483027200000,"y":112,"sc":"469"},{"x":1483372800000,"y":105,"sc":"469"},{"x":1483459200000,"y":104,"sc":"468"},{"x":1483545600000,"y":102,"sc":"469"},{"x":1483632000000,"y":104,"sc":"469"},{"x":1483891200000,"y":156,"sc":"469"},{"x":1483977600000,"y":160,"sc":"469"},{"x":1484064000000,"y":160,"sc":"469"},{"x":1484150400000,"y":160,"sc":"469"},{"x":1484236800000,"y":158,"sc":"469"},{"x":1484496000000,"y":177,"sc":"472"},{"x":1484582400000,"y":177,"sc":"474"},{"x":1484668800000,"y":178,"sc":"476"},{"x":1484755200000,"y":179,"sc":"476"},{"x":1484841600000,"y":184,"sc":"476"},{"x":1485100800000,"y":192,"sc":"481"},{"x":1485187200000,"y":192,"sc":"482"},{"x":1485273600000,"y":199,"sc":"484"},{"x":1485360000000,"y":198,"sc":"485"},{"x":1486051200000,"y":210,"sc":"489"},{"x":1486310400000,"y":214,"sc":"491"},{"x":1486396800000,"y":210,"sc":"491"},{"x":1486483200000,"y":210,"sc":"491"},{"x":1486569600000,"y":224,"sc":"491"},{"x":1486656000000,"y":226,"sc":"494"},{"x":1486915200000,"y":230,"sc":"496"},{"x":1487001600000,"y":232,"sc":"496"},{"x":1487088000000,"y":232,"sc":"496"},{"x":1487174400000,"y":231,"sc":"496"},{"x":1487260800000,"y":233,"sc":"496"},{"x":1487520000000,"y":241,"sc":"496"},{"x":1487606400000,"y":241,"sc":"496"},{"x":1487692800000,"y":241,"sc":"496"},{"x":1487779200000,"y":245,"sc":"498"},{"x":1487865600000,"y":248,"sc":"500"},{"x":1488124800000,"y":270,"sc":"503"},{"x":1488211200000,"y":273,"sc":"503"},{"x":1488297600000,"y":281,"sc":"503"},{"x":1488384000000,"y":294,"sc":"511"},{"x":1488470400000,"y":288,"sc":"511"},{"x":1488729600000,"y":309,"sc":"513"},{"x":1488816000000,"y":314,"sc":"515"},{"x":1488902400000,"y":319,"sc":"516"},{"x":1488988800000,"y":326,"sc":"518"},{"x":1489075200000,"y":320,"sc":"518"},{"x":1489334400000,"y":326,"sc":"518"},{"x":1489420800000,"y":329,"sc":"518"},{"x":1489507200000,"y":332,"sc":"518"},{"x":1489593600000,"y":336,"sc":"520"},{"x":1489680000000,"y":332,"sc":"520"},{"x":1489939200000,"y":347,"sc":"522"},{"x":1490025600000,"y":342,"sc":"522"},{"x":1490112000000,"y":341,"sc":"524"},{"x":1490198400000,"y":342,"sc":"530"},{"x":1490284800000,"y":338,"sc":"530"},{"x":1490544000000,"y":345,"sc":"534"},{"x":1490630400000,"y":345,"sc":"535"},{"x":1490716800000,"y":347,"sc":"535"},{"x":1490803200000,"y":349,"sc":"538"},{"x":1490889600000,"y":347,"sc":"538"},{"x":1491321600000,"y":351,"sc":"538"},{"x":1491408000000,"y":352,"sc":"540"},{"x":1491494400000,"y":349,"sc":"540"},{"x":1491753600000,"y":355,"sc":"540"},{"x":1491840000000,"y":354,"sc":"540"},{"x":1491926400000,"y":356,"sc":"540"},{"x":1492012800000,"y":355,"sc":"541"},{"x":1492099200000,"y":352,"sc":"541"},{"x":1492358400000,"y":366,"sc":"543"},{"x":1492444800000,"y":367,"sc":"543"},{"x":1492531200000,"y":368,"sc":"543"},{"x":1492617600000,"y":369,"sc":"545"},{"x":1492704000000,"y":364,"sc":"545"},{"x":1492963200000,"y":371,"sc":"545"},{"x":1493049600000,"y":369,"sc":"547"},{"x":1493136000000,"y":370,"sc":"549"},{"x":1493222400000,"y":363,"sc":"549"},{"x":1493308800000,"y":361,"sc":"549"},{"x":1493654400000,"y":379,"sc":"549"},{"x":1493740800000,"y":378,"sc":"550"},{"x":1493827200000,"y":371,"sc":"550"},{"x":1493913600000,"y":381,"sc":"550"},{"x":1494172800000,"y":347,"sc":"550"},{"x":1494259200000,"y":349,"sc":"550"},{"x":1494345600000,"y":344,"sc":"550"},{"x":1494432000000,"y":341,"sc":"550"},{"x":1494518400000,"y":349,"sc":"550"},{"x":1494777600000,"y":357,"sc":"554"},{"x":1494864000000,"y":360,"sc":"556"},{"x":1494950400000,"y":364,"sc":"560"},{"x":1495036800000,"y":359,"sc":"560"},{"x":1495123200000,"y":366,"sc":"560"},{"x":1495382400000,"y":367,"sc":"560"},{"x":1495468800000,"y":368,"sc":"562"},{"x":1495555200000,"y":373,"sc":"564"},{"x":1495641600000,"y":367,"sc":"564"},{"x":1495728000000,"y":374,"sc":"564"},{"x":1496160000000,"y":372,"sc":"564"},{"x":1496246400000,"y":366,"sc":"564"},{"x":1496332800000,"y":363,"sc":"564"},{"x":1496592000000,"y":361,"sc":"566"},{"x":1496678400000,"y":361,"sc":"566"},{"x":1496764800000,"y":360,"sc":"566"},{"x":1496851200000,"y":360,"sc":"566"},{"x":1496937600000,"y":358,"sc":"566"},{"x":1497196800000,"y":372,"sc":"574"},{"x":1497283200000,"y":371,"sc":"574"},{"x":1497369600000,"y":373,"sc":"575"},{"x":1497456000000,"y":374,"sc":"575"},{"x":1497542400000,"y":372,"sc":"575"},{"x":1497801600000,"y":372,"sc":"577"},{"x":1497888000000,"y":370,"sc":"577"},{"x":1497974400000,"y":366,"sc":"575"},{"x":1498060800000,"y":362,"sc":"575"},{"x":1498147200000,"y":363,"sc":"576"},{"x":1498406400000,"y":367,"sc":"579"},{"x":1498492800000,"y":371,"sc":"579"},{"x":1498579200000,"y":373,"sc":"579"},{"x":1498665600000,"y":374,"sc":"579"},{"x":1498752000000,"y":380,"sc":"582"},{"x":1499011200000,"y":354,"sc":"582"},{"x":1499097600000,"y":388,"sc":"582"},{"x":1499184000000,"y":386,"sc":"583"},{"x":1499270400000,"y":392,"sc":"583"},{"x":1499356800000,"y":389,"sc":"583"},{"x":1499616000000,"y":375,"sc":"583"},{"x":1499702400000,"y":374,"sc":"583"},{"x":1499788800000,"y":370,"sc":"583"},{"x":1499875200000,"y":371,"sc":"583"},{"x":1499961600000,"y":370,"sc":"586"},{"x":1500220800000,"y":362,"sc":"586"},{"x":1500307200000,"y":361,"sc":"586"},{"x":1500393600000,"y":362,"sc":"589"},{"x":1500480000000,"y":362,"sc":"589"},{"x":1500566400000,"y":364,"sc":"593"},{"x":1500825600000,"y":364,"sc":"593"},{"x":1500912000000,"y":366,"sc":"593"},{"x":1500998400000,"y":364,"sc":"594"},{"x":1501084800000,"y":363,"sc":"594"},{"x":1501171200000,"y":363,"sc":"594"},{"x":1501430400000,"y":341,"sc":"594"},{"x":1501516800000,"y":353,"sc":"594"},{"x":1501603200000,"y":353,"sc":"594"},{"x":1501689600000,"y":353,"sc":"594"},{"x":1501776000000,"y":355,"sc":"594"},{"x":1502035200000,"y":349,"sc":"596"},{"x":1502121600000,"y":385,"sc":"596"},{"x":1502208000000,"y":380,"sc":"596"},{"x":1502294400000,"y":380,"sc":"596"},{"x":1502380800000,"y":383,"sc":"596"},{"x":1502640000000,"y":381,"sc":"596"},{"x":1502726400000,"y":378,"sc":"596"},{"x":1502812800000,"y":377,"sc":"596"},{"x":1502899200000,"y":376,"sc":"596"},{"x":1502985600000,"y":375,"sc":"596"},{"x":1503244800000,"y":378,"sc":"597"},{"x":1503331200000,"y":373,"sc":"597"},{"x":1503417600000,"y":363,"sc":"597"},{"x":1503504000000,"y":358,"sc":"596"},{"x":1503590400000,"y":328,"sc":"596"},{"x":1503849600000,"y":303,"sc":"600"},{"x":1503936000000,"y":296,"sc":"600"},{"x":1504022400000,"y":321,"sc":"600"},{"x":1504108800000,"y":317,"sc":"601"},{"x":1504195200000,"y":319,"sc":"601"},{"x":1504454400000,"y":312,"sc":"601"},{"x":1504540800000,"y":305,"sc":"601"},{"x":1504627200000,"y":299,"sc":"601"},{"x":1504713600000,"y":310,"sc":"601"},{"x":1504800000000,"y":309,"sc":"601"},{"x":1505059200000,"y":292,"sc":"603"},{"x":1505145600000,"y":287,"sc":"603"},{"x":1505232000000,"y":284,"sc":"603"},{"x":1505318400000,"y":284,"sc":"605"},{"x":1505404800000,"y":286,"sc":"605"},{"x":1505664000000,"y":273,"sc":"606"},{"x":1505750400000,"y":272,"sc":"606"},{"x":1505836800000,"y":265,"sc":"603"},{"x":1505923200000,"y":264,"sc":"603"},{"x":1506009600000,"y":265,"sc":"603"},{"x":1506268800000,"y":253,"sc":"603"},{"x":1506355200000,"y":249,"sc":"603"},{"x":1506441600000,"y":236,"sc":"604"},{"x":1506528000000,"y":226,"sc":"604"},{"x":1506614400000,"y":218,"sc":"606"},{"x":1507478400000,"y":195,"sc":"606"},{"x":1507564800000,"y":191,"sc":"607"},{"x":1507651200000,"y":188,"sc":"607"},{"x":1507737600000,"y":191,"sc":"611"},{"x":1507824000000,"y":194,"sc":"611"},{"x":1508083200000,"y":194,"sc":"612"},{"x":1508169600000,"y":197,"sc":"612"},{"x":1508256000000,"y":204,"sc":"611"},{"x":1508342400000,"y":213,"sc":"611"},{"x":1508428800000,"y":225,"sc":"611"},{"x":1508688000000,"y":243,"sc":"606"},{"x":1508774400000,"y":248,"sc":"606"},{"x":1508860800000,"y":250,"sc":"607"},{"x":1508947200000,"y":258,"sc":"607"},{"x":1509033600000,"y":270,"sc":"607"},{"x":1509292800000,"y":310,"sc":"609"},{"x":1509379200000,"y":322,"sc":"610"},{"x":1509465600000,"y":331,"sc":"610"},{"x":1509552000000,"y":341,"sc":"613"},{"x":1509638400000,"y":352,"sc":"617"},{"x":1509897600000,"y":382,"sc":"621"},{"x":1509984000000,"y":389,"sc":"621"},{"x":1510070400000,"y":245,"sc":"621"},{"x":1510156800000,"y":250,"sc":"623"},{"x":1510243200000,"y":257,"sc":"623"},{"x":1510502400000,"y":187,"sc":"633"},{"x":1510588800000,"y":190,"sc":"635"},{"x":1510675200000,"y":192,"sc":"635"},{"x":1510761600000,"y":193,"sc":"635"},{"x":1510848000000,"y":200,"sc":"636"},{"x":1511107200000,"y":210,"sc":"636"},{"x":1511193600000,"y":213,"sc":"636"},{"x":1511280000000,"y":215,"sc":"636"},{"x":1511366400000,"y":157,"sc":"636"},{"x":1511452800000,"y":161,"sc":"637"},{"x":1511712000000,"y":210,"sc":"640"},{"x":1511798400000,"y":208,"sc":"640"},{"x":1511884800000,"y":208,"sc":"640"},{"x":1511971200000,"y":208,"sc":"641"},{"x":1512057600000,"y":207,"sc":"643"},{"x":1512316800000,"y":213,"sc":"643"},{"x":1512403200000,"y":213,"sc":"643"},{"x":1512489600000,"y":220,"sc":"643"},{"x":1512576000000,"y":207,"sc":"644"},{"x":1512662400000,"y":209,"sc":"652"},{"x":1512921600000,"y":210,"sc":"652"},{"x":1513008000000,"y":215,"sc":"653"},{"x":1513094400000,"y":221,"sc":"653"},{"x":1513180800000,"y":220,"sc":"654"},{"x":1513267200000,"y":223,"sc":"656"},{"x":1513526400000,"y":227,"sc":"656"},{"x":1513612800000,"y":219,"sc":"656"},{"x":1513699200000,"y":220,"sc":"656"},{"x":1513785600000,"y":224,"sc":"655"},{"x":1513872000000,"y":223,"sc":"655"},{"x":1514131200000,"y":216,"sc":"655"},{"x":1514217600000,"y":215,"sc":"655"},{"x":1514304000000,"y":220,"sc":"654"},{"x":1514390400000,"y":222,"sc":"655"},{"x":1514476800000,"y":225,"sc":"655"},{"x":1514822400000,"y":183,"sc":"655"},{"x":1514908800000,"y":174,"sc":"655"},{"x":1514995200000,"y":167,"sc":"655"},{"x":1515081600000,"y":158,"sc":"655"},{"x":1515340800000,"y":235,"sc":"655"},{"x":1515427200000,"y":234,"sc":"655"},{"x":1515513600000,"y":237,"sc":"656"},{"x":1515600000000,"y":239,"sc":"657"},{"x":1515686400000,"y":233,"sc":"657"},{"x":1515945600000,"y":233,"sc":"657"},{"x":1516032000000,"y":233,"sc":"657"},{"x":1516118400000,"y":229,"sc":"657"},{"x":1516204800000,"y":224,"sc":"657"},{"x":1516291200000,"y":217,"sc":"657"},{"x":1516550400000,"y":197,"sc":"657"},{"x":1516636800000,"y":188,"sc":"657"},{"x":1516723200000,"y":176,"sc":"657"},{"x":1516809600000,"y":169,"sc":"657"},{"x":1516896000000,"y":157,"sc":"655"},{"x":1517155200000,"y":130,"sc":"656"},{"x":1517241600000,"y":122,"sc":"656"},{"x":1517328000000,"y":117,"sc":"656"},{"x":1517414400000,"y":110,"sc":"656"},{"x":1517500800000,"y":100,"sc":"656"},{"x":1517760000000,"y":79,"sc":"656"},{"x":1517846400000,"y":70,"sc":"656"}];
/*百分比排名*/
var Data_rateInSimilarPersent = [[1458576000000,41.8200],[1458662400000,42.6000],[1458748800000,42.0800],[1458835200000,43.7300],[1459094400000,43.4800],[1459180800000,44.7600],[1459267200000,45.2700],[1459353600000,45.1500],[1459440000000,46.4300],[1459785600000,43.6200],[1459872000000,43.6200],[1459958400000,46.1700],[1460044800000,47.7000],[1460304000000,47.7200],[1460390400000,48.2200],[1460476800000,48.2200],[1460563200000,48.2200],[1460649600000,47.9700],[1460908800000,47.9700],[1460995200000,48.7300],[1461081600000,48.9800],[1461168000000,49.2400],[1461254400000,49.2400],[1461513600000,48.2200],[1461600000000,48.2200],[1461686400000,45.6900],[1461772800000,45.6900],[1461859200000,45.1800],[1462204800000,43.9100],[1462291200000,44.6700],[1462377600000,44.7500],[1462464000000,44.5000],[1462723200000,45.7500],[1462809600000,46.00],[1462896000000,46.7500],[1462982400000,47.2500],[1463068800000,49.00],[1463328000000,35.7500],[1463414400000,35.7500],[1463500800000,34.5000],[1463587200000,34.2500],[1463673600000,35.00],[1463932800000,31.7500],[1464019200000,31.2500],[1464105600000,31.5000],[1464192000000,32.00],[1464278400000,33.2500],[1464537600000,32.2500],[1464624000000,32.2500],[1464710400000,32.5000],[1464796800000,31.7500],[1464883200000,30.7500],[1465142400000,29.8500],[1465228800000,30.1000],[1465315200000,31.0900],[1465747200000,30.6000],[1465833600000,44.2800],[1465920000000,44.4200],[1466006400000,44.4200],[1466092800000,44.4200],[1466352000000,44.4200],[1466438400000,44.8000],[1466524800000,44.5500],[1466611200000,44.3100],[1466697600000,44.8000],[1466956800000,43.0700],[1467043200000,43.5600],[1467129600000,44.0600],[1467216000000,44.3100],[1467302400000,44.0600],[1467561600000,43.0700],[1467648000000,43.5600],[1467734400000,43.0700],[1467820800000,40.3500],[1467907200000,40.1000],[1468166400000,38.3700],[1468252800000,37.8700],[1468339200000,37.1300],[1468425600000,36.6300],[1468512000000,35.8900],[1468771200000,33.9100],[1468857600000,33.6600],[1468944000000,33.0900],[1469030400000,33.3300],[1469116800000,33.0900],[1469376000000,38.7700],[1469462400000,38.7700],[1469548800000,40.00],[1469635200000,41.0300],[1469721600000,42.2600],[1469980800000,44.7200],[1470067200000,44.9600],[1470153600000,45.2100],[1470240000000,45.4800],[1470326400000,44.5000],[1470585600000,46.6000],[1470672000000,47.7000],[1470758400000,48.9100],[1470844800000,49.1500],[1470931200000,49.3900],[1471190400000,48.9100],[1471276800000,48.6700],[1471363200000,48.3100],[1471449600000,48.4300],[1471536000000,48.4300],[1471795200000,47.6000],[1471881600000,48.8000],[1471968000000,49.2800],[1472054400000,48.8000],[1472140800000,49.0400],[1472400000000,49.5200],[1472486400000,49.2800],[1472572800000,49.7600],[1472659200000,57.2100],[1472745600000,57.0700],[1473004800000,57.2400],[1473091200000,57.0100],[1473177600000,57.4800],[1473264000000,57.9200],[1473350400000,58.4900],[1473609600000,57.5500],[1473696000000,58.0200],[1473782400000,40.5700],[1474214400000,40.0900],[1474300800000,41.0400],[1474387200000,41.0400],[1474473600000,40.7500],[1474560000000,41.9200],[1474819200000,41.6300],[1474905600000,42.5600],[1474992000000,42.7900],[1475078400000,43.7500],[1475164800000,44.6800],[1476028800000,55.5300],[1476115200000,56.4500],[1476201600000,55.6300],[1476288000000,56.2900],[1476374400000,64.6000],[1476633600000,65.3700],[1476720000000,66.6700],[1476806400000,67.7300],[1476892800000,67.5100],[1476979200000,67.7300],[1477238400000,67.7300],[1477324800000,63.6400],[1477411200000,63.7200],[1477497600000,64.8500],[1477584000000,64.9400],[1477843200000,66.00],[1477929600000,66.4400],[1478016000000,66.4400],[1478102400000,66.6700],[1478188800000,66.2900],[1478448000000,66.2200],[1478534400000,67.1100],[1478620800000,72.00],[1478707200000,72.8900],[1478793600000,72.6700],[1479052800000,72.6700],[1479139200000,72.8900],[1479225600000,73.1100],[1479312000000,73.1100],[1479398400000,74.2200],[1479657600000,75.6100],[1479744000000,76.0500],[1479830400000,76.5000],[1479916800000,77.8300],[1480003200000,78.2700],[1480262400000,79.6000],[1480348800000,80.5300],[1480435200000,82.0800],[1480521600000,76.5500],[1480608000000,77.8000],[1480867200000,80.00],[1480953600000,80.6600],[1481040000000,80.8800],[1481126400000,81.5400],[1481212800000,81.5800],[1481472000000,82.9300],[1481558400000,82.9700],[1481644800000,83.6200],[1481731200000,85.3700],[1481817600000,85.3700],[1482076800000,86.0300],[1482163200000,84.0600],[1482249600000,81.8800],[1482336000000,79.5200],[1482422400000,78.8300],[1482681600000,76.9400],[1482768000000,77.1600],[1482854400000,76.6100],[1482940800000,75.9700],[1483027200000,76.1200],[1483372800000,77.6100],[1483459200000,77.7800],[1483545600000,78.2500],[1483632000000,77.8300],[1483891200000,66.7400],[1483977600000,65.8800],[1484064000000,65.8800],[1484150400000,65.8800],[1484236800000,66.3100],[1484496000000,62.5000],[1484582400000,62.6600],[1484668800000,62.6100],[1484755200000,62.3900],[1484841600000,61.3400],[1485100800000,60.0800],[1485187200000,60.1700],[1485273600000,58.8800],[1485360000000,59.1800],[1486051200000,57.0600],[1486310400000,56.4200],[1486396800000,57.2300],[1486483200000,57.2300],[1486569600000,54.3800],[1486656000000,54.2500],[1486915200000,53.6300],[1487001600000,53.2300],[1487088000000,53.2300],[1487174400000,53.4300],[1487260800000,53.0200],[1487520000000,51.4100],[1487606400000,51.4100],[1487692800000,51.4100],[1487779200000,50.8000],[1487865600000,50.4000],[1488124800000,46.3200],[1488211200000,45.7300],[1488297600000,44.1400],[1488384000000,42.4700],[1488470400000,43.6400],[1488729600000,39.7700],[1488816000000,39.0300],[1488902400000,38.1800],[1488988800000,37.0700],[1489075200000,38.2200],[1489334400000,37.0700],[1489420800000,36.4900],[1489507200000,35.9100],[1489593600000,35.3800],[1489680000000,36.1500],[1489939200000,33.5200],[1490025600000,34.4800],[1490112000000,34.9200],[1490198400000,35.4700],[1490284800000,36.2300],[1490544000000,35.3900],[1490630400000,35.5100],[1490716800000,35.1400],[1490803200000,35.1300],[1490889600000,35.5000],[1491321600000,34.7600],[1491408000000,34.8100],[1491494400000,35.3700],[1491753600000,34.2600],[1491840000000,34.4400],[1491926400000,34.0700],[1492012800000,34.3800],[1492099200000,34.9400],[1492358400000,32.6000],[1492444800000,32.4100],[1492531200000,32.2300],[1492617600000,32.2900],[1492704000000,33.2100],[1492963200000,31.9300],[1493049600000,32.5400],[1493136000000,32.6000],[1493222400000,33.8800],[1493308800000,34.2400],[1493654400000,30.9700],[1493740800000,31.2700],[1493827200000,32.5500],[1493913600000,30.7300],[1494172800000,36.9100],[1494259200000,36.5500],[1494345600000,37.4500],[1494432000000,38.00],[1494518400000,36.5500],[1494777600000,35.5600],[1494864000000,35.2500],[1494950400000,35.00],[1495036800000,35.8900],[1495123200000,34.6400],[1495382400000,34.4600],[1495468800000,34.5200],[1495555200000,33.8700],[1495641600000,34.9300],[1495728000000,33.6900],[1496160000000,34.0400],[1496246400000,35.1100],[1496332800000,35.6400],[1496592000000,36.2200],[1496678400000,36.2200],[1496764800000,36.4000],[1496851200000,36.4000],[1496937600000,36.7500],[1497196800000,35.1900],[1497283200000,35.3700],[1497369600000,35.1300],[1497456000000,34.9600],[1497542400000,35.3000],[1497801600000,35.5300],[1497888000000,35.8800],[1497974400000,36.3500],[1498060800000,37.0400],[1498147200000,36.9800],[1498406400000,36.6100],[1498492800000,35.9200],[1498579200000,35.5800],[1498665600000,35.4100],[1498752000000,34.7100],[1499011200000,39.1800],[1499097600000,33.3300],[1499184000000,33.7900],[1499270400000,32.7600],[1499356800000,33.2800],[1499616000000,35.6800],[1499702400000,35.8500],[1499788800000,36.5400],[1499875200000,36.3600],[1499961600000,36.8600],[1500220800000,38.2300],[1500307200000,38.4000],[1500393600000,38.5400],[1500480000000,38.5400],[1500566400000,38.6200],[1500825600000,38.6200],[1500912000000,38.2800],[1500998400000,38.7200],[1501084800000,38.8900],[1501171200000,38.8900],[1501430400000,42.5900],[1501516800000,40.5700],[1501603200000,40.5700],[1501689600000,40.5700],[1501776000000,40.2400],[1502035200000,41.4400],[1502121600000,35.4000],[1502208000000,36.2400],[1502294400000,36.2400],[1502380800000,35.7400],[1502640000000,36.0700],[1502726400000,36.5800],[1502812800000,36.7400],[1502899200000,36.9100],[1502985600000,37.0800],[1503244800000,36.6800],[1503331200000,37.5200],[1503417600000,39.2000],[1503504000000,39.9300],[1503590400000,44.9700],[1503849600000,49.5000],[1503936000000,50.6700],[1504022400000,46.5000],[1504108800000,47.2500],[1504195200000,46.9200],[1504454400000,48.0900],[1504540800000,49.2500],[1504627200000,50.2500],[1504713600000,48.4200],[1504800000000,48.5900],[1505059200000,51.5800],[1505145600000,52.4000],[1505232000000,52.9000],[1505318400000,53.0600],[1505404800000,52.7300],[1505664000000,54.9500],[1505750400000,55.1200],[1505836800000,56.0500],[1505923200000,56.2200],[1506009600000,56.0500],[1506268800000,58.0400],[1506355200000,58.7100],[1506441600000,60.9300],[1506528000000,62.5800],[1506614400000,64.0300],[1507478400000,67.8200],[1507564800000,68.5300],[1507651200000,69.0300],[1507737600000,68.7400],[1507824000000,68.2500],[1508083200000,68.3000],[1508169600000,67.8100],[1508256000000,66.6100],[1508342400000,65.1400],[1508428800000,63.1800],[1508688000000,59.9000],[1508774400000,59.0800],[1508860800000,58.8100],[1508947200000,57.5000],[1509033600000,55.5200],[1509292800000,49.1000],[1509379200000,47.2100],[1509465600000,45.7400],[1509552000000,44.3700],[1509638400000,42.9500],[1509897600000,38.4900],[1509984000000,37.3600],[1510070400000,60.5500],[1510156800000,59.8700],[1510243200000,58.7500],[1510502400000,70.4600],[1510588800000,70.0800],[1510675200000,69.7600],[1510761600000,69.6100],[1510848000000,68.5500],[1511107200000,66.9800],[1511193600000,66.5100],[1511280000000,66.1900],[1511366400000,75.3100],[1511452800000,74.7300],[1511712000000,67.1900],[1511798400000,67.5000],[1511884800000,67.5000],[1511971200000,67.5500],[1512057600000,67.8100],[1512316800000,66.8700],[1512403200000,66.8700],[1512489600000,65.7900],[1512576000000,67.8600],[1512662400000,67.9400],[1512921600000,67.7900],[1513008000000,67.0800],[1513094400000,66.1600],[1513180800000,66.3600],[1513267200000,66.0100],[1513526400000,65.4000],[1513612800000,66.6200],[1513699200000,66.4600],[1513785600000,65.8000],[1513872000000,65.9500],[1514131200000,67.0200],[1514217600000,67.1800],[1514304000000,66.3600],[1514390400000,66.1100],[1514476800000,65.6500],[1514822400000,72.0600],[1514908800000,73.4400],[1514995200000,74.5000],[1515081600000,75.8800],[1515340800000,64.1200],[1515427200000,64.2700],[1515513600000,63.8700],[1515600000000,63.6200],[1515686400000,64.5400],[1515945600000,64.5400],[1516032000000,64.5400],[1516118400000,65.1400],[1516204800000,65.9100],[1516291200000,66.9700],[1516550400000,70.0200],[1516636800000,71.3900],[1516723200000,73.2100],[1516809600000,74.2800],[1516896000000,76.0300],[1517155200000,80.1800],[1517241600000,81.4000],[1517328000000,82.1600],[1517414400000,83.2300],[1517500800000,84.7600],[1517760000000,87.9600],[1517846400000,89.3300]];
/*规模变动*/
var Data_fluctuationScale = {"categories":["2016-12-31","2017-03-31","2017-06-30","2017-09-30","2017-12-31"],"series":[{"y":22.87,"mom":"-47.67%"},{"y":9.43,"mom":"-58.78%"},{"y":5.84,"mom":"-38.01%"},{"y":3.17,"mom":"-45.72%"},{"y":3.08,"mom":"-3.04%"}]};;
/*持有人结构*/
var Data_holderStructure = {"series":[{"name":"机构持有比例","data":[]},{"name":"个人持有比例","data":[]},{"name":"内部持有比例","data":[]}],"categories":[]};
/*申购赎回*/
var Data_assetAllocation ={"series":[{"name":"期间申购","data":[5.92,6.01,2.50,2.56]},{"name":"期间赎回","data":[19.36,9.59,5.17,2.66]},{"name":"总份额","data":[9.43,5.84,3.17,3.08]}],"categories":["2017-03-31","2017-06-30","2017-09-30","2017-12-31"]};
/*现任基金经理*/
var Data_currentFundManager = [{"id":"30139986","pic":"https://pdf.dfcfw.com/pdf/H8_JPG30139986_1.jpg","name":"邬传雁","star":3,"workTime":"2年又244天","fundSize":"85.36亿(10只基金)","power":{"avr":"48.79","categories":["经验值","收益率","抗风险","稳定性","择时能力"],"dsc":["反映基金经理从业年限和管理基金的经验","根据基金经理投资的阶段收益评分，反映\u003cbr\u003e基金经理投资的盈利能力","反映基金经理投资的回撤控制能力","反映基金经理投资收益的波动","反映基金经理根据对市场的判断，通过\u003cbr\u003e调整仓位及配置而跑赢业绩的基准能力"],"data":[52.50,30.10,56.30,84.50,51.90],"jzrq":"2018-02-06"},"profit":{"categories":["任期收益","同类平均","沪深300"],"series":[{"data":[{"name":null,"color":"#7cb5ec","y":7.1431},{"name":null,"color":"#414c7b","y":7.05},{"name":null,"color":"#f7a35c","y":7.32}]}],"jzrq":"2018-02-06"}},{"id":"30410909","pic":"https://pdf.dfcfw.com/pdf/H8_JPG30410909_1.jpg","name":"李倩","star":4,"workTime":"2年又49天","fundSize":"100.61亿(22只基金)","power":{"avr":"66.98","categories":["经验值","收益率","抗风险","稳定性","管理规模"],"dsc":["反映基金经理从业年限和管理基金的经验","根据基金经理投资的阶段收益评分，反映\u003cbr\u003e基金经理投资的盈利能力","反映基金经理投资的回撤控制能力","反映基金经理投资收益的波动","根据基金经理现任管理基金资产规模评分"],"data":[42.40,69.30,63.10,72.80,66.40],"jzrq":"2018-02-06"},"profit":{"categories":["任期收益","同类平均"],"series":[{"data":[{"name":null,"color":"#7cb5ec","y":7.1431},{"name":null,"color":"#414c7b","y":7.05}]}],"jzrq":"2018-02-06"}}] ;
/*同类型基金涨幅榜（页面底部通栏）*/
var swithSameType = [['002895_华夏天利货币B_5.8750','002894_华夏天利货币A_5.6210','004398_融通现金宝货币B_5.3370','000902_国开货币B_5.3360','001478_泰康薪意保货币B_5.1400'],['002895_华夏天利货币B_5.26','004973_长城收益宝货币B_5.08','004904_人保货币B_5.05','002884_华润元大现金通货币B_5.01','002894_华夏天利货币A_5.01'],['004973_长城收益宝货币B_5.05','004770_海富通添益货币A_4.99','002884_华润元大现金通货币B_4.99','005151_红土创新优淳货币B_4.90','002895_华夏天利货币B_4.89'],['004770_海富通添益货币A_5.39','004973_长城收益宝货币B_5.13','002884_华润元大现金通货币B_5.03','002895_华夏天利货币B_5.03','004398_融通现金宝货币B_5.01'],['003679_中融现金增利货币C_4.67','003474_南方天天利货币B_4.55','000836_国投瑞银钱多宝货币A_4.52','000837_国投瑞银钱多宝货币I_4.52','003753_工银如意货币B_4.51']];