/**
 * 测试数据
 * @type {arry}
 */
/*2018-02-07 17:59:34*/
//基金或股票信息
var fS_name = "浦银安盛日日丰货币B";
var fS_code = "003535";
var fund_minsg="5000000";
var ishb=true;
/*原费率*/
var fund_sourceRate="0";
/*现费率*/
var fund_Rate="0";
/*最小申购金额*/
var fund_minsg="5000000";
/*收益率*/
/*近一年收益率*/
var syl_1n="3.908";
/*近6月收益率*/
var syl_6y="1.9805";
/*近三月收益率*/
var syl_3y="1.0539";
/*近一月收益率*/
var syl_1y="0.3761";
/* 基金收益走势图 每万份收益*/
var Data_millionCopiesIncome = [[1478707200000,0.436],[1478793600000,0.4362],[1478966400000,0.8753],[1479052800000,0.4373],[1479139200000,0.4384],[1479225600000,0.4511],[1479312000000,0.454],[1479398400000,0.4541],[1479571200000,0.9082],[1479657600000,0.454],[1479744000000,0.5536],[1479830400000,0.5454],[1479916800000,0.5514],[1480003200000,0.5564],[1480176000000,1.1127],[1480262400000,0.5358],[1480348800000,0.5414],[1480435200000,0.5779],[1480521600000,0.5779],[1480608000000,0.5778],[1480780800000,1.1556],[1480867200000,0.5778],[1480953600000,0.5778],[1481040000000,0.5778],[1481126400000,0.6725],[1481212800000,0.6725],[1481385600000,1.345],[1481472000000,0.6724],[1481558400000,0.6723],[1481644800000,0.6725],[1481731200000,0.67],[1481817600000,0.4372],[1481990400000,0.8738],[1482076800000,0.5587],[1482163200000,0.6139],[1482249600000,0.614],[1482336000000,0.4404],[1482422400000,0.6905],[1482595200000,1.3809],[1482681600000,0.6903],[1482768000000,1.0091],[1482854400000,1.009],[1482940800000,1.0087],[1483027200000,1.0085],[1483113600000,1.0085],[1483286400000,2.0678],[1483372800000,1.0337],[1483459200000,1.0342],[1483545600000,1.0341],[1483632000000,0.6042],[1483804800000,1.817],[1483891200000,0.8345],[1483977600000,0.6702],[1484064000000,0.3549],[1484150400000,0.6704],[1484236800000,0.6735],[1484409600000,1.2745],[1484496000000,0.6372],[1484582400000,0.688],[1484668800000,0.8953],[1484755200000,0.8568],[1484841600000,0.8544],[1485014400000,1.2373],[1485100800000,0.8874],[1485187200000,0.9756],[1485273600000,0.9744],[1485360000000,0.9583],[1485964800000,6.7054],[1486051200000,0.9575],[1486224000000,1.7917],[1486310400000,0.8987],[1486396800000,0.8687],[1486483200000,0.9272],[1486569600000,0.9254],[1486656000000,0.9252],[1486828800000,1.8502],[1486915200000,0.9249],[1487001600000,0.9247],[1487088000000,0.9246],[1487174400000,0.8345],[1487260800000,0.891],[1487433600000,1.7819],[1487520000000,0.8907],[1487606400000,0.8907],[1487692800000,0.8905],[1487779200000,0.9004],[1487865600000,0.9004],[1488038400000,1.8005],[1488124800000,0.9001],[1488211200000,0.8999],[1488297600000,0.9027],[1488384000000,0.9022],[1488470400000,0.902],[1488643200000,1.8038],[1488729600000,0.9019],[1488816000000,0.9023],[1488902400000,0.9064],[1488988800000,0.8964],[1489075200000,0.8966],[1489248000000,1.793],[1489334400000,0.8963],[1489420800000,0.8963],[1489507200000,0.896],[1489593600000,0.896],[1489680000000,0.8925],[1489852800000,1.7838],[1489939200000,0.8917],[1490025600000,0.9077],[1490112000000,0.9583],[1490198400000,1.2828],[1490284800000,1.2299],[1490457600000,2.4593],[1490544000000,1.2293],[1490630400000,1.2442],[1490716800000,1.229],[1490803200000,1.2858],[1490889600000,1.2438],[1491235200000,4.9736],[1491321600000,1.2428],[1491408000000,1.2395],[1491494400000,1.2139],[1491667200000,2.426],[1491753600000,1.2068],[1491840000000,1.224],[1491926400000,0.7715],[1492012800000,1.2188],[1492099200000,1.2287],[1492272000000,2.3562],[1492358400000,1.1872],[1492444800000,0.8151],[1492531200000,0.8743],[1492617600000,1.0741],[1492704000000,1.0711],[1492876800000,2.1124],[1492963200000,1.0973],[1493049600000,1.1041],[1493136000000,1.1104],[1493222400000,1.1012],[1493308800000,1.0986],[1493568000000,3.2952],[1493654400000,1.0978],[1493740800000,1.0873],[1493827200000,1.07],[1493913600000,1.0749],[1494086400000,2.1504],[1494172800000,1.0749],[1494259200000,1.0707],[1494345600000,1.0695],[1494432000000,1.0687],[1494518400000,1.0683],[1494691200000,2.1362],[1494777600000,1.068],[1494864000000,1.0681],[1494950400000,1.0685],[1495036800000,1.0688],[1495123200000,1.0004],[1495296000000,2.0706],[1495382400000,1.035],[1495468800000,1.0564],[1495555200000,1.0187],[1495641600000,1.0789],[1495728000000,1.084],[1496073600000,4.3352],[1496160000000,1.0829],[1496246400000,1.0902],[1496332800000,1.082],[1496505600000,2.1651],[1496592000000,1.0901],[1496678400000,1.0903],[1496764800000,1.077],[1496851200000,1.0831],[1496937600000,1.0831],[1497110400000,2.1659],[1497196800000,1.0824],[1497283200000,1.0984],[1497369600000,1.098],[1497456000000,1.0956],[1497542400000,1.095],[1497715200000,2.1902],[1497801600000,1.039],[1497888000000,0.7729],[1497974400000,1.0905],[1498060800000,1.1175],[1498147200000,1.1856],[1498320000000,2.3852],[1498406400000,1.1916],[1498492800000,1.1914],[1498579200000,1.1752],[1498665600000,1.1819],[1498752000000,1.1769],[1498924800000,2.3553],[1499011200000,1.177],[1499097600000,1.1767],[1499184000000,1.0125],[1499270400000,1.1429],[1499356800000,1.1623],[1499529600000,2.324],[1499616000000,0.8029],[1499702400000,1.1407],[1499788800000,0.8992],[1499875200000,0.9133],[1499961600000,0.912],[1500134400000,1.824],[1500220800000,1.2639],[1500307200000,0.8946],[1500393600000,0.8983],[1500480000000,0.9017],[1500566400000,0.9028],[1500739200000,1.8056],[1500825600000,0.9096],[1500912000000,0.9057],[1500998400000,0.9057],[1501084800000,0.9054],[1501171200000,0.9055],[1501344000000,1.811],[1501430400000,0.9627],[1501516800000,0.9037],[1501603200000,0.9036],[1501689600000,0.9025],[1501776000000,0.9024],[1501948800000,1.8048],[1502035200000,0.9056],[1502121600000,0.908],[1502208000000,0.9068],[1502294400000,0.9058],[1502380800000,0.9086],[1502553600000,1.8179],[1502640000000,0.9083],[1502726400000,0.9088],[1502812800000,0.9093],[1502899200000,0.9083],[1502985600000,0.9079],[1503158400000,1.8157],[1503244800000,0.9006],[1503331200000,0.902],[1503417600000,0.9016],[1503504000000,0.9008],[1503590400000,0.8088],[1503763200000,1.6176],[1503849600000,0.907],[1503936000000,0.8887],[1504022400000,0.8885],[1504108800000,0.5367],[1504195200000,0.8945],[1504368000000,1.7882],[1504454400000,0.9142],[1504540800000,0.8944],[1504627200000,1.0434],[1504713600000,1.0437],[1504800000000,1.0434],[1504972800000,2.0865],[1505059200000,1.0442],[1505145600000,1.0479],[1505232000000,1.0163],[1505318400000,1.0648],[1505404800000,1.0633],[1505577600000,2.1259],[1505664000000,1.0637],[1505750400000,1.048],[1505836800000,1.064],[1505923200000,1.0535],[1506009600000,1.0514],[1506182400000,2.1024],[1506268800000,1.0611],[1506355200000,1.0638],[1506441600000,1.0628],[1506528000000,1.0615],[1506614400000,1.0592],[1507392000000,9.5257],[1507478400000,1.0745],[1507564800000,1.0739],[1507651200000,1.0655],[1507737600000,1.062],[1507824000000,1.058],[1507996800000,2.1149],[1508083200000,1.0566],[1508169600000,1.0587],[1508256000000,1.0582],[1508342400000,0.7337],[1508428800000,1.0696],[1508601600000,2.1394],[1508688000000,1.0842],[1508774400000,1.0788],[1508860800000,1.0755],[1508947200000,1.0748],[1509033600000,1.074],[1509206400000,2.1474],[1509292800000,0.3575],[1509379200000,1.0778],[1509465600000,1.0776],[1509552000000,1.0831],[1509638400000,1.0841],[1509811200000,2.1682],[1509897600000,1.0835],[1509984000000,1.0854],[1510070400000,1.0859],[1510156800000,1.0834],[1510243200000,1.0844],[1510416000000,2.1689],[1510502400000,1.0841],[1510588800000,1.0888],[1510675200000,1.0836],[1510761600000,1.0961],[1510848000000,0.539],[1511020800000,2.1928],[1511107200000,1.0853],[1511193600000,1.0989],[1511280000000,1.0959],[1511366400000,1.0946],[1511452800000,1.0948],[1511625600000,2.1895],[1511712000000,1.0999],[1511798400000,1.026],[1511884800000,1.1084],[1511971200000,1.1223],[1512057600000,1.1185],[1512230400000,2.2369],[1512316800000,1.1015],[1512403200000,1.1114],[1512489600000,1.1441],[1512576000000,1.095],[1512662400000,1.0939],[1512835200000,2.1872],[1512921600000,1.144],[1513008000000,1.1457],[1513094400000,1.1817],[1513180800000,1.1803],[1513267200000,1.1873],[1513440000000,2.3742],[1513526400000,1.172],[1513612800000,1.1992],[1513699200000,1.1979],[1513785600000,1.1999],[1513872000000,1.2061],[1514044800000,2.4115],[1514131200000,1.1943],[1514217600000,1.1906],[1514304000000,1.1925],[1514390400000,1.1797],[1514476800000,1.1005],[1514649600000,2.202],[1514736000000,1.1024],[1514822400000,1.1987],[1514908800000,1.2122],[1514995200000,1.2112],[1515081600000,1.2224],[1515254400000,2.4449],[1515340800000,1.2128],[1515427200000,1.2306],[1515513600000,1.2322],[1515600000000,1.218],[1515686400000,1.2066],[1515859200000,2.4127],[1515945600000,1.2108],[1516032000000,1.191],[1516118400000,0.8273],[1516204800000,1.0818],[1516291200000,1.1958],[1516464000000,2.416],[1516550400000,1.4103],[1516636800000,1.1786],[1516723200000,1.1671],[1516809600000,1.1632],[1516896000000,1.1625],[1517068800000,2.1428],[1517155200000,1.1344],[1517241600000,1.1418],[1517328000000,1.1489],[1517414400000,1.1512],[1517500800000,1.1854],[1517673600000,2.3705],[1517760000000,1.1591],[1517846400000,1.1486]];
/*基金收益走势图   7日年化收益率*/
var Data_sevenDaysYearIncome = [[1478707200000,1.274],[1478793600000,1.34],[1478966400000,1.417],[1479052800000,1.571],[1479139200000,1.597],[1479225600000,1.616],[1479312000000,1.625],[1479398400000,1.635],[1479571200000,1.652],[1479657600000,1.661],[1479744000000,1.722],[1479830400000,1.772],[1479916800000,1.824],[1480003200000,1.878],[1480176000000,1.987],[1480262400000,2.03],[1480348800000,2.024],[1480435200000,2.041],[1480521600000,2.055],[1480608000000,2.067],[1480780800000,2.09],[1480867200000,2.112],[1480953600000,2.131],[1481040000000,2.131],[1481126400000,2.182],[1481212800000,2.232],[1481385600000,2.333],[1481472000000,2.384],[1481558400000,2.434],[1481644800000,2.485],[1481731200000,2.483],[1481817600000,2.358],[1481990400000,2.107],[1482076800000,2.046],[1482163200000,2.015],[1482249600000,1.984],[1482336000000,1.862],[1482422400000,1.997],[1482595200000,2.267],[1482681600000,2.337],[1482768000000,2.548],[1482854400000,2.759],[1482940800000,3.064],[1483027200000,3.235],[1483113600000,3.406],[1483286400000,3.778],[1483372800000,3.791],[1483459200000,3.805],[1483545600000,3.818],[1483632000000,3.6],[1483804800000,3.478],[1483891200000,3.37],[1483977600000,3.175],[1484064000000,2.81],[1484150400000,2.615],[1484236800000,2.652],[1484409600000,2.362],[1484496000000,2.257],[1484582400000,2.267],[1484668800000,2.555],[1484755200000,2.655],[1484841600000,2.752],[1485014400000,2.732],[1485100800000,2.866],[1485187200000,3.02],[1485273600000,3.063],[1485360000000,3.117],[1485964800000,3.558],[1486051200000,3.558],[1486224000000,3.49],[1486310400000,3.459],[1486396800000,3.41],[1486483200000,3.394],[1486569600000,3.377],[1486656000000,3.359],[1486828800000,3.391],[1486915200000,3.405],[1487001600000,3.435],[1487088000000,3.434],[1487174400000,3.385],[1487260800000,3.366],[1487433600000,3.329],[1487520000000,3.311],[1487606400000,3.293],[1487692800000,3.274],[1487779200000,3.31],[1487865600000,3.315],[1488038400000,3.325],[1488124800000,3.33],[1488211200000,3.335],[1488297600000,3.342],[1488384000000,3.343],[1488470400000,3.343],[1488643200000,3.345],[1488729600000,3.346],[1488816000000,3.347],[1488902400000,3.349],[1488988800000,3.346],[1489075200000,3.343],[1489248000000,3.338],[1489334400000,3.334],[1489420800000,3.331],[1489507200000,3.326],[1489593600000,3.325],[1489680000000,3.323],[1489852800000,3.318],[1489939200000,3.316],[1490025600000,3.322],[1490112000000,3.356],[1490198400000,3.564],[1490284800000,3.746],[1490457600000,4.113],[1490544000000,4.296],[1490630400000,4.479],[1490716800000,4.627],[1490803200000,4.628],[1490889600000,4.636],[1491235200000,4.658],[1491321600000,4.666],[1491408000000,4.64],[1491494400000,4.624],[1491667200000,4.591],[1491753600000,4.571],[1491840000000,4.56],[1491926400000,4.304],[1492012800000,4.293],[1492099200000,4.301],[1492272000000,4.263],[1492358400000,4.252],[1492444800000,4.03],[1492531200000,4.086],[1492617600000,4.007],[1492704000000,3.922],[1492876800000,3.79],[1492963200000,3.741],[1493049600000,3.898],[1493136000000,4.026],[1493222400000,4.04],[1493308800000,4.055],[1493568000000,4.102],[1493654400000,4.098],[1493740800000,4.086],[1493827200000,4.069],[1493913600000,4.056],[1494086400000,4.031],[1494172800000,4.018],[1494259200000,4.003],[1494345600000,3.994],[1494432000000,3.993],[1494518400000,3.989],[1494691200000,3.982],[1494777600000,3.978],[1494864000000,3.976],[1494950400000,3.976],[1495036800000,3.976],[1495123200000,3.939],[1495296000000,3.904],[1495382400000,3.886],[1495468800000,3.879],[1495555200000,3.852],[1495641600000,3.858],[1495728000000,3.903],[1496073600000,3.997],[1496160000000,4.032],[1496246400000,4.038],[1496332800000,4.037],[1496505600000,4.035],[1496592000000,4.039],[1496678400000,4.043],[1496764800000,4.039],[1496851200000,4.035],[1496937600000,4.036],[1497110400000,4.037],[1497196800000,4.032],[1497283200000,4.037],[1497369600000,4.048],[1497456000000,4.055],[1497542400000,4.061],[1497715200000,4.075],[1497801600000,4.051],[1497888000000,3.875],[1497974400000,3.87],[1498060800000,3.882],[1498147200000,3.931],[1498320000000,4.037],[1498406400000,4.12],[1498492800000,4.347],[1498579200000,4.393],[1498665600000,4.428],[1498752000000,4.424],[1498924800000,4.407],[1499011200000,4.4],[1499097600000,4.392],[1499184000000,4.303],[1499270400000,4.282],[1499356800000,4.274],[1499529600000,4.257],[1499616000000,4.054],[1499702400000,4.034],[1499788800000,3.973],[1499875200000,3.848],[1499961600000,3.713],[1500134400000,3.443],[1500220800000,3.692],[1500307200000,3.559],[1500393600000,3.558],[1500480000000,3.552],[1500566400000,3.547],[1500739200000,3.537],[1500825600000,3.346],[1500912000000,3.352],[1500998400000,3.356],[1501084800000,3.358],[1501171200000,3.36],[1501344000000,3.362],[1501430400000,3.391],[1501516800000,3.39],[1501603200000,3.389],[1501689600000,3.387],[1501776000000,3.386],[1501948800000,3.382],[1502035200000,3.352],[1502121600000,3.354],[1502208000000,3.356],[1502294400000,3.357],[1502380800000,3.361],[1502553600000,3.368],[1502640000000,3.369],[1502726400000,3.37],[1502812800000,3.371],[1502899200000,3.372],[1502985600000,3.372],[1503158400000,3.371],[1503244800000,3.367],[1503331200000,3.363],[1503417600000,3.359],[1503504000000,3.355],[1503590400000,3.301],[1503763200000,3.195],[1503849600000,3.198],[1503936000000,3.191],[1504022400000,3.184],[1504108800000,2.988],[1504195200000,3.034],[1504368000000,3.126],[1504454400000,3.13],[1504540800000,3.133],[1504627200000,3.216],[1504713600000,3.489],[1504800000000,3.57],[1504972800000,3.731],[1505059200000,3.801],[1505145600000,3.885],[1505232000000,3.87],[1505318400000,3.881],[1505404800000,3.892],[1505577600000,3.913],[1505664000000,3.924],[1505750400000,3.924],[1505836800000,3.95],[1505923200000,3.944],[1506009600000,3.937],[1506182400000,3.925],[1506268800000,3.923],[1506355200000,3.932],[1506441600000,3.931],[1506528000000,3.935],[1506614400000,3.94],[1507392000000,3.938],[1507478400000,3.947],[1507564800000,3.955],[1507651200000,3.959],[1507737600000,3.961],[1507824000000,3.961],[1507996800000,3.96],[1508083200000,3.951],[1508169600000,3.942],[1508256000000,3.938],[1508342400000,3.761],[1508428800000,3.767],[1508601600000,3.78],[1508688000000,3.795],[1508774400000,3.806],[1508860800000,3.815],[1508947200000,4.0],[1509033600000,4.002],[1509206400000,4.007],[1509292800000,3.613],[1509379200000,3.613],[1509465600000,3.614],[1509552000000,3.619],[1509638400000,3.624],[1509811200000,3.635],[1509897600000,4.028],[1509984000000,4.032],[1510070400000,4.037],[1510156800000,4.037],[1510243200000,4.037],[1510416000000,4.038],[1510502400000,4.038],[1510588800000,4.04],[1510675200000,4.039],[1510761600000,4.045],[1510848000000,3.75],[1511020800000,3.763],[1511107200000,3.763],[1511193600000,3.769],[1511280000000,3.776],[1511366400000,3.775],[1511452800000,4.076],[1511625600000,4.074],[1511712000000,4.082],[1511798400000,4.043],[1511884800000,4.049],[1511971200000,4.064],[1512057600000,4.077],[1512230400000,4.103],[1512316800000,4.104],[1512403200000,4.15],[1512489600000,4.17],[1512576000000,4.155],[1512662400000,4.141],[1512835200000,4.114],[1512921600000,4.137],[1513008000000,4.156],[1513094400000,4.176],[1513180800000,4.223],[1513267200000,4.274],[1513440000000,4.375],[1513526400000,4.391],[1513612800000,4.42],[1513699200000,4.428],[1513785600000,4.439],[1513872000000,4.449],[1514044800000,4.47],[1514131200000,4.482],[1514217600000,4.477],[1514304000000,4.474],[1514390400000,4.463],[1514476800000,4.406],[1514649600000,4.292],[1514736000000,4.242],[1514822400000,4.246],[1514908800000,4.257],[1514995200000,4.274],[1515081600000,4.34],[1515254400000,4.473],[1515340800000,4.533],[1515427200000,4.55],[1515513600000,4.561],[1515600000000,4.565],[1515686400000,4.556],[1515859200000,4.539],[1515945600000,4.537],[1516032000000,4.516],[1516118400000,4.296],[1516204800000,4.221],[1516291200000,4.216],[1516464000000,4.217],[1516550400000,4.326],[1516636800000,4.319],[1516723200000,4.504],[1516809600000,4.548],[1516896000000,4.53],[1517068800000,4.381],[1517155200000,4.231],[1517241600000,4.211],[1517328000000,4.202],[1517414400000,4.195],[1517500800000,4.207],[1517673600000,4.331],[1517760000000,4.345],[1517846400000,4.348]];
/*资产配置*/
var Data_assetAllocationCurrency ={"categories":["12-31","09-30","06-30","03-31"],"series":[{"name":"股票","data":[null,null,null,null]},{"name":"债券","data":[34.79,17.83,21.92,4.93]},{"name":"现金","data":[67.73,81.52,39.31,37.41]}]};
/*累计收益率走势*/
var Data_grandTotal = [{"name":"浦银安盛日日丰货币B","data":[[1501948800000,0],[1502035200000,0.01],[1502121600000,0.02],[1502208000000,0.03],[1502294400000,0.04],[1502380800000,0.05],[1502553600000,0.06],[1502640000000,0.07],[1502726400000,0.08],[1502812800000,0.09],[1502899200000,0.10],[1502985600000,0.11],[1503158400000,0.13],[1503244800000,0.14],[1503331200000,0.15],[1503417600000,0.15],[1503504000000,0.16],[1503590400000,0.17],[1503763200000,0.19],[1503849600000,0.20],[1503936000000,0.21],[1504022400000,0.21],[1504108800000,0.22],[1504195200000,0.23],[1504368000000,0.25],[1504454400000,0.26],[1504540800000,0.26],[1504627200000,0.28],[1504713600000,0.29],[1504800000000,0.30],[1504972800000,0.32],[1505059200000,0.33],[1505145600000,0.34],[1505232000000,0.35],[1505318400000,0.36],[1505404800000,0.37],[1505577600000,0.39],[1505664000000,0.40],[1505750400000,0.41],[1505836800000,0.42],[1505923200000,0.43],[1506009600000,0.44],[1506182400000,0.47],[1506268800000,0.48],[1506355200000,0.49],[1506441600000,0.50],[1506528000000,0.51],[1506614400000,0.52],[1507392000000,0.61],[1507478400000,0.63],[1507564800000,0.64],[1507651200000,0.65],[1507737600000,0.66],[1507824000000,0.67],[1507996800000,0.69],[1508083200000,0.70],[1508169600000,0.71],[1508256000000,0.72],[1508342400000,0.73],[1508428800000,0.74],[1508601600000,0.76],[1508688000000,0.77],[1508774400000,0.78],[1508860800000,0.79],[1508947200000,0.80],[1509033600000,0.82],[1509206400000,0.84],[1509292800000,0.84],[1509379200000,0.85],[1509465600000,0.86],[1509552000000,0.87],[1509638400000,0.88],[1509811200000,0.91],[1509897600000,0.92],[1509984000000,0.93],[1510070400000,0.94],[1510156800000,0.95],[1510243200000,0.96],[1510416000000,0.98],[1510502400000,0.99],[1510588800000,1.00],[1510675200000,1.02],[1510761600000,1.03],[1510848000000,1.03],[1511020800000,1.05],[1511107200000,1.07],[1511193600000,1.08],[1511280000000,1.09],[1511366400000,1.10],[1511452800000,1.11],[1511625600000,1.13],[1511712000000,1.14],[1511798400000,1.15],[1511884800000,1.16],[1511971200000,1.18],[1512057600000,1.19],[1512230400000,1.21],[1512316800000,1.22],[1512403200000,1.23],[1512489600000,1.24],[1512576000000,1.25],[1512662400000,1.27],[1512835200000,1.29],[1512921600000,1.30],[1513008000000,1.31],[1513094400000,1.32],[1513180800000,1.34],[1513267200000,1.35],[1513440000000,1.37],[1513526400000,1.38],[1513612800000,1.40],[1513699200000,1.41],[1513785600000,1.42],[1513872000000,1.43],[1514044800000,1.46],[1514131200000,1.47],[1514217600000,1.48],[1514304000000,1.49],[1514390400000,1.50],[1514476800000,1.52],[1514649600000,1.54],[1514736000000,1.55],[1514822400000,1.56],[1514908800000,1.57],[1514995200000,1.59],[1515081600000,1.60],[1515254400000,1.62],[1515340800000,1.64],[1515427200000,1.65],[1515513600000,1.66],[1515600000000,1.67],[1515686400000,1.69],[1515859200000,1.71],[1515945600000,1.72],[1516032000000,1.73],[1516118400000,1.74],[1516204800000,1.75],[1516291200000,1.77],[1516464000000,1.79],[1516550400000,1.80],[1516636800000,1.82],[1516723200000,1.83],[1516809600000,1.84],[1516896000000,1.85],[1517068800000,1.87],[1517155200000,1.89],[1517241600000,1.90],[1517328000000,1.91],[1517414400000,1.92],[1517500800000,1.93],[1517673600000,1.96],[1517760000000,1.97],[1517846400000,1.98]]},{"name":"同类平均","data":[[1502035200000,0],[1502121600000,0.01],[1502208000000,0.02],[1502294400000,0.03],[1502380800000,0.04],[1502640000000,0.07],[1502726400000,0.08],[1502812800000,0.09],[1502899200000,0.10],[1502985600000,0.11],[1503244800000,0.14],[1503331200000,0.16],[1503417600000,0.17],[1503504000000,0.18],[1503590400000,0.19],[1503849600000,0.22],[1503936000000,0.23],[1504022400000,0.24],[1504108800000,0.25],[1504195200000,0.26],[1504454400000,0.29],[1504540800000,0.30],[1504627200000,0.31],[1504713600000,0.32],[1504800000000,0.34],[1505059200000,0.37],[1505145600000,0.38],[1505232000000,0.39],[1505318400000,0.40],[1505404800000,0.41],[1505664000000,0.44],[1505750400000,0.45],[1505836800000,0.46],[1505923200000,0.47],[1506009600000,0.48],[1506268800000,0.52],[1506355200000,0.53],[1506441600000,0.54],[1506528000000,0.55],[1506614400000,0.56],[1507478400000,0.67],[1507564800000,0.68],[1507651200000,0.69],[1507737600000,0.71],[1507824000000,0.72],[1508083200000,0.75],[1508169600000,0.76],[1508256000000,0.77],[1508342400000,0.78],[1508428800000,0.79],[1508688000000,0.82],[1508774400000,0.83],[1508860800000,0.84],[1508947200000,0.85],[1509033600000,0.86],[1509292800000,0.90],[1509379200000,0.91],[1509465600000,0.92],[1509552000000,0.93],[1509638400000,0.94],[1509897600000,0.97],[1509984000000,0.98],[1510070400000,0.99],[1510156800000,1.00],[1510243200000,1.01],[1510502400000,1.04],[1510588800000,1.06],[1510675200000,1.07],[1510761600000,1.08],[1510848000000,1.09],[1511107200000,1.12],[1511193600000,1.13],[1511280000000,1.14],[1511366400000,1.15],[1511452800000,1.16],[1511712000000,1.20],[1511798400000,1.21],[1511884800000,1.22],[1511971200000,1.23],[1512057600000,1.24],[1512316800000,1.28],[1512403200000,1.29],[1512489600000,1.30],[1512576000000,1.31],[1512662400000,1.32],[1512921600000,1.35],[1513008000000,1.36],[1513094400000,1.38],[1513180800000,1.39],[1513267200000,1.40],[1513526400000,1.43],[1513612800000,1.44],[1513699200000,1.46],[1513785600000,1.47],[1513872000000,1.48],[1514131200000,1.51],[1514217600000,1.53],[1514304000000,1.54],[1514390400000,1.55],[1514476800000,1.57],[1514822400000,1.62],[1514908800000,1.64],[1514995200000,1.65],[1515081600000,1.66],[1515340800000,1.69],[1515427200000,1.71],[1515513600000,1.72],[1515600000000,1.73],[1515686400000,1.74],[1515945600000,1.77],[1516032000000,1.79],[1516118400000,1.80],[1516204800000,1.81],[1516291200000,1.82],[1516550400000,1.86],[1516636800000,1.87],[1516723200000,1.88],[1516809600000,1.89],[1516896000000,1.90],[1517155200000,1.94],[1517241600000,1.95],[1517328000000,1.96],[1517414400000,1.97],[1517500800000,1.98],[1517760000000,2.02],[1517846400000,2.03]]},{"name":"沪深300","data":[[1502035200000,0],[1502121600000,0.15],[1502208000000,0.11],[1502294400000,-0.29],[1502380800000,-2.13],[1502640000000,-0.86],[1502726400000,-0.56],[1502812800000,-0.68],[1502899200000,-0.15],[1502985600000,-0.06],[1503244800000,0.38],[1503331200000,0.68],[1503417600000,0.79],[1503504000000,0.21],[1503590400000,1.85],[1503849600000,3.11],[1503936000000,2.89],[1504022400000,2.88],[1504108800000,2.56],[1504195200000,2.78],[1504454400000,3.19],[1504540800000,3.50],[1504627200000,3.29],[1504713600000,2.77],[1504800000000,2.66],[1505059200000,2.65],[1505145600000,2.98],[1505232000000,3.11],[1505318400000,2.77],[1505404800000,2.80],[1505664000000,3.12],[1505750400000,2.83],[1505836800000,3.10],[1505923200000,2.98],[1506009600000,2.98],[1506268800000,2.44],[1506355200000,2.52],[1506441600000,2.53],[1506528000000,2.57],[1506614400000,2.94],[1507478400000,4.17],[1507564800000,4.38],[1507651200000,4.72],[1507737600000,5.00],[1507824000000,5.21],[1508083200000,5.01],[1508169600000,5.00],[1508256000000,5.83],[1508342400000,5.49],[1508428800000,5.37],[1508688000000,5.47],[1508774400000,6.24],[1508860800000,6.71],[1508947200000,7.16],[1509033600000,7.92],[1509292800000,7.59],[1509379200000,7.51],[1509465600000,7.24],[1509552000000,7.25],[1509638400000,7.13],[1509897600000,7.89],[1509984000000,8.79],[1510070400000,8.62],[1510156800000,9.37],[1510243200000,10.33],[1510502400000,10.77],[1510588800000,10.00],[1510675200000,9.31],[1510761600000,10.15],[1510848000000,10.57],[1511107200000,11.19],[1511193600000,13.17],[1511280000000,13.44],[1511366400000,10.08],[1511452800000,10.13],[1511712000000,8.67],[1511798400000,8.83],[1511884800000,8.77],[1511971200000,7.49],[1512057600000,7.28],[1512316800000,7.84],[1512403200000,8.41],[1512489600000,7.76],[1512576000000,6.55],[1512662400000,7.42],[1512921600000,9.20],[1513008000000,7.76],[1513094400000,8.67],[1513180800000,8.03],[1513267200000,6.82],[1513526400000,6.94],[1513612800000,8.28],[1513699200000,8.15],[1513785600000,9.15],[1513872000000,8.80],[1514131200000,8.45],[1514217600000,8.77],[1514304000000,7.09],[1514390400000,7.84],[1514476800000,8.16],[1514822400000,9.68],[1514908800000,10.32],[1514995200000,10.79],[1515081600000,11.05],[1515340800000,11.63],[1515427200000,12.41],[1515513600000,12.91],[1515600000000,12.85],[1515686400000,13.37],[1515945600000,13.37],[1516032000000,14.27],[1516118400000,13.99],[1516204800000,14.61],[1516291200000,14.99],[1516550400000,16.36],[1516636800000,17.60],[1516723200000,17.79],[1516809600000,17.13],[1516896000000,17.56],[1517155200000,15.43],[1517241600000,14.20],[1517328000000,14.73],[1517414400000,13.93],[1517500800000,14.61],[1517760000000,14.69],[1517846400000,11.33]]}];
/*同类排名*/
var Data_rateInSimilarType = [{"x":1486656000000,"y":384,"sc":"494"},{"x":1486915200000,"y":369,"sc":"496"},{"x":1487001600000,"y":368,"sc":"496"},{"x":1487088000000,"y":368,"sc":"496"},{"x":1487174400000,"y":364,"sc":"496"},{"x":1487260800000,"y":362,"sc":"496"},{"x":1487520000000,"y":351,"sc":"496"},{"x":1487606400000,"y":341,"sc":"496"},{"x":1487692800000,"y":343,"sc":"496"},{"x":1487779200000,"y":343,"sc":"498"},{"x":1487865600000,"y":343,"sc":"500"},{"x":1488124800000,"y":348,"sc":"503"},{"x":1488211200000,"y":337,"sc":"503"},{"x":1488297600000,"y":337,"sc":"503"},{"x":1488384000000,"y":337,"sc":"511"},{"x":1488470400000,"y":329,"sc":"511"},{"x":1488729600000,"y":327,"sc":"513"},{"x":1488816000000,"y":327,"sc":"515"},{"x":1488902400000,"y":330,"sc":"516"},{"x":1488988800000,"y":332,"sc":"518"},{"x":1489075200000,"y":326,"sc":"518"},{"x":1489334400000,"y":327,"sc":"518"},{"x":1489420800000,"y":328,"sc":"518"},{"x":1489507200000,"y":330,"sc":"518"},{"x":1489593600000,"y":329,"sc":"520"},{"x":1489680000000,"y":325,"sc":"520"},{"x":1489939200000,"y":323,"sc":"522"},{"x":1490025600000,"y":324,"sc":"522"},{"x":1490112000000,"y":318,"sc":"524"},{"x":1490198400000,"y":312,"sc":"530"},{"x":1490284800000,"y":305,"sc":"530"},{"x":1490544000000,"y":296,"sc":"534"},{"x":1490630400000,"y":300,"sc":"535"},{"x":1490716800000,"y":301,"sc":"535"},{"x":1490803200000,"y":301,"sc":"538"},{"x":1490889600000,"y":303,"sc":"538"},{"x":1491321600000,"y":298,"sc":"538"},{"x":1491408000000,"y":288,"sc":"540"},{"x":1491494400000,"y":279,"sc":"540"},{"x":1491753600000,"y":277,"sc":"540"},{"x":1491840000000,"y":260,"sc":"540"},{"x":1491926400000,"y":261,"sc":"540"},{"x":1492012800000,"y":259,"sc":"541"},{"x":1492099200000,"y":247,"sc":"541"},{"x":1492358400000,"y":218,"sc":"543"},{"x":1492444800000,"y":221,"sc":"543"},{"x":1492531200000,"y":221,"sc":"543"},{"x":1492617600000,"y":216,"sc":"545"},{"x":1492704000000,"y":204,"sc":"545"},{"x":1492963200000,"y":193,"sc":"545"},{"x":1493049600000,"y":190,"sc":"547"},{"x":1493136000000,"y":187,"sc":"549"},{"x":1493222400000,"y":182,"sc":"549"},{"x":1493308800000,"y":173,"sc":"549"},{"x":1493654400000,"y":188,"sc":"549"},{"x":1493740800000,"y":187,"sc":"550"},{"x":1493827200000,"y":181,"sc":"550"},{"x":1493913600000,"y":186,"sc":"550"},{"x":1494172800000,"y":183,"sc":"550"},{"x":1494259200000,"y":182,"sc":"550"},{"x":1494345600000,"y":182,"sc":"550"},{"x":1494432000000,"y":173,"sc":"550"},{"x":1494518400000,"y":181,"sc":"550"},{"x":1494777600000,"y":174,"sc":"554"},{"x":1494864000000,"y":171,"sc":"556"},{"x":1494950400000,"y":173,"sc":"560"},{"x":1495036800000,"y":166,"sc":"560"},{"x":1495123200000,"y":169,"sc":"560"},{"x":1495382400000,"y":164,"sc":"560"},{"x":1495468800000,"y":164,"sc":"562"},{"x":1495555200000,"y":158,"sc":"564"},{"x":1495641600000,"y":152,"sc":"564"},{"x":1495728000000,"y":152,"sc":"564"},{"x":1496160000000,"y":146,"sc":"564"},{"x":1496246400000,"y":145,"sc":"564"},{"x":1496332800000,"y":142,"sc":"564"},{"x":1496592000000,"y":136,"sc":"566"},{"x":1496678400000,"y":133,"sc":"566"},{"x":1496764800000,"y":130,"sc":"566"},{"x":1496851200000,"y":126,"sc":"566"},{"x":1496937600000,"y":122,"sc":"566"},{"x":1497196800000,"y":121,"sc":"574"},{"x":1497283200000,"y":116,"sc":"574"},{"x":1497369600000,"y":115,"sc":"575"},{"x":1497456000000,"y":111,"sc":"575"},{"x":1497542400000,"y":113,"sc":"575"},{"x":1497801600000,"y":106,"sc":"577"},{"x":1497888000000,"y":111,"sc":"577"},{"x":1497974400000,"y":112,"sc":"575"},{"x":1498060800000,"y":111,"sc":"575"},{"x":1498147200000,"y":116,"sc":"576"},{"x":1498406400000,"y":121,"sc":"579"},{"x":1498492800000,"y":123,"sc":"579"},{"x":1498579200000,"y":126,"sc":"579"},{"x":1498665600000,"y":128,"sc":"579"},{"x":1498752000000,"y":140,"sc":"582"},{"x":1499011200000,"y":116,"sc":"582"},{"x":1499097600000,"y":157,"sc":"582"},{"x":1499184000000,"y":165,"sc":"583"},{"x":1499270400000,"y":169,"sc":"583"},{"x":1499356800000,"y":173,"sc":"583"},{"x":1499616000000,"y":196,"sc":"583"},{"x":1499702400000,"y":195,"sc":"583"},{"x":1499788800000,"y":192,"sc":"583"},{"x":1499875200000,"y":208,"sc":"583"},{"x":1499961600000,"y":224,"sc":"586"},{"x":1500220800000,"y":241,"sc":"586"},{"x":1500307200000,"y":241,"sc":"586"},{"x":1500393600000,"y":241,"sc":"589"},{"x":1500480000000,"y":255,"sc":"589"},{"x":1500566400000,"y":271,"sc":"593"},{"x":1500825600000,"y":297,"sc":"593"},{"x":1500912000000,"y":310,"sc":"593"},{"x":1500998400000,"y":314,"sc":"594"},{"x":1501084800000,"y":322,"sc":"594"},{"x":1501171200000,"y":328,"sc":"594"},{"x":1501430400000,"y":315,"sc":"594"},{"x":1501516800000,"y":346,"sc":"594"},{"x":1501603200000,"y":354,"sc":"594"},{"x":1501689600000,"y":358,"sc":"594"},{"x":1501776000000,"y":368,"sc":"594"},{"x":1502035200000,"y":375,"sc":"596"},{"x":1502121600000,"y":381,"sc":"596"},{"x":1502208000000,"y":387,"sc":"596"},{"x":1502294400000,"y":390,"sc":"596"},{"x":1502380800000,"y":400,"sc":"596"},{"x":1502640000000,"y":417,"sc":"596"},{"x":1502726400000,"y":427,"sc":"596"},{"x":1502812800000,"y":430,"sc":"596"},{"x":1502899200000,"y":434,"sc":"596"},{"x":1502985600000,"y":439,"sc":"596"},{"x":1503244800000,"y":451,"sc":"597"},{"x":1503331200000,"y":455,"sc":"597"},{"x":1503417600000,"y":458,"sc":"597"},{"x":1503504000000,"y":464,"sc":"596"},{"x":1503590400000,"y":470,"sc":"596"},{"x":1503849600000,"y":474,"sc":"600"},{"x":1503936000000,"y":481,"sc":"600"},{"x":1504022400000,"y":495,"sc":"600"},{"x":1504108800000,"y":513,"sc":"601"},{"x":1504195200000,"y":519,"sc":"601"},{"x":1504454400000,"y":530,"sc":"601"},{"x":1504540800000,"y":530,"sc":"601"},{"x":1504627200000,"y":530,"sc":"601"},{"x":1504713600000,"y":532,"sc":"601"},{"x":1504800000000,"y":534,"sc":"601"},{"x":1505059200000,"y":537,"sc":"603"},{"x":1505145600000,"y":538,"sc":"603"},{"x":1505232000000,"y":540,"sc":"603"},{"x":1505318400000,"y":542,"sc":"605"},{"x":1505404800000,"y":542,"sc":"605"},{"x":1505664000000,"y":543,"sc":"606"},{"x":1505750400000,"y":545,"sc":"606"},{"x":1505836800000,"y":539,"sc":"603"},{"x":1505923200000,"y":539,"sc":"603"},{"x":1506009600000,"y":539,"sc":"603"},{"x":1506268800000,"y":544,"sc":"603"},{"x":1506355200000,"y":545,"sc":"603"},{"x":1506441600000,"y":545,"sc":"604"},{"x":1506528000000,"y":546,"sc":"604"},{"x":1506614400000,"y":547,"sc":"606"},{"x":1507478400000,"y":559,"sc":"606"},{"x":1507564800000,"y":560,"sc":"607"},{"x":1507651200000,"y":561,"sc":"607"},{"x":1507737600000,"y":563,"sc":"611"},{"x":1507824000000,"y":563,"sc":"611"},{"x":1508083200000,"y":560,"sc":"612"},{"x":1508169600000,"y":560,"sc":"612"},{"x":1508256000000,"y":559,"sc":"611"},{"x":1508342400000,"y":560,"sc":"611"},{"x":1508428800000,"y":560,"sc":"611"},{"x":1508688000000,"y":554,"sc":"606"},{"x":1508774400000,"y":552,"sc":"606"},{"x":1508860800000,"y":552,"sc":"607"},{"x":1508947200000,"y":552,"sc":"607"},{"x":1509033600000,"y":550,"sc":"607"},{"x":1509292800000,"y":552,"sc":"609"},{"x":1509379200000,"y":553,"sc":"610"},{"x":1509465600000,"y":553,"sc":"610"},{"x":1509552000000,"y":552,"sc":"613"},{"x":1509638400000,"y":552,"sc":"617"},{"x":1509897600000,"y":549,"sc":"621"},{"x":1509984000000,"y":543,"sc":"621"},{"x":1510070400000,"y":538,"sc":"621"},{"x":1510156800000,"y":537,"sc":"623"},{"x":1510243200000,"y":538,"sc":"623"},{"x":1510502400000,"y":534,"sc":"633"},{"x":1510588800000,"y":532,"sc":"635"},{"x":1510675200000,"y":524,"sc":"635"},{"x":1510761600000,"y":520,"sc":"635"},{"x":1510848000000,"y":526,"sc":"636"},{"x":1511107200000,"y":515,"sc":"636"},{"x":1511193600000,"y":518,"sc":"636"},{"x":1511280000000,"y":515,"sc":"636"},{"x":1511366400000,"y":509,"sc":"636"},{"x":1511452800000,"y":505,"sc":"637"},{"x":1511712000000,"y":493,"sc":"640"},{"x":1511798400000,"y":494,"sc":"640"},{"x":1511884800000,"y":489,"sc":"640"},{"x":1511971200000,"y":469,"sc":"641"},{"x":1512057600000,"y":463,"sc":"643"},{"x":1512316800000,"y":447,"sc":"643"},{"x":1512403200000,"y":441,"sc":"643"},{"x":1512489600000,"y":436,"sc":"643"},{"x":1512576000000,"y":438,"sc":"644"},{"x":1512662400000,"y":437,"sc":"652"},{"x":1512921600000,"y":433,"sc":"652"},{"x":1513008000000,"y":433,"sc":"653"},{"x":1513094400000,"y":431,"sc":"653"},{"x":1513180800000,"y":427,"sc":"654"},{"x":1513267200000,"y":425,"sc":"656"},{"x":1513526400000,"y":421,"sc":"656"},{"x":1513612800000,"y":420,"sc":"656"},{"x":1513699200000,"y":415,"sc":"656"},{"x":1513785600000,"y":409,"sc":"655"},{"x":1513872000000,"y":405,"sc":"655"},{"x":1514131200000,"y":399,"sc":"655"},{"x":1514217600000,"y":396,"sc":"655"},{"x":1514304000000,"y":396,"sc":"654"},{"x":1514390400000,"y":397,"sc":"655"},{"x":1514476800000,"y":402,"sc":"655"},{"x":1514822400000,"y":389,"sc":"655"},{"x":1514908800000,"y":380,"sc":"655"},{"x":1514995200000,"y":364,"sc":"655"},{"x":1515081600000,"y":351,"sc":"655"},{"x":1515340800000,"y":414,"sc":"655"},{"x":1515427200000,"y":414,"sc":"655"},{"x":1515513600000,"y":408,"sc":"656"},{"x":1515600000000,"y":406,"sc":"657"},{"x":1515686400000,"y":401,"sc":"657"},{"x":1515945600000,"y":384,"sc":"657"},{"x":1516032000000,"y":377,"sc":"657"},{"x":1516118400000,"y":395,"sc":"657"},{"x":1516204800000,"y":398,"sc":"657"},{"x":1516291200000,"y":378,"sc":"657"},{"x":1516550400000,"y":365,"sc":"657"},{"x":1516636800000,"y":365,"sc":"657"},{"x":1516723200000,"y":365,"sc":"657"},{"x":1516809600000,"y":364,"sc":"657"},{"x":1516896000000,"y":365,"sc":"655"},{"x":1517155200000,"y":380,"sc":"656"},{"x":1517241600000,"y":352,"sc":"656"},{"x":1517328000000,"y":352,"sc":"656"},{"x":1517414400000,"y":352,"sc":"656"},{"x":1517500800000,"y":353,"sc":"656"},{"x":1517760000000,"y":353,"sc":"656"},{"x":1517846400000,"y":359,"sc":"656"}];
/*百分比排名*/
var Data_rateInSimilarPersent = [[1486656000000,22.2700],[1486915200000,25.6000],[1487001600000,25.8100],[1487088000000,25.8100],[1487174400000,26.6100],[1487260800000,27.0200],[1487520000000,29.2300],[1487606400000,31.2500],[1487692800000,30.8500],[1487779200000,31.1200],[1487865600000,31.4000],[1488124800000,30.8200],[1488211200000,33.00],[1488297600000,33.00],[1488384000000,34.0500],[1488470400000,35.6200],[1488729600000,36.2600],[1488816000000,36.5000],[1488902400000,36.0500],[1488988800000,35.9100],[1489075200000,37.0700],[1489334400000,36.8700],[1489420800000,36.6800],[1489507200000,36.2900],[1489593600000,36.7300],[1489680000000,37.5000],[1489939200000,38.1200],[1490025600000,37.9300],[1490112000000,39.3100],[1490198400000,41.1300],[1490284800000,42.4500],[1490544000000,44.5700],[1490630400000,43.9300],[1490716800000,43.7400],[1490803200000,44.0500],[1490889600000,43.6800],[1491321600000,44.6100],[1491408000000,46.6700],[1491494400000,48.3300],[1491753600000,48.7000],[1491840000000,51.8500],[1491926400000,51.6700],[1492012800000,52.1300],[1492099200000,54.3400],[1492358400000,59.8500],[1492444800000,59.3000],[1492531200000,59.3000],[1492617600000,60.3700],[1492704000000,62.5700],[1492963200000,64.5900],[1493049600000,65.2700],[1493136000000,65.9400],[1493222400000,66.8500],[1493308800000,68.4900],[1493654400000,65.7600],[1493740800000,66.00],[1493827200000,67.0900],[1493913600000,66.1800],[1494172800000,66.7300],[1494259200000,66.9100],[1494345600000,66.9100],[1494432000000,68.5500],[1494518400000,67.0900],[1494777600000,68.5900],[1494864000000,69.2400],[1494950400000,69.1100],[1495036800000,70.3600],[1495123200000,69.8200],[1495382400000,70.7100],[1495468800000,70.8200],[1495555200000,71.9900],[1495641600000,73.0500],[1495728000000,73.0500],[1496160000000,74.1100],[1496246400000,74.2900],[1496332800000,74.8200],[1496592000000,75.9700],[1496678400000,76.5000],[1496764800000,77.0300],[1496851200000,77.7400],[1496937600000,78.4500],[1497196800000,78.9200],[1497283200000,79.7900],[1497369600000,80.00],[1497456000000,80.7000],[1497542400000,80.3500],[1497801600000,81.6300],[1497888000000,80.7600],[1497974400000,80.5200],[1498060800000,80.7000],[1498147200000,79.8600],[1498406400000,79.1000],[1498492800000,78.7600],[1498579200000,78.2400],[1498665600000,77.8900],[1498752000000,75.9500],[1499011200000,80.0700],[1499097600000,73.0200],[1499184000000,71.7000],[1499270400000,71.0100],[1499356800000,70.3300],[1499616000000,66.3800],[1499702400000,66.5500],[1499788800000,67.0700],[1499875200000,64.3200],[1499961600000,61.7700],[1500220800000,58.8700],[1500307200000,58.8700],[1500393600000,59.0800],[1500480000000,56.7100],[1500566400000,54.3000],[1500825600000,49.9200],[1500912000000,47.7200],[1500998400000,47.1400],[1501084800000,45.7900],[1501171200000,44.7800],[1501430400000,46.9700],[1501516800000,41.7500],[1501603200000,40.4000],[1501689600000,39.7300],[1501776000000,38.0500],[1502035200000,37.0800],[1502121600000,36.0700],[1502208000000,35.0700],[1502294400000,34.5600],[1502380800000,32.8900],[1502640000000,30.0300],[1502726400000,28.3600],[1502812800000,27.8500],[1502899200000,27.1800],[1502985600000,26.3400],[1503244800000,24.4600],[1503331200000,23.7900],[1503417600000,23.2800],[1503504000000,22.1500],[1503590400000,21.1400],[1503849600000,21.00],[1503936000000,19.8300],[1504022400000,17.5000],[1504108800000,14.6400],[1504195200000,13.6400],[1504454400000,11.8100],[1504540800000,11.8100],[1504627200000,11.8100],[1504713600000,11.4800],[1504800000000,11.1500],[1505059200000,10.9500],[1505145600000,10.7800],[1505232000000,10.4500],[1505318400000,10.4100],[1505404800000,10.4100],[1505664000000,10.4000],[1505750400000,10.0700],[1505836800000,10.6100],[1505923200000,10.6100],[1506009600000,10.6100],[1506268800000,9.7800],[1506355200000,9.6200],[1506441600000,9.7700],[1506528000000,9.6000],[1506614400000,9.7400],[1507478400000,7.7600],[1507564800000,7.7400],[1507651200000,7.5800],[1507737600000,7.8600],[1507824000000,7.8600],[1508083200000,8.5000],[1508169600000,8.5000],[1508256000000,8.5100],[1508342400000,8.3500],[1508428800000,8.3500],[1508688000000,8.5800],[1508774400000,8.9100],[1508860800000,9.0600],[1508947200000,9.0600],[1509033600000,9.3900],[1509292800000,9.3600],[1509379200000,9.3400],[1509465600000,9.3400],[1509552000000,9.9500],[1509638400000,10.5300],[1509897600000,11.5900],[1509984000000,12.5600],[1510070400000,13.3700],[1510156800000,13.8000],[1510243200000,13.6400],[1510502400000,15.6400],[1510588800000,16.2200],[1510675200000,17.4800],[1510761600000,18.1100],[1510848000000,17.3000],[1511107200000,19.0300],[1511193600000,18.5500],[1511280000000,19.0300],[1511366400000,19.9700],[1511452800000,20.7200],[1511712000000,22.9700],[1511798400000,22.8100],[1511884800000,23.5900],[1511971200000,26.8300],[1512057600000,27.9900],[1512316800000,30.4800],[1512403200000,31.4200],[1512489600000,32.1900],[1512576000000,31.9900],[1512662400000,32.9800],[1512921600000,33.5900],[1513008000000,33.6900],[1513094400000,34.00],[1513180800000,34.7100],[1513267200000,35.2100],[1513526400000,35.8200],[1513612800000,35.9800],[1513699200000,36.7400],[1513785600000,37.5600],[1513872000000,38.1700],[1514131200000,39.0800],[1514217600000,39.5400],[1514304000000,39.4500],[1514390400000,39.3900],[1514476800000,38.6300],[1514822400000,40.6100],[1514908800000,41.9800],[1514995200000,44.4300],[1515081600000,46.4100],[1515340800000,36.7900],[1515427200000,36.7900],[1515513600000,37.8000],[1515600000000,38.2000],[1515686400000,38.9600],[1515945600000,41.5500],[1516032000000,42.6200],[1516118400000,39.8800],[1516204800000,39.4200],[1516291200000,42.4700],[1516550400000,44.4400],[1516636800000,44.4400],[1516723200000,44.4400],[1516809600000,44.6000],[1516896000000,44.2700],[1517155200000,42.0700],[1517241600000,46.3400],[1517328000000,46.3400],[1517414400000,46.3400],[1517500800000,46.1900],[1517760000000,46.1900],[1517846400000,45.2700]];
/*规模变动*/
var Data_fluctuationScale = {"categories":["2016-12-31","2017-03-31","2017-06-30","2017-09-30","2017-12-31"],"series":[{"y":0.95,"mom":"-52.30%"},{"y":2.01,"mom":"111.01%"},{"y":3.04,"mom":"51.21%"},{"y":2.56,"mom":"-15.92%"},{"y":2.89,"mom":"12.76%"}]};;
/*持有人结构*/
var Data_holderStructure = {"series":[{"name":"机构持有比例","data":[100.0]},{"name":"个人持有比例","data":[0.0]},{"name":"内部持有比例","data":[0.0]}],"categories":["2017-06-30"]};
/*申购赎回*/
var Data_assetAllocation ={"series":[{"name":"期间申购","data":[1.06,2.53,0.02,0.33]},{"name":"期间赎回","data":[0.00,1.50,0.51,0.00]},{"name":"总份额","data":[2.01,3.04,2.56,2.89]}],"categories":["2017-03-31","2017-06-30","2017-09-30","2017-12-31"]};
/*现任基金经理*/
var Data_currentFundManager = [{"id":"30484796","pic":"https://pdf.dfcfw.com/pdf/H8_JPG30484796_1.jpg","name":"刘大巍","star":3,"workTime":"1年又174天","fundSize":"216.09亿(19只基金)","power":{"avr":"55.30","categories":["经验值","收益率","抗风险","稳定性","管理规模"],"dsc":["反映基金经理从业年限和管理基金的经验","根据基金经理投资的阶段收益评分，反映\u003cbr\u003e基金经理投资的盈利能力","反映基金经理投资的回撤控制能力","反映基金经理投资收益的波动","根据基金经理现任管理基金资产规模评分"],"data":[29.40,31.60,69.90,76.20,79.80],"jzrq":"2018-02-06"},"profit":{"categories":["任期收益","同类平均"],"series":[{"data":[{"name":null,"color":"#7cb5ec","y":1.1087},{"name":null,"color":"#414c7b","y":1.1}]}],"jzrq":"2018-02-06"}}] ;
/*同类型基金涨幅榜（页面底部通栏）*/
var swithSameType = [['002895_华夏天利货币B_5.8750','002894_华夏天利货币A_5.6210','004398_融通现金宝货币B_5.3370','000902_国开货币B_5.3360','001478_泰康薪意保货币B_5.1400'],['002895_华夏天利货币B_5.26','004973_长城收益宝货币B_5.08','004904_人保货币B_5.05','002884_华润元大现金通货币B_5.01','002894_华夏天利货币A_5.01'],['004973_长城收益宝货币B_5.05','004770_海富通添益货币A_4.99','002884_华润元大现金通货币B_4.99','005151_红土创新优淳货币B_4.90','002895_华夏天利货币B_4.89'],['004770_海富通添益货币A_5.39','004973_长城收益宝货币B_5.13','002884_华润元大现金通货币B_5.03','002895_华夏天利货币B_5.03','004398_融通现金宝货币B_5.01'],['003679_中融现金增利货币C_4.67','003474_南方天天利货币B_4.55','000836_国投瑞银钱多宝货币A_4.52','000837_国投瑞银钱多宝货币I_4.52','003753_工银如意货币B_4.51']];