/**
 * 测试数据
 * @type {arry}
 */
/*2018-02-07 16:10:24*/
//基金或股票信息
var fS_name = "工银财富货币B";
var fS_code = "002722";
var fund_minsg="";
var ishb=true;
/*原费率*/
var fund_sourceRate="0";
/*现费率*/
var fund_Rate="0";
/*最小申购金额*/
var fund_minsg="";
/*收益率*/
/*近一年收益率*/
var syl_1n="3.9146";
/*近6月收益率*/
var syl_6y="2.0141";
/*近三月收益率*/
var syl_3y="1.0345";
/*近一月收益率*/
var syl_1y="0.3439";
/* 基金收益走势图 每万份收益*/
var Data_millionCopiesIncome = [[1462464000000,0.8879],[1462550400000,0.7202],[1462636800000,0.7202],[1462723200000,0.7344],[1462809600000,0.7592],[1462896000000,0.7647],[1462982400000,0.771],[1463068800000,0.7611],[1463155200000,0.7602],[1463241600000,0.7601],[1463328000000,0.7486],[1463414400000,0.7342],[1463500800000,0.7355],[1463587200000,0.8182],[1463673600000,0.7839],[1463760000000,0.7865],[1463846400000,0.7865],[1463932800000,0.7655],[1464019200000,0.7914],[1464105600000,0.7887],[1464192000000,0.7875],[1464278400000,0.806],[1464364800000,0.7948],[1464451200000,0.7866],[1464537600000,0.7908],[1464624000000,0.7866],[1464710400000,0.7948],[1464796800000,0.788],[1464883200000,0.787],[1464969600000,0.7861],[1465056000000,0.786],[1465142400000,0.7958],[1465228800000,0.7703],[1465315200000,0.7695],[1465401600000,0.7665],[1465488000000,0.7665],[1465574400000,0.7664],[1465660800000,0.7663],[1465747200000,0.97],[1465833600000,0.7786],[1465920000000,0.7847],[1466006400000,0.7635],[1466092800000,0.7807],[1466179200000,0.7739],[1466265600000,0.7738],[1466352000000,0.7805],[1466438400000,0.7745],[1466524800000,0.7728],[1466611200000,0.7709],[1466697600000,0.7767],[1466784000000,0.7759],[1466870400000,0.7759],[1466956800000,0.7751],[1467043200000,0.7823],[1467129600000,0.7892],[1467216000000,0.7866],[1467302400000,0.776],[1467388800000,0.7776],[1467475200000,0.7776],[1467561600000,0.7765],[1467648000000,0.7468],[1467734400000,0.7825],[1467820800000,0.7776],[1467907200000,0.7172],[1467993600000,0.7024],[1468080000000,0.7024],[1468166400000,0.7018],[1468252800000,0.749],[1468339200000,0.746],[1468425600000,0.7415],[1468512000000,0.7473],[1468598400000,0.7402],[1468684800000,0.7402],[1468771200000,0.7409],[1468857600000,0.7388],[1468944000000,0.7405],[1469030400000,0.7385],[1469116800000,0.7337],[1469203200000,0.7332],[1469289600000,0.7331],[1469376000000,0.7369],[1469462400000,0.7331],[1469548800000,0.8117],[1469635200000,0.7527],[1469721600000,0.7532],[1469808000000,0.7552],[1469894400000,0.7552],[1469980800000,0.7514],[1470067200000,0.7553],[1470153600000,0.7466],[1470240000000,0.739],[1470326400000,0.7328],[1470412800000,0.7329],[1470499200000,0.7329],[1470585600000,0.7335],[1470672000000,0.7311],[1470758400000,0.7298],[1470844800000,0.7556],[1470931200000,0.7379],[1471017600000,0.7377],[1471104000000,0.7377],[1471190400000,0.7255],[1471276800000,0.7273],[1471363200000,0.7351],[1471449600000,0.7369],[1471536000000,0.7197],[1471622400000,0.7116],[1471708800000,0.7116],[1471795200000,0.727],[1471881600000,0.7214],[1471968000000,0.7792],[1472054400000,0.7207],[1472140800000,0.7203],[1472227200000,0.7212],[1472313600000,0.7211],[1472400000000,0.7167],[1472486400000,0.7231],[1472572800000,0.7402],[1472659200000,0.7395],[1472745600000,0.7241],[1472832000000,0.7277],[1472918400000,0.7277],[1473004800000,0.7278],[1473091200000,0.726],[1473177600000,0.728],[1473264000000,0.7219],[1473350400000,0.7209],[1473436800000,0.7191],[1473523200000,0.7191],[1473609600000,0.7089],[1473696000000,0.7165],[1473782400000,0.7128],[1473868800000,0.7225],[1473955200000,0.7225],[1474041600000,0.7224],[1474128000000,0.7439],[1474214400000,0.7273],[1474300800000,0.9333],[1474387200000,0.8016],[1474473600000,0.9894],[1474560000000,0.9545],[1474646400000,0.7868],[1474732800000,0.7867],[1474819200000,0.7976],[1474905600000,0.8178],[1474992000000,0.8324],[1475078400000,0.8252],[1475164800000,0.8196],[1475251200000,0.8132],[1475337600000,0.8131],[1475424000000,0.8131],[1475510400000,0.813],[1475596800000,0.8129],[1475683200000,0.8129],[1475769600000,0.8128],[1475856000000,0.8127],[1475942400000,0.8127],[1476028800000,0.8062],[1476115200000,0.7691],[1476201600000,0.7475],[1476288000000,0.7407],[1476374400000,0.728],[1476460800000,0.7191],[1476547200000,0.7191],[1476633600000,0.7261],[1476720000000,0.7377],[1476806400000,0.7305],[1476892800000,0.7176],[1476979200000,0.7365],[1477065600000,0.7365],[1477152000000,0.7364],[1477238400000,0.7405],[1477324800000,0.7314],[1477411200000,0.7646],[1477497600000,0.7499],[1477584000000,0.7562],[1477670400000,0.7619],[1477756800000,0.7619],[1477843200000,0.772],[1477929600000,0.7534],[1478016000000,0.7521],[1478102400000,0.7773],[1478188800000,0.8921],[1478275200000,0.7557],[1478361600000,0.7556],[1478448000000,0.749],[1478534400000,0.7449],[1478620800000,0.7211],[1478707200000,0.7015],[1478793600000,0.7227],[1478880000000,0.7167],[1478966400000,0.7166],[1479052800000,0.7154],[1479139200000,0.7247],[1479225600000,0.7337],[1479312000000,0.7345],[1479398400000,0.7614],[1479484800000,0.7417],[1479571200000,0.7416],[1479657600000,0.7443],[1479744000000,0.7484],[1479830400000,0.767],[1479916800000,0.7674],[1480003200000,0.7826],[1480089600000,0.7512],[1480176000000,0.7512],[1480262400000,0.745],[1480348800000,0.7655],[1480435200000,0.7538],[1480521600000,0.7646],[1480608000000,0.7506],[1480694400000,0.7563],[1480780800000,0.7562],[1480867200000,0.7503],[1480953600000,0.7292],[1481040000000,0.7334],[1481126400000,0.7517],[1481212800000,0.7191],[1481299200000,0.7184],[1481385600000,0.7183],[1481472000000,0.7109],[1481558400000,0.7214],[1481644800000,0.709],[1481731200000,0.6844],[1481817600000,0.8699],[1481904000000,0.8614],[1481990400000,0.8613],[1482076800000,0.7069],[1482163200000,0.7449],[1482249600000,0.7259],[1482336000000,0.8118],[1482422400000,0.9773],[1482508800000,0.9688],[1482595200000,0.9687],[1482681600000,1.0699],[1482768000000,1.0963],[1482854400000,1.2273],[1482940800000,1.1185],[1483027200000,1.1662],[1483113600000,1.1433],[1483200000000,1.1431],[1483286400000,1.143],[1483372800000,1.1618],[1483459200000,1.154],[1483545600000,1.0628],[1483632000000,0.9371],[1483718400000,0.9269],[1483804800000,0.9268],[1483891200000,0.8604],[1483977600000,0.8524],[1484064000000,0.8226],[1484150400000,0.7684],[1484236800000,0.6847],[1484323200000,0.6733],[1484409600000,0.6733],[1484496000000,0.6496],[1484582400000,0.706],[1484668800000,0.7887],[1484755200000,0.8727],[1484841600000,0.9771],[1484928000000,1.0397],[1485014400000,1.0396],[1485100800000,0.9862],[1485187200000,1.0646],[1485273600000,1.0063],[1485360000000,0.958],[1485446400000,0.9651],[1485532800000,0.9651],[1485619200000,0.965],[1485705600000,0.9649],[1485792000000,0.9648],[1485878400000,0.9647],[1485964800000,0.9646],[1486051200000,0.9896],[1486137600000,0.9875],[1486224000000,0.9874],[1486310400000,1.0269],[1486396800000,0.9278],[1486483200000,0.9719],[1486569600000,0.9083],[1486656000000,0.8897],[1486742400000,0.9511],[1486828800000,0.951],[1486915200000,0.8863],[1487001600000,0.8546],[1487088000000,0.8937],[1487174400000,0.943],[1487260800000,0.9587],[1487347200000,0.983],[1487433600000,0.9797],[1487520000000,1.0446],[1487606400000,0.9916],[1487692800000,1.0241],[1487779200000,1.0124],[1487865600000,1.0179],[1487952000000,1.0138],[1488038400000,1.0137],[1488124800000,0.8968],[1488211200000,0.9917],[1488297600000,0.9948],[1488384000000,0.8561],[1488470400000,0.9834],[1488556800000,0.9819],[1488643200000,0.9803],[1488729600000,0.8579],[1488816000000,0.8575],[1488902400000,0.9561],[1488988800000,0.9558],[1489075200000,0.9208],[1489161600000,0.9219],[1489248000000,0.9219],[1489334400000,0.8807],[1489420800000,0.8547],[1489507200000,0.864],[1489593600000,0.8924],[1489680000000,0.9585],[1489766400000,0.9594],[1489852800000,0.9594],[1489939200000,1.0155],[1490025600000,1.1513],[1490112000000,1.0089],[1490198400000,1.109],[1490284800000,1.036],[1490371200000,1.1148],[1490457600000,1.0984],[1490544000000,1.0845],[1490630400000,1.3331],[1490716800000,1.115],[1490803200000,1.1815],[1490889600000,1.594],[1490976000000,1.1538],[1491062400000,1.1537],[1491148800000,1.1535],[1491235200000,1.1534],[1491321600000,1.1769],[1491408000000,1.1386],[1491494400000,1.0172],[1491580800000,1.0115],[1491667200000,1.0104],[1491753600000,0.9735],[1491840000000,0.9073],[1491926400000,0.7928],[1492012800000,0.8787],[1492099200000,0.7787],[1492185600000,0.977],[1492272000000,0.9769],[1492358400000,0.984],[1492444800000,0.9863],[1492531200000,0.9983],[1492617600000,1.0022],[1492704000000,1.01],[1492790400000,1.0109],[1492876800000,1.0108],[1492963200000,0.952],[1493049600000,0.9758],[1493136000000,0.9768],[1493222400000,0.9687],[1493308800000,0.9872],[1493395200000,1.0182],[1493481600000,1.0181],[1493568000000,1.0181],[1493654400000,1.0419],[1493740800000,1.0484],[1493827200000,1.0432],[1493913600000,1.0382],[1494000000000,1.0427],[1494086400000,1.0426],[1494172800000,1.109],[1494259200000,1.0307],[1494345600000,1.0344],[1494432000000,1.0211],[1494518400000,1.0096],[1494604800000,1.0124],[1494691200000,1.0123],[1494777600000,1.0528],[1494864000000,0.9963],[1494950400000,0.9907],[1495036800000,0.9935],[1495123200000,0.9863],[1495209600000,0.9961],[1495296000000,0.9961],[1495382400000,1.0076],[1495468800000,0.991],[1495555200000,0.9944],[1495641600000,1.0129],[1495728000000,1.0472],[1495814400000,1.0445],[1495900800000,0.9883],[1495987200000,0.9876],[1496073600000,0.9876],[1496160000000,1.0357],[1496246400000,1.0419],[1496332800000,1.0269],[1496419200000,1.024],[1496505600000,1.0239],[1496592000000,1.0264],[1496678400000,1.0349],[1496764800000,1.0187],[1496851200000,1.0165],[1496937600000,0.9904],[1497024000000,0.99],[1497110400000,0.9899],[1497196800000,0.9723],[1497283200000,0.99],[1497369600000,0.9854],[1497456000000,1.1876],[1497542400000,1.0144],[1497628800000,1.0017],[1497715200000,1.0016],[1497801600000,0.99],[1497888000000,1.001],[1497974400000,0.9191],[1498060800000,1.0184],[1498147200000,1.0416],[1498233600000,1.0456],[1498320000000,1.0455],[1498406400000,0.9615],[1498492800000,0.9128],[1498579200000,0.933],[1498665600000,2.6969],[1498752000000,1.1802],[1498838400000,1.1846],[1498924800000,1.1845],[1499011200000,1.065],[1499097600000,1.033],[1499184000000,0.995],[1499270400000,0.9294],[1499356800000,0.95009999999999994],[1499443200000,0.9387],[1499529600000,0.9335],[1499616000000,0.9237],[1499702400000,0.9393],[1499788800000,0.9517],[1499875200000,0.9684],[1499961600000,0.9693],[1500048000000,0.97],[1500134400000,0.968],[1500220800000,0.9607],[1500307200000,1.8777],[1500393600000,1.0897],[1500480000000,1.056],[1500566400000,1.0261],[1500652800000,1.0263],[1500739200000,1.0262],[1500825600000,1.0084],[1500912000000,1.0243],[1500998400000,1.0599],[1501084800000,1.0435],[1501171200000,1.0462],[1501257600000,1.0461],[1501344000000,1.046],[1501430400000,1.0199],[1501516800000,1.0307],[1501603200000,1.0103],[1501689600000,0.9906],[1501776000000,0.9865],[1501862400000,0.9822],[1501948800000,0.9822],[1502035200000,0.9868],[1502121600000,1.0325],[1502208000000,0.9721],[1502294400000,0.8863],[1502380800000,0.9125],[1502467200000,0.9552],[1502553600000,0.9552],[1502640000000,0.8366],[1502726400000,0.9631],[1502812800000,0.9651],[1502899200000,1.0374],[1502985600000,1.0528],[1503072000000,0.9668],[1503158400000,0.9668],[1503244800000,1.2463],[1503331200000,1.1021],[1503417600000,1.0874],[1503504000000,1.0471],[1503590400000,1.0597],[1503676800000,1.0595],[1503763200000,1.0595],[1503849600000,1.055],[1503936000000,1.0093],[1504022400000,1.0148],[1504108800000,1.0185],[1504195200000,1.0554],[1504281600000,1.0197],[1504368000000,1.0196],[1504454400000,1.0536],[1504540800000,1.0062],[1504627200000,0.9155],[1504713600000,0.9801],[1504800000000,0.969],[1504886400000,0.9599],[1504972800000,0.9599],[1505059200000,1.0066],[1505145600000,1.0892],[1505232000000,1.0131],[1505318400000,1.0139],[1505404800000,1.0281],[1505491200000,1.0004],[1505577600000,1.0004],[1505664000000,1.0166],[1505750400000,0.9997],[1505836800000,1.0484],[1505923200000,1.0303],[1506009600000,1.0572],[1506096000000,1.0608],[1506182400000,1.0348],[1506268800000,1.0163],[1506355200000,1.0451],[1506441600000,1.1498],[1506528000000,1.0538],[1506614400000,1.0702],[1506700800000,1.067],[1506787200000,1.0669],[1506873600000,1.0621],[1506960000000,1.0621],[1507046400000,1.0621],[1507132800000,1.0621],[1507219200000,1.062],[1507305600000,1.062],[1507392000000,1.062],[1507478400000,1.0691],[1507564800000,1.0732],[1507651200000,1.0768],[1507737600000,1.0732],[1507824000000,1.0788],[1507910400000,1.0535],[1507996800000,1.0535],[1508083200000,1.2175],[1508169600000,1.1174],[1508256000000,1.0351],[1508342400000,1.0434],[1508428800000,1.5536],[1508515200000,1.0749],[1508601600000,1.0749],[1508688000000,1.0773],[1508774400000,1.0613],[1508860800000,1.0595],[1508947200000,1.1022],[1509033600000,1.0902],[1509120000000,1.0856],[1509206400000,1.0855],[1509292800000,1.0918],[1509379200000,1.143],[1509465600000,1.11],[1509552000000,1.1215],[1509638400000,1.0908],[1509724800000,1.0883],[1509811200000,1.0882],[1509897600000,1.1158],[1509984000000,1.0043],[1510070400000,0.9925],[1510156800000,0.9776],[1510243200000,0.9966],[1510329600000,0.997],[1510416000000,0.9969],[1510502400000,0.9996],[1510588800000,1.0329],[1510675200000,1.0436],[1510761600000,1.0561],[1510848000000,1.0518],[1510934400000,1.0527],[1511020800000,1.0527],[1511107200000,1.1364],[1511193600000,1.0219],[1511280000000,1.0946],[1511366400000,1.0853],[1511452800000,1.1071],[1511539200000,1.1136],[1511625600000,1.1136],[1511712000000,1.0261],[1511798400000,1.0826],[1511884800000,1.0765],[1511971200000,1.0901],[1512057600000,1.1522],[1512144000000,1.1537],[1512230400000,1.1536],[1512316800000,1.1471],[1512403200000,1.1617],[1512489600000,1.2175],[1512576000000,1.1123],[1512662400000,1.0824],[1512748800000,1.0791],[1512835200000,1.079],[1512921600000,1.0367],[1513008000000,1.0722],[1513094400000,1.1096],[1513180800000,1.0704],[1513267200000,1.153],[1513353600000,1.1517],[1513440000000,1.1517],[1513526400000,1.1347],[1513612800000,1.1412],[1513699200000,1.069],[1513785600000,1.0947],[1513872000000,1.1864],[1513958400000,1.1936],[1514044800000,1.1936],[1514131200000,1.1139],[1514217600000,1.1345],[1514304000000,1.2037],[1514390400000,0.9648],[1514476800000,1.0095],[1514563200000,1.2518],[1514649600000,1.2517],[1514736000000,1.2528],[1514822400000,0.9761],[1514908800000,2.4429],[1514995200000,1.1517],[1515081600000,1.4172],[1515168000000,1.1217],[1515254400000,1.1216],[1515340800000,1.0859],[1515427200000,1.0789],[1515513600000,1.1443],[1515600000000,1.0809],[1515686400000,1.0794],[1515772800000,1.0716],[1515859200000,1.0716],[1515945600000,1.0255],[1516032000000,1.0777],[1516118400000,1.1265],[1516204800000,1.1218],[1516291200000,1.1225],[1516377600000,1.121],[1516464000000,1.1209],[1516550400000,1.1366],[1516636800000,1.1432],[1516723200000,1.1284],[1516809600000,1.1385],[1516896000000,1.1636],[1516982400000,1.1692],[1517068800000,1.1692],[1517155200000,1.1473],[1517241600000,1.2173],[1517328000000,1.0951],[1517414400000,1.0741],[1517500800000,1.0636],[1517587200000,1.0584],[1517673600000,1.0583],[1517760000000,1.0568],[1517846400000,1.0657]];
/*基金收益走势图   7日年化收益率*/
var Data_sevenDaysYearIncome = [[1462464000000,3.294],[1462550400000,2.978],[1462636800000,2.873],[1462723200000,2.261],[1462809600000,2.829],[1462896000000,2.829],[1462982400000,2.833],[1463068800000,2.765],[1463155200000,2.786],[1463241600000,2.808],[1463328000000,2.815],[1463414400000,2.802],[1463500800000,2.786],[1463587200000,2.812],[1463673600000,2.824],[1463760000000,2.838],[1463846400000,2.852],[1463932800000,2.861],[1464019200000,2.892],[1464105600000,2.92],[1464192000000,2.904],[1464278400000,2.916],[1464364800000,2.92],[1464451200000,2.92],[1464537600000,2.934],[1464624000000,2.931],[1464710400000,2.935],[1464796800000,2.935],[1464883200000,2.925],[1464969600000,2.92],[1465056000000,2.92],[1465142400000,2.922],[1465228800000,2.914],[1465315200000,2.9],[1465401600000,2.888],[1465488000000,2.877],[1465574400000,2.867],[1465660800000,2.856],[1465747200000,2.95],[1465833600000,2.954],[1465920000000,2.962],[1466006400000,2.961],[1466092800000,2.968],[1466179200000,2.972],[1466265600000,2.976],[1466352000000,2.875],[1466438400000,2.873],[1466524800000,2.866],[1466611200000,2.87],[1466697600000,2.868],[1466784000000,2.869],[1466870400000,2.87],[1466956800000,2.867],[1467043200000,2.871],[1467129600000,2.88],[1467216000000,2.889],[1467302400000,2.888],[1467388800000,2.889],[1467475200000,2.89],[1467561600000,2.891],[1467648000000,2.872],[1467734400000,2.868],[1467820800000,2.863],[1467907200000,2.832],[1467993600000,2.792],[1468080000000,2.751],[1468166400000,2.711],[1468252800000,2.712],[1468339200000,2.693],[1468425600000,2.674],[1468512000000,2.69],[1468598400000,2.71],[1468684800000,2.73],[1468771200000,2.751],[1468857600000,2.746],[1468944000000,2.743],[1469030400000,2.741],[1469116800000,2.734],[1469203200000,2.73],[1469289600000,2.726],[1469376000000,2.724],[1469462400000,2.721],[1469548800000,2.759],[1469635200000,2.767],[1469721600000,2.777],[1469808000000,2.789],[1469894400000,2.801],[1469980800000,2.809],[1470067200000,2.821],[1470153600000,2.786],[1470240000000,2.778],[1470326400000,2.767],[1470412800000,2.755],[1470499200000,2.744],[1470585600000,2.734],[1470672000000,2.721],[1470758400000,2.712],[1470844800000,2.721],[1470931200000,2.724],[1471017600000,2.726],[1471104000000,2.729],[1471190400000,2.724],[1471276800000,2.722],[1471363200000,2.725],[1471449600000,2.715],[1471536000000,2.706],[1471622400000,2.692],[1471708800000,2.678],[1471795200000,2.678],[1471881600000,2.675],[1471968000000,2.699],[1472054400000,2.69],[1472140800000,2.69],[1472227200000,2.696],[1472313600000,2.701],[1472400000000,2.695],[1472486400000,2.696],[1472572800000,2.675],[1472659200000,2.685],[1472745600000,2.687],[1472832000000,2.691],[1472918400000,2.694],[1473004800000,2.7],[1473091200000,2.702],[1473177600000,2.695],[1473264000000,2.686],[1473350400000,2.684],[1473436800000,2.68],[1473523200000,2.675],[1473609600000,2.665],[1473696000000,2.66],[1473782400000,2.652],[1473868800000,2.652],[1473955200000,2.653],[1474041600000,2.655],[1474128000000,2.668],[1474214400000,2.678],[1474300800000,2.794],[1474387200000,2.841],[1474473600000,2.985],[1474560000000,3.109],[1474646400000,3.144],[1474732800000,3.167],[1474819200000,3.205],[1474905600000,3.143],[1474992000000,3.159],[1475078400000,3.071],[1475164800000,2.998],[1475251200000,3.013],[1475337600000,3.027],[1475424000000,3.035],[1475510400000,3.033],[1475596800000,3.022],[1475683200000,3.015],[1475769600000,3.012],[1475856000000,3.012],[1475942400000,3.011],[1476028800000,3.008],[1476115200000,2.984],[1476201600000,2.949],[1476288000000,2.91],[1476374400000,2.865],[1476460800000,2.814],[1476547200000,2.764],[1476633600000,2.721],[1476720000000,2.705],[1476806400000,2.696],[1476892800000,2.683],[1476979200000,2.688],[1477065600000,2.697],[1477152000000,2.706],[1477238400000,2.714],[1477324800000,2.711],[1477411200000,2.729],[1477497600000,2.746],[1477584000000,2.757],[1477670400000,2.77],[1477756800000,2.784],[1477843200000,2.801],[1477929600000,2.813],[1478016000000,2.806],[1478102400000,2.821],[1478188800000,2.894],[1478275200000,2.89],[1478361600000,2.887],[1478448000000,2.874],[1478534400000,2.87],[1478620800000,2.853],[1478707200000,2.813],[1478793600000,2.722],[1478880000000,2.701],[1478966400000,2.68],[1479052800000,2.662],[1479139200000,2.651],[1479225600000,2.658],[1479312000000,2.676],[1479398400000,2.696],[1479484800000,2.71],[1479571200000,2.723],[1479657600000,2.739],[1479744000000,2.751],[1479830400000,2.769],[1479916800000,2.787],[1480003200000,2.798],[1480089600000,2.803],[1480176000000,2.808],[1480262400000,2.809],[1480348800000,2.818],[1480435200000,2.811],[1480521600000,2.809],[1480608000000,2.792],[1480694400000,2.795],[1480780800000,2.798],[1480867200000,2.801],[1480953600000,2.781],[1481040000000,2.77],[1481126400000,2.763],[1481212800000,2.746],[1481299200000,2.726],[1481385600000,2.706],[1481472000000,2.685],[1481558400000,2.681],[1481644800000,2.667],[1481731200000,2.631],[1481817600000,2.712],[1481904000000,2.789],[1481990400000,2.865],[1482076800000,2.863],[1482163200000,2.876],[1482249600000,2.885],[1482336000000,2.953],[1482422400000,3.011],[1482508800000,3.069],[1482595200000,3.126],[1482681600000,3.322],[1482768000000,3.511],[1482854400000,3.782],[1482940800000,3.948],[1483027200000,4.051],[1483113600000,4.145],[1483200000000,4.24],[1483286400000,4.28],[1483372800000,4.316],[1483459200000,4.276],[1483545600000,4.245],[1483632000000,4.121],[1483718400000,4.004],[1483804800000,3.886],[1483891200000,3.733],[1483977600000,3.566],[1484064000000,3.387],[1484150400000,3.229],[1484236800000,3.093],[1484323200000,2.957],[1484409600000,2.821],[1484496000000,2.708],[1484582400000,2.63],[1484668800000,2.611],[1484755200000,2.667],[1484841600000,2.824],[1484928000000,3.02],[1485014400000,3.217],[1485100800000,3.399],[1485187200000,3.592],[1485273600000,3.71],[1485360000000,3.756],[1485446400000,3.749],[1485532800000,3.709],[1485619200000,3.669],[1485705600000,3.657],[1485792000000,3.603],[1485878400000,3.581],[1485964800000,3.584],[1486051200000,3.598],[1486137600000,3.61],[1486224000000,3.622],[1486310400000,3.655],[1486396800000,3.635],[1486483200000,3.639],[1486569600000,3.609],[1486656000000,3.555],[1486742400000,3.535],[1486828800000,3.516],[1486915200000,3.44],[1487001600000,3.4],[1487088000000,3.358],[1487174400000,3.377],[1487260800000,3.414],[1487347200000,3.431],[1487433600000,3.447],[1487520000000,3.532],[1487606400000,3.606],[1487692800000,3.677],[1487779200000,3.714],[1487865600000,3.746],[1487952000000,3.763],[1488038400000,3.781],[1488124800000,3.701],[1488211200000,3.701],[1488297600000,3.685],[1488384000000,3.601],[1488470400000,3.582],[1488556800000,3.565],[1488643200000,3.547],[1488729600000,3.526],[1488816000000,3.454],[1488902400000,3.433],[1488988800000,3.487],[1489075200000,3.453],[1489161600000,3.42],[1489248000000,3.389],[1489334400000,3.401],[1489420800000,3.4],[1489507200000,3.35],[1489593600000,3.316],[1489680000000,3.336],[1489766400000,3.356],[1489852800000,3.377],[1489939200000,3.449],[1490025600000,3.609],[1490112000000,3.688],[1490198400000,3.805],[1490284800000,3.847],[1490371200000,3.931],[1490457600000,4.006],[1490544000000,4.044],[1490630400000,4.142],[1490716800000,4.2],[1490803200000,4.239],[1490889600000,4.543],[1490976000000,4.564],[1491062400000,4.595],[1491148800000,4.632],[1491235200000,4.534],[1491321600000,4.568],[1491408000000,4.545],[1491494400000,4.231],[1491580800000,4.153],[1491667200000,4.076],[1491753600000,3.978],[1491840000000,3.845],[1491926400000,3.637],[1492012800000,3.497],[1492099200000,3.368],[1492185600000,3.349],[1492272000000,3.331],[1492358400000,3.337],[1492444800000,3.379],[1492531200000,3.49],[1492617600000,3.557],[1492704000000,3.682],[1492790400000,3.7],[1492876800000,3.719],[1492963200000,3.701],[1493049600000,3.696],[1493136000000,3.684],[1493222400000,3.666],[1493308800000,3.654],[1493395200000,3.658],[1493481600000,3.661],[1493568000000,3.697],[1493654400000,3.733],[1493740800000,3.772],[1493827200000,3.812],[1493913600000,3.84],[1494000000000,3.853],[1494086400000,3.866],[1494172800000,3.915],[1494259200000,3.909],[1494345600000,3.902],[1494432000000,3.89],[1494518400000,3.874],[1494604800000,3.858],[1494691200000,3.841],[1494777600000,3.811],[1494864000000,3.792],[1494950400000,3.769],[1495036800000,3.754],[1495123200000,3.741],[1495209600000,3.732],[1495296000000,3.724],[1495382400000,3.699],[1495468800000,3.696],[1495555200000,3.698],[1495641600000,3.709],[1495728000000,3.742],[1495814400000,3.768],[1495900800000,3.764],[1495987200000,3.753],[1496073600000,3.751],[1496160000000,3.773],[1496246400000,3.789],[1496332800000,3.778],[1496419200000,3.767],[1496505600000,3.786],[1496592000000,3.807],[1496678400000,3.833],[1496764800000,3.824],[1496851200000,3.81],[1496937600000,3.79],[1497024000000,3.772],[1497110400000,3.753],[1497196800000,3.724],[1497283200000,3.7],[1497369600000,3.682],[1497456000000,3.774],[1497542400000,3.787],[1497628800000,3.794],[1497715200000,3.8],[1497801600000,3.81],[1497888000000,3.816],[1497974400000,3.78],[1498060800000,3.688],[1498147200000,3.703],[1498233600000,3.727],[1498320000000,3.75],[1498406400000,3.735],[1498492800000,3.687],[1498579200000,3.695],[1498665600000,4.606],[1498752000000,4.682],[1498838400000,4.758],[1498924800000,4.834],[1499011200000,4.89],[1499097600000,4.956],[1499184000000,4.99],[1499270400000,4.027],[1499356800000,3.902],[1499443200000,3.769],[1499529600000,3.633],[1499616000000,3.557],[1499702400000,3.506],[1499788800000,3.483],[1499875200000,3.504],[1499961600000,3.514],[1500048000000,3.531],[1500134400000,3.55],[1500220800000,3.57],[1500307200000,4.078],[1500393600000,4.153],[1500480000000,4.2],[1500566400000,4.231],[1500652800000,4.262],[1500739200000,4.293],[1500825600000,4.319],[1500912000000,3.856],[1500998400000,3.84],[1501084800000,3.833],[1501171200000,3.844],[1501257600000,3.855],[1501344000000,3.866],[1501430400000,3.872],[1501516800000,3.875],[1501603200000,3.849],[1501689600000,3.82],[1501776000000,3.788],[1501862400000,3.753],[1501948800000,3.719],[1502035200000,3.701],[1502121600000,3.702],[1502208000000,3.681],[1502294400000,3.625],[1502380800000,3.585],[1502467200000,3.57],[1502553600000,3.555],[1502640000000,3.474],[1502726400000,3.437],[1502812800000,3.433],[1502899200000,3.515],[1502985600000,3.59],[1503072000000,3.597],[1503158400000,3.603],[1503244800000,3.825],[1503331200000,3.9],[1503417600000,3.966],[1503504000000,3.971],[1503590400000,3.975],[1503676800000,4.025],[1503763200000,4.076],[1503849600000,3.972],[1503936000000,3.922],[1504022400000,3.882],[1504108800000,3.867],[1504195200000,3.864],[1504281600000,3.843],[1504368000000,3.821],[1504454400000,3.821],[1504540800000,3.819],[1504627200000,3.765],[1504713600000,3.744],[1504800000000,3.698],[1504886400000,3.665],[1504972800000,3.633],[1505059200000,3.608],[1505145600000,3.652],[1505232000000,3.705],[1505318400000,3.724],[1505404800000,3.755],[1505491200000,3.777],[1505577600000,3.799],[1505664000000,3.805],[1505750400000,3.756],[1505836800000,3.775],[1505923200000,3.784],[1506009600000,3.8],[1506096000000,3.833],[1506182400000,3.851],[1506268800000,3.851],[1506355200000,3.876],[1506441600000,3.931],[1506528000000,3.943],[1506614400000,3.95],[1506700800000,3.954],[1506787200000,3.971],[1506873600000,3.996],[1506960000000,4.005],[1507046400000,3.958],[1507132800000,3.962],[1507219200000,3.958],[1507305600000,3.955],[1507392000000,3.952],[1507478400000,3.956],[1507564800000,3.962],[1507651200000,3.97],[1507737600000,3.976],[1507824000000,3.985],[1507910400000,3.981],[1507996800000,3.976],[1508083200000,4.057],[1508169600000,4.081],[1508256000000,4.058],[1508342400000,4.042],[1508428800000,4.3],[1508515200000,4.311],[1508601600000,4.323],[1508688000000,4.247],[1508774400000,4.216],[1508860800000,4.229],[1508947200000,4.261],[1509033600000,4.01],[1509120000000,4.016],[1509206400000,4.021],[1509292800000,4.029],[1509379200000,4.074],[1509465600000,4.101],[1509552000000,4.111],[1509638400000,4.112],[1509724800000,4.113],[1509811200000,4.115],[1509897600000,4.128],[1509984000000,4.052],[1510070400000,3.989],[1510156800000,3.911],[1510243200000,3.86],[1510329600000,3.81],[1510416000000,3.761],[1510502400000,3.698],[1510588800000,3.714],[1510675200000,3.741],[1510761600000,3.784],[1510848000000,3.813],[1510934400000,3.844],[1511020800000,3.874],[1511107200000,3.948],[1511193600000,3.942],[1511280000000,3.97],[1511366400000,3.985],[1511452800000,4.015],[1511539200000,4.048],[1511625600000,4.082],[1511712000000,4.022],[1511798400000,4.055],[1511884800000,4.045],[1511971200000,4.047],[1512057600000,4.072],[1512144000000,4.094],[1512230400000,4.115],[1512316800000,4.181],[1512403200000,4.224],[1512489600000,4.301],[1512576000000,4.313],[1512662400000,4.275],[1512748800000,4.234],[1512835200000,4.194],[1512921600000,4.134],[1513008000000,4.085],[1513094400000,4.027],[1513180800000,4.004],[1513267200000,4.042],[1513353600000,4.082],[1513440000000,4.121],[1513526400000,4.174],[1513612800000,4.212],[1513699200000,4.19],[1513785600000,4.203],[1513872000000,4.221],[1513958400000,4.244],[1514044800000,4.267],[1514131200000,4.255],[1514217600000,4.252],[1514304000000,4.325],[1514390400000,4.254],[1514476800000,4.158],[1514563200000,4.19],[1514649600000,4.221],[1514736000000,4.297],[1514822400000,4.211],[1514908800000,4.886],[1514995200000,4.988],[1515081600000,5.212],[1515168000000,5.14],[1515254400000,5.069],[1515340800000,4.978],[1515427200000,5.034],[1515513600000,4.325],[1515600000000,4.287],[1515686400000,4.103],[1515772800000,4.076],[1515859200000,4.049],[1515945600000,4.016],[1516032000000,4.016],[1516118400000,4.006],[1516204800000,4.028],[1516291200000,4.052],[1516377600000,4.078],[1516464000000,4.105],[1516550400000,4.165],[1516636800000,4.201],[1516723200000,4.202],[1516809600000,4.211],[1516896000000,4.233],[1516982400000,4.26],[1517068800000,4.286],[1517155200000,4.292],[1517241600000,4.332],[1517328000000,4.314],[1517414400000,4.279],[1517500800000,4.225],[1517587200000,4.164],[1517673600000,4.104],[1517760000000,4.055],[1517846400000,3.973]];
/*资产配置*/
var Data_assetAllocationCurrency ={"categories":["12-31","09-30","06-30","03-31"],"series":[{"name":"股票","data":[null,null,null,null]},{"name":"债券","data":[78.84,81.57,48.22,14.64]},{"name":"现金","data":[15.5,0.24,28.13,40.45]}]};
/*累计收益率走势*/
var Data_grandTotal = [{"name":"工银财富货币B","data":[[1501948800000,0],[1502035200000,0.01],[1502121600000,0.02],[1502208000000,0.03],[1502294400000,0.04],[1502380800000,0.05],[1502467200000,0.06],[1502553600000,0.07],[1502640000000,0.08],[1502726400000,0.08],[1502812800000,0.09],[1502899200000,0.11],[1502985600000,0.12],[1503072000000,0.13],[1503158400000,0.13],[1503244800000,0.15],[1503331200000,0.16],[1503417600000,0.17],[1503504000000,0.18],[1503590400000,0.19],[1503676800000,0.20],[1503763200000,0.21],[1503849600000,0.22],[1503936000000,0.23],[1504022400000,0.24],[1504108800000,0.25],[1504195200000,0.26],[1504281600000,0.27],[1504368000000,0.28],[1504454400000,0.29],[1504540800000,0.30],[1504627200000,0.31],[1504713600000,0.32],[1504800000000,0.33],[1504886400000,0.34],[1504972800000,0.35],[1505059200000,0.36],[1505145600000,0.37],[1505232000000,0.38],[1505318400000,0.39],[1505404800000,0.40],[1505491200000,0.41],[1505577600000,0.42],[1505664000000,0.43],[1505750400000,0.44],[1505836800000,0.46],[1505923200000,0.47],[1506009600000,0.48],[1506096000000,0.49],[1506182400000,0.50],[1506268800000,0.51],[1506355200000,0.52],[1506441600000,0.53],[1506528000000,0.54],[1506614400000,0.55],[1506700800000,0.56],[1506787200000,0.57],[1506873600000,0.58],[1506960000000,0.59],[1507046400000,0.60],[1507132800000,0.61],[1507219200000,0.63],[1507305600000,0.64],[1507392000000,0.65],[1507478400000,0.66],[1507564800000,0.67],[1507651200000,0.68],[1507737600000,0.69],[1507824000000,0.70],[1507910400000,0.71],[1507996800000,0.72],[1508083200000,0.73],[1508169600000,0.75],[1508256000000,0.76],[1508342400000,0.77],[1508428800000,0.78],[1508515200000,0.79],[1508601600000,0.80],[1508688000000,0.81],[1508774400000,0.83],[1508860800000,0.84],[1508947200000,0.85],[1509033600000,0.86],[1509120000000,0.87],[1509206400000,0.88],[1509292800000,0.89],[1509379200000,0.90],[1509465600000,0.91],[1509552000000,0.93],[1509638400000,0.94],[1509724800000,0.95],[1509811200000,0.96],[1509897600000,0.97],[1509984000000,0.98],[1510070400000,0.99],[1510156800000,1.00],[1510243200000,1.01],[1510329600000,1.02],[1510416000000,1.03],[1510502400000,1.04],[1510588800000,1.05],[1510675200000,1.06],[1510761600000,1.07],[1510848000000,1.08],[1510934400000,1.09],[1511020800000,1.10],[1511107200000,1.11],[1511193600000,1.13],[1511280000000,1.14],[1511366400000,1.15],[1511452800000,1.16],[1511539200000,1.17],[1511625600000,1.18],[1511712000000,1.19],[1511798400000,1.20],[1511884800000,1.21],[1511971200000,1.22],[1512057600000,1.24],[1512144000000,1.25],[1512230400000,1.26],[1512316800000,1.27],[1512403200000,1.28],[1512489600000,1.30],[1512576000000,1.31],[1512662400000,1.32],[1512748800000,1.33],[1512835200000,1.34],[1512921600000,1.35],[1513008000000,1.36],[1513094400000,1.37],[1513180800000,1.38],[1513267200000,1.39],[1513353600000,1.41],[1513440000000,1.42],[1513526400000,1.43],[1513612800000,1.44],[1513699200000,1.45],[1513785600000,1.46],[1513872000000,1.47],[1513958400000,1.49],[1514044800000,1.50],[1514131200000,1.51],[1514217600000,1.52],[1514304000000,1.53],[1514390400000,1.54],[1514476800000,1.55],[1514563200000,1.57],[1514649600000,1.58],[1514736000000,1.59],[1514822400000,1.60],[1514908800000,1.63],[1514995200000,1.64],[1515081600000,1.65],[1515168000000,1.66],[1515254400000,1.68],[1515340800000,1.69],[1515427200000,1.70],[1515513600000,1.71],[1515600000000,1.72],[1515686400000,1.73],[1515772800000,1.74],[1515859200000,1.75],[1515945600000,1.76],[1516032000000,1.77],[1516118400000,1.79],[1516204800000,1.80],[1516291200000,1.81],[1516377600000,1.82],[1516464000000,1.83],[1516550400000,1.84],[1516636800000,1.86],[1516723200000,1.87],[1516809600000,1.88],[1516896000000,1.89],[1516982400000,1.90],[1517068800000,1.91],[1517155200000,1.93],[1517241600000,1.94],[1517328000000,1.95],[1517414400000,1.96],[1517500800000,1.97],[1517587200000,1.98],[1517673600000,1.99],[1517760000000,2.00],[1517846400000,2.01]]},{"name":"同类平均","data":[[1502035200000,0],[1502121600000,0.01],[1502208000000,0.02],[1502294400000,0.03],[1502380800000,0.04],[1502640000000,0.07],[1502726400000,0.08],[1502812800000,0.09],[1502899200000,0.10],[1502985600000,0.11],[1503244800000,0.14],[1503331200000,0.16],[1503417600000,0.17],[1503504000000,0.18],[1503590400000,0.19],[1503849600000,0.22],[1503936000000,0.23],[1504022400000,0.24],[1504108800000,0.25],[1504195200000,0.26],[1504454400000,0.29],[1504540800000,0.30],[1504627200000,0.31],[1504713600000,0.32],[1504800000000,0.34],[1505059200000,0.37],[1505145600000,0.38],[1505232000000,0.39],[1505318400000,0.40],[1505404800000,0.41],[1505664000000,0.44],[1505750400000,0.45],[1505836800000,0.46],[1505923200000,0.47],[1506009600000,0.48],[1506268800000,0.52],[1506355200000,0.53],[1506441600000,0.54],[1506528000000,0.55],[1506614400000,0.56],[1507478400000,0.67],[1507564800000,0.68],[1507651200000,0.69],[1507737600000,0.71],[1507824000000,0.72],[1508083200000,0.75],[1508169600000,0.76],[1508256000000,0.77],[1508342400000,0.78],[1508428800000,0.79],[1508688000000,0.82],[1508774400000,0.83],[1508860800000,0.84],[1508947200000,0.85],[1509033600000,0.86],[1509292800000,0.90],[1509379200000,0.91],[1509465600000,0.92],[1509552000000,0.93],[1509638400000,0.94],[1509897600000,0.97],[1509984000000,0.98],[1510070400000,0.99],[1510156800000,1.00],[1510243200000,1.01],[1510502400000,1.04],[1510588800000,1.06],[1510675200000,1.07],[1510761600000,1.08],[1510848000000,1.09],[1511107200000,1.12],[1511193600000,1.13],[1511280000000,1.14],[1511366400000,1.15],[1511452800000,1.16],[1511712000000,1.20],[1511798400000,1.21],[1511884800000,1.22],[1511971200000,1.23],[1512057600000,1.24],[1512316800000,1.28],[1512403200000,1.29],[1512489600000,1.30],[1512576000000,1.31],[1512662400000,1.32],[1512921600000,1.35],[1513008000000,1.36],[1513094400000,1.38],[1513180800000,1.39],[1513267200000,1.40],[1513526400000,1.43],[1513612800000,1.44],[1513699200000,1.46],[1513785600000,1.47],[1513872000000,1.48],[1514131200000,1.51],[1514217600000,1.53],[1514304000000,1.54],[1514390400000,1.55],[1514476800000,1.57],[1514822400000,1.62],[1514908800000,1.64],[1514995200000,1.65],[1515081600000,1.66],[1515340800000,1.69],[1515427200000,1.71],[1515513600000,1.72],[1515600000000,1.73],[1515686400000,1.74],[1515945600000,1.77],[1516032000000,1.79],[1516118400000,1.80],[1516204800000,1.81],[1516291200000,1.82],[1516550400000,1.86],[1516636800000,1.87],[1516723200000,1.88],[1516809600000,1.89],[1516896000000,1.90],[1517155200000,1.94],[1517241600000,1.95],[1517328000000,1.96],[1517414400000,1.97],[1517500800000,1.98],[1517760000000,2.02],[1517846400000,2.03]]},{"name":"沪深300","data":[[1502035200000,0],[1502121600000,0.15],[1502208000000,0.11],[1502294400000,-0.29],[1502380800000,-2.13],[1502640000000,-0.86],[1502726400000,-0.56],[1502812800000,-0.68],[1502899200000,-0.15],[1502985600000,-0.06],[1503244800000,0.38],[1503331200000,0.68],[1503417600000,0.79],[1503504000000,0.21],[1503590400000,1.85],[1503849600000,3.11],[1503936000000,2.89],[1504022400000,2.88],[1504108800000,2.56],[1504195200000,2.78],[1504454400000,3.19],[1504540800000,3.50],[1504627200000,3.29],[1504713600000,2.77],[1504800000000,2.66],[1505059200000,2.65],[1505145600000,2.98],[1505232000000,3.11],[1505318400000,2.77],[1505404800000,2.80],[1505664000000,3.12],[1505750400000,2.83],[1505836800000,3.10],[1505923200000,2.98],[1506009600000,2.98],[1506268800000,2.44],[1506355200000,2.52],[1506441600000,2.53],[1506528000000,2.57],[1506614400000,2.94],[1507478400000,4.17],[1507564800000,4.38],[1507651200000,4.72],[1507737600000,5.00],[1507824000000,5.21],[1508083200000,5.01],[1508169600000,5.00],[1508256000000,5.83],[1508342400000,5.49],[1508428800000,5.37],[1508688000000,5.47],[1508774400000,6.24],[1508860800000,6.71],[1508947200000,7.16],[1509033600000,7.92],[1509292800000,7.59],[1509379200000,7.51],[1509465600000,7.24],[1509552000000,7.25],[1509638400000,7.13],[1509897600000,7.89],[1509984000000,8.79],[1510070400000,8.62],[1510156800000,9.37],[1510243200000,10.33],[1510502400000,10.77],[1510588800000,10.00],[1510675200000,9.31],[1510761600000,10.15],[1510848000000,10.57],[1511107200000,11.19],[1511193600000,13.17],[1511280000000,13.44],[1511366400000,10.08],[1511452800000,10.13],[1511712000000,8.67],[1511798400000,8.83],[1511884800000,8.77],[1511971200000,7.49],[1512057600000,7.28],[1512316800000,7.84],[1512403200000,8.41],[1512489600000,7.76],[1512576000000,6.55],[1512662400000,7.42],[1512921600000,9.20],[1513008000000,7.76],[1513094400000,8.67],[1513180800000,8.03],[1513267200000,6.82],[1513526400000,6.94],[1513612800000,8.28],[1513699200000,8.15],[1513785600000,9.15],[1513872000000,8.80],[1514131200000,8.45],[1514217600000,8.77],[1514304000000,7.09],[1514390400000,7.84],[1514476800000,8.16],[1514822400000,9.68],[1514908800000,10.32],[1514995200000,10.79],[1515081600000,11.05],[1515340800000,11.63],[1515427200000,12.41],[1515513600000,12.91],[1515600000000,12.85],[1515686400000,13.37],[1515945600000,13.37],[1516032000000,14.27],[1516118400000,13.99],[1516204800000,14.61],[1516291200000,14.99],[1516550400000,16.36],[1516636800000,17.60],[1516723200000,17.79],[1516809600000,17.13],[1516896000000,17.56],[1517155200000,15.43],[1517241600000,14.20],[1517328000000,14.73],[1517414400000,13.93],[1517500800000,14.61],[1517760000000,14.69],[1517846400000,11.33]]}];
/*同类排名*/
var Data_rateInSimilarType = [{"x":1470585600000,"y":50,"sc":"412"},{"x":1470672000000,"y":50,"sc":"413"},{"x":1470758400000,"y":49,"sc":"413"},{"x":1470844800000,"y":48,"sc":"413"},{"x":1470931200000,"y":49,"sc":"413"},{"x":1471190400000,"y":46,"sc":"413"},{"x":1471276800000,"y":49,"sc":"413"},{"x":1471363200000,"y":51,"sc":"414"},{"x":1471449600000,"y":55,"sc":"415"},{"x":1471536000000,"y":55,"sc":"415"},{"x":1471795200000,"y":64,"sc":"416"},{"x":1471881600000,"y":62,"sc":"416"},{"x":1471968000000,"y":62,"sc":"416"},{"x":1472054400000,"y":62,"sc":"416"},{"x":1472140800000,"y":62,"sc":"416"},{"x":1472400000000,"y":69,"sc":"416"},{"x":1472486400000,"y":64,"sc":"416"},{"x":1472572800000,"y":63,"sc":"416"},{"x":1472659200000,"y":63,"sc":"416"},{"x":1472745600000,"y":63,"sc":"417"},{"x":1473004800000,"y":66,"sc":"421"},{"x":1473091200000,"y":65,"sc":"421"},{"x":1473177600000,"y":65,"sc":"421"},{"x":1473264000000,"y":66,"sc":"423"},{"x":1473350400000,"y":82,"sc":"424"},{"x":1473609600000,"y":79,"sc":"424"},{"x":1473696000000,"y":83,"sc":"424"},{"x":1473782400000,"y":88,"sc":"424"},{"x":1474214400000,"y":99,"sc":"424"},{"x":1474300800000,"y":93,"sc":"424"},{"x":1474387200000,"y":89,"sc":"424"},{"x":1474473600000,"y":89,"sc":"427"},{"x":1474560000000,"y":83,"sc":"427"},{"x":1474819200000,"y":89,"sc":"430"},{"x":1474905600000,"y":89,"sc":"430"},{"x":1474992000000,"y":88,"sc":"430"},{"x":1475078400000,"y":88,"sc":"432"},{"x":1475164800000,"y":86,"sc":"432"},{"x":1476028800000,"y":63,"sc":"434"},{"x":1476115200000,"y":60,"sc":"434"},{"x":1476201600000,"y":59,"sc":"435"},{"x":1476288000000,"y":59,"sc":"437"},{"x":1476374400000,"y":59,"sc":"435"},{"x":1476633600000,"y":62,"sc":"436"},{"x":1476720000000,"y":61,"sc":"438"},{"x":1476806400000,"y":58,"sc":"437"},{"x":1476892800000,"y":60,"sc":"437"},{"x":1476979200000,"y":61,"sc":"437"},{"x":1477238400000,"y":65,"sc":"440"},{"x":1477324800000,"y":60,"sc":"440"},{"x":1477411200000,"y":59,"sc":"441"},{"x":1477497600000,"y":60,"sc":"441"},{"x":1477584000000,"y":61,"sc":"445"},{"x":1477843200000,"y":61,"sc":"447"},{"x":1477929600000,"y":61,"sc":"447"},{"x":1478016000000,"y":61,"sc":"447"},{"x":1478102400000,"y":61,"sc":"447"},{"x":1478188800000,"y":60,"sc":"448"},{"x":1478448000000,"y":56,"sc":"450"},{"x":1478534400000,"y":55,"sc":"450"},{"x":1478620800000,"y":56,"sc":"450"},{"x":1478707200000,"y":58,"sc":"450"},{"x":1478793600000,"y":57,"sc":"450"},{"x":1479052800000,"y":55,"sc":"450"},{"x":1479139200000,"y":55,"sc":"450"},{"x":1479225600000,"y":57,"sc":"450"},{"x":1479312000000,"y":56,"sc":"450"},{"x":1479398400000,"y":56,"sc":"450"},{"x":1479657600000,"y":58,"sc":"451"},{"x":1479744000000,"y":55,"sc":"451"},{"x":1479830400000,"y":55,"sc":"451"},{"x":1479916800000,"y":54,"sc":"451"},{"x":1480003200000,"y":54,"sc":"451"},{"x":1480262400000,"y":50,"sc":"451"},{"x":1480348800000,"y":49,"sc":"452"},{"x":1480435200000,"y":49,"sc":"452"},{"x":1480521600000,"y":49,"sc":"452"},{"x":1480608000000,"y":48,"sc":"455"},{"x":1480867200000,"y":50,"sc":"455"},{"x":1480953600000,"y":51,"sc":"455"},{"x":1481040000000,"y":52,"sc":"455"},{"x":1481126400000,"y":54,"sc":"455"},{"x":1481212800000,"y":51,"sc":"456"},{"x":1481472000000,"y":49,"sc":"457"},{"x":1481558400000,"y":48,"sc":"458"},{"x":1481644800000,"y":49,"sc":"458"},{"x":1481731200000,"y":57,"sc":"458"},{"x":1481817600000,"y":71,"sc":"458"},{"x":1482076800000,"y":53,"sc":"458"},{"x":1482163200000,"y":54,"sc":"458"},{"x":1482249600000,"y":56,"sc":"458"},{"x":1482336000000,"y":60,"sc":"459"},{"x":1482422400000,"y":65,"sc":"463"},{"x":1482681600000,"y":72,"sc":"464"},{"x":1482768000000,"y":68,"sc":"464"},{"x":1482854400000,"y":64,"sc":"466"},{"x":1482940800000,"y":60,"sc":"466"},{"x":1483027200000,"y":61,"sc":"469"},{"x":1483372800000,"y":86,"sc":"469"},{"x":1483459200000,"y":96,"sc":"468"},{"x":1483545600000,"y":110,"sc":"469"},{"x":1483632000000,"y":126,"sc":"469"},{"x":1483891200000,"y":74,"sc":"469"},{"x":1483977600000,"y":75,"sc":"469"},{"x":1484064000000,"y":80,"sc":"469"},{"x":1484150400000,"y":81,"sc":"469"},{"x":1484236800000,"y":82,"sc":"469"},{"x":1484496000000,"y":99,"sc":"472"},{"x":1484582400000,"y":106,"sc":"474"},{"x":1484668800000,"y":110,"sc":"476"},{"x":1484755200000,"y":115,"sc":"476"},{"x":1484841600000,"y":114,"sc":"476"},{"x":1485100800000,"y":114,"sc":"481"},{"x":1485187200000,"y":110,"sc":"482"},{"x":1485273600000,"y":111,"sc":"484"},{"x":1485360000000,"y":110,"sc":"485"},{"x":1486051200000,"y":117,"sc":"489"},{"x":1486310400000,"y":124,"sc":"491"},{"x":1486396800000,"y":126,"sc":"491"},{"x":1486483200000,"y":124,"sc":"491"},{"x":1486569600000,"y":128,"sc":"491"},{"x":1486656000000,"y":129,"sc":"494"},{"x":1486915200000,"y":130,"sc":"496"},{"x":1487001600000,"y":131,"sc":"496"},{"x":1487088000000,"y":134,"sc":"496"},{"x":1487174400000,"y":135,"sc":"496"},{"x":1487260800000,"y":135,"sc":"496"},{"x":1487520000000,"y":138,"sc":"496"},{"x":1487606400000,"y":136,"sc":"496"},{"x":1487692800000,"y":136,"sc":"496"},{"x":1487779200000,"y":138,"sc":"498"},{"x":1487865600000,"y":140,"sc":"500"},{"x":1488124800000,"y":150,"sc":"503"},{"x":1488211200000,"y":150,"sc":"503"},{"x":1488297600000,"y":152,"sc":"503"},{"x":1488384000000,"y":156,"sc":"511"},{"x":1488470400000,"y":164,"sc":"511"},{"x":1488729600000,"y":163,"sc":"513"},{"x":1488816000000,"y":168,"sc":"515"},{"x":1488902400000,"y":168,"sc":"516"},{"x":1488988800000,"y":169,"sc":"518"},{"x":1489075200000,"y":176,"sc":"518"},{"x":1489334400000,"y":174,"sc":"518"},{"x":1489420800000,"y":178,"sc":"518"},{"x":1489507200000,"y":178,"sc":"518"},{"x":1489593600000,"y":180,"sc":"520"},{"x":1489680000000,"y":195,"sc":"520"},{"x":1489939200000,"y":187,"sc":"522"},{"x":1490025600000,"y":181,"sc":"522"},{"x":1490112000000,"y":186,"sc":"524"},{"x":1490198400000,"y":190,"sc":"530"},{"x":1490284800000,"y":202,"sc":"530"},{"x":1490544000000,"y":192,"sc":"534"},{"x":1490630400000,"y":194,"sc":"535"},{"x":1490716800000,"y":198,"sc":"535"},{"x":1490803200000,"y":202,"sc":"538"},{"x":1490889600000,"y":197,"sc":"538"},{"x":1491321600000,"y":217,"sc":"538"},{"x":1491408000000,"y":216,"sc":"540"},{"x":1491494400000,"y":231,"sc":"540"},{"x":1491753600000,"y":227,"sc":"540"},{"x":1491840000000,"y":228,"sc":"540"},{"x":1491926400000,"y":230,"sc":"540"},{"x":1492012800000,"y":229,"sc":"541"},{"x":1492099200000,"y":245,"sc":"541"},{"x":1492358400000,"y":215,"sc":"543"},{"x":1492444800000,"y":209,"sc":"543"},{"x":1492531200000,"y":209,"sc":"543"},{"x":1492617600000,"y":208,"sc":"545"},{"x":1492704000000,"y":232,"sc":"545"},{"x":1492963200000,"y":215,"sc":"545"},{"x":1493049600000,"y":218,"sc":"547"},{"x":1493136000000,"y":221,"sc":"549"},{"x":1493222400000,"y":242,"sc":"549"},{"x":1493308800000,"y":266,"sc":"549"},{"x":1493654400000,"y":232,"sc":"549"},{"x":1493740800000,"y":235,"sc":"550"},{"x":1493827200000,"y":260,"sc":"550"},{"x":1493913600000,"y":242,"sc":"550"},{"x":1494172800000,"y":243,"sc":"550"},{"x":1494259200000,"y":243,"sc":"550"},{"x":1494345600000,"y":242,"sc":"550"},{"x":1494432000000,"y":258,"sc":"550"},{"x":1494518400000,"y":245,"sc":"550"},{"x":1494777600000,"y":243,"sc":"554"},{"x":1494864000000,"y":244,"sc":"556"},{"x":1494950400000,"y":250,"sc":"560"},{"x":1495036800000,"y":267,"sc":"560"},{"x":1495123200000,"y":251,"sc":"560"},{"x":1495382400000,"y":260,"sc":"560"},{"x":1495468800000,"y":264,"sc":"562"},{"x":1495555200000,"y":266,"sc":"564"},{"x":1495641600000,"y":282,"sc":"564"},{"x":1495728000000,"y":269,"sc":"564"},{"x":1496160000000,"y":271,"sc":"564"},{"x":1496246400000,"y":272,"sc":"564"},{"x":1496332800000,"y":272,"sc":"564"},{"x":1496592000000,"y":276,"sc":"566"},{"x":1496678400000,"y":269,"sc":"566"},{"x":1496764800000,"y":268,"sc":"566"},{"x":1496851200000,"y":269,"sc":"566"},{"x":1496937600000,"y":274,"sc":"566"},{"x":1497196800000,"y":287,"sc":"574"},{"x":1497283200000,"y":287,"sc":"574"},{"x":1497369600000,"y":283,"sc":"575"},{"x":1497456000000,"y":278,"sc":"575"},{"x":1497542400000,"y":285,"sc":"575"},{"x":1497801600000,"y":292,"sc":"577"},{"x":1497888000000,"y":296,"sc":"577"},{"x":1497974400000,"y":308,"sc":"575"},{"x":1498060800000,"y":311,"sc":"575"},{"x":1498147200000,"y":319,"sc":"576"},{"x":1498406400000,"y":334,"sc":"579"},{"x":1498492800000,"y":339,"sc":"579"},{"x":1498579200000,"y":350,"sc":"579"},{"x":1498665600000,"y":313,"sc":"579"},{"x":1498752000000,"y":330,"sc":"582"},{"x":1499011200000,"y":395,"sc":"582"},{"x":1499097600000,"y":336,"sc":"582"},{"x":1499184000000,"y":343,"sc":"583"},{"x":1499270400000,"y":351,"sc":"583"},{"x":1499356800000,"y":358,"sc":"583"},{"x":1499616000000,"y":360,"sc":"583"},{"x":1499702400000,"y":360,"sc":"583"},{"x":1499788800000,"y":358,"sc":"583"},{"x":1499875200000,"y":359,"sc":"583"},{"x":1499961600000,"y":358,"sc":"586"},{"x":1500220800000,"y":366,"sc":"586"},{"x":1500307200000,"y":348,"sc":"586"},{"x":1500393600000,"y":352,"sc":"589"},{"x":1500480000000,"y":356,"sc":"589"},{"x":1500566400000,"y":357,"sc":"593"},{"x":1500825600000,"y":363,"sc":"593"},{"x":1500912000000,"y":364,"sc":"593"},{"x":1500998400000,"y":365,"sc":"594"},{"x":1501084800000,"y":365,"sc":"594"},{"x":1501171200000,"y":368,"sc":"594"},{"x":1501430400000,"y":412,"sc":"594"},{"x":1501516800000,"y":371,"sc":"594"},{"x":1501603200000,"y":372,"sc":"594"},{"x":1501689600000,"y":373,"sc":"594"},{"x":1501776000000,"y":375,"sc":"594"},{"x":1502035200000,"y":379,"sc":"596"},{"x":1502121600000,"y":382,"sc":"596"},{"x":1502208000000,"y":382,"sc":"596"},{"x":1502294400000,"y":388,"sc":"596"},{"x":1502380800000,"y":391,"sc":"596"},{"x":1502640000000,"y":404,"sc":"596"},{"x":1502726400000,"y":409,"sc":"596"},{"x":1502812800000,"y":413,"sc":"596"},{"x":1502899200000,"y":418,"sc":"596"},{"x":1502985600000,"y":418,"sc":"596"},{"x":1503244800000,"y":420,"sc":"597"},{"x":1503331200000,"y":419,"sc":"597"},{"x":1503417600000,"y":412,"sc":"597"},{"x":1503504000000,"y":413,"sc":"596"},{"x":1503590400000,"y":416,"sc":"596"},{"x":1503849600000,"y":459,"sc":"600"},{"x":1503936000000,"y":470,"sc":"600"},{"x":1504022400000,"y":423,"sc":"600"},{"x":1504108800000,"y":427,"sc":"601"},{"x":1504195200000,"y":429,"sc":"601"},{"x":1504454400000,"y":433,"sc":"601"},{"x":1504540800000,"y":435,"sc":"601"},{"x":1504627200000,"y":438,"sc":"601"},{"x":1504713600000,"y":440,"sc":"601"},{"x":1504800000000,"y":444,"sc":"601"},{"x":1505059200000,"y":447,"sc":"603"},{"x":1505145600000,"y":443,"sc":"603"},{"x":1505232000000,"y":443,"sc":"603"},{"x":1505318400000,"y":449,"sc":"605"},{"x":1505404800000,"y":451,"sc":"605"},{"x":1505664000000,"y":451,"sc":"606"},{"x":1505750400000,"y":455,"sc":"606"},{"x":1505836800000,"y":450,"sc":"603"},{"x":1505923200000,"y":445,"sc":"603"},{"x":1506009600000,"y":443,"sc":"603"},{"x":1506268800000,"y":443,"sc":"603"},{"x":1506355200000,"y":442,"sc":"603"},{"x":1506441600000,"y":431,"sc":"604"},{"x":1506528000000,"y":424,"sc":"604"},{"x":1506614400000,"y":472,"sc":"606"},{"x":1507478400000,"y":477,"sc":"606"},{"x":1507564800000,"y":474,"sc":"607"},{"x":1507651200000,"y":472,"sc":"607"},{"x":1507737600000,"y":475,"sc":"611"},{"x":1507824000000,"y":473,"sc":"611"},{"x":1508083200000,"y":467,"sc":"612"},{"x":1508169600000,"y":463,"sc":"612"},{"x":1508256000000,"y":482,"sc":"611"},{"x":1508342400000,"y":485,"sc":"611"},{"x":1508428800000,"y":469,"sc":"611"},{"x":1508688000000,"y":460,"sc":"606"},{"x":1508774400000,"y":456,"sc":"606"},{"x":1508860800000,"y":456,"sc":"607"},{"x":1508947200000,"y":456,"sc":"607"},{"x":1509033600000,"y":455,"sc":"607"},{"x":1509292800000,"y":451,"sc":"609"},{"x":1509379200000,"y":445,"sc":"610"},{"x":1509465600000,"y":445,"sc":"610"},{"x":1509552000000,"y":446,"sc":"613"},{"x":1509638400000,"y":440,"sc":"617"},{"x":1509897600000,"y":433,"sc":"621"},{"x":1509984000000,"y":433,"sc":"621"},{"x":1510070400000,"y":433,"sc":"621"},{"x":1510156800000,"y":433,"sc":"623"},{"x":1510243200000,"y":432,"sc":"623"},{"x":1510502400000,"y":430,"sc":"633"},{"x":1510588800000,"y":423,"sc":"635"},{"x":1510675200000,"y":422,"sc":"635"},{"x":1510761600000,"y":416,"sc":"635"},{"x":1510848000000,"y":417,"sc":"636"},{"x":1511107200000,"y":408,"sc":"636"},{"x":1511193600000,"y":422,"sc":"636"},{"x":1511280000000,"y":423,"sc":"636"},{"x":1511366400000,"y":428,"sc":"636"},{"x":1511452800000,"y":424,"sc":"637"},{"x":1511712000000,"y":431,"sc":"640"},{"x":1511798400000,"y":429,"sc":"640"},{"x":1511884800000,"y":424,"sc":"640"},{"x":1511971200000,"y":418,"sc":"641"},{"x":1512057600000,"y":418,"sc":"643"},{"x":1512316800000,"y":412,"sc":"643"},{"x":1512403200000,"y":405,"sc":"643"},{"x":1512489600000,"y":390,"sc":"643"},{"x":1512576000000,"y":390,"sc":"644"},{"x":1512662400000,"y":385,"sc":"652"},{"x":1512921600000,"y":387,"sc":"652"},{"x":1513008000000,"y":393,"sc":"653"},{"x":1513094400000,"y":392,"sc":"653"},{"x":1513180800000,"y":393,"sc":"654"},{"x":1513267200000,"y":385,"sc":"656"},{"x":1513526400000,"y":375,"sc":"656"},{"x":1513612800000,"y":367,"sc":"656"},{"x":1513699200000,"y":372,"sc":"656"},{"x":1513785600000,"y":369,"sc":"655"},{"x":1513872000000,"y":369,"sc":"655"},{"x":1514131200000,"y":360,"sc":"655"},{"x":1514217600000,"y":359,"sc":"655"},{"x":1514304000000,"y":363,"sc":"654"},{"x":1514390400000,"y":373,"sc":"655"},{"x":1514476800000,"y":382,"sc":"655"},{"x":1514822400000,"y":470,"sc":"655"},{"x":1514908800000,"y":457,"sc":"655"},{"x":1514995200000,"y":481,"sc":"655"},{"x":1515081600000,"y":488,"sc":"655"},{"x":1515340800000,"y":349,"sc":"655"},{"x":1515427200000,"y":349,"sc":"655"},{"x":1515513600000,"y":350,"sc":"656"},{"x":1515600000000,"y":352,"sc":"657"},{"x":1515686400000,"y":354,"sc":"657"},{"x":1515945600000,"y":348,"sc":"657"},{"x":1516032000000,"y":356,"sc":"657"},{"x":1516118400000,"y":356,"sc":"657"},{"x":1516204800000,"y":356,"sc":"657"},{"x":1516291200000,"y":356,"sc":"657"},{"x":1516550400000,"y":387,"sc":"657"},{"x":1516636800000,"y":392,"sc":"657"},{"x":1516723200000,"y":391,"sc":"657"},{"x":1516809600000,"y":391,"sc":"657"},{"x":1516896000000,"y":393,"sc":"655"},{"x":1517155200000,"y":397,"sc":"656"},{"x":1517241600000,"y":398,"sc":"656"},{"x":1517328000000,"y":405,"sc":"656"},{"x":1517414400000,"y":405,"sc":"656"},{"x":1517500800000,"y":414,"sc":"656"},{"x":1517760000000,"y":424,"sc":"656"},{"x":1517846400000,"y":427,"sc":"656"}];
/*百分比排名*/
var Data_rateInSimilarPersent = [[1470585600000,87.8600],[1470672000000,87.8900],[1470758400000,88.1400],[1470844800000,88.3800],[1470931200000,88.1400],[1471190400000,88.8600],[1471276800000,88.1400],[1471363200000,87.6800],[1471449600000,86.7500],[1471536000000,86.7500],[1471795200000,84.6200],[1471881600000,85.1000],[1471968000000,85.1000],[1472054400000,85.1000],[1472140800000,85.1000],[1472400000000,83.4100],[1472486400000,84.6200],[1472572800000,84.8600],[1472659200000,84.8600],[1472745600000,84.8900],[1473004800000,84.3200],[1473091200000,84.5600],[1473177600000,84.5600],[1473264000000,84.4000],[1473350400000,80.6600],[1473609600000,81.3700],[1473696000000,80.4200],[1473782400000,79.2500],[1474214400000,76.6500],[1474300800000,78.0700],[1474387200000,79.0100],[1474473600000,79.1600],[1474560000000,80.5600],[1474819200000,79.3000],[1474905600000,79.3000],[1474992000000,79.5300],[1475078400000,79.6300],[1475164800000,80.0900],[1476028800000,85.4800],[1476115200000,86.1800],[1476201600000,86.4400],[1476288000000,86.5000],[1476374400000,86.4400],[1476633600000,85.7800],[1476720000000,86.0700],[1476806400000,86.7300],[1476892800000,86.2700],[1476979200000,86.0400],[1477238400000,85.2300],[1477324800000,86.3600],[1477411200000,86.6200],[1477497600000,86.3900],[1477584000000,86.2900],[1477843200000,86.3500],[1477929600000,86.3500],[1478016000000,86.3500],[1478102400000,86.3500],[1478188800000,86.6100],[1478448000000,87.5600],[1478534400000,87.7800],[1478620800000,87.5600],[1478707200000,87.1100],[1478793600000,87.3300],[1479052800000,87.7800],[1479139200000,87.7800],[1479225600000,87.3300],[1479312000000,87.5600],[1479398400000,87.5600],[1479657600000,87.1400],[1479744000000,87.8000],[1479830400000,87.8000],[1479916800000,88.0300],[1480003200000,88.0300],[1480262400000,88.9100],[1480348800000,89.1600],[1480435200000,89.1600],[1480521600000,89.1600],[1480608000000,89.4500],[1480867200000,89.0100],[1480953600000,88.7900],[1481040000000,88.5700],[1481126400000,88.1300],[1481212800000,88.8200],[1481472000000,89.2800],[1481558400000,89.5200],[1481644800000,89.3000],[1481731200000,87.5500],[1481817600000,84.5000],[1482076800000,88.4300],[1482163200000,88.2100],[1482249600000,87.7700],[1482336000000,86.9300],[1482422400000,85.9600],[1482681600000,84.4800],[1482768000000,85.3400],[1482854400000,86.2700],[1482940800000,87.1200],[1483027200000,86.9900],[1483372800000,81.6600],[1483459200000,79.4900],[1483545600000,76.5500],[1483632000000,73.1300],[1483891200000,84.2200],[1483977600000,84.0100],[1484064000000,82.9400],[1484150400000,82.7300],[1484236800000,82.5200],[1484496000000,79.0300],[1484582400000,77.6400],[1484668800000,76.8900],[1484755200000,75.8400],[1484841600000,76.0500],[1485100800000,76.3000],[1485187200000,77.1800],[1485273600000,77.0700],[1485360000000,77.3200],[1486051200000,76.0700],[1486310400000,74.7500],[1486396800000,74.3400],[1486483200000,74.7500],[1486569600000,73.9300],[1486656000000,73.8900],[1486915200000,73.7900],[1487001600000,73.5900],[1487088000000,72.9800],[1487174400000,72.7800],[1487260800000,72.7800],[1487520000000,72.1800],[1487606400000,72.5800],[1487692800000,72.5800],[1487779200000,72.2900],[1487865600000,72.00],[1488124800000,70.1800],[1488211200000,70.1800],[1488297600000,69.7800],[1488384000000,69.4700],[1488470400000,67.9100],[1488729600000,68.2300],[1488816000000,67.3800],[1488902400000,67.4400],[1488988800000,67.3700],[1489075200000,66.0200],[1489334400000,66.4100],[1489420800000,65.6400],[1489507200000,65.6400],[1489593600000,65.3800],[1489680000000,62.5000],[1489939200000,64.1800],[1490025600000,65.3300],[1490112000000,64.5000],[1490198400000,64.1500],[1490284800000,61.8900],[1490544000000,64.0400],[1490630400000,63.7400],[1490716800000,62.9900],[1490803200000,62.4500],[1490889600000,63.3800],[1491321600000,59.6700],[1491408000000,60.00],[1491494400000,57.2200],[1491753600000,57.9600],[1491840000000,57.7800],[1491926400000,57.4100],[1492012800000,57.6700],[1492099200000,54.7100],[1492358400000,60.4100],[1492444800000,61.5100],[1492531200000,61.5100],[1492617600000,61.8300],[1492704000000,57.4300],[1492963200000,60.5500],[1493049600000,60.1500],[1493136000000,59.7400],[1493222400000,55.9200],[1493308800000,51.5500],[1493654400000,57.7400],[1493740800000,57.2700],[1493827200000,52.7300],[1493913600000,56.00],[1494172800000,55.8200],[1494259200000,55.8200],[1494345600000,56.00],[1494432000000,53.0900],[1494518400000,55.4500],[1494777600000,56.1400],[1494864000000,56.1200],[1494950400000,55.3600],[1495036800000,52.3200],[1495123200000,55.1800],[1495382400000,53.5700],[1495468800000,53.0200],[1495555200000,52.8400],[1495641600000,50.00],[1495728000000,52.3000],[1496160000000,51.9500],[1496246400000,51.7700],[1496332800000,51.7700],[1496592000000,51.2400],[1496678400000,52.4700],[1496764800000,52.6500],[1496851200000,52.4700],[1496937600000,51.5900],[1497196800000,50.00],[1497283200000,50.00],[1497369600000,50.7800],[1497456000000,51.6500],[1497542400000,50.4300],[1497801600000,49.3900],[1497888000000,48.7000],[1497974400000,46.4300],[1498060800000,45.9100],[1498147200000,44.6200],[1498406400000,42.3100],[1498492800000,41.4500],[1498579200000,39.5500],[1498665600000,45.9400],[1498752000000,43.3000],[1499011200000,32.1300],[1499097600000,42.2700],[1499184000000,41.1700],[1499270400000,39.7900],[1499356800000,38.5900],[1499616000000,38.2500],[1499702400000,38.2500],[1499788800000,38.5900],[1499875200000,38.4200],[1499961600000,38.9100],[1500220800000,37.5400],[1500307200000,40.6100],[1500393600000,40.2400],[1500480000000,39.5600],[1500566400000,39.8000],[1500825600000,38.7900],[1500912000000,38.6200],[1500998400000,38.5500],[1501084800000,38.5500],[1501171200000,38.0500],[1501430400000,30.6400],[1501516800000,37.5400],[1501603200000,37.3700],[1501689600000,37.2100],[1501776000000,36.8700],[1502035200000,36.4100],[1502121600000,35.9100],[1502208000000,35.9100],[1502294400000,34.9000],[1502380800000,34.4000],[1502640000000,32.2100],[1502726400000,31.3800],[1502812800000,30.7000],[1502899200000,29.8700],[1502985600000,29.8700],[1503244800000,29.6500],[1503331200000,29.8200],[1503417600000,30.9900],[1503504000000,30.7000],[1503590400000,30.2000],[1503849600000,23.5000],[1503936000000,21.6700],[1504022400000,29.5000],[1504108800000,28.9500],[1504195200000,28.6200],[1504454400000,27.9500],[1504540800000,27.6200],[1504627200000,27.1200],[1504713600000,26.7900],[1504800000000,26.1200],[1505059200000,25.8700],[1505145600000,26.5300],[1505232000000,26.5300],[1505318400000,25.7900],[1505404800000,25.4500],[1505664000000,25.5800],[1505750400000,24.9200],[1505836800000,25.3700],[1505923200000,26.2000],[1506009600000,26.5300],[1506268800000,26.5300],[1506355200000,26.7000],[1506441600000,28.6400],[1506528000000,29.8000],[1506614400000,22.1100],[1507478400000,21.2900],[1507564800000,21.9100],[1507651200000,22.2400],[1507737600000,22.2600],[1507824000000,22.5900],[1508083200000,23.6900],[1508169600000,24.3500],[1508256000000,21.1100],[1508342400000,20.6200],[1508428800000,23.2400],[1508688000000,24.0900],[1508774400000,24.7500],[1508860800000,24.8800],[1508947200000,24.8800],[1509033600000,25.0400],[1509292800000,25.9400],[1509379200000,27.0500],[1509465600000,27.0500],[1509552000000,27.2400],[1509638400000,28.6900],[1509897600000,30.2700],[1509984000000,30.2700],[1510070400000,30.2700],[1510156800000,30.5000],[1510243200000,30.6600],[1510502400000,32.0700],[1510588800000,33.3900],[1510675200000,33.5400],[1510761600000,34.4900],[1510848000000,34.4300],[1511107200000,35.8500],[1511193600000,33.6500],[1511280000000,33.4900],[1511366400000,32.7000],[1511452800000,33.4400],[1511712000000,32.6600],[1511798400000,32.9700],[1511884800000,33.7500],[1511971200000,34.7900],[1512057600000,34.9900],[1512316800000,35.9300],[1512403200000,37.0100],[1512489600000,39.3500],[1512576000000,39.4400],[1512662400000,40.9500],[1512921600000,40.6400],[1513008000000,39.8200],[1513094400000,39.9700],[1513180800000,39.9100],[1513267200000,41.3100],[1513526400000,42.8400],[1513612800000,44.0500],[1513699200000,43.2900],[1513785600000,43.6600],[1513872000000,43.6600],[1514131200000,45.0400],[1514217600000,45.1900],[1514304000000,44.5000],[1514390400000,43.0500],[1514476800000,41.6800],[1514822400000,28.2400],[1514908800000,30.2300],[1514995200000,26.5600],[1515081600000,25.5000],[1515340800000,46.7200],[1515427200000,46.7200],[1515513600000,46.6500],[1515600000000,46.4200],[1515686400000,46.1200],[1515945600000,47.0300],[1516032000000,45.8100],[1516118400000,45.8100],[1516204800000,45.8100],[1516291200000,45.8100],[1516550400000,41.1000],[1516636800000,40.3300],[1516723200000,40.4900],[1516809600000,40.4900],[1516896000000,40.00],[1517155200000,39.4800],[1517241600000,39.3300],[1517328000000,38.2600],[1517414400000,38.2600],[1517500800000,36.8900],[1517760000000,35.3700],[1517846400000,34.9100]];
/*规模变动*/
var Data_fluctuationScale = {"categories":["2016-12-31","2017-03-31","2017-06-30","2017-09-30","2017-12-31"],"series":[{"y":86.69,"mom":"32.24%"},{"y":72.87,"mom":"-15.94%"},{"y":37.42,"mom":"-48.66%"},{"y":47.84,"mom":"27.86%"},{"y":23.23,"mom":"-51.44%"}]};;
/*持有人结构*/
var Data_holderStructure = {"series":[{"name":"机构持有比例","data":[100.0,100.0,100.0]},{"name":"个人持有比例","data":[0.0,0.0,0.0]},{"name":"内部持有比例","data":[0.0,0.0,0.0]}],"categories":["2016-06-30","2016-12-31","2017-06-30"]};
/*申购赎回*/
var Data_assetAllocation ={"series":[{"name":"期间申购","data":[272.18,214.53,180.56,99.80]},{"name":"期间赎回","data":[286.00,249.98,170.14,124.41]},{"name":"总份额","data":[72.87,37.42,47.84,23.23]}],"categories":["2017-03-31","2017-06-30","2017-09-30","2017-12-31"]};
/*现任基金经理*/
var Data_currentFundManager = [{"id":"30196298","pic":"https://pdf.dfcfw.com/pdf/H8_JPG30196298_1.jpg","name":"谷衡","star":4,"workTime":"5年又87天","fundSize":"2485.14亿(16只基金)","power":{"avr":"66.70","categories":["经验值","收益率","影响力","稳定性","管理规模"],"dsc":["反映基金经理从业年限和管理基金的经验","根据基金经理投资的阶段收益评分，反映\u003cbr\u003e基金经理投资的盈利能力","根据基金经理所管理基金的机构和个人投\u003cbr\u003e资者持有比例评分","反映基金经理投资收益的波动","根据基金经理现任管理基金资产规模评分"],"data":[85.0,77.90,64.40,37.20,94.70],"jzrq":"2018-02-06"},"profit":{"categories":["任期收益","同类平均"],"series":[{"data":[{"name":null,"color":"#7cb5ec","y":6.2233},{"name":null,"color":"#414c7b","y":5.99}]}],"jzrq":"2018-02-06"}},{"id":"30493590","pic":"http://j5.dfcfw.com/avatar/nopic.gif","name":"姚璐伟","star":5,"workTime":"1年又141天","fundSize":"1250.06亿(6只基金)","power":{"avr":"80.01","categories":["经验值","收益率","影响力","稳定性","管理规模"],"dsc":["反映基金经理从业年限和管理基金的经验","根据基金经理投资的阶段收益评分，反映\u003cbr\u003e基金经理投资的盈利能力","根据基金经理所管理基金的机构和个人投\u003cbr\u003e资者持有比例评分","反映基金经理投资收益的波动","根据基金经理现任管理基金资产规模评分"],"data":[37.60,67.40,57.60,96.50,89.40],"jzrq":"2018-02-06"},"profit":{"categories":["任期收益","同类平均"],"series":[{"data":[{"name":null,"color":"#7cb5ec","y":5.1318},{"name":null,"color":"#414c7b","y":5.03}]}],"jzrq":"2018-02-06"}}] ;
/*同类型基金涨幅榜（页面底部通栏）*/
var swithSameType = [['002895_华夏天利货币B_5.8750','002894_华夏天利货币A_5.6210','004398_融通现金宝货币B_5.3370','000902_国开货币B_5.3360','001478_泰康薪意保货币B_5.1400'],['002895_华夏天利货币B_5.26','004973_长城收益宝货币B_5.08','004904_人保货币B_5.05','002884_华润元大现金通货币B_5.01','002894_华夏天利货币A_5.01'],['004973_长城收益宝货币B_5.05','004770_海富通添益货币A_4.99','002884_华润元大现金通货币B_4.99','005151_红土创新优淳货币B_4.90','002895_华夏天利货币B_4.89'],['004770_海富通添益货币A_5.39','004973_长城收益宝货币B_5.13','002884_华润元大现金通货币B_5.03','002895_华夏天利货币B_5.03','004398_融通现金宝货币B_5.01'],['003679_中融现金增利货币C_4.67','003474_南方天天利货币B_4.55','000836_国投瑞银钱多宝货币A_4.52','000837_国投瑞银钱多宝货币I_4.52','003753_工银如意货币B_4.51']];