/**
 * 测试数据
 * @type {arry}
 */
/*2018-02-07 18:03:16*/
//基金或股票信息
var fS_name = "华泰紫金零钱宝货币";
var fS_code = "004860";
var fund_minsg="";
var ishb=true;
/*原费率*/
var fund_sourceRate="0";
/*现费率*/
var fund_Rate="0";
/*最小申购金额*/
var fund_minsg="";
/*收益率*/
/*近一年收益率*/
var syl_1n="";
/*近6月收益率*/
var syl_6y="";
/*近三月收益率*/
var syl_3y="1.0145";
/*近一月收益率*/
var syl_1y="0.3155";
/* 基金收益走势图 每万份收益*/
var Data_millionCopiesIncome = [[1503504000000,0.608],[1503590400000,0.8696],[1503849600000,0.9369],[1503936000000,0.9582],[1504022400000,0.9618],[1504108800000,0.9216],[1504195200000,0.9675],[1504368000000,1.9484],[1504454400000,0.973],[1504540800000,0.8922],[1504627200000,0.9914],[1504713600000,0.9713],[1504800000000,0.9712],[1504972800000,1.9424],[1505059200000,0.9709],[1505145600000,0.9782],[1505232000000,0.9213],[1505318400000,0.7405],[1505404800000,1.0743],[1505577600000,2.1495],[1505664000000,1.0746],[1505750400000,1.0733],[1505836800000,1.0616],[1505923200000,1.0137],[1506009600000,1.0911],[1506182400000,2.2224],[1506268800000,1.1288],[1506355200000,1.1305],[1506441600000,1.1419],[1506528000000,1.1422],[1506614400000,1.1511],[1507392000000,10.3057],[1507478400000,1.2068],[1507564800000,1.1347],[1507651200000,1.1382],[1507737600000,1.1413],[1507824000000,1.1417],[1507996800000,2.2834],[1508083200000,1.1025],[1508169600000,1.0987],[1508256000000,1.0994],[1508342400000,1.1025],[1508428800000,0.8922],[1508601600000,1.8229],[1508688000000,0.8093],[1508774400000,0.9595],[1508860800000,0.9816],[1508947200000,0.9873],[1509033600000,1.0067],[1509206400000,2.0134],[1509292800000,1.0412],[1509379200000,1.0331],[1509465600000,1.0706],[1509552000000,1.0683],[1509638400000,1.0327],[1509811200000,2.0718],[1509897600000,1.0096],[1509984000000,0.9767],[1510070400000,0.9766],[1510156800000,0.9772],[1510243200000,0.9854],[1510416000000,1.9745],[1510502400000,0.9962],[1510588800000,1.0295],[1510675200000,0.9826],[1510761600000,1.0195],[1510848000000,1.0293],[1511020800000,2.0586],[1511107200000,1.03],[1511193600000,0.8998],[1511280000000,0.9609],[1511366400000,1.0505],[1511452800000,0.9808],[1511625600000,2.2232],[1511712000000,1.0692],[1511798400000,1.1319],[1511884800000,1.119],[1511971200000,1.1681],[1512057600000,1.1667],[1512230400000,2.3348],[1512316800000,1.1438],[1512403200000,1.1196],[1512489600000,1.0288],[1512576000000,1.0477],[1512662400000,1.0594],[1512835200000,2.1223],[1512921600000,1.0488],[1513008000000,1.0503],[1513094400000,1.0755],[1513180800000,1.105],[1513267200000,1.1391],[1513440000000,2.2818],[1513526400000,1.1514],[1513612800000,1.1611],[1513699200000,1.1627],[1513785600000,1.1609],[1513872000000,1.2534],[1514044800000,2.5618],[1514131200000,1.2766],[1514217600000,1.3196],[1514304000000,1.5236],[1514390400000,1.6858],[1514476800000,1.7657],[1514649600000,3.5193],[1514736000000,1.7724],[1514822400000,1.4834],[1514908800000,1.2571],[1514995200000,1.0996],[1515081600000,0.9277],[1515254400000,1.9023],[1515340800000,0.8618],[1515427200000,0.8849],[1515513600000,0.9341],[1515600000000,0.9386],[1515686400000,0.9299],[1515859200000,1.9178],[1515945600000,0.8406],[1516032000000,0.8715],[1516118400000,0.9509],[1516204800000,0.9909],[1516291200000,0.9892],[1516464000000,2.017],[1516550400000,0.9945],[1516636800000,1.0276],[1516723200000,0.9323],[1516809600000,0.9772],[1516896000000,1.0476],[1517068800000,2.1032],[1517155200000,1.0584],[1517241600000,1.058],[1517328000000,1.0544],[1517414400000,1.0538],[1517500800000,1.0434],[1517673600000,2.0967],[1517760000000,1.0016],[1517846400000,1.0194]];
/*基金收益走势图   7日年化收益率*/
var Data_sevenDaysYearIncome = [[1503504000000,2.244],[1503590400000,2.733],[1503849600000,3.192],[1503936000000,3.253],[1504022400000,3.299],[1504108800000,3.468],[1504195200000,3.52],[1504368000000,3.552],[1504454400000,3.572],[1504540800000,3.536],[1504627200000,3.552],[1504713600000,3.579],[1504800000000,3.581],[1504972800000,3.578],[1505059200000,3.576],[1505145600000,3.623],[1505232000000,3.585],[1505318400000,3.46],[1505404800000,3.516],[1505577600000,3.628],[1505664000000,3.684],[1505750400000,3.735],[1505836800000,3.811],[1505923200000,3.959],[1506009600000,3.968],[1506182400000,4.008],[1506268800000,4.037],[1506355200000,4.068],[1506441600000,4.112],[1506528000000,4.182],[1506614400000,4.214],[1507392000000,4.264],[1507478400000,4.298],[1507564800000,4.293],[1507651200000,4.29],[1507737600000,4.288],[1507824000000,4.287],[1507996800000,4.284],[1508083200000,4.228],[1508169600000,4.208],[1508256000000,4.187],[1508342400000,4.166],[1508428800000,4.031],[1508601600000,3.781],[1508688000000,3.623],[1508774400000,3.547],[1508860800000,3.484],[1508947200000,3.422],[1509033600000,3.484],[1509206400000,3.586],[1509292800000,3.712],[1509379200000,3.751],[1509465600000,3.8],[1509552000000,3.843],[1509638400000,3.858],[1509811200000,3.889],[1509897600000,3.872],[1509984000000,3.842],[1510070400000,3.791],[1510156800000,3.741],[1510243200000,3.716],[1510416000000,3.663],[1510502400000,3.656],[1510588800000,3.684],[1510675200000,3.688],[1510761600000,3.711],[1510848000000,3.734],[1511020800000,3.78],[1511107200000,3.798],[1511193600000,3.728],[1511280000000,3.716],[1511366400000,3.733],[1511452800000,3.707],[1511625600000,3.796],[1511712000000,3.817],[1511798400000,3.943],[1511884800000,4.028],[1511971200000,4.092],[1512057600000,4.193],[1512230400000,4.254],[1512316800000,4.294],[1512403200000,4.288],[1512489600000,4.239],[1512576000000,4.173],[1512662400000,4.115],[1512835200000,4.0],[1512921600000,3.948],[1513008000000,3.911],[1513094400000,3.936],[1513180800000,3.967],[1513267200000,4.01],[1513440000000,4.097],[1513526400000,4.152],[1513612800000,4.213],[1513699200000,4.26],[1513785600000,4.29],[1513872000000,4.353],[1514044800000,4.505],[1514131200000,4.573],[1514217600000,4.66],[1514304000000,4.857],[1514390400000,5.144],[1514476800000,5.425],[1514649600000,5.953],[1514736000000,6.227],[1514822400000,6.318],[1514908800000,6.17],[1514995200000,5.846],[1515081600000,5.385],[1515254400000,4.5],[1515340800000,4.005],[1515427200000,3.681],[1515513600000,3.507],[1515600000000,3.42],[1515686400000,3.421],[1515859200000,3.429],[1515945600000,3.418],[1516032000000,3.411],[1516118400000,3.42],[1516204800000,3.448],[1516291200000,3.48],[1516464000000,3.534],[1516550400000,3.617],[1516636800000,3.701],[1516723200000,3.691],[1516809600000,3.684],[1516896000000,3.715],[1517068800000,3.762],[1517155200000,3.796],[1517241600000,3.813],[1517328000000,3.879],[1517414400000,3.92],[1517500800000,3.918],[1517673600000,3.915],[1517760000000,3.884],[1517846400000,3.863]];
/*资产配置*/
var Data_assetAllocationCurrency ={"categories":["12-31"],"series":[{"name":"股票","data":[null]},{"name":"债券","data":[4.66]},{"name":"现金","data":[45.59]}]};
/*累计收益率走势*/
var Data_grandTotal = [{"name":"华泰紫金零钱宝货币","data":[[1503504000000,0],[1503590400000,0.01],[1503849600000,0.02],[1503936000000,0.03],[1504022400000,0.04],[1504108800000,0.05],[1504195200000,0.06],[1504368000000,0.08],[1504454400000,0.09],[1504540800000,0.09],[1504627200000,0.10],[1504713600000,0.11],[1504800000000,0.12],[1504972800000,0.14],[1505059200000,0.15],[1505145600000,0.16],[1505232000000,0.17],[1505318400000,0.18],[1505404800000,0.19],[1505577600000,0.21],[1505664000000,0.22],[1505750400000,0.23],[1505836800000,0.24],[1505923200000,0.25],[1506009600000,0.26],[1506182400000,0.29],[1506268800000,0.30],[1506355200000,0.31],[1506441600000,0.32],[1506528000000,0.33],[1506614400000,0.34],[1507392000000,0.45],[1507478400000,0.46],[1507564800000,0.47],[1507651200000,0.48],[1507737600000,0.49],[1507824000000,0.51],[1507996800000,0.53],[1508083200000,0.54],[1508169600000,0.55],[1508256000000,0.56],[1508342400000,0.57],[1508428800000,0.58],[1508601600000,0.60],[1508688000000,0.61],[1508774400000,0.62],[1508860800000,0.63],[1508947200000,0.64],[1509033600000,0.65],[1509206400000,0.67],[1509292800000,0.68],[1509379200000,0.69],[1509465600000,0.70],[1509552000000,0.71],[1509638400000,0.72],[1509811200000,0.74],[1509897600000,0.75],[1509984000000,0.76],[1510070400000,0.77],[1510156800000,0.78],[1510243200000,0.79],[1510416000000,0.81],[1510502400000,0.82],[1510588800000,0.83],[1510675200000,0.84],[1510761600000,0.85],[1510848000000,0.86],[1511020800000,0.88],[1511107200000,0.89],[1511193600000,0.90],[1511280000000,0.91],[1511366400000,0.92],[1511452800000,0.93],[1511625600000,0.96],[1511712000000,0.97],[1511798400000,0.98],[1511884800000,0.99],[1511971200000,1.00],[1512057600000,1.01],[1512230400000,1.04],[1512316800000,1.05],[1512403200000,1.06],[1512489600000,1.07],[1512576000000,1.08],[1512662400000,1.09],[1512835200000,1.11],[1512921600000,1.12],[1513008000000,1.13],[1513094400000,1.14],[1513180800000,1.16],[1513267200000,1.17],[1513440000000,1.19],[1513526400000,1.20],[1513612800000,1.21],[1513699200000,1.22],[1513785600000,1.24],[1513872000000,1.25],[1514044800000,1.28],[1514131200000,1.29],[1514217600000,1.30],[1514304000000,1.32],[1514390400000,1.33],[1514476800000,1.35],[1514649600000,1.39],[1514736000000,1.41],[1514822400000,1.42],[1514908800000,1.43],[1514995200000,1.44],[1515081600000,1.45],[1515254400000,1.47],[1515340800000,1.48],[1515427200000,1.49],[1515513600000,1.50],[1515600000000,1.51],[1515686400000,1.52],[1515859200000,1.54],[1515945600000,1.55],[1516032000000,1.56],[1516118400000,1.57],[1516204800000,1.58],[1516291200000,1.59],[1516464000000,1.61],[1516550400000,1.62],[1516636800000,1.63],[1516723200000,1.64],[1516809600000,1.65],[1516896000000,1.66],[1517068800000,1.68],[1517155200000,1.69],[1517241600000,1.70],[1517328000000,1.71],[1517414400000,1.72],[1517500800000,1.73],[1517673600000,1.75],[1517760000000,1.76],[1517846400000,1.77]]},{"name":"同类平均","data":[[1503504000000,0],[1503590400000,0.01],[1503849600000,0.04],[1503936000000,0.05],[1504022400000,0.06],[1504108800000,0.07],[1504195200000,0.08],[1504454400000,0.12],[1504540800000,0.13],[1504627200000,0.14],[1504713600000,0.15],[1504800000000,0.16],[1505059200000,0.19],[1505145600000,0.20],[1505232000000,0.21],[1505318400000,0.22],[1505404800000,0.23],[1505664000000,0.26],[1505750400000,0.28],[1505836800000,0.29],[1505923200000,0.30],[1506009600000,0.31],[1506268800000,0.34],[1506355200000,0.35],[1506441600000,0.36],[1506528000000,0.37],[1506614400000,0.38],[1507478400000,0.50],[1507564800000,0.51],[1507651200000,0.52],[1507737600000,0.53],[1507824000000,0.54],[1508083200000,0.57],[1508169600000,0.58],[1508256000000,0.59],[1508342400000,0.60],[1508428800000,0.61],[1508688000000,0.64],[1508774400000,0.66],[1508860800000,0.67],[1508947200000,0.68],[1509033600000,0.69],[1509292800000,0.72],[1509379200000,0.73],[1509465600000,0.74],[1509552000000,0.75],[1509638400000,0.76],[1509897600000,0.79],[1509984000000,0.80],[1510070400000,0.81],[1510156800000,0.83],[1510243200000,0.84],[1510502400000,0.87],[1510588800000,0.88],[1510675200000,0.89],[1510761600000,0.90],[1510848000000,0.91],[1511107200000,0.94],[1511193600000,0.95],[1511280000000,0.96],[1511366400000,0.98],[1511452800000,0.99],[1511712000000,1.02],[1511798400000,1.03],[1511884800000,1.04],[1511971200000,1.05],[1512057600000,1.06],[1512316800000,1.10],[1512403200000,1.11],[1512489600000,1.12],[1512576000000,1.13],[1512662400000,1.14],[1512921600000,1.18],[1513008000000,1.19],[1513094400000,1.20],[1513180800000,1.21],[1513267200000,1.22],[1513526400000,1.25],[1513612800000,1.27],[1513699200000,1.28],[1513785600000,1.29],[1513872000000,1.30],[1514131200000,1.34],[1514217600000,1.35],[1514304000000,1.36],[1514390400000,1.37],[1514476800000,1.39],[1514822400000,1.44],[1514908800000,1.46],[1514995200000,1.47],[1515081600000,1.48],[1515340800000,1.52],[1515427200000,1.53],[1515513600000,1.54],[1515600000000,1.55],[1515686400000,1.56],[1515945600000,1.60],[1516032000000,1.61],[1516118400000,1.62],[1516204800000,1.63],[1516291200000,1.64],[1516550400000,1.68],[1516636800000,1.69],[1516723200000,1.70],[1516809600000,1.71],[1516896000000,1.72],[1517155200000,1.76],[1517241600000,1.77],[1517328000000,1.78],[1517414400000,1.79],[1517500800000,1.80],[1517760000000,1.84],[1517846400000,1.85]]},{"name":"沪深300","data":[[1503504000000,0],[1503590400000,1.64],[1503849600000,2.89],[1503936000000,2.67],[1504022400000,2.67],[1504108800000,2.34],[1504195200000,2.57],[1504454400000,2.97],[1504540800000,3.28],[1504627200000,3.07],[1504713600000,2.55],[1504800000000,2.45],[1505059200000,2.44],[1505145600000,2.77],[1505232000000,2.89],[1505318400000,2.55],[1505404800000,2.59],[1505664000000,2.91],[1505750400000,2.61],[1505836800000,2.89],[1505923200000,2.76],[1506009600000,2.76],[1506268800000,2.23],[1506355200000,2.31],[1506441600000,2.32],[1506528000000,2.35],[1506614400000,2.73],[1507478400000,3.95],[1507564800000,4.16],[1507651200000,4.50],[1507737600000,4.77],[1507824000000,4.99],[1508083200000,4.79],[1508169600000,4.78],[1508256000000,5.61],[1508342400000,5.26],[1508428800000,5.15],[1508688000000,5.25],[1508774400000,6.02],[1508860800000,6.49],[1508947200000,6.93],[1509033600000,7.69],[1509292800000,7.37],[1509379200000,7.29],[1509465600000,7.01],[1509552000000,7.03],[1509638400000,6.91],[1509897600000,7.66],[1509984000000,8.56],[1510070400000,8.39],[1510156800000,9.14],[1510243200000,10.10],[1510502400000,10.53],[1510588800000,9.77],[1510675200000,9.08],[1510761600000,9.92],[1510848000000,10.34],[1511107200000,10.96],[1511193600000,12.93],[1511280000000,13.20],[1511366400000,9.85],[1511452800000,9.90],[1511712000000,8.44],[1511798400000,8.60],[1511884800000,8.54],[1511971200000,7.27],[1512057600000,7.06],[1512316800000,7.61],[1512403200000,8.18],[1512489600000,7.53],[1512576000000,6.33],[1512662400000,7.20],[1512921600000,8.97],[1513008000000,7.53],[1513094400000,8.45],[1513180800000,7.81],[1513267200000,6.59],[1513526400000,6.71],[1513612800000,8.05],[1513699200000,7.92],[1513785600000,8.92],[1513872000000,8.57],[1514131200000,8.22],[1514217600000,8.54],[1514304000000,6.87],[1514390400000,7.61],[1514476800000,7.93],[1514822400000,9.45],[1514908800000,10.09],[1514995200000,10.55],[1515081600000,10.82],[1515340800000,11.39],[1515427200000,12.17],[1515513600000,12.67],[1515600000000,12.61],[1515686400000,13.13],[1515945600000,13.14],[1516032000000,14.03],[1516118400000,13.75],[1516204800000,14.37],[1516291200000,14.75],[1516550400000,16.12],[1516636800000,17.35],[1516723200000,17.54],[1516809600000,16.88],[1516896000000,17.32],[1517155200000,15.19],[1517241600000,13.96],[1517328000000,14.49],[1517414400000,13.69],[1517500800000,14.37],[1517760000000,14.45],[1517846400000,11.09]]}];
/*同类排名*/
var Data_rateInSimilarType = [{"x":1511452800000,"y":535,"sc":"637"},{"x":1511712000000,"y":484,"sc":"640"},{"x":1511798400000,"y":477,"sc":"640"},{"x":1511884800000,"y":475,"sc":"640"},{"x":1511971200000,"y":470,"sc":"641"},{"x":1512057600000,"y":466,"sc":"643"},{"x":1512316800000,"y":452,"sc":"643"},{"x":1512403200000,"y":442,"sc":"643"},{"x":1512489600000,"y":443,"sc":"643"},{"x":1512576000000,"y":444,"sc":"644"},{"x":1512662400000,"y":441,"sc":"652"},{"x":1512921600000,"y":434,"sc":"652"},{"x":1513008000000,"y":434,"sc":"653"},{"x":1513094400000,"y":433,"sc":"653"},{"x":1513180800000,"y":425,"sc":"654"},{"x":1513267200000,"y":422,"sc":"656"},{"x":1513526400000,"y":423,"sc":"656"},{"x":1513612800000,"y":425,"sc":"656"},{"x":1513699200000,"y":420,"sc":"656"},{"x":1513785600000,"y":418,"sc":"655"},{"x":1513872000000,"y":413,"sc":"655"},{"x":1514131200000,"y":403,"sc":"655"},{"x":1514217600000,"y":397,"sc":"655"},{"x":1514304000000,"y":387,"sc":"654"},{"x":1514390400000,"y":376,"sc":"655"},{"x":1514476800000,"y":357,"sc":"655"},{"x":1514822400000,"y":271,"sc":"655"},{"x":1514908800000,"y":254,"sc":"655"},{"x":1514995200000,"y":247,"sc":"655"},{"x":1515081600000,"y":245,"sc":"655"},{"x":1515340800000,"y":363,"sc":"655"},{"x":1515427200000,"y":371,"sc":"655"},{"x":1515513600000,"y":382,"sc":"656"},{"x":1515600000000,"y":392,"sc":"657"},{"x":1515686400000,"y":404,"sc":"657"},{"x":1515945600000,"y":424,"sc":"657"},{"x":1516032000000,"y":432,"sc":"657"},{"x":1516118400000,"y":437,"sc":"657"},{"x":1516204800000,"y":442,"sc":"657"},{"x":1516291200000,"y":453,"sc":"657"},{"x":1516550400000,"y":455,"sc":"657"},{"x":1516636800000,"y":452,"sc":"657"},{"x":1516723200000,"y":455,"sc":"657"},{"x":1516809600000,"y":456,"sc":"657"},{"x":1516896000000,"y":456,"sc":"655"},{"x":1517155200000,"y":461,"sc":"656"},{"x":1517241600000,"y":465,"sc":"656"},{"x":1517328000000,"y":468,"sc":"656"},{"x":1517414400000,"y":471,"sc":"656"},{"x":1517500800000,"y":470,"sc":"656"},{"x":1517760000000,"y":473,"sc":"656"},{"x":1517846400000,"y":473,"sc":"656"}];
/*百分比排名*/
var Data_rateInSimilarPersent = [[1511452800000,16.0100],[1511712000000,24.3700],[1511798400000,25.4700],[1511884800000,25.7800],[1511971200000,26.6800],[1512057600000,27.5300],[1512316800000,29.7000],[1512403200000,31.2600],[1512489600000,31.1000],[1512576000000,31.0600],[1512662400000,32.3600],[1512921600000,33.4400],[1513008000000,33.5400],[1513094400000,33.6900],[1513180800000,35.0200],[1513267200000,35.6700],[1513526400000,35.5200],[1513612800000,35.2100],[1513699200000,35.9800],[1513785600000,36.1800],[1513872000000,36.9500],[1514131200000,38.4700],[1514217600000,39.3900],[1514304000000,40.8300],[1514390400000,42.6000],[1514476800000,45.5000],[1514822400000,58.6300],[1514908800000,61.2200],[1514995200000,62.2900],[1515081600000,62.6000],[1515340800000,44.5800],[1515427200000,43.3600],[1515513600000,41.7700],[1515600000000,40.3300],[1515686400000,38.5100],[1515945600000,35.4600],[1516032000000,34.2500],[1516118400000,33.4900],[1516204800000,32.7200],[1516291200000,31.0500],[1516550400000,30.7500],[1516636800000,31.2000],[1516723200000,30.7500],[1516809600000,30.5900],[1516896000000,30.3800],[1517155200000,29.7300],[1517241600000,29.1200],[1517328000000,28.6600],[1517414400000,28.2000],[1517500800000,28.3500],[1517760000000,27.9000],[1517846400000,27.9000]];
/*规模变动*/
var Data_fluctuationScale = {"categories":["2017-08-24","2017-08-25","2017-08-28","2017-12-31"],"series":[{"y":2.65,"mom":"--"},{"y":2.65,"mom":"0.01%"},{"y":2.65,"mom":"0.03%"},{"y":1.69,"mom":"-36.24%"}]};;
/*持有人结构*/
var Data_holderStructure = {"series":[{"name":"机构持有比例","data":[]},{"name":"个人持有比例","data":[]},{"name":"内部持有比例","data":[]}],"categories":[]};
/*申购赎回*/
var Data_assetAllocation ={"series":[{"name":"期间申购","data":[0.00,1.04]},{"name":"期间赎回","data":[0.00,0.44]},{"name":"总份额","data":[2.65,1.69]}],"categories":["2017-08-24","2017-12-31"]};
/*现任基金经理*/
var Data_currentFundManager = [{"id":"30549685","pic":"http://j5.dfcfw.com/avatar/nopic.gif","name":"李博良","star":0,"workTime":"167天","fundSize":"1.69亿(3只基金)","power":{"avr":"暂无数据","categories":["经验值","收益率","影响力","稳定性","管理规模"],"dsc":["反映基金经理从业年限和管理基金的经验","根据基金经理投资的阶段收益评分，反映\u003cbr\u003e基金经理投资的盈利能力","根据基金经理所管理基金的机构和个人投\u003cbr\u003e资者持有比例评分","反映基金经理投资收益的波动","根据基金经理现任管理基金资产规模评分"],"data":[null,null,null,null,null],"jzrq":"2018-02-06"},"profit":{"categories":["任期收益","同类平均"],"series":[{"data":[{"name":null,"color":"#7cb5ec","y":1.7803},{"name":null,"color":"#414c7b","y":1.86}]}],"jzrq":"2018-02-06"}}] ;
/*同类型基金涨幅榜（页面底部通栏）*/
var swithSameType = [['002895_华夏天利货币B_5.8750','002894_华夏天利货币A_5.6210','004398_融通现金宝货币B_5.3370','000902_国开货币B_5.3360','001478_泰康薪意保货币B_5.1400'],['002895_华夏天利货币B_5.26','004973_长城收益宝货币B_5.08','004904_人保货币B_5.05','002884_华润元大现金通货币B_5.01','002894_华夏天利货币A_5.01'],['004973_长城收益宝货币B_5.05','004770_海富通添益货币A_4.99','002884_华润元大现金通货币B_4.99','005151_红土创新优淳货币B_4.90','002895_华夏天利货币B_4.89'],['004770_海富通添益货币A_5.39','004973_长城收益宝货币B_5.13','002884_华润元大现金通货币B_5.03','002895_华夏天利货币B_5.03','004398_融通现金宝货币B_5.01'],['003679_中融现金增利货币C_4.67','003474_南方天天利货币B_4.55','000836_国投瑞银钱多宝货币A_4.52','000837_国投瑞银钱多宝货币I_4.52','003753_工银如意货币B_4.51']];