/**
 * 测试数据
 * @type {arry}
 */
/*2018-02-07 17:59:41*/
//基金或股票信息
var fS_name = "东吴增鑫宝货币A";
var fS_code = "003588";
var fund_minsg="100";
var ishb=true;
/*原费率*/
var fund_sourceRate="0";
/*现费率*/
var fund_Rate="0";
/*最小申购金额*/
var fund_minsg="100";
/*收益率*/
/*近一年收益率*/
var syl_1n="4.005";
/*近6月收益率*/
var syl_6y="2.0099";
/*近三月收益率*/
var syl_3y="1.0074";
/*近一月收益率*/
var syl_1y="0.3468";
/* 基金收益走势图 每万份收益*/
var Data_millionCopiesIncome = [[1478793600000,0.4066],[1479398400000,1.4952],[1479571200000,1.1068],[1479657600000,0.5515],[1479744000000,0.5849],[1479830400000,0.5925],[1479916800000,0.5865],[1480003200000,0.6113],[1480176000000,1.1873],[1480262400000,0.5901],[1480348800000,0.615],[1480435200000,0.7574],[1480521600000,0.6961],[1480608000000,0.7277],[1480780800000,1.4629],[1480867200000,0.72],[1480953600000,0.7301],[1481040000000,0.6699],[1481126400000,0.6938],[1481212800000,0.7522],[1481385600000,1.5076],[1481472000000,0.7526],[1481558400000,0.7436],[1481644800000,0.7743],[1481731200000,0.7732],[1481817600000,0.9309],[1481990400000,1.8419],[1482076800000,0.89],[1482163200000,1.0798],[1482249600000,1.2214],[1482336000000,1.2207],[1482422400000,1.2063],[1482595200000,2.4347],[1482681600000,0.5121],[1482768000000,0.4586],[1482854400000,1.1376],[1482940800000,1.3145],[1483027200000,1.2517],[1483113600000,1.2509],[1483286400000,2.5095],[1483372800000,1.1294],[1483459200000,0.7973],[1483545600000,0.8457],[1483632000000,0.9281],[1483804800000,1.7436],[1483891200000,0.8571],[1483977600000,0.8696],[1484064000000,0.844],[1484150400000,0.7215],[1484236800000,0.8413],[1484409600000,1.6204],[1484496000000,0.816],[1484582400000,0.852],[1484668800000,0.8992],[1484755200000,1.0312],[1484841600000,0.9326],[1485014400000,1.8649],[1485100800000,0.9134],[1485187200000,0.9303],[1485273600000,0.9631],[1485360000000,0.9477],[1485964800000,6.6317],[1486051200000,0.9183],[1486224000000,1.7734],[1486310400000,0.897],[1486396800000,0.8873],[1486483200000,0.9612],[1486569600000,0.9329],[1486656000000,0.9325],[1486828800000,1.8648],[1486915200000,0.918],[1487001600000,0.9766],[1487088000000,0.9664],[1487174400000,0.9228],[1487260800000,0.9409],[1487433600000,1.8763],[1487520000000,0.949],[1487606400000,0.9778],[1487692800000,1.0013],[1487779200000,1.0246],[1487865600000,1.02],[1488038400000,1.9661],[1488124800000,1.0201],[1488211200000,1.0242],[1488297600000,1.0408],[1488384000000,1.0387],[1488470400000,1.0227],[1488643200000,2.045],[1488729600000,1.0244],[1488816000000,0.9967],[1488902400000,0.9889],[1488988800000,0.9887],[1489075200000,0.9978],[1489248000000,1.9883],[1489334400000,0.9824],[1489420800000,0.9807],[1489507200000,0.9692],[1489593600000,0.9758],[1489680000000,1.0761],[1489852800000,1.9976],[1489939200000,1.01],[1490025600000,1.1071],[1490112000000,1.1129],[1490198400000,1.1175],[1490284800000,1.1196],[1490457600000,2.2362],[1490544000000,1.1341],[1490630400000,1.0575],[1490716800000,1.0566],[1490803200000,1.1014],[1490889600000,1.1005],[1491235200000,4.5313],[1491321600000,1.1297],[1491408000000,1.2497],[1491494400000,1.1523],[1491667200000,2.224],[1491753600000,1.0995],[1491840000000,1.0814],[1491926400000,1.0816],[1492012800000,1.0756],[1492099200000,1.0766],[1492272000000,2.1525],[1492358400000,1.067],[1492444800000,1.075],[1492531200000,1.085],[1492617600000,1.0925],[1492704000000,1.0926],[1492876800000,2.113],[1492963200000,1.0956],[1493049600000,1.0926],[1493136000000,1.0925],[1493222400000,1.088],[1493308800000,1.0879],[1493568000000,3.2628],[1493654400000,1.0824],[1493740800000,1.0839],[1493827200000,1.0771],[1493913600000,1.0764],[1494086400000,2.1524],[1494172800000,1.0832],[1494259200000,1.0848],[1494345600000,1.0806],[1494432000000,1.0763],[1494518400000,1.0768],[1494691200000,2.153],[1494777600000,1.0792],[1494864000000,1.0761],[1494950400000,1.0793],[1495036800000,1.0802],[1495123200000,1.0781],[1495296000000,2.1565],[1495382400000,1.0832],[1495468800000,1.1018],[1495555200000,1.0888],[1495641600000,1.0939],[1495728000000,1.0916],[1496073600000,4.3623],[1496160000000,1.0912],[1496246400000,1.0574],[1496332800000,1.0526],[1496505600000,2.095],[1496592000000,1.0825],[1496678400000,1.0903],[1496764800000,1.0901],[1496851200000,1.1061],[1496937600000,1.107],[1497110400000,2.1932],[1497196800000,1.1028],[1497283200000,1.1088],[1497369600000,1.1334],[1497456000000,1.1358],[1497542400000,1.1412],[1497715200000,2.2821],[1497801600000,1.1368],[1497888000000,1.1384],[1497974400000,1.1441],[1498060800000,1.1475],[1498147200000,1.1638],[1498320000000,2.3294],[1498406400000,1.1568],[1498492800000,1.1774],[1498579200000,1.1868],[1498665600000,1.1861],[1498752000000,1.1775],[1498924800000,2.3556],[1499011200000,1.177],[1499097600000,1.1609],[1499184000000,1.1165],[1499270400000,1.1223],[1499356800000,1.055],[1499529600000,2.1791],[1499616000000,1.0874],[1499702400000,1.0841],[1499788800000,1.0666],[1499875200000,1.0597],[1499961600000,1.054],[1500134400000,2.1037],[1500220800000,1.0592],[1500307200000,1.0598],[1500393600000,1.0587],[1500480000000,1.0652],[1500566400000,1.0646],[1500739200000,2.1288],[1500825600000,1.0678],[1500912000000,1.0689],[1500998400000,1.0662],[1501084800000,1.0672],[1501171200000,1.0636],[1501344000000,2.1269],[1501430400000,1.0595],[1501516800000,1.0589],[1501603200000,1.0571],[1501689600000,1.0668],[1501776000000,1.065],[1501948800000,2.1303],[1502035200000,1.0615],[1502121600000,1.0626],[1502208000000,1.07],[1502294400000,1.0723],[1502380800000,1.0763],[1502553600000,2.1548],[1502640000000,1.0717],[1502726400000,1.0648],[1502812800000,1.0668],[1502899200000,1.0669],[1502985600000,1.0739],[1503158400000,2.15],[1503244800000,1.0674],[1503331200000,1.074],[1503417600000,1.0756],[1503504000000,1.0735],[1503590400000,1.0788],[1503763200000,2.1572],[1503849600000,1.0682],[1503936000000,1.0642],[1504022400000,1.1062],[1504108800000,1.1244],[1504195200000,1.0916],[1504368000000,2.1595],[1504454400000,1.0712],[1504540800000,0.9793],[1504627200000,0.9605],[1504713600000,1.0343],[1504800000000,1.0583],[1504972800000,2.099],[1505059200000,1.0742],[1505145600000,1.0738],[1505232000000,1.0688],[1505318400000,1.0588],[1505404800000,1.0572],[1505577600000,2.116],[1505664000000,1.0538],[1505750400000,1.0507],[1505836800000,1.0648],[1505923200000,1.0653],[1506009600000,1.073],[1506182400000,2.1458],[1506268800000,1.0702],[1506355200000,1.0971],[1506441600000,1.1232],[1506528000000,1.102],[1506614400000,1.1167],[1507392000000,10.0334],[1507478400000,1.1778],[1507564800000,1.1449],[1507651200000,1.1422],[1507737600000,1.1095],[1507824000000,1.0853],[1507996800000,2.1635],[1508083200000,1.0849],[1508169600000,1.042],[1508256000000,1.0614],[1508342400000,1.0927],[1508428800000,1.0605],[1508601600000,2.1087],[1508688000000,1.066],[1508774400000,1.0209],[1508860800000,1.0441],[1508947200000,1.0522],[1509033600000,1.0358],[1509206400000,2.0712],[1509292800000,1.0785],[1509379200000,1.0337],[1509465600000,1.0598],[1509552000000,1.0519],[1509638400000,1.0944],[1509811200000,2.0517],[1509897600000,1.0594],[1509984000000,1.0336],[1510070400000,1.0067],[1510156800000,1.0229],[1510243200000,1.0426],[1510416000000,2.0527],[1510502400000,1.023],[1510588800000,1.0125],[1510675200000,0.9832],[1510761600000,1.0411],[1510848000000,0.9751],[1511020800000,1.9293],[1511107200000,0.9887],[1511193600000,1.0303],[1511280000000,1.0463],[1511366400000,1.0489],[1511452800000,1.0474],[1511625600000,2.1032],[1511712000000,1.0476],[1511798400000,0.8132],[1511884800000,1.0924],[1511971200000,1.0194],[1512057600000,1.0872],[1512230400000,2.197],[1512316800000,1.0872],[1512403200000,0.9003],[1512489600000,1.0642],[1512576000000,1.0218],[1512662400000,1.0665],[1512835200000,2.1244],[1512921600000,1.0647],[1513008000000,1.0635],[1513094400000,1.0068],[1513180800000,1.0711],[1513267200000,1.0157],[1513440000000,2.1773],[1513526400000,1.1021],[1513612800000,1.1401],[1513699200000,1.1134],[1513785600000,1.1704],[1513872000000,1.1229],[1514044800000,2.2226],[1514131200000,1.1818],[1514217600000,1.1075],[1514304000000,1.0234],[1514390400000,1.3411],[1514476800000,1.3935],[1514649600000,2.7781],[1514736000000,1.3894],[1514822400000,1.3937],[1514908800000,1.3921],[1514995200000,1.2772],[1515081600000,1.1658],[1515254400000,2.3139],[1515340800000,1.129],[1515427200000,1.1058],[1515513600000,0.8258],[1515600000000,1.0469],[1515686400000,1.0253],[1515859200000,2.051],[1515945600000,1.0334],[1516032000000,1.0442],[1516118400000,1.0532],[1516204800000,1.0636],[1516291200000,1.0757],[1516464000000,2.1567],[1516550400000,1.0852],[1516636800000,1.0965],[1516723200000,1.1108],[1516809600000,1.1262],[1516896000000,1.1322],[1517068800000,2.2513],[1517155200000,1.125],[1517241600000,1.1245],[1517328000000,1.132],[1517414400000,1.1564],[1517500800000,1.1007],[1517673600000,2.1408],[1517760000000,1.0615],[1517846400000,1.0587]];
/*基金收益走势图   7日年化收益率*/
var Data_sevenDaysYearIncome = [[1478793600000,2.004],[1479398400000,2.111],[1479571200000,2.264],[1479657600000,2.339],[1479744000000,2.433],[1479830400000,2.514],[1479916800000,2.597],[1480003200000,2.125],[1480176000000,2.168],[1480262400000,2.189],[1480348800000,2.205],[1480435200000,2.293],[1480521600000,2.351],[1480608000000,2.413],[1480780800000,2.561],[1480867200000,2.63],[1480953600000,2.692],[1481040000000,2.645],[1481126400000,2.644],[1481212800000,2.657],[1481385600000,2.681],[1481472000000,2.698],[1481558400000,2.705],[1481644800000,2.761],[1481731200000,2.804],[1481817600000,2.9],[1481990400000,3.079],[1482076800000,3.153],[1482163200000,3.334],[1482249600000,3.575],[1482336000000,3.817],[1482422400000,3.966],[1482595200000,4.288],[1482681600000,4.083],[1482768000000,3.746],[1482854400000,3.701],[1482940800000,3.752],[1483027200000,3.776],[1483113600000,3.794],[1483286400000,4.217],[1483372800000,4.583],[1483459200000,4.397],[1483545600000,4.142],[1483632000000,3.967],[1483804800000,3.554],[1483891200000,3.34],[1483977600000,3.2],[1484064000000,3.225],[1484150400000,3.158],[1484236800000,3.112],[1484409600000,3.046],[1484496000000,3.024],[1484582400000,3.014],[1484668800000,3.044],[1484755200000,3.21],[1484841600000,3.259],[1485014400000,3.391],[1485100800000,3.444],[1485187200000,3.486],[1485273600000,3.52],[1485360000000,3.475],[1485964800000,3.518],[1486051200000,3.502],[1486224000000,3.437],[1486310400000,3.41],[1486396800000,3.377],[1486483200000,3.385],[1486569600000,3.377],[1486656000000,3.385],[1486828800000,3.434],[1486915200000,3.445],[1487001600000,3.494],[1487088000000,3.496],[1487174400000,3.491],[1487260800000,3.496],[1487433600000,3.502],[1487520000000,3.518],[1487606400000,3.519],[1487692800000,3.538],[1487779200000,3.593],[1487865600000,3.636],[1488038400000,3.684],[1488124800000,3.723],[1488211200000,3.748],[1488297600000,3.769],[1488384000000,3.777],[1488470400000,3.778],[1488643200000,3.821],[1488729600000,3.823],[1488816000000,3.808],[1488902400000,3.78],[1488988800000,3.753],[1489075200000,3.74],[1489248000000,3.709],[1489334400000,3.686],[1489420800000,3.678],[1489507200000,3.667],[1489593600000,3.66],[1489680000000,3.702],[1489852800000,3.707],[1489939200000,3.722],[1490025600000,3.791],[1490112000000,3.869],[1490198400000,3.945],[1490284800000,3.969],[1490457600000,4.098],[1490544000000,4.166],[1490630400000,4.139],[1490716800000,4.108],[1490803200000,4.099],[1490889600000,4.089],[1491235200000,4.145],[1491321600000,4.185],[1491408000000,4.265],[1491494400000,4.294],[1491667200000,4.271],[1491753600000,4.253],[1491840000000,4.225],[1491926400000,4.199],[1492012800000,4.104],[1492099200000,4.063],[1492272000000,4.024],[1492358400000,4.007],[1492444800000,4.003],[1492531200000,4.005],[1492617600000,4.014],[1492704000000,4.023],[1492876800000,4.002],[1492963200000,4.017],[1493049600000,4.027],[1493136000000,4.031],[1493222400000,4.028],[1493308800000,4.026],[1493568000000,4.055],[1493654400000,4.05],[1493740800000,4.045],[1493827200000,4.039],[1493913600000,4.033],[1494086400000,4.02],[1494172800000,4.018],[1494259200000,4.019],[1494345600000,4.017],[1494432000000,4.017],[1494518400000,4.017],[1494691200000,4.018],[1494777600000,4.015],[1494864000000,4.011],[1494950400000,4.01],[1495036800000,4.012],[1495123200000,4.013],[1495296000000,4.015],[1495382400000,4.017],[1495468800000,4.031],[1495555200000,4.036],[1495641600000,4.043],[1495728000000,4.051],[1496073600000,4.062],[1496160000000,4.063],[1496246400000,4.044],[1496332800000,4.022],[1496505600000,3.975],[1496592000000,3.971],[1496678400000,3.971],[1496764800000,3.971],[1496851200000,3.997],[1496937600000,4.026],[1497110400000,4.08],[1497196800000,4.091],[1497283200000,4.101],[1497369600000,4.124],[1497456000000,4.14],[1497542400000,4.159],[1497715200000,4.207],[1497801600000,4.226],[1497888000000,4.242],[1497974400000,4.248],[1498060800000,4.254],[1498147200000,4.266],[1498320000000,4.292],[1498406400000,4.303],[1498492800000,4.324],[1498579200000,4.347],[1498665600000,4.368],[1498752000000,4.376],[1498924800000,4.39],[1499011200000,4.401],[1499097600000,4.392],[1499184000000,4.354],[1499270400000,4.319],[1499356800000,4.253],[1499529600000,4.157],[1499616000000,4.108],[1499702400000,4.066],[1499788800000,4.039],[1499875200000,4.005],[1499961600000,4.005],[1500134400000,3.964],[1500220800000,3.949],[1500307200000,3.935],[1500393600000,3.931],[1500480000000,3.934],[1500566400000,3.94],[1500739200000,3.953],[1500825600000,3.958],[1500912000000,3.963],[1500998400000,3.967],[1501084800000,3.968],[1501171200000,3.968],[1501344000000,3.967],[1501430400000,3.962],[1501516800000,3.957],[1501603200000,3.952],[1501689600000,3.952],[1501776000000,3.952],[1501948800000,3.954],[1502035200000,3.955],[1502121600000,3.957],[1502208000000,3.964],[1502294400000,3.967],[1502380800000,3.973],[1502553600000,3.987],[1502640000000,3.992],[1502726400000,3.993],[1502812800000,3.992],[1502899200000,3.989],[1502985600000,3.987],[1503158400000,3.985],[1503244800000,3.982],[1503331200000,3.987],[1503417600000,3.992],[1503504000000,3.996],[1503590400000,3.998],[1503763200000,4.002],[1503849600000,4.003],[1503936000000,3.997],[1504022400000,4.014],[1504108800000,4.042],[1504195200000,4.049],[1504368000000,4.05],[1504454400000,4.051],[1504540800000,4.005],[1504627200000,3.926],[1504713600000,3.878],[1504800000000,3.86],[1504972800000,3.827],[1505059200000,3.829],[1505145600000,3.88],[1505232000000,3.938],[1505318400000,3.952],[1505404800000,3.951],[1505577600000,3.96],[1505664000000,3.949],[1505750400000,3.937],[1505836800000,3.935],[1505923200000,3.938],[1506009600000,3.947],[1506182400000,3.963],[1506268800000,3.972],[1506355200000,3.997],[1506441600000,4.028],[1506528000000,4.048],[1506614400000,4.072],[1507392000000,4.145],[1507478400000,4.175],[1507564800000,4.187],[1507651200000,4.198],[1507737600000,4.192],[1507824000000,4.183],[1507996800000,4.163],[1508083200000,4.113],[1508169600000,4.057],[1508256000000,4.013],[1508342400000,4.004],[1508428800000,3.991],[1508601600000,3.961],[1508688000000,3.951],[1508774400000,3.939],[1508860800000,3.93],[1508947200000,3.908],[1509033600000,3.895],[1509206400000,3.874],[1509292800000,3.881],[1509379200000,3.888],[1509465600000,3.897],[1509552000000,3.896],[1509638400000,3.928],[1509811200000,3.918],[1509897600000,3.907],[1509984000000,3.907],[1510070400000,3.878],[1510156800000,3.863],[1510243200000,3.835],[1510416000000,3.835],[1510502400000,3.815],[1510588800000,3.804],[1510675200000,3.791],[1510761600000,3.801],[1510848000000,3.765],[1511020800000,3.698],[1511107200000,3.679],[1511193600000,3.689],[1511280000000,3.723],[1511366400000,3.727],[1511452800000,3.766],[1511625600000,3.861],[1511712000000,3.892],[1511798400000,3.775],[1511884800000,3.8],[1511971200000,3.784],[1512057600000,3.805],[1512230400000,3.856],[1512316800000,3.878],[1512403200000,3.925],[1512489600000,3.909],[1512576000000,3.911],[1512662400000,3.9],[1512835200000,3.86],[1512921600000,3.848],[1513008000000,3.937],[1513094400000,3.905],[1513180800000,3.932],[1513267200000,3.905],[1513440000000,3.933],[1513526400000,3.954],[1513612800000,3.995],[1513699200000,4.053],[1513785600000,4.107],[1513872000000,4.165],[1514044800000,4.19],[1514131200000,4.233],[1514217600000,4.215],[1514304000000,4.166],[1514390400000,4.259],[1514476800000,4.406],[1514649600000,4.709],[1514736000000,4.822],[1514822400000,4.979],[1514908800000,5.181],[1514995200000,5.146],[1515081600000,5.021],[1515254400000,4.767],[1515340800000,4.625],[1515427200000,4.468],[1515513600000,4.16],[1515600000000,4.035],[1515686400000,3.959],[1515859200000,3.817],[1515945600000,3.765],[1516032000000,3.732],[1516118400000,3.855],[1516204800000,3.864],[1516291200000,3.891],[1516464000000,3.948],[1516550400000,3.976],[1516636800000,4.005],[1516723200000,4.036],[1516809600000,4.07],[1516896000000,4.101],[1517068800000,4.152],[1517155200000,4.174],[1517241600000,4.189],[1517328000000,4.2],[1517414400000,4.217],[1517500800000,4.2],[1517673600000,4.14],[1517760000000,4.105],[1517846400000,4.069]];
/*资产配置*/
var Data_assetAllocationCurrency ={"categories":["12-31","09-30","06-30","03-31"],"series":[{"name":"股票","data":[null,null,null,null]},{"name":"债券","data":[25.84,49.09,19.3,19.9]},{"name":"现金","data":[45.74,32.25,60.64,69.54]}]};
/*累计收益率走势*/
var Data_grandTotal = [{"name":"东吴增鑫宝货币A","data":[[1501948800000,0],[1502035200000,0.01],[1502121600000,0.02],[1502208000000,0.03],[1502294400000,0.04],[1502380800000,0.05],[1502553600000,0.07],[1502640000000,0.09],[1502726400000,0.10],[1502812800000,0.11],[1502899200000,0.12],[1502985600000,0.13],[1503158400000,0.15],[1503244800000,0.16],[1503331200000,0.17],[1503417600000,0.18],[1503504000000,0.19],[1503590400000,0.20],[1503763200000,0.23],[1503849600000,0.24],[1503936000000,0.25],[1504022400000,0.26],[1504108800000,0.27],[1504195200000,0.28],[1504368000000,0.30],[1504454400000,0.31],[1504540800000,0.32],[1504627200000,0.33],[1504713600000,0.34],[1504800000000,0.35],[1504972800000,0.37],[1505059200000,0.38],[1505145600000,0.40],[1505232000000,0.41],[1505318400000,0.42],[1505404800000,0.43],[1505577600000,0.45],[1505664000000,0.46],[1505750400000,0.47],[1505836800000,0.48],[1505923200000,0.49],[1506009600000,0.50],[1506182400000,0.52],[1506268800000,0.53],[1506355200000,0.55],[1506441600000,0.56],[1506528000000,0.57],[1506614400000,0.58],[1507392000000,0.68],[1507478400000,0.69],[1507564800000,0.70],[1507651200000,0.71],[1507737600000,0.73],[1507824000000,0.74],[1507996800000,0.76],[1508083200000,0.77],[1508169600000,0.78],[1508256000000,0.79],[1508342400000,0.80],[1508428800000,0.81],[1508601600000,0.83],[1508688000000,0.84],[1508774400000,0.85],[1508860800000,0.87],[1508947200000,0.88],[1509033600000,0.89],[1509206400000,0.91],[1509292800000,0.92],[1509379200000,0.93],[1509465600000,0.94],[1509552000000,0.95],[1509638400000,0.96],[1509811200000,0.98],[1509897600000,0.99],[1509984000000,1.00],[1510070400000,1.01],[1510156800000,1.02],[1510243200000,1.03],[1510416000000,1.05],[1510502400000,1.07],[1510588800000,1.08],[1510675200000,1.09],[1510761600000,1.10],[1510848000000,1.11],[1511020800000,1.13],[1511107200000,1.14],[1511193600000,1.15],[1511280000000,1.16],[1511366400000,1.17],[1511452800000,1.18],[1511625600000,1.20],[1511712000000,1.21],[1511798400000,1.22],[1511884800000,1.23],[1511971200000,1.24],[1512057600000,1.25],[1512230400000,1.27],[1512316800000,1.28],[1512403200000,1.29],[1512489600000,1.30],[1512576000000,1.31],[1512662400000,1.32],[1512835200000,1.35],[1512921600000,1.36],[1513008000000,1.37],[1513094400000,1.38],[1513180800000,1.39],[1513267200000,1.40],[1513440000000,1.42],[1513526400000,1.43],[1513612800000,1.44],[1513699200000,1.45],[1513785600000,1.47],[1513872000000,1.48],[1514044800000,1.50],[1514131200000,1.51],[1514217600000,1.52],[1514304000000,1.53],[1514390400000,1.55],[1514476800000,1.56],[1514649600000,1.59],[1514736000000,1.60],[1514822400000,1.62],[1514908800000,1.63],[1514995200000,1.65],[1515081600000,1.66],[1515254400000,1.68],[1515340800000,1.69],[1515427200000,1.70],[1515513600000,1.71],[1515600000000,1.72],[1515686400000,1.73],[1515859200000,1.75],[1515945600000,1.76],[1516032000000,1.78],[1516118400000,1.79],[1516204800000,1.80],[1516291200000,1.81],[1516464000000,1.83],[1516550400000,1.84],[1516636800000,1.85],[1516723200000,1.86],[1516809600000,1.87],[1516896000000,1.89],[1517068800000,1.91],[1517155200000,1.92],[1517241600000,1.93],[1517328000000,1.94],[1517414400000,1.96],[1517500800000,1.97],[1517673600000,1.99],[1517760000000,2.00],[1517846400000,2.01]]},{"name":"同类平均","data":[[1502035200000,0],[1502121600000,0.01],[1502208000000,0.02],[1502294400000,0.03],[1502380800000,0.04],[1502640000000,0.07],[1502726400000,0.08],[1502812800000,0.09],[1502899200000,0.10],[1502985600000,0.11],[1503244800000,0.14],[1503331200000,0.16],[1503417600000,0.17],[1503504000000,0.18],[1503590400000,0.19],[1503849600000,0.22],[1503936000000,0.23],[1504022400000,0.24],[1504108800000,0.25],[1504195200000,0.26],[1504454400000,0.29],[1504540800000,0.30],[1504627200000,0.31],[1504713600000,0.32],[1504800000000,0.34],[1505059200000,0.37],[1505145600000,0.38],[1505232000000,0.39],[1505318400000,0.40],[1505404800000,0.41],[1505664000000,0.44],[1505750400000,0.45],[1505836800000,0.46],[1505923200000,0.47],[1506009600000,0.48],[1506268800000,0.52],[1506355200000,0.53],[1506441600000,0.54],[1506528000000,0.55],[1506614400000,0.56],[1507478400000,0.67],[1507564800000,0.68],[1507651200000,0.69],[1507737600000,0.71],[1507824000000,0.72],[1508083200000,0.75],[1508169600000,0.76],[1508256000000,0.77],[1508342400000,0.78],[1508428800000,0.79],[1508688000000,0.82],[1508774400000,0.83],[1508860800000,0.84],[1508947200000,0.85],[1509033600000,0.86],[1509292800000,0.90],[1509379200000,0.91],[1509465600000,0.92],[1509552000000,0.93],[1509638400000,0.94],[1509897600000,0.97],[1509984000000,0.98],[1510070400000,0.99],[1510156800000,1.00],[1510243200000,1.01],[1510502400000,1.04],[1510588800000,1.06],[1510675200000,1.07],[1510761600000,1.08],[1510848000000,1.09],[1511107200000,1.12],[1511193600000,1.13],[1511280000000,1.14],[1511366400000,1.15],[1511452800000,1.16],[1511712000000,1.20],[1511798400000,1.21],[1511884800000,1.22],[1511971200000,1.23],[1512057600000,1.24],[1512316800000,1.28],[1512403200000,1.29],[1512489600000,1.30],[1512576000000,1.31],[1512662400000,1.32],[1512921600000,1.35],[1513008000000,1.36],[1513094400000,1.38],[1513180800000,1.39],[1513267200000,1.40],[1513526400000,1.43],[1513612800000,1.44],[1513699200000,1.46],[1513785600000,1.47],[1513872000000,1.48],[1514131200000,1.51],[1514217600000,1.53],[1514304000000,1.54],[1514390400000,1.55],[1514476800000,1.57],[1514822400000,1.62],[1514908800000,1.64],[1514995200000,1.65],[1515081600000,1.66],[1515340800000,1.69],[1515427200000,1.71],[1515513600000,1.72],[1515600000000,1.73],[1515686400000,1.74],[1515945600000,1.77],[1516032000000,1.79],[1516118400000,1.80],[1516204800000,1.81],[1516291200000,1.82],[1516550400000,1.86],[1516636800000,1.87],[1516723200000,1.88],[1516809600000,1.89],[1516896000000,1.90],[1517155200000,1.94],[1517241600000,1.95],[1517328000000,1.96],[1517414400000,1.97],[1517500800000,1.98],[1517760000000,2.02],[1517846400000,2.03]]},{"name":"沪深300","data":[[1502035200000,0],[1502121600000,0.15],[1502208000000,0.11],[1502294400000,-0.29],[1502380800000,-2.13],[1502640000000,-0.86],[1502726400000,-0.56],[1502812800000,-0.68],[1502899200000,-0.15],[1502985600000,-0.06],[1503244800000,0.38],[1503331200000,0.68],[1503417600000,0.79],[1503504000000,0.21],[1503590400000,1.85],[1503849600000,3.11],[1503936000000,2.89],[1504022400000,2.88],[1504108800000,2.56],[1504195200000,2.78],[1504454400000,3.19],[1504540800000,3.50],[1504627200000,3.29],[1504713600000,2.77],[1504800000000,2.66],[1505059200000,2.65],[1505145600000,2.98],[1505232000000,3.11],[1505318400000,2.77],[1505404800000,2.80],[1505664000000,3.12],[1505750400000,2.83],[1505836800000,3.10],[1505923200000,2.98],[1506009600000,2.98],[1506268800000,2.44],[1506355200000,2.52],[1506441600000,2.53],[1506528000000,2.57],[1506614400000,2.94],[1507478400000,4.17],[1507564800000,4.38],[1507651200000,4.72],[1507737600000,5.00],[1507824000000,5.21],[1508083200000,5.01],[1508169600000,5.00],[1508256000000,5.83],[1508342400000,5.49],[1508428800000,5.37],[1508688000000,5.47],[1508774400000,6.24],[1508860800000,6.71],[1508947200000,7.16],[1509033600000,7.92],[1509292800000,7.59],[1509379200000,7.51],[1509465600000,7.24],[1509552000000,7.25],[1509638400000,7.13],[1509897600000,7.89],[1509984000000,8.79],[1510070400000,8.62],[1510156800000,9.37],[1510243200000,10.33],[1510502400000,10.77],[1510588800000,10.00],[1510675200000,9.31],[1510761600000,10.15],[1510848000000,10.57],[1511107200000,11.19],[1511193600000,13.17],[1511280000000,13.44],[1511366400000,10.08],[1511452800000,10.13],[1511712000000,8.67],[1511798400000,8.83],[1511884800000,8.77],[1511971200000,7.49],[1512057600000,7.28],[1512316800000,7.84],[1512403200000,8.41],[1512489600000,7.76],[1512576000000,6.55],[1512662400000,7.42],[1512921600000,9.20],[1513008000000,7.76],[1513094400000,8.67],[1513180800000,8.03],[1513267200000,6.82],[1513526400000,6.94],[1513612800000,8.28],[1513699200000,8.15],[1513785600000,9.15],[1513872000000,8.80],[1514131200000,8.45],[1514217600000,8.77],[1514304000000,7.09],[1514390400000,7.84],[1514476800000,8.16],[1514822400000,9.68],[1514908800000,10.32],[1514995200000,10.79],[1515081600000,11.05],[1515340800000,11.63],[1515427200000,12.41],[1515513600000,12.91],[1515600000000,12.85],[1515686400000,13.37],[1515945600000,13.37],[1516032000000,14.27],[1516118400000,13.99],[1516204800000,14.61],[1516291200000,14.99],[1516550400000,16.36],[1516636800000,17.60],[1516723200000,17.79],[1516809600000,17.13],[1516896000000,17.56],[1517155200000,15.43],[1517241600000,14.20],[1517328000000,14.73],[1517414400000,13.93],[1517500800000,14.61],[1517760000000,14.69],[1517846400000,11.33]]}];
/*同类排名*/
var Data_rateInSimilarType = [{"x":1486915200000,"y":193,"sc":"496"},{"x":1487001600000,"y":175,"sc":"496"},{"x":1487088000000,"y":165,"sc":"496"},{"x":1487174400000,"y":146,"sc":"496"},{"x":1487260800000,"y":138,"sc":"496"},{"x":1487520000000,"y":147,"sc":"496"},{"x":1487606400000,"y":141,"sc":"496"},{"x":1487692800000,"y":141,"sc":"496"},{"x":1487779200000,"y":139,"sc":"498"},{"x":1487865600000,"y":139,"sc":"500"},{"x":1488124800000,"y":137,"sc":"503"},{"x":1488211200000,"y":133,"sc":"503"},{"x":1488297600000,"y":132,"sc":"503"},{"x":1488384000000,"y":134,"sc":"511"},{"x":1488470400000,"y":133,"sc":"511"},{"x":1488729600000,"y":142,"sc":"513"},{"x":1488816000000,"y":142,"sc":"515"},{"x":1488902400000,"y":143,"sc":"516"},{"x":1488988800000,"y":143,"sc":"518"},{"x":1489075200000,"y":138,"sc":"518"},{"x":1489334400000,"y":144,"sc":"518"},{"x":1489420800000,"y":145,"sc":"518"},{"x":1489507200000,"y":145,"sc":"518"},{"x":1489593600000,"y":145,"sc":"520"},{"x":1489680000000,"y":143,"sc":"520"},{"x":1489939200000,"y":153,"sc":"522"},{"x":1490025600000,"y":158,"sc":"522"},{"x":1490112000000,"y":165,"sc":"524"},{"x":1490198400000,"y":173,"sc":"530"},{"x":1490284800000,"y":171,"sc":"530"},{"x":1490544000000,"y":167,"sc":"534"},{"x":1490630400000,"y":170,"sc":"535"},{"x":1490716800000,"y":177,"sc":"535"},{"x":1490803200000,"y":182,"sc":"538"},{"x":1490889600000,"y":188,"sc":"538"},{"x":1491321600000,"y":201,"sc":"538"},{"x":1491408000000,"y":200,"sc":"540"},{"x":1491494400000,"y":190,"sc":"540"},{"x":1491753600000,"y":189,"sc":"540"},{"x":1491840000000,"y":186,"sc":"540"},{"x":1491926400000,"y":182,"sc":"540"},{"x":1492012800000,"y":181,"sc":"541"},{"x":1492099200000,"y":179,"sc":"541"},{"x":1492358400000,"y":173,"sc":"543"},{"x":1492444800000,"y":170,"sc":"543"},{"x":1492531200000,"y":171,"sc":"543"},{"x":1492617600000,"y":168,"sc":"545"},{"x":1492704000000,"y":163,"sc":"545"},{"x":1492963200000,"y":163,"sc":"545"},{"x":1493049600000,"y":162,"sc":"547"},{"x":1493136000000,"y":160,"sc":"549"},{"x":1493222400000,"y":157,"sc":"549"},{"x":1493308800000,"y":151,"sc":"549"},{"x":1493654400000,"y":157,"sc":"549"},{"x":1493740800000,"y":153,"sc":"550"},{"x":1493827200000,"y":149,"sc":"550"},{"x":1493913600000,"y":149,"sc":"550"},{"x":1494172800000,"y":145,"sc":"550"},{"x":1494259200000,"y":145,"sc":"550"},{"x":1494345600000,"y":143,"sc":"550"},{"x":1494432000000,"y":137,"sc":"550"},{"x":1494518400000,"y":145,"sc":"550"},{"x":1494777600000,"y":145,"sc":"554"},{"x":1494864000000,"y":140,"sc":"556"},{"x":1494950400000,"y":140,"sc":"560"},{"x":1495036800000,"y":130,"sc":"560"},{"x":1495123200000,"y":134,"sc":"560"},{"x":1495382400000,"y":133,"sc":"560"},{"x":1495468800000,"y":136,"sc":"562"},{"x":1495555200000,"y":136,"sc":"564"},{"x":1495641600000,"y":128,"sc":"564"},{"x":1495728000000,"y":133,"sc":"564"},{"x":1496160000000,"y":133,"sc":"564"},{"x":1496246400000,"y":131,"sc":"564"},{"x":1496332800000,"y":131,"sc":"564"},{"x":1496592000000,"y":135,"sc":"566"},{"x":1496678400000,"y":137,"sc":"566"},{"x":1496764800000,"y":139,"sc":"566"},{"x":1496851200000,"y":137,"sc":"566"},{"x":1496937600000,"y":135,"sc":"566"},{"x":1497196800000,"y":133,"sc":"574"},{"x":1497283200000,"y":131,"sc":"574"},{"x":1497369600000,"y":133,"sc":"575"},{"x":1497456000000,"y":130,"sc":"575"},{"x":1497542400000,"y":130,"sc":"575"},{"x":1497801600000,"y":129,"sc":"577"},{"x":1497888000000,"y":130,"sc":"577"},{"x":1497974400000,"y":129,"sc":"575"},{"x":1498060800000,"y":131,"sc":"575"},{"x":1498147200000,"y":137,"sc":"576"},{"x":1498406400000,"y":144,"sc":"579"},{"x":1498492800000,"y":141,"sc":"579"},{"x":1498579200000,"y":140,"sc":"579"},{"x":1498665600000,"y":134,"sc":"579"},{"x":1498752000000,"y":133,"sc":"582"},{"x":1499011200000,"y":113,"sc":"582"},{"x":1499097600000,"y":139,"sc":"582"},{"x":1499184000000,"y":140,"sc":"583"},{"x":1499270400000,"y":145,"sc":"583"},{"x":1499356800000,"y":148,"sc":"583"},{"x":1499616000000,"y":152,"sc":"583"},{"x":1499702400000,"y":155,"sc":"583"},{"x":1499788800000,"y":158,"sc":"583"},{"x":1499875200000,"y":165,"sc":"583"},{"x":1499961600000,"y":166,"sc":"586"},{"x":1500220800000,"y":171,"sc":"586"},{"x":1500307200000,"y":178,"sc":"586"},{"x":1500393600000,"y":181,"sc":"589"},{"x":1500480000000,"y":183,"sc":"589"},{"x":1500566400000,"y":188,"sc":"593"},{"x":1500825600000,"y":198,"sc":"593"},{"x":1500912000000,"y":201,"sc":"593"},{"x":1500998400000,"y":209,"sc":"594"},{"x":1501084800000,"y":215,"sc":"594"},{"x":1501171200000,"y":218,"sc":"594"},{"x":1501430400000,"y":204,"sc":"594"},{"x":1501516800000,"y":230,"sc":"594"},{"x":1501603200000,"y":232,"sc":"594"},{"x":1501689600000,"y":234,"sc":"594"},{"x":1501776000000,"y":236,"sc":"594"},{"x":1502035200000,"y":239,"sc":"596"},{"x":1502121600000,"y":242,"sc":"596"},{"x":1502208000000,"y":244,"sc":"596"},{"x":1502294400000,"y":246,"sc":"596"},{"x":1502380800000,"y":246,"sc":"596"},{"x":1502640000000,"y":250,"sc":"596"},{"x":1502726400000,"y":252,"sc":"596"},{"x":1502812800000,"y":256,"sc":"596"},{"x":1502899200000,"y":258,"sc":"596"},{"x":1502985600000,"y":259,"sc":"596"},{"x":1503244800000,"y":264,"sc":"597"},{"x":1503331200000,"y":266,"sc":"597"},{"x":1503417600000,"y":269,"sc":"597"},{"x":1503504000000,"y":269,"sc":"596"},{"x":1503590400000,"y":269,"sc":"596"},{"x":1503849600000,"y":257,"sc":"600"},{"x":1503936000000,"y":241,"sc":"600"},{"x":1504022400000,"y":278,"sc":"600"},{"x":1504108800000,"y":280,"sc":"601"},{"x":1504195200000,"y":281,"sc":"601"},{"x":1504454400000,"y":283,"sc":"601"},{"x":1504540800000,"y":290,"sc":"601"},{"x":1504627200000,"y":293,"sc":"601"},{"x":1504713600000,"y":296,"sc":"601"},{"x":1504800000000,"y":304,"sc":"601"},{"x":1505059200000,"y":307,"sc":"603"},{"x":1505145600000,"y":308,"sc":"603"},{"x":1505232000000,"y":311,"sc":"603"},{"x":1505318400000,"y":320,"sc":"605"},{"x":1505404800000,"y":326,"sc":"605"},{"x":1505664000000,"y":328,"sc":"606"},{"x":1505750400000,"y":332,"sc":"606"},{"x":1505836800000,"y":333,"sc":"603"},{"x":1505923200000,"y":336,"sc":"603"},{"x":1506009600000,"y":339,"sc":"603"},{"x":1506268800000,"y":345,"sc":"603"},{"x":1506355200000,"y":343,"sc":"603"},{"x":1506441600000,"y":341,"sc":"604"},{"x":1506528000000,"y":343,"sc":"604"},{"x":1506614400000,"y":343,"sc":"606"},{"x":1507478400000,"y":350,"sc":"606"},{"x":1507564800000,"y":352,"sc":"607"},{"x":1507651200000,"y":348,"sc":"607"},{"x":1507737600000,"y":346,"sc":"611"},{"x":1507824000000,"y":345,"sc":"611"},{"x":1508083200000,"y":348,"sc":"612"},{"x":1508169600000,"y":349,"sc":"612"},{"x":1508256000000,"y":348,"sc":"611"},{"x":1508342400000,"y":350,"sc":"611"},{"x":1508428800000,"y":351,"sc":"611"},{"x":1508688000000,"y":354,"sc":"606"},{"x":1508774400000,"y":351,"sc":"606"},{"x":1508860800000,"y":352,"sc":"607"},{"x":1508947200000,"y":353,"sc":"607"},{"x":1509033600000,"y":351,"sc":"607"},{"x":1509292800000,"y":352,"sc":"609"},{"x":1509379200000,"y":350,"sc":"610"},{"x":1509465600000,"y":352,"sc":"610"},{"x":1509552000000,"y":353,"sc":"613"},{"x":1509638400000,"y":351,"sc":"617"},{"x":1509897600000,"y":355,"sc":"621"},{"x":1509984000000,"y":361,"sc":"621"},{"x":1510070400000,"y":361,"sc":"621"},{"x":1510156800000,"y":361,"sc":"623"},{"x":1510243200000,"y":369,"sc":"623"},{"x":1510502400000,"y":371,"sc":"633"},{"x":1510588800000,"y":372,"sc":"635"},{"x":1510675200000,"y":373,"sc":"635"},{"x":1510761600000,"y":375,"sc":"635"},{"x":1510848000000,"y":378,"sc":"636"},{"x":1511107200000,"y":390,"sc":"636"},{"x":1511193600000,"y":396,"sc":"636"},{"x":1511280000000,"y":396,"sc":"636"},{"x":1511366400000,"y":398,"sc":"636"},{"x":1511452800000,"y":401,"sc":"637"},{"x":1511712000000,"y":408,"sc":"640"},{"x":1511798400000,"y":420,"sc":"640"},{"x":1511884800000,"y":419,"sc":"640"},{"x":1511971200000,"y":431,"sc":"641"},{"x":1512057600000,"y":426,"sc":"643"},{"x":1512316800000,"y":430,"sc":"643"},{"x":1512403200000,"y":433,"sc":"643"},{"x":1512489600000,"y":430,"sc":"643"},{"x":1512576000000,"y":432,"sc":"644"},{"x":1512662400000,"y":434,"sc":"652"},{"x":1512921600000,"y":438,"sc":"652"},{"x":1513008000000,"y":440,"sc":"653"},{"x":1513094400000,"y":442,"sc":"653"},{"x":1513180800000,"y":440,"sc":"654"},{"x":1513267200000,"y":447,"sc":"656"},{"x":1513526400000,"y":457,"sc":"656"},{"x":1513612800000,"y":452,"sc":"656"},{"x":1513699200000,"y":454,"sc":"656"},{"x":1513785600000,"y":449,"sc":"655"},{"x":1513872000000,"y":453,"sc":"655"},{"x":1514131200000,"y":454,"sc":"655"},{"x":1514217600000,"y":455,"sc":"655"},{"x":1514304000000,"y":460,"sc":"654"},{"x":1514390400000,"y":460,"sc":"655"},{"x":1514476800000,"y":454,"sc":"655"},{"x":1514822400000,"y":400,"sc":"655"},{"x":1514908800000,"y":386,"sc":"655"},{"x":1514995200000,"y":372,"sc":"655"},{"x":1515081600000,"y":357,"sc":"655"},{"x":1515340800000,"y":452,"sc":"655"},{"x":1515427200000,"y":457,"sc":"655"},{"x":1515513600000,"y":463,"sc":"656"},{"x":1515600000000,"y":470,"sc":"657"},{"x":1515686400000,"y":471,"sc":"657"},{"x":1515945600000,"y":480,"sc":"657"},{"x":1516032000000,"y":484,"sc":"657"},{"x":1516118400000,"y":482,"sc":"657"},{"x":1516204800000,"y":483,"sc":"657"},{"x":1516291200000,"y":485,"sc":"657"},{"x":1516550400000,"y":489,"sc":"657"},{"x":1516636800000,"y":492,"sc":"657"},{"x":1516723200000,"y":491,"sc":"657"},{"x":1516809600000,"y":490,"sc":"657"},{"x":1516896000000,"y":491,"sc":"655"},{"x":1517155200000,"y":486,"sc":"656"},{"x":1517241600000,"y":488,"sc":"656"},{"x":1517328000000,"y":488,"sc":"656"},{"x":1517414400000,"y":487,"sc":"656"},{"x":1517500800000,"y":487,"sc":"656"},{"x":1517760000000,"y":489,"sc":"656"},{"x":1517846400000,"y":489,"sc":"656"}];
/*百分比排名*/
var Data_rateInSimilarPersent = [[1486915200000,61.0900],[1487001600000,64.7200],[1487088000000,66.7300],[1487174400000,70.5600],[1487260800000,72.1800],[1487520000000,70.3600],[1487606400000,71.5700],[1487692800000,71.5700],[1487779200000,72.0900],[1487865600000,72.2000],[1488124800000,72.7600],[1488211200000,73.5600],[1488297600000,73.7600],[1488384000000,73.7800],[1488470400000,73.9700],[1488729600000,72.3200],[1488816000000,72.4300],[1488902400000,72.2900],[1488988800000,72.3900],[1489075200000,73.3600],[1489334400000,72.2000],[1489420800000,72.0100],[1489507200000,72.0100],[1489593600000,72.1200],[1489680000000,72.5000],[1489939200000,70.6900],[1490025600000,69.7300],[1490112000000,68.5100],[1490198400000,67.3600],[1490284800000,67.7400],[1490544000000,68.7300],[1490630400000,68.2200],[1490716800000,66.9200],[1490803200000,66.1700],[1490889600000,65.0600],[1491321600000,62.6400],[1491408000000,62.9600],[1491494400000,64.8100],[1491753600000,65.00],[1491840000000,65.5600],[1491926400000,66.3000],[1492012800000,66.5400],[1492099200000,66.9100],[1492358400000,68.1400],[1492444800000,68.6900],[1492531200000,68.5100],[1492617600000,69.1700],[1492704000000,70.0900],[1492963200000,70.0900],[1493049600000,70.3800],[1493136000000,70.8600],[1493222400000,71.4000],[1493308800000,72.5000],[1493654400000,71.4000],[1493740800000,72.1800],[1493827200000,72.9100],[1493913600000,72.9100],[1494172800000,73.6400],[1494259200000,73.6400],[1494345600000,74.00],[1494432000000,75.0900],[1494518400000,73.6400],[1494777600000,73.8300],[1494864000000,74.8200],[1494950400000,75.00],[1495036800000,76.7900],[1495123200000,76.0700],[1495382400000,76.2500],[1495468800000,75.8000],[1495555200000,75.8900],[1495641600000,77.3000],[1495728000000,76.4200],[1496160000000,76.4200],[1496246400000,76.7700],[1496332800000,76.7700],[1496592000000,76.1500],[1496678400000,75.8000],[1496764800000,75.4400],[1496851200000,75.8000],[1496937600000,76.1500],[1497196800000,76.8300],[1497283200000,77.1800],[1497369600000,76.8700],[1497456000000,77.3900],[1497542400000,77.3900],[1497801600000,77.6400],[1497888000000,77.4700],[1497974400000,77.5700],[1498060800000,77.2200],[1498147200000,76.2200],[1498406400000,75.1300],[1498492800000,75.6500],[1498579200000,75.8200],[1498665600000,76.8600],[1498752000000,77.1500],[1499011200000,80.5800],[1499097600000,76.1200],[1499184000000,75.9900],[1499270400000,75.1300],[1499356800000,74.6100],[1499616000000,73.9300],[1499702400000,73.4100],[1499788800000,72.9000],[1499875200000,71.7000],[1499961600000,71.6700],[1500220800000,70.8200],[1500307200000,69.6200],[1500393600000,69.2700],[1500480000000,68.9300],[1500566400000,68.3000],[1500825600000,66.6100],[1500912000000,66.1000],[1500998400000,64.8100],[1501084800000,63.8000],[1501171200000,63.3000],[1501430400000,65.6600],[1501516800000,61.2800],[1501603200000,60.9400],[1501689600000,60.6100],[1501776000000,60.2700],[1502035200000,59.9000],[1502121600000,59.4000],[1502208000000,59.0600],[1502294400000,58.7200],[1502380800000,58.7200],[1502640000000,58.0500],[1502726400000,57.7200],[1502812800000,57.0500],[1502899200000,56.7100],[1502985600000,56.5400],[1503244800000,55.7800],[1503331200000,55.4400],[1503417600000,54.9400],[1503504000000,54.8700],[1503590400000,54.8700],[1503849600000,57.1700],[1503936000000,59.8300],[1504022400000,53.6700],[1504108800000,53.4100],[1504195200000,53.2400],[1504454400000,52.9100],[1504540800000,51.7500],[1504627200000,51.2500],[1504713600000,50.7500],[1504800000000,49.4200],[1505059200000,49.0900],[1505145600000,48.9200],[1505232000000,48.4200],[1505318400000,47.1100],[1505404800000,46.1200],[1505664000000,45.8700],[1505750400000,45.2100],[1505836800000,44.7800],[1505923200000,44.2800],[1506009600000,43.7800],[1506268800000,42.7900],[1506355200000,43.1200],[1506441600000,43.5400],[1506528000000,43.2100],[1506614400000,43.4000],[1507478400000,42.2400],[1507564800000,42.0100],[1507651200000,42.6700],[1507737600000,43.3700],[1507824000000,43.5400],[1508083200000,43.1400],[1508169600000,42.9700],[1508256000000,43.0400],[1508342400000,42.7200],[1508428800000,42.5500],[1508688000000,41.5800],[1508774400000,42.0800],[1508860800000,42.0100],[1508947200000,41.8500],[1509033600000,42.1700],[1509292800000,42.2000],[1509379200000,42.6200],[1509465600000,42.3000],[1509552000000,42.4100],[1509638400000,43.1100],[1509897600000,42.8300],[1509984000000,41.8700],[1510070400000,41.8700],[1510156800000,42.0500],[1510243200000,40.7700],[1510502400000,41.3900],[1510588800000,41.4200],[1510675200000,41.2600],[1510761600000,40.9400],[1510848000000,40.5700],[1511107200000,38.6800],[1511193600000,37.7400],[1511280000000,37.7400],[1511366400000,37.4200],[1511452800000,37.0500],[1511712000000,36.2500],[1511798400000,34.3700],[1511884800000,34.5300],[1511971200000,32.7600],[1512057600000,33.7500],[1512316800000,33.1300],[1512403200000,32.6600],[1512489600000,33.1300],[1512576000000,32.9200],[1512662400000,33.4400],[1512921600000,32.8200],[1513008000000,32.6200],[1513094400000,32.3100],[1513180800000,32.7200],[1513267200000,31.8600],[1513526400000,30.3400],[1513612800000,31.1000],[1513699200000,30.7900],[1513785600000,31.4500],[1513872000000,30.8400],[1514131200000,30.6900],[1514217600000,30.5300],[1514304000000,29.6600],[1514390400000,29.7700],[1514476800000,30.6900],[1514822400000,38.9300],[1514908800000,41.0700],[1514995200000,43.2100],[1515081600000,45.5000],[1515340800000,30.9900],[1515427200000,30.2300],[1515513600000,29.4200],[1515600000000,28.4600],[1515686400000,28.3100],[1515945600000,26.9400],[1516032000000,26.3300],[1516118400000,26.6400],[1516204800000,26.4800],[1516291200000,26.1800],[1516550400000,25.5700],[1516636800000,25.1100],[1516723200000,25.2700],[1516809600000,25.4200],[1516896000000,25.0400],[1517155200000,25.9100],[1517241600000,25.6100],[1517328000000,25.6100],[1517414400000,25.7600],[1517500800000,25.7600],[1517760000000,25.4600],[1517846400000,25.4600]];
/*规模变动*/
var Data_fluctuationScale = {"categories":["2016-12-31","2017-03-31","2017-06-30","2017-09-30","2017-12-31"],"series":[{"y":0.06,"mom":"1050.26%"},{"y":0.11,"mom":"90.50%"},{"y":0.11,"mom":"3.99%"},{"y":0.09,"mom":"-20.68%"},{"y":0.13,"mom":"46.54%"}]};;
/*持有人结构*/
var Data_holderStructure = {"series":[{"name":"机构持有比例","data":[75.11]},{"name":"个人持有比例","data":[24.89]},{"name":"内部持有比例","data":[0.4329]}],"categories":["2017-06-30"]};
/*申购赎回*/
var Data_assetAllocation ={"series":[{"name":"期间申购","data":[0.11,0.05,0.03,0.44]},{"name":"期间赎回","data":[0.06,0.05,0.05,0.40]},{"name":"总份额","data":[0.11,0.11,0.09,0.13]}],"categories":["2017-03-31","2017-06-30","2017-09-30","2017-12-31"]};
/*现任基金经理*/
var Data_currentFundManager = [{"id":"30352396","pic":"https://pdf.dfcfw.com/pdf/H8_JPG30352396_1.jpg","name":"陈晨","star":3,"workTime":"2年又245天","fundSize":"112.56亿(5只基金)","power":{"avr":"50.61","categories":["经验值","收益率","抗风险","稳定性","管理规模"],"dsc":["反映基金经理从业年限和管理基金的经验","根据基金经理投资的阶段收益评分，反映\u003cbr\u003e基金经理投资的盈利能力","反映基金经理投资的回撤控制能力","反映基金经理投资收益的波动","根据基金经理现任管理基金资产规模评分"],"data":[50.50,40.70,92.70,55.80,14.0],"jzrq":"2018-02-06"},"profit":{"categories":["任期收益","同类平均"],"series":[{"data":[{"name":null,"color":"#7cb5ec","y":4.7451},{"name":null,"color":"#414c7b","y":4.65}]}],"jzrq":"2018-02-06"}},{"id":"30300471","pic":"https://pdf.dfcfw.com/pdf/H8_GIF30300471_1.jpg","name":"王文华","star":4,"workTime":"3年又116天","fundSize":"111.64亿(4只基金)","power":{"avr":"74.59","categories":["经验值","收益率","抗风险","稳定性","管理规模"],"dsc":["反映基金经理从业年限和管理基金的经验","根据基金经理投资的阶段收益评分，反映\u003cbr\u003e基金经理投资的盈利能力","反映基金经理投资的回撤控制能力","反映基金经理投资收益的波动","根据基金经理现任管理基金资产规模评分"],"data":[58.90,85.30,95.10,85.90,8.80],"jzrq":"2018-02-06"},"profit":{"categories":["任期收益","同类平均"],"series":[{"data":[{"name":null,"color":"#7cb5ec","y":4.7451},{"name":null,"color":"#414c7b","y":4.65}]}],"jzrq":"2018-02-06"}}] ;
/*同类型基金涨幅榜（页面底部通栏）*/
var swithSameType = [['002895_华夏天利货币B_5.8750','002894_华夏天利货币A_5.6210','004398_融通现金宝货币B_5.3370','000902_国开货币B_5.3360','001478_泰康薪意保货币B_5.1400'],['002895_华夏天利货币B_5.26','004973_长城收益宝货币B_5.08','004904_人保货币B_5.05','002884_华润元大现金通货币B_5.01','002894_华夏天利货币A_5.01'],['004973_长城收益宝货币B_5.05','004770_海富通添益货币A_4.99','002884_华润元大现金通货币B_4.99','005151_红土创新优淳货币B_4.90','002895_华夏天利货币B_4.89'],['004770_海富通添益货币A_5.39','004973_长城收益宝货币B_5.13','002884_华润元大现金通货币B_5.03','002895_华夏天利货币B_5.03','004398_融通现金宝货币B_5.01'],['003679_中融现金增利货币C_4.67','003474_南方天天利货币B_4.55','000836_国投瑞银钱多宝货币A_4.52','000837_国投瑞银钱多宝货币I_4.52','003753_工银如意货币B_4.51']];