/**
 * 测试数据
 * @type {arry}
 */
/*2018-02-07 16:11:04*/
//基金或股票信息
var fS_name = "兴业稳天盈货币A";
var fS_code = "002912";
var fund_minsg="100";
var ishb=true;
/*原费率*/
var fund_sourceRate="0";
/*现费率*/
var fund_Rate="0";
/*最小申购金额*/
var fund_minsg="100";
/*收益率*/
/*近一年收益率*/
var syl_1n="4.2896";
/*近6月收益率*/
var syl_6y="2.1288";
/*近三月收益率*/
var syl_3y="1.0971";
/*近一月收益率*/
var syl_1y="0.3895";
/* 基金收益走势图 每万份收益*/
var Data_millionCopiesIncome = [[1468512000000,1.4477],[1468771200000,0.4657],[1468857600000,0.3858],[1468944000000,0.379],[1469030400000,0.3606],[1469116800000,0.4838],[1469289600000,1.0247],[1469376000000,0.4901],[1469462400000,0.5295],[1469548800000,0.4743],[1469635200000,0.4374],[1469721600000,0.7581],[1469894400000,1.307],[1469980800000,0.6068],[1470067200000,0.6064],[1470153600000,0.6275],[1470240000000,0.6307],[1470326400000,0.6257],[1470499200000,1.2623],[1470585600000,0.6441],[1470672000000,0.6122],[1470758400000,0.6523],[1470844800000,0.666],[1470931200000,0.6556],[1471104000000,1.3138],[1471190400000,0.6568],[1471276800000,0.6573],[1471363200000,0.6538],[1471449600000,0.6547],[1471536000000,0.6554],[1471708800000,1.312],[1471795200000,0.6553],[1471881600000,0.6517],[1471968000000,0.667],[1472054400000,0.6707],[1472140800000,0.6914],[1472313600000,1.3836],[1472400000000,0.6937],[1472486400000,0.695],[1472572800000,0.6858],[1472659200000,0.6898],[1472745600000,0.688],[1472918400000,1.3781],[1473004800000,0.6812],[1473091200000,0.6787],[1473177600000,0.6666],[1473264000000,0.6615],[1473350400000,0.6549],[1473523200000,1.3194],[1473609600000,0.6488],[1473696000000,0.6126],[1473782400000,0.6499],[1474128000000,2.6213],[1474214400000,0.6587],[1474300800000,0.6607],[1474387200000,0.7768],[1474473600000,0.7768],[1474560000000,0.7841],[1474732800000,0.7845],[1474819200000,0.8049],[1474905600000,0.7906],[1474992000000,0.8475],[1475078400000,0.8427],[1475164800000,0.8511],[1475942400000,0.8526],[1476028800000,0.7348],[1476115200000,0.714],[1476201600000,0.7196],[1476288000000,0.7138],[1476374400000,0.7215],[1476547200000,0.7264],[1476633600000,0.6783],[1476720000000,0.6829],[1476806400000,0.6864],[1476892800000,0.6891],[1476979200000,0.7007],[1477152000000,0.7056],[1477238400000,0.7299],[1477324800000,0.737],[1477411200000,0.7408],[1477497600000,0.798],[1477584000000,0.8066],[1477756800000,0.8115],[1477843200000,0.7762],[1477929600000,0.7782],[1478016000000,0.7739],[1478102400000,0.7509],[1478188800000,0.7478],[1478361600000,0.7482],[1478448000000,0.7379],[1478534400000,0.7326],[1478620800000,0.732],[1478707200000,0.6771],[1478793600000,0.6791],[1478966400000,0.6797],[1479052800000,0.6427],[1479139200000,0.6434],[1479225600000,0.6455],[1479312000000,0.6534],[1479398400000,0.6543],[1479571200000,0.6562],[1479657600000,0.6687],[1479744000000,0.6887],[1479830400000,0.6928],[1479916800000,0.6935],[1480003200000,0.6954],[1480176000000,0.6958],[1480262400000,0.7109],[1480348800000,0.7108],[1480435200000,0.7095],[1480521600000,0.7097],[1480608000000,0.7139],[1480780800000,0.7146],[1480867200000,0.716],[1480953600000,0.7146],[1481040000000,0.6125],[1481126400000,0.5286],[1481212800000,0.7731],[1481385600000,0.72],[1481472000000,0.7035],[1481558400000,0.6997],[1481644800000,0.7267],[1481731200000,0.8765],[1481817600000,1.2089],[1481990400000,1.2138],[1482076800000,1.8868],[1482163200000,1.5868],[1482249600000,1.0618],[1482336000000,1.8361],[1482422400000,1.7774],[1482595200000,1.7778],[1482681600000,0.888],[1482768000000,1.8239],[1482854400000,1.0478],[1482940800000,1.3844],[1483027200000,1.8179],[1483113600000,1.8227],[1483200000000,1.835],[1483286400000,1.8346],[1483372800000,1.2606],[1483459200000,1.4688],[1483545600000,1.3772],[1483632000000,1.3766],[1483718400000,1.3832],[1483804800000,1.383],[1483891200000,1.3025],[1483977600000,1.256],[1484064000000,1.0964],[1484150400000,1.0829],[1484236800000,1.0261],[1484323200000,1.0229],[1484409600000,1.0228],[1484496000000,1.0542],[1484582400000,1.1094],[1484668800000,1.2638],[1484755200000,1.3919],[1484841600000,1.3834],[1484928000000,1.3877],[1485014400000,1.3875],[1485100800000,1.3773],[1485187200000,1.3729],[1485273600000,1.3531],[1485360000000,1.3756],[1485446400000,1.3792],[1485532800000,1.379],[1485619200000,1.3788],[1485705600000,1.3786],[1485792000000,1.3783],[1485878400000,1.3781],[1485964800000,1.3779],[1486051200000,1.3759],[1486137600000,1.3765],[1486224000000,1.3763],[1486310400000,1.3775],[1486396800000,1.3461],[1486483200000,1.3085],[1486569600000,1.2021],[1486656000000,1.1455],[1486742400000,1.1091],[1486828800000,1.109],[1486915200000,1.0989],[1487001600000,0.9794],[1487088000000,1.0192],[1487174400000,1.075],[1487260800000,1.0942],[1487347200000,1.0972],[1487433600000,1.0971],[1487520000000,1.1525],[1487606400000,1.1716],[1487692800000,1.1848],[1487779200000,1.1961],[1487865600000,1.1925],[1487952000000,1.1927],[1488038400000,1.1926],[1488124800000,1.1892],[1488211200000,1.2242],[1488297600000,1.168],[1488384000000,1.1508],[1488470400000,1.1876],[1488556800000,1.1811],[1488643200000,1.181],[1488729600000,1.1487],[1488816000000,1.125],[1488902400000,1.0936],[1488988800000,1.1263],[1489075200000,1.1685],[1489161600000,1.1424],[1489248000000,1.1423],[1489334400000,1.1151],[1489420800000,1.0106],[1489507200000,1.0773],[1489593600000,1.0617],[1489680000000,1.0447],[1489766400000,1.0401],[1489852800000,1.04],[1489939200000,1.0804],[1490025600000,1.159],[1490112000000,1.2686],[1490198400000,1.2388],[1490284800000,1.2622],[1490371200000,1.2645],[1490457600000,1.2516],[1490544000000,1.2772],[1490630400000,1.2048],[1490716800000,1.1939],[1490803200000,1.2055],[1490889600000,1.2279],[1490976000000,1.2329],[1491062400000,1.2328],[1491148800000,1.2327],[1491235200000,1.2326],[1491321600000,1.2927],[1491408000000,1.2455],[1491494400000,1.6504],[1491580800000,1.1681],[1491667200000,1.168],[1491753600000,1.1705],[1491840000000,1.0916],[1491926400000,1.0885],[1492012800000,1.0756],[1492099200000,1.2226],[1492185600000,1.0754],[1492272000000,1.0753],[1492358400000,1.096],[1492444800000,1.0718],[1492531200000,1.0798],[1492617600000,1.1511],[1492704000000,1.1003],[1492876800000,2.1671],[1492963200000,1.0982],[1493049600000,1.0949],[1493136000000,1.1171],[1493222400000,1.2225],[1493308800000,1.1154],[1493568000000,3.3498],[1493654400000,1.1124],[1493740800000,1.1179],[1493827200000,1.1344],[1493913600000,1.1351],[1494086400000,2.2653],[1494172800000,1.1455],[1494259200000,1.1314],[1494345600000,1.119],[1494432000000,1.116],[1494518400000,1.1131],[1494691200000,2.2114],[1494777600000,1.1263],[1494864000000,1.104],[1494950400000,1.1068],[1495036800000,1.0737],[1495123200000,1.0939],[1495296000000,2.1798],[1495382400000,1.1337],[1495468800000,1.1291],[1495555200000,1.1491],[1495641600000,1.1387],[1495728000000,1.1384],[1496073600000,4.536],[1496160000000,1.1515],[1496246400000,1.1369],[1496332800000,1.1449],[1496505600000,2.2718],[1496592000000,1.1398],[1496678400000,1.1392],[1496764800000,1.1243],[1496851200000,1.1239],[1496937600000,1.1203],[1497110400000,2.2331],[1497196800000,1.1263],[1497283200000,1.1369],[1497369600000,1.1806],[1497456000000,1.1813],[1497542400000,1.1939],[1497715200000,2.3903],[1497801600000,1.1879],[1497888000000,1.1936],[1497974400000,1.2298],[1498060800000,1.2239],[1498147200000,1.2868],[1498320000000,2.4575],[1498406400000,1.3644],[1498492800000,1.2534],[1498579200000,1.252],[1498665600000,1.2672],[1498752000000,1.2388],[1498924800000,2.4624],[1499011200000,1.2402],[1499097600000,1.2194],[1499184000000,1.1944],[1499270400000,1.1914],[1499356800000,1.1843],[1499529600000,2.3554],[1499616000000,1.179],[1499702400000,1.2334],[1499788800000,1.282],[1499875200000,1.1027],[1499961600000,1.1063],[1500134400000,2.2016],[1500220800000,1.1134],[1500307200000,1.1185],[1500393600000,1.1299],[1500480000000,1.1792],[1500566400000,1.1491],[1500739200000,2.2966],[1500825600000,1.1663],[1500912000000,1.147],[1500998400000,1.1655],[1501084800000,1.1589],[1501171200000,1.1357],[1501344000000,2.264],[1501430400000,1.1606],[1501516800000,1.1213],[1501603200000,1.1353],[1501689600000,1.2133],[1501776000000,1.1414],[1501948800000,2.2348],[1502035200000,1.1082],[1502121600000,1.105],[1502208000000,1.0941],[1502294400000,1.0909],[1502380800000,1.0854],[1502553600000,2.1713],[1502640000000,1.0761],[1502726400000,1.0881],[1502812800000,1.0793],[1502899200000,1.0818],[1502985600000,1.2593],[1503158400000,2.186],[1503244800000,1.0914],[1503331200000,1.099],[1503417600000,1.0771],[1503504000000,1.0909],[1503590400000,1.1954],[1503763200000,2.217],[1503849600000,1.0911],[1503936000000,1.0811],[1504022400000,1.0951],[1504108800000,1.0989],[1504195200000,1.1075],[1504368000000,2.2134],[1504454400000,1.1933],[1504540800000,1.1019],[1504627200000,1.0923],[1504713600000,1.0815],[1504800000000,1.1144],[1504972800000,2.2112],[1505059200000,1.1954],[1505145600000,1.1744],[1505232000000,1.1219],[1505318400000,1.1477],[1505404800000,1.1426],[1505577600000,2.1334],[1505664000000,1.0991],[1505750400000,1.0818],[1505836800000,1.0929],[1505923200000,1.154],[1506009600000,1.1144],[1506182400000,2.2104],[1506268800000,1.0898],[1506355200000,1.0865],[1506441600000,1.0748],[1506528000000,1.0689],[1506614400000,1.0732],[1507392000000,9.6728],[1507478400000,1.1011],[1507564800000,1.13],[1507651200000,1.1262],[1507737600000,1.1349],[1507824000000,1.1204],[1507996800000,2.2286],[1508083200000,1.1168],[1508169600000,1.1197],[1508256000000,1.1096],[1508342400000,1.0762],[1508428800000,1.1087],[1508601600000,2.2289],[1508688000000,1.0987],[1508774400000,1.0944],[1508860800000,1.0915],[1508947200000,1.0891],[1509033600000,1.0962],[1509206400000,2.1913],[1509292800000,1.1013],[1509379200000,1.0832],[1509465600000,1.1132],[1509552000000,1.1124],[1509638400000,1.1173],[1509811200000,2.2337],[1509897600000,1.1113],[1509984000000,1.0793],[1510070400000,1.0733],[1510156800000,1.0727],[1510243200000,1.0721],[1510416000000,2.1439],[1510502400000,1.103],[1510588800000,1.1415],[1510675200000,1.0662],[1510761600000,1.0766],[1510848000000,1.0837],[1511020800000,2.1649],[1511107200000,1.0821],[1511193600000,1.1046],[1511280000000,1.0945],[1511366400000,1.1188],[1511452800000,1.106],[1511625600000,2.2108],[1511712000000,1.1022],[1511798400000,1.1047],[1511884800000,1.1238],[1511971200000,1.111],[1512057600000,1.1524],[1512230400000,2.3054],[1512316800000,1.3633],[1512403200000,1.1875],[1512489600000,1.1366],[1512576000000,1.1683],[1512662400000,1.1737],[1512835200000,2.3485],[1512921600000,1.1628],[1513008000000,1.2002],[1513094400000,1.4182],[1513180800000,1.1577],[1513267200000,1.1775],[1513440000000,2.3302],[1513526400000,1.1892],[1513612800000,1.136],[1513699200000,1.2228],[1513785600000,1.3165],[1513872000000,1.2699],[1514044800000,2.5448],[1514131200000,1.2299],[1514217600000,1.189],[1514304000000,1.2684],[1514390400000,1.2918],[1514476800000,1.2112],[1514649600000,2.4365],[1514736000000,1.2156],[1514822400000,1.3193],[1514908800000,1.2895],[1514995200000,1.2744],[1515081600000,1.3176],[1515254400000,2.6251],[1515340800000,1.3126],[1515427200000,1.2933],[1515513600000,1.2794],[1515600000000,1.1925],[1515686400000,1.1988],[1515859200000,2.3934],[1515945600000,1.189],[1516032000000,1.251],[1516118400000,1.1867],[1516204800000,1.1868],[1516291200000,1.1929],[1516464000000,2.3672],[1516550400000,1.2669],[1516636800000,1.2228],[1516723200000,1.1871],[1516809600000,1.1873],[1516896000000,1.1888],[1517068800000,2.3763],[1517155200000,1.1892],[1517241600000,1.1947],[1517328000000,1.2158],[1517414400000,1.1899],[1517500800000,1.2014],[1517673600000,2.4005],[1517760000000,1.1986],[1517846400000,1.1874]];
/*基金收益走势图   7日年化收益率*/
var Data_sevenDaysYearIncome = [[1468512000000,5.426],[1468771200000,2.444],[1468857600000,2.238],[1468944000000,2.097],[1469030400000,1.986],[1469116800000,1.475],[1469289600000,1.629],[1469376000000,1.642],[1469462400000,1.718],[1469548800000,1.769],[1469635200000,1.81],[1469721600000,1.955],[1469894400000,2.106],[1469980800000,2.168],[1470067200000,2.209],[1470153600000,2.29],[1470240000000,2.394],[1470326400000,2.323],[1470499200000,2.299],[1470585600000,2.319],[1470672000000,2.322],[1470758400000,2.335],[1470844800000,2.354],[1470931200000,2.37],[1471104000000,2.398],[1471190400000,2.404],[1471276800000,2.428],[1471363200000,2.429],[1471449600000,2.423],[1471536000000,2.423],[1471708800000,2.422],[1471795200000,2.421],[1471881600000,2.418],[1471968000000,2.425],[1472054400000,2.434],[1472140800000,2.453],[1472313600000,2.491],[1472400000000,2.512],[1472486400000,2.535],[1472572800000,2.545],[1472659200000,2.555],[1472745600000,2.554],[1472918400000,2.551],[1473004800000,2.544],[1473091200000,2.535],[1473177600000,2.525],[1473264000000,2.51],[1473350400000,2.492],[1473523200000,2.461],[1473609600000,2.444],[1473696000000,2.408],[1473782400000,2.399],[1474128000000,2.391],[1474214400000,2.397],[1474300800000,2.422],[1474387200000,2.49],[1474473600000,2.555],[1474560000000,2.624],[1474732800000,2.762],[1474819200000,2.841],[1474905600000,2.91],[1474992000000,2.948],[1475078400000,2.984],[1475164800000,3.02],[1475942400000,3.162],[1476028800000,3.098],[1476115200000,3.023],[1476201600000,2.952],[1476288000000,2.877],[1476374400000,2.807],[1476547200000,2.672],[1476633600000,2.641],[1476720000000,2.625],[1476806400000,2.607],[1476892800000,2.594],[1476979200000,2.583],[1477152000000,2.56],[1477238400000,2.588],[1477324800000,2.617],[1477411200000,2.646],[1477497600000,2.704],[1477584000000,2.761],[1477756800000,2.875],[1477843200000,2.899],[1477929600000,2.922],[1478016000000,2.939],[1478102400000,2.914],[1478188800000,2.882],[1478361600000,2.815],[1478448000000,2.794],[1478534400000,2.77],[1478620800000,2.747],[1478707200000,2.708],[1478793600000,2.671],[1478966400000,2.598],[1479052800000,2.547],[1479139200000,2.499],[1479225600000,2.453],[1479312000000,2.44],[1479398400000,2.427],[1479571200000,2.402],[1479657600000,2.416],[1479744000000,2.44],[1479830400000,2.465],[1479916800000,2.487],[1480003200000,2.508],[1480176000000,2.551],[1480262400000,2.573],[1480348800000,2.585],[1480435200000,2.594],[1480521600000,2.603],[1480608000000,2.613],[1480780800000,2.633],[1480867200000,2.636],[1480953600000,2.638],[1481040000000,2.586],[1481126400000,2.489],[1481212800000,2.521],[1481385600000,2.526],[1481472000000,2.52],[1481558400000,2.512],[1481644800000,2.573],[1481731200000,2.759],[1481817600000,2.993],[1481990400000,3.524],[1482076800000,4.165],[1482163200000,4.648],[1482249600000,4.831],[1482336000000,5.357],[1482422400000,5.669],[1482595200000,6.293],[1482681600000,5.741],[1482768000000,5.871],[1482854400000,5.864],[1482940800000,5.615],[1483027200000,5.637],[1483113600000,5.662],[1483200000000,5.693],[1483286400000,6.216],[1483372800000,5.905],[1483459200000,6.137],[1483545600000,6.133],[1483632000000,5.889],[1483718400000,5.647],[1483804800000,5.398],[1483891200000,5.106],[1483977600000,5.104],[1484064000000,4.9],[1484150400000,4.739],[1484236800000,4.548],[1484323200000,4.352],[1484409600000,4.156],[1484496000000,4.021],[1484582400000,3.942],[1484668800000,4.032],[1484755200000,4.2],[1484841600000,4.395],[1484928000000,4.593],[1485014400000,4.792],[1485100800000,4.969],[1485187200000,5.113],[1485273600000,5.162],[1485360000000,5.153],[1485446400000,5.151],[1485532800000,5.146],[1485619200000,5.141],[1485705600000,5.142],[1485792000000,5.145],[1485878400000,5.159],[1485964800000,5.16],[1486051200000,5.158],[1486137600000,5.157],[1486224000000,5.156],[1486310400000,5.155],[1486396800000,5.137],[1486483200000,5.099],[1486569600000,5.003],[1486656000000,4.877],[1486742400000,4.731],[1486828800000,4.585],[1486915200000,4.433],[1487001600000,4.234],[1487088000000,4.076],[1487174400000,4.008],[1487260800000,3.98],[1487347200000,3.973],[1487433600000,3.967],[1487520000000,3.996],[1487606400000,4.1],[1487692800000,4.19],[1487779200000,4.256],[1487865600000,4.309],[1487952000000,4.361],[1488038400000,4.413],[1488124800000,4.433],[1488211200000,4.462],[1488297600000,4.453],[1488384000000,4.428],[1488470400000,4.425],[1488556800000,4.419],[1488643200000,4.413],[1488729600000,4.391],[1488816000000,4.337],[1488902400000,4.296],[1488988800000,4.283],[1489075200000,4.273],[1489161600000,4.252],[1489248000000,4.23],[1489334400000,4.212],[1489420800000,4.15],[1489507200000,4.141],[1489593600000,4.106],[1489680000000,4.039],[1489766400000,3.984],[1489852800000,3.928],[1489939200000,3.909],[1490025600000,3.99],[1490112000000,4.093],[1490198400000,4.19],[1490284800000,4.308],[1490371200000,4.43],[1490457600000,4.545],[1490544000000,4.653],[1490630400000,4.678],[1490716800000,4.637],[1490803200000,4.619],[1490889600000,4.6],[1490976000000,4.583],[1491062400000,4.572],[1491148800000,4.548],[1491235200000,4.563],[1491321600000,4.617],[1491408000000,4.639],[1491494400000,4.87],[1491580800000,4.834],[1491667200000,4.799],[1491753600000,4.765],[1491840000000,4.688],[1491926400000,4.577],[1492012800000,4.484],[1492099200000,4.251],[1492185600000,4.201],[1492272000000,4.15],[1492358400000,4.11],[1492444800000,4.099],[1492531200000,4.095],[1492617600000,4.136],[1492704000000,4.069],[1492876800000,4.078],[1492963200000,4.079],[1493049600000,4.092],[1493136000000,4.112],[1493222400000,4.151],[1493308800000,4.159],[1493568000000,4.205],[1493654400000,4.214],[1493740800000,4.215],[1493827200000,4.167],[1493913600000,4.178],[1494086400000,4.195],[1494172800000,4.211],[1494259200000,4.221],[1494345600000,4.222],[1494432000000,4.212],[1494518400000,4.2],[1494691200000,4.17],[1494777600000,4.16],[1494864000000,4.145],[1494950400000,4.139],[1495036800000,4.116],[1495123200000,4.105],[1495296000000,4.088],[1495382400000,4.092],[1495468800000,4.106],[1495555200000,4.129],[1495641600000,4.164],[1495728000000,4.188],[1496073600000,4.239],[1496160000000,4.24],[1496246400000,4.239],[1496332800000,4.243],[1496505600000,4.245],[1496592000000,4.248],[1496678400000,4.251],[1496764800000,4.236],[1496851200000,4.229],[1496937600000,4.216],[1497110400000,4.195],[1497196800000,4.187],[1497283200000,4.186],[1497369600000,4.217],[1497456000000,4.248],[1497542400000,4.288],[1497715200000,4.373],[1497801600000,4.407],[1497888000000,4.438],[1497974400000,4.464],[1498060800000,4.488],[1498147200000,4.538],[1498320000000,4.575],[1498406400000,4.671],[1498492800000,4.704],[1498579200000,4.716],[1498665600000,4.74],[1498752000000,4.713],[1498924800000,4.716],[1499011200000,4.648],[1499097600000,4.63],[1499184000000,4.598],[1499270400000,4.557],[1499356800000,4.527],[1499529600000,4.469],[1499616000000,4.436],[1499702400000,4.443],[1499788800000,4.491],[1499875200000,4.443],[1499961600000,4.4],[1500134400000,4.316],[1500220800000,4.281],[1500307200000,4.218],[1500393600000,4.136],[1500480000000,4.177],[1500566400000,4.201],[1500739200000,4.252],[1500825600000,4.281],[1500912000000,4.296],[1500998400000,4.316],[1501084800000,4.305],[1501171200000,4.297],[1501344000000,4.28],[1501430400000,4.277],[1501516800000,4.263],[1501603200000,4.246],[1501689600000,4.276],[1501776000000,4.279],[1501948800000,4.263],[1502035200000,4.235],[1502121600000,4.226],[1502208000000,4.203],[1502294400000,4.137],[1502380800000,4.106],[1502553600000,4.072],[1502640000000,4.055],[1502726400000,4.045],[1502812800000,4.037],[1502899200000,4.032],[1502985600000,4.127],[1503158400000,4.135],[1503244800000,4.143],[1503331200000,4.149],[1503417600000,4.148],[1503504000000,4.153],[1503590400000,4.118],[1503763200000,4.135],[1503849600000,4.135],[1503936000000,4.125],[1504022400000,4.135],[1504108800000,4.139],[1504195200000,4.091],[1504368000000,4.089],[1504454400000,4.145],[1504540800000,4.156],[1504627200000,4.155],[1504713600000,4.145],[1504800000000,4.149],[1504972800000,4.148],[1505059200000,4.149],[1505145600000,4.188],[1505232000000,4.204],[1505318400000,4.24],[1505404800000,4.256],[1505577600000,4.213],[1505664000000,4.161],[1505750400000,4.111],[1505836800000,4.095],[1505923200000,4.098],[1506009600000,4.083],[1506182400000,4.125],[1506268800000,4.12],[1506355200000,4.122],[1506441600000,4.113],[1506528000000,4.066],[1506614400000,4.044],[1507392000000,4.0],[1507478400000,4.014],[1507564800000,4.044],[1507651200000,4.072],[1507737600000,4.105],[1507824000000,4.13],[1507996800000,4.173],[1508083200000,4.182],[1508169600000,4.176],[1508256000000,4.167],[1508342400000,4.135],[1508428800000,4.129],[1508601600000,4.129],[1508688000000,4.119],[1508774400000,4.105],[1508860800000,4.096],[1508947200000,4.103],[1509033600000,4.096],[1509206400000,4.075],[1509292800000,4.077],[1509379200000,4.071],[1509465600000,4.083],[1509552000000,4.095],[1509638400000,4.107],[1509811200000,4.13],[1509897600000,4.135],[1509984000000,4.133],[1510070400000,4.111],[1510156800000,4.09],[1510243200000,4.065],[1510416000000,4.016],[1510502400000,4.012],[1510588800000,4.046],[1510675200000,4.042],[1510761600000,4.044],[1510848000000,4.05],[1511020800000,4.062],[1511107200000,4.05],[1511193600000,4.03],[1511280000000,4.046],[1511366400000,4.069],[1511452800000,4.081],[1511625600000,4.106],[1511712000000,4.117],[1511798400000,4.117],[1511884800000,4.133],[1511971200000,4.128],[1512057600000,4.153],[1512230400000,4.205],[1512316800000,4.347],[1512403200000,4.392],[1512489600000,4.399],[1512576000000,4.43],[1512662400000,4.442],[1512835200000,4.465],[1512921600000,4.356],[1513008000000,4.363],[1513094400000,4.516],[1513180800000,4.51],[1513267200000,4.512],[1513440000000,4.502],[1513526400000,4.517],[1513612800000,4.482],[1513699200000,4.375],[1513785600000,4.462],[1513872000000,4.512],[1514044800000,4.629],[1514131200000,4.651],[1514217600000,4.68],[1514304000000,4.705],[1514390400000,4.692],[1514476800000,4.66],[1514649600000,4.601],[1514736000000,4.593],[1514822400000,4.664],[1514908800000,4.675],[1514995200000,4.666],[1515081600000,4.724],[1515254400000,4.827],[1515340800000,4.88],[1515427200000,4.866],[1515513600000,4.86],[1515600000000,4.816],[1515686400000,4.751],[1515859200000,4.624],[1515945600000,4.557],[1516032000000,4.534],[1516118400000,4.483],[1516204800000,4.48],[1516291200000,4.477],[1516464000000,4.463],[1516550400000,4.505],[1516636800000,4.49],[1516723200000,4.49],[1516809600000,4.49],[1516896000000,4.488],[1517068800000,4.493],[1517155200000,4.451],[1517241600000,4.435],[1517328000000,4.451],[1517414400000,4.452],[1517500800000,4.459],[1517673600000,4.472],[1517760000000,4.478],[1517846400000,4.474]];
/*资产配置*/
var Data_assetAllocationCurrency ={"categories":["12-31","09-30","06-30","03-31"],"series":[{"name":"股票","data":[null,null,null,null]},{"name":"债券","data":[53.03,47.24,35.75,46.75]},{"name":"现金","data":[52.33,50.15,44.97,36.77]}]};
/*累计收益率走势*/
var Data_grandTotal = [{"name":"兴业稳天盈货币A","data":[[1501948800000,0],[1502035200000,0.01],[1502121600000,0.02],[1502208000000,0.03],[1502294400000,0.04],[1502380800000,0.05],[1502553600000,0.08],[1502640000000,0.09],[1502726400000,0.10],[1502812800000,0.11],[1502899200000,0.12],[1502985600000,0.13],[1503158400000,0.15],[1503244800000,0.17],[1503331200000,0.18],[1503417600000,0.19],[1503504000000,0.20],[1503590400000,0.21],[1503763200000,0.23],[1503849600000,0.24],[1503936000000,0.25],[1504022400000,0.26],[1504108800000,0.28],[1504195200000,0.29],[1504368000000,0.31],[1504454400000,0.32],[1504540800000,0.33],[1504627200000,0.34],[1504713600000,0.35],[1504800000000,0.37],[1504972800000,0.39],[1505059200000,0.40],[1505145600000,0.41],[1505232000000,0.42],[1505318400000,0.43],[1505404800000,0.45],[1505577600000,0.47],[1505664000000,0.48],[1505750400000,0.49],[1505836800000,0.50],[1505923200000,0.51],[1506009600000,0.52],[1506182400000,0.54],[1506268800000,0.56],[1506355200000,0.57],[1506441600000,0.58],[1506528000000,0.59],[1506614400000,0.60],[1507392000000,0.70],[1507478400000,0.71],[1507564800000,0.72],[1507651200000,0.73],[1507737600000,0.74],[1507824000000,0.75],[1507996800000,0.78],[1508083200000,0.79],[1508169600000,0.80],[1508256000000,0.81],[1508342400000,0.82],[1508428800000,0.83],[1508601600000,0.85],[1508688000000,0.86],[1508774400000,0.88],[1508860800000,0.89],[1508947200000,0.90],[1509033600000,0.91],[1509206400000,0.93],[1509292800000,0.94],[1509379200000,0.95],[1509465600000,0.96],[1509552000000,0.98],[1509638400000,0.99],[1509811200000,1.01],[1509897600000,1.02],[1509984000000,1.03],[1510070400000,1.04],[1510156800000,1.05],[1510243200000,1.06],[1510416000000,1.09],[1510502400000,1.10],[1510588800000,1.11],[1510675200000,1.12],[1510761600000,1.13],[1510848000000,1.14],[1511020800000,1.16],[1511107200000,1.17],[1511193600000,1.18],[1511280000000,1.20],[1511366400000,1.21],[1511452800000,1.22],[1511625600000,1.24],[1511712000000,1.25],[1511798400000,1.26],[1511884800000,1.27],[1511971200000,1.29],[1512057600000,1.30],[1512230400000,1.32],[1512316800000,1.33],[1512403200000,1.35],[1512489600000,1.36],[1512576000000,1.37],[1512662400000,1.38],[1512835200000,1.41],[1512921600000,1.42],[1513008000000,1.43],[1513094400000,1.44],[1513180800000,1.46],[1513267200000,1.47],[1513440000000,1.49],[1513526400000,1.50],[1513612800000,1.52],[1513699200000,1.53],[1513785600000,1.54],[1513872000000,1.55],[1514044800000,1.58],[1514131200000,1.59],[1514217600000,1.60],[1514304000000,1.62],[1514390400000,1.63],[1514476800000,1.64],[1514649600000,1.67],[1514736000000,1.68],[1514822400000,1.69],[1514908800000,1.71],[1514995200000,1.72],[1515081600000,1.73],[1515254400000,1.76],[1515340800000,1.77],[1515427200000,1.79],[1515513600000,1.80],[1515600000000,1.81],[1515686400000,1.82],[1515859200000,1.85],[1515945600000,1.86],[1516032000000,1.87],[1516118400000,1.88],[1516204800000,1.90],[1516291200000,1.91],[1516464000000,1.93],[1516550400000,1.95],[1516636800000,1.96],[1516723200000,1.97],[1516809600000,1.98],[1516896000000,1.99],[1517068800000,2.02],[1517155200000,2.03],[1517241600000,2.04],[1517328000000,2.06],[1517414400000,2.07],[1517500800000,2.08],[1517673600000,2.10],[1517760000000,2.12],[1517846400000,2.13]]},{"name":"同类平均","data":[[1502035200000,0],[1502121600000,0.01],[1502208000000,0.02],[1502294400000,0.03],[1502380800000,0.04],[1502640000000,0.07],[1502726400000,0.08],[1502812800000,0.09],[1502899200000,0.10],[1502985600000,0.11],[1503244800000,0.14],[1503331200000,0.16],[1503417600000,0.17],[1503504000000,0.18],[1503590400000,0.19],[1503849600000,0.22],[1503936000000,0.23],[1504022400000,0.24],[1504108800000,0.25],[1504195200000,0.26],[1504454400000,0.29],[1504540800000,0.30],[1504627200000,0.31],[1504713600000,0.32],[1504800000000,0.34],[1505059200000,0.37],[1505145600000,0.38],[1505232000000,0.39],[1505318400000,0.40],[1505404800000,0.41],[1505664000000,0.44],[1505750400000,0.45],[1505836800000,0.46],[1505923200000,0.47],[1506009600000,0.48],[1506268800000,0.52],[1506355200000,0.53],[1506441600000,0.54],[1506528000000,0.55],[1506614400000,0.56],[1507478400000,0.67],[1507564800000,0.68],[1507651200000,0.69],[1507737600000,0.71],[1507824000000,0.72],[1508083200000,0.75],[1508169600000,0.76],[1508256000000,0.77],[1508342400000,0.78],[1508428800000,0.79],[1508688000000,0.82],[1508774400000,0.83],[1508860800000,0.84],[1508947200000,0.85],[1509033600000,0.86],[1509292800000,0.90],[1509379200000,0.91],[1509465600000,0.92],[1509552000000,0.93],[1509638400000,0.94],[1509897600000,0.97],[1509984000000,0.98],[1510070400000,0.99],[1510156800000,1.00],[1510243200000,1.01],[1510502400000,1.04],[1510588800000,1.06],[1510675200000,1.07],[1510761600000,1.08],[1510848000000,1.09],[1511107200000,1.12],[1511193600000,1.13],[1511280000000,1.14],[1511366400000,1.15],[1511452800000,1.16],[1511712000000,1.20],[1511798400000,1.21],[1511884800000,1.22],[1511971200000,1.23],[1512057600000,1.24],[1512316800000,1.28],[1512403200000,1.29],[1512489600000,1.30],[1512576000000,1.31],[1512662400000,1.32],[1512921600000,1.35],[1513008000000,1.36],[1513094400000,1.38],[1513180800000,1.39],[1513267200000,1.40],[1513526400000,1.43],[1513612800000,1.44],[1513699200000,1.46],[1513785600000,1.47],[1513872000000,1.48],[1514131200000,1.51],[1514217600000,1.53],[1514304000000,1.54],[1514390400000,1.55],[1514476800000,1.57],[1514822400000,1.62],[1514908800000,1.64],[1514995200000,1.65],[1515081600000,1.66],[1515340800000,1.69],[1515427200000,1.71],[1515513600000,1.72],[1515600000000,1.73],[1515686400000,1.74],[1515945600000,1.77],[1516032000000,1.79],[1516118400000,1.80],[1516204800000,1.81],[1516291200000,1.82],[1516550400000,1.86],[1516636800000,1.87],[1516723200000,1.88],[1516809600000,1.89],[1516896000000,1.90],[1517155200000,1.94],[1517241600000,1.95],[1517328000000,1.96],[1517414400000,1.97],[1517500800000,1.98],[1517760000000,2.02],[1517846400000,2.03]]},{"name":"沪深300","data":[[1502035200000,0],[1502121600000,0.15],[1502208000000,0.11],[1502294400000,-0.29],[1502380800000,-2.13],[1502640000000,-0.86],[1502726400000,-0.56],[1502812800000,-0.68],[1502899200000,-0.15],[1502985600000,-0.06],[1503244800000,0.38],[1503331200000,0.68],[1503417600000,0.79],[1503504000000,0.21],[1503590400000,1.85],[1503849600000,3.11],[1503936000000,2.89],[1504022400000,2.88],[1504108800000,2.56],[1504195200000,2.78],[1504454400000,3.19],[1504540800000,3.50],[1504627200000,3.29],[1504713600000,2.77],[1504800000000,2.66],[1505059200000,2.65],[1505145600000,2.98],[1505232000000,3.11],[1505318400000,2.77],[1505404800000,2.80],[1505664000000,3.12],[1505750400000,2.83],[1505836800000,3.10],[1505923200000,2.98],[1506009600000,2.98],[1506268800000,2.44],[1506355200000,2.52],[1506441600000,2.53],[1506528000000,2.57],[1506614400000,2.94],[1507478400000,4.17],[1507564800000,4.38],[1507651200000,4.72],[1507737600000,5.00],[1507824000000,5.21],[1508083200000,5.01],[1508169600000,5.00],[1508256000000,5.83],[1508342400000,5.49],[1508428800000,5.37],[1508688000000,5.47],[1508774400000,6.24],[1508860800000,6.71],[1508947200000,7.16],[1509033600000,7.92],[1509292800000,7.59],[1509379200000,7.51],[1509465600000,7.24],[1509552000000,7.25],[1509638400000,7.13],[1509897600000,7.89],[1509984000000,8.79],[1510070400000,8.62],[1510156800000,9.37],[1510243200000,10.33],[1510502400000,10.77],[1510588800000,10.00],[1510675200000,9.31],[1510761600000,10.15],[1510848000000,10.57],[1511107200000,11.19],[1511193600000,13.17],[1511280000000,13.44],[1511366400000,10.08],[1511452800000,10.13],[1511712000000,8.67],[1511798400000,8.83],[1511884800000,8.77],[1511971200000,7.49],[1512057600000,7.28],[1512316800000,7.84],[1512403200000,8.41],[1512489600000,7.76],[1512576000000,6.55],[1512662400000,7.42],[1512921600000,9.20],[1513008000000,7.76],[1513094400000,8.67],[1513180800000,8.03],[1513267200000,6.82],[1513526400000,6.94],[1513612800000,8.28],[1513699200000,8.15],[1513785600000,9.15],[1513872000000,8.80],[1514131200000,8.45],[1514217600000,8.77],[1514304000000,7.09],[1514390400000,7.84],[1514476800000,8.16],[1514822400000,9.68],[1514908800000,10.32],[1514995200000,10.79],[1515081600000,11.05],[1515340800000,11.63],[1515427200000,12.41],[1515513600000,12.91],[1515600000000,12.85],[1515686400000,13.37],[1515945600000,13.37],[1516032000000,14.27],[1516118400000,13.99],[1516204800000,14.61],[1516291200000,14.99],[1516550400000,16.36],[1516636800000,17.60],[1516723200000,17.79],[1516809600000,17.13],[1516896000000,17.56],[1517155200000,15.43],[1517241600000,14.20],[1517328000000,14.73],[1517414400000,13.93],[1517500800000,14.61],[1517760000000,14.69],[1517846400000,11.33]]}];
/*同类排名*/
var Data_rateInSimilarType = [{"x":1476633600000,"y":396,"sc":"436"},{"x":1476720000000,"y":394,"sc":"438"},{"x":1476806400000,"y":394,"sc":"437"},{"x":1476892800000,"y":391,"sc":"437"},{"x":1476979200000,"y":390,"sc":"437"},{"x":1477238400000,"y":391,"sc":"440"},{"x":1477324800000,"y":386,"sc":"440"},{"x":1477411200000,"y":386,"sc":"441"},{"x":1477497600000,"y":381,"sc":"441"},{"x":1477584000000,"y":381,"sc":"445"},{"x":1477843200000,"y":392,"sc":"447"},{"x":1477929600000,"y":388,"sc":"447"},{"x":1478016000000,"y":385,"sc":"447"},{"x":1478102400000,"y":385,"sc":"447"},{"x":1478188800000,"y":381,"sc":"448"},{"x":1478448000000,"y":392,"sc":"450"},{"x":1478534400000,"y":387,"sc":"450"},{"x":1478620800000,"y":388,"sc":"450"},{"x":1478707200000,"y":387,"sc":"450"},{"x":1478793600000,"y":388,"sc":"450"},{"x":1479052800000,"y":394,"sc":"450"},{"x":1479139200000,"y":391,"sc":"450"},{"x":1479225600000,"y":391,"sc":"450"},{"x":1479312000000,"y":391,"sc":"450"},{"x":1479398400000,"y":390,"sc":"450"},{"x":1479657600000,"y":398,"sc":"451"},{"x":1479744000000,"y":396,"sc":"451"},{"x":1479830400000,"y":397,"sc":"451"},{"x":1479916800000,"y":398,"sc":"451"},{"x":1480003200000,"y":398,"sc":"451"},{"x":1480262400000,"y":405,"sc":"451"},{"x":1480348800000,"y":406,"sc":"452"},{"x":1480435200000,"y":406,"sc":"452"},{"x":1480521600000,"y":405,"sc":"452"},{"x":1480608000000,"y":408,"sc":"455"},{"x":1480867200000,"y":414,"sc":"455"},{"x":1480953600000,"y":413,"sc":"455"},{"x":1481040000000,"y":412,"sc":"455"},{"x":1481126400000,"y":413,"sc":"455"},{"x":1481212800000,"y":413,"sc":"456"},{"x":1481472000000,"y":422,"sc":"457"},{"x":1481558400000,"y":423,"sc":"458"},{"x":1481644800000,"y":423,"sc":"458"},{"x":1481731200000,"y":419,"sc":"458"},{"x":1481817600000,"y":412,"sc":"458"},{"x":1482076800000,"y":410,"sc":"458"},{"x":1482163200000,"y":397,"sc":"458"},{"x":1482249600000,"y":398,"sc":"458"},{"x":1482336000000,"y":386,"sc":"459"},{"x":1482422400000,"y":365,"sc":"463"},{"x":1482681600000,"y":347,"sc":"464"},{"x":1482768000000,"y":327,"sc":"464"},{"x":1482854400000,"y":326,"sc":"466"},{"x":1482940800000,"y":319,"sc":"466"},{"x":1483027200000,"y":300,"sc":"469"},{"x":1483372800000,"y":213,"sc":"469"},{"x":1483459200000,"y":193,"sc":"468"},{"x":1483545600000,"y":173,"sc":"469"},{"x":1483632000000,"y":160,"sc":"469"},{"x":1483891200000,"y":58,"sc":"469"},{"x":1483977600000,"y":55,"sc":"469"},{"x":1484064000000,"y":54,"sc":"469"},{"x":1484150400000,"y":51,"sc":"469"},{"x":1484236800000,"y":46,"sc":"469"},{"x":1484496000000,"y":37,"sc":"472"},{"x":1484582400000,"y":36,"sc":"474"},{"x":1484668800000,"y":31,"sc":"476"},{"x":1484755200000,"y":29,"sc":"476"},{"x":1484841600000,"y":29,"sc":"476"},{"x":1485100800000,"y":17,"sc":"481"},{"x":1485187200000,"y":18,"sc":"482"},{"x":1485273600000,"y":17,"sc":"484"},{"x":1485360000000,"y":15,"sc":"485"},{"x":1486051200000,"y":9,"sc":"489"},{"x":1486310400000,"y":7,"sc":"491"},{"x":1486396800000,"y":7,"sc":"491"},{"x":1486483200000,"y":7,"sc":"491"},{"x":1486569600000,"y":7,"sc":"491"},{"x":1486656000000,"y":7,"sc":"494"},{"x":1486915200000,"y":6,"sc":"496"},{"x":1487001600000,"y":6,"sc":"496"},{"x":1487088000000,"y":6,"sc":"496"},{"x":1487174400000,"y":6,"sc":"496"},{"x":1487260800000,"y":6,"sc":"496"},{"x":1487520000000,"y":6,"sc":"496"},{"x":1487606400000,"y":6,"sc":"496"},{"x":1487692800000,"y":6,"sc":"496"},{"x":1487779200000,"y":6,"sc":"498"},{"x":1487865600000,"y":6,"sc":"500"},{"x":1488124800000,"y":4,"sc":"503"},{"x":1488211200000,"y":4,"sc":"503"},{"x":1488297600000,"y":4,"sc":"503"},{"x":1488384000000,"y":4,"sc":"511"},{"x":1488470400000,"y":4,"sc":"511"},{"x":1488729600000,"y":3,"sc":"513"},{"x":1488816000000,"y":3,"sc":"515"},{"x":1488902400000,"y":3,"sc":"516"},{"x":1488988800000,"y":3,"sc":"518"},{"x":1489075200000,"y":3,"sc":"518"},{"x":1489334400000,"y":3,"sc":"518"},{"x":1489420800000,"y":3,"sc":"518"},{"x":1489507200000,"y":3,"sc":"518"},{"x":1489593600000,"y":3,"sc":"520"},{"x":1489680000000,"y":3,"sc":"520"},{"x":1489939200000,"y":4,"sc":"522"},{"x":1490025600000,"y":4,"sc":"522"},{"x":1490112000000,"y":4,"sc":"524"},{"x":1490198400000,"y":4,"sc":"530"},{"x":1490284800000,"y":4,"sc":"530"},{"x":1490544000000,"y":2,"sc":"534"},{"x":1490630400000,"y":3,"sc":"535"},{"x":1490716800000,"y":3,"sc":"535"},{"x":1490803200000,"y":2,"sc":"538"},{"x":1490889600000,"y":2,"sc":"538"},{"x":1491321600000,"y":4,"sc":"538"},{"x":1491408000000,"y":3,"sc":"540"},{"x":1491494400000,"y":3,"sc":"540"},{"x":1491753600000,"y":3,"sc":"540"},{"x":1491840000000,"y":3,"sc":"540"},{"x":1491926400000,"y":3,"sc":"540"},{"x":1492012800000,"y":3,"sc":"541"},{"x":1492099200000,"y":3,"sc":"541"},{"x":1492358400000,"y":3,"sc":"543"},{"x":1492444800000,"y":3,"sc":"543"},{"x":1492531200000,"y":3,"sc":"543"},{"x":1492617600000,"y":3,"sc":"545"},{"x":1492704000000,"y":4,"sc":"545"},{"x":1492963200000,"y":3,"sc":"545"},{"x":1493049600000,"y":3,"sc":"547"},{"x":1493136000000,"y":4,"sc":"549"},{"x":1493222400000,"y":5,"sc":"549"},{"x":1493308800000,"y":8,"sc":"549"},{"x":1493654400000,"y":7,"sc":"549"},{"x":1493740800000,"y":8,"sc":"550"},{"x":1493827200000,"y":12,"sc":"550"},{"x":1493913600000,"y":10,"sc":"550"},{"x":1494172800000,"y":14,"sc":"550"},{"x":1494259200000,"y":14,"sc":"550"},{"x":1494345600000,"y":16,"sc":"550"},{"x":1494432000000,"y":17,"sc":"550"},{"x":1494518400000,"y":17,"sc":"550"},{"x":1494777600000,"y":16,"sc":"554"},{"x":1494864000000,"y":16,"sc":"556"},{"x":1494950400000,"y":15,"sc":"560"},{"x":1495036800000,"y":17,"sc":"560"},{"x":1495123200000,"y":15,"sc":"560"},{"x":1495382400000,"y":15,"sc":"560"},{"x":1495468800000,"y":18,"sc":"562"},{"x":1495555200000,"y":20,"sc":"564"},{"x":1495641600000,"y":28,"sc":"564"},{"x":1495728000000,"y":22,"sc":"564"},{"x":1496160000000,"y":23,"sc":"564"},{"x":1496246400000,"y":23,"sc":"564"},{"x":1496332800000,"y":23,"sc":"564"},{"x":1496592000000,"y":30,"sc":"566"},{"x":1496678400000,"y":30,"sc":"566"},{"x":1496764800000,"y":33,"sc":"566"},{"x":1496851200000,"y":33,"sc":"566"},{"x":1496937600000,"y":34,"sc":"566"},{"x":1497196800000,"y":36,"sc":"574"},{"x":1497283200000,"y":36,"sc":"574"},{"x":1497369600000,"y":36,"sc":"575"},{"x":1497456000000,"y":38,"sc":"575"},{"x":1497542400000,"y":38,"sc":"575"},{"x":1497801600000,"y":36,"sc":"577"},{"x":1497888000000,"y":35,"sc":"577"},{"x":1497974400000,"y":38,"sc":"575"},{"x":1498060800000,"y":41,"sc":"575"},{"x":1498147200000,"y":41,"sc":"576"},{"x":1498406400000,"y":42,"sc":"579"},{"x":1498492800000,"y":43,"sc":"579"},{"x":1498579200000,"y":45,"sc":"579"},{"x":1498665600000,"y":44,"sc":"579"},{"x":1498752000000,"y":46,"sc":"582"},{"x":1499011200000,"y":85,"sc":"582"},{"x":1499097600000,"y":50,"sc":"582"},{"x":1499184000000,"y":54,"sc":"583"},{"x":1499270400000,"y":55,"sc":"583"},{"x":1499356800000,"y":62,"sc":"583"},{"x":1499616000000,"y":65,"sc":"583"},{"x":1499702400000,"y":64,"sc":"583"},{"x":1499788800000,"y":62,"sc":"583"},{"x":1499875200000,"y":62,"sc":"583"},{"x":1499961600000,"y":64,"sc":"586"},{"x":1500220800000,"y":67,"sc":"586"},{"x":1500307200000,"y":66,"sc":"586"},{"x":1500393600000,"y":67,"sc":"589"},{"x":1500480000000,"y":66,"sc":"589"},{"x":1500566400000,"y":71,"sc":"593"},{"x":1500825600000,"y":73,"sc":"593"},{"x":1500912000000,"y":75,"sc":"593"},{"x":1500998400000,"y":77,"sc":"594"},{"x":1501084800000,"y":83,"sc":"594"},{"x":1501171200000,"y":87,"sc":"594"},{"x":1501430400000,"y":73,"sc":"594"},{"x":1501516800000,"y":85,"sc":"594"},{"x":1501603200000,"y":86,"sc":"594"},{"x":1501689600000,"y":82,"sc":"594"},{"x":1501776000000,"y":83,"sc":"594"},{"x":1502035200000,"y":87,"sc":"596"},{"x":1502121600000,"y":88,"sc":"596"},{"x":1502208000000,"y":88,"sc":"596"},{"x":1502294400000,"y":90,"sc":"596"},{"x":1502380800000,"y":91,"sc":"596"},{"x":1502640000000,"y":99,"sc":"596"},{"x":1502726400000,"y":101,"sc":"596"},{"x":1502812800000,"y":100,"sc":"596"},{"x":1502899200000,"y":104,"sc":"596"},{"x":1502985600000,"y":101,"sc":"596"},{"x":1503244800000,"y":102,"sc":"597"},{"x":1503331200000,"y":101,"sc":"597"},{"x":1503417600000,"y":103,"sc":"597"},{"x":1503504000000,"y":104,"sc":"596"},{"x":1503590400000,"y":104,"sc":"596"},{"x":1503849600000,"y":96,"sc":"600"},{"x":1503936000000,"y":90,"sc":"600"},{"x":1504022400000,"y":115,"sc":"600"},{"x":1504108800000,"y":116,"sc":"601"},{"x":1504195200000,"y":113,"sc":"601"},{"x":1504454400000,"y":119,"sc":"601"},{"x":1504540800000,"y":119,"sc":"601"},{"x":1504627200000,"y":120,"sc":"601"},{"x":1504713600000,"y":122,"sc":"601"},{"x":1504800000000,"y":125,"sc":"601"},{"x":1505059200000,"y":125,"sc":"603"},{"x":1505145600000,"y":126,"sc":"603"},{"x":1505232000000,"y":128,"sc":"603"},{"x":1505318400000,"y":128,"sc":"605"},{"x":1505404800000,"y":128,"sc":"605"},{"x":1505664000000,"y":138,"sc":"606"},{"x":1505750400000,"y":138,"sc":"606"},{"x":1505836800000,"y":136,"sc":"603"},{"x":1505923200000,"y":136,"sc":"603"},{"x":1506009600000,"y":137,"sc":"603"},{"x":1506268800000,"y":151,"sc":"603"},{"x":1506355200000,"y":155,"sc":"603"},{"x":1506441600000,"y":159,"sc":"604"},{"x":1506528000000,"y":163,"sc":"604"},{"x":1506614400000,"y":168,"sc":"606"},{"x":1507478400000,"y":197,"sc":"606"},{"x":1507564800000,"y":203,"sc":"607"},{"x":1507651200000,"y":214,"sc":"607"},{"x":1507737600000,"y":223,"sc":"611"},{"x":1507824000000,"y":223,"sc":"611"},{"x":1508083200000,"y":227,"sc":"612"},{"x":1508169600000,"y":224,"sc":"612"},{"x":1508256000000,"y":223,"sc":"611"},{"x":1508342400000,"y":226,"sc":"611"},{"x":1508428800000,"y":225,"sc":"611"},{"x":1508688000000,"y":230,"sc":"606"},{"x":1508774400000,"y":224,"sc":"606"},{"x":1508860800000,"y":228,"sc":"607"},{"x":1508947200000,"y":230,"sc":"607"},{"x":1509033600000,"y":231,"sc":"607"},{"x":1509292800000,"y":229,"sc":"609"},{"x":1509379200000,"y":231,"sc":"610"},{"x":1509465600000,"y":231,"sc":"610"},{"x":1509552000000,"y":233,"sc":"613"},{"x":1509638400000,"y":234,"sc":"617"},{"x":1509897600000,"y":238,"sc":"621"},{"x":1509984000000,"y":241,"sc":"621"},{"x":1510070400000,"y":240,"sc":"621"},{"x":1510156800000,"y":241,"sc":"623"},{"x":1510243200000,"y":243,"sc":"623"},{"x":1510502400000,"y":249,"sc":"633"},{"x":1510588800000,"y":245,"sc":"635"},{"x":1510675200000,"y":249,"sc":"635"},{"x":1510761600000,"y":248,"sc":"635"},{"x":1510848000000,"y":247,"sc":"636"},{"x":1511107200000,"y":254,"sc":"636"},{"x":1511193600000,"y":255,"sc":"636"},{"x":1511280000000,"y":254,"sc":"636"},{"x":1511366400000,"y":254,"sc":"636"},{"x":1511452800000,"y":256,"sc":"637"},{"x":1511712000000,"y":258,"sc":"640"},{"x":1511798400000,"y":257,"sc":"640"},{"x":1511884800000,"y":255,"sc":"640"},{"x":1511971200000,"y":258,"sc":"641"},{"x":1512057600000,"y":257,"sc":"643"},{"x":1512316800000,"y":256,"sc":"643"},{"x":1512403200000,"y":254,"sc":"643"},{"x":1512489600000,"y":255,"sc":"643"},{"x":1512576000000,"y":254,"sc":"644"},{"x":1512662400000,"y":254,"sc":"652"},{"x":1512921600000,"y":255,"sc":"652"},{"x":1513008000000,"y":258,"sc":"653"},{"x":1513094400000,"y":252,"sc":"653"},{"x":1513180800000,"y":253,"sc":"654"},{"x":1513267200000,"y":254,"sc":"656"},{"x":1513526400000,"y":249,"sc":"656"},{"x":1513612800000,"y":246,"sc":"656"},{"x":1513699200000,"y":245,"sc":"656"},{"x":1513785600000,"y":242,"sc":"655"},{"x":1513872000000,"y":239,"sc":"655"},{"x":1514131200000,"y":231,"sc":"655"},{"x":1514217600000,"y":226,"sc":"655"},{"x":1514304000000,"y":227,"sc":"654"},{"x":1514390400000,"y":227,"sc":"655"},{"x":1514476800000,"y":228,"sc":"655"},{"x":1514822400000,"y":197,"sc":"655"},{"x":1514908800000,"y":190,"sc":"655"},{"x":1514995200000,"y":180,"sc":"655"},{"x":1515081600000,"y":171,"sc":"655"},{"x":1515340800000,"y":207,"sc":"655"},{"x":1515427200000,"y":205,"sc":"655"},{"x":1515513600000,"y":204,"sc":"656"},{"x":1515600000000,"y":201,"sc":"657"},{"x":1515686400000,"y":199,"sc":"657"},{"x":1515945600000,"y":197,"sc":"657"},{"x":1516032000000,"y":191,"sc":"657"},{"x":1516118400000,"y":193,"sc":"657"},{"x":1516204800000,"y":194,"sc":"657"},{"x":1516291200000,"y":195,"sc":"657"},{"x":1516550400000,"y":191,"sc":"657"},{"x":1516636800000,"y":190,"sc":"657"},{"x":1516723200000,"y":191,"sc":"657"},{"x":1516809600000,"y":192,"sc":"657"},{"x":1516896000000,"y":190,"sc":"655"},{"x":1517155200000,"y":189,"sc":"656"},{"x":1517241600000,"y":190,"sc":"656"},{"x":1517328000000,"y":189,"sc":"656"},{"x":1517414400000,"y":189,"sc":"656"},{"x":1517500800000,"y":188,"sc":"656"},{"x":1517760000000,"y":186,"sc":"656"},{"x":1517846400000,"y":186,"sc":"656"}];
/*百分比排名*/
var Data_rateInSimilarPersent = [[1476633600000,9.1700],[1476720000000,10.0500],[1476806400000,9.8400],[1476892800000,10.5300],[1476979200000,10.7600],[1477238400000,11.1400],[1477324800000,12.2700],[1477411200000,12.4700],[1477497600000,13.6100],[1477584000000,14.3800],[1477843200000,12.3000],[1477929600000,13.2000],[1478016000000,13.8700],[1478102400000,13.8700],[1478188800000,14.9600],[1478448000000,12.8900],[1478534400000,14.00],[1478620800000,13.7800],[1478707200000,14.00],[1478793600000,13.7800],[1479052800000,12.4400],[1479139200000,13.1100],[1479225600000,13.1100],[1479312000000,13.1100],[1479398400000,13.3300],[1479657600000,11.7500],[1479744000000,12.2000],[1479830400000,11.9700],[1479916800000,11.7500],[1480003200000,11.7500],[1480262400000,10.2000],[1480348800000,10.1800],[1480435200000,10.1800],[1480521600000,10.4000],[1480608000000,10.3300],[1480867200000,9.0100],[1480953600000,9.2300],[1481040000000,9.4500],[1481126400000,9.2300],[1481212800000,9.4300],[1481472000000,7.6600],[1481558400000,7.6400],[1481644800000,7.6400],[1481731200000,8.5200],[1481817600000,10.0400],[1482076800000,10.4800],[1482163200000,13.3200],[1482249600000,13.1000],[1482336000000,15.9000],[1482422400000,21.1700],[1482681600000,25.2200],[1482768000000,29.5300],[1482854400000,30.0400],[1482940800000,31.5500],[1483027200000,36.0300],[1483372800000,54.5800],[1483459200000,58.7600],[1483545600000,63.1100],[1483632000000,65.8800],[1483891200000,87.6300],[1483977600000,88.2700],[1484064000000,88.4900],[1484150400000,89.1300],[1484236800000,90.1900],[1484496000000,92.1600],[1484582400000,92.4100],[1484668800000,93.4900],[1484755200000,93.9100],[1484841600000,93.9100],[1485100800000,96.4700],[1485187200000,96.2700],[1485273600000,96.4900],[1485360000000,96.9100],[1486051200000,98.1600],[1486310400000,98.5700],[1486396800000,98.5700],[1486483200000,98.5700],[1486569600000,98.5700],[1486656000000,98.5800],[1486915200000,98.7900],[1487001600000,98.7900],[1487088000000,98.7900],[1487174400000,98.7900],[1487260800000,98.7900],[1487520000000,98.7900],[1487606400000,98.7900],[1487692800000,98.7900],[1487779200000,98.8000],[1487865600000,98.8000],[1488124800000,99.2000],[1488211200000,99.2000],[1488297600000,99.2000],[1488384000000,99.2200],[1488470400000,99.2200],[1488729600000,99.4200],[1488816000000,99.4200],[1488902400000,99.4200],[1488988800000,99.4200],[1489075200000,99.4200],[1489334400000,99.4200],[1489420800000,99.4200],[1489507200000,99.4200],[1489593600000,99.4200],[1489680000000,99.4200],[1489939200000,99.2300],[1490025600000,99.2300],[1490112000000,99.2400],[1490198400000,99.2500],[1490284800000,99.2500],[1490544000000,99.6300],[1490630400000,99.4400],[1490716800000,99.4400],[1490803200000,99.6300],[1490889600000,99.6300],[1491321600000,99.2600],[1491408000000,99.4400],[1491494400000,99.4400],[1491753600000,99.4400],[1491840000000,99.4400],[1491926400000,99.4400],[1492012800000,99.4500],[1492099200000,99.4500],[1492358400000,99.4500],[1492444800000,99.4500],[1492531200000,99.4500],[1492617600000,99.4500],[1492704000000,99.2700],[1492963200000,99.4500],[1493049600000,99.4500],[1493136000000,99.2700],[1493222400000,99.0900],[1493308800000,98.5400],[1493654400000,98.7200],[1493740800000,98.5500],[1493827200000,97.8200],[1493913600000,98.1800],[1494172800000,97.4500],[1494259200000,97.4500],[1494345600000,97.0900],[1494432000000,96.9100],[1494518400000,96.9100],[1494777600000,97.1100],[1494864000000,97.1200],[1494950400000,97.3200],[1495036800000,96.9600],[1495123200000,97.3200],[1495382400000,97.3200],[1495468800000,96.8000],[1495555200000,96.4500],[1495641600000,95.0400],[1495728000000,96.1000],[1496160000000,95.9200],[1496246400000,95.9200],[1496332800000,95.9200],[1496592000000,94.7000],[1496678400000,94.7000],[1496764800000,94.1700],[1496851200000,94.1700],[1496937600000,93.9900],[1497196800000,93.7300],[1497283200000,93.7300],[1497369600000,93.7400],[1497456000000,93.3900],[1497542400000,93.3900],[1497801600000,93.7600],[1497888000000,93.9300],[1497974400000,93.3900],[1498060800000,92.8700],[1498147200000,92.8800],[1498406400000,92.7500],[1498492800000,92.5700],[1498579200000,92.2300],[1498665600000,92.4000],[1498752000000,92.1000],[1499011200000,85.4000],[1499097600000,91.4100],[1499184000000,90.7400],[1499270400000,90.5700],[1499356800000,89.3700],[1499616000000,88.8500],[1499702400000,89.0200],[1499788800000,89.3700],[1499875200000,89.3700],[1499961600000,89.0800],[1500220800000,88.5700],[1500307200000,88.7400],[1500393600000,88.6200],[1500480000000,88.7900],[1500566400000,88.0300],[1500825600000,87.6900],[1500912000000,87.3500],[1500998400000,87.0400],[1501084800000,86.0300],[1501171200000,85.3500],[1501430400000,87.7100],[1501516800000,85.6900],[1501603200000,85.5200],[1501689600000,86.2000],[1501776000000,86.0300],[1502035200000,85.4000],[1502121600000,85.2300],[1502208000000,85.2300],[1502294400000,84.9000],[1502380800000,84.7300],[1502640000000,83.3900],[1502726400000,83.0500],[1502812800000,83.2200],[1502899200000,82.5500],[1502985600000,83.0500],[1503244800000,82.9100],[1503331200000,83.0800],[1503417600000,82.7500],[1503504000000,82.5500],[1503590400000,82.5500],[1503849600000,84.00],[1503936000000,85.00],[1504022400000,80.8300],[1504108800000,80.7000],[1504195200000,81.2000],[1504454400000,80.2000],[1504540800000,80.2000],[1504627200000,80.0300],[1504713600000,79.7000],[1504800000000,79.2000],[1505059200000,79.2700],[1505145600000,79.1000],[1505232000000,78.7700],[1505318400000,78.8400],[1505404800000,78.8400],[1505664000000,77.2300],[1505750400000,77.2300],[1505836800000,77.4500],[1505923200000,77.4500],[1506009600000,77.2800],[1506268800000,74.9600],[1506355200000,74.3000],[1506441600000,73.6800],[1506528000000,73.0100],[1506614400000,72.2800],[1507478400000,67.4900],[1507564800000,66.5600],[1507651200000,64.7400],[1507737600000,63.5000],[1507824000000,63.5000],[1508083200000,62.9100],[1508169600000,63.4000],[1508256000000,63.5000],[1508342400000,63.0100],[1508428800000,63.1800],[1508688000000,62.0500],[1508774400000,63.0400],[1508860800000,62.4400],[1508947200000,62.1100],[1509033600000,61.9400],[1509292800000,62.4000],[1509379200000,62.1300],[1509465600000,62.1300],[1509552000000,61.9900],[1509638400000,62.0700],[1509897600000,61.6700],[1509984000000,61.1900],[1510070400000,61.3500],[1510156800000,61.3200],[1510243200000,61.00],[1510502400000,60.6600],[1510588800000,61.4200],[1510675200000,60.7900],[1510761600000,60.9400],[1510848000000,61.1600],[1511107200000,60.0600],[1511193600000,59.9100],[1511280000000,60.0600],[1511366400000,60.0600],[1511452800000,59.8100],[1511712000000,59.6900],[1511798400000,59.8400],[1511884800000,60.1600],[1511971200000,59.7500],[1512057600000,60.0300],[1512316800000,60.1900],[1512403200000,60.5000],[1512489600000,60.3400],[1512576000000,60.5600],[1512662400000,61.0400],[1512921600000,60.8900],[1513008000000,60.4900],[1513094400000,61.4100],[1513180800000,61.3100],[1513267200000,61.2800],[1513526400000,62.0400],[1513612800000,62.5000],[1513699200000,62.6500],[1513785600000,63.0500],[1513872000000,63.5100],[1514131200000,64.7300],[1514217600000,65.5000],[1514304000000,65.2900],[1514390400000,65.3400],[1514476800000,65.1900],[1514822400000,69.9200],[1514908800000,70.9900],[1514995200000,72.5200],[1515081600000,73.8900],[1515340800000,68.4000],[1515427200000,68.7000],[1515513600000,68.9000],[1515600000000,69.4100],[1515686400000,69.7100],[1515945600000,70.0200],[1516032000000,70.9300],[1516118400000,70.6200],[1516204800000,70.4700],[1516291200000,70.3200],[1516550400000,70.9300],[1516636800000,71.0800],[1516723200000,70.9300],[1516809600000,70.7800],[1516896000000,70.9900],[1517155200000,71.1900],[1517241600000,71.0400],[1517328000000,71.1900],[1517414400000,71.1900],[1517500800000,71.3400],[1517760000000,71.6500],[1517846400000,71.6500]];
/*规模变动*/
var Data_fluctuationScale = {"categories":["2017-03-31","2017-06-30","2017-09-30","2017-12-29","2017-12-31"],"series":[{"y":17.97,"mom":"332.13%"},{"y":81.75,"mom":"355.02%"},{"y":110.93,"mom":"35.69%"},{"y":46.95,"mom":"-57.67%"},{"y":46.97,"mom":"0.02%"}]};;
/*持有人结构*/
var Data_holderStructure = {"series":[{"name":"机构持有比例","data":[94.33,72.63]},{"name":"个人持有比例","data":[5.67,27.37]},{"name":"内部持有比例","data":[0.0,0.17]}],"categories":["2016-12-31","2017-06-30"]};
/*申购赎回*/
var Data_assetAllocation ={"series":[{"name":"期间申购","data":[24.08,107.81,158.35,64.23]},{"name":"期间赎回","data":[10.27,44.03,129.18,128.20]},{"name":"总份额","data":[17.97,81.75,110.93,46.97]}],"categories":["2017-03-31","2017-06-30","2017-09-30","2017-12-31"]};
/*现任基金经理*/
var Data_currentFundManager = [{"id":"30130611","pic":"https://pdf.dfcfw.com/pdf/H8_JPG30130611_1.jpg","name":"丁进","star":3,"workTime":"2年又255天","fundSize":"406.51亿(12只基金)","power":{"avr":"45.82","categories":["经验值","收益率","抗风险","稳定性","管理规模"],"dsc":["反映基金经理从业年限和管理基金的经验","根据基金经理投资的阶段收益评分，反映\u003cbr\u003e基金经理投资的盈利能力","反映基金经理投资的回撤控制能力","反映基金经理投资收益的波动","根据基金经理现任管理基金资产规模评分"],"data":[51.50,53.70,40.30,23.80,59.60],"jzrq":"2018-02-06"},"profit":{"categories":["任期收益","同类平均"],"series":[{"data":[{"name":null,"color":"#7cb5ec","y":5.9924},{"name":null,"color":"#414c7b","y":5.49}]}],"jzrq":"2018-02-06"}},{"id":"30526568","pic":"http://j5.dfcfw.com/avatar/nopic.gif","name":"刘禹含","star":0,"workTime":"313天","fundSize":"364.16亿(4只基金)","power":{"avr":"暂无数据","categories":["经验值","收益率","影响力","稳定性","管理规模"],"dsc":["反映基金经理从业年限和管理基金的经验","根据基金经理投资的阶段收益评分，反映\u003cbr\u003e基金经理投资的盈利能力","根据基金经理所管理基金的机构和个人投\u003cbr\u003e资者持有比例评分","反映基金经理投资收益的波动","根据基金经理现任管理基金资产规模评分"],"data":[null,null,null,null,null],"jzrq":"2018-02-06"},"profit":{"categories":["任期收益","同类平均"],"series":[{"data":[{"name":null,"color":"#7cb5ec","y":3.6532},{"name":null,"color":"#414c7b","y":3.44}]}],"jzrq":"2018-02-06"}}] ;
/*同类型基金涨幅榜（页面底部通栏）*/
var swithSameType = [['002895_华夏天利货币B_5.8750','002894_华夏天利货币A_5.6210','004398_融通现金宝货币B_5.3370','000902_国开货币B_5.3360','001478_泰康薪意保货币B_5.1400'],['002895_华夏天利货币B_5.26','004973_长城收益宝货币B_5.08','004904_人保货币B_5.05','002884_华润元大现金通货币B_5.01','002894_华夏天利货币A_5.01'],['004973_长城收益宝货币B_5.05','004770_海富通添益货币A_4.99','002884_华润元大现金通货币B_4.99','005151_红土创新优淳货币B_4.90','002895_华夏天利货币B_4.89'],['004770_海富通添益货币A_5.39','004973_长城收益宝货币B_5.13','002884_华润元大现金通货币B_5.03','002895_华夏天利货币B_5.03','004398_融通现金宝货币B_5.01'],['003679_中融现金增利货币C_4.67','003474_南方天天利货币B_4.55','000836_国投瑞银钱多宝货币A_4.52','000837_国投瑞银钱多宝货币I_4.52','003753_工银如意货币B_4.51']];