/**
 * 测试数据
 * @type {arry}
 */
/*2018-02-07 17:59:08*/
//基金或股票信息
var fS_name = "长江乐享货币B";
var fS_code = "003364";
var fund_minsg="5000000";
var ishb=true;
/*原费率*/
var fund_sourceRate="0";
/*现费率*/
var fund_Rate="0";
/*最小申购金额*/
var fund_minsg="5000000";
/*收益率*/
/*近一年收益率*/
var syl_1n="3.8887";
/*近6月收益率*/
var syl_6y="1.9891";
/*近三月收益率*/
var syl_3y="1.0046";
/*近一月收益率*/
var syl_1y="0.3527";
/* 基金收益走势图 每万份收益*/
var Data_millionCopiesIncome = [[1477584000000,0.7358],[1478188800000,0.7358],[1478620800000,0.5214],[1478707200000,0.5242],[1478793600000,0.5307],[1478966400000,1.0426],[1479052800000,0.3938],[1479139200000,0.1533],[1479225600000,0.4975],[1479312000000,0.3871],[1479398400000,0.7188],[1479571200000,0.9103],[1479657600000,2.1031],[1479744000000,0.6438],[1479830400000,0.7155],[1479916800000,0.6958],[1480003200000,0.7188],[1480176000000,1.4488],[1480262400000,0.6861],[1480348800000,0.6825],[1480435200000,0.7164],[1480521600000,0.7158],[1480608000000,0.7277],[1480780800000,1.4708],[1480867200000,0.7408],[1480953600000,0.7294],[1481040000000,0.743],[1481126400000,0.7436],[1481212800000,0.7551],[1481385600000,1.4473],[1481472000000,0.745],[1481558400000,0.7326],[1481644800000,0.7422],[1481731200000,0.7293],[1481817600000,0.763],[1481990400000,1.514],[1482076800000,0.7766],[1482163200000,0.77],[1482249600000,0.7676],[1482336000000,0.777],[1482422400000,0.7699],[1482595200000,1.4754],[1482681600000,0.8875],[1482768000000,0.8593],[1482854400000,0.8692],[1482940800000,1.1728],[1483027200000,1.1858],[1483113600000,1.036],[1483286400000,2.0754],[1483372800000,0.8657],[1483459200000,0.9365],[1483545600000,0.9051],[1483632000000,0.8881],[1483804800000,1.7811],[1483891200000,0.9021],[1483977600000,0.8749],[1484064000000,0.8685],[1484150400000,0.8789],[1484236800000,0.8833],[1484409600000,1.7548],[1484496000000,0.8647],[1484582400000,0.8771],[1484668800000,0.8884],[1484755200000,0.9016],[1484841600000,0.9055],[1485014400000,1.8538],[1485100800000,0.9069],[1485187200000,0.9182],[1485273600000,0.9517],[1485360000000,0.9663],[1485964800000,6.8329],[1486051200000,0.9366],[1486224000000,1.9072],[1486310400000,0.9608],[1486396800000,0.9431],[1486483200000,0.9214],[1486569600000,0.9027],[1486656000000,0.9327],[1486828800000,1.8786],[1486915200000,0.9334],[1487001600000,0.9429],[1487088000000,0.9473],[1487174400000,0.9574],[1487260800000,0.9778],[1487433600000,1.9769],[1487520000000,0.9732],[1487606400000,1.2691],[1487692800000,0.9968],[1487779200000,0.9685],[1487865600000,0.9729],[1488038400000,1.9172],[1488124800000,0.9791],[1488211200000,0.9853],[1488297600000,0.9936],[1488384000000,0.9744],[1488470400000,0.9442],[1488643200000,1.9011],[1488729600000,0.9359],[1488816000000,0.9493],[1488902400000,0.947],[1488988800000,0.9496],[1489075200000,0.946],[1489248000000,1.9051],[1489334400000,0.9464],[1489420800000,0.9355],[1489507200000,0.9404],[1489593600000,0.9534],[1489680000000,0.955],[1489852800000,1.937],[1489939200000,0.8147],[1490025600000,0.9732],[1490112000000,0.9614],[1490198400000,1.0199],[1490284800000,1.0255],[1490457600000,2.0663],[1490544000000,1.0383],[1490630400000,1.0217],[1490716800000,0.9762],[1490803200000,1.0401],[1490889600000,1.2134],[1491235200000,4.7811],[1491321600000,1.0398],[1491408000000,1.0677],[1491494400000,0.9945],[1491667200000,1.9817],[1491753600000,0.9568],[1491840000000,0.9583],[1491926400000,0.9667],[1492012800000,0.969],[1492099200000,0.9659],[1492272000000,1.9463],[1492358400000,0.966],[1492444800000,0.9851],[1492531200000,0.9944],[1492617600000,0.9866],[1492704000000,1.0033],[1492876800000,2.0123],[1492963200000,1.0292],[1493049600000,1.0362],[1493136000000,1.1739],[1493222400000,1.0476],[1493308800000,1.0532],[1493568000000,3.1847],[1493654400000,1.0488],[1493740800000,1.0718],[1493827200000,1.0493],[1493913600000,1.0438],[1494086400000,2.0984],[1494172800000,1.0099],[1494259200000,1.0507],[1494345600000,1.0081],[1494432000000,1.0335],[1494518400000,1.0046],[1494691200000,2.0375],[1494777600000,1.0017],[1494864000000,1.0024],[1494950400000,0.9927],[1495036800000,0.9907],[1495123200000,0.99],[1495296000000,1.9599],[1495382400000,0.9788],[1495468800000,0.9824],[1495555200000,0.9649],[1495641600000,0.9738],[1495728000000,1.0829],[1496073600000,4.0908],[1496160000000,1.0435],[1496246400000,1.0484],[1496332800000,1.0349],[1496505600000,2.0698],[1496592000000,1.0326],[1496678400000,1.0223],[1496764800000,1.0142],[1496851200000,1.03],[1496937600000,1.0139],[1497110400000,2.0284],[1497196800000,1.0259],[1497283200000,1.0291],[1497369600000,1.0279],[1497456000000,0.9371],[1497542400000,1.0486],[1497715200000,2.1001],[1497801600000,1.0562],[1497888000000,1.0728],[1497974400000,1.0872],[1498060800000,1.0678],[1498147200000,1.0496],[1498320000000,2.0054],[1498406400000,1.095],[1498492800000,1.0509],[1498579200000,1.3119],[1498665600000,1.0874],[1498752000000,1.2117],[1498924800000,2.4043],[1499011200000,1.0815],[1499097600000,1.095],[1499184000000,1.0738],[1499270400000,1.0505],[1499356800000,1.0231],[1499529600000,2.0491],[1499616000000,1.0007],[1499702400000,1.0158],[1499788800000,1.0176],[1499875200000,1.0225],[1499961600000,1.0232],[1500134400000,2.0236],[1500220800000,1.0055],[1500307200000,1.0392],[1500393600000,1.1271],[1500480000000,1.0165],[1500566400000,1.0232],[1500739200000,2.0438],[1500825600000,1.0338],[1500912000000,1.0216],[1500998400000,1.0694],[1501084800000,1.0527],[1501171200000,1.0311],[1501344000000,2.0702],[1501430400000,1.0595],[1501516800000,1.0461],[1501603200000,1.0401],[1501689600000,1.032],[1501776000000,1.0942],[1501948800000,2.0604],[1502035200000,1.0292],[1502121600000,1.0294],[1502208000000,1.0264],[1502294400000,1.0319],[1502380800000,1.0264],[1502553600000,1.9576],[1502640000000,0.9883],[1502726400000,1.0112],[1502812800000,1.0267],[1502899200000,1.0878],[1502985600000,1.0316],[1503158400000,2.0685],[1503244800000,1.0354],[1503331200000,1.0313],[1503417600000,1.0309],[1503504000000,1.0275],[1503590400000,1.0314],[1503763200000,2.0484],[1503849600000,1.1057],[1503936000000,1.0254],[1504022400000,1.0639],[1504108800000,1.0533],[1504195200000,1.0533],[1504368000000,2.1364],[1504454400000,1.0554],[1504540800000,1.0602],[1504627200000,1.0418],[1504713600000,1.0506],[1504800000000,1.0415],[1504972800000,2.05],[1505059200000,1.0228],[1505145600000,1.066],[1505232000000,1.0742],[1505318400000,1.0529],[1505404800000,1.043],[1505577600000,2.0823],[1505664000000,1.0687],[1505750400000,1.0278],[1505836800000,1.0451],[1505923200000,1.0523],[1506009600000,1.0584],[1506182400000,2.0674],[1506268800000,1.0572],[1506355200000,1.0958],[1506441600000,1.0761],[1506528000000,1.0811],[1506614400000,0.8115],[1507392000000,9.7066],[1507478400000,1.0819],[1507564800000,1.6283],[1507651200000,1.0917],[1507737600000,1.0687],[1507824000000,1.0649],[1507996800000,2.1068],[1508083200000,1.0487],[1508169600000,1.3157],[1508256000000,1.0336],[1508342400000,1.0346],[1508428800000,1.0403],[1508601600000,2.0804],[1508688000000,1.0397],[1508774400000,1.0336],[1508860800000,1.0332],[1508947200000,1.0466],[1509033600000,1.0571],[1509206400000,2.1252],[1509292800000,1.0602],[1509379200000,1.0336],[1509465600000,1.0867],[1509552000000,1.0752],[1509638400000,1.0174],[1509811200000,2.0211],[1509897600000,1.0372],[1509984000000,1.0331],[1510070400000,1.0273],[1510156800000,1.0098],[1510243200000,1.0153],[1510416000000,2.0225],[1510502400000,1.2724],[1510588800000,1.0278],[1510675200000,1.0391],[1510761600000,1.0523],[1510848000000,1.1217],[1511020800000,2.08],[1511107200000,1.0385],[1511193600000,1.0386],[1511280000000,1.0588],[1511366400000,1.0631],[1511452800000,1.0463],[1511625600000,2.0609],[1511712000000,1.1918],[1511798400000,1.0828],[1511884800000,1.098],[1511971200000,1.0967],[1512057600000,1.0991],[1512230400000,2.19],[1512316800000,1.0635],[1512403200000,1.0581],[1512489600000,1.0349],[1512576000000,1.0325],[1512662400000,1.0241],[1512835200000,2.0589],[1512921600000,1.029],[1513008000000,1.0277],[1513094400000,1.0465],[1513180800000,1.0709],[1513267200000,1.072],[1513440000000,2.1421],[1513526400000,1.1166],[1513612800000,1.0941],[1513699200000,1.0946],[1513785600000,1.0579],[1513872000000,1.1134],[1514044800000,2.2184],[1514131200000,1.1227],[1514217600000,1.3106],[1514304000000,1.2081],[1514390400000,1.2285],[1514476800000,1.1141],[1514563200000,1.1194],[1514649600000,1.1194],[1514736000000,1.1177],[1514822400000,1.1219],[1514908800000,1.0642],[1514995200000,1.0398],[1515081600000,1.067],[1515254400000,2.0911],[1515340800000,1.0742],[1515427200000,1.0686],[1515513600000,1.0699],[1515600000000,1.0738],[1515686400000,1.0904],[1515859200000,2.1675],[1515945600000,1.0843],[1516032000000,1.0846],[1516118400000,1.1254],[1516204800000,1.0945],[1516291200000,1.1081],[1516464000000,2.2205],[1516550400000,1.118],[1516636800000,1.0926],[1516723200000,1.1074],[1516809600000,1.108],[1516896000000,1.252],[1517068800000,2.1818],[1517155200000,1.0896],[1517241600000,1.1208],[1517328000000,1.1324],[1517414400000,1.1174],[1517500800000,1.1135],[1517673600000,2.2304],[1517760000000,1.0962],[1517846400000,1.1046]];
/*基金收益走势图   7日年化收益率*/
var Data_sevenDaysYearIncome = [[1477584000000,0],[1478188800000,2.686],[1478620800000,2.574],[1478707200000,2.464],[1478793600000,2.357],[1478966400000,2.133],[1479052800000,1.955],[1479139200000,1.651],[1479225600000,1.638],[1479312000000,1.567],[1479398400000,1.665],[1479571200000,1.596],[1479657600000,2.487],[1479744000000,2.743],[1479830400000,2.857],[1479916800000,3.018],[1480003200000,3.018],[1480176000000,3.298],[1480262400000,2.56],[1480348800000,2.58],[1480435200000,2.58],[1480521600000,2.591],[1480608000000,2.595],[1480780800000,2.607],[1480867200000,2.635],[1480953600000,2.66],[1481040000000,2.674],[1481126400000,2.688],[1481212800000,2.702],[1481385600000,2.69],[1481472000000,2.692],[1481558400000,2.694],[1481644800000,2.694],[1481731200000,2.686],[1481817600000,2.69],[1481990400000,2.725],[1482076800000,2.742],[1482163200000,2.761],[1482249600000,2.774],[1482336000000,2.799],[1482422400000,2.803],[1482595200000,2.783],[1482681600000,2.84],[1482768000000,2.887],[1482854400000,2.94],[1482940800000,3.146],[1483027200000,3.363],[1483113600000,3.519],[1483286400000,3.754],[1483372800000,3.757],[1483459200000,3.792],[1483545600000,3.652],[1483632000000,3.497],[1483804800000,3.345],[1483891200000,3.274],[1483977600000,3.279],[1484064000000,3.243],[1484150400000,3.23],[1484236800000,3.227],[1484409600000,3.213],[1484496000000,3.194],[1484582400000,3.195],[1484668800000,3.205],[1484755200000,3.217],[1484841600000,3.229],[1485014400000,3.28],[1485100800000,3.302],[1485187200000,3.324],[1485273600000,3.357],[1485360000000,3.391],[1485964800000,3.563],[1486051200000,3.542],[1486224000000,3.519],[1486310400000,3.511],[1486396800000,3.494],[1486483200000,3.465],[1486569600000,3.427],[1486656000000,3.425],[1486828800000,3.41],[1486915200000,3.395],[1487001600000,3.395],[1487088000000,3.409],[1487174400000,3.437],[1487260800000,3.461],[1487433600000,3.512],[1487520000000,3.533],[1487606400000,3.703],[1487692800000,3.729],[1487779200000,3.735],[1487865600000,3.732],[1488038400000,3.701],[1488124800000,3.704],[1488211200000,3.556],[1488297600000,3.554],[1488384000000,3.557],[1488470400000,3.542],[1488643200000,3.534],[1488729600000,3.512],[1488816000000,3.493],[1488902400000,3.468],[1488988800000,3.456],[1489075200000,3.456],[1489248000000,3.459],[1489334400000,3.464],[1489420800000,3.457],[1489507200000,3.453],[1489593600000,3.455],[1489680000000,3.46],[1489852800000,3.477],[1489939200000,3.408],[1490025600000,3.428],[1490112000000,3.439],[1490198400000,3.473],[1490284800000,3.51],[1490457600000,3.578],[1490544000000,3.694],[1490630400000,3.719],[1490716800000,3.727],[1490803200000,3.738],[1490889600000,3.836],[1491235200000,4.177],[1491321600000,4.21],[1491408000000,4.225],[1491494400000,4.11],[1491667200000,3.897],[1491753600000,3.773],[1491840000000,3.649],[1491926400000,3.611],[1492012800000,3.56],[1492099200000,3.545],[1492272000000,3.526],[1492358400000,3.531],[1492444800000,3.545],[1492531200000,3.56],[1492617600000,3.569],[1492704000000,3.588],[1492876800000,3.623],[1492963200000,3.656],[1493049600000,3.682],[1493136000000,3.776],[1493222400000,3.808],[1493308800000,3.834],[1493568000000,3.908],[1493654400000,3.915],[1493740800000,3.862],[1493827200000,3.863],[1493913600000,3.858],[1494086400000,3.845],[1494172800000,3.818],[1494259200000,3.819],[1494345600000,3.786],[1494432000000,3.777],[1494518400000,3.757],[1494691200000,3.725],[1494777600000,3.721],[1494864000000,3.696],[1494950400000,3.688],[1495036800000,3.665],[1495123200000,3.658],[1495296000000,3.617],[1495382400000,3.605],[1495468800000,3.595],[1495555200000,3.58],[1495641600000,3.572],[1495728000000,3.62],[1496073600000,3.709],[1496160000000,3.75],[1496246400000,3.788],[1496332800000,3.763],[1496505600000,3.776],[1496592000000,3.781],[1496678400000,3.781],[1496764800000,3.766],[1496851200000,3.756],[1496937600000,3.745],[1497110400000,3.724],[1497196800000,3.72],[1497283200000,3.724],[1497369600000,3.731],[1497456000000,3.682],[1497542400000,3.701],[1497715200000,3.738],[1497801600000,3.754],[1497888000000,3.777],[1497974400000,3.807],[1498060800000,3.876],[1498147200000,3.876],[1498320000000,3.827],[1498406400000,3.847],[1498492800000,3.836],[1498579200000,3.953],[1498665600000,3.963],[1498752000000,4.047],[1498924800000,4.255],[1499011200000,4.248],[1499097600000,4.271],[1499184000000,4.147],[1499270400000,4.128],[1499356800000,4.03],[1499529600000,3.845],[1499616000000,3.802],[1499702400000,3.761],[1499788800000,3.732],[1499875200000,3.717],[1499961600000,3.717],[1500134400000,3.704],[1500220800000,3.706],[1500307200000,3.719],[1500393600000,3.776],[1500480000000,3.773],[1500566400000,3.773],[1500739200000,3.783],[1500825600000,3.798],[1500912000000,3.789],[1500998400000,3.759],[1501084800000,3.777],[1501171200000,3.782],[1501344000000,3.795],[1501430400000,3.809],[1501516800000,3.822],[1501603200000,3.806],[1501689600000,3.795],[1501776000000,3.828],[1501948800000,3.823],[1502035200000,3.807],[1502121600000,3.799],[1502208000000,3.792],[1502294400000,3.792],[1502380800000,3.756],[1502553600000,3.703],[1502640000000,3.681],[1502726400000,3.672],[1502812800000,3.672],[1502899200000,3.701],[1502985600000,3.704],[1503158400000,3.762],[1503244800000,3.786],[1503331200000,3.797],[1503417600000,3.799],[1503504000000,3.767],[1503590400000,3.767],[1503763200000,3.757],[1503849600000,3.793],[1503936000000,3.79],[1504022400000,3.808],[1504108800000,3.821],[1504195200000,3.833],[1504368000000,3.878],[1504454400000,3.852],[1504540800000,3.87],[1504627200000,3.859],[1504713600000,3.857],[1504800000000,3.851],[1504972800000,3.806],[1505059200000,3.789],[1505145600000,3.792],[1505232000000,3.809],[1505318400000,3.81],[1505404800000,3.811],[1505577600000,3.828],[1505664000000,3.852],[1505750400000,3.832],[1505836800000,3.817],[1505923200000,3.816],[1506009600000,3.825],[1506182400000,3.817],[1506268800000,3.811],[1506355200000,3.846],[1506441600000,3.862],[1506528000000,3.877],[1506614400000,3.749],[1507392000000,3.937],[1507478400000,3.939],[1507564800000,4.225],[1507651200000,4.232],[1507737600000,4.227],[1507824000000,4.22],[1507996800000,4.193],[1508083200000,4.176],[1508169600000,4.013],[1508256000000,3.983],[1508342400000,3.965],[1508428800000,3.952],[1508601600000,3.939],[1508688000000,3.934],[1508774400000,3.787],[1508860800000,3.787],[1508947200000,3.793],[1509033600000,3.802],[1509206400000,3.825],[1509292800000,3.836],[1509379200000,3.836],[1509465600000,3.863],[1509552000000,3.878],[1509638400000,3.858],[1509811200000,3.803],[1509897600000,3.791],[1509984000000,3.791],[1510070400000,3.76],[1510156800000,3.726],[1510243200000,3.725],[1510416000000,3.726],[1510502400000,3.848],[1510588800000,3.846],[1510675200000,3.852],[1510761600000,3.874],[1510848000000,3.929],[1511020800000,3.959],[1511107200000,3.837],[1511193600000,3.843],[1511280000000,3.853],[1511366400000,3.859],[1511452800000,3.82],[1511625600000,3.81],[1511712000000,3.89],[1511798400000,3.913],[1511884800000,3.933],[1511971200000,3.951],[1512057600000,3.978],[1512230400000,4.045],[1512316800000,3.979],[1512403200000,3.966],[1512489600000,3.933],[1512576000000,3.899],[1512662400000,3.86],[1512835200000,3.792],[1512921600000,3.774],[1513008000000,3.758],[1513094400000,3.764],[1513180800000,3.784],[1513267200000,3.809],[1513440000000,3.852],[1513526400000,3.898],[1513612800000,3.933],[1513699200000,3.958],[1513785600000,3.951],[1513872000000,3.973],[1514044800000,4.012],[1514131200000,4.016],[1514217600000,4.128],[1514304000000,4.188],[1514390400000,4.277],[1514476800000,4.277],[1514563200000,4.277],[1514649600000,4.288],[1514736000000,4.285],[1514822400000,4.187],[1514908800000,4.112],[1514995200000,4.013],[1515081600000,3.989],[1515254400000,3.912],[1515340800000,3.889],[1515427200000,3.861],[1515513600000,3.864],[1515600000000,3.882],[1515686400000,3.894],[1515859200000,3.934],[1515945600000,3.939],[1516032000000,3.947],[1516118400000,3.976],[1516204800000,3.987],[1516291200000,3.996],[1516464000000,4.024],[1516550400000,4.042],[1516636800000,4.046],[1516723200000,4.036],[1516809600000,4.043],[1516896000000,4.119],[1517068800000,4.098],[1517155200000,4.084],[1517241600000,4.098],[1517328000000,4.111],[1517414400000,4.116],[1517500800000,4.044],[1517673600000,4.069],[1517760000000,4.073],[1517846400000,4.064]];
/*资产配置*/
var Data_assetAllocationCurrency ={"categories":["12-31","09-30","06-30","03-31"],"series":[{"name":"股票","data":[null,null,null,null]},{"name":"债券","data":[64.75,48.75,31.99,29.98]},{"name":"现金","data":[26.23,43.2,37.23,47.63]}]};
/*累计收益率走势*/
var Data_grandTotal = [{"name":"长江乐享货币B","data":[[1501948800000,0],[1502035200000,0.01],[1502121600000,0.02],[1502208000000,0.03],[1502294400000,0.04],[1502380800000,0.05],[1502553600000,0.07],[1502640000000,0.08],[1502726400000,0.09],[1502812800000,0.10],[1502899200000,0.11],[1502985600000,0.12],[1503158400000,0.14],[1503244800000,0.15],[1503331200000,0.16],[1503417600000,0.17],[1503504000000,0.18],[1503590400000,0.19],[1503763200000,0.22],[1503849600000,0.23],[1503936000000,0.24],[1504022400000,0.25],[1504108800000,0.26],[1504195200000,0.27],[1504368000000,0.29],[1504454400000,0.30],[1504540800000,0.31],[1504627200000,0.32],[1504713600000,0.33],[1504800000000,0.34],[1504972800000,0.36],[1505059200000,0.37],[1505145600000,0.38],[1505232000000,0.39],[1505318400000,0.41],[1505404800000,0.42],[1505577600000,0.44],[1505664000000,0.45],[1505750400000,0.46],[1505836800000,0.47],[1505923200000,0.48],[1506009600000,0.49],[1506182400000,0.51],[1506268800000,0.52],[1506355200000,0.53],[1506441600000,0.54],[1506528000000,0.55],[1506614400000,0.56],[1507392000000,0.66],[1507478400000,0.67],[1507564800000,0.69],[1507651200000,0.70],[1507737600000,0.71],[1507824000000,0.72],[1507996800000,0.74],[1508083200000,0.75],[1508169600000,0.76],[1508256000000,0.77],[1508342400000,0.79],[1508428800000,0.80],[1508601600000,0.82],[1508688000000,0.83],[1508774400000,0.84],[1508860800000,0.85],[1508947200000,0.86],[1509033600000,0.87],[1509206400000,0.89],[1509292800000,0.90],[1509379200000,0.91],[1509465600000,0.92],[1509552000000,0.93],[1509638400000,0.94],[1509811200000,0.96],[1509897600000,0.97],[1509984000000,0.99],[1510070400000,1.00],[1510156800000,1.01],[1510243200000,1.02],[1510416000000,1.04],[1510502400000,1.05],[1510588800000,1.06],[1510675200000,1.07],[1510761600000,1.08],[1510848000000,1.09],[1511020800000,1.11],[1511107200000,1.12],[1511193600000,1.13],[1511280000000,1.14],[1511366400000,1.16],[1511452800000,1.17],[1511625600000,1.19],[1511712000000,1.20],[1511798400000,1.21],[1511884800000,1.22],[1511971200000,1.23],[1512057600000,1.24],[1512230400000,1.27],[1512316800000,1.28],[1512403200000,1.29],[1512489600000,1.30],[1512576000000,1.31],[1512662400000,1.32],[1512835200000,1.34],[1512921600000,1.35],[1513008000000,1.36],[1513094400000,1.37],[1513180800000,1.38],[1513267200000,1.39],[1513440000000,1.41],[1513526400000,1.43],[1513612800000,1.44],[1513699200000,1.45],[1513785600000,1.46],[1513872000000,1.47],[1514044800000,1.49],[1514131200000,1.50],[1514217600000,1.52],[1514304000000,1.53],[1514390400000,1.54],[1514476800000,1.55],[1514563200000,1.56],[1514649600000,1.58],[1514736000000,1.59],[1514822400000,1.60],[1514908800000,1.61],[1514995200000,1.62],[1515081600000,1.63],[1515254400000,1.65],[1515340800000,1.66],[1515427200000,1.67],[1515513600000,1.68],[1515600000000,1.70],[1515686400000,1.71],[1515859200000,1.73],[1515945600000,1.74],[1516032000000,1.75],[1516118400000,1.76],[1516204800000,1.77],[1516291200000,1.78],[1516464000000,1.81],[1516550400000,1.82],[1516636800000,1.83],[1516723200000,1.84],[1516809600000,1.85],[1516896000000,1.86],[1517068800000,1.89],[1517155200000,1.90],[1517241600000,1.91],[1517328000000,1.92],[1517414400000,1.93],[1517500800000,1.94],[1517673600000,1.97],[1517760000000,1.98],[1517846400000,1.99]]},{"name":"同类平均","data":[[1502035200000,0],[1502121600000,0.01],[1502208000000,0.02],[1502294400000,0.03],[1502380800000,0.04],[1502640000000,0.07],[1502726400000,0.08],[1502812800000,0.09],[1502899200000,0.10],[1502985600000,0.11],[1503244800000,0.14],[1503331200000,0.16],[1503417600000,0.17],[1503504000000,0.18],[1503590400000,0.19],[1503849600000,0.22],[1503936000000,0.23],[1504022400000,0.24],[1504108800000,0.25],[1504195200000,0.26],[1504454400000,0.29],[1504540800000,0.30],[1504627200000,0.31],[1504713600000,0.32],[1504800000000,0.34],[1505059200000,0.37],[1505145600000,0.38],[1505232000000,0.39],[1505318400000,0.40],[1505404800000,0.41],[1505664000000,0.44],[1505750400000,0.45],[1505836800000,0.46],[1505923200000,0.47],[1506009600000,0.48],[1506268800000,0.52],[1506355200000,0.53],[1506441600000,0.54],[1506528000000,0.55],[1506614400000,0.56],[1507478400000,0.67],[1507564800000,0.68],[1507651200000,0.69],[1507737600000,0.71],[1507824000000,0.72],[1508083200000,0.75],[1508169600000,0.76],[1508256000000,0.77],[1508342400000,0.78],[1508428800000,0.79],[1508688000000,0.82],[1508774400000,0.83],[1508860800000,0.84],[1508947200000,0.85],[1509033600000,0.86],[1509292800000,0.90],[1509379200000,0.91],[1509465600000,0.92],[1509552000000,0.93],[1509638400000,0.94],[1509897600000,0.97],[1509984000000,0.98],[1510070400000,0.99],[1510156800000,1.00],[1510243200000,1.01],[1510502400000,1.04],[1510588800000,1.06],[1510675200000,1.07],[1510761600000,1.08],[1510848000000,1.09],[1511107200000,1.12],[1511193600000,1.13],[1511280000000,1.14],[1511366400000,1.15],[1511452800000,1.16],[1511712000000,1.20],[1511798400000,1.21],[1511884800000,1.22],[1511971200000,1.23],[1512057600000,1.24],[1512316800000,1.28],[1512403200000,1.29],[1512489600000,1.30],[1512576000000,1.31],[1512662400000,1.32],[1512921600000,1.35],[1513008000000,1.36],[1513094400000,1.38],[1513180800000,1.39],[1513267200000,1.40],[1513526400000,1.43],[1513612800000,1.44],[1513699200000,1.46],[1513785600000,1.47],[1513872000000,1.48],[1514131200000,1.51],[1514217600000,1.53],[1514304000000,1.54],[1514390400000,1.55],[1514476800000,1.57],[1514822400000,1.62],[1514908800000,1.64],[1514995200000,1.65],[1515081600000,1.66],[1515340800000,1.69],[1515427200000,1.71],[1515513600000,1.72],[1515600000000,1.73],[1515686400000,1.74],[1515945600000,1.77],[1516032000000,1.79],[1516118400000,1.80],[1516204800000,1.81],[1516291200000,1.82],[1516550400000,1.86],[1516636800000,1.87],[1516723200000,1.88],[1516809600000,1.89],[1516896000000,1.90],[1517155200000,1.94],[1517241600000,1.95],[1517328000000,1.96],[1517414400000,1.97],[1517500800000,1.98],[1517760000000,2.02],[1517846400000,2.03]]},{"name":"沪深300","data":[[1502035200000,0],[1502121600000,0.15],[1502208000000,0.11],[1502294400000,-0.29],[1502380800000,-2.13],[1502640000000,-0.86],[1502726400000,-0.56],[1502812800000,-0.68],[1502899200000,-0.15],[1502985600000,-0.06],[1503244800000,0.38],[1503331200000,0.68],[1503417600000,0.79],[1503504000000,0.21],[1503590400000,1.85],[1503849600000,3.11],[1503936000000,2.89],[1504022400000,2.88],[1504108800000,2.56],[1504195200000,2.78],[1504454400000,3.19],[1504540800000,3.50],[1504627200000,3.29],[1504713600000,2.77],[1504800000000,2.66],[1505059200000,2.65],[1505145600000,2.98],[1505232000000,3.11],[1505318400000,2.77],[1505404800000,2.80],[1505664000000,3.12],[1505750400000,2.83],[1505836800000,3.10],[1505923200000,2.98],[1506009600000,2.98],[1506268800000,2.44],[1506355200000,2.52],[1506441600000,2.53],[1506528000000,2.57],[1506614400000,2.94],[1507478400000,4.17],[1507564800000,4.38],[1507651200000,4.72],[1507737600000,5.00],[1507824000000,5.21],[1508083200000,5.01],[1508169600000,5.00],[1508256000000,5.83],[1508342400000,5.49],[1508428800000,5.37],[1508688000000,5.47],[1508774400000,6.24],[1508860800000,6.71],[1508947200000,7.16],[1509033600000,7.92],[1509292800000,7.59],[1509379200000,7.51],[1509465600000,7.24],[1509552000000,7.25],[1509638400000,7.13],[1509897600000,7.89],[1509984000000,8.79],[1510070400000,8.62],[1510156800000,9.37],[1510243200000,10.33],[1510502400000,10.77],[1510588800000,10.00],[1510675200000,9.31],[1510761600000,10.15],[1510848000000,10.57],[1511107200000,11.19],[1511193600000,13.17],[1511280000000,13.44],[1511366400000,10.08],[1511452800000,10.13],[1511712000000,8.67],[1511798400000,8.83],[1511884800000,8.77],[1511971200000,7.49],[1512057600000,7.28],[1512316800000,7.84],[1512403200000,8.41],[1512489600000,7.76],[1512576000000,6.55],[1512662400000,7.42],[1512921600000,9.20],[1513008000000,7.76],[1513094400000,8.67],[1513180800000,8.03],[1513267200000,6.82],[1513526400000,6.94],[1513612800000,8.28],[1513699200000,8.15],[1513785600000,9.15],[1513872000000,8.80],[1514131200000,8.45],[1514217600000,8.77],[1514304000000,7.09],[1514390400000,7.84],[1514476800000,8.16],[1514822400000,9.68],[1514908800000,10.32],[1514995200000,10.79],[1515081600000,11.05],[1515340800000,11.63],[1515427200000,12.41],[1515513600000,12.91],[1515600000000,12.85],[1515686400000,13.37],[1515945600000,13.37],[1516032000000,14.27],[1516118400000,13.99],[1516204800000,14.61],[1516291200000,14.99],[1516550400000,16.36],[1516636800000,17.60],[1516723200000,17.79],[1516809600000,17.13],[1516896000000,17.56],[1517155200000,15.43],[1517241600000,14.20],[1517328000000,14.73],[1517414400000,13.93],[1517500800000,14.61],[1517760000000,14.69],[1517846400000,11.33]]}];
/*同类排名*/
var Data_rateInSimilarType = [{"x":1486051200000,"y":249,"sc":"489"},{"x":1486310400000,"y":228,"sc":"491"},{"x":1486396800000,"y":214,"sc":"491"},{"x":1486483200000,"y":206,"sc":"491"},{"x":1486569600000,"y":200,"sc":"491"},{"x":1486656000000,"y":201,"sc":"494"},{"x":1486915200000,"y":196,"sc":"496"},{"x":1487001600000,"y":184,"sc":"496"},{"x":1487088000000,"y":175,"sc":"496"},{"x":1487174400000,"y":170,"sc":"496"},{"x":1487260800000,"y":164,"sc":"496"},{"x":1487520000000,"y":155,"sc":"496"},{"x":1487606400000,"y":176,"sc":"496"},{"x":1487692800000,"y":176,"sc":"496"},{"x":1487779200000,"y":176,"sc":"498"},{"x":1487865600000,"y":177,"sc":"500"},{"x":1488124800000,"y":179,"sc":"503"},{"x":1488211200000,"y":177,"sc":"503"},{"x":1488297600000,"y":176,"sc":"503"},{"x":1488384000000,"y":178,"sc":"511"},{"x":1488470400000,"y":175,"sc":"511"},{"x":1488729600000,"y":188,"sc":"513"},{"x":1488816000000,"y":190,"sc":"515"},{"x":1488902400000,"y":194,"sc":"516"},{"x":1488988800000,"y":194,"sc":"518"},{"x":1489075200000,"y":190,"sc":"518"},{"x":1489334400000,"y":194,"sc":"518"},{"x":1489420800000,"y":202,"sc":"518"},{"x":1489507200000,"y":203,"sc":"518"},{"x":1489593600000,"y":203,"sc":"520"},{"x":1489680000000,"y":202,"sc":"520"},{"x":1489939200000,"y":210,"sc":"522"},{"x":1490025600000,"y":208,"sc":"522"},{"x":1490112000000,"y":209,"sc":"524"},{"x":1490198400000,"y":212,"sc":"530"},{"x":1490284800000,"y":208,"sc":"530"},{"x":1490544000000,"y":210,"sc":"534"},{"x":1490630400000,"y":209,"sc":"535"},{"x":1490716800000,"y":216,"sc":"535"},{"x":1490803200000,"y":222,"sc":"538"},{"x":1490889600000,"y":224,"sc":"538"},{"x":1491321600000,"y":222,"sc":"538"},{"x":1491408000000,"y":225,"sc":"540"},{"x":1491494400000,"y":216,"sc":"540"},{"x":1491753600000,"y":236,"sc":"540"},{"x":1491840000000,"y":235,"sc":"540"},{"x":1491926400000,"y":235,"sc":"540"},{"x":1492012800000,"y":238,"sc":"541"},{"x":1492099200000,"y":233,"sc":"541"},{"x":1492358400000,"y":240,"sc":"543"},{"x":1492444800000,"y":241,"sc":"543"},{"x":1492531200000,"y":239,"sc":"543"},{"x":1492617600000,"y":241,"sc":"545"},{"x":1492704000000,"y":233,"sc":"545"},{"x":1492963200000,"y":233,"sc":"545"},{"x":1493049600000,"y":235,"sc":"547"},{"x":1493136000000,"y":227,"sc":"549"},{"x":1493222400000,"y":219,"sc":"549"},{"x":1493308800000,"y":208,"sc":"549"},{"x":1493654400000,"y":238,"sc":"549"},{"x":1493740800000,"y":239,"sc":"550"},{"x":1493827200000,"y":228,"sc":"550"},{"x":1493913600000,"y":240,"sc":"550"},{"x":1494172800000,"y":242,"sc":"550"},{"x":1494259200000,"y":241,"sc":"550"},{"x":1494345600000,"y":241,"sc":"550"},{"x":1494432000000,"y":235,"sc":"550"},{"x":1494518400000,"y":242,"sc":"550"},{"x":1494777600000,"y":249,"sc":"554"},{"x":1494864000000,"y":252,"sc":"556"},{"x":1494950400000,"y":256,"sc":"560"},{"x":1495036800000,"y":245,"sc":"560"},{"x":1495123200000,"y":261,"sc":"560"},{"x":1495382400000,"y":271,"sc":"560"},{"x":1495468800000,"y":275,"sc":"562"},{"x":1495555200000,"y":277,"sc":"564"},{"x":1495641600000,"y":270,"sc":"564"},{"x":1495728000000,"y":277,"sc":"564"},{"x":1496160000000,"y":279,"sc":"564"},{"x":1496246400000,"y":277,"sc":"564"},{"x":1496332800000,"y":277,"sc":"564"},{"x":1496592000000,"y":282,"sc":"566"},{"x":1496678400000,"y":284,"sc":"566"},{"x":1496764800000,"y":285,"sc":"566"},{"x":1496851200000,"y":284,"sc":"566"},{"x":1496937600000,"y":287,"sc":"566"},{"x":1497196800000,"y":299,"sc":"574"},{"x":1497283200000,"y":297,"sc":"574"},{"x":1497369600000,"y":297,"sc":"575"},{"x":1497456000000,"y":301,"sc":"575"},{"x":1497542400000,"y":302,"sc":"575"},{"x":1497801600000,"y":309,"sc":"577"},{"x":1497888000000,"y":309,"sc":"577"},{"x":1497974400000,"y":310,"sc":"575"},{"x":1498060800000,"y":310,"sc":"575"},{"x":1498147200000,"y":315,"sc":"576"},{"x":1498406400000,"y":324,"sc":"579"},{"x":1498492800000,"y":329,"sc":"579"},{"x":1498579200000,"y":324,"sc":"579"},{"x":1498665600000,"y":321,"sc":"579"},{"x":1498752000000,"y":322,"sc":"582"},{"x":1499011200000,"y":295,"sc":"582"},{"x":1499097600000,"y":326,"sc":"582"},{"x":1499184000000,"y":328,"sc":"583"},{"x":1499270400000,"y":331,"sc":"583"},{"x":1499356800000,"y":329,"sc":"583"},{"x":1499616000000,"y":332,"sc":"583"},{"x":1499702400000,"y":335,"sc":"583"},{"x":1499788800000,"y":336,"sc":"583"},{"x":1499875200000,"y":336,"sc":"583"},{"x":1499961600000,"y":339,"sc":"586"},{"x":1500220800000,"y":343,"sc":"586"},{"x":1500307200000,"y":343,"sc":"586"},{"x":1500393600000,"y":348,"sc":"589"},{"x":1500480000000,"y":349,"sc":"589"},{"x":1500566400000,"y":354,"sc":"593"},{"x":1500825600000,"y":361,"sc":"593"},{"x":1500912000000,"y":363,"sc":"593"},{"x":1500998400000,"y":369,"sc":"594"},{"x":1501084800000,"y":369,"sc":"594"},{"x":1501171200000,"y":372,"sc":"594"},{"x":1501430400000,"y":361,"sc":"594"},{"x":1501516800000,"y":379,"sc":"594"},{"x":1501603200000,"y":380,"sc":"594"},{"x":1501689600000,"y":381,"sc":"594"},{"x":1501776000000,"y":381,"sc":"594"},{"x":1502035200000,"y":382,"sc":"596"},{"x":1502121600000,"y":383,"sc":"596"},{"x":1502208000000,"y":381,"sc":"596"},{"x":1502294400000,"y":383,"sc":"596"},{"x":1502380800000,"y":388,"sc":"596"},{"x":1502640000000,"y":392,"sc":"596"},{"x":1502726400000,"y":396,"sc":"596"},{"x":1502812800000,"y":399,"sc":"596"},{"x":1502899200000,"y":401,"sc":"596"},{"x":1502985600000,"y":403,"sc":"596"},{"x":1503244800000,"y":398,"sc":"597"},{"x":1503331200000,"y":400,"sc":"597"},{"x":1503417600000,"y":399,"sc":"597"},{"x":1503504000000,"y":400,"sc":"596"},{"x":1503590400000,"y":401,"sc":"596"},{"x":1503849600000,"y":396,"sc":"600"},{"x":1503936000000,"y":394,"sc":"600"},{"x":1504022400000,"y":412,"sc":"600"},{"x":1504108800000,"y":412,"sc":"601"},{"x":1504195200000,"y":414,"sc":"601"},{"x":1504454400000,"y":420,"sc":"601"},{"x":1504540800000,"y":421,"sc":"601"},{"x":1504627200000,"y":422,"sc":"601"},{"x":1504713600000,"y":423,"sc":"601"},{"x":1504800000000,"y":425,"sc":"601"},{"x":1505059200000,"y":427,"sc":"603"},{"x":1505145600000,"y":428,"sc":"603"},{"x":1505232000000,"y":425,"sc":"603"},{"x":1505318400000,"y":429,"sc":"605"},{"x":1505404800000,"y":427,"sc":"605"},{"x":1505664000000,"y":421,"sc":"606"},{"x":1505750400000,"y":421,"sc":"606"},{"x":1505836800000,"y":419,"sc":"603"},{"x":1505923200000,"y":420,"sc":"603"},{"x":1506009600000,"y":420,"sc":"603"},{"x":1506268800000,"y":419,"sc":"603"},{"x":1506355200000,"y":416,"sc":"603"},{"x":1506441600000,"y":413,"sc":"604"},{"x":1506528000000,"y":416,"sc":"604"},{"x":1506614400000,"y":424,"sc":"606"},{"x":1507478400000,"y":440,"sc":"606"},{"x":1507564800000,"y":423,"sc":"607"},{"x":1507651200000,"y":427,"sc":"607"},{"x":1507737600000,"y":428,"sc":"611"},{"x":1507824000000,"y":426,"sc":"611"},{"x":1508083200000,"y":431,"sc":"612"},{"x":1508169600000,"y":425,"sc":"612"},{"x":1508256000000,"y":418,"sc":"611"},{"x":1508342400000,"y":423,"sc":"611"},{"x":1508428800000,"y":424,"sc":"611"},{"x":1508688000000,"y":416,"sc":"606"},{"x":1508774400000,"y":418,"sc":"606"},{"x":1508860800000,"y":413,"sc":"607"},{"x":1508947200000,"y":418,"sc":"607"},{"x":1509033600000,"y":413,"sc":"607"},{"x":1509292800000,"y":410,"sc":"609"},{"x":1509379200000,"y":410,"sc":"610"},{"x":1509465600000,"y":408,"sc":"610"},{"x":1509552000000,"y":407,"sc":"613"},{"x":1509638400000,"y":407,"sc":"617"},{"x":1509897600000,"y":415,"sc":"621"},{"x":1509984000000,"y":416,"sc":"621"},{"x":1510070400000,"y":415,"sc":"621"},{"x":1510156800000,"y":418,"sc":"623"},{"x":1510243200000,"y":421,"sc":"623"},{"x":1510502400000,"y":414,"sc":"633"},{"x":1510588800000,"y":409,"sc":"635"},{"x":1510675200000,"y":409,"sc":"635"},{"x":1510761600000,"y":405,"sc":"635"},{"x":1510848000000,"y":402,"sc":"636"},{"x":1511107200000,"y":406,"sc":"636"},{"x":1511193600000,"y":411,"sc":"636"},{"x":1511280000000,"y":408,"sc":"636"},{"x":1511366400000,"y":408,"sc":"636"},{"x":1511452800000,"y":411,"sc":"637"},{"x":1511712000000,"y":408,"sc":"640"},{"x":1511798400000,"y":410,"sc":"640"},{"x":1511884800000,"y":410,"sc":"640"},{"x":1511971200000,"y":413,"sc":"641"},{"x":1512057600000,"y":410,"sc":"643"},{"x":1512316800000,"y":414,"sc":"643"},{"x":1512403200000,"y":415,"sc":"643"},{"x":1512489600000,"y":414,"sc":"643"},{"x":1512576000000,"y":417,"sc":"644"},{"x":1512662400000,"y":421,"sc":"652"},{"x":1512921600000,"y":425,"sc":"652"},{"x":1513008000000,"y":428,"sc":"653"},{"x":1513094400000,"y":428,"sc":"653"},{"x":1513180800000,"y":429,"sc":"654"},{"x":1513267200000,"y":426,"sc":"656"},{"x":1513526400000,"y":431,"sc":"656"},{"x":1513612800000,"y":435,"sc":"656"},{"x":1513699200000,"y":431,"sc":"656"},{"x":1513785600000,"y":433,"sc":"655"},{"x":1513872000000,"y":433,"sc":"655"},{"x":1514131200000,"y":432,"sc":"655"},{"x":1514217600000,"y":428,"sc":"655"},{"x":1514304000000,"y":425,"sc":"654"},{"x":1514390400000,"y":429,"sc":"655"},{"x":1514476800000,"y":424,"sc":"655"},{"x":1514822400000,"y":404,"sc":"655"},{"x":1514908800000,"y":404,"sc":"655"},{"x":1514995200000,"y":399,"sc":"655"},{"x":1515081600000,"y":390,"sc":"655"},{"x":1515340800000,"y":475,"sc":"655"},{"x":1515427200000,"y":478,"sc":"655"},{"x":1515513600000,"y":494,"sc":"656"},{"x":1515600000000,"y":495,"sc":"657"},{"x":1515686400000,"y":498,"sc":"657"},{"x":1515945600000,"y":499,"sc":"657"},{"x":1516032000000,"y":498,"sc":"657"},{"x":1516118400000,"y":505,"sc":"657"},{"x":1516204800000,"y":501,"sc":"657"},{"x":1516291200000,"y":502,"sc":"657"},{"x":1516550400000,"y":500,"sc":"657"},{"x":1516636800000,"y":502,"sc":"657"},{"x":1516723200000,"y":501,"sc":"657"},{"x":1516809600000,"y":499,"sc":"657"},{"x":1516896000000,"y":495,"sc":"655"},{"x":1517155200000,"y":503,"sc":"656"},{"x":1517241600000,"y":503,"sc":"656"},{"x":1517328000000,"y":499,"sc":"656"},{"x":1517414400000,"y":500,"sc":"656"},{"x":1517500800000,"y":496,"sc":"656"},{"x":1517760000000,"y":496,"sc":"656"},{"x":1517846400000,"y":496,"sc":"656"}];
/*百分比排名*/
var Data_rateInSimilarPersent = [[1486051200000,49.0800],[1486310400000,53.5600],[1486396800000,56.4200],[1486483200000,58.0400],[1486569600000,59.2700],[1486656000000,59.3100],[1486915200000,60.4800],[1487001600000,62.9000],[1487088000000,64.7200],[1487174400000,65.7300],[1487260800000,66.9400],[1487520000000,68.7500],[1487606400000,64.5200],[1487692800000,64.5200],[1487779200000,64.6600],[1487865600000,64.6000],[1488124800000,64.4100],[1488211200000,64.8100],[1488297600000,65.0100],[1488384000000,65.1700],[1488470400000,65.7500],[1488729600000,63.3500],[1488816000000,63.1100],[1488902400000,62.4000],[1488988800000,62.5500],[1489075200000,63.3200],[1489334400000,62.5500],[1489420800000,61.00],[1489507200000,60.8100],[1489593600000,60.9600],[1489680000000,61.1500],[1489939200000,59.7700],[1490025600000,60.1500],[1490112000000,60.1100],[1490198400000,60.00],[1490284800000,60.7500],[1490544000000,60.6700],[1490630400000,60.9300],[1490716800000,59.6300],[1490803200000,58.7400],[1490889600000,58.3600],[1491321600000,58.7400],[1491408000000,58.3300],[1491494400000,60.00],[1491753600000,56.3000],[1491840000000,56.4800],[1491926400000,56.4800],[1492012800000,56.0100],[1492099200000,56.9300],[1492358400000,55.8000],[1492444800000,55.6200],[1492531200000,55.9900],[1492617600000,55.7800],[1492704000000,57.2500],[1492963200000,57.2500],[1493049600000,57.0400],[1493136000000,58.6500],[1493222400000,60.1100],[1493308800000,62.1100],[1493654400000,56.6500],[1493740800000,56.5500],[1493827200000,58.5500],[1493913600000,56.3600],[1494172800000,56.00],[1494259200000,56.1800],[1494345600000,56.1800],[1494432000000,57.2700],[1494518400000,56.00],[1494777600000,55.0500],[1494864000000,54.6800],[1494950400000,54.2900],[1495036800000,56.2500],[1495123200000,53.3900],[1495382400000,51.6100],[1495468800000,51.0700],[1495555200000,50.8900],[1495641600000,52.1300],[1495728000000,50.8900],[1496160000000,50.5300],[1496246400000,50.8900],[1496332800000,50.8900],[1496592000000,50.1800],[1496678400000,49.8200],[1496764800000,49.6500],[1496851200000,49.8200],[1496937600000,49.2900],[1497196800000,47.9100],[1497283200000,48.2600],[1497369600000,48.3500],[1497456000000,47.6500],[1497542400000,47.4800],[1497801600000,46.4500],[1497888000000,46.4500],[1497974400000,46.0900],[1498060800000,46.0900],[1498147200000,45.3100],[1498406400000,44.0400],[1498492800000,43.1800],[1498579200000,44.0400],[1498665600000,44.5600],[1498752000000,44.6700],[1499011200000,49.3100],[1499097600000,43.9900],[1499184000000,43.7400],[1499270400000,43.2200],[1499356800000,43.5700],[1499616000000,43.0500],[1499702400000,42.5400],[1499788800000,42.3700],[1499875200000,42.3700],[1499961600000,42.1500],[1500220800000,41.4700],[1500307200000,41.4700],[1500393600000,40.9200],[1500480000000,40.7500],[1500566400000,40.3000],[1500825600000,39.1200],[1500912000000,38.7900],[1500998400000,37.8800],[1501084800000,37.8800],[1501171200000,37.3700],[1501430400000,39.2300],[1501516800000,36.2000],[1501603200000,36.0300],[1501689600000,35.8600],[1501776000000,35.8600],[1502035200000,35.9100],[1502121600000,35.7400],[1502208000000,36.0700],[1502294400000,35.7400],[1502380800000,34.9000],[1502640000000,34.2300],[1502726400000,33.5600],[1502812800000,33.0500],[1502899200000,32.7200],[1502985600000,32.3800],[1503244800000,33.3300],[1503331200000,33.00],[1503417600000,33.1700],[1503504000000,32.8900],[1503590400000,32.7200],[1503849600000,34.00],[1503936000000,34.3300],[1504022400000,31.3300],[1504108800000,31.4500],[1504195200000,31.1100],[1504454400000,30.1200],[1504540800000,29.9500],[1504627200000,29.7800],[1504713600000,29.6200],[1504800000000,29.2800],[1505059200000,29.1900],[1505145600000,29.0200],[1505232000000,29.5200],[1505318400000,29.0900],[1505404800000,29.4200],[1505664000000,30.5300],[1505750400000,30.5300],[1505836800000,30.5100],[1505923200000,30.3500],[1506009600000,30.3500],[1506268800000,30.5100],[1506355200000,31.0100],[1506441600000,31.6200],[1506528000000,31.1300],[1506614400000,30.0300],[1507478400000,27.3900],[1507564800000,30.3100],[1507651200000,29.6500],[1507737600000,29.9500],[1507824000000,30.2800],[1508083200000,29.5800],[1508169600000,30.5600],[1508256000000,31.5900],[1508342400000,30.7700],[1508428800000,30.6100],[1508688000000,31.3500],[1508774400000,31.0200],[1508860800000,31.9600],[1508947200000,31.1400],[1509033600000,31.9600],[1509292800000,32.6800],[1509379200000,32.7900],[1509465600000,33.1100],[1509552000000,33.6100],[1509638400000,34.0400],[1509897600000,33.1700],[1509984000000,33.0100],[1510070400000,33.1700],[1510156800000,32.9100],[1510243200000,32.4200],[1510502400000,34.6000],[1510588800000,35.5900],[1510675200000,35.5900],[1510761600000,36.2200],[1510848000000,36.7900],[1511107200000,36.1600],[1511193600000,35.3800],[1511280000000,35.8500],[1511366400000,35.8500],[1511452800000,35.4800],[1511712000000,36.2500],[1511798400000,35.9400],[1511884800000,35.9400],[1511971200000,35.5700],[1512057600000,36.2400],[1512316800000,35.6100],[1512403200000,35.4600],[1512489600000,35.6100],[1512576000000,35.2500],[1512662400000,35.4300],[1512921600000,34.8200],[1513008000000,34.4600],[1513094400000,34.4600],[1513180800000,34.4000],[1513267200000,35.0600],[1513526400000,34.3000],[1513612800000,33.6900],[1513699200000,34.3000],[1513785600000,33.8900],[1513872000000,33.8900],[1514131200000,34.0500],[1514217600000,34.6600],[1514304000000,35.0200],[1514390400000,34.5000],[1514476800000,35.2700],[1514822400000,38.3200],[1514908800000,38.3200],[1514995200000,39.0800],[1515081600000,40.4600],[1515340800000,27.4800],[1515427200000,27.0200],[1515513600000,24.7000],[1515600000000,24.6600],[1515686400000,24.2000],[1515945600000,24.0500],[1516032000000,24.2000],[1516118400000,23.1400],[1516204800000,23.7400],[1516291200000,23.5900],[1516550400000,23.9000],[1516636800000,23.5900],[1516723200000,23.7400],[1516809600000,24.0500],[1516896000000,24.4300],[1517155200000,23.3200],[1517241600000,23.3200],[1517328000000,23.9300],[1517414400000,23.7800],[1517500800000,24.3900],[1517760000000,24.3900],[1517846400000,24.3900]];
/*规模变动*/
var Data_fluctuationScale = {"categories":["2016-12-31","2017-03-31","2017-06-30","2017-09-30","2017-12-31"],"series":[{"y":14.73,"mom":"-17.53%"},{"y":7.48,"mom":"-49.20%"},{"y":9.69,"mom":"29.50%"},{"y":5.86,"mom":"-39.49%"},{"y":8.58,"mom":"46.23%"}]};;
/*持有人结构*/
var Data_holderStructure = {"series":[{"name":"机构持有比例","data":[92.15,100.0]},{"name":"个人持有比例","data":[7.85,0.0]},{"name":"内部持有比例","data":[0.0,0.0]}],"categories":["2016-12-31","2017-06-30"]};
/*申购赎回*/
var Data_assetAllocation ={"series":[{"name":"期间申购","data":[7.72,32.51,11.15,10.11]},{"name":"期间赎回","data":[14.97,30.31,14.97,7.40]},{"name":"总份额","data":[7.48,9.69,5.86,8.58]}],"categories":["2017-03-31","2017-06-30","2017-09-30","2017-12-31"]};
/*现任基金经理*/
var Data_currentFundManager = [{"id":"30493964","pic":"https://pdf.dfcfw.com/pdf/H8_PNG30493964_1.jpg","name":"漆志伟","star":2,"workTime":"1年又113天","fundSize":"128.77亿(8只基金)","power":{"avr":"31.51","categories":["经验值","收益率","抗风险","稳定性","管理规模"],"dsc":["反映基金经理从业年限和管理基金的经验","根据基金经理投资的阶段收益评分，反映\u003cbr\u003e基金经理投资的盈利能力","反映基金经理投资的回撤控制能力","反映基金经理投资收益的波动","根据基金经理现任管理基金资产规模评分"],"data":[26.50,18.20,35.0,27.70,69.10],"jzrq":"2018-02-06"},"profit":{"categories":["任期收益","同类平均"],"series":[{"data":[{"name":null,"color":"#7cb5ec","y":4.6655},{"name":null,"color":"#414c7b","y":4.75}]}],"jzrq":"2018-02-06"}}] ;
/*同类型基金涨幅榜（页面底部通栏）*/
var swithSameType = [['002895_华夏天利货币B_5.8750','002894_华夏天利货币A_5.6210','004398_融通现金宝货币B_5.3370','000902_国开货币B_5.3360','001478_泰康薪意保货币B_5.1400'],['002895_华夏天利货币B_5.26','004973_长城收益宝货币B_5.08','004904_人保货币B_5.05','002884_华润元大现金通货币B_5.01','002894_华夏天利货币A_5.01'],['004973_长城收益宝货币B_5.05','004770_海富通添益货币A_4.99','002884_华润元大现金通货币B_4.99','005151_红土创新优淳货币B_4.90','002895_华夏天利货币B_4.89'],['004770_海富通添益货币A_5.39','004973_长城收益宝货币B_5.13','002884_华润元大现金通货币B_5.03','002895_华夏天利货币B_5.03','004398_融通现金宝货币B_5.01'],['003679_中融现金增利货币C_4.67','003474_南方天天利货币B_4.55','000836_国投瑞银钱多宝货币A_4.52','000837_国投瑞银钱多宝货币I_4.52','003753_工银如意货币B_4.51']];