/**
 * 测试数据
 * @type {arry}
 */
/*2018-02-07 19:41:21*/
//基金或股票信息
var fS_name = "华夏快线交易型货币";
var fS_code = "511650";
var fund_minsg="";
var ishb=true;
/*原费率*/
var fund_sourceRate="0";
/*现费率*/
var fund_Rate="0";
/*最小申购金额*/
var fund_minsg="";
/*收益率*/
/*近一年收益率*/
var syl_1n="3.6427";
/*近6月收益率*/
var syl_6y="1.868";
/*近三月收益率*/
var syl_3y="0.9449";
/*近一月收益率*/
var syl_1y="0.3664";
/* 基金收益走势图 每万份收益*/
var Data_millionCopiesIncome = [[1484409600000,19.8282],[1484496000000,0.95009999999999994],[1484582400000,0.3302],[1484668800000,0.3645],[1484755200000,0.7267],[1484841600000,1.63],[1485014400000,1.3736],[1485100800000,0.4273],[1485187200000,0.95],[1485273600000,0.9029],[1485360000000,0.9047],[1485964800000,6.3292],[1486051200000,0.9032],[1486224000000,1.8665],[1486310400000,0.7751],[1486396800000,0.9309],[1486483200000,0.7842],[1486569600000,0.8052],[1486656000000,0.7978],[1486828800000,1.6592],[1486915200000,0.7841],[1487001600000,0.8603],[1487088000000,0.8764],[1487174400000,0.8727],[1487260800000,0.8756],[1487433600000,1.76],[1487520000000,0.8511],[1487606400000,0.8366],[1487692800000,0.882],[1487779200000,0.8526],[1487865600000,0.8802],[1488038400000,0.3675],[1488124800000,0.8074],[1488211200000,0.5113],[1488297600000,0.8899],[1488384000000,0.8722],[1488470400000,0.7744],[1488643200000,1.5491],[1488729600000,0.8394],[1488816000000,1.586],[1488902400000,0.7307],[1488988800000,0.7162],[1489075200000,0.7009],[1489248000000,1.5513],[1489334400000,0.742],[1489420800000,0.7507],[1489507200000,0.6076],[1489593600000,0.7896],[1489680000000,0.5768],[1489852800000,1.5985],[1489939200000,0.2838],[1490025600000,2.2536],[1490112000000,0.6321],[1490198400000,0.5386],[1490284800000,0.9068],[1490457600000,1.6096],[1490544000000,1.1306],[1490630400000,1.1038],[1490716800000,1.0893],[1490803200000,0.996],[1490889600000,1.2738],[1491235200000,5.0705],[1491321600000,1.2713],[1491408000000,0.9075],[1491494400000,1.1448],[1491667200000,1.6064],[1491753600000,0.7936],[1491840000000,0.9163],[1491926400000,0.9316],[1492012800000,0.6669],[1492099200000,0.617],[1492272000000,1.766],[1492358400000,0.6946],[1492444800000,0.967],[1492531200000,1.1265],[1492617600000,1.0206],[1492704000000,1.0133],[1492876800000,2.027],[1492963200000,1.0111],[1493049600000,0.8997],[1493136000000,1.0154],[1493222400000,0.9868],[1493308800000,1.0006],[1493568000000,3.0033],[1493654400000,0.9766],[1493740800000,0.9852],[1493827200000,0.989],[1493913600000,0.9926],[1494086400000,1.9889],[1494172800000,1.0009],[1494259200000,0.9721],[1494345600000,1.0004],[1494432000000,0.9834],[1494518400000,0.9953],[1494691200000,1.9955],[1494777600000,1.0014],[1494864000000,0.9758],[1494950400000,0.8189],[1495036800000,0.7371],[1495123200000,0.8671],[1495296000000,1.911],[1495382400000,0.9162],[1495468800000,1.0526],[1495555200000,0.9302],[1495641600000,1.9924],[1495728000000,1.2552],[1496073600000,3.9453],[1496160000000,0.9966],[1496246400000,0.9593],[1496332800000,1.0625],[1496505600000,1.8569],[1496592000000,0.8154],[1496678400000,0.9402],[1496764800000,0.9153],[1496851200000,0.8898],[1496937600000,1.1083],[1497110400000,1.6032],[1497196800000,0.902],[1497283200000,0.8908],[1497369600000,1.0128],[1497456000000,1.02],[1497542400000,1.1654],[1497715200000,2.1385],[1497801600000,1.0403],[1497888000000,1.1347],[1497974400000,1.1201],[1498060800000,1.1648],[1498147200000,3.4169],[1498320000000,2.1602],[1498406400000,1.1273],[1498492800000,2.8948],[1498579200000,1.0212],[1498665600000,0.9196],[1498752000000,1.2518],[1498924800000,2.022],[1499011200000,0.7024],[1499097600000,0.8232],[1499184000000,0.8461],[1499270400000,0.7744],[1499356800000,1.619],[1499529600000,0.9124],[1499616000000,0.5303],[1499702400000,0.7478],[1499788800000,0.7933],[1499875200000,0.661],[1499961600000,1.4094],[1500134400000,1.1938],[1500220800000,0.6248],[1500307200000,0.8363],[1500393600000,1.0081],[1500480000000,1.0151],[1500566400000,1.6308],[1500739200000,1.5275],[1500825600000,0.7197],[1500912000000,1.023],[1500998400000,1.0146],[1501084800000,1.0186],[1501171200000,1.7335],[1501344000000,1.462],[1501430400000,0.7437],[1501516800000,1.1328],[1501603200000,1.0107],[1501689600000,0.9408],[1501776000000,1.1796],[1501948800000,1.7175],[1502035200000,0.8646],[1502121600000,0.9251],[1502208000000,0.9209],[1502294400000,0.9318],[1502380800000,1.0979],[1502553600000,1.7689],[1502640000000,0.8761],[1502726400000,0.9368],[1502812800000,0.9438],[1502899200000,0.96],[1502985600000,0.9866],[1503158400000,1.94],[1503244800000,0.8932],[1503331200000,1.2046],[1503417600000,1.0128],[1503504000000,0.9826],[1503590400000,0.9884],[1503763200000,1.9406],[1503849600000,0.9449],[1503936000000,1.0364],[1504022400000,0.8247],[1504108800000,0.9396],[1504195200000,1.0262],[1504368000000,2.0701],[1504454400000,1.0465],[1504540800000,1.007],[1504627200000,0.9131],[1504713600000,0.9194],[1504800000000,1.0221],[1504972800000,2.0478],[1505059200000,1.0643],[1505145600000,0.9817],[1505232000000,1.0771],[1505318400000,1.0765],[1505404800000,1.1254],[1505577600000,2.01],[1505664000000,1.0324],[1505750400000,1.0331],[1505836800000,1.0164],[1505923200000,1.0419],[1506009600000,1.0403],[1506182400000,2.0397],[1506268800000,1.0612],[1506355200000,1.0768],[1506441600000,1.1001],[1506528000000,1.1485],[1506614400000,0.9943],[1507392000000,8.9461],[1507478400000,1.0033],[1507564800000,1.0953],[1507651200000,1.0183],[1507737600000,0.9738],[1507824000000,0.9838],[1507996800000,2.024],[1508083200000,0.9759],[1508169600000,0.9484],[1508256000000,0.9594],[1508342400000,0.9435],[1508428800000,0.9619],[1508601600000,1.9199],[1508688000000,0.9661],[1508774400000,0.9569],[1508860800000,0.9614],[1508947200000,0.9597],[1509033600000,1.1886],[1509206400000,1.7111],[1509292800000,0.8552],[1509379200000,1.0486],[1509465600000,0.949],[1509552000000,0.892],[1509638400000,1.1264],[1509811200000,1.7693],[1509897600000,1.0057],[1509984000000,0.9604],[1510070400000,0.8607],[1510156800000,0.9974],[1510243200000,0.8003],[1510416000000,1.7323],[1510502400000,0.874],[1510588800000,0.8079],[1510675200000,0.8254],[1510761600000,0.923],[1510848000000,0.9287],[1511020800000,1.9589],[1511107200000,0.8464],[1511193600000,0.8465],[1511280000000,0.833],[1511366400000,0.9631],[1511452800000,0.9351],[1511625600000,1.9735],[1511712000000,0.9466],[1511798400000,0.9429],[1511884800000,0.9572],[1511971200000,0.9395],[1512057600000,0.9465],[1512230400000,1.877],[1512316800000,0.9348],[1512403200000,0.9296],[1512489600000,0.9263],[1512576000000,0.8669],[1512662400000,0.9102],[1512835200000,1.9205],[1512921600000,0.9716],[1513008000000,0.9728],[1513094400000,0.9616],[1513180800000,0.9937],[1513267200000,0.9428],[1513440000000,2.0186],[1513526400000,0.9129],[1513612800000,0.9334],[1513699200000,0.9733],[1513785600000,0.9725],[1513872000000,0.9803],[1514044800000,2.1384],[1514131200000,0.9046],[1514217600000,0.4146],[1514304000000,0.9097],[1514390400000,0.8819],[1514476800000,1.067],[1514649600000,2.2296],[1514736000000,1.0906],[1514822400000,1.1204],[1514908800000,1.2271],[1514995200000,1.5495],[1515081600000,1.1487],[1515254400000,2.2788],[1515340800000,1.1712],[1515427200000,1.1427],[1515513600000,1.1551],[1515600000000,1.1169],[1515686400000,1.1038],[1515859200000,2.2063],[1515945600000,1.0392],[1516032000000,1.0816],[1516118400000,1.0567],[1516204800000,1.044],[1516291200000,1.0591],[1516464000000,2.1184],[1516550400000,1.4718],[1516636800000,1.298],[1516723200000,1.1909],[1516809600000,1.2015],[1516896000000,1.1055],[1517068800000,2.2118],[1517155200000,1.203],[1517241600000,1.1071],[1517328000000,1.1291],[1517414400000,1.103],[1517500800000,1.5064],[1517673600000,2.0631],[1517760000000,1.3694],[1517846400000,1.0434]];
/*基金收益走势图   7日年化收益率*/
var Data_sevenDaysYearIncome = [[1484409600000,3.533],[1484496000000,3.532],[1484582400000,3.197],[1484668800000,2.882],[1484755200000,2.762],[1484841600000,3.126],[1485014400000,2.842],[1485100800000,2.562],[1485187200000,2.894],[1485273600000,3.184],[1485360000000,3.279],[1485964800000,3.355],[1486051200000,3.354],[1486224000000,3.385],[1486310400000,3.315],[1486396800000,3.33],[1486483200000,3.266],[1486569600000,3.213],[1486656000000,3.156],[1486828800000,3.045],[1486915200000,3.05],[1487001600000,3.012],[1487088000000,3.061],[1487174400000,3.097],[1487260800000,3.139],[1487433600000,3.193],[1487520000000,3.23],[1487606400000,3.217],[1487692800000,3.22],[1487779200000,3.209],[1487865600000,3.211],[1488038400000,2.465],[1488124800000,2.442],[1488211200000,2.268],[1488297600000,2.272],[1488384000000,2.283],[1488470400000,2.226],[1488643200000,2.858],[1488729600000,2.875],[1488816000000,3.453],[1488902400000,3.367],[1488988800000,3.283],[1489075200000,3.244],[1489248000000,3.245],[1489334400000,3.192],[1489420800000,2.744],[1489507200000,2.678],[1489593600000,2.717],[1489680000000,2.651],[1489852800000,2.676],[1489939200000,2.431],[1490025600000,3.237],[1490112000000,3.25],[1490198400000,3.115],[1490284800000,3.293],[1490457600000,3.299],[1490544000000,3.756],[1490630400000,3.136],[1490716800000,3.382],[1490803200000,3.629],[1490889600000,3.827],[1491235200000,4.493],[1491321600000,4.592],[1491408000000,4.544],[1491494400000,4.474],[1491667200000,3.969],[1491753600000,3.713],[1491840000000,3.523],[1491926400000,3.339],[1492012800000,3.21],[1492099200000,2.926],[1492272000000,3.012],[1492358400000,2.959],[1492444800000,2.986],[1492531200000,3.091],[1492617600000,3.281],[1492704000000,3.495],[1492876800000,3.636],[1492963200000,3.807],[1493049600000,3.77],[1493136000000,3.71],[1493222400000,3.692],[1493308800000,3.685],[1493568000000,3.666],[1493654400000,3.708],[1493740800000,3.692],[1493827200000,3.693],[1493913600000,3.688],[1494086400000,3.681],[1494172800000,3.681],[1494259200000,3.679],[1494345600000,3.687],[1494432000000,3.684],[1494518400000,3.685],[1494691200000,3.689],[1494777600000,3.689],[1494864000000,3.691],[1494950400000,3.593],[1495036800000,3.46],[1495123200000,3.391],[1495296000000,3.346],[1495382400000,3.3],[1495468800000,3.341],[1495555200000,3.401],[1495641600000,4.08],[1495728000000,4.291],[1496073600000,4.326],[1496160000000,4.362],[1496246400000,3.802],[1496332800000,3.698],[1496505600000,3.635],[1496592000000,3.543],[1496678400000,3.518],[1496764800000,3.474],[1496851200000,3.436],[1496937600000,3.461],[1497110400000,3.324],[1497196800000,3.371],[1497283200000,3.344],[1497369600000,3.397],[1497456000000,3.467],[1497542400000,3.498],[1497715200000,3.787],[1497801600000,3.862],[1497888000000,3.994],[1497974400000,4.053],[1498060800000,4.131],[1498147200000,5.361],[1498320000000,5.372],[1498406400000,5.42],[1498492800000,6.392],[1498579200000,6.337],[1498665600000,6.201],[1498752000000,5.009],[1498924800000,4.934],[1499011200000,4.702],[1499097600000,3.577],[1499184000000,3.482],[1499270400000,3.404],[1499356800000,3.602],[1499529600000,3.005],[1499616000000,2.912],[1499702400000,2.872],[1499788800000,2.843],[1499875200000,2.783],[1499961600000,2.67],[1500134400000,2.821],[1500220800000,2.872],[1500307200000,2.919],[1500393600000,3.035],[1500480000000,3.225],[1500566400000,3.344],[1500739200000,3.524],[1500825600000,3.575],[1500912000000,3.676],[1500998400000,3.68],[1501084800000,3.682],[1501171200000,3.737],[1501344000000,3.702],[1501430400000,3.715],[1501516800000,3.774],[1501603200000,3.772],[1501689600000,3.73],[1501776000000,3.431],[1501948800000,3.569],[1502035200000,3.634],[1502121600000,3.522],[1502208000000,3.473],[1502294400000,3.469],[1502380800000,3.424],[1502553600000,3.452],[1502640000000,3.458],[1502726400000,3.465],[1502812800000,3.477],[1502899200000,3.492],[1502985600000,3.432],[1503158400000,3.525],[1503244800000,3.534],[1503331200000,3.678],[1503417600000,3.716],[1503504000000,3.728],[1503590400000,3.729],[1503763200000,3.729],[1503849600000,3.757],[1503936000000,3.666],[1504022400000,3.565],[1504108800000,3.541],[1504195200000,3.562],[1504368000000,3.632],[1504454400000,3.687],[1504540800000,3.671],[1504627200000,3.719],[1504713600000,3.708],[1504800000000,3.705],[1504972800000,3.693],[1505059200000,3.703],[1505145600000,3.689],[1505232000000,3.778],[1505318400000,3.863],[1505404800000,3.919],[1505577600000,3.898],[1505664000000,3.881],[1505750400000,3.909],[1505836800000,3.876],[1505923200000,3.857],[1506009600000,3.811],[1506182400000,3.828],[1506268800000,3.843],[1506355200000,3.867],[1506441600000,3.912],[1506528000000,3.97],[1506614400000,3.945],[1507392000000,3.695],[1507478400000,3.7],[1507564800000,3.755],[1507651200000,3.768],[1507737600000,3.757],[1507824000000,3.751],[1507996800000,3.771],[1508083200000,3.756],[1508169600000,3.676],[1508256000000,3.644],[1508342400000,3.628],[1508428800000,3.616],[1508601600000,3.56],[1508688000000,3.555],[1508774400000,3.559],[1508860800000,3.56],[1508947200000,3.569],[1509033600000,3.692],[1509206400000,3.579],[1509292800000,3.519],[1509379200000,3.568],[1509465600000,3.562],[1509552000000,3.525],[1509638400000,3.492],[1509811200000,3.523],[1509897600000,3.604],[1509984000000,3.557],[1510070400000,3.509],[1510156800000,3.566],[1510243200000,3.39],[1510416000000,3.37],[1510502400000,3.299],[1510588800000,3.217],[1510675200000,3.198],[1510761600000,3.158],[1510848000000,3.227],[1511020800000,3.349],[1511107200000,3.334],[1511193600000,3.355],[1511280000000,3.359],[1511366400000,3.381],[1511452800000,3.384],[1511625600000,3.392],[1511712000000,3.446],[1511798400000,3.498],[1511884800000,3.565],[1511971200000,3.552],[1512057600000,3.558],[1512230400000,3.506],[1512316800000,3.5],[1512403200000,3.493],[1512489600000,3.476],[1512576000000,3.437],[1512662400000,3.417],[1512835200000,3.441],[1512921600000,3.461],[1513008000000,3.484],[1513094400000,3.503],[1513180800000,3.572],[1513267200000,3.589],[1513440000000,3.642],[1513526400000,3.61],[1513612800000,3.589],[1513699200000,3.595],[1513785600000,3.584],[1513872000000,3.604],[1514044800000,3.669],[1514131200000,3.664],[1514217600000,3.384],[1514304000000,3.35],[1514390400000,3.301],[1514476800000,3.348],[1514649600000,3.397],[1514736000000,3.498],[1514822400000,3.879],[1514908800000,4.051],[1514995200000,4.414],[1515081600000,4.458],[1515254400000,4.485],[1515340800000,4.529],[1515427200000,4.541],[1515513600000,4.502],[1515600000000,4.267],[1515686400000,4.242],[1515859200000,4.203],[1515945600000,4.131],[1516032000000,4.098],[1516118400000,4.045],[1516204800000,4.005],[1516291200000,3.981],[1516464000000,3.933],[1516550400000,4.168],[1516636800000,4.286],[1516723200000,4.359],[1516809600000,4.444],[1516896000000,4.47],[1517068800000,4.52],[1517155200000,4.374],[1517241600000,4.27],[1517328000000,4.237],[1517414400000,4.183],[1517500800000,4.401],[1517673600000,4.32],[1517760000000,4.411],[1517846400000,4.376]];
/*资产配置*/
var Data_assetAllocationCurrency ={"categories":["12-31","09-30","06-30","03-31"],"series":[{"name":"股票","data":[null,null,null,null]},{"name":"债券","data":[91.99,75.18,27.67,65.06]},{"name":"现金","data":[12.28,24.61,63.5,8.44]}]};
/*累计收益率走势*/
var Data_grandTotal = [{"name":"华夏快线交易型货币","data":[[1501948800000,0],[1502035200000,0.01],[1502121600000,0.02],[1502208000000,0.03],[1502294400000,0.04],[1502380800000,0.05],[1502553600000,0.07],[1502640000000,0.07],[1502726400000,0.08],[1502812800000,0.09],[1502899200000,0.10],[1502985600000,0.11],[1503158400000,0.13],[1503244800000,0.14],[1503331200000,0.15],[1503417600000,0.16],[1503504000000,0.17],[1503590400000,0.18],[1503763200000,0.20],[1503849600000,0.21],[1503936000000,0.22],[1504022400000,0.23],[1504108800000,0.24],[1504195200000,0.25],[1504368000000,0.27],[1504454400000,0.28],[1504540800000,0.29],[1504627200000,0.30],[1504713600000,0.31],[1504800000000,0.32],[1504972800000,0.34],[1505059200000,0.35],[1505145600000,0.36],[1505232000000,0.37],[1505318400000,0.38],[1505404800000,0.39],[1505577600000,0.41],[1505664000000,0.42],[1505750400000,0.43],[1505836800000,0.44],[1505923200000,0.46],[1506009600000,0.47],[1506182400000,0.49],[1506268800000,0.50],[1506355200000,0.51],[1506441600000,0.52],[1506528000000,0.53],[1506614400000,0.54],[1507392000000,0.63],[1507478400000,0.64],[1507564800000,0.65],[1507651200000,0.66],[1507737600000,0.67],[1507824000000,0.68],[1507996800000,0.70],[1508083200000,0.71],[1508169600000,0.72],[1508256000000,0.73],[1508342400000,0.74],[1508428800000,0.75],[1508601600000,0.77],[1508688000000,0.78],[1508774400000,0.79],[1508860800000,0.80],[1508947200000,0.81],[1509033600000,0.82],[1509206400000,0.84],[1509292800000,0.85],[1509379200000,0.86],[1509465600000,0.87],[1509552000000,0.88],[1509638400000,0.89],[1509811200000,0.90],[1509897600000,0.91],[1509984000000,0.92],[1510070400000,0.93],[1510156800000,0.94],[1510243200000,0.95],[1510416000000,0.97],[1510502400000,0.98],[1510588800000,0.99],[1510675200000,0.99],[1510761600000,1.00],[1510848000000,1.01],[1511020800000,1.03],[1511107200000,1.04],[1511193600000,1.05],[1511280000000,1.06],[1511366400000,1.07],[1511452800000,1.08],[1511625600000,1.10],[1511712000000,1.11],[1511798400000,1.12],[1511884800000,1.13],[1511971200000,1.14],[1512057600000,1.14],[1512230400000,1.16],[1512316800000,1.17],[1512403200000,1.18],[1512489600000,1.19],[1512576000000,1.20],[1512662400000,1.21],[1512835200000,1.23],[1512921600000,1.24],[1513008000000,1.25],[1513094400000,1.26],[1513180800000,1.27],[1513267200000,1.28],[1513440000000,1.30],[1513526400000,1.31],[1513612800000,1.32],[1513699200000,1.33],[1513785600000,1.34],[1513872000000,1.35],[1514044800000,1.37],[1514131200000,1.38],[1514217600000,1.38],[1514304000000,1.39],[1514390400000,1.40],[1514476800000,1.41],[1514649600000,1.43],[1514736000000,1.44],[1514822400000,1.46],[1514908800000,1.47],[1514995200000,1.48],[1515081600000,1.50],[1515254400000,1.52],[1515340800000,1.53],[1515427200000,1.54],[1515513600000,1.55],[1515600000000,1.57],[1515686400000,1.58],[1515859200000,1.60],[1515945600000,1.61],[1516032000000,1.62],[1516118400000,1.63],[1516204800000,1.64],[1516291200000,1.65],[1516464000000,1.67],[1516550400000,1.69],[1516636800000,1.70],[1516723200000,1.71],[1516809600000,1.73],[1516896000000,1.74],[1517068800000,1.76],[1517155200000,1.77],[1517241600000,1.78],[1517328000000,1.80],[1517414400000,1.81],[1517500800000,1.82],[1517673600000,1.84],[1517760000000,1.86],[1517846400000,1.87]]},{"name":"同类平均","data":[[1502035200000,0],[1502121600000,0.01],[1502208000000,0.02],[1502294400000,0.03],[1502380800000,0.04],[1502640000000,0.07],[1502726400000,0.08],[1502812800000,0.09],[1502899200000,0.10],[1502985600000,0.11],[1503244800000,0.14],[1503331200000,0.16],[1503417600000,0.17],[1503504000000,0.18],[1503590400000,0.19],[1503849600000,0.22],[1503936000000,0.23],[1504022400000,0.24],[1504108800000,0.25],[1504195200000,0.26],[1504454400000,0.29],[1504540800000,0.30],[1504627200000,0.31],[1504713600000,0.32],[1504800000000,0.34],[1505059200000,0.37],[1505145600000,0.38],[1505232000000,0.39],[1505318400000,0.40],[1505404800000,0.41],[1505664000000,0.44],[1505750400000,0.45],[1505836800000,0.46],[1505923200000,0.47],[1506009600000,0.48],[1506268800000,0.52],[1506355200000,0.53],[1506441600000,0.54],[1506528000000,0.55],[1506614400000,0.56],[1507478400000,0.67],[1507564800000,0.68],[1507651200000,0.69],[1507737600000,0.71],[1507824000000,0.72],[1508083200000,0.75],[1508169600000,0.76],[1508256000000,0.77],[1508342400000,0.78],[1508428800000,0.79],[1508688000000,0.82],[1508774400000,0.83],[1508860800000,0.84],[1508947200000,0.85],[1509033600000,0.86],[1509292800000,0.90],[1509379200000,0.91],[1509465600000,0.92],[1509552000000,0.93],[1509638400000,0.94],[1509897600000,0.97],[1509984000000,0.98],[1510070400000,0.99],[1510156800000,1.00],[1510243200000,1.01],[1510502400000,1.04],[1510588800000,1.06],[1510675200000,1.07],[1510761600000,1.08],[1510848000000,1.09],[1511107200000,1.12],[1511193600000,1.13],[1511280000000,1.14],[1511366400000,1.15],[1511452800000,1.16],[1511712000000,1.20],[1511798400000,1.21],[1511884800000,1.22],[1511971200000,1.23],[1512057600000,1.24],[1512316800000,1.28],[1512403200000,1.29],[1512489600000,1.30],[1512576000000,1.31],[1512662400000,1.32],[1512921600000,1.35],[1513008000000,1.36],[1513094400000,1.38],[1513180800000,1.39],[1513267200000,1.40],[1513526400000,1.43],[1513612800000,1.44],[1513699200000,1.46],[1513785600000,1.47],[1513872000000,1.48],[1514131200000,1.51],[1514217600000,1.53],[1514304000000,1.54],[1514390400000,1.55],[1514476800000,1.57],[1514822400000,1.62],[1514908800000,1.64],[1514995200000,1.65],[1515081600000,1.66],[1515340800000,1.69],[1515427200000,1.71],[1515513600000,1.72],[1515600000000,1.73],[1515686400000,1.74],[1515945600000,1.77],[1516032000000,1.79],[1516118400000,1.80],[1516204800000,1.81],[1516291200000,1.82],[1516550400000,1.86],[1516636800000,1.87],[1516723200000,1.88],[1516809600000,1.89],[1516896000000,1.90],[1517155200000,1.94],[1517241600000,1.95],[1517328000000,1.96],[1517414400000,1.97],[1517500800000,1.98],[1517760000000,2.02],[1517846400000,2.03]]},{"name":"沪深300","data":[[1502035200000,0],[1502121600000,0.15],[1502208000000,0.11],[1502294400000,-0.29],[1502380800000,-2.13],[1502640000000,-0.86],[1502726400000,-0.56],[1502812800000,-0.68],[1502899200000,-0.15],[1502985600000,-0.06],[1503244800000,0.38],[1503331200000,0.68],[1503417600000,0.79],[1503504000000,0.21],[1503590400000,1.85],[1503849600000,3.11],[1503936000000,2.89],[1504022400000,2.88],[1504108800000,2.56],[1504195200000,2.78],[1504454400000,3.19],[1504540800000,3.50],[1504627200000,3.29],[1504713600000,2.77],[1504800000000,2.66],[1505059200000,2.65],[1505145600000,2.98],[1505232000000,3.11],[1505318400000,2.77],[1505404800000,2.80],[1505664000000,3.12],[1505750400000,2.83],[1505836800000,3.10],[1505923200000,2.98],[1506009600000,2.98],[1506268800000,2.44],[1506355200000,2.52],[1506441600000,2.53],[1506528000000,2.57],[1506614400000,2.94],[1507478400000,4.17],[1507564800000,4.38],[1507651200000,4.72],[1507737600000,5.00],[1507824000000,5.21],[1508083200000,5.01],[1508169600000,5.00],[1508256000000,5.83],[1508342400000,5.49],[1508428800000,5.37],[1508688000000,5.47],[1508774400000,6.24],[1508860800000,6.71],[1508947200000,7.16],[1509033600000,7.92],[1509292800000,7.59],[1509379200000,7.51],[1509465600000,7.24],[1509552000000,7.25],[1509638400000,7.13],[1509897600000,7.89],[1509984000000,8.79],[1510070400000,8.62],[1510156800000,9.37],[1510243200000,10.33],[1510502400000,10.77],[1510588800000,10.00],[1510675200000,9.31],[1510761600000,10.15],[1510848000000,10.57],[1511107200000,11.19],[1511193600000,13.17],[1511280000000,13.44],[1511366400000,10.08],[1511452800000,10.13],[1511712000000,8.67],[1511798400000,8.83],[1511884800000,8.77],[1511971200000,7.49],[1512057600000,7.28],[1512316800000,7.84],[1512403200000,8.41],[1512489600000,7.76],[1512576000000,6.55],[1512662400000,7.42],[1512921600000,9.20],[1513008000000,7.76],[1513094400000,8.67],[1513180800000,8.03],[1513267200000,6.82],[1513526400000,6.94],[1513612800000,8.28],[1513699200000,8.15],[1513785600000,9.15],[1513872000000,8.80],[1514131200000,8.45],[1514217600000,8.77],[1514304000000,7.09],[1514390400000,7.84],[1514476800000,8.16],[1514822400000,9.68],[1514908800000,10.32],[1514995200000,10.79],[1515081600000,11.05],[1515340800000,11.63],[1515427200000,12.41],[1515513600000,12.91],[1515600000000,12.85],[1515686400000,13.37],[1515945600000,13.37],[1516032000000,14.27],[1516118400000,13.99],[1516204800000,14.61],[1516291200000,14.99],[1516550400000,16.36],[1516636800000,17.60],[1516723200000,17.79],[1516809600000,17.13],[1516896000000,17.56],[1517155200000,15.43],[1517241600000,14.20],[1517328000000,14.73],[1517414400000,13.93],[1517500800000,14.61],[1517760000000,14.69],[1517846400000,11.33]]}];
/*同类排名*/
var Data_rateInSimilarType = [{"x":1492358400000,"y":430,"sc":"543"},{"x":1492444800000,"y":426,"sc":"543"},{"x":1492531200000,"y":423,"sc":"543"},{"x":1492617600000,"y":429,"sc":"545"},{"x":1492704000000,"y":428,"sc":"545"},{"x":1492963200000,"y":423,"sc":"545"},{"x":1493049600000,"y":424,"sc":"547"},{"x":1493136000000,"y":425,"sc":"549"},{"x":1493222400000,"y":419,"sc":"549"},{"x":1493308800000,"y":411,"sc":"549"},{"x":1493654400000,"y":426,"sc":"549"},{"x":1493740800000,"y":427,"sc":"550"},{"x":1493827200000,"y":427,"sc":"550"},{"x":1493913600000,"y":429,"sc":"550"},{"x":1494172800000,"y":429,"sc":"550"},{"x":1494259200000,"y":430,"sc":"550"},{"x":1494345600000,"y":431,"sc":"550"},{"x":1494432000000,"y":430,"sc":"550"},{"x":1494518400000,"y":431,"sc":"550"},{"x":1494777600000,"y":432,"sc":"554"},{"x":1494864000000,"y":434,"sc":"556"},{"x":1494950400000,"y":442,"sc":"560"},{"x":1495036800000,"y":444,"sc":"560"},{"x":1495123200000,"y":448,"sc":"560"},{"x":1495382400000,"y":446,"sc":"560"},{"x":1495468800000,"y":447,"sc":"562"},{"x":1495555200000,"y":450,"sc":"564"},{"x":1495641600000,"y":428,"sc":"564"},{"x":1495728000000,"y":409,"sc":"564"},{"x":1496160000000,"y":400,"sc":"564"},{"x":1496246400000,"y":400,"sc":"564"},{"x":1496332800000,"y":399,"sc":"564"},{"x":1496592000000,"y":400,"sc":"566"},{"x":1496678400000,"y":399,"sc":"566"},{"x":1496764800000,"y":408,"sc":"566"},{"x":1496851200000,"y":409,"sc":"566"},{"x":1496937600000,"y":404,"sc":"566"},{"x":1497196800000,"y":417,"sc":"574"},{"x":1497283200000,"y":413,"sc":"574"},{"x":1497369600000,"y":409,"sc":"575"},{"x":1497456000000,"y":408,"sc":"575"},{"x":1497542400000,"y":406,"sc":"575"},{"x":1497801600000,"y":390,"sc":"577"},{"x":1497888000000,"y":373,"sc":"577"},{"x":1497974400000,"y":411,"sc":"575"},{"x":1498060800000,"y":400,"sc":"575"},{"x":1498147200000,"y":331,"sc":"576"},{"x":1498406400000,"y":326,"sc":"579"},{"x":1498492800000,"y":280,"sc":"579"},{"x":1498579200000,"y":283,"sc":"579"},{"x":1498665600000,"y":295,"sc":"579"},{"x":1498752000000,"y":296,"sc":"582"},{"x":1499011200000,"y":285,"sc":"582"},{"x":1499097600000,"y":335,"sc":"582"},{"x":1499184000000,"y":349,"sc":"583"},{"x":1499270400000,"y":354,"sc":"583"},{"x":1499356800000,"y":342,"sc":"583"},{"x":1499616000000,"y":368,"sc":"583"},{"x":1499702400000,"y":376,"sc":"583"},{"x":1499788800000,"y":383,"sc":"583"},{"x":1499875200000,"y":382,"sc":"583"},{"x":1499961600000,"y":365,"sc":"586"},{"x":1500220800000,"y":388,"sc":"586"},{"x":1500307200000,"y":391,"sc":"586"},{"x":1500393600000,"y":401,"sc":"589"},{"x":1500480000000,"y":409,"sc":"589"},{"x":1500566400000,"y":395,"sc":"593"},{"x":1500825600000,"y":421,"sc":"593"},{"x":1500912000000,"y":424,"sc":"593"},{"x":1500998400000,"y":429,"sc":"594"},{"x":1501084800000,"y":431,"sc":"594"},{"x":1501171200000,"y":416,"sc":"594"},{"x":1501430400000,"y":426,"sc":"594"},{"x":1501516800000,"y":436,"sc":"594"},{"x":1501603200000,"y":436,"sc":"594"},{"x":1501689600000,"y":437,"sc":"594"},{"x":1501776000000,"y":435,"sc":"594"},{"x":1502035200000,"y":442,"sc":"596"},{"x":1502121600000,"y":446,"sc":"596"},{"x":1502208000000,"y":447,"sc":"596"},{"x":1502294400000,"y":449,"sc":"596"},{"x":1502380800000,"y":450,"sc":"596"},{"x":1502640000000,"y":459,"sc":"596"},{"x":1502726400000,"y":465,"sc":"596"},{"x":1502812800000,"y":466,"sc":"596"},{"x":1502899200000,"y":465,"sc":"596"},{"x":1502985600000,"y":460,"sc":"596"},{"x":1503244800000,"y":466,"sc":"597"},{"x":1503331200000,"y":459,"sc":"597"},{"x":1503417600000,"y":460,"sc":"597"},{"x":1503504000000,"y":462,"sc":"596"},{"x":1503590400000,"y":479,"sc":"596"},{"x":1503849600000,"y":485,"sc":"600"},{"x":1503936000000,"y":484,"sc":"600"},{"x":1504022400000,"y":493,"sc":"600"},{"x":1504108800000,"y":498,"sc":"601"},{"x":1504195200000,"y":497,"sc":"601"},{"x":1504454400000,"y":503,"sc":"601"},{"x":1504540800000,"y":502,"sc":"601"},{"x":1504627200000,"y":504,"sc":"601"},{"x":1504713600000,"y":504,"sc":"601"},{"x":1504800000000,"y":503,"sc":"601"},{"x":1505059200000,"y":493,"sc":"603"},{"x":1505145600000,"y":491,"sc":"603"},{"x":1505232000000,"y":490,"sc":"603"},{"x":1505318400000,"y":491,"sc":"605"},{"x":1505404800000,"y":491,"sc":"605"},{"x":1505664000000,"y":500,"sc":"606"},{"x":1505750400000,"y":505,"sc":"606"},{"x":1505836800000,"y":502,"sc":"603"},{"x":1505923200000,"y":507,"sc":"603"},{"x":1506009600000,"y":512,"sc":"603"},{"x":1506268800000,"y":537,"sc":"603"},{"x":1506355200000,"y":537,"sc":"603"},{"x":1506441600000,"y":554,"sc":"604"},{"x":1506528000000,"y":553,"sc":"604"},{"x":1506614400000,"y":554,"sc":"606"},{"x":1507478400000,"y":549,"sc":"606"},{"x":1507564800000,"y":546,"sc":"607"},{"x":1507651200000,"y":544,"sc":"607"},{"x":1507737600000,"y":544,"sc":"611"},{"x":1507824000000,"y":543,"sc":"611"},{"x":1508083200000,"y":541,"sc":"612"},{"x":1508169600000,"y":540,"sc":"612"},{"x":1508256000000,"y":537,"sc":"611"},{"x":1508342400000,"y":536,"sc":"611"},{"x":1508428800000,"y":534,"sc":"611"},{"x":1508688000000,"y":539,"sc":"606"},{"x":1508774400000,"y":534,"sc":"606"},{"x":1508860800000,"y":536,"sc":"607"},{"x":1508947200000,"y":537,"sc":"607"},{"x":1509033600000,"y":535,"sc":"607"},{"x":1509292800000,"y":543,"sc":"609"},{"x":1509379200000,"y":540,"sc":"610"},{"x":1509465600000,"y":540,"sc":"610"},{"x":1509552000000,"y":547,"sc":"613"},{"x":1509638400000,"y":546,"sc":"617"},{"x":1509897600000,"y":553,"sc":"621"},{"x":1509984000000,"y":552,"sc":"621"},{"x":1510070400000,"y":552,"sc":"621"},{"x":1510156800000,"y":553,"sc":"623"},{"x":1510243200000,"y":554,"sc":"623"},{"x":1510502400000,"y":563,"sc":"633"},{"x":1510588800000,"y":565,"sc":"635"},{"x":1510675200000,"y":563,"sc":"635"},{"x":1510761600000,"y":564,"sc":"635"},{"x":1510848000000,"y":566,"sc":"636"},{"x":1511107200000,"y":567,"sc":"636"},{"x":1511193600000,"y":569,"sc":"636"},{"x":1511280000000,"y":571,"sc":"636"},{"x":1511366400000,"y":571,"sc":"636"},{"x":1511452800000,"y":575,"sc":"637"},{"x":1511712000000,"y":579,"sc":"640"},{"x":1511798400000,"y":581,"sc":"640"},{"x":1511884800000,"y":581,"sc":"640"},{"x":1511971200000,"y":582,"sc":"641"},{"x":1512057600000,"y":584,"sc":"643"},{"x":1512316800000,"y":590,"sc":"643"},{"x":1512403200000,"y":591,"sc":"643"},{"x":1512489600000,"y":590,"sc":"643"},{"x":1512576000000,"y":592,"sc":"644"},{"x":1512662400000,"y":600,"sc":"652"},{"x":1512921600000,"y":604,"sc":"652"},{"x":1513008000000,"y":606,"sc":"653"},{"x":1513094400000,"y":606,"sc":"653"},{"x":1513180800000,"y":608,"sc":"654"},{"x":1513267200000,"y":610,"sc":"656"},{"x":1513526400000,"y":611,"sc":"656"},{"x":1513612800000,"y":612,"sc":"656"},{"x":1513699200000,"y":614,"sc":"656"},{"x":1513785600000,"y":614,"sc":"655"},{"x":1513872000000,"y":614,"sc":"655"},{"x":1514131200000,"y":619,"sc":"655"},{"x":1514217600000,"y":624,"sc":"655"},{"x":1514304000000,"y":625,"sc":"654"},{"x":1514390400000,"y":626,"sc":"655"},{"x":1514476800000,"y":627,"sc":"655"},{"x":1514822400000,"y":627,"sc":"655"},{"x":1514908800000,"y":625,"sc":"655"},{"x":1514995200000,"y":620,"sc":"655"},{"x":1515081600000,"y":612,"sc":"655"},{"x":1515340800000,"y":625,"sc":"655"},{"x":1515427200000,"y":624,"sc":"655"},{"x":1515513600000,"y":622,"sc":"656"},{"x":1515600000000,"y":623,"sc":"657"},{"x":1515686400000,"y":621,"sc":"657"},{"x":1515945600000,"y":620,"sc":"657"},{"x":1516032000000,"y":620,"sc":"657"},{"x":1516118400000,"y":620,"sc":"657"},{"x":1516204800000,"y":619,"sc":"657"},{"x":1516291200000,"y":618,"sc":"657"},{"x":1516550400000,"y":617,"sc":"657"},{"x":1516636800000,"y":617,"sc":"657"},{"x":1516723200000,"y":617,"sc":"657"},{"x":1516809600000,"y":615,"sc":"657"},{"x":1516896000000,"y":616,"sc":"655"},{"x":1517155200000,"y":613,"sc":"656"},{"x":1517241600000,"y":613,"sc":"656"},{"x":1517328000000,"y":613,"sc":"656"},{"x":1517414400000,"y":611,"sc":"656"},{"x":1517500800000,"y":608,"sc":"656"},{"x":1517760000000,"y":604,"sc":"656"},{"x":1517846400000,"y":600,"sc":"656"}];
/*百分比排名*/
var Data_rateInSimilarPersent = [[1492358400000,20.8100],[1492444800000,21.5500],[1492531200000,22.1000],[1492617600000,21.2800],[1492704000000,21.4700],[1492963200000,22.3900],[1493049600000,22.4900],[1493136000000,22.5900],[1493222400000,23.6800],[1493308800000,25.1400],[1493654400000,22.4000],[1493740800000,22.3600],[1493827200000,22.3600],[1493913600000,22.00],[1494172800000,22.00],[1494259200000,21.8200],[1494345600000,21.6400],[1494432000000,21.8200],[1494518400000,21.6400],[1494777600000,22.0200],[1494864000000,21.9400],[1494950400000,21.0700],[1495036800000,20.7100],[1495123200000,20.00],[1495382400000,20.3600],[1495468800000,20.4600],[1495555200000,20.2100],[1495641600000,24.1100],[1495728000000,27.4800],[1496160000000,29.0800],[1496246400000,29.0800],[1496332800000,29.2600],[1496592000000,29.3300],[1496678400000,29.5100],[1496764800000,27.9200],[1496851200000,27.7400],[1496937600000,28.6200],[1497196800000,27.3500],[1497283200000,28.0500],[1497369600000,28.8700],[1497456000000,29.0400],[1497542400000,29.3900],[1497801600000,32.4100],[1497888000000,35.3600],[1497974400000,28.5200],[1498060800000,30.4300],[1498147200000,42.5300],[1498406400000,43.7000],[1498492800000,51.6400],[1498579200000,51.1200],[1498665600000,49.0500],[1498752000000,49.1400],[1499011200000,51.0300],[1499097600000,42.4400],[1499184000000,40.1400],[1499270400000,39.2800],[1499356800000,41.3400],[1499616000000,36.8800],[1499702400000,35.5100],[1499788800000,34.3100],[1499875200000,34.4800],[1499961600000,37.7100],[1500220800000,33.7900],[1500307200000,33.2800],[1500393600000,31.9200],[1500480000000,30.5600],[1500566400000,33.3900],[1500825600000,29.0100],[1500912000000,28.5000],[1500998400000,27.7800],[1501084800000,27.4400],[1501171200000,29.9700],[1501430400000,28.2800],[1501516800000,26.6000],[1501603200000,26.6000],[1501689600000,26.4300],[1501776000000,26.7700],[1502035200000,25.8400],[1502121600000,25.1700],[1502208000000,25.00],[1502294400000,24.6600],[1502380800000,24.5000],[1502640000000,22.9900],[1502726400000,21.9800],[1502812800000,21.8100],[1502899200000,21.9800],[1502985600000,22.8200],[1503244800000,21.9400],[1503331200000,23.1200],[1503417600000,22.9500],[1503504000000,22.4800],[1503590400000,19.6300],[1503849600000,19.1700],[1503936000000,19.3300],[1504022400000,17.8300],[1504108800000,17.1400],[1504195200000,17.3000],[1504454400000,16.3100],[1504540800000,16.4700],[1504627200000,16.1400],[1504713600000,16.1400],[1504800000000,16.3100],[1505059200000,18.2400],[1505145600000,18.5700],[1505232000000,18.7400],[1505318400000,18.8400],[1505404800000,18.8400],[1505664000000,17.4900],[1505750400000,16.6700],[1505836800000,16.7500],[1505923200000,15.9200],[1506009600000,15.0900],[1506268800000,10.9500],[1506355200000,10.9500],[1506441600000,8.2800],[1506528000000,8.4400],[1506614400000,8.5800],[1507478400000,9.4100],[1507564800000,10.0500],[1507651200000,10.3800],[1507737600000,10.9700],[1507824000000,11.1300],[1508083200000,11.6000],[1508169600000,11.7600],[1508256000000,12.1100],[1508342400000,12.2700],[1508428800000,12.6000],[1508688000000,11.0600],[1508774400000,11.8800],[1508860800000,11.7000],[1508947200000,11.5300],[1509033600000,11.8600],[1509292800000,10.8400],[1509379200000,11.4800],[1509465600000,11.4800],[1509552000000,10.7700],[1509638400000,11.5100],[1509897600000,10.9500],[1509984000000,11.1100],[1510070400000,11.1100],[1510156800000,11.2400],[1510243200000,11.0800],[1510502400000,11.0600],[1510588800000,11.0200],[1510675200000,11.3400],[1510761600000,11.1800],[1510848000000,11.0100],[1511107200000,10.8500],[1511193600000,10.5300],[1511280000000,10.2200],[1511366400000,10.2200],[1511452800000,9.7300],[1511712000000,9.5300],[1511798400000,9.2200],[1511884800000,9.2200],[1511971200000,9.2000],[1512057600000,9.1800],[1512316800000,8.2400],[1512403200000,8.0900],[1512489600000,8.2400],[1512576000000,8.0700],[1512662400000,7.9800],[1512921600000,7.3600],[1513008000000,7.2000],[1513094400000,7.2000],[1513180800000,7.0300],[1513267200000,7.0100],[1513526400000,6.8600],[1513612800000,6.7100],[1513699200000,6.4000],[1513785600000,6.2600],[1513872000000,6.2600],[1514131200000,5.5000],[1514217600000,4.7300],[1514304000000,4.4300],[1514390400000,4.4300],[1514476800000,4.2700],[1514822400000,4.2700],[1514908800000,4.5800],[1514995200000,5.3400],[1515081600000,6.5600],[1515340800000,4.5800],[1515427200000,4.7300],[1515513600000,5.1800],[1515600000000,5.1800],[1515686400000,5.4800],[1515945600000,5.6300],[1516032000000,5.6300],[1516118400000,5.6300],[1516204800000,5.7800],[1516291200000,5.9400],[1516550400000,6.0900],[1516636800000,6.0900],[1516723200000,6.0900],[1516809600000,6.3900],[1516896000000,5.9500],[1517155200000,6.5500],[1517241600000,6.5500],[1517328000000,6.5500],[1517414400000,6.8600],[1517500800000,7.3200],[1517760000000,7.9300],[1517846400000,8.5400]];
/*规模变动*/
var Data_fluctuationScale = {"categories":["2017-03-31","2017-06-30","2017-09-30","2017-12-29","2017-12-31"],"series":[{"y":16.48,"mom":"-60.16%"},{"y":35.48,"mom":"115.22%"},{"y":16.78,"mom":"-52.71%"},{"y":9.53,"mom":"-43.18%"},{"y":9.53,"mom":"0.00%"}]};;
/*持有人结构*/
var Data_holderStructure = {"series":[{"name":"机构持有比例","data":[95.06,81.45]},{"name":"个人持有比例","data":[4.94,18.55]},{"name":"内部持有比例","data":[0.0,0.0]}],"categories":["2017-01-09","2017-06-30"]};
/*申购赎回*/
var Data_assetAllocation ={"series":[{"name":"期间申购","data":[0.16,0.49,0.24,0.17]},{"name":"期间赎回","data":[0.41,0.30,0.43,0.24]},{"name":"总份额","data":[0.16,0.35,0.17,0.10]}],"categories":["2017-03-31","2017-06-30","2017-09-30","2017-12-31"]};
/*现任基金经理*/
var Data_currentFundManager = [{"id":"30041301","pic":"https://pdf.dfcfw.com/pdf/H8_JPG30041301_1.jpg","name":"曲波","star":4,"workTime":"10年又23天","fundSize":"1340.78亿(12只基金)","power":{"avr":"63.13","categories":["经验值","收益率","影响力","稳定性","管理规模"],"dsc":["反映基金经理从业年限和管理基金的经验","根据基金经理投资的阶段收益评分，反映\u003cbr\u003e基金经理投资的盈利能力","根据基金经理所管理基金的机构和个人投\u003cbr\u003e资者持有比例评分","反映基金经理投资收益的波动","根据基金经理现任管理基金资产规模评分"],"data":[97.70,85.30,52.30,22.10,90.20],"jzrq":"2018-02-06"},"profit":{"categories":["任期收益","同类平均"],"series":[{"data":[{"name":null,"color":"#7cb5ec","y":4.0398},{"name":null,"color":"#414c7b","y":4.15}]}],"jzrq":"2018-02-06"}}] ;
/*同类型基金涨幅榜（页面底部通栏）*/
var swithSameType = [['002895_华夏天利货币B_5.8750','002894_华夏天利货币A_5.6210','005151_红土创新优淳货币B_5.6080','005150_红土创新优淳货币A_5.3810','000902_国开货币B_5.3390'],['002895_华夏天利货币B_5.26','005151_红土创新优淳货币B_5.22','004973_长城收益宝货币B_5.08','002894_华夏天利货币A_5.01','001895_泰达宏利活期友货币B_5.00'],['004973_长城收益宝货币B_5.05','005151_红土创新优淳货币B_5.04','004770_海富通添益货币A_4.99','002884_华润元大现金通货币B_4.98','002895_华夏天利货币B_4.89'],['004770_海富通添益货币A_5.39','004973_长城收益宝货币B_5.13','002895_华夏天利货币B_5.03','004398_融通现金宝货币B_5.03','002884_华润元大现金通货币B_5.02'],['003679_中融现金增利货币C_4.67','003474_南方天天利货币B_4.55','000836_国投瑞银钱多宝货币A_4.52','000837_国投瑞银钱多宝货币I_4.52','003753_工银如意货币B_4.51']];