/**
 * 测试数据
 * @type {arry}
 */
/*2018-02-07 16:11:31*/
//基金或股票信息
var fS_name = "交银活期通货币A";
var fS_code = "003042";
var fund_minsg="";
var ishb=true;
/*原费率*/
var fund_sourceRate="0";
/*现费率*/
var fund_Rate="0";
/*最小申购金额*/
var fund_minsg="";
/*收益率*/
/*近一年收益率*/
var syl_1n="3.9122";
/*近6月收益率*/
var syl_6y="2.0393";
/*近三月收益率*/
var syl_3y="1.0356";
/*近一月收益率*/
var syl_1y="0.3418";
/* 基金收益走势图 每万份收益*/
var Data_millionCopiesIncome = [[1469635200000,0.4836],[1469721600000,0.554],[1469894400000,1.1643],[1469980800000,0.5546],[1470067200000,0.6276],[1470153600000,0.5865],[1470240000000,0.582],[1470326400000,0.5895],[1470499200000,1.162],[1470585600000,0.5654],[1470672000000,0.5952],[1470758400000,0.5807],[1470844800000,0.5807],[1470931200000,0.5838],[1471104000000,1.1605],[1471190400000,0.5632],[1471276800000,0.5845],[1471363200000,0.5825],[1471449600000,0.5833],[1471536000000,0.5908],[1471708800000,1.1627],[1471795200000,0.5807],[1471881600000,0.5779],[1471968000000,0.5814],[1472054400000,0.5796],[1472140800000,0.5792],[1472313600000,1.1779],[1472400000000,0.5563],[1472486400000,0.559],[1472572800000,0.5703],[1472659200000,0.5726],[1472745600000,0.5778],[1472918400000,1.1431],[1473004800000,0.5587],[1473091200000,0.5735],[1473177600000,0.5919],[1473264000000,0.5664],[1473350400000,0.5768],[1473523200000,1.1051],[1473609600000,0.5616],[1473696000000,0.6056],[1473782400000,0.6303],[1474128000000,2.2378],[1474214400000,0.5655],[1474300800000,0.5564],[1474387200000,1.4334],[1474473600000,0.6338],[1474560000000,0.6143],[1474732800000,1.1919],[1474819200000,0.6211],[1474905600000,0.6343],[1474992000000,0.639],[1475078400000,0.6394],[1475164800000,0.643],[1475942400000,5.7281],[1476028800000,0.6451],[1476115200000,1.2736],[1476201600000,0.643],[1476288000000,0.6024],[1476374400000,0.6101],[1476547200000,1.2123],[1476633600000,0.6055],[1476720000000,1.1827],[1476806400000,0.6219],[1476892800000,0.5214],[1476979200000,0.5332],[1477152000000,1.0626],[1477238400000,0.5326],[1477324800000,0.5361],[1477411200000,0.5413],[1477497600000,0.9277],[1477584000000,0.6515],[1477756800000,1.2998],[1477843200000,0.6634],[1477929600000,0.6674],[1478016000000,0.6668],[1478102400000,0.6657],[1478188800000,0.6672],[1478361600000,1.3329],[1478448000000,0.6547],[1478534400000,0.6604],[1478620800000,0.6551],[1478707200000,0.6563],[1478793600000,0.6292],[1478966400000,1.2514],[1479052800000,1.3479],[1479139200000,0.673],[1479225600000,0.6723],[1479312000000,0.6584],[1479398400000,0.6604],[1479571200000,1.3178],[1479657600000,0.6631],[1479744000000,0.6645],[1479830400000,0.6706],[1479916800000,0.6702],[1480003200000,0.6792],[1480089600000,0.6788],[1480176000000,0.6788],[1480262400000,0.6918],[1480348800000,0.6851],[1480435200000,0.6836],[1480521600000,0.6999],[1480608000000,0.7088],[1480694400000,0.7077],[1480780800000,0.7076],[1480867200000,0.7124],[1480953600000,0.7138],[1481040000000,0.7196],[1481126400000,0.7023],[1481212800000,0.7177],[1481299200000,0.7164],[1481385600000,0.7163],[1481472000000,0.7246],[1481558400000,0.7291],[1481644800000,0.7329],[1481731200000,0.7637],[1481817600000,0.7865],[1481904000000,0.7865],[1481990400000,0.7864],[1482076800000,0.8041],[1482163200000,0.4325],[1482249600000,0.8115],[1482336000000,0.8113],[1482422400000,0.8114],[1482508800000,0.8118],[1482595200000,0.8117],[1482681600000,0.817],[1482768000000,0.848],[1482854400000,0.8477],[1482940800000,0.9673],[1483027200000,0.9567],[1483113600000,0.9551],[1483200000000,0.9592],[1483286400000,0.9591],[1483372800000,0.9588],[1483459200000,0.9298],[1483545600000,0.8049],[1483632000000,0.8105],[1483718400000,0.8104],[1483804800000,0.8103],[1483891200000,0.8101],[1483977600000,0.8135],[1484064000000,0.819],[1484150400000,0.8253],[1484236800000,0.8004],[1484323200000,0.8005],[1484409600000,0.8004],[1484496000000,0.802],[1484582400000,0.8017],[1484668800000,0.8118],[1484755200000,0.804],[1484841600000,0.8206],[1484928000000,0.8207],[1485014400000,0.8206],[1485100800000,0.8017],[1485187200000,0.847],[1485273600000,0.846],[1485360000000,1.2719],[1485446400000,0.8279],[1485532800000,0.8278],[1485619200000,0.8277],[1485705600000,0.8276],[1485792000000,0.8276],[1485878400000,0.8275],[1485964800000,0.8274],[1486051200000,0.8495],[1486137600000,0.845],[1486224000000,0.8449],[1486310400000,0.8505],[1486396800000,0.8657],[1486483200000,0.8551],[1486569600000,0.8732],[1486656000000,0.8952],[1486742400000,0.8891],[1486828800000,0.889],[1486915200000,0.8792],[1487001600000,0.8844],[1487088000000,0.8848],[1487174400000,0.8785],[1487260800000,0.8891],[1487347200000,0.8752],[1487433600000,0.8751],[1487520000000,0.885],[1487606400000,0.8939],[1487692800000,0.897],[1487779200000,0.8939],[1487865600000,0.9201],[1487952000000,0.9072],[1488038400000,0.9071],[1488124800000,0.9052],[1488211200000,0.9079],[1488297600000,0.9021],[1488384000000,0.9002],[1488470400000,0.901],[1488556800000,0.9002],[1488643200000,0.9001],[1488729600000,0.8952],[1488816000000,0.8939],[1488902400000,0.9042],[1488988800000,0.8944],[1489075200000,0.8949],[1489161600000,0.8939],[1489248000000,0.8938],[1489334400000,0.8908],[1489420800000,0.8926],[1489507200000,0.8974],[1489593600000,0.9046],[1489680000000,0.9086],[1489766400000,0.9072],[1489852800000,0.9072],[1489939200000,0.9264],[1490025600000,0.9245],[1490112000000,0.9487],[1490198400000,0.959],[1490284800000,0.9691],[1490371200000,0.9688],[1490457600000,0.9687],[1490544000000,0.9634],[1490630400000,0.9851],[1490716800000,0.991],[1490803200000,0.9931],[1490889600000,0.9855],[1490976000000,0.9858],[1491062400000,0.9857],[1491148800000,0.9856],[1491235200000,0.9855],[1491321600000,1.0142],[1491408000000,0.9886],[1491494400000,0.9971],[1491580800000,0.9955],[1491667200000,0.9954],[1491753600000,0.9924],[1491840000000,0.9859],[1491926400000,0.9816],[1492012800000,0.977],[1492099200000,0.9859],[1492185600000,0.9773],[1492272000000,0.9772],[1492358400000,0.9771],[1492444800000,0.9807],[1492531200000,0.9855],[1492617600000,0.9917],[1492704000000,1.0034],[1492790400000,1.0037],[1492876800000,1.0036],[1492963200000,1.0076],[1493049600000,1.0105],[1493136000000,1.0243],[1493222400000,1.0335],[1493308800000,1.0313],[1493395200000,1.0308],[1493481600000,1.0307],[1493568000000,1.0306],[1493654400000,1.0384],[1493740800000,1.0355],[1493827200000,1.0239],[1493913600000,1.0179],[1494000000000,1.0163],[1494086400000,1.0162],[1494172800000,1.0272],[1494259200000,1.1839],[1494345600000,1.0216],[1494432000000,1.0073],[1494518400000,1.0076],[1494604800000,1.006],[1494691200000,1.0059],[1494777600000,1.0098],[1494864000000,1.0015],[1494950400000,0.9944],[1495036800000,1.0126],[1495123200000,1.0122],[1495209600000,1.0123],[1495296000000,1.0122],[1495382400000,1.0277],[1495468800000,1.0289],[1495555200000,1.0242],[1495641600000,1.0331],[1495728000000,1.0441],[1495814400000,1.0439],[1495900800000,1.0438],[1495987200000,1.0437],[1496073600000,1.0437],[1496160000000,1.0504],[1496246400000,1.0711],[1496332800000,1.0584],[1496419200000,1.0552],[1496505600000,1.0551],[1496592000000,1.0397],[1496678400000,1.036],[1496764800000,1.0428],[1496851200000,1.0383],[1496937600000,1.031],[1497024000000,1.0251],[1497110400000,1.025],[1497196800000,1.0277],[1497283200000,1.0222],[1497369600000,1.1036],[1497456000000,1.0256],[1497542400000,1.0315],[1497628800000,1.0207],[1497715200000,1.0095],[1497801600000,1.0311],[1497888000000,1.0428],[1497974400000,1.0552],[1498060800000,1.0413],[1498147200000,1.033],[1498233600000,1.0365],[1498320000000,1.0214],[1498406400000,1.0293],[1498492800000,1.0532],[1498579200000,1.2109],[1498665600000,1.1241],[1498752000000,1.1039],[1498838400000,1.1009],[1498924800000,1.1009],[1499011200000,1.1087],[1499097600000,1.1263],[1499184000000,1.1186],[1499270400000,1.0925],[1499356800000,1.0871],[1499443200000,1.0849],[1499529600000,1.0848],[1499616000000,1.0842],[1499702400000,1.0698],[1499788800000,1.0654],[1499875200000,1.0718],[1499961600000,1.0743],[1500048000000,1.0731],[1500134400000,1.0731],[1500220800000,1.0669],[1500307200000,1.0415],[1500393600000,1.2151],[1500480000000,1.0752],[1500566400000,1.0838],[1500652800000,1.0826],[1500739200000,1.0825],[1500825600000,1.0813],[1500912000000,1.0918],[1500998400000,1.2607],[1501084800000,1.0879],[1501171200000,1.0824],[1501257600000,1.0808],[1501344000000,1.0807],[1501430400000,1.0868],[1501516800000,1.0671],[1501603200000,1.0862],[1501689600000,1.0691],[1501776000000,1.0789],[1501862400000,1.0778],[1501948800000,1.0777],[1502035200000,1.0801],[1502121600000,1.1582],[1502208000000,1.0654],[1502294400000,1.0614],[1502380800000,1.0548],[1502467200000,1.0537],[1502553600000,1.0536],[1502640000000,1.0572],[1502726400000,1.2211],[1502812800000,1.0619],[1502899200000,1.0722],[1502985600000,1.0627],[1503072000000,1.0618],[1503158400000,1.0617],[1503244800000,1.0618],[1503331200000,1.0582],[1503417600000,1.0681],[1503504000000,1.0696],[1503590400000,1.0678],[1503676800000,1.067],[1503763200000,1.067],[1503849600000,1.0661],[1503936000000,1.0671],[1504022400000,1.1013],[1504108800000,1.0967],[1504195200000,1.0971],[1504281600000,1.0967],[1504368000000,1.0966],[1504454400000,1.0964],[1504540800000,1.086],[1504627200000,1.0872],[1504713600000,1.071],[1504800000000,1.0767],[1504886400000,1.0761],[1504972800000,1.076],[1505059200000,1.0872],[1505145600000,1.0978],[1505232000000,1.0809],[1505318400000,1.0927],[1505404800000,1.0837],[1505491200000,1.0835],[1505577600000,1.0834],[1505664000000,1.0679],[1505750400000,1.0737],[1505836800000,1.0787],[1505923200000,1.0804],[1506009600000,1.0945],[1506096000000,1.0823],[1506182400000,1.0822],[1506268800000,1.0821],[1506355200000,1.0786],[1506441600000,1.0856],[1506528000000,1.0906],[1506614400000,1.0876],[1506700800000,1.0858],[1506787200000,1.0858],[1506873600000,1.0857],[1506960000000,1.0856],[1507046400000,1.0856],[1507132800000,1.0855],[1507219200000,1.0855],[1507305600000,1.0854],[1507392000000,1.0854],[1507478400000,1.1281],[1507564800000,1.1146],[1507651200000,1.0626],[1507737600000,1.0394],[1507824000000,1.0448],[1507910400000,1.0451],[1507996800000,1.045],[1508083200000,1.0449],[1508169600000,1.0466],[1508256000000,1.0382],[1508342400000,1.0343],[1508428800000,1.0236],[1508515200000,1.0214],[1508601600000,1.0213],[1508688000000,1.0266],[1508774400000,1.276],[1508860800000,1.035],[1508947200000,1.0276],[1509033600000,1.0967],[1509120000000,1.0538],[1509206400000,1.0538],[1509292800000,1.0525],[1509379200000,1.0543],[1509465600000,1.0743],[1509552000000,1.0601],[1509638400000,1.0507],[1509724800000,1.05],[1509811200000,1.05],[1509897600000,1.0487],[1509984000000,1.0396],[1510070400000,1.0047],[1510156800000,1.0276],[1510243200000,1.024],[1510329600000,1.0232],[1510416000000,1.0232],[1510502400000,1.0303],[1510588800000,1.0314],[1510675200000,1.0458],[1510761600000,1.0526],[1510848000000,1.0573],[1510934400000,1.0554],[1511020800000,1.0553],[1511107200000,1.0558],[1511193600000,1.2805],[1511280000000,1.0634],[1511366400000,1.1283],[1511452800000,1.0892],[1511539200000,1.0885],[1511625600000,1.0884],[1511712000000,1.1094],[1511798400000,1.1131],[1511884800000,1.1184],[1511971200000,1.1099],[1512057600000,1.1085],[1512144000000,1.1083],[1512230400000,1.1002],[1512316800000,1.0931],[1512403200000,1.0947],[1512489600000,1.0892],[1512576000000,1.0915],[1512662400000,1.0979],[1512748800000,1.0979],[1512835200000,1.0978],[1512921600000,1.1028],[1513008000000,1.1138],[1513094400000,1.1128],[1513180800000,1.121],[1513267200000,1.1449],[1513353600000,1.1388],[1513440000000,1.135],[1513526400000,1.156],[1513612800000,1.1588],[1513699200000,1.191],[1513785600000,1.2012],[1513872000000,1.1993],[1513958400000,1.1944],[1514044800000,1.1913],[1514131200000,1.2116],[1514217600000,1.2315],[1514304000000,1.2446],[1514390400000,1.223],[1514476800000,1.2554],[1514563200000,1.2513],[1514649600000,1.2511],[1514736000000,1.2492],[1514822400000,1.2469],[1514908800000,1.24],[1514995200000,1.2158],[1515081600000,1.219],[1515168000000,1.2121],[1515254400000,1.212],[1515340800000,1.1752],[1515427200000,1.1741],[1515513600000,1.2061],[1515600000000,1.1173],[1515686400000,1.1263],[1515772800000,1.1247],[1515859200000,1.1246],[1515945600000,1.1168],[1516032000000,1.0933],[1516118400000,1.0976],[1516204800000,1.1084],[1516291200000,1.102],[1516377600000,1.101],[1516464000000,1.101],[1516550400000,1.0987],[1516636800000,1.0585],[1516723200000,1.0682],[1516809600000,1.0685],[1516896000000,1.0696],[1516982400000,1.0682],[1517068800000,1.0682],[1517155200000,1.0755],[1517241600000,1.0823],[1517328000000,1.0918],[1517414400000,1.0769],[1517500800000,1.0672],[1517587200000,1.0652],[1517673600000,1.0652],[1517760000000,1.0617],[1517846400000,1.0609]];
/*基金收益走势图   7日年化收益率*/
var Data_sevenDaysYearIncome = [[1469635200000,2.556],[1469721600000,2.385],[1469894400000,2.29],[1469980800000,2.249],[1470067200000,2.259],[1470153600000,2.092],[1470240000000,2.144],[1470326400000,2.163],[1470499200000,2.162],[1470585600000,2.168],[1470672000000,2.15],[1470758400000,2.147],[1470844800000,2.147],[1470931200000,2.144],[1471104000000,2.143],[1471190400000,2.142],[1471276800000,2.136],[1471363200000,2.137],[1471449600000,2.138],[1471536000000,2.142],[1471708800000,2.143],[1471795200000,2.153],[1471881600000,2.149],[1471968000000,2.148],[1472054400000,2.146],[1472140800000,2.14],[1472313600000,2.148],[1472400000000,2.135],[1472486400000,2.125],[1472572800000,2.119],[1472659200000,2.116],[1472745600000,2.115],[1472918400000,2.096],[1473004800000,2.098],[1473091200000,2.105],[1473177600000,2.117],[1473264000000,2.114],[1473350400000,2.113],[1473523200000,2.093],[1473609600000,2.094],[1473696000000,2.111],[1473782400000,2.132],[1474128000000,2.126],[1474214400000,2.128],[1474300800000,2.102],[1474387200000,2.531],[1474473600000,2.57],[1474560000000,2.6],[1474732800000,2.639],[1474819200000,2.669],[1474905600000,2.71],[1474992000000,2.286],[1475078400000,2.289],[1475164800000,2.304],[1475942400000,2.35],[1476028800000,2.355],[1476115200000,2.695],[1476201600000,2.699],[1476288000000,2.68],[1476374400000,2.666],[1476547200000,2.634],[1476633600000,2.613],[1476720000000,2.564],[1476806400000,2.553],[1476892800000,2.51],[1476979200000,2.469],[1477152000000,2.389],[1477238400000,2.35],[1477324800000,2.005],[1477411200000,1.962],[1477497600000,2.179],[1477584000000,2.242],[1477756800000,2.368],[1477843200000,2.438],[1477929600000,2.508],[1478016000000,2.575],[1478102400000,2.435],[1478188800000,2.444],[1478361600000,2.461],[1478448000000,2.457],[1478534400000,2.453],[1478620800000,2.447],[1478707200000,2.442],[1478793600000,2.421],[1478966400000,2.378],[1479052800000,2.749],[1479139200000,2.755],[1479225600000,2.765],[1479312000000,2.766],[1479398400000,2.782],[1479571200000,2.818],[1479657600000,2.452],[1479744000000,2.447],[1479830400000,2.446],[1479916800000,2.452],[1480003200000,2.462],[1480089600000,2.473],[1480176000000,2.484],[1480262400000,2.499],[1480348800000,2.51],[1480435200000,2.517],[1480521600000,2.533],[1480608000000,2.549],[1480694400000,2.564],[1480780800000,2.58],[1480867200000,2.591],[1480953600000,2.606],[1481040000000,2.625],[1481126400000,2.626],[1481212800000,2.631],[1481299200000,2.636],[1481385600000,2.641],[1481472000000,2.647],[1481558400000,2.655],[1481644800000,2.662],[1481731200000,2.695],[1481817600000,2.732],[1481904000000,2.77],[1481990400000,2.807],[1482076800000,2.85],[1482163200000,2.691],[1482249600000,2.733],[1482336000000,2.758],[1482422400000,2.772],[1482508800000,2.785],[1482595200000,2.799],[1482681600000,2.806],[1482768000000,3.029],[1482854400000,3.048],[1482940800000,3.132],[1483027200000,3.21],[1483113600000,3.287],[1483200000000,3.367],[1483286400000,3.443],[1483372800000,3.503],[1483459200000,3.548],[1483545600000,3.46],[1483632000000,3.381],[1483718400000,3.303],[1483804800000,3.223],[1483891200000,3.143],[1483977600000,3.065],[1484064000000,3.005],[1484150400000,3.016],[1484236800000,3.011],[1484323200000,3.005],[1484409600000,3.0],[1484496000000,2.996],[1484582400000,2.989],[1484668800000,2.986],[1484755200000,2.974],[1484841600000,2.985],[1484928000000,2.996],[1485014400000,3.007],[1485100800000,3.006],[1485187200000,3.031],[1485273600000,3.049],[1485360000000,3.301],[1485446400000,3.305],[1485532800000,3.309],[1485619200000,3.312],[1485705600000,3.326],[1485792000000,3.316],[1485878400000,3.306],[1485964800000,3.067],[1486051200000,3.078],[1486137600000,3.088],[1486224000000,3.097],[1486310400000,3.109],[1486396800000,3.13],[1486483200000,3.145],[1486569600000,3.169],[1486656000000,3.194],[1486742400000,3.218],[1486828800000,3.241],[1486915200000,3.257],[1487001600000,3.267],[1487088000000,3.283],[1487174400000,3.286],[1487260800000,3.282],[1487347200000,3.275],[1487433600000,3.267],[1487520000000,3.271],[1487606400000,3.276],[1487692800000,3.282],[1487779200000,3.29],[1487865600000,3.307],[1487952000000,3.324],[1488038400000,3.342],[1488124800000,3.353],[1488211200000,3.36],[1488297600000,3.363],[1488384000000,3.366],[1488470400000,3.356],[1488556800000,3.352],[1488643200000,3.348],[1488729600000,3.343],[1488816000000,3.335],[1488902400000,3.337],[1488988800000,3.333],[1489075200000,3.33],[1489161600000,3.327],[1489248000000,3.323],[1489334400000,3.321],[1489420800000,3.32],[1489507200000,3.317],[1489593600000,3.322],[1489680000000,3.33],[1489766400000,3.337],[1489852800000,3.344],[1489939200000,3.363],[1490025600000,3.38],[1490112000000,3.408],[1490198400000,3.437],[1490284800000,3.47],[1490371200000,3.503],[1490457600000,3.536],[1490544000000,3.556],[1490630400000,3.589],[1490716800000,3.612],[1490803200000,3.63],[1490889600000,3.639],[1490976000000,3.648],[1491062400000,3.658],[1491148800000,3.67],[1491235200000,3.67],[1491321600000,3.682],[1491408000000,3.68],[1491494400000,3.686],[1491580800000,3.691],[1491667200000,3.697],[1491753600000,3.7],[1491840000000,3.701],[1491926400000,3.683],[1492012800000,3.677],[1492099200000,3.671],[1492185600000,3.661],[1492272000000,3.651],[1492358400000,3.643],[1492444800000,3.64],[1492531200000,3.642],[1492617600000,3.65],[1492704000000,3.659],[1492790400000,3.674],[1492876800000,3.688],[1492963200000,3.704],[1493049600000,3.72],[1493136000000,3.741],[1493222400000,3.764],[1493308800000,3.779],[1493395200000,3.794],[1493481600000,3.809],[1493568000000,3.821],[1493654400000,3.836],[1493740800000,3.842],[1493827200000,3.837],[1493913600000,3.83],[1494000000000,3.822],[1494086400000,3.814],[1494172800000,3.812],[1494259200000,3.891],[1494345600000,3.883],[1494432000000,3.874],[1494518400000,3.869],[1494604800000,3.863],[1494691200000,3.858],[1494777600000,3.848],[1494864000000,3.75],[1494950400000,3.735],[1495036800000,3.738],[1495123200000,3.74],[1495209600000,3.744],[1495296000000,3.747],[1495382400000,3.757],[1495468800000,3.771],[1495555200000,3.788],[1495641600000,3.799],[1495728000000,3.816],[1495814400000,3.833],[1495900800000,3.85],[1495987200000,3.859],[1496073600000,3.867],[1496160000000,3.881],[1496246400000,3.902],[1496332800000,3.909],[1496419200000,3.916],[1496505600000,3.922],[1496592000000,3.919],[1496678400000,3.915],[1496764800000,3.911],[1496851200000,3.893],[1496937600000,3.879],[1497024000000,3.862],[1497110400000,3.846],[1497196800000,3.839],[1497283200000,3.832],[1497369600000,3.865],[1497456000000,3.858],[1497542400000,3.858],[1497628800000,3.856],[1497715200000,3.848],[1497801600000,3.849],[1497888000000,3.861],[1497974400000,3.834],[1498060800000,3.843],[1498147200000,3.844],[1498233600000,3.852],[1498320000000,3.859],[1498406400000,3.858],[1498492800000,3.863],[1498579200000,3.948],[1498665600000,3.993],[1498752000000,4.031],[1498838400000,4.066],[1498924800000,4.109],[1499011200000,4.152],[1499097600000,4.192],[1499184000000,4.142],[1499270400000,4.125],[1499356800000,4.115],[1499443200000,4.107],[1499529600000,4.098],[1499616000000,4.085],[1499702400000,4.054],[1499788800000,4.025],[1499875200000,4.014],[1499961600000,4.007],[1500048000000,4.001],[1500134400000,3.994],[1500220800000,3.985],[1500307200000,3.97],[1500393600000,4.051],[1500480000000,4.053],[1500566400000,4.058],[1500652800000,4.063],[1500739200000,4.068],[1500825600000,4.076],[1500912000000,4.103],[1500998400000,4.128],[1501084800000,4.135],[1501171200000,4.134],[1501257600000,4.133],[1501344000000,4.132],[1501430400000,4.135],[1501516800000,4.122],[1501603200000,4.027],[1501689600000,4.017],[1501776000000,4.015],[1501862400000,4.013],[1501948800000,4.012],[1502035200000,4.008],[1502121600000,4.057],[1502208000000,4.046],[1502294400000,4.042],[1502380800000,4.029],[1502467200000,4.016],[1502553600000,4.003],[1502640000000,3.99],[1502726400000,4.024],[1502812800000,4.023],[1502899200000,4.028],[1502985600000,4.033],[1503072000000,4.037],[1503158400000,4.041],[1503244800000,4.044],[1503331200000,3.956],[1503417600000,3.959],[1503504000000,3.958],[1503590400000,3.96],[1503676800000,3.963],[1503763200000,3.966],[1503849600000,3.968],[1503936000000,3.973],[1504022400000,3.991],[1504108800000,4.006],[1504195200000,4.022],[1504281600000,4.038],[1504368000000,4.054],[1504454400000,4.07],[1504540800000,4.081],[1504627200000,4.073],[1504713600000,4.059],[1504800000000,4.048],[1504886400000,4.037],[1504972800000,4.026],[1505059200000,4.021],[1505145600000,4.027],[1505232000000,4.024],[1505318400000,4.035],[1505404800000,4.039],[1505491200000,4.043],[1505577600000,4.047],[1505664000000,4.037],[1505750400000,4.024],[1505836800000,4.022],[1505923200000,4.016],[1506009600000,4.022],[1506096000000,4.021],[1506182400000,4.02],[1506268800000,4.028],[1506355200000,4.031],[1506441600000,4.034],[1506528000000,4.04],[1506614400000,4.036],[1506700800000,4.038],[1506787200000,4.04],[1506873600000,4.042],[1506960000000,4.046],[1507046400000,4.046],[1507132800000,4.043],[1507219200000,4.042],[1507305600000,4.042],[1507392000000,4.041],[1507478400000,4.064],[1507564800000,4.08],[1507651200000,4.068],[1507737600000,4.043],[1507824000000,4.021],[1507910400000,3.999],[1507996800000,3.977],[1508083200000,3.932],[1508169600000,3.895],[1508256000000,3.882],[1508342400000,3.879],[1508428800000,3.868],[1508515200000,3.855],[1508601600000,3.842],[1508688000000,3.832],[1508774400000,3.956],[1508860800000,3.954],[1508947200000,3.951],[1509033600000,3.99],[1509120000000,4.008],[1509206400000,4.026],[1509292800000,4.04],[1509379200000,3.92],[1509465600000,3.941],[1509552000000,3.958],[1509638400000,3.933],[1509724800000,3.931],[1509811200000,3.929],[1509897600000,3.927],[1509984000000,3.919],[1510070400000,3.882],[1510156800000,3.864],[1510243200000,3.85],[1510329600000,3.835],[1510416000000,3.821],[1510502400000,3.811],[1510588800000,3.806],[1510675200000,3.828],[1510761600000,3.842],[1510848000000,3.86],[1510934400000,3.877],[1511020800000,3.895],[1511107200000,3.909],[1511193600000,4.044],[1511280000000,4.053],[1511366400000,4.094],[1511452800000,4.112],[1511539200000,4.13],[1511625600000,4.148],[1511712000000,4.177],[1511798400000,4.086],[1511884800000,4.116],[1511971200000,4.106],[1512057600000,4.116],[1512144000000,4.127],[1512230400000,4.133],[1512316800000,4.124],[1512403200000,4.114],[1512489600000,4.099],[1512576000000,4.089],[1512662400000,4.083],[1512748800000,4.077],[1512835200000,4.076],[1512921600000,4.081],[1513008000000,4.092],[1513094400000,4.104],[1513180800000,4.12],[1513267200000,4.146],[1513353600000,4.168],[1513440000000,4.188],[1513526400000,4.217],[1513612800000,4.242],[1513699200000,4.284],[1513785600000,4.328],[1513872000000,4.357],[1513958400000,4.388],[1514044800000,4.418],[1514131200000,4.449],[1514217600000,4.488],[1514304000000,4.517],[1514390400000,4.529],[1514476800000,4.56],[1514563200000,4.591],[1514649600000,4.623],[1514736000000,4.644],[1514822400000,4.652],[1514908800000,4.65],[1514995200000,4.646],[1515081600000,4.626],[1515168000000,4.605],[1515254400000,4.583],[1515340800000,4.543],[1515427200000,4.503],[1515513600000,4.485],[1515600000000,4.431],[1515686400000,4.381],[1515772800000,4.333],[1515859200000,4.286],[1515945600000,4.254],[1516032000000,4.21],[1516118400000,4.151],[1516204800000,4.146],[1516291200000,4.133],[1516377600000,4.12],[1516464000000,4.107],[1516550400000,4.098],[1516636800000,4.079],[1516723200000,4.063],[1516809600000,4.041],[1516896000000,4.023],[1516982400000,4.006],[1517068800000,3.988],[1517155200000,3.975],[1517241600000,3.988],[1517328000000,4.001],[1517414400000,4.006],[1517500800000,4.004],[1517587200000,4.003],[1517673600000,4.001],[1517760000000,3.994],[1517846400000,3.982]];
/*资产配置*/
var Data_assetAllocationCurrency ={"categories":["12-31","09-30","06-30","03-31"],"series":[{"name":"股票","data":[null,null,null,null]},{"name":"债券","data":[38.93,61.1,42.12,28.06]},{"name":"现金","data":[37.86,32.61,51.96,72.31]}]};
/*累计收益率走势*/
var Data_grandTotal = [{"name":"交银活期通货币A","data":[[1501948800000,0],[1502035200000,0.01],[1502121600000,0.02],[1502208000000,0.03],[1502294400000,0.04],[1502380800000,0.05],[1502467200000,0.06],[1502553600000,0.08],[1502640000000,0.09],[1502726400000,0.10],[1502812800000,0.11],[1502899200000,0.12],[1502985600000,0.13],[1503072000000,0.14],[1503158400000,0.15],[1503244800000,0.16],[1503331200000,0.17],[1503417600000,0.18],[1503504000000,0.19],[1503590400000,0.20],[1503676800000,0.22],[1503763200000,0.23],[1503849600000,0.24],[1503936000000,0.25],[1504022400000,0.26],[1504108800000,0.27],[1504195200000,0.28],[1504281600000,0.29],[1504368000000,0.30],[1504454400000,0.31],[1504540800000,0.32],[1504627200000,0.34],[1504713600000,0.35],[1504800000000,0.36],[1504886400000,0.37],[1504972800000,0.38],[1505059200000,0.39],[1505145600000,0.40],[1505232000000,0.41],[1505318400000,0.42],[1505404800000,0.43],[1505491200000,0.44],[1505577600000,0.45],[1505664000000,0.47],[1505750400000,0.48],[1505836800000,0.49],[1505923200000,0.50],[1506009600000,0.51],[1506096000000,0.52],[1506182400000,0.53],[1506268800000,0.54],[1506355200000,0.55],[1506441600000,0.56],[1506528000000,0.57],[1506614400000,0.59],[1506700800000,0.60],[1506787200000,0.61],[1506873600000,0.62],[1506960000000,0.63],[1507046400000,0.64],[1507132800000,0.65],[1507219200000,0.66],[1507305600000,0.67],[1507392000000,0.68],[1507478400000,0.70],[1507564800000,0.71],[1507651200000,0.72],[1507737600000,0.73],[1507824000000,0.74],[1507910400000,0.75],[1507996800000,0.76],[1508083200000,0.77],[1508169600000,0.78],[1508256000000,0.79],[1508342400000,0.80],[1508428800000,0.81],[1508515200000,0.82],[1508601600000,0.83],[1508688000000,0.84],[1508774400000,0.86],[1508860800000,0.87],[1508947200000,0.88],[1509033600000,0.89],[1509120000000,0.90],[1509206400000,0.91],[1509292800000,0.92],[1509379200000,0.93],[1509465600000,0.94],[1509552000000,0.95],[1509638400000,0.96],[1509724800000,0.97],[1509811200000,0.98],[1509897600000,0.99],[1509984000000,1.00],[1510070400000,1.01],[1510156800000,1.02],[1510243200000,1.03],[1510329600000,1.05],[1510416000000,1.06],[1510502400000,1.07],[1510588800000,1.08],[1510675200000,1.09],[1510761600000,1.10],[1510848000000,1.11],[1510934400000,1.12],[1511020800000,1.13],[1511107200000,1.14],[1511193600000,1.15],[1511280000000,1.16],[1511366400000,1.18],[1511452800000,1.19],[1511539200000,1.20],[1511625600000,1.21],[1511712000000,1.22],[1511798400000,1.23],[1511884800000,1.24],[1511971200000,1.25],[1512057600000,1.26],[1512144000000,1.28],[1512230400000,1.29],[1512316800000,1.30],[1512403200000,1.31],[1512489600000,1.32],[1512576000000,1.33],[1512662400000,1.34],[1512748800000,1.35],[1512835200000,1.36],[1512921600000,1.38],[1513008000000,1.39],[1513094400000,1.40],[1513180800000,1.41],[1513267200000,1.42],[1513353600000,1.43],[1513440000000,1.44],[1513526400000,1.46],[1513612800000,1.47],[1513699200000,1.48],[1513785600000,1.49],[1513872000000,1.50],[1513958400000,1.52],[1514044800000,1.53],[1514131200000,1.54],[1514217600000,1.55],[1514304000000,1.57],[1514390400000,1.58],[1514476800000,1.59],[1514563200000,1.60],[1514649600000,1.62],[1514736000000,1.63],[1514822400000,1.64],[1514908800000,1.65],[1514995200000,1.67],[1515081600000,1.68],[1515168000000,1.69],[1515254400000,1.70],[1515340800000,1.72],[1515427200000,1.73],[1515513600000,1.74],[1515600000000,1.75],[1515686400000,1.76],[1515772800000,1.77],[1515859200000,1.79],[1515945600000,1.80],[1516032000000,1.81],[1516118400000,1.82],[1516204800000,1.83],[1516291200000,1.84],[1516377600000,1.85],[1516464000000,1.86],[1516550400000,1.88],[1516636800000,1.89],[1516723200000,1.90],[1516809600000,1.91],[1516896000000,1.92],[1516982400000,1.93],[1517068800000,1.94],[1517155200000,1.95],[1517241600000,1.96],[1517328000000,1.97],[1517414400000,1.99],[1517500800000,2.00],[1517587200000,2.01],[1517673600000,2.02],[1517760000000,2.03],[1517846400000,2.04]]},{"name":"同类平均","data":[[1502035200000,0],[1502121600000,0.01],[1502208000000,0.02],[1502294400000,0.03],[1502380800000,0.04],[1502640000000,0.07],[1502726400000,0.08],[1502812800000,0.09],[1502899200000,0.10],[1502985600000,0.11],[1503244800000,0.14],[1503331200000,0.16],[1503417600000,0.17],[1503504000000,0.18],[1503590400000,0.19],[1503849600000,0.22],[1503936000000,0.23],[1504022400000,0.24],[1504108800000,0.25],[1504195200000,0.26],[1504454400000,0.29],[1504540800000,0.30],[1504627200000,0.31],[1504713600000,0.32],[1504800000000,0.34],[1505059200000,0.37],[1505145600000,0.38],[1505232000000,0.39],[1505318400000,0.40],[1505404800000,0.41],[1505664000000,0.44],[1505750400000,0.45],[1505836800000,0.46],[1505923200000,0.47],[1506009600000,0.48],[1506268800000,0.52],[1506355200000,0.53],[1506441600000,0.54],[1506528000000,0.55],[1506614400000,0.56],[1507478400000,0.67],[1507564800000,0.68],[1507651200000,0.69],[1507737600000,0.71],[1507824000000,0.72],[1508083200000,0.75],[1508169600000,0.76],[1508256000000,0.77],[1508342400000,0.78],[1508428800000,0.79],[1508688000000,0.82],[1508774400000,0.83],[1508860800000,0.84],[1508947200000,0.85],[1509033600000,0.86],[1509292800000,0.90],[1509379200000,0.91],[1509465600000,0.92],[1509552000000,0.93],[1509638400000,0.94],[1509897600000,0.97],[1509984000000,0.98],[1510070400000,0.99],[1510156800000,1.00],[1510243200000,1.01],[1510502400000,1.04],[1510588800000,1.06],[1510675200000,1.07],[1510761600000,1.08],[1510848000000,1.09],[1511107200000,1.12],[1511193600000,1.13],[1511280000000,1.14],[1511366400000,1.15],[1511452800000,1.16],[1511712000000,1.20],[1511798400000,1.21],[1511884800000,1.22],[1511971200000,1.23],[1512057600000,1.24],[1512316800000,1.28],[1512403200000,1.29],[1512489600000,1.30],[1512576000000,1.31],[1512662400000,1.32],[1512921600000,1.35],[1513008000000,1.36],[1513094400000,1.38],[1513180800000,1.39],[1513267200000,1.40],[1513526400000,1.43],[1513612800000,1.44],[1513699200000,1.46],[1513785600000,1.47],[1513872000000,1.48],[1514131200000,1.51],[1514217600000,1.53],[1514304000000,1.54],[1514390400000,1.55],[1514476800000,1.57],[1514822400000,1.62],[1514908800000,1.64],[1514995200000,1.65],[1515081600000,1.66],[1515340800000,1.69],[1515427200000,1.71],[1515513600000,1.72],[1515600000000,1.73],[1515686400000,1.74],[1515945600000,1.77],[1516032000000,1.79],[1516118400000,1.80],[1516204800000,1.81],[1516291200000,1.82],[1516550400000,1.86],[1516636800000,1.87],[1516723200000,1.88],[1516809600000,1.89],[1516896000000,1.90],[1517155200000,1.94],[1517241600000,1.95],[1517328000000,1.96],[1517414400000,1.97],[1517500800000,1.98],[1517760000000,2.02],[1517846400000,2.03]]},{"name":"沪深300","data":[[1502035200000,0],[1502121600000,0.15],[1502208000000,0.11],[1502294400000,-0.29],[1502380800000,-2.13],[1502640000000,-0.86],[1502726400000,-0.56],[1502812800000,-0.68],[1502899200000,-0.15],[1502985600000,-0.06],[1503244800000,0.38],[1503331200000,0.68],[1503417600000,0.79],[1503504000000,0.21],[1503590400000,1.85],[1503849600000,3.11],[1503936000000,2.89],[1504022400000,2.88],[1504108800000,2.56],[1504195200000,2.78],[1504454400000,3.19],[1504540800000,3.50],[1504627200000,3.29],[1504713600000,2.77],[1504800000000,2.66],[1505059200000,2.65],[1505145600000,2.98],[1505232000000,3.11],[1505318400000,2.77],[1505404800000,2.80],[1505664000000,3.12],[1505750400000,2.83],[1505836800000,3.10],[1505923200000,2.98],[1506009600000,2.98],[1506268800000,2.44],[1506355200000,2.52],[1506441600000,2.53],[1506528000000,2.57],[1506614400000,2.94],[1507478400000,4.17],[1507564800000,4.38],[1507651200000,4.72],[1507737600000,5.00],[1507824000000,5.21],[1508083200000,5.01],[1508169600000,5.00],[1508256000000,5.83],[1508342400000,5.49],[1508428800000,5.37],[1508688000000,5.47],[1508774400000,6.24],[1508860800000,6.71],[1508947200000,7.16],[1509033600000,7.92],[1509292800000,7.59],[1509379200000,7.51],[1509465600000,7.24],[1509552000000,7.25],[1509638400000,7.13],[1509897600000,7.89],[1509984000000,8.79],[1510070400000,8.62],[1510156800000,9.37],[1510243200000,10.33],[1510502400000,10.77],[1510588800000,10.00],[1510675200000,9.31],[1510761600000,10.15],[1510848000000,10.57],[1511107200000,11.19],[1511193600000,13.17],[1511280000000,13.44],[1511366400000,10.08],[1511452800000,10.13],[1511712000000,8.67],[1511798400000,8.83],[1511884800000,8.77],[1511971200000,7.49],[1512057600000,7.28],[1512316800000,7.84],[1512403200000,8.41],[1512489600000,7.76],[1512576000000,6.55],[1512662400000,7.42],[1512921600000,9.20],[1513008000000,7.76],[1513094400000,8.67],[1513180800000,8.03],[1513267200000,6.82],[1513526400000,6.94],[1513612800000,8.28],[1513699200000,8.15],[1513785600000,9.15],[1513872000000,8.80],[1514131200000,8.45],[1514217600000,8.77],[1514304000000,7.09],[1514390400000,7.84],[1514476800000,8.16],[1514822400000,9.68],[1514908800000,10.32],[1514995200000,10.79],[1515081600000,11.05],[1515340800000,11.63],[1515427200000,12.41],[1515513600000,12.91],[1515600000000,12.85],[1515686400000,13.37],[1515945600000,13.37],[1516032000000,14.27],[1516118400000,13.99],[1516204800000,14.61],[1516291200000,14.99],[1516550400000,16.36],[1516636800000,17.60],[1516723200000,17.79],[1516809600000,17.13],[1516896000000,17.56],[1517155200000,15.43],[1517241600000,14.20],[1517328000000,14.73],[1517414400000,13.93],[1517500800000,14.61],[1517760000000,14.69],[1517846400000,11.33]]}];
/*同类排名*/
var Data_rateInSimilarType = [{"x":1477584000000,"y":372,"sc":"445"},{"x":1477843200000,"y":376,"sc":"447"},{"x":1477929600000,"y":373,"sc":"447"},{"x":1478016000000,"y":373,"sc":"447"},{"x":1478102400000,"y":370,"sc":"447"},{"x":1478188800000,"y":370,"sc":"448"},{"x":1478448000000,"y":366,"sc":"450"},{"x":1478534400000,"y":362,"sc":"450"},{"x":1478620800000,"y":360,"sc":"450"},{"x":1478707200000,"y":360,"sc":"450"},{"x":1478793600000,"y":360,"sc":"450"},{"x":1479052800000,"y":350,"sc":"450"},{"x":1479139200000,"y":344,"sc":"450"},{"x":1479225600000,"y":341,"sc":"450"},{"x":1479312000000,"y":338,"sc":"450"},{"x":1479398400000,"y":336,"sc":"450"},{"x":1479657600000,"y":330,"sc":"451"},{"x":1479744000000,"y":325,"sc":"451"},{"x":1479830400000,"y":323,"sc":"451"},{"x":1479916800000,"y":317,"sc":"451"},{"x":1480003200000,"y":314,"sc":"451"},{"x":1480262400000,"y":314,"sc":"451"},{"x":1480348800000,"y":306,"sc":"452"},{"x":1480435200000,"y":303,"sc":"452"},{"x":1480521600000,"y":303,"sc":"452"},{"x":1480608000000,"y":301,"sc":"455"},{"x":1480867200000,"y":290,"sc":"455"},{"x":1480953600000,"y":287,"sc":"455"},{"x":1481040000000,"y":282,"sc":"455"},{"x":1481126400000,"y":282,"sc":"455"},{"x":1481212800000,"y":273,"sc":"456"},{"x":1481472000000,"y":264,"sc":"457"},{"x":1481558400000,"y":263,"sc":"458"},{"x":1481644800000,"y":262,"sc":"458"},{"x":1481731200000,"y":258,"sc":"458"},{"x":1481817600000,"y":249,"sc":"458"},{"x":1482076800000,"y":245,"sc":"458"},{"x":1482163200000,"y":246,"sc":"458"},{"x":1482249600000,"y":258,"sc":"458"},{"x":1482336000000,"y":255,"sc":"459"},{"x":1482422400000,"y":255,"sc":"463"},{"x":1482681600000,"y":254,"sc":"464"},{"x":1482768000000,"y":250,"sc":"464"},{"x":1482854400000,"y":246,"sc":"466"},{"x":1482940800000,"y":243,"sc":"466"},{"x":1483027200000,"y":241,"sc":"469"},{"x":1483372800000,"y":222,"sc":"469"},{"x":1483459200000,"y":222,"sc":"468"},{"x":1483545600000,"y":217,"sc":"469"},{"x":1483632000000,"y":206,"sc":"469"},{"x":1483891200000,"y":226,"sc":"469"},{"x":1483977600000,"y":223,"sc":"469"},{"x":1484064000000,"y":237,"sc":"469"},{"x":1484150400000,"y":239,"sc":"469"},{"x":1484236800000,"y":238,"sc":"469"},{"x":1484496000000,"y":241,"sc":"472"},{"x":1484582400000,"y":243,"sc":"474"},{"x":1484668800000,"y":250,"sc":"476"},{"x":1484755200000,"y":249,"sc":"476"},{"x":1484841600000,"y":249,"sc":"476"},{"x":1485100800000,"y":245,"sc":"481"},{"x":1485187200000,"y":242,"sc":"482"},{"x":1485273600000,"y":243,"sc":"484"},{"x":1485360000000,"y":233,"sc":"485"},{"x":1486051200000,"y":243,"sc":"489"},{"x":1486310400000,"y":251,"sc":"491"},{"x":1486396800000,"y":252,"sc":"491"},{"x":1486483200000,"y":251,"sc":"491"},{"x":1486569600000,"y":248,"sc":"491"},{"x":1486656000000,"y":246,"sc":"494"},{"x":1486915200000,"y":249,"sc":"496"},{"x":1487001600000,"y":256,"sc":"496"},{"x":1487088000000,"y":255,"sc":"496"},{"x":1487174400000,"y":256,"sc":"496"},{"x":1487260800000,"y":257,"sc":"496"},{"x":1487520000000,"y":258,"sc":"496"},{"x":1487606400000,"y":262,"sc":"496"},{"x":1487692800000,"y":259,"sc":"496"},{"x":1487779200000,"y":263,"sc":"498"},{"x":1487865600000,"y":270,"sc":"500"},{"x":1488124800000,"y":277,"sc":"503"},{"x":1488211200000,"y":271,"sc":"503"},{"x":1488297600000,"y":272,"sc":"503"},{"x":1488384000000,"y":280,"sc":"511"},{"x":1488470400000,"y":299,"sc":"511"},{"x":1488729600000,"y":292,"sc":"513"},{"x":1488816000000,"y":296,"sc":"515"},{"x":1488902400000,"y":299,"sc":"516"},{"x":1488988800000,"y":302,"sc":"518"},{"x":1489075200000,"y":310,"sc":"518"},{"x":1489334400000,"y":309,"sc":"518"},{"x":1489420800000,"y":311,"sc":"518"},{"x":1489507200000,"y":312,"sc":"518"},{"x":1489593600000,"y":314,"sc":"520"},{"x":1489680000000,"y":323,"sc":"520"},{"x":1489939200000,"y":319,"sc":"522"},{"x":1490025600000,"y":320,"sc":"522"},{"x":1490112000000,"y":323,"sc":"524"},{"x":1490198400000,"y":330,"sc":"530"},{"x":1490284800000,"y":334,"sc":"530"},{"x":1490544000000,"y":332,"sc":"534"},{"x":1490630400000,"y":334,"sc":"535"},{"x":1490716800000,"y":336,"sc":"535"},{"x":1490803200000,"y":341,"sc":"538"},{"x":1490889600000,"y":342,"sc":"538"},{"x":1491321600000,"y":350,"sc":"538"},{"x":1491408000000,"y":353,"sc":"540"},{"x":1491494400000,"y":360,"sc":"540"},{"x":1491753600000,"y":358,"sc":"540"},{"x":1491840000000,"y":361,"sc":"540"},{"x":1491926400000,"y":358,"sc":"540"},{"x":1492012800000,"y":359,"sc":"541"},{"x":1492099200000,"y":373,"sc":"541"},{"x":1492358400000,"y":360,"sc":"543"},{"x":1492444800000,"y":361,"sc":"543"},{"x":1492531200000,"y":361,"sc":"543"},{"x":1492617600000,"y":361,"sc":"545"},{"x":1492704000000,"y":367,"sc":"545"},{"x":1492963200000,"y":349,"sc":"545"},{"x":1493049600000,"y":348,"sc":"547"},{"x":1493136000000,"y":357,"sc":"549"},{"x":1493222400000,"y":366,"sc":"549"},{"x":1493308800000,"y":378,"sc":"549"},{"x":1493654400000,"y":347,"sc":"549"},{"x":1493740800000,"y":346,"sc":"550"},{"x":1493827200000,"y":359,"sc":"550"},{"x":1493913600000,"y":346,"sc":"550"},{"x":1494172800000,"y":345,"sc":"550"},{"x":1494259200000,"y":342,"sc":"550"},{"x":1494345600000,"y":340,"sc":"550"},{"x":1494432000000,"y":354,"sc":"550"},{"x":1494518400000,"y":342,"sc":"550"},{"x":1494777600000,"y":345,"sc":"554"},{"x":1494864000000,"y":346,"sc":"556"},{"x":1494950400000,"y":352,"sc":"560"},{"x":1495036800000,"y":364,"sc":"560"},{"x":1495123200000,"y":348,"sc":"560"},{"x":1495382400000,"y":345,"sc":"560"},{"x":1495468800000,"y":344,"sc":"562"},{"x":1495555200000,"y":342,"sc":"564"},{"x":1495641600000,"y":363,"sc":"564"},{"x":1495728000000,"y":344,"sc":"564"},{"x":1496160000000,"y":335,"sc":"564"},{"x":1496246400000,"y":334,"sc":"564"},{"x":1496332800000,"y":333,"sc":"564"},{"x":1496592000000,"y":332,"sc":"566"},{"x":1496678400000,"y":331,"sc":"566"},{"x":1496764800000,"y":329,"sc":"566"},{"x":1496851200000,"y":327,"sc":"566"},{"x":1496937600000,"y":331,"sc":"566"},{"x":1497196800000,"y":340,"sc":"574"},{"x":1497283200000,"y":338,"sc":"574"},{"x":1497369600000,"y":337,"sc":"575"},{"x":1497456000000,"y":337,"sc":"575"},{"x":1497542400000,"y":338,"sc":"575"},{"x":1497801600000,"y":338,"sc":"577"},{"x":1497888000000,"y":341,"sc":"577"},{"x":1497974400000,"y":339,"sc":"575"},{"x":1498060800000,"y":337,"sc":"575"},{"x":1498147200000,"y":340,"sc":"576"},{"x":1498406400000,"y":351,"sc":"579"},{"x":1498492800000,"y":350,"sc":"579"},{"x":1498579200000,"y":345,"sc":"579"},{"x":1498665600000,"y":345,"sc":"579"},{"x":1498752000000,"y":342,"sc":"582"},{"x":1499011200000,"y":401,"sc":"582"},{"x":1499097600000,"y":333,"sc":"582"},{"x":1499184000000,"y":331,"sc":"583"},{"x":1499270400000,"y":330,"sc":"583"},{"x":1499356800000,"y":328,"sc":"583"},{"x":1499616000000,"y":325,"sc":"583"},{"x":1499702400000,"y":325,"sc":"583"},{"x":1499788800000,"y":327,"sc":"583"},{"x":1499875200000,"y":329,"sc":"583"},{"x":1499961600000,"y":331,"sc":"586"},{"x":1500220800000,"y":331,"sc":"586"},{"x":1500307200000,"y":334,"sc":"586"},{"x":1500393600000,"y":337,"sc":"589"},{"x":1500480000000,"y":336,"sc":"589"},{"x":1500566400000,"y":339,"sc":"593"},{"x":1500825600000,"y":340,"sc":"593"},{"x":1500912000000,"y":341,"sc":"593"},{"x":1500998400000,"y":337,"sc":"594"},{"x":1501084800000,"y":338,"sc":"594"},{"x":1501171200000,"y":337,"sc":"594"},{"x":1501430400000,"y":372,"sc":"594"},{"x":1501516800000,"y":334,"sc":"594"},{"x":1501603200000,"y":335,"sc":"594"},{"x":1501689600000,"y":336,"sc":"594"},{"x":1501776000000,"y":334,"sc":"594"},{"x":1502035200000,"y":335,"sc":"596"},{"x":1502121600000,"y":333,"sc":"596"},{"x":1502208000000,"y":339,"sc":"596"},{"x":1502294400000,"y":339,"sc":"596"},{"x":1502380800000,"y":339,"sc":"596"},{"x":1502640000000,"y":339,"sc":"596"},{"x":1502726400000,"y":331,"sc":"596"},{"x":1502812800000,"y":333,"sc":"596"},{"x":1502899200000,"y":329,"sc":"596"},{"x":1502985600000,"y":328,"sc":"596"},{"x":1503244800000,"y":333,"sc":"597"},{"x":1503331200000,"y":333,"sc":"597"},{"x":1503417600000,"y":331,"sc":"597"},{"x":1503504000000,"y":333,"sc":"596"},{"x":1503590400000,"y":333,"sc":"596"},{"x":1503849600000,"y":386,"sc":"600"},{"x":1503936000000,"y":404,"sc":"600"},{"x":1504022400000,"y":341,"sc":"600"},{"x":1504108800000,"y":340,"sc":"601"},{"x":1504195200000,"y":342,"sc":"601"},{"x":1504454400000,"y":342,"sc":"601"},{"x":1504540800000,"y":343,"sc":"601"},{"x":1504627200000,"y":338,"sc":"601"},{"x":1504713600000,"y":340,"sc":"601"},{"x":1504800000000,"y":339,"sc":"601"},{"x":1505059200000,"y":337,"sc":"603"},{"x":1505145600000,"y":337,"sc":"603"},{"x":1505232000000,"y":336,"sc":"603"},{"x":1505318400000,"y":336,"sc":"605"},{"x":1505404800000,"y":340,"sc":"605"},{"x":1505664000000,"y":335,"sc":"606"},{"x":1505750400000,"y":333,"sc":"606"},{"x":1505836800000,"y":329,"sc":"603"},{"x":1505923200000,"y":329,"sc":"603"},{"x":1506009600000,"y":327,"sc":"603"},{"x":1506268800000,"y":320,"sc":"603"},{"x":1506355200000,"y":319,"sc":"603"},{"x":1506441600000,"y":312,"sc":"604"},{"x":1506528000000,"y":317,"sc":"604"},{"x":1506614400000,"y":313,"sc":"606"},{"x":1507478400000,"y":314,"sc":"606"},{"x":1507564800000,"y":317,"sc":"607"},{"x":1507651200000,"y":322,"sc":"607"},{"x":1507737600000,"y":326,"sc":"611"},{"x":1507824000000,"y":328,"sc":"611"},{"x":1508083200000,"y":332,"sc":"612"},{"x":1508169600000,"y":332,"sc":"612"},{"x":1508256000000,"y":332,"sc":"611"},{"x":1508342400000,"y":332,"sc":"611"},{"x":1508428800000,"y":335,"sc":"611"},{"x":1508688000000,"y":342,"sc":"606"},{"x":1508774400000,"y":331,"sc":"606"},{"x":1508860800000,"y":338,"sc":"607"},{"x":1508947200000,"y":348,"sc":"607"},{"x":1509033600000,"y":347,"sc":"607"},{"x":1509292800000,"y":343,"sc":"609"},{"x":1509379200000,"y":341,"sc":"610"},{"x":1509465600000,"y":345,"sc":"610"},{"x":1509552000000,"y":347,"sc":"613"},{"x":1509638400000,"y":346,"sc":"617"},{"x":1509897600000,"y":352,"sc":"621"},{"x":1509984000000,"y":358,"sc":"621"},{"x":1510070400000,"y":363,"sc":"621"},{"x":1510156800000,"y":362,"sc":"623"},{"x":1510243200000,"y":370,"sc":"623"},{"x":1510502400000,"y":368,"sc":"633"},{"x":1510588800000,"y":369,"sc":"635"},{"x":1510675200000,"y":374,"sc":"635"},{"x":1510761600000,"y":373,"sc":"635"},{"x":1510848000000,"y":373,"sc":"636"},{"x":1511107200000,"y":378,"sc":"636"},{"x":1511193600000,"y":375,"sc":"636"},{"x":1511280000000,"y":375,"sc":"636"},{"x":1511366400000,"y":374,"sc":"636"},{"x":1511452800000,"y":375,"sc":"637"},{"x":1511712000000,"y":371,"sc":"640"},{"x":1511798400000,"y":373,"sc":"640"},{"x":1511884800000,"y":373,"sc":"640"},{"x":1511971200000,"y":375,"sc":"641"},{"x":1512057600000,"y":371,"sc":"643"},{"x":1512316800000,"y":376,"sc":"643"},{"x":1512403200000,"y":378,"sc":"643"},{"x":1512489600000,"y":381,"sc":"643"},{"x":1512576000000,"y":381,"sc":"644"},{"x":1512662400000,"y":381,"sc":"652"},{"x":1512921600000,"y":390,"sc":"652"},{"x":1513008000000,"y":394,"sc":"653"},{"x":1513094400000,"y":394,"sc":"653"},{"x":1513180800000,"y":397,"sc":"654"},{"x":1513267200000,"y":397,"sc":"656"},{"x":1513526400000,"y":394,"sc":"656"},{"x":1513612800000,"y":392,"sc":"656"},{"x":1513699200000,"y":393,"sc":"656"},{"x":1513785600000,"y":390,"sc":"655"},{"x":1513872000000,"y":384,"sc":"655"},{"x":1514131200000,"y":376,"sc":"655"},{"x":1514217600000,"y":372,"sc":"655"},{"x":1514304000000,"y":375,"sc":"654"},{"x":1514390400000,"y":374,"sc":"655"},{"x":1514476800000,"y":373,"sc":"655"},{"x":1514822400000,"y":457,"sc":"655"},{"x":1514908800000,"y":479,"sc":"655"},{"x":1514995200000,"y":498,"sc":"655"},{"x":1515081600000,"y":513,"sc":"655"},{"x":1515340800000,"y":375,"sc":"655"},{"x":1515427200000,"y":374,"sc":"655"},{"x":1515513600000,"y":372,"sc":"656"},{"x":1515600000000,"y":372,"sc":"657"},{"x":1515686400000,"y":368,"sc":"657"},{"x":1515945600000,"y":362,"sc":"657"},{"x":1516032000000,"y":362,"sc":"657"},{"x":1516118400000,"y":363,"sc":"657"},{"x":1516204800000,"y":363,"sc":"657"},{"x":1516291200000,"y":362,"sc":"657"},{"x":1516550400000,"y":368,"sc":"657"},{"x":1516636800000,"y":371,"sc":"657"},{"x":1516723200000,"y":382,"sc":"657"},{"x":1516809600000,"y":386,"sc":"657"},{"x":1516896000000,"y":391,"sc":"655"},{"x":1517155200000,"y":403,"sc":"656"},{"x":1517241600000,"y":405,"sc":"656"},{"x":1517328000000,"y":408,"sc":"656"},{"x":1517414400000,"y":414,"sc":"656"},{"x":1517500800000,"y":417,"sc":"656"},{"x":1517760000000,"y":420,"sc":"656"},{"x":1517846400000,"y":424,"sc":"656"}];
/*百分比排名*/
var Data_rateInSimilarPersent = [[1477584000000,16.4000],[1477843200000,15.8800],[1477929600000,16.5500],[1478016000000,16.5500],[1478102400000,17.2300],[1478188800000,17.4100],[1478448000000,18.6700],[1478534400000,19.5600],[1478620800000,20.00],[1478707200000,20.00],[1478793600000,20.00],[1479052800000,22.2200],[1479139200000,23.5600],[1479225600000,24.2200],[1479312000000,24.8900],[1479398400000,25.3300],[1479657600000,26.8300],[1479744000000,27.9400],[1479830400000,28.3800],[1479916800000,29.7100],[1480003200000,30.3800],[1480262400000,30.3800],[1480348800000,32.3000],[1480435200000,32.9600],[1480521600000,32.9600],[1480608000000,33.8500],[1480867200000,36.2600],[1480953600000,36.9200],[1481040000000,38.0200],[1481126400000,38.0200],[1481212800000,40.1300],[1481472000000,42.2300],[1481558400000,42.5800],[1481644800000,42.7900],[1481731200000,43.6700],[1481817600000,45.6300],[1482076800000,46.5100],[1482163200000,46.2900],[1482249600000,43.6700],[1482336000000,44.4400],[1482422400000,44.9200],[1482681600000,45.2600],[1482768000000,46.1200],[1482854400000,47.2100],[1482940800000,47.8500],[1483027200000,48.6100],[1483372800000,52.6700],[1483459200000,52.5600],[1483545600000,53.7300],[1483632000000,56.0800],[1483891200000,51.8100],[1483977600000,52.4500],[1484064000000,49.4700],[1484150400000,49.0400],[1484236800000,49.2500],[1484496000000,48.9400],[1484582400000,48.7300],[1484668800000,47.4800],[1484755200000,47.6900],[1484841600000,47.6900],[1485100800000,49.0600],[1485187200000,49.7900],[1485273600000,49.7900],[1485360000000,51.9600],[1486051200000,50.3100],[1486310400000,48.8800],[1486396800000,48.6800],[1486483200000,48.8800],[1486569600000,49.4900],[1486656000000,50.2000],[1486915200000,49.8000],[1487001600000,48.3900],[1487088000000,48.5900],[1487174400000,48.3900],[1487260800000,48.1900],[1487520000000,47.9800],[1487606400000,47.1800],[1487692800000,47.7800],[1487779200000,47.1900],[1487865600000,46.00],[1488124800000,44.9300],[1488211200000,46.1200],[1488297600000,45.9200],[1488384000000,45.2100],[1488470400000,41.4900],[1488729600000,43.0800],[1488816000000,42.5200],[1488902400000,42.0500],[1488988800000,41.7000],[1489075200000,40.1500],[1489334400000,40.3500],[1489420800000,39.9600],[1489507200000,39.7700],[1489593600000,39.6200],[1489680000000,37.8800],[1489939200000,38.8900],[1490025600000,38.7000],[1490112000000,38.3600],[1490198400000,37.7400],[1490284800000,36.9800],[1490544000000,37.8300],[1490630400000,37.5700],[1490716800000,37.2000],[1490803200000,36.6200],[1490889600000,36.4300],[1491321600000,34.9400],[1491408000000,34.6300],[1491494400000,33.3300],[1491753600000,33.7000],[1491840000000,33.1500],[1491926400000,33.7000],[1492012800000,33.6400],[1492099200000,31.0500],[1492358400000,33.7000],[1492444800000,33.5200],[1492531200000,33.5200],[1492617600000,33.7600],[1492704000000,32.6600],[1492963200000,35.9600],[1493049600000,36.3800],[1493136000000,34.9700],[1493222400000,33.3300],[1493308800000,31.1500],[1493654400000,36.7900],[1493740800000,37.0900],[1493827200000,34.7300],[1493913600000,37.0900],[1494172800000,37.2700],[1494259200000,37.8200],[1494345600000,38.1800],[1494432000000,35.6400],[1494518400000,37.8200],[1494777600000,37.7300],[1494864000000,37.7700],[1494950400000,37.1400],[1495036800000,35.00],[1495123200000,37.8600],[1495382400000,38.3900],[1495468800000,38.7900],[1495555200000,39.3600],[1495641600000,35.6400],[1495728000000,39.0100],[1496160000000,40.6000],[1496246400000,40.7800],[1496332800000,40.9600],[1496592000000,41.3400],[1496678400000,41.5200],[1496764800000,41.8700],[1496851200000,42.2300],[1496937600000,41.5200],[1497196800000,40.7700],[1497283200000,41.1100],[1497369600000,41.3900],[1497456000000,41.3900],[1497542400000,41.2200],[1497801600000,41.4200],[1497888000000,40.9000],[1497974400000,41.0400],[1498060800000,41.3900],[1498147200000,40.9700],[1498406400000,39.3800],[1498492800000,39.5500],[1498579200000,40.4100],[1498665600000,40.4100],[1498752000000,41.2400],[1499011200000,31.1000],[1499097600000,42.7800],[1499184000000,43.2200],[1499270400000,43.4000],[1499356800000,43.7400],[1499616000000,44.2500],[1499702400000,44.2500],[1499788800000,43.9100],[1499875200000,43.5700],[1499961600000,43.5200],[1500220800000,43.5200],[1500307200000,43.00],[1500393600000,42.7800],[1500480000000,42.9500],[1500566400000,42.8300],[1500825600000,42.6600],[1500912000000,42.5000],[1500998400000,43.2700],[1501084800000,43.1000],[1501171200000,43.2700],[1501430400000,37.3700],[1501516800000,43.7700],[1501603200000,43.6000],[1501689600000,43.4300],[1501776000000,43.7700],[1502035200000,43.7900],[1502121600000,44.1300],[1502208000000,43.1200],[1502294400000,43.1200],[1502380800000,43.1200],[1502640000000,43.1200],[1502726400000,44.4600],[1502812800000,44.1300],[1502899200000,44.8000],[1502985600000,44.9700],[1503244800000,44.2200],[1503331200000,44.2200],[1503417600000,44.5600],[1503504000000,44.1300],[1503590400000,44.1300],[1503849600000,35.6700],[1503936000000,32.6700],[1504022400000,43.1700],[1504108800000,43.4300],[1504195200000,43.0900],[1504454400000,43.0900],[1504540800000,42.9300],[1504627200000,43.7600],[1504713600000,43.4300],[1504800000000,43.5900],[1505059200000,44.1100],[1505145600000,44.1100],[1505232000000,44.2800],[1505318400000,44.4600],[1505404800000,43.8000],[1505664000000,44.7200],[1505750400000,45.0500],[1505836800000,45.4400],[1505923200000,45.4400],[1506009600000,45.7700],[1506268800000,46.9300],[1506355200000,47.1000],[1506441600000,48.3400],[1506528000000,47.5200],[1506614400000,48.3500],[1507478400000,48.1800],[1507564800000,47.7800],[1507651200000,46.9500],[1507737600000,46.6400],[1507824000000,46.3200],[1508083200000,45.7500],[1508169600000,45.7500],[1508256000000,45.6600],[1508342400000,45.6600],[1508428800000,45.1700],[1508688000000,43.5600],[1508774400000,45.3800],[1508860800000,44.3200],[1508947200000,42.6700],[1509033600000,42.8300],[1509292800000,43.6800],[1509379200000,44.1000],[1509465600000,43.4400],[1509552000000,43.3900],[1509638400000,43.9200],[1509897600000,43.3200],[1509984000000,42.3500],[1510070400000,41.5500],[1510156800000,41.8900],[1510243200000,40.6100],[1510502400000,41.8600],[1510588800000,41.8900],[1510675200000,41.1000],[1510761600000,41.2600],[1510848000000,41.3500],[1511107200000,40.5700],[1511193600000,41.0400],[1511280000000,41.0400],[1511366400000,41.1900],[1511452800000,41.1300],[1511712000000,42.0300],[1511798400000,41.7200],[1511884800000,41.7200],[1511971200000,41.5000],[1512057600000,42.3000],[1512316800000,41.5200],[1512403200000,41.2100],[1512489600000,40.7500],[1512576000000,40.8400],[1512662400000,41.5600],[1512921600000,40.1800],[1513008000000,39.6600],[1513094400000,39.6600],[1513180800000,39.3000],[1513267200000,39.4800],[1513526400000,39.9400],[1513612800000,40.2400],[1513699200000,40.0900],[1513785600000,40.4600],[1513872000000,41.3700],[1514131200000,42.6000],[1514217600000,43.2100],[1514304000000,42.6600],[1514390400000,42.9000],[1514476800000,43.0500],[1514822400000,30.2300],[1514908800000,26.8700],[1514995200000,23.9700],[1515081600000,21.6800],[1515340800000,42.7500],[1515427200000,42.9000],[1515513600000,43.2900],[1515600000000,43.3800],[1515686400000,43.9900],[1515945600000,44.9000],[1516032000000,44.9000],[1516118400000,44.7500],[1516204800000,44.7500],[1516291200000,44.9000],[1516550400000,43.9900],[1516636800000,43.5300],[1516723200000,41.8600],[1516809600000,41.2500],[1516896000000,40.3100],[1517155200000,38.5700],[1517241600000,38.2600],[1517328000000,37.8000],[1517414400000,36.8900],[1517500800000,36.4300],[1517760000000,35.9800],[1517846400000,35.3700]];
/*规模变动*/
var Data_fluctuationScale = {"categories":["2016-12-31","2017-03-31","2017-06-30","2017-09-30","2017-12-31"],"series":[{"y":11.48,"mom":"812.25%"},{"y":22.34,"mom":"94.65%"},{"y":35.84,"mom":"60.46%"},{"y":69.85,"mom":"94.89%"},{"y":109.50,"mom":"56.75%"}]};;
/*持有人结构*/
var Data_holderStructure = {"series":[{"name":"机构持有比例","data":[0,0.11]},{"name":"个人持有比例","data":[100.0,99.89]},{"name":"内部持有比例","data":[0.36,0.21]}],"categories":["2016-12-31","2017-06-30"]};
/*申购赎回*/
var Data_assetAllocation ={"series":[{"name":"期间申购","data":[49.82,75.03,133.54,208.51]},{"name":"期间赎回","data":[38.96,61.53,99.53,168.87]},{"name":"总份额","data":[22.34,35.84,69.85,109.50]}],"categories":["2017-03-31","2017-06-30","2017-09-30","2017-12-31"]};
/*现任基金经理*/
var Data_currentFundManager = [{"id":"30131854","pic":"https://pdf.dfcfw.com/pdf/H8_JPG30131854_1.jpg","name":"连端清","star":4,"workTime":"2年又188天","fundSize":"840.71亿(30只基金)","power":{"avr":"65.42","categories":["经验值","收益率","影响力","稳定性","管理规模"],"dsc":["反映基金经理从业年限和管理基金的经验","根据基金经理投资的阶段收益评分，反映\u003cbr\u003e基金经理投资的盈利能力","根据基金经理所管理基金的机构和个人投\u003cbr\u003e资者持有比例评分","反映基金经理投资收益的波动","根据基金经理现任管理基金资产规模评分"],"data":[53.40,75.80,65.20,50.0,77.30],"jzrq":"2018-02-06"},"profit":{"categories":["任期收益","同类平均"],"series":[{"data":[{"name":null,"color":"#7cb5ec","y":5.3227},{"name":null,"color":"#414c7b","y":5.4}]}],"jzrq":"2018-02-06"}},{"id":"30350050","pic":"https://pdf.dfcfw.com/pdf/H8_JPG30350050_1.jpg","name":"黄莹洁","star":4,"workTime":"2年又257天","fundSize":"797.60亿(22只基金)","power":{"avr":"63.03","categories":["经验值","收益率","影响力","稳定性","管理规模"],"dsc":["反映基金经理从业年限和管理基金的经验","根据基金经理投资的阶段收益评分，反映\u003cbr\u003e基金经理投资的盈利能力","根据基金经理所管理基金的机构和个人投\u003cbr\u003e资者持有比例评分","反映基金经理投资收益的波动","根据基金经理现任管理基金资产规模评分"],"data":[57.90,71.60,96.20,41.90,78.0],"jzrq":"2018-02-06"},"profit":{"categories":["任期收益","同类平均"],"series":[{"data":[{"name":null,"color":"#7cb5ec","y":5.3227},{"name":null,"color":"#414c7b","y":5.4}]}],"jzrq":"2018-02-06"}}] ;
/*同类型基金涨幅榜（页面底部通栏）*/
var swithSameType = [['002895_华夏天利货币B_5.8750','002894_华夏天利货币A_5.6210','004398_融通现金宝货币B_5.3370','000902_国开货币B_5.3360','001478_泰康薪意保货币B_5.1400'],['002895_华夏天利货币B_5.26','004973_长城收益宝货币B_5.08','004904_人保货币B_5.05','002884_华润元大现金通货币B_5.01','002894_华夏天利货币A_5.01'],['004973_长城收益宝货币B_5.05','004770_海富通添益货币A_4.99','002884_华润元大现金通货币B_4.99','005151_红土创新优淳货币B_4.90','002895_华夏天利货币B_4.89'],['004770_海富通添益货币A_5.39','004973_长城收益宝货币B_5.13','002884_华润元大现金通货币B_5.03','002895_华夏天利货币B_5.03','004398_融通现金宝货币B_5.01'],['003679_中融现金增利货币C_4.67','003474_南方天天利货币B_4.55','000836_国投瑞银钱多宝货币A_4.52','000837_国投瑞银钱多宝货币I_4.52','003753_工银如意货币B_4.51']];