/**
 * 测试数据
 * @type {arry}
 */
/*2018-02-07 19:41:22*/
//基金或股票信息
var fS_name = "建信现金添益货币H";
var fS_code = "511660";
var fund_minsg="";
var ishb=true;
/*原费率*/
var fund_sourceRate="0";
/*现费率*/
var fund_Rate="0";
/*最小申购金额*/
var fund_minsg="";
/*收益率*/
/*近一年收益率*/
var syl_1n="4.0045";
/*近6月收益率*/
var syl_6y="2.0694";
/*近三月收益率*/
var syl_3y="1.0504";
/*近一月收益率*/
var syl_1y="0.3559";
/* 基金收益走势图 每万份收益*/
var Data_millionCopiesIncome = [[1472745600000,1.107],[1472832000000,0.5908],[1472918400000,0.5907],[1473004800000,0.4835],[1473091200000,0.5084],[1473177600000,0.5084],[1473264000000,0.5251],[1473350400000,0.5251],[1473436800000,0.5033],[1473523200000,0.5033],[1473609600000,0.5035],[1473696000000,0.5202],[1473782400000,0.5343],[1473868800000,0.5343],[1473955200000,0.5342],[1474041600000,0.5342],[1474128000000,0.5342],[1474214400000,0.5308],[1474300800000,0.5467],[1474387200000,0.5837],[1474473600000,0.522],[1474560000000,0.5878],[1474646400000,0.5174],[1474732800000,0.5174],[1474819200000,0.5557],[1474905600000,0.6318],[1474992000000,0.6894],[1475078400000,0.6638],[1475164800000,0.6339],[1475251200000,0.6238],[1475337600000,0.6237],[1475424000000,0.6237],[1475510400000,0.6236],[1475596800000,0.6236],[1475683200000,0.6235],[1475769600000,0.6235],[1475856000000,0.6234],[1475942400000,0.6234],[1476028800000,0.6269],[1476115200000,0.6209],[1476201600000,0.6442],[1476288000000,0.6448],[1476374400000,0.6308],[1476460800000,0.6193],[1476547200000,0.6193],[1476633600000,0.6919],[1476720000000,0.6407],[1476806400000,0.6329],[1476892800000,0.6259],[1476979200000,0.6377],[1477065600000,0.6413],[1477152000000,0.6413],[1477238400000,0.637],[1477324800000,0.6685],[1477411200000,0.6315],[1477497600000,0.6156],[1477584000000,0.6304],[1477670400000,0.6305],[1477756800000,0.6305],[1477843200000,0.631],[1477929600000,0.6202],[1478016000000,0.6235],[1478102400000,0.6402],[1478188800000,0.6284],[1478275200000,0.6264],[1478361600000,0.6264],[1478448000000,0.6323],[1478534400000,0.6327],[1478620800000,0.6288],[1478707200000,0.6274],[1478793600000,0.6311],[1478880000000,0.6317],[1478966400000,0.6317],[1479052800000,0.6257],[1479139200000,0.6288],[1479225600000,0.6728],[1479312000000,0.6803],[1479398400000,0.695],[1479484800000,0.6949],[1479571200000,0.6948],[1479657600000,0.6913],[1479744000000,0.7062],[1479830400000,0.692],[1479916800000,0.716],[1480003200000,0.7262],[1480089600000,0.7113],[1480176000000,0.7112],[1480262400000,0.7292],[1480348800000,0.7058],[1480435200000,0.705],[1480521600000,0.7487],[1480608000000,0.7657],[1480694400000,0.7604],[1480780800000,0.7604],[1480867200000,0.7806],[1480953600000,0.7935],[1481040000000,0.7747],[1481126400000,0.8469],[1481212800000,0.8581],[1481299200000,0.8467],[1481385600000,0.8466],[1481472000000,0.8804],[1481558400000,0.9033],[1481644800000,0.924],[1481731200000,0.9236],[1481817600000,0.9043],[1481904000000,0.9055],[1481990400000,0.9054],[1482076800000,0.8592],[1482163200000,0.7965],[1482249600000,0.8605],[1482336000000,0.8861],[1482422400000,0.8878],[1482508800000,0.8773],[1482595200000,0.8772],[1482681600000,0.8379],[1482768000000,0.8057],[1482854400000,1.134],[1482940800000,0.8328],[1483027200000,1.035],[1483113600000,1.0165],[1483200000000,1.017],[1483286400000,1.0169],[1483372800000,0.58],[1483459200000,1.0228],[1483545600000,1.0647],[1483632000000,1.0295],[1483718400000,1.0441],[1483804800000,1.044],[1483891200000,1.0849],[1483977600000,1.0327],[1484064000000,0.9619],[1484150400000,0.8623],[1484236800000,0.7753],[1484323200000,0.7934],[1484409600000,0.7933],[1484496000000,0.7058],[1484582400000,0.7743],[1484668800000,0.7728],[1484755200000,0.812],[1484841600000,0.9556],[1484928000000,0.9132],[1485014400000,0.9131],[1485100800000,0.8965],[1485187200000,0.8896],[1485273600000,0.9238],[1485360000000,0.892],[1485446400000,0.8728],[1485532800000,0.8728],[1485619200000,0.8727],[1485705600000,0.8726],[1485792000000,0.8726],[1485878400000,0.8725],[1485964800000,0.8724],[1486051200000,0.9342],[1486137600000,0.9334],[1486224000000,0.9334],[1486310400000,0.9653],[1486396800000,0.9454],[1486483200000,0.9362],[1486569600000,0.8933],[1486656000000,0.9103],[1486742400000,0.897],[1486828800000,0.8969],[1486915200000,0.8922],[1487001600000,0.8875],[1487088000000,0.8959],[1487174400000,0.9144],[1487260800000,0.9337],[1487347200000,0.9357],[1487433600000,0.9356],[1487520000000,0.8982],[1487606400000,0.9417],[1487692800000,0.9451],[1487779200000,0.9675],[1487865600000,0.9833],[1487952000000,0.9825],[1488038400000,0.9824],[1488124800000,0.9748],[1488211200000,0.9842],[1488297600000,1.0368],[1488384000000,1.0242],[1488470400000,0.9922],[1488556800000,0.9816],[1488643200000,0.9816],[1488729600000,0.9765],[1488816000000,0.969],[1488902400000,0.9466],[1488988800000,0.9779],[1489075200000,0.9642],[1489161600000,0.9605],[1489248000000,0.9605],[1489334400000,0.9652],[1489420800000,0.9543],[1489507200000,0.9586],[1489593600000,0.9744],[1489680000000,1.0046],[1489766400000,1.0112],[1489852800000,1.0111],[1489939200000,1.0057],[1490025600000,0.9411],[1490112000000,0.9173],[1490198400000,1.1283],[1490284800000,1.0392],[1490371200000,1.0356],[1490457600000,1.034],[1490544000000,1.0265],[1490630400000,1.0267],[1490716800000,1.0177],[1490803200000,0.9863],[1490889600000,0.9648],[1490976000000,1.0223],[1491062400000,1.0222],[1491148800000,1.0222],[1491235200000,1.0221],[1491321600000,1.0678],[1491408000000,1.0456],[1491494400000,1.0634],[1491580800000,1.0422],[1491667200000,1.0422],[1491753600000,1.053],[1491840000000,1.1502],[1491926400000,1.0596],[1492012800000,1.0437],[1492099200000,1.0366],[1492185600000,1.0312],[1492272000000,1.0311],[1492358400000,1.013],[1492444800000,1.0283],[1492531200000,1.0241],[1492617600000,1.0901],[1492704000000,1.0337],[1492790400000,1.0257],[1492876800000,1.0256],[1492963200000,1.0302],[1493049600000,1.021],[1493136000000,1.0385],[1493222400000,1.0323],[1493308800000,1.0358],[1493395200000,1.0357],[1493481600000,1.0356],[1493568000000,1.0355],[1493654400000,1.1545],[1493740800000,1.0414],[1493827200000,1.0238],[1493913600000,1.0373],[1494000000000,1.0388],[1494086400000,1.0387],[1494172800000,1.0359],[1494259200000,1.0484],[1494345600000,1.0387],[1494432000000,1.0478],[1494518400000,1.0365],[1494604800000,1.0374],[1494691200000,1.0373],[1494777600000,1.0415],[1494864000000,1.0429],[1494950400000,1.0375],[1495036800000,1.0448],[1495123200000,1.0373],[1495209600000,1.0347],[1495296000000,1.0346],[1495382400000,1.0306],[1495468800000,1.0657],[1495555200000,1.065],[1495641600000,1.0772],[1495728000000,1.0478],[1495814400000,1.0432],[1495900800000,1.0431],[1495987200000,1.043],[1496073600000,1.0429],[1496160000000,1.0733],[1496246400000,1.0913],[1496332800000,1.1044],[1496419200000,1.0825],[1496505600000,1.0823],[1496592000000,1.085],[1496678400000,1.0867],[1496764800000,1.0797],[1496851200000,1.0891],[1496937600000,1.0867],[1497024000000,1.0831],[1497110400000,1.0829],[1497196800000,1.0901],[1497283200000,1.0915],[1497369600000,1.0959],[1497456000000,1.0909],[1497542400000,1.1028],[1497628800000,1.1005],[1497801600000,1.0934],[1497888000000,1.0839],[1497974400000,1.1593],[1498060800000,1.1897],[1498147200000,1.103],[1498233600000,1.1015],[1498320000000,1.0778],[1498406400000,1.1025],[1498492800000,1.1028],[1498579200000,1.1001],[1498665600000,1.1091],[1498752000000,1.1065],[1498838400000,1.1004],[1498924800000,1.1003],[1499011200000,1.1375],[1499097600000,1.0968],[1499184000000,1.1195],[1499270400000,1.158],[1499356800000,1.1319],[1499443200000,1.1284],[1499529600000,1.1283],[1499616000000,1.1423],[1499702400000,1.1369],[1499788800000,1.1242],[1499875200000,1.12],[1499961600000,1.115],[1500048000000,1.1083],[1500134400000,1.1082],[1500220800000,1.1062],[1500307200000,1.0887],[1500393600000,1.1252],[1500480000000,1.0868],[1500566400000,1.0959],[1500652800000,1.0936],[1500739200000,1.0935],[1500825600000,1.088],[1500912000000,1.1046],[1500998400000,1.1073],[1501084800000,1.1066],[1501171200000,1.0998],[1501257600000,1.0985],[1501344000000,1.0984],[1501430400000,1.1002],[1501516800000,1.0982],[1501603200000,1.0848],[1501689600000,1.0875],[1501776000000,1.0883],[1501862400000,1.0844],[1501948800000,1.0843],[1502035200000,1.0841],[1502121600000,1.0759],[1502208000000,1.0748],[1502294400000,1.0739],[1502380800000,1.0791],[1502467200000,1.0776],[1502553600000,1.0775],[1502640000000,1.0748],[1502726400000,1.0706],[1502812800000,1.1234],[1502899200000,1.0647],[1502985600000,1.0625],[1503072000000,1.0666],[1503158400000,1.0665],[1503244800000,1.0692],[1503331200000,1.1392],[1503417600000,1.0721],[1503504000000,1.0732],[1503590400000,1.0756],[1503676800000,1.0734],[1503763200000,1.0733],[1503849600000,1.078],[1503936000000,1.0782],[1504022400000,1.1076],[1504108800000,1.1035],[1504195200000,1.1095],[1504281600000,1.1058],[1504368000000,1.1057],[1504454400000,1.0991],[1504540800000,1.0941],[1504627200000,1.095],[1504713600000,1.1034],[1504800000000,1.1316],[1504886400000,1.1219],[1504972800000,1.1146],[1505059200000,1.1158],[1505145600000,1.1075],[1505232000000,1.0916],[1505318400000,1.0889],[1505404800000,1.0918],[1505491200000,1.0612],[1505577600000,1.0611],[1505664000000,1.0192],[1505750400000,1.0743],[1505836800000,1.1016],[1505923200000,1.1412],[1506009600000,1.0904],[1506096000000,1.0913],[1506182400000,1.0869],[1506268800000,1.1083],[1506355200000,1.0919],[1506441600000,1.1694],[1506528000000,1.1078],[1506614400000,1.0941],[1506700800000,1.0936],[1506787200000,1.0935],[1506873600000,1.0934],[1506960000000,1.0934],[1507046400000,1.0933],[1507132800000,1.0482],[1507219200000,1.0482],[1507305600000,1.0481],[1507392000000,1.048],[1507478400000,1.0908],[1507564800000,1.1041],[1507651200000,1.1275],[1507737600000,1.0971],[1507824000000,1.1065],[1507910400000,1.1036],[1507996800000,1.1048],[1508083200000,1.1203],[1508169600000,1.1043],[1508256000000,1.0938],[1508342400000,1.0899],[1508428800000,1.0838],[1508515200000,1.0814],[1508601600000,1.0813],[1508688000000,1.0934],[1508774400000,1.0955],[1508860800000,1.0927],[1508947200000,1.1013],[1509033600000,1.0851],[1509120000000,1.0829],[1509206400000,1.0828],[1509292800000,1.0817],[1509379200000,1.0929],[1509465600000,1.1064],[1509552000000,1.093],[1509638400000,1.0939],[1509724800000,1.0923],[1509811200000,1.0922],[1509897600000,1.1117],[1509984000000,1.071],[1510070400000,1.0888],[1510156800000,1.0765],[1510243200000,1.0808],[1510329600000,1.0818],[1510416000000,1.0817],[1510502400000,1.0898],[1510588800000,1.0701],[1510675200000,1.0919],[1510761600000,1.085],[1510848000000,1.0892],[1510934400000,1.0861],[1511020800000,1.086],[1511107200000,1.091],[1511193600000,1.1237],[1511280000000,1.0719],[1511366400000,1.0771],[1511452800000,1.0985],[1511539200000,1.1008],[1511625600000,1.1008],[1511712000000,1.0849],[1511798400000,1.0816],[1511884800000,1.0934],[1511971200000,1.0896],[1512057600000,1.1006],[1512144000000,1.0995],[1512230400000,1.0994],[1512316800000,1.1111],[1512403200000,1.099],[1512489600000,1.0957],[1512576000000,1.105],[1512662400000,1.1027],[1512748800000,1.099],[1512835200000,1.0989],[1512921600000,1.0983],[1513008000000,1.1047],[1513094400000,1.1211],[1513180800000,1.1232],[1513267200000,1.1414],[1513353600000,1.1414],[1513440000000,1.1413],[1513526400000,1.133],[1513612800000,1.1991],[1513699200000,1.204],[1513785600000,1.2363],[1513872000000,1.1941],[1513958400000,1.1886],[1514044800000,1.1885],[1514131200000,1.1816],[1514217600000,1.1858],[1514304000000,1.189],[1514390400000,1.1933],[1514476800000,1.2359],[1514563200000,1.2335],[1514649600000,1.2333],[1514736000000,1.2332],[1514822400000,1.2341],[1514908800000,1.2377],[1514995200000,1.2603],[1515081600000,1.1228],[1515168000000,1.113],[1515254400000,1.1015],[1515340800000,1.1506],[1515427200000,1.1452],[1515513600000,1.136],[1515600000000,1.1421],[1515686400000,1.1353],[1515772800000,1.1198],[1515859200000,1.1183],[1515945600000,1.132],[1516032000000,1.1328],[1516118400000,1.1435],[1516204800000,1.1456],[1516291200000,1.1441],[1516377600000,1.1434],[1516464000000,1.1433],[1516550400000,1.1674],[1516636800000,1.1735],[1516723200000,1.1681],[1516809600000,1.167],[1516896000000,1.154],[1516982400000,1.1536],[1517068800000,1.1535],[1517155200000,1.1502],[1517241600000,1.1519],[1517328000000,1.1657],[1517414400000,1.1754],[1517500800000,1.1535],[1517587200000,1.1526],[1517673600000,1.1525],[1517760000000,1.1332],[1517846400000,1.1231]];
/*基金收益走势图   7日年化收益率*/
var Data_sevenDaysYearIncome = [[1472745600000,4.123],[1472832000000,3.147],[1472918400000,2.823],[1473004800000,2.562],[1473091200000,2.424],[1473177600000,2.332],[1473264000000,2.275],[1473350400000,1.965],[1473436800000,1.918],[1473523200000,1.872],[1473609600000,1.883],[1473696000000,1.889],[1473782400000,1.903],[1473868800000,1.908],[1473955200000,1.912],[1474041600000,1.929],[1474128000000,1.945],[1474214400000,1.96],[1474300800000,1.974],[1474387200000,2.0],[1474473600000,1.994],[1474560000000,2.022],[1474646400000,2.013],[1474732800000,2.004],[1474819200000,2.017],[1474905600000,2.063],[1474992000000,2.119],[1475078400000,2.195],[1475164800000,2.219],[1475251200000,2.276],[1475337600000,2.333],[1475424000000,2.369],[1475510400000,2.364],[1475596800000,2.329],[1475683200000,2.308],[1475769600000,2.302],[1475856000000,2.302],[1475942400000,2.302],[1476028800000,2.304],[1476115200000,2.302],[1476201600000,2.313],[1476288000000,2.325],[1476374400000,2.328],[1476460800000,2.326],[1476547200000,2.324],[1476633600000,2.359],[1476720000000,2.369],[1476806400000,2.363],[1476892800000,2.353],[1476979200000,2.357],[1477065600000,2.369],[1477152000000,2.38],[1477238400000,2.351],[1477324800000,2.366],[1477411200000,2.365],[1477497600000,2.36],[1477584000000,2.356],[1477670400000,2.35],[1477756800000,2.344],[1477843200000,2.341],[1477929600000,2.315],[1478016000000,2.311],[1478102400000,2.324],[1478188800000,2.323],[1478275200000,2.321],[1478361600000,2.319],[1478448000000,2.319],[1478534400000,2.326],[1478620800000,2.329],[1478707200000,2.322],[1478793600000,2.323],[1478880000000,2.326],[1478966400000,2.329],[1479052800000,2.326],[1479139200000,2.324],[1479225600000,2.347],[1479312000000,2.375],[1479398400000,2.409],[1479484800000,2.443],[1479571200000,2.477],[1479657600000,2.512],[1479744000000,2.553],[1479830400000,2.563],[1479916800000,2.583],[1480003200000,2.599],[1480089600000,2.608],[1480176000000,2.617],[1480262400000,2.637],[1480348800000,2.637],[1480435200000,2.644],[1480521600000,2.661],[1480608000000,2.682],[1480694400000,2.709],[1480780800000,2.735],[1480867200000,2.763],[1480953600000,2.81],[1481040000000,2.847],[1481126400000,2.9],[1481212800000,2.949],[1481299200000,2.996],[1481385600000,3.042],[1481472000000,3.096],[1481558400000,3.155],[1481644800000,3.235],[1481731200000,3.276],[1481817600000,3.301],[1481904000000,3.333],[1481990400000,3.364],[1482076800000,3.353],[1482163200000,3.295],[1482249600000,3.261],[1482336000000,3.241],[1482422400000,3.232],[1482508800000,3.217],[1482595200000,3.202],[1482681600000,3.19],[1482768000000,3.195],[1482854400000,3.343],[1482940800000,3.314],[1483027200000,3.393],[1483113600000,3.468],[1483200000000,3.544],[1483286400000,3.64],[1483372800000,3.519],[1483459200000,3.459],[1483545600000,3.584],[1483632000000,3.581],[1483718400000,3.596],[1483804800000,3.61],[1483891200000,3.647],[1483977600000,3.892],[1484064000000,3.859],[1484150400000,3.749],[1484236800000,3.612],[1484323200000,3.477],[1484409600000,3.341],[1484496000000,3.137],[1484582400000,2.999],[1484668800000,2.897],[1484755200000,2.87],[1484841600000,2.967],[1484928000000,3.031],[1485014400000,3.096],[1485100800000,3.198],[1485187200000,3.26],[1485273600000,3.341],[1485360000000,3.385],[1485446400000,3.34],[1485532800000,3.318],[1485619200000,3.296],[1485705600000,3.284],[1485792000000,3.274],[1485878400000,3.247],[1485964800000,3.236],[1486051200000,3.269],[1486137600000,3.302],[1486224000000,3.335],[1486310400000,3.385],[1486396800000,3.424],[1486483200000,3.458],[1486569600000,3.469],[1486656000000,3.457],[1486742400000,3.437],[1486828800000,3.417],[1486915200000,3.378],[1487001600000,3.347],[1487088000000,3.325],[1487174400000,3.336],[1487260800000,3.349],[1487347200000,3.37],[1487433600000,3.391],[1487520000000,3.394],[1487606400000,3.423],[1487692800000,3.45],[1487779200000,3.478],[1487865600000,3.505],[1487952000000,3.53],[1488038400000,3.556],[1488124800000,3.597],[1488211200000,3.62],[1488297600000,3.669],[1488384000000,3.7],[1488470400000,3.705],[1488556800000,3.704],[1488643200000,3.704],[1488729600000,3.705],[1488816000000,3.697],[1488902400000,3.648],[1488988800000,3.623],[1489075200000,3.608],[1489161600000,3.596],[1489248000000,3.585],[1489334400000,3.579],[1489420800000,3.571],[1489507200000,3.577],[1489593600000,3.575],[1489680000000,3.597],[1489766400000,3.625],[1489852800000,3.652],[1489939200000,3.674],[1490025600000,3.667],[1490112000000,3.644],[1490198400000,3.728],[1490284800000,3.746],[1490371200000,3.76],[1490457600000,3.772],[1490544000000,3.783],[1490630400000,3.83],[1490716800000,3.884],[1490803200000,3.807],[1490889600000,3.767],[1490976000000,3.76],[1491062400000,3.753],[1491148800000,3.751],[1491235200000,3.748],[1491321600000,3.775],[1491408000000,3.808],[1491494400000,3.861],[1491580800000,3.872],[1491667200000,3.883],[1491753600000,3.899],[1491840000000,3.969],[1491926400000,3.964],[1492012800000,3.963],[1492099200000,3.949],[1492185600000,3.943],[1492272000000,3.937],[1492358400000,3.915],[1492444800000,3.849],[1492531200000,3.83],[1492617600000,3.855],[1492704000000,3.853],[1492790400000,3.85],[1492876800000,3.847],[1492963200000,3.857],[1493049600000,3.853],[1493136000000,3.861],[1493222400000,3.829],[1493308800000,3.83],[1493395200000,3.836],[1493481600000,3.841],[1493568000000,3.844],[1493654400000,3.916],[1493740800000,3.918],[1493827200000,3.913],[1493913600000,3.914],[1494000000000,3.916],[1494086400000,3.918],[1494172800000,3.918],[1494259200000,3.86],[1494345600000,3.859],[1494432000000,3.872],[1494518400000,3.871],[1494604800000,3.871],[1494691200000,3.87],[1494777600000,3.873],[1494864000000,3.87],[1494950400000,3.869],[1495036800000,3.868],[1495123200000,3.868],[1495209600000,3.867],[1495296000000,3.865],[1495382400000,3.859],[1495468800000,3.872],[1495555200000,3.886],[1495641600000,3.904],[1495728000000,3.91],[1495814400000,3.914],[1495900800000,3.919],[1495987200000,3.926],[1496073600000,3.913],[1496160000000,3.918],[1496246400000,3.925],[1496332800000,3.956],[1496419200000,3.977],[1496505600000,3.999],[1496592000000,4.021],[1496678400000,4.045],[1496764800000,4.049],[1496851200000,4.047],[1496937600000,4.038],[1497024000000,4.038],[1497110400000,4.039],[1497196800000,4.041],[1497283200000,4.044],[1497369600000,4.053],[1497456000000,4.054],[1497542400000,4.062],[1497628800000,4.072],[1497801600000,4.083],[1497888000000,4.079],[1497974400000,4.113],[1498060800000,4.167],[1498147200000,4.167],[1498233600000,4.168],[1498320000000,4.155],[1498406400000,4.16],[1498492800000,4.171],[1498579200000,4.138],[1498665600000,4.095],[1498752000000,4.097],[1498838400000,4.096],[1498924800000,4.108],[1499011200000,4.127],[1499097600000,4.124],[1499184000000,4.135],[1499270400000,4.161],[1499356800000,4.175],[1499443200000,4.19],[1499529600000,4.205],[1499616000000,4.208],[1499702400000,4.23],[1499788800000,4.232],[1499875200000,4.212],[1499961600000,4.202],[1500048000000,4.191],[1500134400000,4.181],[1500220800000,4.161],[1500307200000,4.135],[1500393600000,4.135],[1500480000000,4.117],[1500566400000,4.107],[1500652800000,4.099],[1500739200000,4.091],[1500825600000,4.081],[1500912000000,4.09],[1500998400000,4.08],[1501084800000,4.091],[1501171200000,4.093],[1501257600000,4.096],[1501344000000,4.098],[1501430400000,4.105],[1501516800000,4.101],[1501603200000,4.089],[1501689600000,4.079],[1501776000000,4.073],[1501862400000,4.065],[1501948800000,4.057],[1502035200000,4.048],[1502121600000,4.036],[1502208000000,4.031],[1502294400000,4.024],[1502380800000,4.019],[1502467200000,4.015],[1502553600000,4.011],[1502640000000,4.006],[1502726400000,4.003],[1502812800000,4.03],[1502899200000,4.025],[1502985600000,4.016],[1503072000000,4.01],[1503158400000,4.004],[1503244800000,4.001],[1503331200000,4.038],[1503417600000,4.01],[1503504000000,4.015],[1503590400000,4.022],[1503676800000,4.025],[1503763200000,4.029],[1503849600000,4.034],[1503936000000,4.001],[1504022400000,4.02],[1504108800000,4.037],[1504195200000,4.055],[1504281600000,4.073],[1504368000000,4.09],[1504454400000,4.102],[1504540800000,4.11],[1504627200000,4.103],[1504713600000,4.103],[1504800000000,4.115],[1504886400000,4.124],[1504972800000,4.129],[1505059200000,4.138],[1505145600000,4.145],[1505232000000,4.143],[1505318400000,4.135],[1505404800000,4.114],[1505491200000,4.081],[1505577600000,4.052],[1505664000000,4.0],[1505750400000,3.982],[1505836800000,3.987],[1505923200000,4.015],[1506009600000,4.015],[1506096000000,4.031],[1506182400000,4.045],[1506268800000,4.093],[1506355200000,4.103],[1506441600000,4.14],[1506528000000,4.121],[1506614400000,4.123],[1506700800000,4.125],[1506787200000,4.128],[1506873600000,4.12],[1506960000000,4.121],[1507046400000,4.08],[1507132800000,4.047],[1507219200000,4.022],[1507305600000,3.998],[1507392000000,3.973],[1507478400000,3.972],[1507564800000,3.978],[1507651200000,3.996],[1507737600000,4.023],[1507824000000,4.054],[1507910400000,4.084],[1507996800000,4.115],[1508083200000,4.131],[1508169600000,4.131],[1508256000000,4.113],[1508342400000,4.109],[1508428800000,4.097],[1508515200000,4.085],[1508601600000,4.072],[1508688000000,4.057],[1508774400000,4.053],[1508860800000,4.052],[1508947200000,4.058],[1509033600000,4.059],[1509120000000,4.06],[1509206400000,4.06],[1509292800000,4.054],[1509379200000,4.053],[1509465600000,4.06],[1509552000000,4.056],[1509638400000,4.06],[1509724800000,4.066],[1509811200000,4.071],[1509897600000,4.087],[1509984000000,4.075],[1510070400000,4.065],[1510156800000,4.057],[1510243200000,4.049],[1510329600000,4.044],[1510416000000,4.038],[1510502400000,4.026],[1510588800000,4.026],[1510675200000,4.027],[1510761600000,4.032],[1510848000000,4.037],[1510934400000,4.039],[1511020800000,4.041],[1511107200000,4.042],[1511193600000,4.071],[1511280000000,4.06],[1511366400000,4.056],[1511452800000,4.061],[1511539200000,4.069],[1511625600000,4.077],[1511712000000,4.074],[1511798400000,4.051],[1511884800000,4.062],[1511971200000,4.069],[1512057600000,4.07],[1512144000000,4.07],[1512230400000,4.069],[1512316800000,4.083],[1512403200000,4.092],[1512489600000,4.094],[1512576000000,4.102],[1512662400000,4.103],[1512748800000,4.103],[1512835200000,4.103],[1512921600000,4.096],[1513008000000,4.099],[1513094400000,4.113],[1513180800000,4.122],[1513267200000,4.143],[1513353600000,4.166],[1513440000000,4.19],[1513526400000,4.208],[1513612800000,4.26],[1513699200000,4.305],[1513785600000,4.366],[1513872000000,4.395],[1513958400000,4.421],[1514044800000,4.446],[1514131200000,4.473],[1514217600000,4.466],[1514304000000,4.457],[1514390400000,4.434],[1514476800000,4.457],[1514563200000,4.481],[1514649600000,4.506],[1514736000000,4.534],[1514822400000,4.56],[1514908800000,4.587],[1514995200000,4.623],[1515081600000,4.561],[1515168000000,4.496],[1515254400000,4.424],[1515340800000,4.379],[1515427200000,4.331],[1515513600000,4.275],[1515600000000,4.211],[1515686400000,4.218],[1515772800000,4.222],[1515859200000,4.231],[1515945600000,4.221],[1516032000000,4.214],[1516118400000,4.218],[1516204800000,4.22],[1516291200000,4.225],[1516377600000,4.238],[1516464000000,4.251],[1516550400000,4.27],[1516636800000,4.292],[1516723200000,4.306],[1516809600000,4.317],[1516896000000,4.323],[1516982400000,4.328],[1517068800000,4.334],[1517155200000,4.325],[1517241600000,4.313],[1517328000000,4.312],[1517414400000,4.316],[1517500800000,4.316],[1517587200000,4.315],[1517673600000,4.315],[1517760000000,4.306],[1517846400000,4.29]];
/*资产配置*/
var Data_assetAllocationCurrency ={"categories":["12-31","09-30","06-30","03-31"],"series":[{"name":"股票","data":[null,null,null,null]},{"name":"债券","data":[35.03,39.87,37.9,41.49]},{"name":"现金","data":[54.26,46.2,55.4,62.41]}]};
/*累计收益率走势*/
var Data_grandTotal = [{"name":"建信现金添益货币H","data":[[1501948800000,0],[1502035200000,0.01],[1502121600000,0.02],[1502208000000,0.03],[1502294400000,0.04],[1502380800000,0.05],[1502467200000,0.06],[1502553600000,0.08],[1502640000000,0.09],[1502726400000,0.10],[1502812800000,0.11],[1502899200000,0.12],[1502985600000,0.13],[1503072000000,0.14],[1503158400000,0.15],[1503244800000,0.16],[1503331200000,0.17],[1503417600000,0.18],[1503504000000,0.19],[1503590400000,0.21],[1503676800000,0.22],[1503763200000,0.23],[1503849600000,0.24],[1503936000000,0.25],[1504022400000,0.26],[1504108800000,0.27],[1504195200000,0.28],[1504281600000,0.29],[1504368000000,0.30],[1504454400000,0.31],[1504540800000,0.33],[1504627200000,0.34],[1504713600000,0.35],[1504800000000,0.36],[1504886400000,0.37],[1504972800000,0.38],[1505059200000,0.39],[1505145600000,0.40],[1505232000000,0.41],[1505318400000,0.43],[1505404800000,0.44],[1505491200000,0.45],[1505577600000,0.46],[1505664000000,0.47],[1505750400000,0.48],[1505836800000,0.49],[1505923200000,0.50],[1506009600000,0.51],[1506096000000,0.52],[1506182400000,0.53],[1506268800000,0.55],[1506355200000,0.56],[1506441600000,0.57],[1506528000000,0.58],[1506614400000,0.59],[1506700800000,0.60],[1506787200000,0.61],[1506873600000,0.62],[1506960000000,0.63],[1507046400000,0.65],[1507132800000,0.66],[1507219200000,0.67],[1507305600000,0.68],[1507392000000,0.69],[1507478400000,0.70],[1507564800000,0.71],[1507651200000,0.72],[1507737600000,0.73],[1507824000000,0.74],[1507910400000,0.75],[1507996800000,0.77],[1508083200000,0.78],[1508169600000,0.79],[1508256000000,0.80],[1508342400000,0.81],[1508428800000,0.82],[1508515200000,0.83],[1508601600000,0.84],[1508688000000,0.85],[1508774400000,0.86],[1508860800000,0.88],[1508947200000,0.89],[1509033600000,0.90],[1509120000000,0.91],[1509206400000,0.92],[1509292800000,0.93],[1509379200000,0.94],[1509465600000,0.95],[1509552000000,0.96],[1509638400000,0.98],[1509724800000,0.99],[1509811200000,1.00],[1509897600000,1.01],[1509984000000,1.02],[1510070400000,1.03],[1510156800000,1.04],[1510243200000,1.05],[1510329600000,1.06],[1510416000000,1.07],[1510502400000,1.08],[1510588800000,1.10],[1510675200000,1.11],[1510761600000,1.12],[1510848000000,1.13],[1510934400000,1.14],[1511020800000,1.15],[1511107200000,1.16],[1511193600000,1.17],[1511280000000,1.18],[1511366400000,1.19],[1511452800000,1.21],[1511539200000,1.22],[1511625600000,1.23],[1511712000000,1.24],[1511798400000,1.25],[1511884800000,1.26],[1511971200000,1.27],[1512057600000,1.28],[1512144000000,1.29],[1512230400000,1.31],[1512316800000,1.32],[1512403200000,1.33],[1512489600000,1.34],[1512576000000,1.35],[1512662400000,1.36],[1512748800000,1.37],[1512835200000,1.38],[1512921600000,1.39],[1513008000000,1.41],[1513094400000,1.42],[1513180800000,1.43],[1513267200000,1.44],[1513353600000,1.45],[1513440000000,1.46],[1513526400000,1.48],[1513612800000,1.49],[1513699200000,1.50],[1513785600000,1.51],[1513872000000,1.52],[1513958400000,1.54],[1514044800000,1.55],[1514131200000,1.56],[1514217600000,1.57],[1514304000000,1.58],[1514390400000,1.60],[1514476800000,1.61],[1514563200000,1.62],[1514649600000,1.63],[1514736000000,1.65],[1514822400000,1.66],[1514908800000,1.67],[1514995200000,1.68],[1515081600000,1.70],[1515168000000,1.71],[1515254400000,1.72],[1515340800000,1.73],[1515427200000,1.74],[1515513600000,1.75],[1515600000000,1.77],[1515686400000,1.78],[1515772800000,1.79],[1515859200000,1.80],[1515945600000,1.81],[1516032000000,1.82],[1516118400000,1.83],[1516204800000,1.85],[1516291200000,1.86],[1516377600000,1.87],[1516464000000,1.88],[1516550400000,1.89],[1516636800000,1.90],[1516723200000,1.92],[1516809600000,1.93],[1516896000000,1.94],[1516982400000,1.95],[1517068800000,1.96],[1517155200000,1.98],[1517241600000,1.99],[1517328000000,2.00],[1517414400000,2.01],[1517500800000,2.02],[1517587200000,2.03],[1517673600000,2.05],[1517760000000,2.06],[1517846400000,2.07]]},{"name":"同类平均","data":[[1502035200000,0],[1502121600000,0.01],[1502208000000,0.02],[1502294400000,0.03],[1502380800000,0.04],[1502640000000,0.07],[1502726400000,0.08],[1502812800000,0.09],[1502899200000,0.10],[1502985600000,0.11],[1503244800000,0.14],[1503331200000,0.16],[1503417600000,0.17],[1503504000000,0.18],[1503590400000,0.19],[1503849600000,0.22],[1503936000000,0.23],[1504022400000,0.24],[1504108800000,0.25],[1504195200000,0.26],[1504454400000,0.29],[1504540800000,0.30],[1504627200000,0.31],[1504713600000,0.32],[1504800000000,0.34],[1505059200000,0.37],[1505145600000,0.38],[1505232000000,0.39],[1505318400000,0.40],[1505404800000,0.41],[1505664000000,0.44],[1505750400000,0.45],[1505836800000,0.46],[1505923200000,0.47],[1506009600000,0.48],[1506268800000,0.52],[1506355200000,0.53],[1506441600000,0.54],[1506528000000,0.55],[1506614400000,0.56],[1507478400000,0.67],[1507564800000,0.68],[1507651200000,0.69],[1507737600000,0.71],[1507824000000,0.72],[1508083200000,0.75],[1508169600000,0.76],[1508256000000,0.77],[1508342400000,0.78],[1508428800000,0.79],[1508688000000,0.82],[1508774400000,0.83],[1508860800000,0.84],[1508947200000,0.85],[1509033600000,0.86],[1509292800000,0.90],[1509379200000,0.91],[1509465600000,0.92],[1509552000000,0.93],[1509638400000,0.94],[1509897600000,0.97],[1509984000000,0.98],[1510070400000,0.99],[1510156800000,1.00],[1510243200000,1.01],[1510502400000,1.04],[1510588800000,1.06],[1510675200000,1.07],[1510761600000,1.08],[1510848000000,1.09],[1511107200000,1.12],[1511193600000,1.13],[1511280000000,1.14],[1511366400000,1.15],[1511452800000,1.16],[1511712000000,1.20],[1511798400000,1.21],[1511884800000,1.22],[1511971200000,1.23],[1512057600000,1.24],[1512316800000,1.28],[1512403200000,1.29],[1512489600000,1.30],[1512576000000,1.31],[1512662400000,1.32],[1512921600000,1.35],[1513008000000,1.36],[1513094400000,1.38],[1513180800000,1.39],[1513267200000,1.40],[1513526400000,1.43],[1513612800000,1.44],[1513699200000,1.46],[1513785600000,1.47],[1513872000000,1.48],[1514131200000,1.51],[1514217600000,1.53],[1514304000000,1.54],[1514390400000,1.55],[1514476800000,1.57],[1514822400000,1.62],[1514908800000,1.64],[1514995200000,1.65],[1515081600000,1.66],[1515340800000,1.69],[1515427200000,1.71],[1515513600000,1.72],[1515600000000,1.73],[1515686400000,1.74],[1515945600000,1.77],[1516032000000,1.79],[1516118400000,1.80],[1516204800000,1.81],[1516291200000,1.82],[1516550400000,1.86],[1516636800000,1.87],[1516723200000,1.88],[1516809600000,1.89],[1516896000000,1.90],[1517155200000,1.94],[1517241600000,1.95],[1517328000000,1.96],[1517414400000,1.97],[1517500800000,1.98],[1517760000000,2.02],[1517846400000,2.03]]},{"name":"沪深300","data":[[1502035200000,0],[1502121600000,0.15],[1502208000000,0.11],[1502294400000,-0.29],[1502380800000,-2.13],[1502640000000,-0.86],[1502726400000,-0.56],[1502812800000,-0.68],[1502899200000,-0.15],[1502985600000,-0.06],[1503244800000,0.38],[1503331200000,0.68],[1503417600000,0.79],[1503504000000,0.21],[1503590400000,1.85],[1503849600000,3.11],[1503936000000,2.89],[1504022400000,2.88],[1504108800000,2.56],[1504195200000,2.78],[1504454400000,3.19],[1504540800000,3.50],[1504627200000,3.29],[1504713600000,2.77],[1504800000000,2.66],[1505059200000,2.65],[1505145600000,2.98],[1505232000000,3.11],[1505318400000,2.77],[1505404800000,2.80],[1505664000000,3.12],[1505750400000,2.83],[1505836800000,3.10],[1505923200000,2.98],[1506009600000,2.98],[1506268800000,2.44],[1506355200000,2.52],[1506441600000,2.53],[1506528000000,2.57],[1506614400000,2.94],[1507478400000,4.17],[1507564800000,4.38],[1507651200000,4.72],[1507737600000,5.00],[1507824000000,5.21],[1508083200000,5.01],[1508169600000,5.00],[1508256000000,5.83],[1508342400000,5.49],[1508428800000,5.37],[1508688000000,5.47],[1508774400000,6.24],[1508860800000,6.71],[1508947200000,7.16],[1509033600000,7.92],[1509292800000,7.59],[1509379200000,7.51],[1509465600000,7.24],[1509552000000,7.25],[1509638400000,7.13],[1509897600000,7.89],[1509984000000,8.79],[1510070400000,8.62],[1510156800000,9.37],[1510243200000,10.33],[1510502400000,10.77],[1510588800000,10.00],[1510675200000,9.31],[1510761600000,10.15],[1510848000000,10.57],[1511107200000,11.19],[1511193600000,13.17],[1511280000000,13.44],[1511366400000,10.08],[1511452800000,10.13],[1511712000000,8.67],[1511798400000,8.83],[1511884800000,8.77],[1511971200000,7.49],[1512057600000,7.28],[1512316800000,7.84],[1512403200000,8.41],[1512489600000,7.76],[1512576000000,6.55],[1512662400000,7.42],[1512921600000,9.20],[1513008000000,7.76],[1513094400000,8.67],[1513180800000,8.03],[1513267200000,6.82],[1513526400000,6.94],[1513612800000,8.28],[1513699200000,8.15],[1513785600000,9.15],[1513872000000,8.80],[1514131200000,8.45],[1514217600000,8.77],[1514304000000,7.09],[1514390400000,7.84],[1514476800000,8.16],[1514822400000,9.68],[1514908800000,10.32],[1514995200000,10.79],[1515081600000,11.05],[1515340800000,11.63],[1515427200000,12.41],[1515513600000,12.91],[1515600000000,12.85],[1515686400000,13.37],[1515945600000,13.37],[1516032000000,14.27],[1516118400000,13.99],[1516204800000,14.61],[1516291200000,14.99],[1516550400000,16.36],[1516636800000,17.60],[1516723200000,17.79],[1516809600000,17.13],[1516896000000,17.56],[1517155200000,15.43],[1517241600000,14.20],[1517328000000,14.73],[1517414400000,13.93],[1517500800000,14.61],[1517760000000,14.69],[1517846400000,11.33]]}];
/*同类排名*/
var Data_rateInSimilarType = [{"x":1480608000000,"y":374,"sc":"455"},{"x":1480867200000,"y":365,"sc":"455"},{"x":1480953600000,"y":358,"sc":"455"},{"x":1481040000000,"y":352,"sc":"455"},{"x":1481126400000,"y":348,"sc":"455"},{"x":1481212800000,"y":341,"sc":"456"},{"x":1481472000000,"y":316,"sc":"457"},{"x":1481558400000,"y":311,"sc":"458"},{"x":1481644800000,"y":287,"sc":"458"},{"x":1481731200000,"y":292,"sc":"458"},{"x":1481817600000,"y":293,"sc":"458"},{"x":1482076800000,"y":254,"sc":"458"},{"x":1482163200000,"y":253,"sc":"458"},{"x":1482249600000,"y":243,"sc":"458"},{"x":1482336000000,"y":239,"sc":"459"},{"x":1482422400000,"y":228,"sc":"463"},{"x":1482681600000,"y":214,"sc":"464"},{"x":1482768000000,"y":211,"sc":"464"},{"x":1482854400000,"y":203,"sc":"466"},{"x":1482940800000,"y":206,"sc":"466"},{"x":1483027200000,"y":200,"sc":"469"},{"x":1483372800000,"y":231,"sc":"469"},{"x":1483459200000,"y":239,"sc":"468"},{"x":1483545600000,"y":245,"sc":"469"},{"x":1483632000000,"y":251,"sc":"469"},{"x":1483891200000,"y":172,"sc":"469"},{"x":1483977600000,"y":165,"sc":"469"},{"x":1484064000000,"y":164,"sc":"469"},{"x":1484150400000,"y":163,"sc":"469"},{"x":1484236800000,"y":165,"sc":"469"},{"x":1484496000000,"y":169,"sc":"472"},{"x":1484582400000,"y":167,"sc":"474"},{"x":1484668800000,"y":171,"sc":"476"},{"x":1484755200000,"y":172,"sc":"476"},{"x":1484841600000,"y":172,"sc":"476"},{"x":1485100800000,"y":173,"sc":"481"},{"x":1485187200000,"y":176,"sc":"482"},{"x":1485273600000,"y":177,"sc":"484"},{"x":1485360000000,"y":173,"sc":"485"},{"x":1486051200000,"y":173,"sc":"489"},{"x":1486310400000,"y":173,"sc":"491"},{"x":1486396800000,"y":170,"sc":"491"},{"x":1486483200000,"y":170,"sc":"491"},{"x":1486569600000,"y":167,"sc":"491"},{"x":1486656000000,"y":167,"sc":"494"},{"x":1486915200000,"y":166,"sc":"496"},{"x":1487001600000,"y":164,"sc":"496"},{"x":1487088000000,"y":164,"sc":"496"},{"x":1487174400000,"y":162,"sc":"496"},{"x":1487260800000,"y":161,"sc":"496"},{"x":1487520000000,"y":166,"sc":"496"},{"x":1487606400000,"y":164,"sc":"496"},{"x":1487692800000,"y":162,"sc":"496"},{"x":1487779200000,"y":163,"sc":"498"},{"x":1487865600000,"y":164,"sc":"500"},{"x":1488124800000,"y":169,"sc":"503"},{"x":1488211200000,"y":164,"sc":"503"},{"x":1488297600000,"y":166,"sc":"503"},{"x":1488384000000,"y":168,"sc":"511"},{"x":1488470400000,"y":181,"sc":"511"},{"x":1488729600000,"y":177,"sc":"513"},{"x":1488816000000,"y":180,"sc":"515"},{"x":1488902400000,"y":182,"sc":"516"},{"x":1488988800000,"y":189,"sc":"518"},{"x":1489075200000,"y":197,"sc":"518"},{"x":1489334400000,"y":201,"sc":"518"},{"x":1489420800000,"y":207,"sc":"518"},{"x":1489507200000,"y":209,"sc":"518"},{"x":1489593600000,"y":211,"sc":"520"},{"x":1489680000000,"y":223,"sc":"520"},{"x":1489939200000,"y":221,"sc":"522"},{"x":1490025600000,"y":224,"sc":"522"},{"x":1490112000000,"y":226,"sc":"524"},{"x":1490198400000,"y":231,"sc":"530"},{"x":1490284800000,"y":238,"sc":"530"},{"x":1490544000000,"y":232,"sc":"534"},{"x":1490630400000,"y":237,"sc":"535"},{"x":1490716800000,"y":241,"sc":"535"},{"x":1490803200000,"y":247,"sc":"538"},{"x":1490889600000,"y":247,"sc":"538"},{"x":1491321600000,"y":253,"sc":"538"},{"x":1491408000000,"y":260,"sc":"540"},{"x":1491494400000,"y":277,"sc":"540"},{"x":1491753600000,"y":282,"sc":"540"},{"x":1491840000000,"y":282,"sc":"540"},{"x":1491926400000,"y":282,"sc":"540"},{"x":1492012800000,"y":283,"sc":"541"},{"x":1492099200000,"y":298,"sc":"541"},{"x":1492358400000,"y":273,"sc":"543"},{"x":1492444800000,"y":269,"sc":"543"},{"x":1492531200000,"y":267,"sc":"543"},{"x":1492617600000,"y":264,"sc":"545"},{"x":1492704000000,"y":282,"sc":"545"},{"x":1492963200000,"y":254,"sc":"545"},{"x":1493049600000,"y":251,"sc":"547"},{"x":1493136000000,"y":248,"sc":"549"},{"x":1493222400000,"y":267,"sc":"549"},{"x":1493308800000,"y":284,"sc":"549"},{"x":1493654400000,"y":244,"sc":"549"},{"x":1493740800000,"y":243,"sc":"550"},{"x":1493827200000,"y":265,"sc":"550"},{"x":1493913600000,"y":244,"sc":"550"},{"x":1494172800000,"y":246,"sc":"550"},{"x":1494259200000,"y":246,"sc":"550"},{"x":1494345600000,"y":243,"sc":"550"},{"x":1494432000000,"y":257,"sc":"550"},{"x":1494518400000,"y":241,"sc":"550"},{"x":1494777600000,"y":242,"sc":"554"},{"x":1494864000000,"y":241,"sc":"556"},{"x":1494950400000,"y":243,"sc":"560"},{"x":1495036800000,"y":255,"sc":"560"},{"x":1495123200000,"y":240,"sc":"560"},{"x":1495382400000,"y":238,"sc":"560"},{"x":1495468800000,"y":239,"sc":"562"},{"x":1495555200000,"y":237,"sc":"564"},{"x":1495641600000,"y":251,"sc":"564"},{"x":1495728000000,"y":237,"sc":"564"},{"x":1496160000000,"y":235,"sc":"564"},{"x":1496246400000,"y":236,"sc":"564"},{"x":1496332800000,"y":239,"sc":"564"},{"x":1496592000000,"y":237,"sc":"566"},{"x":1496678400000,"y":233,"sc":"566"},{"x":1496764800000,"y":229,"sc":"566"},{"x":1496851200000,"y":229,"sc":"566"},{"x":1496937600000,"y":229,"sc":"566"},{"x":1497196800000,"y":234,"sc":"574"},{"x":1497283200000,"y":230,"sc":"574"},{"x":1497369600000,"y":229,"sc":"575"},{"x":1497456000000,"y":230,"sc":"575"},{"x":1497542400000,"y":233,"sc":"575"},{"x":1497801600000,"y":280,"sc":"577"},{"x":1497888000000,"y":279,"sc":"577"},{"x":1497974400000,"y":274,"sc":"575"},{"x":1498060800000,"y":266,"sc":"575"},{"x":1498147200000,"y":271,"sc":"576"},{"x":1498406400000,"y":284,"sc":"579"},{"x":1498492800000,"y":289,"sc":"579"},{"x":1498579200000,"y":294,"sc":"579"},{"x":1498665600000,"y":292,"sc":"579"},{"x":1498752000000,"y":284,"sc":"582"},{"x":1499011200000,"y":345,"sc":"582"},{"x":1499097600000,"y":286,"sc":"582"},{"x":1499184000000,"y":285,"sc":"583"},{"x":1499270400000,"y":284,"sc":"583"},{"x":1499356800000,"y":284,"sc":"583"},{"x":1499616000000,"y":272,"sc":"583"},{"x":1499702400000,"y":276,"sc":"583"},{"x":1499788800000,"y":277,"sc":"583"},{"x":1499875200000,"y":279,"sc":"583"},{"x":1499961600000,"y":281,"sc":"586"},{"x":1500220800000,"y":277,"sc":"586"},{"x":1500307200000,"y":285,"sc":"586"},{"x":1500393600000,"y":285,"sc":"589"},{"x":1500480000000,"y":295,"sc":"589"},{"x":1500566400000,"y":299,"sc":"593"},{"x":1500825600000,"y":296,"sc":"593"},{"x":1500912000000,"y":298,"sc":"593"},{"x":1500998400000,"y":301,"sc":"594"},{"x":1501084800000,"y":297,"sc":"594"},{"x":1501171200000,"y":293,"sc":"594"},{"x":1501430400000,"y":330,"sc":"594"},{"x":1501516800000,"y":292,"sc":"594"},{"x":1501603200000,"y":294,"sc":"594"},{"x":1501689600000,"y":297,"sc":"594"},{"x":1501776000000,"y":296,"sc":"594"},{"x":1502035200000,"y":292,"sc":"596"},{"x":1502121600000,"y":295,"sc":"596"},{"x":1502208000000,"y":294,"sc":"596"},{"x":1502294400000,"y":296,"sc":"596"},{"x":1502380800000,"y":298,"sc":"596"},{"x":1502640000000,"y":297,"sc":"596"},{"x":1502726400000,"y":297,"sc":"596"},{"x":1502812800000,"y":300,"sc":"596"},{"x":1502899200000,"y":300,"sc":"596"},{"x":1502985600000,"y":302,"sc":"596"},{"x":1503244800000,"y":299,"sc":"597"},{"x":1503331200000,"y":300,"sc":"597"},{"x":1503417600000,"y":299,"sc":"597"},{"x":1503504000000,"y":299,"sc":"596"},{"x":1503590400000,"y":302,"sc":"596"},{"x":1503849600000,"y":349,"sc":"600"},{"x":1503936000000,"y":372,"sc":"600"},{"x":1504022400000,"y":305,"sc":"600"},{"x":1504108800000,"y":305,"sc":"601"},{"x":1504195200000,"y":310,"sc":"601"},{"x":1504454400000,"y":315,"sc":"601"},{"x":1504540800000,"y":315,"sc":"601"},{"x":1504627200000,"y":314,"sc":"601"},{"x":1504713600000,"y":311,"sc":"601"},{"x":1504800000000,"y":315,"sc":"601"},{"x":1505059200000,"y":311,"sc":"603"},{"x":1505145600000,"y":315,"sc":"603"},{"x":1505232000000,"y":315,"sc":"603"},{"x":1505318400000,"y":317,"sc":"605"},{"x":1505404800000,"y":316,"sc":"605"},{"x":1505664000000,"y":289,"sc":"606"},{"x":1505750400000,"y":288,"sc":"606"},{"x":1505836800000,"y":286,"sc":"603"},{"x":1505923200000,"y":287,"sc":"603"},{"x":1506009600000,"y":292,"sc":"603"},{"x":1506268800000,"y":294,"sc":"603"},{"x":1506355200000,"y":287,"sc":"603"},{"x":1506441600000,"y":281,"sc":"604"},{"x":1506528000000,"y":278,"sc":"604"},{"x":1506614400000,"y":275,"sc":"606"},{"x":1507478400000,"y":289,"sc":"606"},{"x":1507564800000,"y":287,"sc":"607"},{"x":1507651200000,"y":291,"sc":"607"},{"x":1507737600000,"y":297,"sc":"611"},{"x":1507824000000,"y":298,"sc":"611"},{"x":1508083200000,"y":299,"sc":"612"},{"x":1508169600000,"y":303,"sc":"612"},{"x":1508256000000,"y":300,"sc":"611"},{"x":1508342400000,"y":303,"sc":"611"},{"x":1508428800000,"y":299,"sc":"611"},{"x":1508688000000,"y":295,"sc":"606"},{"x":1508774400000,"y":291,"sc":"606"},{"x":1508860800000,"y":289,"sc":"607"},{"x":1508947200000,"y":290,"sc":"607"},{"x":1509033600000,"y":293,"sc":"607"},{"x":1509292800000,"y":291,"sc":"609"},{"x":1509379200000,"y":289,"sc":"610"},{"x":1509465600000,"y":292,"sc":"610"},{"x":1509552000000,"y":282,"sc":"613"},{"x":1509638400000,"y":281,"sc":"617"},{"x":1509897600000,"y":283,"sc":"621"},{"x":1509984000000,"y":284,"sc":"621"},{"x":1510070400000,"y":282,"sc":"621"},{"x":1510156800000,"y":283,"sc":"623"},{"x":1510243200000,"y":285,"sc":"623"},{"x":1510502400000,"y":283,"sc":"633"},{"x":1510588800000,"y":287,"sc":"635"},{"x":1510675200000,"y":286,"sc":"635"},{"x":1510761600000,"y":283,"sc":"635"},{"x":1510848000000,"y":286,"sc":"636"},{"x":1511107200000,"y":282,"sc":"636"},{"x":1511193600000,"y":284,"sc":"636"},{"x":1511280000000,"y":283,"sc":"636"},{"x":1511366400000,"y":286,"sc":"636"},{"x":1511452800000,"y":287,"sc":"637"},{"x":1511712000000,"y":285,"sc":"640"},{"x":1511798400000,"y":284,"sc":"640"},{"x":1511884800000,"y":290,"sc":"640"},{"x":1511971200000,"y":294,"sc":"641"},{"x":1512057600000,"y":292,"sc":"643"},{"x":1512316800000,"y":293,"sc":"643"},{"x":1512403200000,"y":293,"sc":"643"},{"x":1512489600000,"y":293,"sc":"643"},{"x":1512576000000,"y":299,"sc":"644"},{"x":1512662400000,"y":299,"sc":"652"},{"x":1512921600000,"y":314,"sc":"652"},{"x":1513008000000,"y":320,"sc":"653"},{"x":1513094400000,"y":325,"sc":"653"},{"x":1513180800000,"y":323,"sc":"654"},{"x":1513267200000,"y":321,"sc":"656"},{"x":1513526400000,"y":312,"sc":"656"},{"x":1513612800000,"y":314,"sc":"656"},{"x":1513699200000,"y":315,"sc":"656"},{"x":1513785600000,"y":314,"sc":"655"},{"x":1513872000000,"y":310,"sc":"655"},{"x":1514131200000,"y":311,"sc":"655"},{"x":1514217600000,"y":314,"sc":"655"},{"x":1514304000000,"y":317,"sc":"654"},{"x":1514390400000,"y":320,"sc":"655"},{"x":1514476800000,"y":315,"sc":"655"},{"x":1514822400000,"y":410,"sc":"655"},{"x":1514908800000,"y":442,"sc":"655"},{"x":1514995200000,"y":461,"sc":"655"},{"x":1515081600000,"y":486,"sc":"655"},{"x":1515340800000,"y":339,"sc":"655"},{"x":1515427200000,"y":332,"sc":"655"},{"x":1515513600000,"y":337,"sc":"656"},{"x":1515600000000,"y":338,"sc":"657"},{"x":1515686400000,"y":339,"sc":"657"},{"x":1515945600000,"y":339,"sc":"657"},{"x":1516032000000,"y":341,"sc":"657"},{"x":1516118400000,"y":340,"sc":"657"},{"x":1516204800000,"y":340,"sc":"657"},{"x":1516291200000,"y":341,"sc":"657"},{"x":1516550400000,"y":346,"sc":"657"},{"x":1516636800000,"y":345,"sc":"657"},{"x":1516723200000,"y":347,"sc":"657"},{"x":1516809600000,"y":349,"sc":"657"},{"x":1516896000000,"y":347,"sc":"655"},{"x":1517155200000,"y":353,"sc":"656"},{"x":1517241600000,"y":359,"sc":"656"},{"x":1517328000000,"y":357,"sc":"656"},{"x":1517414400000,"y":362,"sc":"656"},{"x":1517500800000,"y":360,"sc":"656"},{"x":1517760000000,"y":367,"sc":"656"},{"x":1517846400000,"y":373,"sc":"656"}];
/*百分比排名*/
var Data_rateInSimilarPersent = [[1480608000000,17.8000],[1480867200000,19.7800],[1480953600000,21.3200],[1481040000000,22.6400],[1481126400000,23.5200],[1481212800000,25.2200],[1481472000000,30.8500],[1481558400000,32.1000],[1481644800000,37.3400],[1481731200000,36.2400],[1481817600000,36.0300],[1482076800000,44.5400],[1482163200000,44.7600],[1482249600000,46.9400],[1482336000000,47.9300],[1482422400000,50.7600],[1482681600000,53.8800],[1482768000000,54.5300],[1482854400000,56.4400],[1482940800000,55.7900],[1483027200000,57.3600],[1483372800000,50.7500],[1483459200000,48.9300],[1483545600000,47.7600],[1483632000000,46.4800],[1483891200000,63.3300],[1483977600000,64.8200],[1484064000000,65.0300],[1484150400000,65.2500],[1484236800000,64.8200],[1484496000000,64.1900],[1484582400000,64.7700],[1484668800000,64.0800],[1484755200000,63.8700],[1484841600000,63.8700],[1485100800000,64.0300],[1485187200000,63.4900],[1485273600000,63.4300],[1485360000000,64.3300],[1486051200000,64.6200],[1486310400000,64.7700],[1486396800000,65.3800],[1486483200000,65.3800],[1486569600000,65.9900],[1486656000000,66.1900],[1486915200000,66.5300],[1487001600000,66.9400],[1487088000000,66.9400],[1487174400000,67.3400],[1487260800000,67.5400],[1487520000000,66.5300],[1487606400000,66.9400],[1487692800000,67.3400],[1487779200000,67.2700],[1487865600000,67.2000],[1488124800000,66.4000],[1488211200000,67.4000],[1488297600000,67.00],[1488384000000,67.1200],[1488470400000,64.5800],[1488729600000,65.5000],[1488816000000,65.0500],[1488902400000,64.7300],[1488988800000,63.5100],[1489075200000,61.9700],[1489334400000,61.2000],[1489420800000,60.0400],[1489507200000,59.6500],[1489593600000,59.4200],[1489680000000,57.1200],[1489939200000,57.6600],[1490025600000,57.0900],[1490112000000,56.8700],[1490198400000,56.4200],[1490284800000,55.0900],[1490544000000,56.5500],[1490630400000,55.7000],[1490716800000,54.9500],[1490803200000,54.0900],[1490889600000,54.0900],[1491321600000,52.9700],[1491408000000,51.8500],[1491494400000,48.7000],[1491753600000,47.7800],[1491840000000,47.7800],[1491926400000,47.7800],[1492012800000,47.6900],[1492099200000,44.9200],[1492358400000,49.7200],[1492444800000,50.4600],[1492531200000,50.8300],[1492617600000,51.5600],[1492704000000,48.2600],[1492963200000,53.3900],[1493049600000,54.1100],[1493136000000,54.8300],[1493222400000,51.3700],[1493308800000,48.2700],[1493654400000,55.5600],[1493740800000,55.8200],[1493827200000,51.8200],[1493913600000,55.6400],[1494172800000,55.2700],[1494259200000,55.2700],[1494345600000,55.8200],[1494432000000,53.2700],[1494518400000,56.1800],[1494777600000,56.3200],[1494864000000,56.6500],[1494950400000,56.6100],[1495036800000,54.4600],[1495123200000,57.1400],[1495382400000,57.5000],[1495468800000,57.4700],[1495555200000,57.9800],[1495641600000,55.5000],[1495728000000,57.9800],[1496160000000,58.3300],[1496246400000,58.1600],[1496332800000,57.6200],[1496592000000,58.1300],[1496678400000,58.8300],[1496764800000,59.5400],[1496851200000,59.5400],[1496937600000,59.5400],[1497196800000,59.2300],[1497283200000,59.9300],[1497369600000,60.1700],[1497456000000,60.00],[1497542400000,59.4800],[1497801600000,51.4700],[1497888000000,51.6500],[1497974400000,52.3500],[1498060800000,53.7400],[1498147200000,52.9500],[1498406400000,50.9500],[1498492800000,50.0900],[1498579200000,49.2200],[1498665600000,49.5700],[1498752000000,51.2000],[1499011200000,40.7200],[1499097600000,50.8600],[1499184000000,51.1100],[1499270400000,51.2900],[1499356800000,51.2900],[1499616000000,53.3400],[1499702400000,52.6600],[1499788800000,52.4900],[1499875200000,52.1400],[1499961600000,52.0500],[1500220800000,52.7300],[1500307200000,51.3700],[1500393600000,51.6100],[1500480000000,49.9200],[1500566400000,49.5800],[1500825600000,50.0800],[1500912000000,49.7500],[1500998400000,49.3300],[1501084800000,50.00],[1501171200000,50.6700],[1501430400000,44.4400],[1501516800000,50.8400],[1501603200000,50.5100],[1501689600000,50.00],[1501776000000,50.1700],[1502035200000,51.0100],[1502121600000,50.5000],[1502208000000,50.6700],[1502294400000,50.3400],[1502380800000,50.00],[1502640000000,50.1700],[1502726400000,50.1700],[1502812800000,49.6600],[1502899200000,49.6600],[1502985600000,49.3300],[1503244800000,49.9200],[1503331200000,49.7500],[1503417600000,49.9200],[1503504000000,49.8300],[1503590400000,49.3300],[1503849600000,41.8300],[1503936000000,38.00],[1504022400000,49.1700],[1504108800000,49.2500],[1504195200000,48.4200],[1504454400000,47.5900],[1504540800000,47.5900],[1504627200000,47.7500],[1504713600000,48.2500],[1504800000000,47.5900],[1505059200000,48.4200],[1505145600000,47.7600],[1505232000000,47.7600],[1505318400000,47.6000],[1505404800000,47.7700],[1505664000000,52.3100],[1505750400000,52.4800],[1505836800000,52.5700],[1505923200000,52.4000],[1506009600000,51.5800],[1506268800000,51.2400],[1506355200000,52.4000],[1506441600000,53.4800],[1506528000000,53.9700],[1506614400000,54.6200],[1507478400000,52.3100],[1507564800000,52.7200],[1507651200000,52.0600],[1507737600000,51.3900],[1507824000000,51.2300],[1508083200000,51.1400],[1508169600000,50.4900],[1508256000000,50.9000],[1508342400000,50.4100],[1508428800000,51.0600],[1508688000000,51.3200],[1508774400000,51.9800],[1508860800000,52.3900],[1508947200000,52.2200],[1509033600000,51.7300],[1509292800000,52.2200],[1509379200000,52.6200],[1509465600000,52.1300],[1509552000000,54.00],[1509638400000,54.4600],[1509897600000,54.4300],[1509984000000,54.2700],[1510070400000,54.5900],[1510156800000,54.5700],[1510243200000,54.2500],[1510502400000,55.2900],[1510588800000,54.8000],[1510675200000,54.9600],[1510761600000,55.4300],[1510848000000,55.0300],[1511107200000,55.6600],[1511193600000,55.3500],[1511280000000,55.5000],[1511366400000,55.0300],[1511452800000,54.9500],[1511712000000,55.4700],[1511798400000,55.6200],[1511884800000,54.6900],[1511971200000,54.1300],[1512057600000,54.5900],[1512316800000,54.4300],[1512403200000,54.4300],[1512489600000,54.4300],[1512576000000,53.5700],[1512662400000,54.1400],[1512921600000,51.8400],[1513008000000,51.00],[1513094400000,50.2300],[1513180800000,50.6100],[1513267200000,51.0700],[1513526400000,52.4400],[1513612800000,52.1300],[1513699200000,51.9800],[1513785600000,52.0600],[1513872000000,52.6700],[1514131200000,52.5200],[1514217600000,52.0600],[1514304000000,51.5300],[1514390400000,51.1500],[1514476800000,51.9100],[1514822400000,37.4000],[1514908800000,32.5200],[1514995200000,29.6200],[1515081600000,25.8000],[1515340800000,48.2400],[1515427200000,49.3100],[1515513600000,48.6300],[1515600000000,48.5500],[1515686400000,48.4000],[1515945600000,48.4000],[1516032000000,48.1000],[1516118400000,48.2500],[1516204800000,48.2500],[1516291200000,48.1000],[1516550400000,47.3400],[1516636800000,47.4900],[1516723200000,47.1800],[1516809600000,46.8800],[1516896000000,47.0200],[1517155200000,46.1900],[1517241600000,45.2700],[1517328000000,45.5800],[1517414400000,44.8200],[1517500800000,45.1200],[1517760000000,44.0500],[1517846400000,43.1400]];
/*规模变动*/
var Data_fluctuationScale = {"categories":["2016-12-31","2017-03-31","2017-06-30","2017-09-30","2017-12-31"],"series":[{"y":54.36,"mom":"--"},{"y":72.94,"mom":"34.18%"},{"y":118.94,"mom":"63.05%"},{"y":152.38,"mom":"28.12%"},{"y":161.93,"mom":"6.27%"}]};;
/*持有人结构*/
var Data_holderStructure = {"series":[{"name":"机构持有比例","data":[64.48,82.25,73.01]},{"name":"个人持有比例","data":[35.52,17.75,26.99]},{"name":"内部持有比例","data":[0.0,0.0,0.0]}],"categories":["2016-09-12","2016-12-31","2017-06-30"]};
/*申购赎回*/
var Data_assetAllocation ={"series":[{"name":"期间申购","data":[1.06,1.31,1.41,1.82]},{"name":"期间赎回","data":[0.87,0.85,1.08,1.73]},{"name":"总份额","data":[0.73,1.19,1.52,1.62]}],"categories":["2017-03-31","2017-06-30","2017-09-30","2017-12-31"]};
/*现任基金经理*/
var Data_currentFundManager = [{"id":"30276097","pic":"https://pdf.dfcfw.com/pdf/H8_JPG30276097_1.jpg","name":"陈建良","star":3,"workTime":"4年又60天","fundSize":"3586.97亿(16只基金)","power":{"avr":"47.14","categories":["经验值","收益率","影响力","稳定性","管理规模"],"dsc":["反映基金经理从业年限和管理基金的经验","根据基金经理投资的阶段收益评分，反映\u003cbr\u003e基金经理投资的盈利能力","根据基金经理所管理基金的机构和个人投\u003cbr\u003e资者持有比例评分","反映基金经理投资收益的波动","根据基金经理现任管理基金资产规模评分"],"data":[75.20,12.60,38.60,50.0,97.70],"jzrq":"2018-02-06"},"profit":{"categories":["任期收益","同类平均"],"series":[{"data":[{"name":null,"color":"#7cb5ec","y":5.2219},{"name":null,"color":"#414c7b","y":5.15}]}],"jzrq":"2018-02-06"}},{"id":"30544440","pic":"https://pdf.dfcfw.com/pdf/H8_PNG30544440_1.jpg","name":"先轲宇","star":0,"workTime":"215天","fundSize":"671.68亿(3只基金)","power":{"avr":"暂无数据","categories":["经验值","收益率","影响力","稳定性","管理规模"],"dsc":["反映基金经理从业年限和管理基金的经验","根据基金经理投资的阶段收益评分，反映\u003cbr\u003e基金经理投资的盈利能力","根据基金经理所管理基金的机构和个人投\u003cbr\u003e资者持有比例评分","反映基金经理投资收益的波动","根据基金经理现任管理基金资产规模评分"],"data":[null,null,null,null,null],"jzrq":"2018-02-06"},"profit":{"categories":["任期收益","同类平均"],"series":[{"data":[{"name":null,"color":"#7cb5ec","y":2.4081},{"name":null,"color":"#414c7b","y":2.39}]}],"jzrq":"2018-02-06"}}] ;
/*同类型基金涨幅榜（页面底部通栏）*/
var swithSameType = [['002895_华夏天利货币B_5.8750','002894_华夏天利货币A_5.6210','005151_红土创新优淳货币B_5.6080','005150_红土创新优淳货币A_5.3810','000902_国开货币B_5.3390'],['002895_华夏天利货币B_5.26','005151_红土创新优淳货币B_5.22','004973_长城收益宝货币B_5.08','002894_华夏天利货币A_5.01','001895_泰达宏利活期友货币B_5.00'],['004973_长城收益宝货币B_5.05','005151_红土创新优淳货币B_5.04','004770_海富通添益货币A_4.99','002884_华润元大现金通货币B_4.98','002895_华夏天利货币B_4.89'],['004770_海富通添益货币A_5.39','004973_长城收益宝货币B_5.13','002895_华夏天利货币B_5.03','004398_融通现金宝货币B_5.03','002884_华润元大现金通货币B_5.02'],['003679_中融现金增利货币C_4.67','003474_南方天天利货币B_4.55','000836_国投瑞银钱多宝货币A_4.52','000837_国投瑞银钱多宝货币I_4.52','003753_工银如意货币B_4.51']];