/**
 * 测试数据
 * @type {arry}
 */
/*2018-02-07 16:11:15*/
//基金或股票信息
var fS_name = "博时合利货币";
var fS_code = "002960";
var fund_minsg="100";
var ishb=true;
/*原费率*/
var fund_sourceRate="0";
/*现费率*/
var fund_Rate="0";
/*最小申购金额*/
var fund_minsg="100";
/*收益率*/
/*近一年收益率*/
var syl_1n="4.383";
/*近6月收益率*/
var syl_6y="2.2428";
/*近三月收益率*/
var syl_3y="1.1205";
/*近一月收益率*/
var syl_1y="0.3817";
/* 基金收益走势图 每万份收益*/
var Data_millionCopiesIncome = [[1470326400000,1.7077],[1470844800000,3.4204],[1470931200000,0.5699],[1471017600000,0.5699],[1471104000000,0.5699],[1471190400000,0.5698],[1471276800000,0.5698],[1471363200000,0.5695],[1471449600000,0.5694],[1471536000000,0.5692],[1471622400000,0.5696],[1471708800000,0.5696],[1471795200000,0.5693],[1471881600000,0.569],[1471968000000,0.5692],[1472054400000,0.569],[1472140800000,0.5692],[1472227200000,0.5694],[1472313600000,0.5694],[1472400000000,0.5691],[1472486400000,0.569],[1472572800000,0.569],[1472659200000,0.5688],[1472745600000,0.5681],[1472832000000,0.5691],[1472918400000,0.569],[1473004800000,0.5677],[1473091200000,0.5689],[1473177600000,0.5686],[1473264000000,0.5684],[1473350400000,0.5489],[1473436800000,0.5591],[1473523200000,0.5591],[1473609600000,0.5649],[1473696000000,0.5699],[1473782400000,0.5698],[1473868800000,0.5698],[1473955200000,0.5697],[1474041600000,0.5697],[1474128000000,0.5697],[1474214400000,0.5598],[1474300800000,0.6011],[1474387200000,0.6105],[1474473600000,0.6108],[1474560000000,0.5866],[1474646400000,0.5868],[1474732800000,0.5868],[1474819200000,0.5242],[1474905600000,0.4843],[1474992000000,0.5705],[1475078400000,0.5705],[1475164800000,0.5704],[1475251200000,0.5703],[1475337600000,0.5703],[1475424000000,0.5703],[1475510400000,0.5702],[1475596800000,0.5702],[1475683200000,0.5702],[1475769600000,0.5701],[1475856000000,0.5701],[1475942400000,0.5701],[1476028800000,0.57],[1476115200000,0.5987],[1476201600000,0.5962],[1476288000000,0.5974],[1476374400000,0.5971],[1476460800000,0.5973],[1476547200000,0.5973],[1476633600000,0.597],[1476720000000,0.5883],[1476806400000,0.5993],[1476892800000,0.6132],[1476979200000,0.5317],[1477065600000,0.6071],[1477152000000,0.6071],[1477238400000,0.607],[1477324800000,0.607],[1477411200000,0.6322],[1477497600000,0.652],[1477584000000,0.652],[1477670400000,0.6519],[1477756800000,0.6519],[1477843200000,0.6518],[1477929600000,0.6518],[1478016000000,0.6512],[1478102400000,0.6294],[1478188800000,0.6408],[1478275200000,0.6408],[1478361600000,0.6407],[1478448000000,0.6404],[1478534400000,0.6407],[1478620800000,0.5793],[1478707200000,0.4786],[1478793600000,0.4502],[1478880000000,0.4604],[1478966400000,0.4604],[1479052800000,0.4986],[1479139200000,0.6246],[1479225600000,0.6657],[1479312000000,0.6756],[1479398400000,0.6755],[1479484800000,0.6755],[1479571200000,0.6754],[1479657600000,0.6186],[1479744000000,0.6824],[1479830400000,0.6837],[1479916800000,0.6936],[1480003200000,0.6887],[1480089600000,0.6986],[1480176000000,0.6985],[1480262400000,0.6985],[1480348800000,0.6984],[1480435200000,0.7216],[1480521600000,0.7215],[1480608000000,0.6845],[1480694400000,0.6847],[1480780800000,0.6847],[1480867200000,0.7047],[1480953600000,0.7063],[1481040000000,0.706],[1481126400000,0.6772],[1481212800000,0.6777],[1481299200000,0.6776],[1481385600000,0.6776],[1481472000000,0.6676],[1481558400000,0.6774],[1481644800000,0.6774],[1481731200000,0.7075],[1481817600000,0.7575],[1481904000000,0.7676],[1481990400000,0.7675],[1482076800000,0.8521],[1482163200000,0.8622],[1482249600000,0.7341],[1482336000000,1.1557],[1482422400000,1.1953],[1482508800000,1.1951],[1482595200000,1.195],[1482681600000,1.1979],[1482768000000,1.2071],[1482854400000,1.771],[1482940800000,1.7598],[1483027200000,1.7531],[1483113600000,1.7525],[1483200000000,1.2065],[1483286400000,1.2064],[1483372800000,1.205],[1483459200000,1.1589],[1483545600000,0.8721],[1483632000000,0.8974],[1483718400000,0.9083],[1483804800000,0.9082],[1483891200000,0.7911],[1483977600000,0.8382],[1484064000000,0.8385],[1484150400000,0.8123],[1484236800000,0.8258],[1484323200000,0.8278],[1484409600000,0.8278],[1484496000000,0.8562],[1484582400000,0.8925],[1484668800000,0.8936],[1484755200000,0.8952],[1484841600000,0.8968],[1484928000000,0.8975],[1485014400000,0.8975],[1485100800000,0.8973],[1485187200000,0.8974],[1485273600000,0.8971],[1485360000000,0.8974],[1485446400000,0.8973],[1485532800000,0.8972],[1485619200000,0.8972],[1485705600000,0.8971],[1485792000000,0.897],[1485878400000,0.8969],[1485964800000,0.8969],[1486051200000,0.8969],[1486137600000,0.8969],[1486224000000,0.8968],[1486310400000,0.8811],[1486396800000,0.9091],[1486483200000,0.911],[1486569600000,0.8476],[1486656000000,0.857],[1486742400000,0.8569],[1486828800000,0.8569],[1486915200000,0.8571],[1487001600000,0.8594],[1487088000000,0.8613],[1487174400000,0.8665],[1487260800000,0.8766],[1487347200000,0.8271],[1487433600000,0.827],[1487520000000,0.8889],[1487606400000,0.9376],[1487692800000,0.9483],[1487779200000,0.9257],[1487865600000,0.9705],[1487952000000,0.9805],[1488038400000,0.9804],[1488124800000,0.9796],[1488211200000,0.9804],[1488297600000,0.981],[1488384000000,1.0345],[1488470400000,0.9778],[1488556800000,0.9779],[1488643200000,0.9778],[1488729600000,1.1046],[1488816000000,1.1076],[1488902400000,1.1074],[1488988800000,1.1064],[1489075200000,1.1064],[1489161600000,1.1063],[1489248000000,1.1062],[1489334400000,1.1063],[1489420800000,1.1062],[1489507200000,1.1061],[1489593600000,1.12],[1489680000000,1.1204],[1489766400000,1.1204],[1489852800000,1.1203],[1489939200000,1.1386],[1490025600000,1.1706],[1490112000000,1.1488],[1490198400000,1.1906],[1490284800000,1.1992],[1490371200000,1.1992],[1490457600000,1.1991],[1490544000000,1.2009],[1490630400000,1.1962],[1490716800000,1.1926],[1490803200000,1.1664],[1490889600000,1.1606],[1490976000000,1.1611],[1491062400000,1.161],[1491148800000,1.1609],[1491235200000,1.1608],[1491321600000,1.1709],[1491408000000,1.1594],[1491494400000,1.1755],[1491580800000,1.1756],[1491667200000,1.1755],[1491753600000,1.1749],[1491840000000,1.1744],[1491926400000,1.1709],[1492012800000,1.1711],[1492099200000,1.1708],[1492185600000,1.1713],[1492272000000,1.1712],[1492358400000,1.168],[1492444800000,1.1697],[1492531200000,1.1721],[1492617600000,1.172],[1492704000000,1.172],[1492790400000,1.1725],[1492876800000,1.1724],[1492963200000,1.1699],[1493049600000,1.1139],[1493136000000,1.139],[1493222400000,1.2429],[1493308800000,1.1411],[1493395200000,1.1416],[1493481600000,1.1415],[1493568000000,1.1414],[1493654400000,1.1403],[1493740800000,1.1787],[1493827200000,1.1282],[1493913600000,1.1983],[1494000000000,1.1253],[1494086400000,1.1252],[1494172800000,1.1251],[1494259200000,1.1244],[1494345600000,1.104],[1494432000000,1.1045],[1494518400000,1.1045],[1494604800000,1.1045],[1494691200000,1.1044],[1494777600000,1.1042],[1494864000000,1.1043],[1494950400000,1.1084],[1495036800000,1.108],[1495123200000,1.1085],[1495209600000,1.1085],[1495296000000,1.1084],[1495382400000,1.1083],[1495468800000,1.1098],[1495555200000,1.1183],[1495641600000,1.1177],[1495728000000,1.1182],[1495814400000,1.1181],[1495900800000,1.118],[1495987200000,1.1179],[1496073600000,1.1178],[1496160000000,1.1235],[1496246400000,1.1862],[1496332800000,1.1789],[1496419200000,1.18],[1496505600000,1.1799],[1496592000000,1.2022],[1496678400000,1.234],[1496764800000,1.2346],[1496851200000,1.2423],[1496937600000,1.2401],[1497024000000,1.24],[1497110400000,1.2398],[1497196800000,1.2396],[1497283200000,1.2387],[1497369600000,1.2387],[1497456000000,1.2398],[1497542400000,1.2625],[1497628800000,1.2362],[1497715200000,1.2361],[1497801600000,1.2839],[1497888000000,1.2964],[1497974400000,1.2453],[1498060800000,1.2488],[1498147200000,1.2475],[1498233600000,1.2472],[1498320000000,1.2471],[1498406400000,1.2477],[1498492800000,1.276],[1498579200000,1.2787],[1498665600000,1.2784],[1498752000000,1.2578],[1498838400000,1.2578],[1498924800000,1.2577],[1499011200000,1.2591],[1499097600000,1.2261],[1499184000000,1.2212],[1499270400000,1.2216],[1499356800000,1.2357],[1499443200000,1.2357],[1499529600000,1.2356],[1499616000000,1.2268],[1499702400000,1.2291],[1499788800000,1.2368],[1499875200000,1.2408],[1499961600000,1.2456],[1500048000000,1.2457],[1500134400000,1.2456],[1500220800000,1.243],[1500307200000,1.2252],[1500393600000,1.2505],[1500480000000,1.2504],[1500566400000,1.2521],[1500652800000,1.252],[1500739200000,1.2518],[1500825600000,1.2437],[1500912000000,1.2419],[1500998400000,1.2424],[1501084800000,1.2332],[1501171200000,1.234],[1501257600000,1.234],[1501344000000,1.2339],[1501430400000,1.2282],[1501516800000,1.2236],[1501603200000,1.2268],[1501689600000,1.2261],[1501776000000,1.2269],[1501862400000,1.2268],[1501948800000,1.2267],[1502035200000,1.2349],[1502121600000,1.228],[1502208000000,1.2291],[1502294400000,1.2284],[1502380800000,1.2286],[1502467200000,1.2285],[1502553600000,1.2284],[1502640000000,1.2274],[1502726400000,1.1988],[1502812800000,1.2316],[1502899200000,1.2308],[1502985600000,1.2313],[1503072000000,1.2313],[1503158400000,1.2312],[1503244800000,1.2265],[1503331200000,1.2311],[1503417600000,1.2074],[1503504000000,1.215],[1503590400000,1.2193],[1503676800000,1.2194],[1503763200000,1.2193],[1503849600000,1.2191],[1503936000000,1.219],[1504022400000,1.2281],[1504108800000,1.2294],[1504195200000,1.2073],[1504281600000,1.2048],[1504368000000,1.2047],[1504454400000,1.2059],[1504540800000,1.2053],[1504627200000,1.198],[1504713600000,1.2051],[1504800000000,1.1996],[1504886400000,1.1994],[1504972800000,1.1993],[1505059200000,1.1992],[1505145600000,1.2033],[1505232000000,1.2038],[1505318400000,1.2034],[1505404800000,1.2088],[1505491200000,1.2088],[1505577600000,1.2071],[1505664000000,1.2075],[1505750400000,1.2049],[1505836800000,1.138],[1505923200000,1.202],[1506009600000,1.1985],[1506096000000,1.1985],[1506182400000,1.1983],[1506268800000,1.1896],[1506355200000,1.2093],[1506441600000,1.1991],[1506528000000,1.1989],[1506614400000,1.1985],[1506700800000,1.1985],[1506787200000,1.1984],[1506873600000,1.1982],[1506960000000,1.1981],[1507046400000,1.198],[1507132800000,1.1979],[1507219200000,1.1978],[1507305600000,1.1977],[1507392000000,1.1976],[1507478400000,1.187],[1507564800000,1.1865],[1507651200000,1.1835],[1507737600000,1.1839],[1507824000000,1.1839],[1507910400000,1.1838],[1507996800000,1.1837],[1508083200000,1.1764],[1508169600000,1.1706],[1508256000000,1.1684],[1508342400000,1.1686],[1508428800000,1.1685],[1508515200000,1.1661],[1508601600000,1.166],[1508688000000,1.1681],[1508774400000,1.1676],[1508860800000,1.1746],[1508947200000,1.1743],[1509033600000,1.1743],[1509120000000,1.1742],[1509206400000,1.1741],[1509292800000,1.1804],[1509379200000,1.1888],[1509465600000,1.1869],[1509552000000,1.1869],[1509638400000,1.1873],[1509724800000,1.1873],[1509811200000,1.1871],[1509897600000,1.1792],[1509984000000,1.1698],[1510070400000,1.1636],[1510156800000,1.1636],[1510243200000,1.1634],[1510329600000,1.1633],[1510416000000,1.1632],[1510502400000,1.1654],[1510588800000,1.1698],[1510675200000,1.1754],[1510761600000,1.1767],[1510848000000,1.1776],[1510934400000,1.1775],[1511020800000,1.1774],[1511107200000,1.1763],[1511193600000,1.1771],[1511280000000,1.1754],[1511366400000,1.1754],[1511452800000,1.1753],[1511539200000,1.1752],[1511625600000,1.1751],[1511712000000,1.1844],[1511798400000,1.1894],[1511884800000,1.1798],[1511971200000,1.1849],[1512057600000,1.1358],[1512144000000,1.1441],[1512230400000,1.144],[1512316800000,1.141],[1512403200000,1.1162],[1512489600000,1.1269],[1512576000000,1.1283],[1512662400000,1.1286],[1512748800000,1.1292],[1512835200000,1.1291],[1512921600000,1.1295],[1513008000000,1.1476],[1513094400000,1.1362],[1513180800000,1.1305],[1513267200000,1.1519],[1513353600000,1.1522],[1513440000000,1.1521],[1513526400000,1.1577],[1513612800000,1.2055],[1513699200000,1.1733],[1513785600000,1.352],[1513872000000,1.2997],[1513958400000,1.2981],[1514044800000,1.298],[1514131200000,1.3051],[1514217600000,1.3185],[1514304000000,1.3161],[1514390400000,1.3335],[1514476800000,1.3334],[1514563200000,1.3334],[1514649600000,1.3333],[1514736000000,1.3422],[1514822400000,1.3398],[1514908800000,1.2971],[1514995200000,1.3116],[1515081600000,1.2519],[1515168000000,1.2335],[1515254400000,1.2333],[1515340800000,1.2484],[1515427200000,1.2531],[1515513600000,1.2519],[1515600000000,1.2516],[1515686400000,1.2558],[1515772800000,1.2559],[1515859200000,1.2558],[1515945600000,1.2769],[1516032000000,1.2769],[1516118400000,1.2769],[1516204800000,1.2453],[1516291200000,1.2071],[1516377600000,1.2237],[1516464000000,1.2236],[1516550400000,1.2264],[1516636800000,1.2265],[1516723200000,1.2256],[1516809600000,1.2378],[1516896000000,1.2429],[1516982400000,1.2429],[1517068800000,1.1902],[1517155200000,1.236],[1517241600000,1.2433],[1517328000000,1.2459],[1517414400000,1.2116],[1517500800000,1.2099],[1517587200000,1.2102],[1517673600000,1.21],[1517760000000,1.0999],[1517846400000,1.1069]];
/*基金收益走势图   7日年化收益率*/
var Data_sevenDaysYearIncome = [[1470326400000,2.099],[1470844800000,2.103],[1470931200000,2.102],[1471017600000,2.102],[1471104000000,2.102],[1471190400000,2.102],[1471276800000,2.102],[1471363200000,2.102],[1471449600000,2.101],[1471536000000,2.101],[1471622400000,2.101],[1471708800000,2.101],[1471795200000,2.1],[1471881600000,2.1],[1471968000000,2.1],[1472054400000,2.1],[1472140800000,2.1],[1472227200000,2.099],[1472313600000,2.099],[1472400000000,2.099],[1472486400000,2.099],[1472572800000,2.099],[1472659200000,2.099],[1472745600000,2.098],[1472832000000,2.098],[1472918400000,2.098],[1473004800000,2.097],[1473091200000,2.097],[1473177600000,2.097],[1473264000000,2.097],[1473350400000,2.087],[1473436800000,2.081],[1473523200000,2.076],[1473609600000,2.075],[1473696000000,2.075],[1473782400000,2.076],[1473868800000,2.076],[1473955200000,2.087],[1474041600000,2.093],[1474128000000,2.099],[1474214400000,2.096],[1474300800000,2.113],[1474387200000,2.134],[1474473600000,2.156],[1474560000000,2.165],[1474646400000,2.174],[1474732800000,2.183],[1474819200000,2.164],[1474905600000,2.102],[1474992000000,2.081],[1475078400000,2.059],[1475164800000,2.051],[1475251200000,2.042],[1475337600000,2.033],[1475424000000,2.058],[1475510400000,2.104],[1475596800000,2.103],[1475683200000,2.103],[1475769600000,2.103],[1475856000000,2.103],[1475942400000,2.103],[1476028800000,2.103],[1476115200000,2.118],[1476201600000,2.132],[1476288000000,2.146],[1476374400000,2.161],[1476460800000,2.175],[1476547200000,2.19],[1476633600000,2.204],[1476720000000,2.198],[1476806400000,2.2],[1476892800000,2.208],[1476979200000,2.174],[1477065600000,2.179],[1477152000000,2.184],[1477238400000,2.189],[1477324800000,2.199],[1477411200000,2.217],[1477497600000,2.238],[1477584000000,2.302],[1477670400000,2.326],[1477756800000,2.35],[1477843200000,2.373],[1477929600000,2.397],[1478016000000,2.408],[1478102400000,2.395],[1478188800000,2.389],[1478275200000,2.384],[1478361600000,2.378],[1478448000000,2.371],[1478534400000,2.366],[1478620800000,2.327],[1478707200000,2.247],[1478793600000,2.145],[1478880000000,2.049],[1478966400000,1.953],[1479052800000,1.878],[1479139200000,1.869],[1479225600000,1.915],[1479312000000,2.02],[1479398400000,2.14],[1479484800000,2.255],[1479571200000,2.369],[1479657600000,2.433],[1479744000000,2.464],[1479830400000,2.474],[1479916800000,2.483],[1480003200000,2.49],[1480089600000,2.503],[1480176000000,2.515],[1480262400000,2.558],[1480348800000,2.566],[1480435200000,2.587],[1480521600000,2.602],[1480608000000,2.599],[1480694400000,2.592],[1480780800000,2.585],[1480867200000,2.588],[1480953600000,2.592],[1481040000000,2.584],[1481126400000,2.56],[1481212800000,2.556],[1481299200000,2.553],[1481385600000,2.549],[1481472000000,2.529],[1481558400000,2.514],[1481644800000,2.498],[1481731200000,2.514],[1481817600000,2.557],[1481904000000,2.605],[1481990400000,2.653],[1482076800000,2.752],[1482163200000,2.851],[1482249600000,2.882],[1482336000000,3.122],[1482422400000,3.358],[1482508800000,3.589],[1482595200000,3.82],[1482681600000,4.007],[1482768000000,4.194],[1482854400000,4.759],[1482940800000,5.09],[1483027200000,5.396],[1483113600000,5.702],[1483200000000,5.709],[1483286400000,5.713],[1483372800000,5.712],[1483459200000,5.375],[1483545600000,4.889],[1483632000000,4.422],[1483718400000,3.963],[1483804800000,3.802],[1483891200000,3.577],[1483977600000,3.379],[1484064000000,3.207],[1484150400000,3.175],[1484236800000,3.136],[1484323200000,3.093],[1484409600000,3.05],[1484496000000,3.085],[1484582400000,3.114],[1484668800000,3.143],[1484755200000,3.188],[1484841600000,3.226],[1484928000000,3.264],[1485014400000,3.301],[1485100800000,3.323],[1485187200000,3.326],[1485273600000,3.328],[1485360000000,3.329],[1485446400000,3.329],[1485532800000,3.329],[1485619200000,3.329],[1485705600000,3.329],[1485792000000,3.329],[1485878400000,3.329],[1485964800000,3.328],[1486051200000,3.328],[1486137600000,3.328],[1486224000000,3.328],[1486310400000,3.319],[1486396800000,3.326],[1486483200000,3.333],[1486569600000,3.307],[1486656000000,3.285],[1486742400000,3.264],[1486828800000,3.242],[1486915200000,3.229],[1487001600000,3.203],[1487088000000,3.176],[1487174400000,3.186],[1487260800000,3.197],[1487347200000,3.181],[1487433600000,3.164],[1487520000000,3.182],[1487606400000,3.224],[1487692800000,3.27],[1487779200000,3.302],[1487865600000,3.353],[1487952000000,3.436],[1488038400000,3.518],[1488124800000,3.567],[1488211200000,3.59],[1488297600000,3.608],[1488384000000,3.667],[1488470400000,3.671],[1488556800000,3.669],[1488643200000,3.668],[1488729600000,3.736],[1488816000000,3.804],[1488902400000,3.873],[1488988800000,3.912],[1489075200000,3.982],[1489161600000,4.051],[1489248000000,4.121],[1489334400000,4.122],[1489420800000,4.121],[1489507200000,4.12],[1489593600000,4.128],[1489680000000,4.135],[1489766400000,4.143],[1489852800000,4.151],[1489939200000,4.168],[1490025600000,4.203],[1490112000000,4.226],[1490198400000,4.265],[1490284800000,4.308],[1490371200000,4.35],[1490457600000,4.393],[1490544000000,4.427],[1490630400000,4.441],[1490716800000,4.465],[1490803200000,4.452],[1490889600000,4.431],[1490976000000,4.41],[1491062400000,4.389],[1491148800000,4.368],[1491235200000,4.348],[1491321600000,4.336],[1491408000000,4.333],[1491494400000,4.341],[1491580800000,4.349],[1491667200000,4.357],[1491753600000,4.364],[1491840000000,4.372],[1491926400000,4.372],[1492012800000,4.378],[1492099200000,4.375],[1492185600000,4.373],[1492272000000,4.371],[1492358400000,4.367],[1492444800000,4.364],[1492531200000,4.365],[1492617600000,4.366],[1492704000000,4.366],[1492790400000,4.367],[1492876800000,4.367],[1492963200000,4.369],[1493049600000,4.338],[1493136000000,4.32],[1493222400000,4.359],[1493308800000,4.342],[1493395200000,4.325],[1493481600000,4.308],[1493568000000,4.293],[1493654400000,4.307],[1493740800000,4.329],[1493827200000,4.266],[1493913600000,4.297],[1494000000000,4.289],[1494086400000,4.28],[1494172800000,4.271],[1494259200000,4.262],[1494345600000,4.222],[1494432000000,4.209],[1494518400000,4.158],[1494604800000,4.147],[1494691200000,4.135],[1494777600000,4.124],[1494864000000,4.113],[1494950400000,4.115],[1495036800000,4.117],[1495123200000,4.119],[1495209600000,4.122],[1495296000000,4.124],[1495382400000,4.126],[1495468800000,4.129],[1495555200000,4.134],[1495641600000,4.14],[1495728000000,4.145],[1495814400000,4.15],[1495900800000,4.155],[1495987200000,4.161],[1496073600000,4.165],[1496160000000,4.168],[1496246400000,4.205],[1496332800000,4.238],[1496419200000,4.272],[1496505600000,4.305],[1496592000000,4.351],[1496678400000,4.414],[1496764800000,4.475],[1496851200000,4.505],[1496937600000,4.539],[1497024000000,4.571],[1497110400000,4.604],[1497196800000,4.624],[1497283200000,4.627],[1497369600000,4.629],[1497456000000,4.628],[1497542400000,4.64],[1497628800000,4.638],[1497715200000,4.636],[1497801600000,4.66],[1497888000000,4.692],[1497974400000,4.695],[1498060800000,4.7],[1498147200000,4.692],[1498233600000,4.698],[1498320000000,4.704],[1498406400000,4.684],[1498492800000,4.673],[1498579200000,4.691],[1498665600000,4.708],[1498752000000,4.713],[1498838400000,4.719],[1498924800000,4.725],[1499011200000,4.731],[1499097600000,4.704],[1499184000000,4.672],[1499270400000,4.641],[1499356800000,4.629],[1499443200000,4.617],[1499529600000,4.605],[1499616000000,4.588],[1499702400000,4.589],[1499788800000,4.598],[1499875200000,4.608],[1499961600000,4.614],[1500048000000,4.619],[1500134400000,4.624],[1500220800000,4.633],[1500307200000,4.631],[1500393600000,4.639],[1500480000000,4.644],[1500566400000,4.647],[1500652800000,4.651],[1500739200000,4.654],[1500825600000,4.655],[1500912000000,4.664],[1500998400000,4.659],[1501084800000,4.65],[1501171200000,4.64],[1501257600000,4.63],[1501344000000,4.62],[1501430400000,4.612],[1501516800000,4.602],[1501603200000,4.594],[1501689600000,4.59],[1501776000000,4.586],[1501862400000,4.582],[1501948800000,4.578],[1502035200000,4.582],[1502121600000,4.584],[1502208000000,4.585],[1502294400000,4.586],[1502380800000,4.587],[1502467200000,4.588],[1502553600000,4.589],[1502640000000,4.585],[1502726400000,4.569],[1502812800000,4.571],[1502899200000,4.572],[1502985600000,4.573],[1503072000000,4.575],[1503158400000,4.576],[1503244800000,4.576],[1503331200000,4.594],[1503417600000,4.58],[1503504000000,4.572],[1503590400000,4.565],[1503676800000,4.559],[1503763200000,4.552],[1503849600000,4.548],[1503936000000,4.542],[1504022400000,4.553],[1504108800000,4.561],[1504195200000,4.554],[1504281600000,4.546],[1504368000000,4.538],[1504454400000,4.531],[1504540800000,4.524],[1504627200000,4.507],[1504713600000,4.494],[1504800000000,4.49],[1504886400000,4.487],[1504972800000,4.484],[1505059200000,4.48],[1505145600000,4.479],[1505232000000,4.482],[1505318400000,4.481],[1505404800000,4.486],[1505491200000,4.492],[1505577600000,4.496],[1505664000000,4.5],[1505750400000,4.501],[1505836800000,4.465],[1505923200000,4.465],[1506009600000,4.459],[1506096000000,4.453],[1506182400000,4.449],[1506268800000,4.439],[1506355200000,4.441],[1506441600000,4.475],[1506528000000,4.473],[1506614400000,4.473],[1506700800000,4.473],[1506787200000,4.473],[1506873600000,4.478],[1506960000000,4.471],[1507046400000,4.471],[1507132800000,4.47],[1507219200000,4.47],[1507305600000,4.469],[1507392000000,4.469],[1507478400000,4.463],[1507564800000,4.457],[1507651200000,4.449],[1507737600000,4.441],[1507824000000,4.434],[1507910400000,4.426],[1507996800000,4.418],[1508083200000,4.413],[1508169600000,4.404],[1508256000000,4.396],[1508342400000,4.387],[1508428800000,4.379],[1508515200000,4.369],[1508601600000,4.36],[1508688000000,4.355],[1508774400000,4.354],[1508860800000,4.357],[1508947200000,4.36],[1509033600000,4.363],[1509120000000,4.368],[1509206400000,4.372],[1509292800000,4.379],[1509379200000,4.39],[1509465600000,4.397],[1509552000000,4.404],[1509638400000,4.411],[1509724800000,4.418],[1509811200000,4.425],[1509897600000,4.425],[1509984000000,4.414],[1510070400000,4.401],[1510156800000,4.389],[1510243200000,4.376],[1510329600000,4.363],[1510416000000,4.35],[1510502400000,4.342],[1510588800000,4.342],[1510675200000,4.349],[1510761600000,4.356],[1510848000000,4.363],[1510934400000,4.371],[1511020800000,4.379],[1511107200000,4.385],[1511193600000,4.389],[1511280000000,4.389],[1511366400000,4.388],[1511452800000,4.387],[1511539200000,4.386],[1511625600000,4.384],[1511712000000,4.389],[1511798400000,4.395],[1511884800000,4.398],[1511971200000,4.403],[1512057600000,4.382],[1512144000000,4.365],[1512230400000,4.348],[1512316800000,4.324],[1512403200000,4.284],[1512489600000,4.256],[1512576000000,4.225],[1512662400000,4.221],[1512748800000,4.213],[1512835200000,4.205],[1512921600000,4.198],[1513008000000,4.215],[1513094400000,4.221],[1513180800000,4.222],[1513267200000,4.234],[1513353600000,4.247],[1513440000000,4.259],[1513526400000,4.275],[1513612800000,4.306],[1513699200000,4.326],[1513785600000,4.447],[1513872000000,4.527],[1513958400000,4.607],[1514044800000,4.687],[1514131200000,4.767],[1514217600000,4.829],[1514304000000,4.907],[1514390400000,4.897],[1514476800000,4.915],[1514563200000,4.935],[1514649600000,4.954],[1514736000000,4.974],[1514822400000,4.986],[1514908800000,4.975],[1514995200000,4.963],[1515081600000,4.919],[1515168000000,4.864],[1515254400000,4.81],[1515340800000,4.758],[1515427200000,4.711],[1515513600000,4.686],[1515600000000,4.654],[1515686400000,4.656],[1515772800000,4.668],[1515859200000,4.68],[1515945600000,4.696],[1516032000000,4.709],[1516118400000,4.722],[1516204800000,4.719],[1516291200000,4.692],[1516377600000,4.675],[1516464000000,4.657],[1516550400000,4.63],[1516636800000,4.602],[1516723200000,4.574],[1516809600000,4.57],[1516896000000,4.59],[1516982400000,4.6],[1517068800000,4.582],[1517155200000,4.587],[1517241600000,4.596],[1517328000000,4.607],[1517414400000,4.593],[1517500800000,4.575],[1517587200000,4.557],[1517673600000,4.568],[1517760000000,4.494],[1517846400000,4.42]];
/*资产配置*/
var Data_assetAllocationCurrency ={"categories":["12-31","09-30","06-30","03-31"],"series":[{"name":"股票","data":[null,null,null,null]},{"name":"债券","data":[31.95,32.69,30.38,37.58]},{"name":"现金","data":[54.94,62.04,66.52,66.61]}]};
/*累计收益率走势*/
var Data_grandTotal = [{"name":"博时合利货币","data":[[1501948800000,0],[1502035200000,0.01],[1502121600000,0.02],[1502208000000,0.04],[1502294400000,0.05],[1502380800000,0.06],[1502467200000,0.07],[1502553600000,0.09],[1502640000000,0.10],[1502726400000,0.11],[1502812800000,0.12],[1502899200000,0.14],[1502985600000,0.15],[1503072000000,0.16],[1503158400000,0.17],[1503244800000,0.18],[1503331200000,0.20],[1503417600000,0.21],[1503504000000,0.22],[1503590400000,0.23],[1503676800000,0.25],[1503763200000,0.26],[1503849600000,0.27],[1503936000000,0.28],[1504022400000,0.29],[1504108800000,0.31],[1504195200000,0.32],[1504281600000,0.33],[1504368000000,0.34],[1504454400000,0.36],[1504540800000,0.37],[1504627200000,0.38],[1504713600000,0.39],[1504800000000,0.40],[1504886400000,0.42],[1504972800000,0.43],[1505059200000,0.44],[1505145600000,0.45],[1505232000000,0.46],[1505318400000,0.48],[1505404800000,0.49],[1505491200000,0.50],[1505577600000,0.51],[1505664000000,0.52],[1505750400000,0.54],[1505836800000,0.55],[1505923200000,0.56],[1506009600000,0.57],[1506096000000,0.58],[1506182400000,0.60],[1506268800000,0.61],[1506355200000,0.62],[1506441600000,0.63],[1506528000000,0.64],[1506614400000,0.66],[1506700800000,0.67],[1506787200000,0.68],[1506873600000,0.69],[1506960000000,0.70],[1507046400000,0.72],[1507132800000,0.73],[1507219200000,0.74],[1507305600000,0.75],[1507392000000,0.77],[1507478400000,0.78],[1507564800000,0.79],[1507651200000,0.80],[1507737600000,0.81],[1507824000000,0.82],[1507910400000,0.84],[1507996800000,0.85],[1508083200000,0.86],[1508169600000,0.87],[1508256000000,0.88],[1508342400000,0.90],[1508428800000,0.91],[1508515200000,0.92],[1508601600000,0.93],[1508688000000,0.94],[1508774400000,0.95],[1508860800000,0.97],[1508947200000,0.98],[1509033600000,0.99],[1509120000000,1.00],[1509206400000,1.01],[1509292800000,1.03],[1509379200000,1.04],[1509465600000,1.05],[1509552000000,1.06],[1509638400000,1.07],[1509724800000,1.09],[1509811200000,1.10],[1509897600000,1.11],[1509984000000,1.12],[1510070400000,1.13],[1510156800000,1.15],[1510243200000,1.16],[1510329600000,1.17],[1510416000000,1.18],[1510502400000,1.19],[1510588800000,1.20],[1510675200000,1.22],[1510761600000,1.23],[1510848000000,1.24],[1510934400000,1.25],[1511020800000,1.26],[1511107200000,1.28],[1511193600000,1.29],[1511280000000,1.30],[1511366400000,1.31],[1511452800000,1.32],[1511539200000,1.34],[1511625600000,1.35],[1511712000000,1.36],[1511798400000,1.37],[1511884800000,1.38],[1511971200000,1.40],[1512057600000,1.41],[1512144000000,1.42],[1512230400000,1.43],[1512316800000,1.44],[1512403200000,1.45],[1512489600000,1.46],[1512576000000,1.48],[1512662400000,1.49],[1512748800000,1.50],[1512835200000,1.51],[1512921600000,1.52],[1513008000000,1.53],[1513094400000,1.54],[1513180800000,1.56],[1513267200000,1.57],[1513353600000,1.58],[1513440000000,1.59],[1513526400000,1.60],[1513612800000,1.62],[1513699200000,1.63],[1513785600000,1.64],[1513872000000,1.65],[1513958400000,1.67],[1514044800000,1.68],[1514131200000,1.69],[1514217600000,1.71],[1514304000000,1.72],[1514390400000,1.73],[1514476800000,1.75],[1514563200000,1.76],[1514649600000,1.77],[1514736000000,1.79],[1514822400000,1.80],[1514908800000,1.82],[1514995200000,1.83],[1515081600000,1.84],[1515168000000,1.85],[1515254400000,1.87],[1515340800000,1.88],[1515427200000,1.89],[1515513600000,1.90],[1515600000000,1.92],[1515686400000,1.93],[1515772800000,1.94],[1515859200000,1.96],[1515945600000,1.97],[1516032000000,1.98],[1516118400000,2.00],[1516204800000,2.01],[1516291200000,2.02],[1516377600000,2.03],[1516464000000,2.05],[1516550400000,2.06],[1516636800000,2.07],[1516723200000,2.08],[1516809600000,2.10],[1516896000000,2.11],[1516982400000,2.12],[1517068800000,2.13],[1517155200000,2.15],[1517241600000,2.16],[1517328000000,2.17],[1517414400000,2.18],[1517500800000,2.20],[1517587200000,2.21],[1517673600000,2.22],[1517760000000,2.23],[1517846400000,2.24]]},{"name":"同类平均","data":[[1502035200000,0],[1502121600000,0.01],[1502208000000,0.02],[1502294400000,0.03],[1502380800000,0.04],[1502640000000,0.07],[1502726400000,0.08],[1502812800000,0.09],[1502899200000,0.10],[1502985600000,0.11],[1503244800000,0.14],[1503331200000,0.16],[1503417600000,0.17],[1503504000000,0.18],[1503590400000,0.19],[1503849600000,0.22],[1503936000000,0.23],[1504022400000,0.24],[1504108800000,0.25],[1504195200000,0.26],[1504454400000,0.29],[1504540800000,0.30],[1504627200000,0.31],[1504713600000,0.32],[1504800000000,0.34],[1505059200000,0.37],[1505145600000,0.38],[1505232000000,0.39],[1505318400000,0.40],[1505404800000,0.41],[1505664000000,0.44],[1505750400000,0.45],[1505836800000,0.46],[1505923200000,0.47],[1506009600000,0.48],[1506268800000,0.52],[1506355200000,0.53],[1506441600000,0.54],[1506528000000,0.55],[1506614400000,0.56],[1507478400000,0.67],[1507564800000,0.68],[1507651200000,0.69],[1507737600000,0.71],[1507824000000,0.72],[1508083200000,0.75],[1508169600000,0.76],[1508256000000,0.77],[1508342400000,0.78],[1508428800000,0.79],[1508688000000,0.82],[1508774400000,0.83],[1508860800000,0.84],[1508947200000,0.85],[1509033600000,0.86],[1509292800000,0.90],[1509379200000,0.91],[1509465600000,0.92],[1509552000000,0.93],[1509638400000,0.94],[1509897600000,0.97],[1509984000000,0.98],[1510070400000,0.99],[1510156800000,1.00],[1510243200000,1.01],[1510502400000,1.04],[1510588800000,1.06],[1510675200000,1.07],[1510761600000,1.08],[1510848000000,1.09],[1511107200000,1.12],[1511193600000,1.13],[1511280000000,1.14],[1511366400000,1.15],[1511452800000,1.16],[1511712000000,1.20],[1511798400000,1.21],[1511884800000,1.22],[1511971200000,1.23],[1512057600000,1.24],[1512316800000,1.28],[1512403200000,1.29],[1512489600000,1.30],[1512576000000,1.31],[1512662400000,1.32],[1512921600000,1.35],[1513008000000,1.36],[1513094400000,1.38],[1513180800000,1.39],[1513267200000,1.40],[1513526400000,1.43],[1513612800000,1.44],[1513699200000,1.46],[1513785600000,1.47],[1513872000000,1.48],[1514131200000,1.51],[1514217600000,1.53],[1514304000000,1.54],[1514390400000,1.55],[1514476800000,1.57],[1514822400000,1.62],[1514908800000,1.64],[1514995200000,1.65],[1515081600000,1.66],[1515340800000,1.69],[1515427200000,1.71],[1515513600000,1.72],[1515600000000,1.73],[1515686400000,1.74],[1515945600000,1.77],[1516032000000,1.79],[1516118400000,1.80],[1516204800000,1.81],[1516291200000,1.82],[1516550400000,1.86],[1516636800000,1.87],[1516723200000,1.88],[1516809600000,1.89],[1516896000000,1.90],[1517155200000,1.94],[1517241600000,1.95],[1517328000000,1.96],[1517414400000,1.97],[1517500800000,1.98],[1517760000000,2.02],[1517846400000,2.03]]},{"name":"沪深300","data":[[1502035200000,0],[1502121600000,0.15],[1502208000000,0.11],[1502294400000,-0.29],[1502380800000,-2.13],[1502640000000,-0.86],[1502726400000,-0.56],[1502812800000,-0.68],[1502899200000,-0.15],[1502985600000,-0.06],[1503244800000,0.38],[1503331200000,0.68],[1503417600000,0.79],[1503504000000,0.21],[1503590400000,1.85],[1503849600000,3.11],[1503936000000,2.89],[1504022400000,2.88],[1504108800000,2.56],[1504195200000,2.78],[1504454400000,3.19],[1504540800000,3.50],[1504627200000,3.29],[1504713600000,2.77],[1504800000000,2.66],[1505059200000,2.65],[1505145600000,2.98],[1505232000000,3.11],[1505318400000,2.77],[1505404800000,2.80],[1505664000000,3.12],[1505750400000,2.83],[1505836800000,3.10],[1505923200000,2.98],[1506009600000,2.98],[1506268800000,2.44],[1506355200000,2.52],[1506441600000,2.53],[1506528000000,2.57],[1506614400000,2.94],[1507478400000,4.17],[1507564800000,4.38],[1507651200000,4.72],[1507737600000,5.00],[1507824000000,5.21],[1508083200000,5.01],[1508169600000,5.00],[1508256000000,5.83],[1508342400000,5.49],[1508428800000,5.37],[1508688000000,5.47],[1508774400000,6.24],[1508860800000,6.71],[1508947200000,7.16],[1509033600000,7.92],[1509292800000,7.59],[1509379200000,7.51],[1509465600000,7.24],[1509552000000,7.25],[1509638400000,7.13],[1509897600000,7.89],[1509984000000,8.79],[1510070400000,8.62],[1510156800000,9.37],[1510243200000,10.33],[1510502400000,10.77],[1510588800000,10.00],[1510675200000,9.31],[1510761600000,10.15],[1510848000000,10.57],[1511107200000,11.19],[1511193600000,13.17],[1511280000000,13.44],[1511366400000,10.08],[1511452800000,10.13],[1511712000000,8.67],[1511798400000,8.83],[1511884800000,8.77],[1511971200000,7.49],[1512057600000,7.28],[1512316800000,7.84],[1512403200000,8.41],[1512489600000,7.76],[1512576000000,6.55],[1512662400000,7.42],[1512921600000,9.20],[1513008000000,7.76],[1513094400000,8.67],[1513180800000,8.03],[1513267200000,6.82],[1513526400000,6.94],[1513612800000,8.28],[1513699200000,8.15],[1513785600000,9.15],[1513872000000,8.80],[1514131200000,8.45],[1514217600000,8.77],[1514304000000,7.09],[1514390400000,7.84],[1514476800000,8.16],[1514822400000,9.68],[1514908800000,10.32],[1514995200000,10.79],[1515081600000,11.05],[1515340800000,11.63],[1515427200000,12.41],[1515513600000,12.91],[1515600000000,12.85],[1515686400000,13.37],[1515945600000,13.37],[1516032000000,14.27],[1516118400000,13.99],[1516204800000,14.61],[1516291200000,14.99],[1516550400000,16.36],[1516636800000,17.60],[1516723200000,17.79],[1516809600000,17.13],[1516896000000,17.56],[1517155200000,15.43],[1517241600000,14.20],[1517328000000,14.73],[1517414400000,13.93],[1517500800000,14.61],[1517760000000,14.69],[1517846400000,11.33]]}];
/*同类排名*/
var Data_rateInSimilarType = [{"x":1478448000000,"y":397,"sc":"450"},{"x":1478534400000,"y":390,"sc":"450"},{"x":1478620800000,"y":381,"sc":"450"},{"x":1478707200000,"y":375,"sc":"450"},{"x":1478793600000,"y":402,"sc":"450"},{"x":1479052800000,"y":406,"sc":"450"},{"x":1479139200000,"y":404,"sc":"450"},{"x":1479225600000,"y":402,"sc":"450"},{"x":1479312000000,"y":402,"sc":"450"},{"x":1479398400000,"y":401,"sc":"450"},{"x":1479657600000,"y":405,"sc":"451"},{"x":1479744000000,"y":404,"sc":"451"},{"x":1479830400000,"y":403,"sc":"451"},{"x":1479916800000,"y":402,"sc":"451"},{"x":1480003200000,"y":400,"sc":"451"},{"x":1480262400000,"y":398,"sc":"451"},{"x":1480348800000,"y":400,"sc":"452"},{"x":1480435200000,"y":398,"sc":"452"},{"x":1480521600000,"y":398,"sc":"452"},{"x":1480608000000,"y":401,"sc":"455"},{"x":1480867200000,"y":401,"sc":"455"},{"x":1480953600000,"y":400,"sc":"455"},{"x":1481040000000,"y":399,"sc":"455"},{"x":1481126400000,"y":398,"sc":"455"},{"x":1481212800000,"y":398,"sc":"456"},{"x":1481472000000,"y":395,"sc":"457"},{"x":1481558400000,"y":393,"sc":"458"},{"x":1481644800000,"y":388,"sc":"458"},{"x":1481731200000,"y":394,"sc":"458"},{"x":1481817600000,"y":397,"sc":"458"},{"x":1482076800000,"y":366,"sc":"458"},{"x":1482163200000,"y":358,"sc":"458"},{"x":1482249600000,"y":356,"sc":"458"},{"x":1482336000000,"y":347,"sc":"459"},{"x":1482422400000,"y":336,"sc":"463"},{"x":1482681600000,"y":297,"sc":"464"},{"x":1482768000000,"y":288,"sc":"464"},{"x":1482854400000,"y":259,"sc":"466"},{"x":1482940800000,"y":240,"sc":"466"},{"x":1483027200000,"y":214,"sc":"469"},{"x":1483372800000,"y":204,"sc":"469"},{"x":1483459200000,"y":203,"sc":"468"},{"x":1483545600000,"y":210,"sc":"469"},{"x":1483632000000,"y":214,"sc":"469"},{"x":1483891200000,"y":155,"sc":"469"},{"x":1483977600000,"y":150,"sc":"469"},{"x":1484064000000,"y":150,"sc":"469"},{"x":1484150400000,"y":147,"sc":"469"},{"x":1484236800000,"y":145,"sc":"469"},{"x":1484496000000,"y":145,"sc":"472"},{"x":1484582400000,"y":140,"sc":"474"},{"x":1484668800000,"y":139,"sc":"476"},{"x":1484755200000,"y":136,"sc":"476"},{"x":1484841600000,"y":137,"sc":"476"},{"x":1485100800000,"y":140,"sc":"481"},{"x":1485187200000,"y":137,"sc":"482"},{"x":1485273600000,"y":141,"sc":"484"},{"x":1485360000000,"y":135,"sc":"485"},{"x":1486051200000,"y":133,"sc":"489"},{"x":1486310400000,"y":136,"sc":"491"},{"x":1486396800000,"y":139,"sc":"491"},{"x":1486483200000,"y":135,"sc":"491"},{"x":1486569600000,"y":133,"sc":"491"},{"x":1486656000000,"y":131,"sc":"494"},{"x":1486915200000,"y":126,"sc":"496"},{"x":1487001600000,"y":125,"sc":"496"},{"x":1487088000000,"y":125,"sc":"496"},{"x":1487174400000,"y":125,"sc":"496"},{"x":1487260800000,"y":126,"sc":"496"},{"x":1487520000000,"y":133,"sc":"496"},{"x":1487606400000,"y":131,"sc":"496"},{"x":1487692800000,"y":130,"sc":"496"},{"x":1487779200000,"y":133,"sc":"498"},{"x":1487865600000,"y":135,"sc":"500"},{"x":1488124800000,"y":136,"sc":"503"},{"x":1488211200000,"y":134,"sc":"503"},{"x":1488297600000,"y":138,"sc":"503"},{"x":1488384000000,"y":140,"sc":"511"},{"x":1488470400000,"y":146,"sc":"511"},{"x":1488729600000,"y":143,"sc":"513"},{"x":1488816000000,"y":143,"sc":"515"},{"x":1488902400000,"y":141,"sc":"516"},{"x":1488988800000,"y":137,"sc":"518"},{"x":1489075200000,"y":143,"sc":"518"},{"x":1489334400000,"y":131,"sc":"518"},{"x":1489420800000,"y":128,"sc":"518"},{"x":1489507200000,"y":127,"sc":"518"},{"x":1489593600000,"y":123,"sc":"520"},{"x":1489680000000,"y":129,"sc":"520"},{"x":1489939200000,"y":121,"sc":"522"},{"x":1490025600000,"y":114,"sc":"522"},{"x":1490112000000,"y":119,"sc":"524"},{"x":1490198400000,"y":124,"sc":"530"},{"x":1490284800000,"y":138,"sc":"530"},{"x":1490544000000,"y":140,"sc":"534"},{"x":1490630400000,"y":149,"sc":"535"},{"x":1490716800000,"y":159,"sc":"535"},{"x":1490803200000,"y":168,"sc":"538"},{"x":1490889600000,"y":174,"sc":"538"},{"x":1491321600000,"y":185,"sc":"538"},{"x":1491408000000,"y":186,"sc":"540"},{"x":1491494400000,"y":198,"sc":"540"},{"x":1491753600000,"y":176,"sc":"540"},{"x":1491840000000,"y":170,"sc":"540"},{"x":1491926400000,"y":171,"sc":"540"},{"x":1492012800000,"y":172,"sc":"541"},{"x":1492099200000,"y":177,"sc":"541"},{"x":1492358400000,"y":155,"sc":"543"},{"x":1492444800000,"y":153,"sc":"543"},{"x":1492531200000,"y":149,"sc":"543"},{"x":1492617600000,"y":144,"sc":"545"},{"x":1492704000000,"y":153,"sc":"545"},{"x":1492963200000,"y":117,"sc":"545"},{"x":1493049600000,"y":114,"sc":"547"},{"x":1493136000000,"y":111,"sc":"549"},{"x":1493222400000,"y":121,"sc":"549"},{"x":1493308800000,"y":135,"sc":"549"},{"x":1493654400000,"y":84,"sc":"549"},{"x":1493740800000,"y":82,"sc":"550"},{"x":1493827200000,"y":94,"sc":"550"},{"x":1493913600000,"y":77,"sc":"550"},{"x":1494172800000,"y":71,"sc":"550"},{"x":1494259200000,"y":68,"sc":"550"},{"x":1494345600000,"y":66,"sc":"550"},{"x":1494432000000,"y":72,"sc":"550"},{"x":1494518400000,"y":62,"sc":"550"},{"x":1494777600000,"y":52,"sc":"554"},{"x":1494864000000,"y":52,"sc":"556"},{"x":1494950400000,"y":52,"sc":"560"},{"x":1495036800000,"y":58,"sc":"560"},{"x":1495123200000,"y":44,"sc":"560"},{"x":1495382400000,"y":43,"sc":"560"},{"x":1495468800000,"y":40,"sc":"562"},{"x":1495555200000,"y":39,"sc":"564"},{"x":1495641600000,"y":50,"sc":"564"},{"x":1495728000000,"y":36,"sc":"564"},{"x":1496160000000,"y":36,"sc":"564"},{"x":1496246400000,"y":35,"sc":"564"},{"x":1496332800000,"y":34,"sc":"564"},{"x":1496592000000,"y":27,"sc":"566"},{"x":1496678400000,"y":28,"sc":"566"},{"x":1496764800000,"y":27,"sc":"566"},{"x":1496851200000,"y":25,"sc":"566"},{"x":1496937600000,"y":25,"sc":"566"},{"x":1497196800000,"y":25,"sc":"574"},{"x":1497283200000,"y":25,"sc":"574"},{"x":1497369600000,"y":25,"sc":"575"},{"x":1497456000000,"y":26,"sc":"575"},{"x":1497542400000,"y":27,"sc":"575"},{"x":1497801600000,"y":25,"sc":"577"},{"x":1497888000000,"y":25,"sc":"577"},{"x":1497974400000,"y":25,"sc":"575"},{"x":1498060800000,"y":25,"sc":"575"},{"x":1498147200000,"y":27,"sc":"576"},{"x":1498406400000,"y":26,"sc":"579"},{"x":1498492800000,"y":28,"sc":"579"},{"x":1498579200000,"y":28,"sc":"579"},{"x":1498665600000,"y":28,"sc":"579"},{"x":1498752000000,"y":27,"sc":"582"},{"x":1499011200000,"y":57,"sc":"582"},{"x":1499097600000,"y":26,"sc":"582"},{"x":1499184000000,"y":26,"sc":"583"},{"x":1499270400000,"y":26,"sc":"583"},{"x":1499356800000,"y":26,"sc":"583"},{"x":1499616000000,"y":23,"sc":"583"},{"x":1499702400000,"y":23,"sc":"583"},{"x":1499788800000,"y":24,"sc":"583"},{"x":1499875200000,"y":25,"sc":"583"},{"x":1499961600000,"y":25,"sc":"586"},{"x":1500220800000,"y":25,"sc":"586"},{"x":1500307200000,"y":25,"sc":"586"},{"x":1500393600000,"y":26,"sc":"589"},{"x":1500480000000,"y":26,"sc":"589"},{"x":1500566400000,"y":27,"sc":"593"},{"x":1500825600000,"y":26,"sc":"593"},{"x":1500912000000,"y":26,"sc":"593"},{"x":1500998400000,"y":26,"sc":"594"},{"x":1501084800000,"y":26,"sc":"594"},{"x":1501171200000,"y":25,"sc":"594"},{"x":1501430400000,"y":41,"sc":"594"},{"x":1501516800000,"y":23,"sc":"594"},{"x":1501603200000,"y":24,"sc":"594"},{"x":1501689600000,"y":24,"sc":"594"},{"x":1501776000000,"y":25,"sc":"594"},{"x":1502035200000,"y":24,"sc":"596"},{"x":1502121600000,"y":24,"sc":"596"},{"x":1502208000000,"y":23,"sc":"596"},{"x":1502294400000,"y":23,"sc":"596"},{"x":1502380800000,"y":22,"sc":"596"},{"x":1502640000000,"y":22,"sc":"596"},{"x":1502726400000,"y":21,"sc":"596"},{"x":1502812800000,"y":20,"sc":"596"},{"x":1502899200000,"y":20,"sc":"596"},{"x":1502985600000,"y":21,"sc":"596"},{"x":1503244800000,"y":20,"sc":"597"},{"x":1503331200000,"y":19,"sc":"597"},{"x":1503417600000,"y":19,"sc":"597"},{"x":1503504000000,"y":19,"sc":"596"},{"x":1503590400000,"y":17,"sc":"596"},{"x":1503849600000,"y":30,"sc":"600"},{"x":1503936000000,"y":40,"sc":"600"},{"x":1504022400000,"y":19,"sc":"600"},{"x":1504108800000,"y":19,"sc":"601"},{"x":1504195200000,"y":20,"sc":"601"},{"x":1504454400000,"y":20,"sc":"601"},{"x":1504540800000,"y":17,"sc":"601"},{"x":1504627200000,"y":22,"sc":"601"},{"x":1504713600000,"y":20,"sc":"601"},{"x":1504800000000,"y":22,"sc":"601"},{"x":1505059200000,"y":23,"sc":"603"},{"x":1505145600000,"y":23,"sc":"603"},{"x":1505232000000,"y":23,"sc":"603"},{"x":1505318400000,"y":25,"sc":"605"},{"x":1505404800000,"y":24,"sc":"605"},{"x":1505664000000,"y":26,"sc":"606"},{"x":1505750400000,"y":26,"sc":"606"},{"x":1505836800000,"y":27,"sc":"603"},{"x":1505923200000,"y":25,"sc":"603"},{"x":1506009600000,"y":25,"sc":"603"},{"x":1506268800000,"y":25,"sc":"603"},{"x":1506355200000,"y":25,"sc":"603"},{"x":1506441600000,"y":24,"sc":"604"},{"x":1506528000000,"y":24,"sc":"604"},{"x":1506614400000,"y":26,"sc":"606"},{"x":1507478400000,"y":24,"sc":"606"},{"x":1507564800000,"y":26,"sc":"607"},{"x":1507651200000,"y":25,"sc":"607"},{"x":1507737600000,"y":24,"sc":"611"},{"x":1507824000000,"y":23,"sc":"611"},{"x":1508083200000,"y":26,"sc":"612"},{"x":1508169600000,"y":26,"sc":"612"},{"x":1508256000000,"y":25,"sc":"611"},{"x":1508342400000,"y":26,"sc":"611"},{"x":1508428800000,"y":27,"sc":"611"},{"x":1508688000000,"y":27,"sc":"606"},{"x":1508774400000,"y":27,"sc":"606"},{"x":1508860800000,"y":28,"sc":"607"},{"x":1508947200000,"y":26,"sc":"607"},{"x":1509033600000,"y":26,"sc":"607"},{"x":1509292800000,"y":27,"sc":"609"},{"x":1509379200000,"y":28,"sc":"610"},{"x":1509465600000,"y":28,"sc":"610"},{"x":1509552000000,"y":28,"sc":"613"},{"x":1509638400000,"y":28,"sc":"617"},{"x":1509897600000,"y":28,"sc":"621"},{"x":1509984000000,"y":28,"sc":"621"},{"x":1510070400000,"y":28,"sc":"621"},{"x":1510156800000,"y":28,"sc":"623"},{"x":1510243200000,"y":29,"sc":"623"},{"x":1510502400000,"y":34,"sc":"633"},{"x":1510588800000,"y":35,"sc":"635"},{"x":1510675200000,"y":35,"sc":"635"},{"x":1510761600000,"y":36,"sc":"635"},{"x":1510848000000,"y":37,"sc":"636"},{"x":1511107200000,"y":38,"sc":"636"},{"x":1511193600000,"y":37,"sc":"636"},{"x":1511280000000,"y":39,"sc":"636"},{"x":1511366400000,"y":39,"sc":"636"},{"x":1511452800000,"y":41,"sc":"637"},{"x":1511712000000,"y":42,"sc":"640"},{"x":1511798400000,"y":41,"sc":"640"},{"x":1511884800000,"y":41,"sc":"640"},{"x":1511971200000,"y":45,"sc":"641"},{"x":1512057600000,"y":45,"sc":"643"},{"x":1512316800000,"y":46,"sc":"643"},{"x":1512403200000,"y":48,"sc":"643"},{"x":1512489600000,"y":49,"sc":"643"},{"x":1512576000000,"y":50,"sc":"644"},{"x":1512662400000,"y":51,"sc":"652"},{"x":1512921600000,"y":55,"sc":"652"},{"x":1513008000000,"y":56,"sc":"653"},{"x":1513094400000,"y":61,"sc":"653"},{"x":1513180800000,"y":63,"sc":"654"},{"x":1513267200000,"y":65,"sc":"656"},{"x":1513526400000,"y":70,"sc":"656"},{"x":1513612800000,"y":73,"sc":"656"},{"x":1513699200000,"y":74,"sc":"656"},{"x":1513785600000,"y":73,"sc":"655"},{"x":1513872000000,"y":71,"sc":"655"},{"x":1514131200000,"y":65,"sc":"655"},{"x":1514217600000,"y":66,"sc":"655"},{"x":1514304000000,"y":66,"sc":"654"},{"x":1514390400000,"y":68,"sc":"655"},{"x":1514476800000,"y":70,"sc":"655"},{"x":1514822400000,"y":147,"sc":"655"},{"x":1514908800000,"y":173,"sc":"655"},{"x":1514995200000,"y":219,"sc":"655"},{"x":1515081600000,"y":246,"sc":"655"},{"x":1515340800000,"y":81,"sc":"655"},{"x":1515427200000,"y":80,"sc":"655"},{"x":1515513600000,"y":81,"sc":"656"},{"x":1515600000000,"y":81,"sc":"657"},{"x":1515686400000,"y":81,"sc":"657"},{"x":1515945600000,"y":80,"sc":"657"},{"x":1516032000000,"y":79,"sc":"657"},{"x":1516118400000,"y":76,"sc":"657"},{"x":1516204800000,"y":78,"sc":"657"},{"x":1516291200000,"y":78,"sc":"657"},{"x":1516550400000,"y":83,"sc":"657"},{"x":1516636800000,"y":85,"sc":"657"},{"x":1516723200000,"y":86,"sc":"657"},{"x":1516809600000,"y":85,"sc":"657"},{"x":1516896000000,"y":85,"sc":"655"},{"x":1517155200000,"y":89,"sc":"656"},{"x":1517241600000,"y":89,"sc":"656"},{"x":1517328000000,"y":90,"sc":"656"},{"x":1517414400000,"y":92,"sc":"656"},{"x":1517500800000,"y":97,"sc":"656"},{"x":1517760000000,"y":102,"sc":"656"},{"x":1517846400000,"y":104,"sc":"656"}];
/*百分比排名*/
var Data_rateInSimilarPersent = [[1478448000000,11.7800],[1478534400000,13.3300],[1478620800000,15.3300],[1478707200000,16.6700],[1478793600000,10.6700],[1479052800000,9.7800],[1479139200000,10.2200],[1479225600000,10.6700],[1479312000000,10.6700],[1479398400000,10.8900],[1479657600000,10.2000],[1479744000000,10.4200],[1479830400000,10.6400],[1479916800000,10.8600],[1480003200000,11.3100],[1480262400000,11.7500],[1480348800000,11.5000],[1480435200000,11.9500],[1480521600000,11.9500],[1480608000000,11.8700],[1480867200000,11.8700],[1480953600000,12.0900],[1481040000000,12.3100],[1481126400000,12.5300],[1481212800000,12.7200],[1481472000000,13.5700],[1481558400000,14.1900],[1481644800000,15.2800],[1481731200000,13.9700],[1481817600000,13.3200],[1482076800000,20.0900],[1482163200000,21.8300],[1482249600000,22.2700],[1482336000000,24.4000],[1482422400000,27.4300],[1482681600000,35.9900],[1482768000000,37.9300],[1482854400000,44.4200],[1482940800000,48.5000],[1483027200000,54.3700],[1483372800000,56.5000],[1483459200000,56.6200],[1483545600000,55.2200],[1483632000000,54.3700],[1483891200000,66.9500],[1483977600000,68.0200],[1484064000000,68.0200],[1484150400000,68.6600],[1484236800000,69.0800],[1484496000000,69.2800],[1484582400000,70.4600],[1484668800000,70.8000],[1484755200000,71.4300],[1484841600000,71.2200],[1485100800000,70.8900],[1485187200000,71.5800],[1485273600000,70.8700],[1485360000000,72.1600],[1486051200000,72.8000],[1486310400000,72.3000],[1486396800000,71.6900],[1486483200000,72.5100],[1486569600000,72.9100],[1486656000000,73.4800],[1486915200000,74.6000],[1487001600000,74.8000],[1487088000000,74.8000],[1487174400000,74.8000],[1487260800000,74.6000],[1487520000000,73.1900],[1487606400000,73.5900],[1487692800000,73.7900],[1487779200000,73.2900],[1487865600000,73.00],[1488124800000,72.9600],[1488211200000,73.3600],[1488297600000,72.5600],[1488384000000,72.6000],[1488470400000,71.4300],[1488729600000,72.1200],[1488816000000,72.2300],[1488902400000,72.6700],[1488988800000,73.5500],[1489075200000,72.3900],[1489334400000,74.7100],[1489420800000,75.2900],[1489507200000,75.4800],[1489593600000,76.3500],[1489680000000,75.1900],[1489939200000,76.8200],[1490025600000,78.1600],[1490112000000,77.2900],[1490198400000,76.6000],[1490284800000,73.9600],[1490544000000,73.7800],[1490630400000,72.1500],[1490716800000,70.2800],[1490803200000,68.7700],[1490889600000,67.6600],[1491321600000,65.6100],[1491408000000,65.5600],[1491494400000,63.3300],[1491753600000,67.4100],[1491840000000,68.5200],[1491926400000,68.3300],[1492012800000,68.2100],[1492099200000,67.2800],[1492358400000,71.4500],[1492444800000,71.8200],[1492531200000,72.5600],[1492617600000,73.5800],[1492704000000,71.9300],[1492963200000,78.5300],[1493049600000,79.1600],[1493136000000,79.7800],[1493222400000,77.9600],[1493308800000,75.4100],[1493654400000,84.7000],[1493740800000,85.0900],[1493827200000,82.9100],[1493913600000,86.00],[1494172800000,87.0900],[1494259200000,87.6400],[1494345600000,88.00],[1494432000000,86.9100],[1494518400000,88.7300],[1494777600000,90.6100],[1494864000000,90.6500],[1494950400000,90.7100],[1495036800000,89.6400],[1495123200000,92.1400],[1495382400000,92.3200],[1495468800000,92.8800],[1495555200000,93.0900],[1495641600000,91.1300],[1495728000000,93.6200],[1496160000000,93.6200],[1496246400000,93.7900],[1496332800000,93.9700],[1496592000000,95.2300],[1496678400000,95.0500],[1496764800000,95.2300],[1496851200000,95.5800],[1496937600000,95.5800],[1497196800000,95.6400],[1497283200000,95.6400],[1497369600000,95.6500],[1497456000000,95.4800],[1497542400000,95.3000],[1497801600000,95.6700],[1497888000000,95.6700],[1497974400000,95.6500],[1498060800000,95.6500],[1498147200000,95.3100],[1498406400000,95.5100],[1498492800000,95.1600],[1498579200000,95.1600],[1498665600000,95.1600],[1498752000000,95.3600],[1499011200000,90.2100],[1499097600000,95.5300],[1499184000000,95.5400],[1499270400000,95.5400],[1499356800000,95.5400],[1499616000000,96.0500],[1499702400000,96.0500],[1499788800000,95.8800],[1499875200000,95.7100],[1499961600000,95.7300],[1500220800000,95.7300],[1500307200000,95.7300],[1500393600000,95.5900],[1500480000000,95.5900],[1500566400000,95.4500],[1500825600000,95.6200],[1500912000000,95.6200],[1500998400000,95.6200],[1501084800000,95.6200],[1501171200000,95.7900],[1501430400000,93.1000],[1501516800000,96.1300],[1501603200000,95.9600],[1501689600000,95.9600],[1501776000000,95.7900],[1502035200000,95.9700],[1502121600000,95.9700],[1502208000000,96.1400],[1502294400000,96.1400],[1502380800000,96.3100],[1502640000000,96.3100],[1502726400000,96.4800],[1502812800000,96.6400],[1502899200000,96.6400],[1502985600000,96.4800],[1503244800000,96.6500],[1503331200000,96.8200],[1503417600000,96.8200],[1503504000000,96.8100],[1503590400000,97.1500],[1503849600000,95.00],[1503936000000,93.3300],[1504022400000,96.8300],[1504108800000,96.8400],[1504195200000,96.6700],[1504454400000,96.6700],[1504540800000,97.1700],[1504627200000,96.3400],[1504713600000,96.6700],[1504800000000,96.3400],[1505059200000,96.1900],[1505145600000,96.1900],[1505232000000,96.1900],[1505318400000,95.8700],[1505404800000,96.0300],[1505664000000,95.7100],[1505750400000,95.7100],[1505836800000,95.5200],[1505923200000,95.8500],[1506009600000,95.8500],[1506268800000,95.8500],[1506355200000,95.8500],[1506441600000,96.0300],[1506528000000,96.0300],[1506614400000,95.7100],[1507478400000,96.0400],[1507564800000,95.7200],[1507651200000,95.8800],[1507737600000,96.0700],[1507824000000,96.2400],[1508083200000,95.7500],[1508169600000,95.7500],[1508256000000,95.9100],[1508342400000,95.7400],[1508428800000,95.5800],[1508688000000,95.5400],[1508774400000,95.5400],[1508860800000,95.3900],[1508947200000,95.7200],[1509033600000,95.7200],[1509292800000,95.5700],[1509379200000,95.4100],[1509465600000,95.4100],[1509552000000,95.4300],[1509638400000,95.4600],[1509897600000,95.4900],[1509984000000,95.4900],[1510070400000,95.4900],[1510156800000,95.5100],[1510243200000,95.3500],[1510502400000,94.6300],[1510588800000,94.4900],[1510675200000,94.4900],[1510761600000,94.3300],[1510848000000,94.1800],[1511107200000,94.0300],[1511193600000,94.1800],[1511280000000,93.8700],[1511366400000,93.8700],[1511452800000,93.5600],[1511712000000,93.4400],[1511798400000,93.5900],[1511884800000,93.5900],[1511971200000,92.9800],[1512057600000,93.00],[1512316800000,92.8500],[1512403200000,92.5300],[1512489600000,92.3800],[1512576000000,92.2400],[1512662400000,92.1800],[1512921600000,91.5600],[1513008000000,91.4200],[1513094400000,90.6600],[1513180800000,90.3700],[1513267200000,90.0900],[1513526400000,89.3300],[1513612800000,88.8700],[1513699200000,88.7200],[1513785600000,88.8500],[1513872000000,89.1600],[1514131200000,90.0800],[1514217600000,89.9200],[1514304000000,89.9100],[1514390400000,89.6200],[1514476800000,89.3100],[1514822400000,77.5600],[1514908800000,73.5900],[1514995200000,66.5600],[1515081600000,62.4400],[1515340800000,87.6300],[1515427200000,87.7900],[1515513600000,87.6500],[1515600000000,87.6700],[1515686400000,87.6700],[1515945600000,87.8200],[1516032000000,87.9800],[1516118400000,88.4300],[1516204800000,88.1300],[1516291200000,88.1300],[1516550400000,87.3700],[1516636800000,87.0600],[1516723200000,86.9100],[1516809600000,87.0600],[1516896000000,87.0200],[1517155200000,86.4300],[1517241600000,86.4300],[1517328000000,86.2800],[1517414400000,85.9800],[1517500800000,85.2100],[1517760000000,84.4500],[1517846400000,84.1500]];
/*规模变动*/
var Data_fluctuationScale = {"categories":["2016-12-31","2017-03-31","2017-06-30","2017-09-30","2017-12-31"],"series":[{"y":2.03,"mom":"1.61%"},{"y":32.25,"mom":"1485.56%"},{"y":139.15,"mom":"331.50%"},{"y":235.69,"mom":"69.38%"},{"y":74.63,"mom":"-68.34%"}]};;
/*持有人结构*/
var Data_holderStructure = {"series":[{"name":"机构持有比例","data":[99.27,99.63]},{"name":"个人持有比例","data":[0.73,0.37]},{"name":"内部持有比例","data":[0.07,0.0]}],"categories":["2016-12-31","2017-06-30"]};
/*申购赎回*/
var Data_assetAllocation ={"series":[{"name":"期间申购","data":[30.37,107.22,113.43,55.93]},{"name":"期间赎回","data":[0.15,0.32,16.89,217.00]},{"name":"总份额","data":[32.25,139.15,235.69,74.63]}],"categories":["2017-03-31","2017-06-30","2017-09-30","2017-12-31"]};
/*现任基金经理*/
var Data_currentFundManager = [{"id":"30198157","pic":"https://pdf.dfcfw.com/pdf/H8_JPG30198157_1.jpg","name":"魏桢","star":4,"workTime":"5年又11天","fundSize":"2175.03亿(23只基金)","power":{"avr":"74.38","categories":["经验值","收益率","抗风险","稳定性","管理规模"],"dsc":["反映基金经理从业年限和管理基金的经验","根据基金经理投资的阶段收益评分，反映\u003cbr\u003e基金经理投资的盈利能力","反映基金经理投资的回撤控制能力","反映基金经理投资收益的波动","根据基金经理现任管理基金资产规模评分"],"data":[73.80,51.90,91.70,89.30,91.50],"jzrq":"2018-02-06"},"profit":{"categories":["任期收益","同类平均"],"series":[{"data":[{"name":null,"color":"#7cb5ec","y":5.7922},{"name":null,"color":"#414c7b","y":5.34}]}],"jzrq":"2018-02-06"}}] ;
/*同类型基金涨幅榜（页面底部通栏）*/
var swithSameType = [['002895_华夏天利货币B_5.8750','002894_华夏天利货币A_5.6210','004398_融通现金宝货币B_5.3370','000902_国开货币B_5.3360','001478_泰康薪意保货币B_5.1400'],['002895_华夏天利货币B_5.26','004973_长城收益宝货币B_5.08','004904_人保货币B_5.05','002884_华润元大现金通货币B_5.01','002894_华夏天利货币A_5.01'],['004973_长城收益宝货币B_5.05','004770_海富通添益货币A_4.99','002884_华润元大现金通货币B_4.99','005151_红土创新优淳货币B_4.90','002895_华夏天利货币B_4.89'],['004770_海富通添益货币A_5.39','004973_长城收益宝货币B_5.13','002884_华润元大现金通货币B_5.03','002895_华夏天利货币B_5.03','004398_融通现金宝货币B_5.01'],['003679_中融现金增利货币C_4.67','003474_南方天天利货币B_4.55','000836_国投瑞银钱多宝货币A_4.52','000837_国投瑞银钱多宝货币I_4.52','003753_工银如意货币B_4.51']];