/**
 * 测试数据
 * @type {arry}
 */
/*2018-02-07 16:10:16*/
//基金或股票信息
var fS_name = "工银安盈货币B";
var fS_code = "002680";
var fund_minsg="";
var ishb=true;
/*原费率*/
var fund_sourceRate="0";
/*现费率*/
var fund_Rate="0";
/*最小申购金额*/
var fund_minsg="";
/*收益率*/
/*近一年收益率*/
var syl_1n="4.376";
/*近6月收益率*/
var syl_6y="2.2708";
/*近三月收益率*/
var syl_3y="1.195";
/*近一月收益率*/
var syl_1y="0.4473";
/* 基金收益走势图 每万份收益*/
var Data_millionCopiesIncome = [[1461772800000,0.3469],[1461859200000,0.4547],[1462118400000,1.4542],[1462204800000,0.6139],[1462291200000,0.6442],[1462377600000,0.644],[1462464000000,0.6442],[1462636800000,1.289],[1462723200000,0.6443],[1462809600000,0.6394],[1462896000000,0.5543],[1462982400000,0.5259],[1463068800000,0.5259],[1463241600000,1.0825],[1463328000000,0.533],[1463414400000,0.5329],[1463500800000,0.5329],[1463587200000,0.5329],[1463673600000,0.5616],[1463846400000,1.2853],[1463932800000,0.6003],[1464019200000,0.5696],[1464105600000,0.5712],[1464192000000,0.5697],[1464278400000,0.5697],[1464451200000,1.1396],[1464537600000,0.5698],[1464624000000,0.5698],[1464710400000,3.2073],[1464796800000,0.5695],[1464883200000,0.5698],[1465056000000,1.1398],[1465142400000,0.5699],[1465228800000,0.5839],[1465315200000,0.5226],[1465660800000,2.3307],[1465747200000,0.574],[1465833600000,0.5604],[1465920000000,0.5469],[1466006400000,0.5388],[1466092800000,0.431],[1466265600000,1.2531],[1466352000000,0.6292],[1466438400000,0.5273],[1466524800000,0.5288],[1466611200000,0.5465],[1466697600000,0.4732],[1466870400000,1.2395],[1466956800000,0.6197],[1467043200000,0.5158],[1467129600000,0.4885],[1467216000000,0.5173],[1467302400000,0.4624],[1467475200000,1.1096],[1467561600000,0.5229],[1467648000000,0.5079],[1467734400000,2.8743],[1467820800000,0.5731],[1467907200000,0.5225],[1468080000000,1.2361],[1468166400000,0.5955],[1468252800000,0.5757],[1468339200000,0.5757],[1468425600000,0.582],[1468512000000,0.502],[1468684800000,1.3133],[1468771200000,0.6369],[1468857600000,0.5798],[1468944000000,0.5786],[1469030400000,0.5618],[1469116800000,0.4532],[1469289600000,1.2153],[1469376000000,0.607],[1469462400000,0.5224],[1469548800000,0.5563],[1469635200000,0.558],[1469721600000,0.5017],[1469894400000,1.2885],[1469980800000,0.6218],[1470067200000,0.5739],[1470153600000,0.5743],[1470240000000,0.5796],[1470326400000,8.3935],[1470499200000,1.3816],[1470585600000,0.6561],[1470672000000,0.657],[1470758400000,0.6549],[1470844800000,0.6485],[1470931200000,0.548],[1471104000000,1.4338],[1471190400000,0.6753],[1471276800000,0.6501],[1471363200000,0.6504],[1471449600000,0.6503],[1471536000000,0.5723],[1471708800000,1.4311],[1471795200000,0.6395],[1471881600000,0.6282],[1471968000000,0.6322],[1472054400000,0.6359],[1472140800000,0.5209],[1472313600000,1.3703],[1472400000000,0.68],[1472486400000,0.5635],[1472572800000,0.6061],[1472659200000,0.6037],[1472745600000,0.5655],[1472918400000,1.3266],[1473004800000,0.6007],[1473091200000,0.5995],[1473177600000,0.5996],[1473264000000,0.5988],[1473350400000,0.5761],[1473523200000,1.2777],[1473609600000,0.6222],[1473696000000,0.6149],[1473782400000,0.5506],[1474128000000,2.8837],[1474214400000,0.7009],[1474300800000,0.6667],[1474387200000,0.6164],[1474473600000,0.6003],[1474560000000,0.5766],[1474732800000,1.4486],[1474819200000,0.7658],[1474905600000,0.6694],[1474992000000,0.6367],[1475078400000,0.6242],[1475164800000,0.7101],[1475942400000,6.3928],[1476028800000,0.7083],[1476115200000,0.5749],[1476201600000,0.6348],[1476288000000,0.6726],[1476374400000,0.5679],[1476547200000,1.3626],[1476633600000,0.6941],[1476720000000,0.6335],[1476806400000,0.6374],[1476892800000,0.6412],[1476979200000,0.6375],[1477152000000,1.2751],[1477238400000,0.6488],[1477324800000,0.6151],[1477411200000,0.6144],[1477497600000,0.6097],[1477584000000,0.6183],[1477756800000,1.2368],[1477843200000,0.6241],[1477929600000,0.6244],[1478016000000,0.6245],[1478102400000,0.6356],[1478188800000,0.6249],[1478361600000,1.2603],[1478448000000,0.6084],[1478534400000,0.6205],[1478620800000,0.6285],[1478707200000,0.6337],[1478793600000,0.6008],[1478966400000,1.2939],[1479052800000,0.6412],[1479139200000,0.636],[1479225600000,0.6349],[1479312000000,0.6344],[1479398400000,0.5817],[1479571200000,1.3924],[1479657600000,0.6819],[1479744000000,5.3798],[1479830400000,0.6289],[1479916800000,0.6235],[1480003200000,8.8641],[1480176000000,1.4355],[1480262400000,0.7179],[1480348800000,0.6711],[1480435200000,0.6326],[1480521600000,0.6024],[1480608000000,0.6158],[1480780800000,1.3359],[1480867200000,1.0611],[1480953600000,0.6394],[1481040000000,0.6537],[1481126400000,0.6643],[1481212800000,0.6268],[1481385600000,1.3749],[1481472000000,0.7079],[1481558400000,0.6921],[1481644800000,0.7379],[1481731200000,0.7597],[1481817600000,0.7146],[1481990400000,1.0751],[1482076800000,0.799],[1482163200000,0.854],[1482249600000,0.8754],[1482336000000,1.0688],[1482422400000,1.2248],[1482595200000,1.6735],[1482681600000,0.5059],[1482768000000,0.7928],[1482854400000,0.9524],[1482940800000,1.5326],[1483027200000,1.1699],[1483113600000,1.1574],[1483286400000,2.3152],[1483372800000,1.1576],[1483459200000,1.2276],[1483545600000,1.1103],[1483632000000,1.09],[1483804800000,2.1528],[1483891200000,1.0649],[1483977600000,1.0053],[1484064000000,1.0871],[1484150400000,1.042],[1484236800000,0.9861],[1484409600000,1.9584],[1484496000000,1.0421],[1484582400000,1.044],[1484668800000,1.0299],[1484755200000,0.9888],[1484841600000,1.0508],[1485014400000,2.0931],[1485100800000,1.054],[1485187200000,1.1235],[1485273600000,1.1332],[1485360000000,1.0562],[1485964800000,7.3654],[1486051200000,1.0529],[1486224000000,2.106],[1486310400000,1.1033],[1486396800000,1.1289],[1486483200000,1.0995],[1486569600000,1.0706],[1486656000000,1.1026],[1486828800000,2.1993],[1486915200000,1.092],[1487001600000,1.0705],[1487088000000,1.0733],[1487174400000,1.0766],[1487260800000,1.0812],[1487433600000,2.1576],[1487520000000,1.0798],[1487606400000,1.0857],[1487692800000,1.0793],[1487779200000,1.0789],[1487865600000,1.0905],[1488038400000,2.1813],[1488124800000,1.0916],[1488211200000,1.0813],[1488297600000,1.089],[1488384000000,1.0995],[1488470400000,1.1029],[1488643200000,2.2015],[1488729600000,1.1092],[1488816000000,1.114],[1488902400000,1.1181],[1488988800000,1.1025],[1489075200000,1.0995],[1489248000000,2.1909],[1489334400000,1.0965],[1489420800000,1.1048],[1489507200000,1.1087],[1489593600000,1.1123],[1489680000000,1.1026],[1489852800000,2.2054],[1489939200000,1.1167],[1490025600000,1.1014],[1490112000000,1.1034],[1490198400000,1.129],[1490284800000,1.1124],[1490457600000,2.2208],[1490544000000,1.1376],[1490630400000,1.1178],[1490716800000,1.1189],[1490803200000,1.1133],[1490889600000,1.1153],[1491235200000,4.4529],[1491321600000,1.1124],[1491408000000,1.1181],[1491494400000,1.1188],[1491667200000,2.2356],[1491753600000,1.1177],[1491840000000,1.1193],[1491926400000,1.1219],[1492012800000,1.1336],[1492099200000,1.1274],[1492272000000,2.2521],[1492358400000,1.1269],[1492444800000,1.127],[1492531200000,1.127],[1492617600000,1.1271],[1492704000000,1.1268],[1492876800000,2.2355],[1492963200000,1.1217],[1493049600000,1.1272],[1493136000000,1.1312],[1493222400000,1.1308],[1493308800000,1.1273],[1493568000000,3.3824],[1493654400000,1.1269],[1493740800000,1.127],[1493827200000,1.127],[1493913600000,1.127],[1494086400000,2.2542],[1494172800000,1.122],[1494259200000,1.1238],[1494345600000,1.1235],[1494432000000,1.1224],[1494518400000,1.1111],[1494691200000,2.2436],[1494777600000,1.0713],[1494864000000,0.9671],[1494950400000,1.1154],[1495036800000,1.1232],[1495123200000,1.1227],[1495296000000,2.2457],[1495382400000,1.1241],[1495468800000,1.1261],[1495555200000,1.1253],[1495641600000,1.1254],[1495728000000,1.127],[1496073600000,4.5083],[1496160000000,1.1271],[1496246400000,1.2225],[1496332800000,1.1266],[1496505600000,2.1849],[1496592000000,1.1327],[1496678400000,1.1502],[1496764800000,1.1388],[1496851200000,1.1388],[1496937600000,1.1388],[1497110400000,2.2768],[1497196800000,1.3029],[1497283200000,1.1354],[1497369600000,1.1343],[1497456000000,1.1344],[1497542400000,1.1347],[1497715200000,2.2688],[1497801600000,1.1413],[1497888000000,1.1484],[1497974400000,1.1522],[1498060800000,1.1522],[1498147200000,1.1521],[1498320000000,2.3044],[1498406400000,1.1567],[1498492800000,1.1637],[1498579200000,1.1721],[1498665600000,1.1654],[1498752000000,1.161],[1498924800000,2.3222],[1499011200000,1.1611],[1499097600000,1.16],[1499184000000,1.1599],[1499270400000,1.1605],[1499356800000,1.1571],[1499529600000,2.3099],[1499616000000,1.1427],[1499702400000,1.1478],[1499788800000,1.1509],[1499875200000,1.1475],[1499961600000,1.1516],[1500134400000,2.299],[1500220800000,1.155],[1500307200000,1.1691],[1500393600000,1.1686],[1500480000000,1.1634],[1500566400000,1.1582],[1500739200000,2.3168],[1500825600000,1.1413],[1500912000000,1.1521],[1500998400000,1.1571],[1501084800000,1.1564],[1501171200000,1.1539],[1501344000000,2.308],[1501430400000,1.1331],[1501516800000,1.1453],[1501603200000,1.1492],[1501689600000,1.1529],[1501776000000,1.1548],[1501948800000,2.3079],[1502035200000,1.1557],[1502121600000,1.1567],[1502208000000,1.1557],[1502294400000,1.1551],[1502380800000,1.1555],[1502553600000,2.3111],[1502640000000,1.1548],[1502726400000,1.1535],[1502812800000,1.1535],[1502899200000,1.1521],[1502985600000,1.1495],[1503158400000,2.2971],[1503244800000,1.1579],[1503331200000,1.1578],[1503417600000,1.1639],[1503504000000,1.1681],[1503590400000,1.1658],[1503763200000,2.3318],[1503849600000,1.1723],[1503936000000,1.1708],[1504022400000,1.1645],[1504108800000,1.1659],[1504195200000,1.1698],[1504368000000,2.3397],[1504454400000,1.1647],[1504540800000,1.1692],[1504627200000,1.1673],[1504713600000,1.1708],[1504800000000,1.1714],[1504972800000,2.3428],[1505059200000,1.1557],[1505145600000,1.1494],[1505232000000,1.1477],[1505318400000,1.1445],[1505404800000,1.147],[1505577600000,2.2918],[1505664000000,1.144],[1505750400000,1.1362],[1505836800000,1.1353],[1505923200000,1.1354],[1506009600000,1.1449],[1506182400000,2.2944],[1506268800000,1.1474],[1506355200000,1.1623],[1506441600000,1.1545],[1506528000000,1.1509],[1506614400000,1.1586],[1507392000000,10.4024],[1507478400000,1.1622],[1507564800000,1.1346],[1507651200000,1.1653],[1507737600000,1.1244],[1507824000000,1.1234],[1507996800000,2.247],[1508083200000,1.0913],[1508169600000,1.1387],[1508256000000,1.138],[1508342400000,1.1465],[1508428800000,1.1007],[1508601600000,2.1967],[1508688000000,1.1031],[1508774400000,1.1061],[1508860800000,1.1275],[1508947200000,1.1323],[1509033600000,1.1601],[1509206400000,2.3296],[1509292800000,1.1641],[1509379200000,1.1747],[1509465600000,1.1349],[1509552000000,1.1385],[1509638400000,1.1377],[1509811200000,2.2757],[1509897600000,1.1359],[1509984000000,1.1254],[1510070400000,1.1671],[1510156800000,1.1765],[1510243200000,1.1785],[1510416000000,2.3573],[1510502400000,1.1667],[1510588800000,1.1713],[1510675200000,1.1772],[1510761600000,1.1739],[1510848000000,1.177],[1511020800000,2.3591],[1511107200000,1.1389],[1511193600000,1.1548],[1511280000000,1.1512],[1511366400000,1.1184],[1511452800000,1.1124],[1511625600000,2.2251],[1511712000000,1.0889],[1511798400000,1.0549],[1511884800000,1.0536],[1511971200000,1.1919],[1512057600000,1.3662],[1512230400000,2.4837],[1512316800000,1.6798],[1512403200000,0.972],[1512489600000,1.0782],[1512576000000,1.1755],[1512662400000,1.1263],[1512835200000,2.4083],[1512921600000,1.4657],[1513008000000,1.2269],[1513094400000,1.2697],[1513180800000,1.1649],[1513267200000,1.2926],[1513440000000,2.5967],[1513526400000,1.304],[1513612800000,1.2762],[1513699200000,1.2631],[1513785600000,1.2279],[1513872000000,1.2093],[1514044800000,2.419],[1514131200000,1.3658],[1514217600000,1.1457],[1514304000000,1.5157],[1514390400000,1.5143],[1514476800000,1.3002],[1514649600000,2.6008],[1514736000000,1.3299],[1514822400000,1.5525],[1514908800000,1.5556],[1514995200000,1.3636],[1515081600000,1.3934],[1515254400000,2.7991],[1515340800000,1.4061],[1515427200000,1.6201],[1515513600000,1.4098],[1515600000000,1.3895],[1515686400000,1.5116],[1515859200000,2.7179],[1515945600000,1.3679],[1516032000000,1.3696],[1516118400000,1.303],[1516204800000,1.3598],[1516291200000,1.3464],[1516464000000,2.6949],[1516550400000,1.3454],[1516636800000,1.3458],[1516723200000,1.827],[1516809600000,1.3336],[1516896000000,1.3378],[1517068800000,2.6785],[1517155200000,1.3335],[1517241600000,1.3325],[1517328000000,2.2351],[1517414400000,1.2588],[1517500800000,1.2548],[1517673600000,2.5089],[1517760000000,1.2536],[1517846400000,1.2938]];
/*基金收益走势图   7日年化收益率*/
var Data_sevenDaysYearIncome = [[1461772800000,0.728],[1461859200000,0.961],[1462118400000,1.307],[1462204800000,1.547],[1462291200000,1.832],[1462377600000,1.987],[1462464000000,2.086],[1462636800000,2.253],[1462723200000,2.336],[1462809600000,2.349],[1462896000000,2.302],[1462982400000,2.241],[1463068800000,2.179],[1463241600000,2.071],[1463328000000,2.013],[1463414400000,1.958],[1463500800000,1.946],[1463587200000,1.95],[1463673600000,1.969],[1463846400000,2.075],[1463932800000,2.11],[1464019200000,2.129],[1464105600000,2.149],[1464192000000,2.168],[1464278400000,2.172],[1464451200000,2.096],[1464537600000,2.08],[1464624000000,2.08],[1464710400000,3.455],[1464796800000,3.455],[1464883200000,3.455],[1465056000000,3.455],[1465142400000,3.455],[1465228800000,3.462],[1465315200000,2.063],[1465660800000,2.089],[1465747200000,2.091],[1465833600000,2.079],[1465920000000,2.092],[1466006400000,2.069],[1466092800000,1.99],[1466265600000,2.036],[1466352000000,2.064],[1466438400000,2.047],[1466524800000,2.038],[1466611200000,2.042],[1466697600000,2.064],[1466870400000,2.057],[1466956800000,2.052],[1467043200000,2.046],[1467129600000,2.025],[1467216000000,2.01],[1467302400000,2.004],[1467475200000,1.936],[1467561600000,1.886],[1467648000000,1.882],[1467734400000,3.126],[1467820800000,3.155],[1467907200000,3.186],[1468080000000,3.252],[1468166400000,3.29],[1468252800000,3.325],[1468339200000,2.127],[1468425600000,2.131],[1468512000000,2.121],[1468684800000,2.161],[1468771200000,2.182],[1468857600000,2.185],[1468944000000,2.186],[1469030400000,2.176],[1469116800000,2.15],[1469289600000,2.099],[1469376000000,2.083],[1469462400000,2.053],[1469548800000,2.042],[1469635200000,2.04],[1469721600000,2.065],[1469894400000,2.103],[1469980800000,2.111],[1470067200000,2.138],[1470153600000,2.147],[1470240000000,2.159],[1470326400000,6.274],[1470499200000,6.322],[1470585600000,6.34],[1470672000000,6.383],[1470758400000,6.425],[1470844800000,6.461],[1470931200000,2.37],[1471104000000,2.398],[1471190400000,2.408],[1471276800000,2.404],[1471363200000,2.402],[1471449600000,2.403],[1471536000000,2.415],[1471708800000,2.414],[1471795200000,2.395],[1471881600000,2.384],[1471968000000,2.374],[1472054400000,2.367],[1472140800000,2.34],[1472313600000,2.308],[1472400000000,2.329],[1472486400000,2.296],[1472572800000,2.282],[1472659200000,2.265],[1472745600000,2.289],[1472918400000,2.266],[1473004800000,2.224],[1473091200000,2.243],[1473177600000,2.24],[1473264000000,2.237],[1473350400000,2.243],[1473523200000,2.217],[1473609600000,2.228],[1473696000000,2.237],[1473782400000,2.211],[1474128000000,2.436],[1474214400000,2.477],[1474300800000,2.504],[1474387200000,2.538],[1474473600000,2.475],[1474560000000,2.4],[1474732800000,2.404],[1474819200000,2.437],[1474905600000,2.439],[1474992000000,2.449],[1475078400000,2.462],[1475164800000,2.531],[1475942400000,2.593],[1476028800000,2.592],[1476115200000,2.521],[1476201600000,2.482],[1476288000000,2.462],[1476374400000,2.388],[1476547200000,2.357],[1476633600000,2.35],[1476720000000,2.381],[1476806400000,2.382],[1476892800000,2.366],[1476979200000,2.402],[1477152000000,2.356],[1477238400000,2.333],[1477324800000,2.323],[1477411200000,2.311],[1477497600000,2.295],[1477584000000,2.285],[1477756800000,2.265],[1477843200000,2.252],[1477929600000,2.257],[1478016000000,2.262],[1478102400000,2.275],[1478188800000,2.279],[1478361600000,2.291],[1478448000000,2.283],[1478534400000,2.281],[1478620800000,2.283],[1478707200000,2.282],[1478793600000,2.269],[1478966400000,2.287],[1479052800000,2.304],[1479139200000,2.312],[1479225600000,2.315],[1479312000000,2.316],[1479398400000,2.306],[1479571200000,2.357],[1479657600000,2.378],[1479744000000,4.852],[1479830400000,4.849],[1479916800000,4.843],[1480003200000,9.162],[1480176000000,9.184],[1480262400000,9.203],[1480348800000,6.748],[1480435200000,6.75],[1480521600000,6.739],[1480608000000,2.438],[1480780800000,2.386],[1480867200000,2.565],[1480953600000,2.548],[1481040000000,2.559],[1481126400000,2.592],[1481212800000,2.597],[1481385600000,2.618],[1481472000000,2.433],[1481558400000,2.461],[1481644800000,2.505],[1481731200000,2.555],[1481817600000,2.6],[1481990400000,2.444],[1482076800000,2.492],[1482163200000,2.576],[1482249600000,2.648],[1482336000000,2.809],[1482422400000,3.075],[1482595200000,3.387],[1482681600000,3.234],[1482768000000,3.202],[1482854400000,3.242],[1482940800000,3.484],[1483027200000,3.456],[1483113600000,3.623],[1483286400000,4.13],[1483372800000,4.32],[1483459200000,4.464],[1483545600000,4.243],[1483632000000,4.202],[1483804800000,4.117],[1483891200000,4.069],[1483977600000,3.989],[1484064000000,3.916],[1484150400000,3.88],[1484236800000,3.826],[1484409600000,3.725],[1484496000000,3.713],[1484582400000,3.733],[1484668800000,3.703],[1484755200000,3.676],[1484841600000,3.709],[1485014400000,3.78],[1485100800000,3.786],[1485187200000,3.827],[1485273600000,3.881],[1485360000000,3.916],[1485964800000,3.84],[1486051200000,3.841],[1486224000000,3.842],[1486310400000,3.868],[1486396800000,3.908],[1486483200000,3.933],[1486569600000,3.943],[1486656000000,3.969],[1486828800000,4.017],[1486915200000,4.011],[1487001600000,3.981],[1487088000000,3.967],[1487174400000,3.97],[1487260800000,3.959],[1487433600000,3.937],[1487520000000,3.931],[1487606400000,3.939],[1487692800000,3.942],[1487779200000,3.943],[1487865600000,3.948],[1488038400000,3.961],[1488124800000,3.967],[1488211200000,3.964],[1488297600000,3.969],[1488384000000,3.98],[1488470400000,3.987],[1488643200000,3.997],[1488729600000,4.006],[1488816000000,4.023],[1488902400000,4.039],[1488988800000,4.04],[1489075200000,4.038],[1489248000000,4.033],[1489334400000,4.026],[1489420800000,4.021],[1489507200000,4.016],[1489593600000,4.022],[1489680000000,4.023],[1489852800000,4.031],[1489939200000,4.041],[1490025600000,4.04],[1490112000000,4.037],[1490198400000,4.046],[1490284800000,4.051],[1490457600000,4.059],[1490544000000,4.069],[1490630400000,4.078],[1490716800000,4.086],[1490803200000,4.078],[1490889600000,4.079],[1491235200000,4.067],[1491321600000,4.064],[1491408000000,4.066],[1491494400000,4.068],[1491667200000,4.073],[1491753600000,4.075],[1491840000000,4.079],[1491926400000,4.084],[1492012800000,4.092],[1492099200000,4.096],[1492272000000,4.105],[1492358400000,4.109],[1492444800000,4.113],[1492531200000,4.116],[1492617600000,4.113],[1492704000000,4.112],[1492876800000,4.104],[1492963200000,4.101],[1493049600000,4.101],[1493136000000,4.103],[1493222400000,4.105],[1493308800000,4.106],[1493568000000,4.119],[1493654400000,4.119],[1493740800000,4.116],[1493827200000,4.114],[1493913600000,4.114],[1494086400000,4.114],[1494172800000,4.111],[1494259200000,4.109],[1494345600000,4.108],[1494432000000,4.105],[1494518400000,4.097],[1494691200000,4.091],[1494777600000,4.065],[1494864000000,3.983],[1494950400000,3.979],[1495036800000,3.979],[1495123200000,3.985],[1495296000000,3.986],[1495382400000,4.014],[1495468800000,4.097],[1495555200000,4.102],[1495641600000,4.103],[1495728000000,4.105],[1496073600000,4.112],[1496160000000,4.113],[1496246400000,4.164],[1496332800000,4.163],[1496505600000,4.127],[1496592000000,4.13],[1496678400000,4.142],[1496764800000,4.148],[1496851200000,4.105],[1496937600000,4.111],[1497110400000,4.159],[1497196800000,4.248],[1497283200000,4.24],[1497369600000,4.238],[1497456000000,4.235],[1497542400000,4.233],[1497715200000,4.229],[1497801600000,4.145],[1497888000000,4.152],[1497974400000,4.161],[1498060800000,4.17],[1498147200000,4.179],[1498320000000,4.198],[1498406400000,4.206],[1498492800000,4.214],[1498579200000,4.224],[1498665600000,4.231],[1498752000000,4.236],[1498924800000,4.245],[1499011200000,4.247],[1499097600000,4.245],[1499184000000,4.239],[1499270400000,4.236],[1499356800000,4.234],[1499529600000,4.228],[1499616000000,4.218],[1499702400000,4.212],[1499788800000,4.207],[1499875200000,4.201],[1499961600000,4.198],[1500134400000,4.192],[1500220800000,4.198],[1500307200000,4.209],[1500393600000,4.219],[1500480000000,4.227],[1500566400000,4.23],[1500739200000,4.24],[1500825600000,4.233],[1500912000000,4.224],[1500998400000,4.218],[1501084800000,4.214],[1501171200000,4.212],[1501344000000,4.207],[1501430400000,4.203],[1501516800000,4.199],[1501603200000,4.195],[1501689600000,4.193],[1501776000000,4.194],[1501948800000,4.194],[1502035200000,4.206],[1502121600000,4.212],[1502208000000,4.215],[1502294400000,4.216],[1502380800000,4.217],[1502553600000,4.218],[1502640000000,4.218],[1502726400000,4.216],[1502812800000,4.215],[1502899200000,4.213],[1502985600000,4.21],[1503158400000,4.203],[1503244800000,4.205],[1503331200000,4.207],[1503417600000,4.212],[1503504000000,4.221],[1503590400000,4.229],[1503763200000,4.247],[1503849600000,4.255],[1503936000000,4.261],[1504022400000,4.262],[1504108800000,4.261],[1504195200000,4.263],[1504368000000,4.267],[1504454400000,4.263],[1504540800000,4.262],[1504627200000,4.263],[1504713600000,4.266],[1504800000000,4.267],[1504972800000,4.269],[1505059200000,4.264],[1505145600000,4.254],[1505232000000,4.243],[1505318400000,4.23],[1505404800000,4.217],[1505577600000,4.19],[1505664000000,4.184],[1505750400000,4.177],[1505836800000,4.171],[1505923200000,4.166],[1506009600000,4.165],[1506182400000,4.166],[1506268800000,4.168],[1506355200000,4.182],[1506441600000,4.192],[1506528000000,4.2],[1506614400000,4.207],[1507392000000,4.216],[1507478400000,4.219],[1507564800000,4.209],[1507651200000,4.214],[1507737600000,4.198],[1507824000000,4.182],[1507996800000,4.149],[1508083200000,4.112],[1508169600000,4.114],[1508256000000,4.1],[1508342400000,4.111],[1508428800000,4.1],[1508601600000,4.073],[1508688000000,4.079],[1508774400000,4.062],[1508860800000,4.057],[1508947200000,4.05],[1509033600000,4.081],[1509206400000,4.15],[1509292800000,4.182],[1509379200000,4.217],[1509465600000,4.221],[1509552000000,4.225],[1509638400000,4.213],[1509811200000,4.185],[1509897600000,4.17],[1509984000000,4.144],[1510070400000,4.161],[1510156800000,4.181],[1510243200000,4.202],[1510416000000,4.245],[1510502400000,4.261],[1510588800000,4.285],[1510675200000,4.29],[1510761600000,4.289],[1510848000000,4.288],[1511020800000,4.289],[1511107200000,4.274],[1511193600000,4.266],[1511280000000,4.252],[1511366400000,4.223],[1511452800000,4.19],[1511625600000,4.12],[1511712000000,4.094],[1511798400000,4.041],[1511884800000,3.991],[1511971200000,4.029],[1512057600000,4.161],[1512230400000,4.296],[1512316800000,4.604],[1512403200000,4.561],[1512489600000,4.574],[1512576000000,4.565],[1512662400000,4.44],[1512835200000,4.401],[1512921600000,4.289],[1513008000000,4.422],[1513094400000,4.522],[1513180800000,4.517],[1513267200000,4.603],[1513440000000,4.701],[1513526400000,4.617],[1513612800000,4.643],[1513699200000,4.639],[1513785600000,4.672],[1513872000000,4.629],[1514044800000,4.536],[1514131200000,4.568],[1514217600000,4.5],[1514304000000,4.632],[1514390400000,4.781],[1514476800000,4.829],[1514649600000,4.924],[1514736000000,4.905],[1514822400000,5.117],[1514908800000,5.138],[1514995200000,5.059],[1515081600000,5.108],[1515254400000,5.211],[1515340800000,5.251],[1515427200000,5.286],[1515513600000,5.21],[1515600000000,5.224],[1515686400000,5.285],[1515859200000,5.243],[1515945600000,5.223],[1516032000000,5.092],[1516118400000,5.037],[1516204800000,5.021],[1516291200000,4.935],[1516464000000,4.923],[1516550400000,4.911],[1516636800000,4.899],[1516723200000,5.172],[1516809600000,5.158],[1516896000000,5.154],[1517068800000,5.146],[1517155200000,5.139],[1517241600000,5.132],[1517328000000,5.345],[1517414400000,5.306],[1517500800000,5.263],[1517673600000,5.174],[1517760000000,5.133],[1517846400000,5.113]];
/*资产配置*/
var Data_assetAllocationCurrency ={"categories":["12-31","09-30","06-30","03-31"],"series":[{"name":"股票","data":[null,null,null,null]},{"name":"债券","data":[84.61,17.61,20.21,43.48]},{"name":"现金","data":[18.7,66.55,78.84,54.78]}]};
/*累计收益率走势*/
var Data_grandTotal = [{"name":"工银安盈货币B","data":[[1501948800000,0],[1502035200000,0.01],[1502121600000,0.02],[1502208000000,0.03],[1502294400000,0.05],[1502380800000,0.06],[1502553600000,0.08],[1502640000000,0.09],[1502726400000,0.10],[1502812800000,0.12],[1502899200000,0.13],[1502985600000,0.14],[1503158400000,0.16],[1503244800000,0.17],[1503331200000,0.18],[1503417600000,0.20],[1503504000000,0.21],[1503590400000,0.22],[1503763200000,0.24],[1503849600000,0.25],[1503936000000,0.27],[1504022400000,0.28],[1504108800000,0.29],[1504195200000,0.30],[1504368000000,0.33],[1504454400000,0.34],[1504540800000,0.35],[1504627200000,0.36],[1504713600000,0.37],[1504800000000,0.38],[1504972800000,0.41],[1505059200000,0.42],[1505145600000,0.43],[1505232000000,0.44],[1505318400000,0.45],[1505404800000,0.47],[1505577600000,0.49],[1505664000000,0.50],[1505750400000,0.51],[1505836800000,0.52],[1505923200000,0.53],[1506009600000,0.55],[1506182400000,0.57],[1506268800000,0.58],[1506355200000,0.59],[1506441600000,0.60],[1506528000000,0.61],[1506614400000,0.63],[1507392000000,0.73],[1507478400000,0.74],[1507564800000,0.75],[1507651200000,0.77],[1507737600000,0.78],[1507824000000,0.79],[1507996800000,0.81],[1508083200000,0.82],[1508169600000,0.83],[1508256000000,0.85],[1508342400000,0.86],[1508428800000,0.87],[1508601600000,0.89],[1508688000000,0.90],[1508774400000,0.91],[1508860800000,0.92],[1508947200000,0.94],[1509033600000,0.95],[1509206400000,0.97],[1509292800000,0.98],[1509379200000,0.99],[1509465600000,1.01],[1509552000000,1.02],[1509638400000,1.03],[1509811200000,1.05],[1509897600000,1.06],[1509984000000,1.07],[1510070400000,1.09],[1510156800000,1.10],[1510243200000,1.11],[1510416000000,1.13],[1510502400000,1.15],[1510588800000,1.16],[1510675200000,1.17],[1510761600000,1.18],[1510848000000,1.19],[1511020800000,1.22],[1511107200000,1.23],[1511193600000,1.24],[1511280000000,1.25],[1511366400000,1.26],[1511452800000,1.27],[1511625600000,1.30],[1511712000000,1.31],[1511798400000,1.32],[1511884800000,1.33],[1511971200000,1.34],[1512057600000,1.36],[1512230400000,1.38],[1512316800000,1.40],[1512403200000,1.41],[1512489600000,1.42],[1512576000000,1.43],[1512662400000,1.44],[1512835200000,1.47],[1512921600000,1.48],[1513008000000,1.49],[1513094400000,1.51],[1513180800000,1.52],[1513267200000,1.53],[1513440000000,1.56],[1513526400000,1.57],[1513612800000,1.58],[1513699200000,1.60],[1513785600000,1.61],[1513872000000,1.62],[1514044800000,1.65],[1514131200000,1.66],[1514217600000,1.67],[1514304000000,1.69],[1514390400000,1.70],[1514476800000,1.72],[1514649600000,1.74],[1514736000000,1.76],[1514822400000,1.77],[1514908800000,1.79],[1514995200000,1.80],[1515081600000,1.82],[1515254400000,1.84],[1515340800000,1.86],[1515427200000,1.87],[1515513600000,1.89],[1515600000000,1.90],[1515686400000,1.92],[1515859200000,1.95],[1515945600000,1.96],[1516032000000,1.97],[1516118400000,1.99],[1516204800000,2.00],[1516291200000,2.02],[1516464000000,2.04],[1516550400000,2.06],[1516636800000,2.07],[1516723200000,2.09],[1516809600000,2.10],[1516896000000,2.12],[1517068800000,2.14],[1517155200000,2.16],[1517241600000,2.17],[1517328000000,2.19],[1517414400000,2.21],[1517500800000,2.22],[1517673600000,2.24],[1517760000000,2.26],[1517846400000,2.27]]},{"name":"同类平均","data":[[1502035200000,0],[1502121600000,0.01],[1502208000000,0.02],[1502294400000,0.03],[1502380800000,0.04],[1502640000000,0.07],[1502726400000,0.08],[1502812800000,0.09],[1502899200000,0.10],[1502985600000,0.11],[1503244800000,0.14],[1503331200000,0.16],[1503417600000,0.17],[1503504000000,0.18],[1503590400000,0.19],[1503849600000,0.22],[1503936000000,0.23],[1504022400000,0.24],[1504108800000,0.25],[1504195200000,0.26],[1504454400000,0.29],[1504540800000,0.30],[1504627200000,0.31],[1504713600000,0.32],[1504800000000,0.34],[1505059200000,0.37],[1505145600000,0.38],[1505232000000,0.39],[1505318400000,0.40],[1505404800000,0.41],[1505664000000,0.44],[1505750400000,0.45],[1505836800000,0.46],[1505923200000,0.47],[1506009600000,0.48],[1506268800000,0.52],[1506355200000,0.53],[1506441600000,0.54],[1506528000000,0.55],[1506614400000,0.56],[1507478400000,0.67],[1507564800000,0.68],[1507651200000,0.69],[1507737600000,0.71],[1507824000000,0.72],[1508083200000,0.75],[1508169600000,0.76],[1508256000000,0.77],[1508342400000,0.78],[1508428800000,0.79],[1508688000000,0.82],[1508774400000,0.83],[1508860800000,0.84],[1508947200000,0.85],[1509033600000,0.86],[1509292800000,0.90],[1509379200000,0.91],[1509465600000,0.92],[1509552000000,0.93],[1509638400000,0.94],[1509897600000,0.97],[1509984000000,0.98],[1510070400000,0.99],[1510156800000,1.00],[1510243200000,1.01],[1510502400000,1.04],[1510588800000,1.06],[1510675200000,1.07],[1510761600000,1.08],[1510848000000,1.09],[1511107200000,1.12],[1511193600000,1.13],[1511280000000,1.14],[1511366400000,1.15],[1511452800000,1.16],[1511712000000,1.20],[1511798400000,1.21],[1511884800000,1.22],[1511971200000,1.23],[1512057600000,1.24],[1512316800000,1.28],[1512403200000,1.29],[1512489600000,1.30],[1512576000000,1.31],[1512662400000,1.32],[1512921600000,1.35],[1513008000000,1.36],[1513094400000,1.38],[1513180800000,1.39],[1513267200000,1.40],[1513526400000,1.43],[1513612800000,1.44],[1513699200000,1.46],[1513785600000,1.47],[1513872000000,1.48],[1514131200000,1.51],[1514217600000,1.53],[1514304000000,1.54],[1514390400000,1.55],[1514476800000,1.57],[1514822400000,1.62],[1514908800000,1.64],[1514995200000,1.65],[1515081600000,1.66],[1515340800000,1.69],[1515427200000,1.71],[1515513600000,1.72],[1515600000000,1.73],[1515686400000,1.74],[1515945600000,1.77],[1516032000000,1.79],[1516118400000,1.80],[1516204800000,1.81],[1516291200000,1.82],[1516550400000,1.86],[1516636800000,1.87],[1516723200000,1.88],[1516809600000,1.89],[1516896000000,1.90],[1517155200000,1.94],[1517241600000,1.95],[1517328000000,1.96],[1517414400000,1.97],[1517500800000,1.98],[1517760000000,2.02],[1517846400000,2.03]]},{"name":"沪深300","data":[[1502035200000,0],[1502121600000,0.15],[1502208000000,0.11],[1502294400000,-0.29],[1502380800000,-2.13],[1502640000000,-0.86],[1502726400000,-0.56],[1502812800000,-0.68],[1502899200000,-0.15],[1502985600000,-0.06],[1503244800000,0.38],[1503331200000,0.68],[1503417600000,0.79],[1503504000000,0.21],[1503590400000,1.85],[1503849600000,3.11],[1503936000000,2.89],[1504022400000,2.88],[1504108800000,2.56],[1504195200000,2.78],[1504454400000,3.19],[1504540800000,3.50],[1504627200000,3.29],[1504713600000,2.77],[1504800000000,2.66],[1505059200000,2.65],[1505145600000,2.98],[1505232000000,3.11],[1505318400000,2.77],[1505404800000,2.80],[1505664000000,3.12],[1505750400000,2.83],[1505836800000,3.10],[1505923200000,2.98],[1506009600000,2.98],[1506268800000,2.44],[1506355200000,2.52],[1506441600000,2.53],[1506528000000,2.57],[1506614400000,2.94],[1507478400000,4.17],[1507564800000,4.38],[1507651200000,4.72],[1507737600000,5.00],[1507824000000,5.21],[1508083200000,5.01],[1508169600000,5.00],[1508256000000,5.83],[1508342400000,5.49],[1508428800000,5.37],[1508688000000,5.47],[1508774400000,6.24],[1508860800000,6.71],[1508947200000,7.16],[1509033600000,7.92],[1509292800000,7.59],[1509379200000,7.51],[1509465600000,7.24],[1509552000000,7.25],[1509638400000,7.13],[1509897600000,7.89],[1509984000000,8.79],[1510070400000,8.62],[1510156800000,9.37],[1510243200000,10.33],[1510502400000,10.77],[1510588800000,10.00],[1510675200000,9.31],[1510761600000,10.15],[1510848000000,10.57],[1511107200000,11.19],[1511193600000,13.17],[1511280000000,13.44],[1511366400000,10.08],[1511452800000,10.13],[1511712000000,8.67],[1511798400000,8.83],[1511884800000,8.77],[1511971200000,7.49],[1512057600000,7.28],[1512316800000,7.84],[1512403200000,8.41],[1512489600000,7.76],[1512576000000,6.55],[1512662400000,7.42],[1512921600000,9.20],[1513008000000,7.76],[1513094400000,8.67],[1513180800000,8.03],[1513267200000,6.82],[1513526400000,6.94],[1513612800000,8.28],[1513699200000,8.15],[1513785600000,9.15],[1513872000000,8.80],[1514131200000,8.45],[1514217600000,8.77],[1514304000000,7.09],[1514390400000,7.84],[1514476800000,8.16],[1514822400000,9.68],[1514908800000,10.32],[1514995200000,10.79],[1515081600000,11.05],[1515340800000,11.63],[1515427200000,12.41],[1515513600000,12.91],[1515600000000,12.85],[1515686400000,13.37],[1515945600000,13.37],[1516032000000,14.27],[1516118400000,13.99],[1516204800000,14.61],[1516291200000,14.99],[1516550400000,16.36],[1516636800000,17.60],[1516723200000,17.79],[1516809600000,17.13],[1516896000000,17.56],[1517155200000,15.43],[1517241600000,14.20],[1517328000000,14.73],[1517414400000,13.93],[1517500800000,14.61],[1517760000000,14.69],[1517846400000,11.33]]}];
/*同类排名*/
var Data_rateInSimilarType = [{"x":1469635200000,"y":331,"sc":"407"},{"x":1469721600000,"y":329,"sc":"407"},{"x":1469980800000,"y":324,"sc":"407"},{"x":1470067200000,"y":326,"sc":"407"},{"x":1470153600000,"y":325,"sc":"407"},{"x":1470240000000,"y":331,"sc":"409"},{"x":1470326400000,"y":169,"sc":"409"},{"x":1470585600000,"y":173,"sc":"412"},{"x":1470672000000,"y":167,"sc":"413"},{"x":1470758400000,"y":163,"sc":"413"},{"x":1470844800000,"y":154,"sc":"413"},{"x":1470931200000,"y":151,"sc":"413"},{"x":1471190400000,"y":137,"sc":"413"},{"x":1471276800000,"y":129,"sc":"413"},{"x":1471363200000,"y":123,"sc":"414"},{"x":1471449600000,"y":119,"sc":"415"},{"x":1471536000000,"y":117,"sc":"415"},{"x":1471795200000,"y":111,"sc":"416"},{"x":1471881600000,"y":113,"sc":"416"},{"x":1471968000000,"y":111,"sc":"416"},{"x":1472054400000,"y":107,"sc":"416"},{"x":1472140800000,"y":111,"sc":"416"},{"x":1472400000000,"y":103,"sc":"416"},{"x":1472486400000,"y":103,"sc":"416"},{"x":1472572800000,"y":99,"sc":"416"},{"x":1472659200000,"y":184,"sc":"416"},{"x":1472745600000,"y":188,"sc":"417"},{"x":1473004800000,"y":182,"sc":"421"},{"x":1473091200000,"y":179,"sc":"421"},{"x":1473177600000,"y":177,"sc":"421"},{"x":1473264000000,"y":174,"sc":"423"},{"x":1473350400000,"y":174,"sc":"424"},{"x":1473609600000,"y":175,"sc":"424"},{"x":1473696000000,"y":174,"sc":"424"},{"x":1473782400000,"y":179,"sc":"424"},{"x":1474214400000,"y":149,"sc":"424"},{"x":1474300800000,"y":148,"sc":"424"},{"x":1474387200000,"y":141,"sc":"424"},{"x":1474473600000,"y":140,"sc":"427"},{"x":1474560000000,"y":141,"sc":"427"},{"x":1474819200000,"y":132,"sc":"430"},{"x":1474905600000,"y":129,"sc":"430"},{"x":1474992000000,"y":129,"sc":"430"},{"x":1475078400000,"y":128,"sc":"432"},{"x":1475164800000,"y":122,"sc":"432"},{"x":1476028800000,"y":128,"sc":"434"},{"x":1476115200000,"y":124,"sc":"434"},{"x":1476201600000,"y":122,"sc":"435"},{"x":1476288000000,"y":121,"sc":"437"},{"x":1476374400000,"y":120,"sc":"435"},{"x":1476633600000,"y":117,"sc":"436"},{"x":1476720000000,"y":112,"sc":"438"},{"x":1476806400000,"y":109,"sc":"437"},{"x":1476892800000,"y":106,"sc":"437"},{"x":1476979200000,"y":108,"sc":"437"},{"x":1477238400000,"y":105,"sc":"440"},{"x":1477324800000,"y":98,"sc":"440"},{"x":1477411200000,"y":96,"sc":"441"},{"x":1477497600000,"y":96,"sc":"441"},{"x":1477584000000,"y":97,"sc":"445"},{"x":1477843200000,"y":95,"sc":"447"},{"x":1477929600000,"y":97,"sc":"447"},{"x":1478016000000,"y":93,"sc":"447"},{"x":1478102400000,"y":92,"sc":"447"},{"x":1478188800000,"y":92,"sc":"448"},{"x":1478448000000,"y":312,"sc":"450"},{"x":1478534400000,"y":312,"sc":"450"},{"x":1478620800000,"y":316,"sc":"450"},{"x":1478707200000,"y":318,"sc":"450"},{"x":1478793600000,"y":319,"sc":"450"},{"x":1479052800000,"y":324,"sc":"450"},{"x":1479139200000,"y":323,"sc":"450"},{"x":1479225600000,"y":323,"sc":"450"},{"x":1479312000000,"y":320,"sc":"450"},{"x":1479398400000,"y":319,"sc":"450"},{"x":1479657600000,"y":320,"sc":"451"},{"x":1479744000000,"y":195,"sc":"451"},{"x":1479830400000,"y":194,"sc":"451"},{"x":1479916800000,"y":192,"sc":"451"},{"x":1480003200000,"y":26,"sc":"451"},{"x":1480262400000,"y":23,"sc":"451"},{"x":1480348800000,"y":22,"sc":"452"},{"x":1480435200000,"y":22,"sc":"452"},{"x":1480521600000,"y":23,"sc":"452"},{"x":1480608000000,"y":23,"sc":"455"},{"x":1480867200000,"y":23,"sc":"455"},{"x":1480953600000,"y":23,"sc":"455"},{"x":1481040000000,"y":21,"sc":"455"},{"x":1481126400000,"y":20,"sc":"455"},{"x":1481212800000,"y":18,"sc":"456"},{"x":1481472000000,"y":17,"sc":"457"},{"x":1481558400000,"y":17,"sc":"458"},{"x":1481644800000,"y":16,"sc":"458"},{"x":1481731200000,"y":16,"sc":"458"},{"x":1481817600000,"y":15,"sc":"458"},{"x":1482076800000,"y":19,"sc":"458"},{"x":1482163200000,"y":19,"sc":"458"},{"x":1482249600000,"y":19,"sc":"458"},{"x":1482336000000,"y":17,"sc":"459"},{"x":1482422400000,"y":15,"sc":"463"},{"x":1482681600000,"y":16,"sc":"464"},{"x":1482768000000,"y":18,"sc":"464"},{"x":1482854400000,"y":16,"sc":"466"},{"x":1482940800000,"y":14,"sc":"466"},{"x":1483027200000,"y":13,"sc":"469"},{"x":1483372800000,"y":15,"sc":"469"},{"x":1483459200000,"y":14,"sc":"468"},{"x":1483545600000,"y":14,"sc":"469"},{"x":1483632000000,"y":14,"sc":"469"},{"x":1483891200000,"y":14,"sc":"469"},{"x":1483977600000,"y":13,"sc":"469"},{"x":1484064000000,"y":13,"sc":"469"},{"x":1484150400000,"y":14,"sc":"469"},{"x":1484236800000,"y":13,"sc":"469"},{"x":1484496000000,"y":12,"sc":"472"},{"x":1484582400000,"y":11,"sc":"474"},{"x":1484668800000,"y":11,"sc":"476"},{"x":1484755200000,"y":11,"sc":"476"},{"x":1484841600000,"y":11,"sc":"476"},{"x":1485100800000,"y":12,"sc":"481"},{"x":1485187200000,"y":12,"sc":"482"},{"x":1485273600000,"y":12,"sc":"484"},{"x":1485360000000,"y":12,"sc":"485"},{"x":1486051200000,"y":8,"sc":"489"},{"x":1486310400000,"y":9,"sc":"491"},{"x":1486396800000,"y":8,"sc":"491"},{"x":1486483200000,"y":8,"sc":"491"},{"x":1486569600000,"y":8,"sc":"491"},{"x":1486656000000,"y":8,"sc":"494"},{"x":1486915200000,"y":8,"sc":"496"},{"x":1487001600000,"y":8,"sc":"496"},{"x":1487088000000,"y":8,"sc":"496"},{"x":1487174400000,"y":8,"sc":"496"},{"x":1487260800000,"y":8,"sc":"496"},{"x":1487520000000,"y":8,"sc":"496"},{"x":1487606400000,"y":8,"sc":"496"},{"x":1487692800000,"y":12,"sc":"496"},{"x":1487779200000,"y":12,"sc":"498"},{"x":1487865600000,"y":12,"sc":"500"},{"x":1488124800000,"y":71,"sc":"503"},{"x":1488211200000,"y":67,"sc":"503"},{"x":1488297600000,"y":67,"sc":"503"},{"x":1488384000000,"y":64,"sc":"511"},{"x":1488470400000,"y":61,"sc":"511"},{"x":1488729600000,"y":65,"sc":"513"},{"x":1488816000000,"y":62,"sc":"515"},{"x":1488902400000,"y":58,"sc":"516"},{"x":1488988800000,"y":55,"sc":"518"},{"x":1489075200000,"y":48,"sc":"518"},{"x":1489334400000,"y":48,"sc":"518"},{"x":1489420800000,"y":47,"sc":"518"},{"x":1489507200000,"y":46,"sc":"518"},{"x":1489593600000,"y":42,"sc":"520"},{"x":1489680000000,"y":39,"sc":"520"},{"x":1489939200000,"y":36,"sc":"522"},{"x":1490025600000,"y":34,"sc":"522"},{"x":1490112000000,"y":35,"sc":"524"},{"x":1490198400000,"y":40,"sc":"530"},{"x":1490284800000,"y":39,"sc":"530"},{"x":1490544000000,"y":32,"sc":"534"},{"x":1490630400000,"y":31,"sc":"535"},{"x":1490716800000,"y":35,"sc":"535"},{"x":1490803200000,"y":36,"sc":"538"},{"x":1490889600000,"y":37,"sc":"538"},{"x":1491321600000,"y":43,"sc":"538"},{"x":1491408000000,"y":44,"sc":"540"},{"x":1491494400000,"y":43,"sc":"540"},{"x":1491753600000,"y":46,"sc":"540"},{"x":1491840000000,"y":49,"sc":"540"},{"x":1491926400000,"y":48,"sc":"540"},{"x":1492012800000,"y":47,"sc":"541"},{"x":1492099200000,"y":46,"sc":"541"},{"x":1492358400000,"y":47,"sc":"543"},{"x":1492444800000,"y":45,"sc":"543"},{"x":1492531200000,"y":44,"sc":"543"},{"x":1492617600000,"y":42,"sc":"545"},{"x":1492704000000,"y":40,"sc":"545"},{"x":1492963200000,"y":40,"sc":"545"},{"x":1493049600000,"y":38,"sc":"547"},{"x":1493136000000,"y":38,"sc":"549"},{"x":1493222400000,"y":37,"sc":"549"},{"x":1493308800000,"y":35,"sc":"549"},{"x":1493654400000,"y":37,"sc":"549"},{"x":1493740800000,"y":39,"sc":"550"},{"x":1493827200000,"y":34,"sc":"550"},{"x":1493913600000,"y":40,"sc":"550"},{"x":1494172800000,"y":42,"sc":"550"},{"x":1494259200000,"y":43,"sc":"550"},{"x":1494345600000,"y":43,"sc":"550"},{"x":1494432000000,"y":40,"sc":"550"},{"x":1494518400000,"y":44,"sc":"550"},{"x":1494777600000,"y":47,"sc":"554"},{"x":1494864000000,"y":51,"sc":"556"},{"x":1494950400000,"y":55,"sc":"560"},{"x":1495036800000,"y":49,"sc":"560"},{"x":1495123200000,"y":58,"sc":"560"},{"x":1495382400000,"y":56,"sc":"560"},{"x":1495468800000,"y":56,"sc":"562"},{"x":1495555200000,"y":58,"sc":"564"},{"x":1495641600000,"y":53,"sc":"564"},{"x":1495728000000,"y":60,"sc":"564"},{"x":1496160000000,"y":59,"sc":"564"},{"x":1496246400000,"y":57,"sc":"564"},{"x":1496332800000,"y":60,"sc":"564"},{"x":1496592000000,"y":60,"sc":"566"},{"x":1496678400000,"y":60,"sc":"566"},{"x":1496764800000,"y":60,"sc":"566"},{"x":1496851200000,"y":62,"sc":"566"},{"x":1496937600000,"y":66,"sc":"566"},{"x":1497196800000,"y":66,"sc":"574"},{"x":1497283200000,"y":68,"sc":"574"},{"x":1497369600000,"y":69,"sc":"575"},{"x":1497456000000,"y":70,"sc":"575"},{"x":1497542400000,"y":71,"sc":"575"},{"x":1497801600000,"y":72,"sc":"577"},{"x":1497888000000,"y":74,"sc":"577"},{"x":1497974400000,"y":75,"sc":"575"},{"x":1498060800000,"y":80,"sc":"575"},{"x":1498147200000,"y":80,"sc":"576"},{"x":1498406400000,"y":84,"sc":"579"},{"x":1498492800000,"y":85,"sc":"579"},{"x":1498579200000,"y":87,"sc":"579"},{"x":1498665600000,"y":88,"sc":"579"},{"x":1498752000000,"y":87,"sc":"582"},{"x":1499011200000,"y":71,"sc":"582"},{"x":1499097600000,"y":94,"sc":"582"},{"x":1499184000000,"y":92,"sc":"583"},{"x":1499270400000,"y":91,"sc":"583"},{"x":1499356800000,"y":89,"sc":"583"},{"x":1499616000000,"y":89,"sc":"583"},{"x":1499702400000,"y":89,"sc":"583"},{"x":1499788800000,"y":91,"sc":"583"},{"x":1499875200000,"y":93,"sc":"583"},{"x":1499961600000,"y":93,"sc":"586"},{"x":1500220800000,"y":98,"sc":"586"},{"x":1500307200000,"y":99,"sc":"586"},{"x":1500393600000,"y":101,"sc":"589"},{"x":1500480000000,"y":105,"sc":"589"},{"x":1500566400000,"y":108,"sc":"593"},{"x":1500825600000,"y":109,"sc":"593"},{"x":1500912000000,"y":111,"sc":"593"},{"x":1500998400000,"y":113,"sc":"594"},{"x":1501084800000,"y":112,"sc":"594"},{"x":1501171200000,"y":111,"sc":"594"},{"x":1501430400000,"y":94,"sc":"594"},{"x":1501516800000,"y":112,"sc":"594"},{"x":1501603200000,"y":111,"sc":"594"},{"x":1501689600000,"y":112,"sc":"594"},{"x":1501776000000,"y":112,"sc":"594"},{"x":1502035200000,"y":112,"sc":"596"},{"x":1502121600000,"y":112,"sc":"596"},{"x":1502208000000,"y":114,"sc":"596"},{"x":1502294400000,"y":115,"sc":"596"},{"x":1502380800000,"y":117,"sc":"596"},{"x":1502640000000,"y":116,"sc":"596"},{"x":1502726400000,"y":115,"sc":"596"},{"x":1502812800000,"y":112,"sc":"596"},{"x":1502899200000,"y":111,"sc":"596"},{"x":1502985600000,"y":110,"sc":"596"},{"x":1503244800000,"y":112,"sc":"597"},{"x":1503331200000,"y":114,"sc":"597"},{"x":1503417600000,"y":112,"sc":"597"},{"x":1503504000000,"y":112,"sc":"596"},{"x":1503590400000,"y":108,"sc":"596"},{"x":1503849600000,"y":98,"sc":"600"},{"x":1503936000000,"y":92,"sc":"600"},{"x":1504022400000,"y":117,"sc":"600"},{"x":1504108800000,"y":115,"sc":"601"},{"x":1504195200000,"y":113,"sc":"601"},{"x":1504454400000,"y":115,"sc":"601"},{"x":1504540800000,"y":113,"sc":"601"},{"x":1504627200000,"y":112,"sc":"601"},{"x":1504713600000,"y":112,"sc":"601"},{"x":1504800000000,"y":112,"sc":"601"},{"x":1505059200000,"y":112,"sc":"603"},{"x":1505145600000,"y":116,"sc":"603"},{"x":1505232000000,"y":118,"sc":"603"},{"x":1505318400000,"y":118,"sc":"605"},{"x":1505404800000,"y":120,"sc":"605"},{"x":1505664000000,"y":126,"sc":"606"},{"x":1505750400000,"y":122,"sc":"606"},{"x":1505836800000,"y":120,"sc":"603"},{"x":1505923200000,"y":120,"sc":"603"},{"x":1506009600000,"y":120,"sc":"603"},{"x":1506268800000,"y":116,"sc":"603"},{"x":1506355200000,"y":115,"sc":"603"},{"x":1506441600000,"y":110,"sc":"604"},{"x":1506528000000,"y":108,"sc":"604"},{"x":1506614400000,"y":105,"sc":"606"},{"x":1507478400000,"y":104,"sc":"606"},{"x":1507564800000,"y":104,"sc":"607"},{"x":1507651200000,"y":103,"sc":"607"},{"x":1507737600000,"y":105,"sc":"611"},{"x":1507824000000,"y":107,"sc":"611"},{"x":1508083200000,"y":108,"sc":"612"},{"x":1508169600000,"y":108,"sc":"612"},{"x":1508256000000,"y":105,"sc":"611"},{"x":1508342400000,"y":106,"sc":"611"},{"x":1508428800000,"y":106,"sc":"611"},{"x":1508688000000,"y":110,"sc":"606"},{"x":1508774400000,"y":106,"sc":"606"},{"x":1508860800000,"y":106,"sc":"607"},{"x":1508947200000,"y":105,"sc":"607"},{"x":1509033600000,"y":104,"sc":"607"},{"x":1509292800000,"y":101,"sc":"609"},{"x":1509379200000,"y":99,"sc":"610"},{"x":1509465600000,"y":96,"sc":"610"},{"x":1509552000000,"y":97,"sc":"613"},{"x":1509638400000,"y":100,"sc":"617"},{"x":1509897600000,"y":104,"sc":"621"},{"x":1509984000000,"y":109,"sc":"621"},{"x":1510070400000,"y":105,"sc":"621"},{"x":1510156800000,"y":103,"sc":"623"},{"x":1510243200000,"y":101,"sc":"623"},{"x":1510502400000,"y":100,"sc":"633"},{"x":1510588800000,"y":99,"sc":"635"},{"x":1510675200000,"y":97,"sc":"635"},{"x":1510761600000,"y":96,"sc":"635"},{"x":1510848000000,"y":96,"sc":"636"},{"x":1511107200000,"y":97,"sc":"636"},{"x":1511193600000,"y":98,"sc":"636"},{"x":1511280000000,"y":99,"sc":"636"},{"x":1511366400000,"y":101,"sc":"636"},{"x":1511452800000,"y":103,"sc":"637"},{"x":1511712000000,"y":109,"sc":"640"},{"x":1511798400000,"y":111,"sc":"640"},{"x":1511884800000,"y":115,"sc":"640"},{"x":1511971200000,"y":116,"sc":"641"},{"x":1512057600000,"y":111,"sc":"643"},{"x":1512316800000,"y":93,"sc":"643"},{"x":1512403200000,"y":99,"sc":"643"},{"x":1512489600000,"y":100,"sc":"643"},{"x":1512576000000,"y":103,"sc":"644"},{"x":1512662400000,"y":103,"sc":"652"},{"x":1512921600000,"y":100,"sc":"652"},{"x":1513008000000,"y":102,"sc":"653"},{"x":1513094400000,"y":97,"sc":"653"},{"x":1513180800000,"y":98,"sc":"654"},{"x":1513267200000,"y":95,"sc":"656"},{"x":1513526400000,"y":92,"sc":"656"},{"x":1513612800000,"y":90,"sc":"656"},{"x":1513699200000,"y":93,"sc":"656"},{"x":1513785600000,"y":89,"sc":"655"},{"x":1513872000000,"y":86,"sc":"655"},{"x":1514131200000,"y":84,"sc":"655"},{"x":1514217600000,"y":87,"sc":"655"},{"x":1514304000000,"y":80,"sc":"654"},{"x":1514390400000,"y":74,"sc":"655"},{"x":1514476800000,"y":75,"sc":"655"},{"x":1514822400000,"y":62,"sc":"655"},{"x":1514908800000,"y":58,"sc":"655"},{"x":1514995200000,"y":58,"sc":"655"},{"x":1515081600000,"y":57,"sc":"655"},{"x":1515340800000,"y":58,"sc":"655"},{"x":1515427200000,"y":56,"sc":"655"},{"x":1515513600000,"y":54,"sc":"656"},{"x":1515600000000,"y":50,"sc":"657"},{"x":1515686400000,"y":43,"sc":"657"},{"x":1515945600000,"y":36,"sc":"657"},{"x":1516032000000,"y":33,"sc":"657"},{"x":1516118400000,"y":32,"sc":"657"},{"x":1516204800000,"y":29,"sc":"657"},{"x":1516291200000,"y":28,"sc":"657"},{"x":1516550400000,"y":23,"sc":"657"},{"x":1516636800000,"y":24,"sc":"657"},{"x":1516723200000,"y":19,"sc":"657"},{"x":1516809600000,"y":19,"sc":"657"},{"x":1516896000000,"y":15,"sc":"655"},{"x":1517155200000,"y":11,"sc":"656"},{"x":1517241600000,"y":10,"sc":"656"},{"x":1517328000000,"y":4,"sc":"656"},{"x":1517414400000,"y":4,"sc":"656"},{"x":1517500800000,"y":4,"sc":"656"},{"x":1517760000000,"y":4,"sc":"656"},{"x":1517846400000,"y":4,"sc":"656"}];
/*百分比排名*/
var Data_rateInSimilarPersent = [[1469635200000,18.6700],[1469721600000,19.1600],[1469980800000,20.3900],[1470067200000,19.9000],[1470153600000,20.1500],[1470240000000,19.0700],[1470326400000,58.6800],[1470585600000,58.0100],[1470672000000,59.5600],[1470758400000,60.5300],[1470844800000,62.7100],[1470931200000,63.4400],[1471190400000,66.8300],[1471276800000,68.7700],[1471363200000,70.2900],[1471449600000,71.3300],[1471536000000,71.8100],[1471795200000,73.3200],[1471881600000,72.8400],[1471968000000,73.3200],[1472054400000,74.2800],[1472140800000,73.3200],[1472400000000,75.2400],[1472486400000,75.2400],[1472572800000,76.2000],[1472659200000,55.7700],[1472745600000,54.9200],[1473004800000,56.7700],[1473091200000,57.4800],[1473177600000,57.9600],[1473264000000,58.8700],[1473350400000,58.9600],[1473609600000,58.7300],[1473696000000,58.9600],[1473782400000,57.7800],[1474214400000,64.8600],[1474300800000,65.0900],[1474387200000,66.7500],[1474473600000,67.2100],[1474560000000,66.9800],[1474819200000,69.3000],[1474905600000,70.00],[1474992000000,70.00],[1475078400000,70.3700],[1475164800000,71.7600],[1476028800000,70.5100],[1476115200000,71.4300],[1476201600000,71.9500],[1476288000000,72.3100],[1476374400000,72.4100],[1476633600000,73.1700],[1476720000000,74.4300],[1476806400000,75.0600],[1476892800000,75.7400],[1476979200000,75.2900],[1477238400000,76.1400],[1477324800000,77.7300],[1477411200000,78.2300],[1477497600000,78.2300],[1477584000000,78.2000],[1477843200000,78.7500],[1477929600000,78.3000],[1478016000000,79.1900],[1478102400000,79.4200],[1478188800000,79.4600],[1478448000000,30.6700],[1478534400000,30.6700],[1478620800000,29.7800],[1478707200000,29.3300],[1478793600000,29.1100],[1479052800000,28.00],[1479139200000,28.2200],[1479225600000,28.2200],[1479312000000,28.8900],[1479398400000,29.1100],[1479657600000,29.0500],[1479744000000,56.7600],[1479830400000,56.9800],[1479916800000,57.4300],[1480003200000,94.2400],[1480262400000,94.9000],[1480348800000,95.1300],[1480435200000,95.1300],[1480521600000,94.9100],[1480608000000,94.9500],[1480867200000,94.9500],[1480953600000,94.9500],[1481040000000,95.3800],[1481126400000,95.6000],[1481212800000,96.0500],[1481472000000,96.2800],[1481558400000,96.2900],[1481644800000,96.5100],[1481731200000,96.5100],[1481817600000,96.7200],[1482076800000,95.8500],[1482163200000,95.8500],[1482249600000,95.8500],[1482336000000,96.3000],[1482422400000,96.7600],[1482681600000,96.5500],[1482768000000,96.1200],[1482854400000,96.5700],[1482940800000,97.00],[1483027200000,97.2300],[1483372800000,96.8000],[1483459200000,97.0100],[1483545600000,97.0100],[1483632000000,97.0100],[1483891200000,97.0100],[1483977600000,97.2300],[1484064000000,97.2300],[1484150400000,97.0100],[1484236800000,97.2300],[1484496000000,97.4600],[1484582400000,97.6800],[1484668800000,97.6900],[1484755200000,97.6900],[1484841600000,97.6900],[1485100800000,97.5100],[1485187200000,97.5100],[1485273600000,97.5200],[1485360000000,97.5300],[1486051200000,98.3600],[1486310400000,98.1700],[1486396800000,98.3700],[1486483200000,98.3700],[1486569600000,98.3700],[1486656000000,98.3800],[1486915200000,98.3900],[1487001600000,98.3900],[1487088000000,98.3900],[1487174400000,98.3900],[1487260800000,98.3900],[1487520000000,98.3900],[1487606400000,98.3900],[1487692800000,97.5800],[1487779200000,97.5900],[1487865600000,97.6000],[1488124800000,85.8800],[1488211200000,86.6800],[1488297600000,86.6800],[1488384000000,87.4800],[1488470400000,88.0600],[1488729600000,87.3300],[1488816000000,87.9600],[1488902400000,88.7600],[1488988800000,89.3800],[1489075200000,90.7300],[1489334400000,90.7300],[1489420800000,90.9300],[1489507200000,91.1200],[1489593600000,91.9200],[1489680000000,92.5000],[1489939200000,93.1000],[1490025600000,93.4900],[1490112000000,93.3200],[1490198400000,92.4500],[1490284800000,92.6400],[1490544000000,94.0100],[1490630400000,94.2100],[1490716800000,93.4600],[1490803200000,93.3100],[1490889600000,93.1200],[1491321600000,92.0100],[1491408000000,91.8500],[1491494400000,92.0400],[1491753600000,91.4800],[1491840000000,90.9300],[1491926400000,91.1100],[1492012800000,91.3100],[1492099200000,91.5000],[1492358400000,91.3400],[1492444800000,91.7100],[1492531200000,91.9000],[1492617600000,92.2900],[1492704000000,92.6600],[1492963200000,92.6600],[1493049600000,93.0500],[1493136000000,93.0800],[1493222400000,93.2600],[1493308800000,93.6200],[1493654400000,93.2600],[1493740800000,92.9100],[1493827200000,93.8200],[1493913600000,92.7300],[1494172800000,92.3600],[1494259200000,92.1800],[1494345600000,92.1800],[1494432000000,92.7300],[1494518400000,92.00],[1494777600000,91.5200],[1494864000000,90.8300],[1494950400000,90.1800],[1495036800000,91.2500],[1495123200000,89.6400],[1495382400000,90.00],[1495468800000,90.0400],[1495555200000,89.7200],[1495641600000,90.6000],[1495728000000,89.3600],[1496160000000,89.5400],[1496246400000,89.8900],[1496332800000,89.3600],[1496592000000,89.4000],[1496678400000,89.4000],[1496764800000,89.4000],[1496851200000,89.0500],[1496937600000,88.3400],[1497196800000,88.5000],[1497283200000,88.1500],[1497369600000,88.00],[1497456000000,87.8300],[1497542400000,87.6500],[1497801600000,87.5200],[1497888000000,87.1800],[1497974400000,86.9600],[1498060800000,86.0900],[1498147200000,86.1100],[1498406400000,85.4900],[1498492800000,85.3200],[1498579200000,84.9700],[1498665600000,84.8000],[1498752000000,85.0500],[1499011200000,87.8000],[1499097600000,83.8500],[1499184000000,84.2200],[1499270400000,84.3900],[1499356800000,84.7300],[1499616000000,84.7300],[1499702400000,84.7300],[1499788800000,84.3900],[1499875200000,84.0500],[1499961600000,84.1300],[1500220800000,83.2800],[1500307200000,83.1100],[1500393600000,82.8500],[1500480000000,82.1700],[1500566400000,81.7900],[1500825600000,81.6200],[1500912000000,81.2800],[1500998400000,80.9800],[1501084800000,81.1400],[1501171200000,81.3100],[1501430400000,84.1800],[1501516800000,81.1400],[1501603200000,81.3100],[1501689600000,81.1400],[1501776000000,81.1400],[1502035200000,81.2100],[1502121600000,81.2100],[1502208000000,80.8700],[1502294400000,80.7000],[1502380800000,80.3700],[1502640000000,80.5400],[1502726400000,80.7000],[1502812800000,81.2100],[1502899200000,81.3800],[1502985600000,81.5400],[1503244800000,81.2400],[1503331200000,80.9000],[1503417600000,81.2400],[1503504000000,81.2100],[1503590400000,81.8800],[1503849600000,83.6700],[1503936000000,84.6700],[1504022400000,80.5000],[1504108800000,80.8700],[1504195200000,81.2000],[1504454400000,80.8700],[1504540800000,81.2000],[1504627200000,81.3600],[1504713600000,81.3600],[1504800000000,81.3600],[1505059200000,81.4300],[1505145600000,80.7600],[1505232000000,80.4300],[1505318400000,80.5000],[1505404800000,80.1700],[1505664000000,79.2100],[1505750400000,79.8700],[1505836800000,80.1000],[1505923200000,80.1000],[1506009600000,80.1000],[1506268800000,80.7600],[1506355200000,80.9300],[1506441600000,81.7900],[1506528000000,82.1200],[1506614400000,82.6700],[1507478400000,82.8400],[1507564800000,82.8700],[1507651200000,83.0300],[1507737600000,82.8200],[1507824000000,82.4900],[1508083200000,82.3500],[1508169600000,82.3500],[1508256000000,82.8200],[1508342400000,82.6500],[1508428800000,82.6500],[1508688000000,81.8500],[1508774400000,82.5100],[1508860800000,82.5400],[1508947200000,82.7000],[1509033600000,82.8700],[1509292800000,83.4200],[1509379200000,83.7700],[1509465600000,84.2600],[1509552000000,84.1800],[1509638400000,83.7900],[1509897600000,83.2500],[1509984000000,82.4500],[1510070400000,83.0900],[1510156800000,83.4700],[1510243200000,83.7900],[1510502400000,84.2000],[1510588800000,84.4100],[1510675200000,84.7200],[1510761600000,84.8800],[1510848000000,84.9100],[1511107200000,84.7500],[1511193600000,84.5900],[1511280000000,84.4300],[1511366400000,84.1200],[1511452800000,83.8300],[1511712000000,82.9700],[1511798400000,82.6600],[1511884800000,82.0300],[1511971200000,81.9000],[1512057600000,82.7400],[1512316800000,85.5400],[1512403200000,84.6000],[1512489600000,84.4500],[1512576000000,84.0100],[1512662400000,84.2000],[1512921600000,84.6600],[1513008000000,84.3800],[1513094400000,85.1500],[1513180800000,85.0200],[1513267200000,85.5200],[1513526400000,85.9800],[1513612800000,86.2800],[1513699200000,85.8200],[1513785600000,86.4100],[1513872000000,86.8700],[1514131200000,87.1800],[1514217600000,86.7200],[1514304000000,87.7700],[1514390400000,88.7000],[1514476800000,88.5500],[1514822400000,90.5300],[1514908800000,91.1500],[1514995200000,91.1500],[1515081600000,91.3000],[1515340800000,91.1500],[1515427200000,91.4500],[1515513600000,91.7700],[1515600000000,92.3900],[1515686400000,93.4600],[1515945600000,94.5200],[1516032000000,94.9800],[1516118400000,95.1300],[1516204800000,95.5900],[1516291200000,95.7400],[1516550400000,96.5000],[1516636800000,96.3500],[1516723200000,97.1100],[1516809600000,97.1100],[1516896000000,97.7100],[1517155200000,98.3200],[1517241600000,98.4800],[1517328000000,99.3900],[1517414400000,99.3900],[1517500800000,99.3900],[1517760000000,99.3900],[1517846400000,99.3900]];
/*规模变动*/
var Data_fluctuationScale = {"categories":["2016-12-31","2017-03-31","2017-06-30","2017-09-30","2017-12-31"],"series":[{"y":133.00,"mom":"155.77%"},{"y":1467.00,"mom":"1003.01%"},{"y":991.20,"mom":"-32.43%"},{"y":715.00,"mom":"-27.87%"},{"y":7.71,"mom":"-98.92%"}]};;
/*持有人结构*/
var Data_holderStructure = {"series":[{"name":"机构持有比例","data":[100.0,100.0,100.0]},{"name":"个人持有比例","data":[0.0,0.0,0.0]},{"name":"内部持有比例","data":[0.0,0.0,0.0]}],"categories":["2016-06-30","2016-12-31","2017-06-30"]};
/*申购赎回*/
var Data_assetAllocation ={"series":[{"name":"期间申购","data":[1360.00,2.10,3.90,4.41]},{"name":"期间赎回","data":[26.00,477.90,280.10,711.70]},{"name":"总份额","data":[1467.00,991.20,715.00,7.71]}],"categories":["2017-03-31","2017-06-30","2017-09-30","2017-12-31"]};
/*现任基金经理*/
var Data_currentFundManager = [{"id":"30196298","pic":"https://pdf.dfcfw.com/pdf/H8_JPG30196298_1.jpg","name":"谷衡","star":4,"workTime":"5年又87天","fundSize":"2485.14亿(16只基金)","power":{"avr":"66.70","categories":["经验值","收益率","影响力","稳定性","管理规模"],"dsc":["反映基金经理从业年限和管理基金的经验","根据基金经理投资的阶段收益评分，反映\u003cbr\u003e基金经理投资的盈利能力","根据基金经理所管理基金的机构和个人投\u003cbr\u003e资者持有比例评分","反映基金经理投资收益的波动","根据基金经理现任管理基金资产规模评分"],"data":[85.0,77.90,64.40,37.20,94.70],"jzrq":"2018-02-06"},"profit":{"categories":["任期收益","同类平均"],"series":[{"data":[{"name":null,"color":"#7cb5ec","y":6.7272},{"name":null,"color":"#414c7b","y":6.05}]}],"jzrq":"2018-02-06"}},{"id":"30493590","pic":"http://j5.dfcfw.com/avatar/nopic.gif","name":"姚璐伟","star":5,"workTime":"1年又141天","fundSize":"1250.06亿(6只基金)","power":{"avr":"80.01","categories":["经验值","收益率","影响力","稳定性","管理规模"],"dsc":["反映基金经理从业年限和管理基金的经验","根据基金经理投资的阶段收益评分，反映\u003cbr\u003e基金经理投资的盈利能力","根据基金经理所管理基金的机构和个人投\u003cbr\u003e资者持有比例评分","反映基金经理投资收益的波动","根据基金经理现任管理基金资产规模评分"],"data":[37.60,67.40,57.60,96.50,89.40],"jzrq":"2018-02-06"},"profit":{"categories":["任期收益","同类平均"],"series":[{"data":[{"name":null,"color":"#7cb5ec","y":3.6074},{"name":null,"color":"#414c7b","y":3.29}]}],"jzrq":"2018-02-06"}}] ;
/*同类型基金涨幅榜（页面底部通栏）*/
var swithSameType = [['002895_华夏天利货币B_5.8750','002894_华夏天利货币A_5.6210','004398_融通现金宝货币B_5.3370','000902_国开货币B_5.3360','001478_泰康薪意保货币B_5.1400'],['002895_华夏天利货币B_5.26','004973_长城收益宝货币B_5.08','004904_人保货币B_5.05','002884_华润元大现金通货币B_5.01','002894_华夏天利货币A_5.01'],['004973_长城收益宝货币B_5.05','004770_海富通添益货币A_4.99','002884_华润元大现金通货币B_4.99','005151_红土创新优淳货币B_4.90','002895_华夏天利货币B_4.89'],['004770_海富通添益货币A_5.39','004973_长城收益宝货币B_5.13','002884_华润元大现金通货币B_5.03','002895_华夏天利货币B_5.03','004398_融通现金宝货币B_5.01'],['003679_中融现金增利货币C_4.67','003474_南方天天利货币B_4.55','000836_国投瑞银钱多宝货币A_4.52','000837_国投瑞银钱多宝货币I_4.52','003753_工银如意货币B_4.51']];