/**
 * 测试数据
 * @type {arry}
 */
/*2018-02-07 18:01:23*/
//基金或股票信息
var fS_name = "兴业安润货币A";
var fS_code = "004216";
var fund_minsg="100";
var ishb=true;
/*原费率*/
var fund_sourceRate="0";
/*现费率*/
var fund_Rate="0";
/*最小申购金额*/
var fund_minsg="100";
/*收益率*/
/*近一年收益率*/
var syl_1n="4.1774";
/*近6月收益率*/
var syl_6y="2.1373";
/*近三月收益率*/
var syl_3y="1.0731";
/*近一月收益率*/
var syl_1y="0.3785";
/* 基金收益走势图 每万份收益*/
var Data_millionCopiesIncome = [[1483632000000,0.8494],[1483804800000,0.5179],[1483891200000,0.2589],[1483977600000,0.7953],[1484064000000,0.879],[1484150400000,0.8789],[1484236800000,0.8788],[1484323200000,0.8788],[1484409600000,0.8787],[1484496000000,0.8786],[1484582400000,0.8785],[1484668800000,0.8785],[1484755200000,0.9621],[1484841600000,0.9516],[1484928000000,0.9515],[1485014400000,0.9514],[1485100800000,0.9513],[1485187200000,0.9512],[1485273600000,0.9511],[1485360000000,1.026],[1485446400000,0.9588],[1485532800000,0.9588],[1485619200000,0.9587],[1485705600000,0.9584],[1485792000000,0.9583],[1485878400000,0.9582],[1485964800000,0.9581],[1486051200000,0.958],[1486137600000,0.9579],[1486224000000,0.9578],[1486310400000,0.9573],[1486396800000,1.0231],[1486483200000,0.95],[1486569600000,0.95],[1486656000000,0.9499],[1486742400000,0.9498],[1486828800000,0.9497],[1486915200000,0.6261],[1487001600000,0.72],[1487088000000,0.9077],[1487174400000,0.8972],[1487260800000,0.8345],[1487347200000,0.5424],[1487433600000,0.5424],[1487520000000,0.6154],[1487606400000,1.0533],[1487692800000,1.0219],[1487779200000,1.0427],[1487865600000,1.0426],[1487952000000,1.0529],[1488038400000,1.0528],[1488124800000,1.0423],[1488211200000,0.9258],[1488297600000,0.9576],[1488384000000,0.9562],[1488470400000,0.9587],[1488556800000,0.9024],[1488643200000,0.9024],[1488729600000,0.9393],[1488816000000,0.943],[1488902400000,0.9225],[1488988800000,0.9913],[1489075200000,1.0333],[1489161600000,0.9886],[1489248000000,0.9885],[1489334400000,0.9973],[1489420800000,0.9973],[1489507200000,0.9946],[1489593600000,0.9971],[1489680000000,1.0493],[1489766400000,1.0453],[1489852800000,1.0452],[1489939200000,1.0464],[1490025600000,1.0361],[1490112000000,1.0768],[1490198400000,1.0779],[1490284800000,1.088],[1490371200000,1.0879],[1490457600000,1.0878],[1490544000000,1.1004],[1490630400000,1.1716],[1490716800000,1.1702],[1490803200000,1.1739],[1490889600000,1.2017],[1490976000000,1.1952],[1491062400000,1.1951],[1491148800000,1.1949],[1491235200000,1.1948],[1491321600000,1.1959],[1491408000000,1.1881],[1491494400000,1.1638],[1491580800000,1.1637],[1491667200000,1.1636],[1491753600000,1.1215],[1491840000000,1.0616],[1491926400000,1.0971],[1492012800000,1.0614],[1492099200000,1.0575],[1492185600000,1.0573],[1492272000000,1.0572],[1492358400000,1.0571],[1492444800000,1.0608],[1492531200000,1.0683],[1492617600000,1.0709],[1492704000000,1.0746],[1492876800000,2.1488],[1492963200000,1.0793],[1493049600000,1.0919],[1493136000000,1.0918],[1493222400000,1.1019],[1493308800000,1.1031],[1493568000000,3.2971],[1493654400000,1.0988],[1493740800000,1.1025],[1493827200000,1.1023],[1493913600000,1.0908],[1494086400000,2.1812],[1494172800000,1.0892],[1494259200000,1.0916],[1494345600000,1.0964],[1494432000000,1.1082],[1494518400000,1.0949],[1494691200000,2.1874],[1494777600000,1.0729],[1494864000000,1.0957],[1494950400000,1.1017],[1495036800000,1.1032],[1495123200000,1.1045],[1495296000000,2.2086],[1495382400000,1.103],[1495468800000,1.1627],[1495555200000,1.1156],[1495641600000,1.1137],[1495728000000,1.1401],[1496073600000,4.4452],[1496160000000,1.1194],[1496246400000,1.1223],[1496332800000,1.1279],[1496505600000,2.249],[1496592000000,1.1594],[1496678400000,1.1326],[1496764800000,1.1486],[1496851200000,1.1444],[1496937600000,1.1528],[1497110400000,2.3114],[1497196800000,1.1911],[1497283200000,1.1651],[1497369600000,1.1897],[1497456000000,1.1916],[1497542400000,1.1966],[1497715200000,2.3991],[1497801600000,1.2073],[1497888000000,1.2157],[1497974400000,1.2103],[1498060800000,1.1934],[1498147200000,1.1991],[1498320000000,2.3892],[1498406400000,1.1996],[1498492800000,1.2064],[1498579200000,1.2029],[1498665600000,1.1952],[1498752000000,1.1985],[1498924800000,2.3972],[1499011200000,1.2011],[1499097600000,1.2097],[1499184000000,1.1994],[1499270400000,1.1945],[1499356800000,1.1933],[1499529600000,2.3762],[1499616000000,1.1803],[1499702400000,1.1675],[1499788800000,1.1967],[1499875200000,1.1728],[1499961600000,1.1696],[1500134400000,2.3377],[1500220800000,1.168],[1500307200000,1.1662],[1500393600000,1.1682],[1500480000000,1.154],[1500566400000,1.1593],[1500739200000,2.317],[1500825600000,1.1652],[1500912000000,1.1535],[1500998400000,1.1718],[1501084800000,1.159],[1501171200000,1.1552],[1501344000000,2.3094],[1501430400000,1.1533],[1501516800000,1.1524],[1501603200000,1.1545],[1501689600000,1.1536],[1501776000000,1.1559],[1501948800000,2.3115],[1502035200000,1.1586],[1502121600000,1.1524],[1502208000000,1.1535],[1502294400000,1.1482],[1502380800000,1.1385],[1502553600000,2.294],[1502640000000,1.1454],[1502726400000,1.1404],[1502812800000,1.1362],[1502899200000,1.1401],[1502985600000,1.1336],[1503158400000,2.2738],[1503244800000,1.1323],[1503331200000,1.1383],[1503417600000,1.1382],[1503504000000,1.1415],[1503590400000,1.1418],[1503763200000,2.2811],[1503849600000,1.1473],[1503936000000,1.1474],[1504022400000,1.1234],[1504108800000,1.1355],[1504195200000,1.1537],[1504368000000,2.305],[1504454400000,1.1513],[1504540800000,1.1396],[1504627200000,1.1582],[1504713600000,1.1587],[1504800000000,1.1697],[1504972800000,2.3113],[1505059200000,1.1553],[1505145600000,1.1598],[1505232000000,1.1445],[1505318400000,1.1424],[1505404800000,1.1294],[1505577600000,2.204],[1505664000000,1.1247],[1505750400000,1.1221],[1505836800000,1.1287],[1505923200000,1.1263],[1506009600000,1.1272],[1506182400000,2.2228],[1506268800000,1.1334],[1506355200000,1.1477],[1506441600000,1.1795],[1506528000000,1.2069],[1506614400000,1.1789],[1507392000000,10.5884],[1507478400000,1.1755],[1507564800000,1.1501],[1507651200000,1.1172],[1507737600000,1.1497],[1507824000000,1.1288],[1507996800000,2.2386],[1508083200000,1.1236],[1508169600000,1.106],[1508256000000,1.105],[1508342400000,1.1444],[1508428800000,1.1033],[1508601600000,2.2065],[1508688000000,1.0981],[1508774400000,1.1045],[1508860800000,1.1747],[1508947200000,1.0996],[1509033600000,1.1179],[1509206400000,2.2363],[1509292800000,1.1189],[1509379200000,1.113],[1509465600000,1.1118],[1509552000000,1.1081],[1509638400000,1.101],[1509811200000,2.1959],[1509897600000,1.1071],[1509984000000,1.1006],[1510070400000,1.0993],[1510156800000,1.0994],[1510243200000,1.0988],[1510416000000,2.1975],[1510502400000,1.1011],[1510588800000,1.105],[1510675200000,1.0671],[1510761600000,1.1177],[1510848000000,1.121],[1511020800000,2.2418],[1511107200000,1.1154],[1511193600000,1.1152],[1511280000000,1.1263],[1511366400000,1.1275],[1511452800000,1.1228],[1511625600000,2.2563],[1511712000000,1.125],[1511798400000,1.1262],[1511884800000,1.1338],[1511971200000,1.1338],[1512057600000,1.1601],[1512230400000,2.3042],[1512316800000,1.1676],[1512403200000,1.1735],[1512489600000,1.1562],[1512576000000,1.1583],[1512662400000,1.1523],[1512835200000,2.2829],[1512921600000,1.1489],[1513008000000,1.1538],[1513094400000,1.1508],[1513180800000,1.1386],[1513267200000,1.1245],[1513440000000,2.2407],[1513526400000,1.1635],[1513612800000,1.1663],[1513699200000,1.1914],[1513785600000,1.2146],[1513872000000,1.2273],[1514044800000,2.4392],[1514131200000,1.2429],[1514217600000,1.2343],[1514304000000,1.27],[1514390400000,1.2823],[1514476800000,1.1533],[1514649600000,2.2759],[1514736000000,1.1378],[1514822400000,1.2219],[1514908800000,1.1436],[1514995200000,1.1783],[1515081600000,1.1802],[1515254400000,2.4122],[1515340800000,1.2152],[1515427200000,1.1993],[1515513600000,1.1697],[1515600000000,1.1986],[1515686400000,1.1879],[1515859200000,2.3408],[1515945600000,1.2101],[1516032000000,1.1764],[1516118400000,1.1748],[1516204800000,1.1791],[1516291200000,1.184],[1516464000000,2.3595],[1516550400000,1.1826],[1516636800000,1.1832],[1516723200000,1.1848],[1516809600000,1.1859],[1516896000000,1.1934],[1517068800000,2.2916],[1517155200000,1.1618],[1517241600000,1.1815],[1517328000000,1.1658],[1517414400000,1.1771],[1517500800000,1.1741],[1517673600000,2.347],[1517760000000,1.172],[1517846400000,1.1716]];
/*基金收益走势图   7日年化收益率*/
var Data_sevenDaysYearIncome = [[1483632000000,3.149],[1483804800000,1.677],[1483891200000,1.495],[1483977600000,1.783],[1484064000000,2.028],[1484150400000,2.203],[1484236800000,2.219],[1484323200000,2.55],[1484409600000,2.882],[1484496000000,3.215],[1484582400000,3.259],[1484668800000,3.259],[1484755200000,3.304],[1484841600000,3.343],[1484928000000,3.382],[1485014400000,3.421],[1485100800000,3.461],[1485187200000,3.5],[1485273600000,3.539],[1485360000000,3.574],[1485446400000,3.577],[1485532800000,3.581],[1485619200000,3.585],[1485705600000,3.589],[1485792000000,3.593],[1485878400000,3.597],[1485964800000,3.56],[1486051200000,3.56],[1486137600000,3.559],[1486224000000,3.559],[1486310400000,3.558],[1486396800000,3.593],[1486483200000,3.589],[1486569600000,3.584],[1486656000000,3.58],[1486742400000,3.576],[1486828800000,3.571],[1486915200000,3.393],[1487001600000,3.229],[1487088000000,3.207],[1487174400000,3.178],[1487260800000,3.116],[1487347200000,2.897],[1487433600000,2.679],[1487520000000,2.673],[1487606400000,2.852],[1487692800000,2.913],[1487779200000,2.991],[1487865600000,3.103],[1487952000000,3.378],[1488038400000,3.653],[1488124800000,3.884],[1488211200000,3.815],[1488297600000,3.78],[1488384000000,3.734],[1488470400000,3.688],[1488556800000,3.607],[1488643200000,3.526],[1488729600000,3.47],[1488816000000,3.479],[1488902400000,3.46],[1488988800000,3.479],[1489075200000,3.52],[1489161600000,3.566],[1489248000000,3.613],[1489334400000,3.644],[1489420800000,3.673],[1489507200000,3.712],[1489593600000,3.715],[1489680000000,3.724],[1489766400000,3.755],[1489852800000,3.785],[1489939200000,3.812],[1490025600000,3.833],[1490112000000,3.878],[1490198400000,3.921],[1490284800000,3.942],[1490371200000,3.965],[1490457600000,3.988],[1490544000000,4.018],[1490630400000,4.091],[1490716800000,4.142],[1490803200000,4.194],[1490889600000,4.256],[1490976000000,4.314],[1491062400000,4.373],[1491148800000,4.424],[1491235200000,4.437],[1491321600000,4.451],[1491408000000,4.458],[1491494400000,4.438],[1491580800000,4.421],[1491667200000,4.403],[1491753600000,4.363],[1491840000000,4.291],[1491926400000,4.237],[1492012800000,4.169],[1492099200000,4.111],[1492185600000,4.053],[1492272000000,3.995],[1492358400000,3.96],[1492444800000,3.96],[1492531200000,3.944],[1492617600000,3.95],[1492704000000,3.959],[1492876800000,3.977],[1492963200000,3.989],[1493049600000,4.006],[1493136000000,4.019],[1493222400000,4.036],[1493308800000,4.051],[1493568000000,4.089],[1493654400000,4.092],[1493740800000,4.098],[1493827200000,4.098],[1493913600000,4.092],[1494086400000,4.083],[1494172800000,4.077],[1494259200000,4.074],[1494345600000,4.07],[1494432000000,4.073],[1494518400000,4.076],[1494691200000,4.079],[1494777600000,4.07],[1494864000000,4.072],[1494950400000,4.075],[1495036800000,4.073],[1495123200000,4.078],[1495296000000,4.089],[1495382400000,4.106],[1495468800000,4.142],[1495555200000,4.149],[1495641600000,4.155],[1495728000000,4.174],[1496073600000,4.159],[1496160000000,4.161],[1496246400000,4.165],[1496332800000,4.159],[1496505600000,4.173],[1496592000000,4.199],[1496678400000,4.211],[1496764800000,4.227],[1496851200000,4.239],[1496937600000,4.252],[1497110400000,4.286],[1497196800000,4.303],[1497283200000,4.321],[1497369600000,4.343],[1497456000000,4.369],[1497542400000,4.393],[1497715200000,4.441],[1497801600000,4.45],[1497888000000,4.477],[1497974400000,4.488],[1498060800000,4.489],[1498147200000,4.491],[1498320000000,4.485],[1498406400000,4.481],[1498492800000,4.476],[1498579200000,4.472],[1498665600000,4.473],[1498752000000,4.473],[1498924800000,4.477],[1499011200000,4.478],[1499097600000,4.48],[1499184000000,4.478],[1499270400000,4.477],[1499356800000,4.474],[1499529600000,4.463],[1499616000000,4.452],[1499702400000,4.429],[1499788800000,4.427],[1499875200000,4.415],[1499961600000,4.402],[1500134400000,4.382],[1500220800000,4.375],[1500307200000,4.374],[1500393600000,4.359],[1500480000000,4.348],[1500566400000,4.343],[1500739200000,4.332],[1500825600000,4.33],[1500912000000,4.323],[1500998400000,4.325],[1501084800000,4.328],[1501171200000,4.326],[1501344000000,4.322],[1501430400000,4.315],[1501516800000,4.314],[1501603200000,4.305],[1501689600000,4.302],[1501776000000,4.302],[1501948800000,4.304],[1502035200000,4.306],[1502121600000,4.306],[1502208000000,4.306],[1502294400000,4.303],[1502380800000,4.293],[1502553600000,4.284],[1502640000000,4.277],[1502726400000,4.27],[1502812800000,4.261],[1502899200000,4.257],[1502985600000,4.254],[1503158400000,4.243],[1503244800000,4.236],[1503331200000,4.235],[1503417600000,4.236],[1503504000000,4.236],[1503590400000,4.241],[1503763200000,4.245],[1503849600000,4.253],[1503936000000,4.258],[1504022400000,4.25],[1504108800000,4.247],[1504195200000,4.253],[1504368000000,4.266],[1504454400000,4.268],[1504540800000,4.264],[1504627200000,4.283],[1504713600000,4.296],[1504800000000,4.304],[1504972800000,4.308],[1505059200000,4.31],[1505145600000,4.321],[1505232000000,4.313],[1505318400000,4.305],[1505404800000,4.283],[1505577600000,4.224],[1505664000000,4.208],[1505750400000,4.187],[1505836800000,4.179],[1505923200000,4.17],[1506009600000,4.169],[1506182400000,4.179],[1506268800000,4.184],[1506355200000,4.198],[1506441600000,4.225],[1506528000000,4.269],[1506614400000,4.297],[1507392000000,4.387],[1507478400000,4.386],[1507564800000,4.372],[1507651200000,4.34],[1507737600000,4.325],[1507824000000,4.299],[1507996800000,4.238],[1508083200000,4.209],[1508169600000,4.185],[1508256000000,4.179],[1508342400000,4.176],[1508428800000,4.162],[1508601600000,4.145],[1508688000000,4.131],[1508774400000,4.13],[1508860800000,4.168],[1508947200000,4.144],[1509033600000,4.151],[1509206400000,4.168],[1509292800000,4.179],[1509379200000,4.184],[1509465600000,4.149],[1509552000000,4.154],[1509638400000,4.145],[1509811200000,4.123],[1509897600000,4.116],[1509984000000,4.11],[1510070400000,4.103],[1510156800000,4.098],[1510243200000,4.097],[1510416000000,4.098],[1510502400000,4.095],[1510588800000,4.097],[1510675200000,4.08],[1510761600000,4.09],[1510848000000,4.102],[1511020800000,4.126],[1511107200000,4.133],[1511193600000,4.139],[1511280000000,4.171],[1511366400000,4.176],[1511452800000,4.177],[1511625600000,4.185],[1511712000000,4.19],[1511798400000,4.196],[1511884800000,4.2],[1511971200000,4.204],[1512057600000,4.224],[1512230400000,4.25],[1512316800000,4.273],[1512403200000,4.299],[1512489600000,4.311],[1512576000000,4.325],[1512662400000,4.32],[1512835200000,4.309],[1512921600000,4.299],[1513008000000,4.288],[1513094400000,4.285],[1513180800000,4.274],[1513267200000,4.259],[1513440000000,4.236],[1513526400000,4.244],[1513612800000,4.251],[1513699200000,4.273],[1513785600000,4.314],[1513872000000,4.37],[1514044800000,4.478],[1514131200000,4.522],[1514217600000,4.559],[1514304000000,4.601],[1514390400000,4.638],[1514476800000,4.598],[1514649600000,4.509],[1514736000000,4.452],[1514822400000,4.445],[1514908800000,4.376],[1514995200000,4.32],[1515081600000,4.334],[1515254400000,4.408],[1515340800000,4.451],[1515427200000,4.438],[1515513600000,4.452],[1515600000000,4.464],[1515686400000,4.468],[1515859200000,4.429],[1515945600000,4.426],[1516032000000,4.414],[1516118400000,4.416],[1516204800000,4.406],[1516291200000,4.404],[1516464000000,4.414],[1516550400000,4.399],[1516636800000,4.403],[1516723200000,4.408],[1516809600000,4.412],[1516896000000,4.417],[1517068800000,4.38],[1517155200000,4.369],[1517241600000,4.368],[1517328000000,4.357],[1517414400000,4.353],[1517500800000,4.342],[1517673600000,4.372],[1517760000000,4.378],[1517846400000,4.372]];
/*资产配置*/
var Data_assetAllocationCurrency ={"categories":["12-31","09-30","06-30","03-31"],"series":[{"name":"股票","data":[null,null,null,null]},{"name":"债券","data":[42.7,34.45,34.45,19.27]},{"name":"现金","data":[58.63,49.96,51.0,44.56]}]};
/*累计收益率走势*/
var Data_grandTotal = [{"name":"兴业安润货币A","data":[[1501948800000,0],[1502035200000,0.01],[1502121600000,0.02],[1502208000000,0.03],[1502294400000,0.05],[1502380800000,0.06],[1502553600000,0.08],[1502640000000,0.09],[1502726400000,0.10],[1502812800000,0.11],[1502899200000,0.13],[1502985600000,0.14],[1503158400000,0.16],[1503244800000,0.17],[1503331200000,0.18],[1503417600000,0.19],[1503504000000,0.21],[1503590400000,0.22],[1503763200000,0.24],[1503849600000,0.25],[1503936000000,0.26],[1504022400000,0.27],[1504108800000,0.29],[1504195200000,0.30],[1504368000000,0.32],[1504454400000,0.33],[1504540800000,0.34],[1504627200000,0.36],[1504713600000,0.37],[1504800000000,0.38],[1504972800000,0.40],[1505059200000,0.41],[1505145600000,0.42],[1505232000000,0.44],[1505318400000,0.45],[1505404800000,0.46],[1505577600000,0.48],[1505664000000,0.49],[1505750400000,0.50],[1505836800000,0.52],[1505923200000,0.53],[1506009600000,0.54],[1506182400000,0.56],[1506268800000,0.57],[1506355200000,0.58],[1506441600000,0.60],[1506528000000,0.61],[1506614400000,0.62],[1507392000000,0.73],[1507478400000,0.74],[1507564800000,0.75],[1507651200000,0.76],[1507737600000,0.77],[1507824000000,0.78],[1507996800000,0.81],[1508083200000,0.82],[1508169600000,0.83],[1508256000000,0.84],[1508342400000,0.85],[1508428800000,0.86],[1508601600000,0.88],[1508688000000,0.90],[1508774400000,0.91],[1508860800000,0.92],[1508947200000,0.93],[1509033600000,0.94],[1509206400000,0.96],[1509292800000,0.97],[1509379200000,0.99],[1509465600000,1.00],[1509552000000,1.01],[1509638400000,1.02],[1509811200000,1.04],[1509897600000,1.05],[1509984000000,1.06],[1510070400000,1.08],[1510156800000,1.09],[1510243200000,1.10],[1510416000000,1.12],[1510502400000,1.13],[1510588800000,1.14],[1510675200000,1.15],[1510761600000,1.16],[1510848000000,1.18],[1511020800000,1.20],[1511107200000,1.21],[1511193600000,1.22],[1511280000000,1.23],[1511366400000,1.24],[1511452800000,1.25],[1511625600000,1.28],[1511712000000,1.29],[1511798400000,1.30],[1511884800000,1.31],[1511971200000,1.32],[1512057600000,1.34],[1512230400000,1.36],[1512316800000,1.37],[1512403200000,1.38],[1512489600000,1.39],[1512576000000,1.41],[1512662400000,1.42],[1512835200000,1.44],[1512921600000,1.45],[1513008000000,1.46],[1513094400000,1.48],[1513180800000,1.49],[1513267200000,1.50],[1513440000000,1.52],[1513526400000,1.53],[1513612800000,1.54],[1513699200000,1.56],[1513785600000,1.57],[1513872000000,1.58],[1514044800000,1.61],[1514131200000,1.62],[1514217600000,1.63],[1514304000000,1.64],[1514390400000,1.66],[1514476800000,1.67],[1514649600000,1.69],[1514736000000,1.70],[1514822400000,1.72],[1514908800000,1.73],[1514995200000,1.74],[1515081600000,1.75],[1515254400000,1.78],[1515340800000,1.79],[1515427200000,1.80],[1515513600000,1.81],[1515600000000,1.83],[1515686400000,1.84],[1515859200000,1.86],[1515945600000,1.87],[1516032000000,1.89],[1516118400000,1.90],[1516204800000,1.91],[1516291200000,1.92],[1516464000000,1.95],[1516550400000,1.96],[1516636800000,1.97],[1516723200000,1.98],[1516809600000,1.99],[1516896000000,2.01],[1517068800000,2.03],[1517155200000,2.04],[1517241600000,2.05],[1517328000000,2.07],[1517414400000,2.08],[1517500800000,2.09],[1517673600000,2.11],[1517760000000,2.13],[1517846400000,2.14]]},{"name":"同类平均","data":[[1502035200000,0],[1502121600000,0.01],[1502208000000,0.02],[1502294400000,0.03],[1502380800000,0.04],[1502640000000,0.07],[1502726400000,0.08],[1502812800000,0.09],[1502899200000,0.10],[1502985600000,0.11],[1503244800000,0.14],[1503331200000,0.16],[1503417600000,0.17],[1503504000000,0.18],[1503590400000,0.19],[1503849600000,0.22],[1503936000000,0.23],[1504022400000,0.24],[1504108800000,0.25],[1504195200000,0.26],[1504454400000,0.29],[1504540800000,0.30],[1504627200000,0.31],[1504713600000,0.32],[1504800000000,0.34],[1505059200000,0.37],[1505145600000,0.38],[1505232000000,0.39],[1505318400000,0.40],[1505404800000,0.41],[1505664000000,0.44],[1505750400000,0.45],[1505836800000,0.46],[1505923200000,0.47],[1506009600000,0.48],[1506268800000,0.52],[1506355200000,0.53],[1506441600000,0.54],[1506528000000,0.55],[1506614400000,0.56],[1507478400000,0.67],[1507564800000,0.68],[1507651200000,0.69],[1507737600000,0.71],[1507824000000,0.72],[1508083200000,0.75],[1508169600000,0.76],[1508256000000,0.77],[1508342400000,0.78],[1508428800000,0.79],[1508688000000,0.82],[1508774400000,0.83],[1508860800000,0.84],[1508947200000,0.85],[1509033600000,0.86],[1509292800000,0.90],[1509379200000,0.91],[1509465600000,0.92],[1509552000000,0.93],[1509638400000,0.94],[1509897600000,0.97],[1509984000000,0.98],[1510070400000,0.99],[1510156800000,1.00],[1510243200000,1.01],[1510502400000,1.04],[1510588800000,1.06],[1510675200000,1.07],[1510761600000,1.08],[1510848000000,1.09],[1511107200000,1.12],[1511193600000,1.13],[1511280000000,1.14],[1511366400000,1.15],[1511452800000,1.16],[1511712000000,1.20],[1511798400000,1.21],[1511884800000,1.22],[1511971200000,1.23],[1512057600000,1.24],[1512316800000,1.28],[1512403200000,1.29],[1512489600000,1.30],[1512576000000,1.31],[1512662400000,1.32],[1512921600000,1.35],[1513008000000,1.36],[1513094400000,1.38],[1513180800000,1.39],[1513267200000,1.40],[1513526400000,1.43],[1513612800000,1.44],[1513699200000,1.46],[1513785600000,1.47],[1513872000000,1.48],[1514131200000,1.51],[1514217600000,1.53],[1514304000000,1.54],[1514390400000,1.55],[1514476800000,1.57],[1514822400000,1.62],[1514908800000,1.64],[1514995200000,1.65],[1515081600000,1.66],[1515340800000,1.69],[1515427200000,1.71],[1515513600000,1.72],[1515600000000,1.73],[1515686400000,1.74],[1515945600000,1.77],[1516032000000,1.79],[1516118400000,1.80],[1516204800000,1.81],[1516291200000,1.82],[1516550400000,1.86],[1516636800000,1.87],[1516723200000,1.88],[1516809600000,1.89],[1516896000000,1.90],[1517155200000,1.94],[1517241600000,1.95],[1517328000000,1.96],[1517414400000,1.97],[1517500800000,1.98],[1517760000000,2.02],[1517846400000,2.03]]},{"name":"沪深300","data":[[1502035200000,0],[1502121600000,0.15],[1502208000000,0.11],[1502294400000,-0.29],[1502380800000,-2.13],[1502640000000,-0.86],[1502726400000,-0.56],[1502812800000,-0.68],[1502899200000,-0.15],[1502985600000,-0.06],[1503244800000,0.38],[1503331200000,0.68],[1503417600000,0.79],[1503504000000,0.21],[1503590400000,1.85],[1503849600000,3.11],[1503936000000,2.89],[1504022400000,2.88],[1504108800000,2.56],[1504195200000,2.78],[1504454400000,3.19],[1504540800000,3.50],[1504627200000,3.29],[1504713600000,2.77],[1504800000000,2.66],[1505059200000,2.65],[1505145600000,2.98],[1505232000000,3.11],[1505318400000,2.77],[1505404800000,2.80],[1505664000000,3.12],[1505750400000,2.83],[1505836800000,3.10],[1505923200000,2.98],[1506009600000,2.98],[1506268800000,2.44],[1506355200000,2.52],[1506441600000,2.53],[1506528000000,2.57],[1506614400000,2.94],[1507478400000,4.17],[1507564800000,4.38],[1507651200000,4.72],[1507737600000,5.00],[1507824000000,5.21],[1508083200000,5.01],[1508169600000,5.00],[1508256000000,5.83],[1508342400000,5.49],[1508428800000,5.37],[1508688000000,5.47],[1508774400000,6.24],[1508860800000,6.71],[1508947200000,7.16],[1509033600000,7.92],[1509292800000,7.59],[1509379200000,7.51],[1509465600000,7.24],[1509552000000,7.25],[1509638400000,7.13],[1509897600000,7.89],[1509984000000,8.79],[1510070400000,8.62],[1510156800000,9.37],[1510243200000,10.33],[1510502400000,10.77],[1510588800000,10.00],[1510675200000,9.31],[1510761600000,10.15],[1510848000000,10.57],[1511107200000,11.19],[1511193600000,13.17],[1511280000000,13.44],[1511366400000,10.08],[1511452800000,10.13],[1511712000000,8.67],[1511798400000,8.83],[1511884800000,8.77],[1511971200000,7.49],[1512057600000,7.28],[1512316800000,7.84],[1512403200000,8.41],[1512489600000,7.76],[1512576000000,6.55],[1512662400000,7.42],[1512921600000,9.20],[1513008000000,7.76],[1513094400000,8.67],[1513180800000,8.03],[1513267200000,6.82],[1513526400000,6.94],[1513612800000,8.28],[1513699200000,8.15],[1513785600000,9.15],[1513872000000,8.80],[1514131200000,8.45],[1514217600000,8.77],[1514304000000,7.09],[1514390400000,7.84],[1514476800000,8.16],[1514822400000,9.68],[1514908800000,10.32],[1514995200000,10.79],[1515081600000,11.05],[1515340800000,11.63],[1515427200000,12.41],[1515513600000,12.91],[1515600000000,12.85],[1515686400000,13.37],[1515945600000,13.37],[1516032000000,14.27],[1516118400000,13.99],[1516204800000,14.61],[1516291200000,14.99],[1516550400000,16.36],[1516636800000,17.60],[1516723200000,17.79],[1516809600000,17.13],[1516896000000,17.56],[1517155200000,15.43],[1517241600000,14.20],[1517328000000,14.73],[1517414400000,13.93],[1517500800000,14.61],[1517760000000,14.69],[1517846400000,11.33]]}];
/*同类排名*/
var Data_rateInSimilarType = [{"x":1491408000000,"y":253,"sc":"540"},{"x":1491494400000,"y":243,"sc":"540"},{"x":1491753600000,"y":204,"sc":"540"},{"x":1491840000000,"y":204,"sc":"540"},{"x":1491926400000,"y":202,"sc":"540"},{"x":1492012800000,"y":203,"sc":"541"},{"x":1492099200000,"y":215,"sc":"541"},{"x":1492358400000,"y":194,"sc":"543"},{"x":1492444800000,"y":191,"sc":"543"},{"x":1492531200000,"y":191,"sc":"543"},{"x":1492617600000,"y":187,"sc":"545"},{"x":1492704000000,"y":200,"sc":"545"},{"x":1492963200000,"y":183,"sc":"545"},{"x":1493049600000,"y":178,"sc":"547"},{"x":1493136000000,"y":179,"sc":"549"},{"x":1493222400000,"y":193,"sc":"549"},{"x":1493308800000,"y":206,"sc":"549"},{"x":1493654400000,"y":181,"sc":"549"},{"x":1493740800000,"y":179,"sc":"550"},{"x":1493827200000,"y":188,"sc":"550"},{"x":1493913600000,"y":180,"sc":"550"},{"x":1494172800000,"y":182,"sc":"550"},{"x":1494259200000,"y":181,"sc":"550"},{"x":1494345600000,"y":179,"sc":"550"},{"x":1494432000000,"y":189,"sc":"550"},{"x":1494518400000,"y":178,"sc":"550"},{"x":1494777600000,"y":162,"sc":"554"},{"x":1494864000000,"y":158,"sc":"556"},{"x":1494950400000,"y":157,"sc":"560"},{"x":1495036800000,"y":157,"sc":"560"},{"x":1495123200000,"y":132,"sc":"560"},{"x":1495382400000,"y":119,"sc":"560"},{"x":1495468800000,"y":117,"sc":"562"},{"x":1495555200000,"y":118,"sc":"564"},{"x":1495641600000,"y":134,"sc":"564"},{"x":1495728000000,"y":118,"sc":"564"},{"x":1496160000000,"y":113,"sc":"564"},{"x":1496246400000,"y":111,"sc":"564"},{"x":1496332800000,"y":109,"sc":"564"},{"x":1496592000000,"y":97,"sc":"566"},{"x":1496678400000,"y":95,"sc":"566"},{"x":1496764800000,"y":91,"sc":"566"},{"x":1496851200000,"y":91,"sc":"566"},{"x":1496937600000,"y":88,"sc":"566"},{"x":1497196800000,"y":87,"sc":"574"},{"x":1497283200000,"y":84,"sc":"574"},{"x":1497369600000,"y":84,"sc":"575"},{"x":1497456000000,"y":83,"sc":"575"},{"x":1497542400000,"y":82,"sc":"575"},{"x":1497801600000,"y":83,"sc":"577"},{"x":1497888000000,"y":83,"sc":"577"},{"x":1497974400000,"y":83,"sc":"575"},{"x":1498060800000,"y":83,"sc":"575"},{"x":1498147200000,"y":82,"sc":"576"},{"x":1498406400000,"y":82,"sc":"579"},{"x":1498492800000,"y":82,"sc":"579"},{"x":1498579200000,"y":84,"sc":"579"},{"x":1498665600000,"y":85,"sc":"579"},{"x":1498752000000,"y":86,"sc":"582"},{"x":1499011200000,"y":145,"sc":"582"},{"x":1499097600000,"y":98,"sc":"582"},{"x":1499184000000,"y":97,"sc":"583"},{"x":1499270400000,"y":95,"sc":"583"},{"x":1499356800000,"y":95,"sc":"583"},{"x":1499616000000,"y":94,"sc":"583"},{"x":1499702400000,"y":94,"sc":"583"},{"x":1499788800000,"y":93,"sc":"583"},{"x":1499875200000,"y":92,"sc":"583"},{"x":1499961600000,"y":92,"sc":"586"},{"x":1500220800000,"y":92,"sc":"586"},{"x":1500307200000,"y":90,"sc":"586"},{"x":1500393600000,"y":91,"sc":"589"},{"x":1500480000000,"y":91,"sc":"589"},{"x":1500566400000,"y":94,"sc":"593"},{"x":1500825600000,"y":97,"sc":"593"},{"x":1500912000000,"y":97,"sc":"593"},{"x":1500998400000,"y":98,"sc":"594"},{"x":1501084800000,"y":96,"sc":"594"},{"x":1501171200000,"y":96,"sc":"594"},{"x":1501430400000,"y":83,"sc":"594"},{"x":1501516800000,"y":97,"sc":"594"},{"x":1501603200000,"y":97,"sc":"594"},{"x":1501689600000,"y":94,"sc":"594"},{"x":1501776000000,"y":94,"sc":"594"},{"x":1502035200000,"y":93,"sc":"596"},{"x":1502121600000,"y":93,"sc":"596"},{"x":1502208000000,"y":90,"sc":"596"},{"x":1502294400000,"y":88,"sc":"596"},{"x":1502380800000,"y":89,"sc":"596"},{"x":1502640000000,"y":89,"sc":"596"},{"x":1502726400000,"y":90,"sc":"596"},{"x":1502812800000,"y":90,"sc":"596"},{"x":1502899200000,"y":89,"sc":"596"},{"x":1502985600000,"y":91,"sc":"596"},{"x":1503244800000,"y":91,"sc":"597"},{"x":1503331200000,"y":90,"sc":"597"},{"x":1503417600000,"y":89,"sc":"597"},{"x":1503504000000,"y":89,"sc":"596"},{"x":1503590400000,"y":90,"sc":"596"},{"x":1503849600000,"y":80,"sc":"600"},{"x":1503936000000,"y":74,"sc":"600"},{"x":1504022400000,"y":95,"sc":"600"},{"x":1504108800000,"y":96,"sc":"601"},{"x":1504195200000,"y":96,"sc":"601"},{"x":1504454400000,"y":96,"sc":"601"},{"x":1504540800000,"y":97,"sc":"601"},{"x":1504627200000,"y":98,"sc":"601"},{"x":1504713600000,"y":100,"sc":"601"},{"x":1504800000000,"y":99,"sc":"601"},{"x":1505059200000,"y":100,"sc":"603"},{"x":1505145600000,"y":100,"sc":"603"},{"x":1505232000000,"y":101,"sc":"603"},{"x":1505318400000,"y":104,"sc":"605"},{"x":1505404800000,"y":104,"sc":"605"},{"x":1505664000000,"y":111,"sc":"606"},{"x":1505750400000,"y":112,"sc":"606"},{"x":1505836800000,"y":111,"sc":"603"},{"x":1505923200000,"y":115,"sc":"603"},{"x":1506009600000,"y":115,"sc":"603"},{"x":1506268800000,"y":118,"sc":"603"},{"x":1506355200000,"y":119,"sc":"603"},{"x":1506441600000,"y":115,"sc":"604"},{"x":1506528000000,"y":113,"sc":"604"},{"x":1506614400000,"y":108,"sc":"606"},{"x":1507478400000,"y":111,"sc":"606"},{"x":1507564800000,"y":111,"sc":"607"},{"x":1507651200000,"y":112,"sc":"607"},{"x":1507737600000,"y":115,"sc":"611"},{"x":1507824000000,"y":113,"sc":"611"},{"x":1508083200000,"y":117,"sc":"612"},{"x":1508169600000,"y":117,"sc":"612"},{"x":1508256000000,"y":117,"sc":"611"},{"x":1508342400000,"y":118,"sc":"611"},{"x":1508428800000,"y":118,"sc":"611"},{"x":1508688000000,"y":119,"sc":"606"},{"x":1508774400000,"y":117,"sc":"606"},{"x":1508860800000,"y":117,"sc":"607"},{"x":1508947200000,"y":114,"sc":"607"},{"x":1509033600000,"y":114,"sc":"607"},{"x":1509292800000,"y":117,"sc":"609"},{"x":1509379200000,"y":117,"sc":"610"},{"x":1509465600000,"y":120,"sc":"610"},{"x":1509552000000,"y":122,"sc":"613"},{"x":1509638400000,"y":126,"sc":"617"},{"x":1509897600000,"y":131,"sc":"621"},{"x":1509984000000,"y":135,"sc":"621"},{"x":1510070400000,"y":138,"sc":"621"},{"x":1510156800000,"y":139,"sc":"623"},{"x":1510243200000,"y":142,"sc":"623"},{"x":1510502400000,"y":145,"sc":"633"},{"x":1510588800000,"y":147,"sc":"635"},{"x":1510675200000,"y":146,"sc":"635"},{"x":1510761600000,"y":147,"sc":"635"},{"x":1510848000000,"y":150,"sc":"636"},{"x":1511107200000,"y":151,"sc":"636"},{"x":1511193600000,"y":156,"sc":"636"},{"x":1511280000000,"y":157,"sc":"636"},{"x":1511366400000,"y":160,"sc":"636"},{"x":1511452800000,"y":159,"sc":"637"},{"x":1511712000000,"y":169,"sc":"640"},{"x":1511798400000,"y":167,"sc":"640"},{"x":1511884800000,"y":171,"sc":"640"},{"x":1511971200000,"y":173,"sc":"641"},{"x":1512057600000,"y":169,"sc":"643"},{"x":1512316800000,"y":173,"sc":"643"},{"x":1512403200000,"y":171,"sc":"643"},{"x":1512489600000,"y":172,"sc":"643"},{"x":1512576000000,"y":173,"sc":"644"},{"x":1512662400000,"y":173,"sc":"652"},{"x":1512921600000,"y":184,"sc":"652"},{"x":1513008000000,"y":186,"sc":"653"},{"x":1513094400000,"y":187,"sc":"653"},{"x":1513180800000,"y":191,"sc":"654"},{"x":1513267200000,"y":193,"sc":"656"},{"x":1513526400000,"y":199,"sc":"656"},{"x":1513612800000,"y":200,"sc":"656"},{"x":1513699200000,"y":199,"sc":"656"},{"x":1513785600000,"y":198,"sc":"655"},{"x":1513872000000,"y":195,"sc":"655"},{"x":1514131200000,"y":192,"sc":"655"},{"x":1514217600000,"y":194,"sc":"655"},{"x":1514304000000,"y":194,"sc":"654"},{"x":1514390400000,"y":195,"sc":"655"},{"x":1514476800000,"y":195,"sc":"655"},{"x":1514822400000,"y":179,"sc":"655"},{"x":1514908800000,"y":178,"sc":"655"},{"x":1514995200000,"y":176,"sc":"655"},{"x":1515081600000,"y":174,"sc":"655"},{"x":1515340800000,"y":247,"sc":"655"},{"x":1515427200000,"y":248,"sc":"655"},{"x":1515513600000,"y":253,"sc":"656"},{"x":1515600000000,"y":250,"sc":"657"},{"x":1515686400000,"y":250,"sc":"657"},{"x":1515945600000,"y":255,"sc":"657"},{"x":1516032000000,"y":256,"sc":"657"},{"x":1516118400000,"y":251,"sc":"657"},{"x":1516204800000,"y":252,"sc":"657"},{"x":1516291200000,"y":255,"sc":"657"},{"x":1516550400000,"y":262,"sc":"657"},{"x":1516636800000,"y":262,"sc":"657"},{"x":1516723200000,"y":260,"sc":"657"},{"x":1516809600000,"y":263,"sc":"657"},{"x":1516896000000,"y":264,"sc":"655"},{"x":1517155200000,"y":269,"sc":"656"},{"x":1517241600000,"y":272,"sc":"656"},{"x":1517328000000,"y":276,"sc":"656"},{"x":1517414400000,"y":273,"sc":"656"},{"x":1517500800000,"y":269,"sc":"656"},{"x":1517760000000,"y":268,"sc":"656"},{"x":1517846400000,"y":268,"sc":"656"}];
/*百分比排名*/
var Data_rateInSimilarPersent = [[1491408000000,53.1500],[1491494400000,55.00],[1491753600000,62.2200],[1491840000000,62.2200],[1491926400000,62.5900],[1492012800000,62.4800],[1492099200000,60.2600],[1492358400000,64.2700],[1492444800000,64.8300],[1492531200000,64.8300],[1492617600000,65.6900],[1492704000000,63.3000],[1492963200000,66.4200],[1493049600000,67.4600],[1493136000000,67.4000],[1493222400000,64.8500],[1493308800000,62.4800],[1493654400000,67.0300],[1493740800000,67.4500],[1493827200000,65.8200],[1493913600000,67.2700],[1494172800000,66.9100],[1494259200000,67.0900],[1494345600000,67.4500],[1494432000000,65.6400],[1494518400000,67.6400],[1494777600000,70.7600],[1494864000000,71.5800],[1494950400000,71.9600],[1495036800000,71.9600],[1495123200000,76.4300],[1495382400000,78.7500],[1495468800000,79.1800],[1495555200000,79.0800],[1495641600000,76.2400],[1495728000000,79.0800],[1496160000000,79.9600],[1496246400000,80.3200],[1496332800000,80.6700],[1496592000000,82.8600],[1496678400000,83.2200],[1496764800000,83.9200],[1496851200000,83.9200],[1496937600000,84.4500],[1497196800000,84.8400],[1497283200000,85.3700],[1497369600000,85.3900],[1497456000000,85.5700],[1497542400000,85.7400],[1497801600000,85.6200],[1497888000000,85.6200],[1497974400000,85.5700],[1498060800000,85.5700],[1498147200000,85.7600],[1498406400000,85.8400],[1498492800000,85.8400],[1498579200000,85.4900],[1498665600000,85.3200],[1498752000000,85.2200],[1499011200000,75.0900],[1499097600000,83.1600],[1499184000000,83.3600],[1499270400000,83.7000],[1499356800000,83.7000],[1499616000000,83.8800],[1499702400000,83.8800],[1499788800000,84.0500],[1499875200000,84.2200],[1499961600000,84.3000],[1500220800000,84.3000],[1500307200000,84.6400],[1500393600000,84.5500],[1500480000000,84.5500],[1500566400000,84.1500],[1500825600000,83.6400],[1500912000000,83.6400],[1500998400000,83.5000],[1501084800000,83.8400],[1501171200000,83.8400],[1501430400000,86.0300],[1501516800000,83.6700],[1501603200000,83.6700],[1501689600000,84.1800],[1501776000000,84.1800],[1502035200000,84.4000],[1502121600000,84.4000],[1502208000000,84.9000],[1502294400000,85.2300],[1502380800000,85.0700],[1502640000000,85.0700],[1502726400000,84.9000],[1502812800000,84.9000],[1502899200000,85.0700],[1502985600000,84.7300],[1503244800000,84.7600],[1503331200000,84.9200],[1503417600000,85.0900],[1503504000000,85.0700],[1503590400000,84.9000],[1503849600000,86.6700],[1503936000000,87.6700],[1504022400000,84.1700],[1504108800000,84.0300],[1504195200000,84.0300],[1504454400000,84.0300],[1504540800000,83.8600],[1504627200000,83.6900],[1504713600000,83.3600],[1504800000000,83.5300],[1505059200000,83.4200],[1505145600000,83.4200],[1505232000000,83.2500],[1505318400000,82.8100],[1505404800000,82.8100],[1505664000000,81.6800],[1505750400000,81.5200],[1505836800000,81.5900],[1505923200000,80.9300],[1506009600000,80.9300],[1506268800000,80.4300],[1506355200000,80.2700],[1506441600000,80.9600],[1506528000000,81.2900],[1506614400000,82.1800],[1507478400000,81.6800],[1507564800000,81.7100],[1507651200000,81.5500],[1507737600000,81.1800],[1507824000000,81.5100],[1508083200000,80.8800],[1508169600000,80.8800],[1508256000000,80.8500],[1508342400000,80.6900],[1508428800000,80.6900],[1508688000000,80.3600],[1508774400000,80.6900],[1508860800000,80.7200],[1508947200000,81.2200],[1509033600000,81.2200],[1509292800000,80.7900],[1509379200000,80.8200],[1509465600000,80.3300],[1509552000000,80.1000],[1509638400000,79.5800],[1509897600000,78.9000],[1509984000000,78.2600],[1510070400000,77.7800],[1510156800000,77.6900],[1510243200000,77.2100],[1510502400000,77.0900],[1510588800000,76.8500],[1510675200000,77.0100],[1510761600000,76.8500],[1510848000000,76.4200],[1511107200000,76.2600],[1511193600000,75.4700],[1511280000000,75.3100],[1511366400000,74.8400],[1511452800000,75.0400],[1511712000000,73.5900],[1511798400000,73.9100],[1511884800000,73.2800],[1511971200000,73.0100],[1512057600000,73.7200],[1512316800000,73.0900],[1512403200000,73.4100],[1512489600000,73.2500],[1512576000000,73.1400],[1512662400000,73.4700],[1512921600000,71.7800],[1513008000000,71.5200],[1513094400000,71.3600],[1513180800000,70.8000],[1513267200000,70.5800],[1513526400000,69.6600],[1513612800000,69.5100],[1513699200000,69.6600],[1513785600000,69.7700],[1513872000000,70.2300],[1514131200000,70.6900],[1514217600000,70.3800],[1514304000000,70.3400],[1514390400000,70.2300],[1514476800000,70.2300],[1514822400000,72.6700],[1514908800000,72.8200],[1514995200000,73.1300],[1515081600000,73.4400],[1515340800000,62.2900],[1515427200000,62.1400],[1515513600000,61.4300],[1515600000000,61.9500],[1515686400000,61.9500],[1515945600000,61.1900],[1516032000000,61.0400],[1516118400000,61.8000],[1516204800000,61.6400],[1516291200000,61.1900],[1516550400000,60.1200],[1516636800000,60.1200],[1516723200000,60.4300],[1516809600000,59.9700],[1516896000000,59.6900],[1517155200000,58.9900],[1517241600000,58.5400],[1517328000000,57.9300],[1517414400000,58.3800],[1517500800000,58.9900],[1517760000000,59.1500],[1517846400000,59.1500]];
/*规模变动*/
var Data_fluctuationScale = {"categories":["2017-03-31","2017-06-30","2017-09-30","2017-12-29","2017-12-31"],"series":[{"y":0.00,"mom":"713.78%"},{"y":0.03,"mom":"3184.34%"},{"y":0.11,"mom":"311.79%"},{"y":0.12,"mom":"11.28%"},{"y":0.12,"mom":"0.02%"}]};;
/*持有人结构*/
var Data_holderStructure = {"series":[{"name":"机构持有比例","data":[2.74]},{"name":"个人持有比例","data":[97.26]},{"name":"内部持有比例","data":[2.381]}],"categories":["2017-06-30"]};
/*申购赎回*/
var Data_assetAllocation ={"series":[{"name":"期间申购","data":[0.01,0.04,0.11,0.13]},{"name":"期间赎回","data":[0.00,0.01,0.03,0.12]},{"name":"总份额","data":[0.00,0.03,0.11,0.12]}],"categories":["2017-03-31","2017-06-30","2017-09-30","2017-12-31"]};
/*现任基金经理*/
var Data_currentFundManager = [{"id":"30388382","pic":"https://pdf.dfcfw.com/pdf/H8_JPG30388382_1.jpg","name":"杨逸君","star":3,"workTime":"2年又91天","fundSize":"828.00亿(14只基金)","power":{"avr":"53.32","categories":["经验值","收益率","抗风险","稳定性","管理规模"],"dsc":["反映基金经理从业年限和管理基金的经验","根据基金经理投资的阶段收益评分，反映\u003cbr\u003e基金经理投资的盈利能力","反映基金经理投资的回撤控制能力","反映基金经理投资收益的波动","根据基金经理现任管理基金资产规模评分"],"data":[44.70,33.80,46.10,69.40,96.40],"jzrq":"2018-02-06"},"profit":{"categories":["任期收益","同类平均"],"series":[{"data":[{"name":null,"color":"#7cb5ec","y":4.4662},{"name":null,"color":"#414c7b","y":4.23}]}],"jzrq":"2018-02-06"}},{"id":"30515277","pic":"http://j5.dfcfw.com/avatar/nopic.gif","name":"雷志强","star":5,"workTime":"1年又34天","fundSize":"800.14亿(9只基金)","power":{"avr":"83.93","categories":["经验值","收益率","影响力","稳定性","管理规模"],"dsc":["反映基金经理从业年限和管理基金的经验","根据基金经理投资的阶段收益评分，反映\u003cbr\u003e基金经理投资的盈利能力","根据基金经理所管理基金的机构和个人投\u003cbr\u003e资者持有比例评分","反映基金经理投资收益的波动","根据基金经理现任管理基金资产规模评分"],"data":[31.60,81.10,97.0,95.30,78.80],"jzrq":"2018-02-06"},"profit":{"categories":["任期收益","同类平均"],"series":[{"data":[{"name":null,"color":"#7cb5ec","y":3.2508},{"name":null,"color":"#414c7b","y":3.09}]}],"jzrq":"2018-02-06"}}] ;
/*同类型基金涨幅榜（页面底部通栏）*/
var swithSameType = [['002895_华夏天利货币B_5.8750','002894_华夏天利货币A_5.6210','004398_融通现金宝货币B_5.3370','000902_国开货币B_5.3360','001478_泰康薪意保货币B_5.1400'],['002895_华夏天利货币B_5.26','004973_长城收益宝货币B_5.08','004904_人保货币B_5.05','002884_华润元大现金通货币B_5.01','002894_华夏天利货币A_5.01'],['004973_长城收益宝货币B_5.05','004770_海富通添益货币A_4.99','002884_华润元大现金通货币B_4.99','005151_红土创新优淳货币B_4.90','002895_华夏天利货币B_4.89'],['004770_海富通添益货币A_5.39','004973_长城收益宝货币B_5.13','002884_华润元大现金通货币B_5.03','002895_华夏天利货币B_5.03','004398_融通现金宝货币B_5.01'],['003679_中融现金增利货币C_4.67','003474_南方天天利货币B_4.55','000836_国投瑞银钱多宝货币A_4.52','000837_国投瑞银钱多宝货币I_4.52','003753_工银如意货币B_4.51']];