/**
 * 测试数据
 * @type {arry}
 */
/*2018-02-07 18:04:00*/
//基金或股票信息
var fS_name = "东方红货币A";
var fS_code = "005056";
var fund_minsg="100";
var ishb=true;
/*原费率*/
var fund_sourceRate="0";
/*现费率*/
var fund_Rate="0";
/*最小申购金额*/
var fund_minsg="100";
/*收益率*/
/*近一年收益率*/
var syl_1n="";
/*近6月收益率*/
var syl_6y="";
/*近三月收益率*/
var syl_3y="1.0404";
/*近一月收益率*/
var syl_1y="0.3469";
/* 基金收益走势图 每万份收益*/
var Data_millionCopiesIncome = [[1503590400000,1.2763],[1504195200000,0.9144],[1504800000000,0.8344],[1505404800000,1.0341],[1506009600000,1.0499],[1506614400000,1.0663],[1507824000000,1.2335],[1508256000000,1.0416],[1508342400000,1.0354],[1508428800000,1.0344],[1508515200000,1.0509],[1508601600000,1.051],[1508688000000,1.0252],[1508774400000,1.4221],[1508860800000,1.0046],[1508947200000,0.9876],[1509033600000,0.9818],[1509120000000,0.9825],[1509206400000,0.9825],[1509292800000,0.9913],[1509379200000,1.3986],[1509465600000,1.0109],[1509552000000,0.9908],[1509638400000,1.0104],[1509724800000,1.0387],[1509811200000,1.0387],[1509897600000,1.0306],[1509984000000,1.3155],[1510070400000,1.0342],[1510156800000,1.0258],[1510243200000,1.0269],[1510329600000,1.0281],[1510416000000,1.0282],[1510502400000,1.4093],[1510588800000,1.0478],[1510675200000,1.0281],[1510761600000,1.0443],[1510848000000,1.0541],[1510934400000,1.0478],[1511020800000,1.0479],[1511107200000,1.0447],[1511193600000,1.0515],[1511280000000,1.0523],[1511366400000,1.054],[1511452800000,1.0598],[1511539200000,1.0626],[1511625600000,1.0626],[1511712000000,1.2388],[1511798400000,1.0346],[1511884800000,1.0585],[1511971200000,1.1388],[1512057600000,1.0799],[1512144000000,1.067],[1512230400000,1.067],[1512316800000,1.0474],[1512403200000,1.0431],[1512489600000,1.0055],[1512576000000,1.3416],[1512662400000,0.9559],[1512748800000,0.9583],[1512835200000,0.9583],[1512921600000,0.9402],[1513008000000,0.9625],[1513094400000,0.9816],[1513180800000,1.0127],[1513267200000,1.0197],[1513353600000,1.0287],[1513440000000,1.0287],[1513526400000,0.9985],[1513612800000,1.0037],[1513699200000,0.9274],[1513785600000,1.1078],[1513872000000,1.1214],[1513958400000,1.1296],[1514044800000,1.1296],[1514131200000,1.3049],[1514217600000,1.3028],[1514304000000,1.3218],[1514390400000,1.3777],[1514476800000,1.4413],[1514563200000,1.4514],[1514649600000,1.4514],[1514736000000,1.4516],[1514822400000,1.4473],[1514908800000,1.4411],[1514995200000,1.4461],[1515081600000,1.2732],[1515168000000,1.2574],[1515254400000,1.2574],[1515340800000,1.0336],[1515427200000,1.0538],[1515513600000,1.0495],[1515600000000,1.052],[1515686400000,1.367],[1515772800000,1.0798],[1515859200000,1.0798],[1515945600000,1.1174],[1516032000000,1.1236],[1516118400000,1.142],[1516204800000,1.1297],[1516291200000,1.1324],[1516377600000,1.1259],[1516464000000,1.1259],[1516550400000,1.3394],[1516636800000,1.1225],[1516723200000,1.0819],[1516809600000,1.1064],[1516896000000,1.104],[1516982400000,1.1168],[1517068800000,1.1168],[1517155200000,1.0956],[1517241600000,1.3345],[1517328000000,1.1065],[1517414400000,1.014],[1517500800000,1.0219],[1517587200000,1.0162],[1517673600000,1.0162],[1517760000000,0.9807],[1517846400000,1.1892]];
/*基金收益走势图   7日年化收益率*/
var Data_sevenDaysYearIncome = [[1503590400000,4.768],[1504195200000,3.391],[1504800000000,3.415],[1505404800000,3.451],[1506009600000,3.896],[1506614400000,3.94],[1507824000000,4.184],[1508256000000,4.293],[1508342400000,4.174],[1508428800000,4.066],[1508515200000,4.053],[1508601600000,4.04],[1508688000000,4.035],[1508774400000,4.075],[1508860800000,4.055],[1508947200000,4.029],[1509033600000,4.001],[1509120000000,3.963],[1509206400000,3.926],[1509292800000,3.908],[1509379200000,3.895],[1509465600000,3.899],[1509552000000,3.9],[1509638400000,3.916],[1509724800000,3.946],[1509811200000,3.977],[1509897600000,3.998],[1509984000000,3.953],[1510070400000,3.966],[1510156800000,3.985],[1510243200000,3.994],[1510329600000,3.988],[1510416000000,3.982],[1510502400000,4.188],[1510588800000,4.042],[1510675200000,4.039],[1510761600000,4.049],[1510848000000,4.064],[1510934400000,4.075],[1511020800000,4.085],[1511107200000,3.888],[1511193600000,3.89],[1511280000000,3.903],[1511366400000,3.908],[1511452800000,3.911],[1511539200000,3.919],[1511625600000,3.927],[1511712000000,4.032],[1511798400000,4.023],[1511884800000,4.026],[1511971200000,4.072],[1512057600000,4.083],[1512144000000,4.086],[1512230400000,4.088],[1512316800000,3.984],[1512403200000,3.989],[1512489600000,3.96],[1512576000000,4.07],[1512662400000,4.003],[1512748800000,3.944],[1512835200000,3.885],[1512921600000,3.827],[1513008000000,3.783],[1513094400000,3.77],[1513180800000,3.593],[1513267200000,3.627],[1513353600000,3.665],[1513440000000,3.703],[1513526400000,3.735],[1513612800000,3.757],[1513699200000,3.728],[1513785600000,3.779],[1513872000000,3.834],[1513958400000,3.889],[1514044800000,3.944],[1514131200000,4.11],[1514217600000,4.272],[1514304000000,4.487],[1514390400000,4.634],[1514476800000,4.809],[1514563200000,4.985],[1514649600000,5.161],[1514736000000,5.241],[1514822400000,5.321],[1514908800000,5.386],[1514995200000,5.424],[1515081600000,5.331],[1515168000000,5.225],[1515254400000,5.119],[1515340800000,4.89],[1515427200000,4.675],[1515513600000,4.461],[1515600000000,4.247],[1515686400000,4.298],[1515772800000,4.201],[1515859200000,4.105],[1515945600000,4.15],[1516032000000,4.188],[1516118400000,4.239],[1516204800000,4.281],[1516291200000,4.153],[1516377600000,4.178],[1516464000000,4.203],[1516550400000,4.324],[1516636800000,4.323],[1516723200000,4.291],[1516809600000,4.278],[1516896000000,4.263],[1516982400000,4.258],[1517068800000,4.253],[1517155200000,4.12],[1517241600000,4.235],[1517328000000,4.249],[1517414400000,4.199],[1517500800000,4.154],[1517587200000,4.099],[1517673600000,4.045],[1517760000000,3.983],[1517846400000,3.904]];
/*资产配置*/
var Data_assetAllocationCurrency ={"categories":["12-31"],"series":[{"name":"股票","data":[null]},{"name":"债券","data":[26.38]},{"name":"现金","data":[44.8]}]};
/*累计收益率走势*/
var Data_grandTotal = [{"name":"东方红货币A","data":[[1503590400000,0],[1504195200000,0.01],[1504800000000,0.02],[1505404800000,0.03],[1506009600000,0.04],[1506614400000,0.05],[1507824000000,0.06],[1508256000000,0.07],[1508342400000,0.08],[1508428800000,0.09],[1508515200000,0.10],[1508601600000,0.11],[1508688000000,0.12],[1508774400000,0.14],[1508860800000,0.15],[1508947200000,0.16],[1509033600000,0.17],[1509120000000,0.18],[1509206400000,0.19],[1509292800000,0.20],[1509379200000,0.21],[1509465600000,0.22],[1509552000000,0.23],[1509638400000,0.24],[1509724800000,0.25],[1509811200000,0.26],[1509897600000,0.27],[1509984000000,0.29],[1510070400000,0.30],[1510156800000,0.31],[1510243200000,0.32],[1510329600000,0.33],[1510416000000,0.34],[1510502400000,0.35],[1510588800000,0.36],[1510675200000,0.37],[1510761600000,0.38],[1510848000000,0.39],[1510934400000,0.40],[1511020800000,0.41],[1511107200000,0.43],[1511193600000,0.44],[1511280000000,0.45],[1511366400000,0.46],[1511452800000,0.47],[1511539200000,0.48],[1511625600000,0.49],[1511712000000,0.50],[1511798400000,0.51],[1511884800000,0.52],[1511971200000,0.53],[1512057600000,0.54],[1512144000000,0.56],[1512230400000,0.57],[1512316800000,0.58],[1512403200000,0.59],[1512489600000,0.60],[1512576000000,0.61],[1512662400000,0.62],[1512748800000,0.63],[1512835200000,0.64],[1512921600000,0.65],[1513008000000,0.66],[1513094400000,0.67],[1513180800000,0.68],[1513267200000,0.69],[1513353600000,0.70],[1513440000000,0.71],[1513526400000,0.72],[1513612800000,0.73],[1513699200000,0.74],[1513785600000,0.75],[1513872000000,0.76],[1513958400000,0.77],[1514044800000,0.78],[1514131200000,0.80],[1514217600000,0.81],[1514304000000,0.82],[1514390400000,0.84],[1514476800000,0.85],[1514563200000,0.87],[1514649600000,0.88],[1514736000000,0.90],[1514822400000,0.91],[1514908800000,0.93],[1514995200000,0.94],[1515081600000,0.95],[1515168000000,0.97],[1515254400000,0.98],[1515340800000,0.99],[1515427200000,1.00],[1515513600000,1.01],[1515600000000,1.02],[1515686400000,1.03],[1515772800000,1.05],[1515859200000,1.06],[1515945600000,1.07],[1516032000000,1.08],[1516118400000,1.09],[1516204800000,1.10],[1516291200000,1.11],[1516377600000,1.12],[1516464000000,1.14],[1516550400000,1.15],[1516636800000,1.16],[1516723200000,1.17],[1516809600000,1.18],[1516896000000,1.19],[1516982400000,1.21],[1517068800000,1.22],[1517155200000,1.23],[1517241600000,1.24],[1517328000000,1.25],[1517414400000,1.26],[1517500800000,1.27],[1517587200000,1.28],[1517673600000,1.29],[1517760000000,1.30],[1517846400000,1.32]]},{"name":"同类平均","data":[[1503590400000,0],[1503849600000,0.03],[1503936000000,0.04],[1504022400000,0.05],[1504108800000,0.06],[1504195200000,0.07],[1504454400000,0.11],[1504540800000,0.12],[1504627200000,0.13],[1504713600000,0.14],[1504800000000,0.15],[1505059200000,0.18],[1505145600000,0.19],[1505232000000,0.20],[1505318400000,0.21],[1505404800000,0.22],[1505664000000,0.25],[1505750400000,0.26],[1505836800000,0.28],[1505923200000,0.29],[1506009600000,0.30],[1506268800000,0.33],[1506355200000,0.34],[1506441600000,0.35],[1506528000000,0.36],[1506614400000,0.37],[1507478400000,0.48],[1507564800000,0.50],[1507651200000,0.51],[1507737600000,0.52],[1507824000000,0.53],[1508083200000,0.56],[1508169600000,0.57],[1508256000000,0.58],[1508342400000,0.59],[1508428800000,0.60],[1508688000000,0.63],[1508774400000,0.64],[1508860800000,0.66],[1508947200000,0.67],[1509033600000,0.68],[1509292800000,0.71],[1509379200000,0.72],[1509465600000,0.73],[1509552000000,0.74],[1509638400000,0.75],[1509897600000,0.78],[1509984000000,0.79],[1510070400000,0.80],[1510156800000,0.81],[1510243200000,0.83],[1510502400000,0.86],[1510588800000,0.87],[1510675200000,0.88],[1510761600000,0.89],[1510848000000,0.90],[1511107200000,0.93],[1511193600000,0.94],[1511280000000,0.95],[1511366400000,0.96],[1511452800000,0.98],[1511712000000,1.01],[1511798400000,1.02],[1511884800000,1.03],[1511971200000,1.04],[1512057600000,1.05],[1512316800000,1.09],[1512403200000,1.10],[1512489600000,1.11],[1512576000000,1.12],[1512662400000,1.13],[1512921600000,1.16],[1513008000000,1.18],[1513094400000,1.19],[1513180800000,1.20],[1513267200000,1.21],[1513526400000,1.24],[1513612800000,1.26],[1513699200000,1.27],[1513785600000,1.28],[1513872000000,1.29],[1514131200000,1.33],[1514217600000,1.34],[1514304000000,1.35],[1514390400000,1.36],[1514476800000,1.38],[1514822400000,1.43],[1514908800000,1.45],[1514995200000,1.46],[1515081600000,1.47],[1515340800000,1.51],[1515427200000,1.52],[1515513600000,1.53],[1515600000000,1.54],[1515686400000,1.55],[1515945600000,1.59],[1516032000000,1.60],[1516118400000,1.61],[1516204800000,1.62],[1516291200000,1.63],[1516550400000,1.67],[1516636800000,1.68],[1516723200000,1.69],[1516809600000,1.70],[1516896000000,1.71],[1517155200000,1.75],[1517241600000,1.76],[1517328000000,1.77],[1517414400000,1.78],[1517500800000,1.79],[1517760000000,1.83],[1517846400000,1.84]]},{"name":"沪深300","data":[[1503590400000,0],[1503849600000,1.24],[1503936000000,1.02],[1504022400000,1.02],[1504108800000,0.69],[1504195200000,0.92],[1504454400000,1.31],[1504540800000,1.61],[1504627200000,1.41],[1504713600000,0.90],[1504800000000,0.80],[1505059200000,0.79],[1505145600000,1.11],[1505232000000,1.23],[1505318400000,0.90],[1505404800000,0.94],[1505664000000,1.25],[1505750400000,0.96],[1505836800000,1.23],[1505923200000,1.11],[1506009600000,1.11],[1506268800000,0.58],[1506355200000,0.66],[1506441600000,0.67],[1506528000000,0.71],[1506614400000,1.07],[1507478400000,2.28],[1507564800000,2.48],[1507651200000,2.82],[1507737600000,3.09],[1507824000000,3.30],[1508083200000,3.10],[1508169600000,3.09],[1508256000000,3.91],[1508342400000,3.57],[1508428800000,3.45],[1508688000000,3.56],[1508774400000,4.31],[1508860800000,4.77],[1508947200000,5.21],[1509033600000,5.96],[1509292800000,5.64],[1509379200000,5.56],[1509465600000,5.29],[1509552000000,5.31],[1509638400000,5.19],[1509897600000,5.93],[1509984000000,6.81],[1510070400000,6.65],[1510156800000,7.38],[1510243200000,8.33],[1510502400000,8.76],[1510588800000,8.00],[1510675200000,7.32],[1510761600000,8.15],[1510848000000,8.56],[1511107200000,9.17],[1511193600000,11.12],[1511280000000,11.38],[1511366400000,8.08],[1511452800000,8.13],[1511712000000,6.70],[1511798400000,6.85],[1511884800000,6.80],[1511971200000,5.54],[1512057600000,5.33],[1512316800000,5.88],[1512403200000,6.44],[1512489600000,5.80],[1512576000000,4.62],[1512662400000,5.47],[1512921600000,7.21],[1513008000000,5.80],[1513094400000,6.70],[1513180800000,6.07],[1513267200000,4.88],[1513526400000,4.99],[1513612800000,6.31],[1513699200000,6.18],[1513785600000,7.17],[1513872000000,6.82],[1514131200000,6.48],[1514217600000,6.79],[1514304000000,5.15],[1514390400000,5.88],[1514476800000,6.19],[1514822400000,7.68],[1514908800000,8.32],[1514995200000,8.77],[1515081600000,9.04],[1515340800000,9.60],[1515427200000,10.37],[1515513600000,10.86],[1515600000000,10.80],[1515686400000,11.31],[1515945600000,11.31],[1516032000000,12.19],[1516118400000,11.92],[1516204800000,12.53],[1516291200000,12.90],[1516550400000,14.25],[1516636800000,15.46],[1516723200000,15.65],[1516809600000,15.00],[1516896000000,15.43],[1517155200000,13.34],[1517241600000,12.13],[1517328000000,12.65],[1517414400000,11.86],[1517500800000,12.53],[1517760000000,12.60],[1517846400000,9.30]]}];
/*同类排名*/
var Data_rateInSimilarType = [{"x":1511712000000,"y":637,"sc":"640"},{"x":1511798400000,"y":637,"sc":"640"},{"x":1511884800000,"y":637,"sc":"640"},{"x":1511971200000,"y":638,"sc":"641"},{"x":1512057600000,"y":640,"sc":"643"},{"x":1512316800000,"y":637,"sc":"643"},{"x":1512403200000,"y":637,"sc":"643"},{"x":1512489600000,"y":637,"sc":"643"},{"x":1512576000000,"y":638,"sc":"644"},{"x":1512662400000,"y":646,"sc":"652"},{"x":1512921600000,"y":645,"sc":"652"},{"x":1513008000000,"y":646,"sc":"653"},{"x":1513094400000,"y":646,"sc":"653"},{"x":1513180800000,"y":647,"sc":"654"},{"x":1513267200000,"y":648,"sc":"656"},{"x":1513526400000,"y":647,"sc":"656"},{"x":1513612800000,"y":647,"sc":"656"},{"x":1513699200000,"y":647,"sc":"656"},{"x":1513785600000,"y":647,"sc":"655"},{"x":1513872000000,"y":646,"sc":"655"},{"x":1514131200000,"y":644,"sc":"655"},{"x":1514217600000,"y":643,"sc":"655"},{"x":1514304000000,"y":643,"sc":"654"},{"x":1514390400000,"y":643,"sc":"655"},{"x":1514476800000,"y":643,"sc":"655"},{"x":1514822400000,"y":639,"sc":"655"},{"x":1514908800000,"y":638,"sc":"655"},{"x":1514995200000,"y":636,"sc":"655"},{"x":1515081600000,"y":635,"sc":"655"},{"x":1515340800000,"y":600,"sc":"655"},{"x":1515427200000,"y":586,"sc":"655"},{"x":1515513600000,"y":568,"sc":"656"},{"x":1515600000000,"y":553,"sc":"657"},{"x":1515686400000,"y":518,"sc":"657"},{"x":1515945600000,"y":451,"sc":"657"},{"x":1516032000000,"y":417,"sc":"657"},{"x":1516118400000,"y":376,"sc":"657"},{"x":1516204800000,"y":376,"sc":"657"},{"x":1516291200000,"y":375,"sc":"657"},{"x":1516550400000,"y":369,"sc":"657"},{"x":1516636800000,"y":369,"sc":"657"},{"x":1516723200000,"y":390,"sc":"657"},{"x":1516809600000,"y":388,"sc":"657"},{"x":1516896000000,"y":388,"sc":"655"},{"x":1517155200000,"y":386,"sc":"656"},{"x":1517241600000,"y":376,"sc":"656"},{"x":1517328000000,"y":397,"sc":"656"},{"x":1517414400000,"y":401,"sc":"656"},{"x":1517500800000,"y":404,"sc":"656"},{"x":1517760000000,"y":413,"sc":"656"},{"x":1517846400000,"y":408,"sc":"656"}];
/*百分比排名*/
var Data_rateInSimilarPersent = [[1511712000000,0.4700],[1511798400000,0.4700],[1511884800000,0.4700],[1511971200000,0.4700],[1512057600000,0.4700],[1512316800000,0.9300],[1512403200000,0.9300],[1512489600000,0.9300],[1512576000000,0.9300],[1512662400000,0.9200],[1512921600000,1.0700],[1513008000000,1.0700],[1513094400000,1.0700],[1513180800000,1.0700],[1513267200000,1.2200],[1513526400000,1.3700],[1513612800000,1.3700],[1513699200000,1.3700],[1513785600000,1.2200],[1513872000000,1.3700],[1514131200000,1.6800],[1514217600000,1.8300],[1514304000000,1.6800],[1514390400000,1.8300],[1514476800000,1.8300],[1514822400000,2.4400],[1514908800000,2.6000],[1514995200000,2.9000],[1515081600000,3.0500],[1515340800000,8.4000],[1515427200000,10.5300],[1515513600000,13.4100],[1515600000000,15.8300],[1515686400000,21.1600],[1515945600000,31.3500],[1516032000000,36.5300],[1516118400000,42.7700],[1516204800000,42.7700],[1516291200000,42.9200],[1516550400000,43.8400],[1516636800000,43.8400],[1516723200000,40.6400],[1516809600000,40.9400],[1516896000000,40.7600],[1517155200000,41.1600],[1517241600000,42.6800],[1517328000000,39.4800],[1517414400000,38.8700],[1517500800000,38.4100],[1517760000000,37.0400],[1517846400000,37.8000]];
/*规模变动*/
var Data_fluctuationScale = {"categories":["2017-09-22","2017-09-29","2017-10-13","2017-10-18","2017-12-31"],"series":[{"y":0.18,"mom":"0.07%"},{"y":0.18,"mom":"0.07%"},{"y":0.18,"mom":"0.15%"},{"y":0.18,"mom":"0.06%"},{"y":0.19,"mom":"3.72%"}]};;
/*持有人结构*/
var Data_holderStructure = {"series":[{"name":"机构持有比例","data":[]},{"name":"个人持有比例","data":[]},{"name":"内部持有比例","data":[]}],"categories":[]};
/*申购赎回*/
var Data_assetAllocation ={"series":[{"name":"期间申购","data":[0.00,0.49]},{"name":"期间赎回","data":[0.00,0.49]},{"name":"总份额","data":[0.18,0.19]}],"categories":["2017-08-25","2017-12-31"]};
/*现任基金经理*/
var Data_currentFundManager = [{"id":"30323724","pic":"https://pdf.dfcfw.com/pdf/H8_JPG30323724_1.jpg","name":"纪文静","star":3,"workTime":"2年又209天","fundSize":"95.07亿(20只基金)","power":{"avr":"52.78","categories":["经验值","收益率","抗风险","稳定性","择时能力"],"dsc":["反映基金经理从业年限和管理基金的经验","根据基金经理投资的阶段收益评分，反映\u003cbr\u003e基金经理投资的盈利能力","反映基金经理投资的回撤控制能力","反映基金经理投资收益的波动","反映基金经理根据对市场的判断，通过\u003cbr\u003e调整仓位及配置而跑赢业绩的基准能力"],"data":[49.40,36.90,92.40,90.80,28.0],"jzrq":"2018-02-06"},"profit":{"categories":["任期收益","同类平均","沪深300"],"series":[{"data":[{"name":null,"color":"#7cb5ec","y":1.329},{"name":null,"color":"#414c7b","y":1.85},{"name":null,"color":"#f7a35c","y":9.3}]}],"jzrq":"2018-02-06"}},{"id":"30356637","pic":"https://pdf.dfcfw.com/pdf/H8_JPG30356637_1.jpg","name":"徐觅","star":4,"workTime":"1年又48天","fundSize":"32.40亿(12只基金)","power":{"avr":"74.00","categories":["经验值","收益率","抗风险","稳定性","管理规模"],"dsc":["反映基金经理从业年限和管理基金的经验","根据基金经理投资的阶段收益评分，反映\u003cbr\u003e基金经理投资的盈利能力","反映基金经理投资的回撤控制能力","反映基金经理投资收益的波动","根据基金经理现任管理基金资产规模评分"],"data":[23.60,87.90,88.80,74.80,32.90],"jzrq":"2018-02-06"},"profit":{"categories":["任期收益","同类平均"],"series":[{"data":[{"name":null,"color":"#7cb5ec","y":1.2879},{"name":null,"color":"#414c7b","y":1.62}]}],"jzrq":"2018-02-06"}},{"id":"30558335","pic":"http://j5.dfcfw.com/avatar/nopic.gif","name":"李燕","star":0,"workTime":"105天","fundSize":"9.44亿(3只基金)","power":{"avr":"暂无数据","categories":["经验值","收益率","影响力","稳定性","管理规模"],"dsc":["反映基金经理从业年限和管理基金的经验","根据基金经理投资的阶段收益评分，反映\u003cbr\u003e基金经理投资的盈利能力","根据基金经理所管理基金的机构和个人投\u003cbr\u003e资者持有比例评分","反映基金经理投资收益的波动","根据基金经理现任管理基金资产规模评分"],"data":[null,null,null,null,null],"jzrq":"2018-02-06"},"profit":{"categories":["任期收益","同类平均"],"series":[{"data":[{"name":null,"color":"#7cb5ec","y":1.1662},{"name":null,"color":"#414c7b","y":1.18}]}],"jzrq":"2018-02-06"}}] ;
/*同类型基金涨幅榜（页面底部通栏）*/
var swithSameType = [['002895_华夏天利货币B_5.8750','002894_华夏天利货币A_5.6210','004398_融通现金宝货币B_5.3370','000902_国开货币B_5.3360','001478_泰康薪意保货币B_5.1400'],['002895_华夏天利货币B_5.26','004973_长城收益宝货币B_5.08','004904_人保货币B_5.05','002884_华润元大现金通货币B_5.01','002894_华夏天利货币A_5.01'],['004973_长城收益宝货币B_5.05','004770_海富通添益货币A_4.99','002884_华润元大现金通货币B_4.99','005151_红土创新优淳货币B_4.90','002895_华夏天利货币B_4.89'],['004770_海富通添益货币A_5.39','004973_长城收益宝货币B_5.13','002884_华润元大现金通货币B_5.03','002895_华夏天利货币B_5.03','004398_融通现金宝货币B_5.01'],['003679_中融现金增利货币C_4.67','003474_南方天天利货币B_4.55','000836_国投瑞银钱多宝货币A_4.52','000837_国投瑞银钱多宝货币I_4.52','003753_工银如意货币B_4.51']];