/**
 * 测试数据
 * @type {arry}
 */
/*2018-02-07 18:02:37*/
//基金或股票信息
var fS_name = "国富日鑫月益30天理财债券A";
var fS_code = "004663";
var fund_minsg="100";
var ishb=true;
/*原费率*/
var fund_sourceRate="0";
/*现费率*/
var fund_Rate="0";
/*最小申购金额*/
var fund_minsg="100";
/*收益率*/
/*近一年收益率*/
var syl_1n="";
/*近6月收益率*/
var syl_6y="2.0837";
/*近三月收益率*/
var syl_3y="1.1178";
/*近一月收益率*/
var syl_1y="0.4076";
/* 基金收益走势图 每万份收益*/
var Data_millionCopiesIncome = [[1498147200000,1.4244],[1498752000000,1.4231],[1498924800000,1.4244],[1499356800000,1.2859],[1499529600000,1.2872],[1499961600000,1.1217],[1500134400000,1.1217],[1500307200000,1.1215],[1500393600000,0.8488],[1500480000000,0.2857],[1500566400000,0.8932],[1500739200000,0.8963],[1500825600000,0.9121],[1500912000000,1.155],[1500998400000,0.9736],[1501084800000,0.9881],[1501171200000,0.9867],[1501344000000,1.8935],[1501430400000,0.9826],[1501516800000,0.9631],[1501603200000,0.9567],[1501689600000,0.9445],[1501776000000,0.9562],[1501948800000,1.8644],[1502035200000,0.9323],[1502121600000,0.9727],[1502208000000,0.9783],[1502294400000,0.9906],[1502380800000,0.9974],[1502553600000,0.9991],[1502640000000,0.9992],[1502726400000,0.9994],[1502812800000,0.9995],[1502899200000,0.9956],[1502985600000,0.7761],[1503158400000,0.9641],[1503244800000,0.9855],[1503331200000,0.9059],[1503417600000,1.0049],[1503504000000,1.1606],[1503590400000,1.0277],[1503676800000,1.034],[1503763200000,1.0342],[1503849600000,1.0271],[1503936000000,1.0294],[1504022400000,1.0389],[1504108800000,1.0375],[1504195200000,1.0073],[1504281600000,1.0607],[1504368000000,1.0609],[1504454400000,0.9803],[1504540800000,1.042],[1504627200000,1.0595],[1504713600000,1.0576],[1504800000000,1.0429],[1504886400000,1.0446],[1504972800000,1.0448],[1505059200000,1.0444],[1505145600000,1.0334],[1505232000000,1.0414],[1505318400000,1.0532],[1505404800000,1.0577],[1505491200000,1.0064],[1505577600000,1.0065],[1505664000000,1.0412],[1505750400000,1.0468],[1505836800000,1.0137],[1505923200000,1.035],[1506009600000,1.0466],[1506096000000,1.0429],[1506182400000,1.043],[1506268800000,1.0404],[1506355200000,1.0807],[1506441600000,0.9348],[1506528000000,1.2408],[1506614400000,1.1962],[1506700800000,1.1788],[1506787200000,1.179],[1506873600000,1.1791],[1506960000000,1.1793],[1507046400000,1.1794],[1507132800000,1.1796],[1507219200000,1.1797],[1507305600000,1.0521],[1507392000000,1.0522],[1507478400000,1.2122],[1507564800000,1.2327],[1507651200000,1.0994],[1507737600000,1.0435],[1507824000000,1.0493],[1507910400000,1.0138],[1507996800000,1.0139],[1508083200000,1.0227],[1508169600000,1.0478],[1508256000000,1.047],[1508342400000,1.0375],[1508428800000,0.9688],[1508515200000,1.0145],[1508601600000,1.0146],[1508688000000,1.0706],[1508774400000,1.0882],[1508860800000,1.0538],[1508947200000,1.09],[1509033600000,1.0918],[1509120000000,1.0939],[1509206400000,1.094],[1509292800000,1.1071],[1509379200000,1.0925],[1509465600000,1.1452],[1509552000000,1.1254],[1509638400000,1.1277],[1509724800000,1.1289],[1509811200000,1.1291],[1509897600000,1.1564],[1509984000000,1.147],[1510070400000,1.1499],[1510156800000,1.0917],[1510243200000,1.0833],[1510329600000,1.0853],[1510416000000,1.0855],[1510502400000,1.0841],[1510588800000,1.0815],[1510675200000,1.0403],[1510761600000,1.0757],[1510848000000,1.0436],[1510934400000,1.0691],[1511020800000,1.0692],[1511107200000,1.0796],[1511193600000,1.0667],[1511280000000,1.0598],[1511366400000,1.0912],[1511452800000,1.0937],[1511539200000,1.0612],[1511625600000,1.0613],[1511712000000,1.1013],[1511798400000,1.1003],[1511884800000,1.0383],[1511971200000,1.0691],[1512057600000,1.0807],[1512144000000,1.084],[1512230400000,1.0842],[1512316800000,1.0695],[1512403200000,1.0513],[1512489600000,1.0874],[1512576000000,0.849],[1512662400000,0.8676],[1512748800000,1.0554],[1512835200000,1.0555],[1512921600000,1.0567],[1513008000000,1.0239],[1513094400000,1.0179],[1513180800000,0.8959],[1513267200000,0.8539],[1513353600000,0.7425],[1513440000000,0.669],[1513526400000,1.1009],[1513612800000,1.3794],[1513699200000,1.4505],[1513785600000,1.5607],[1513872000000,1.3721],[1513958400000,1.4359],[1514044800000,1.436],[1514131200000,1.5218],[1514217600000,1.4801],[1514304000000,1.4653],[1514390400000,1.4615],[1514476800000,1.3952],[1514563200000,1.3782],[1514649600000,1.3783],[1514736000000,1.3801],[1514822400000,1.2689],[1514908800000,1.347],[1514995200000,1.3988],[1515081600000,1.4048],[1515168000000,1.4074],[1515254400000,1.4075],[1515340800000,1.3933],[1515427200000,1.3971],[1515513600000,1.6393],[1515600000000,1.3322],[1515686400000,1.321],[1515772800000,1.3205],[1515859200000,1.3206],[1515945600000,1.2467],[1516032000000,1.2336],[1516118400000,1.3344],[1516204800000,1.311],[1516291200000,1.2422],[1516377600000,1.2548],[1516464000000,1.2549],[1516550400000,1.2673],[1516636800000,1.2791],[1516723200000,1.2823],[1516809600000,1.2359],[1516896000000,1.3335],[1516982400000,1.3465],[1517068800000,1.3466],[1517155200000,1.2206],[1517241600000,1.2845],[1517328000000,1.2946],[1517414400000,1.2997],[1517500800000,1.2931],[1517587200000,1.295],[1517673600000,1.2951],[1517760000000,1.2955],[1517846400000,1.2954]];
/*基金收益走势图   7日年化收益率*/
var Data_sevenDaysYearIncome = [[1498147200000,3.804],[1498752000000,5.198],[1498924800000,5.198],[1499356800000,4.959],[1499529600000,4.816],[1499961600000,4.437],[1500134400000,4.265],[1500307200000,4.09],[1500393600000,3.949],[1500480000000,3.515],[1500566400000,3.396],[1500739200000,3.161],[1500825600000,3.052],[1500912000000,3.07],[1500998400000,3.135],[1501084800000,3.501],[1501171200000,3.55],[1501344000000,3.603],[1501430400000,3.639],[1501516800000,3.539],[1501603200000,3.53],[1501689600000,3.508],[1501776000000,3.492],[1501948800000,3.477],[1502035200000,3.45],[1502121600000,3.455],[1502208000000,3.467],[1502294400000,3.491],[1502380800000,3.512],[1502553600000,3.582],[1502640000000,3.617],[1502726400000,3.631],[1502812800000,3.642],[1502899200000,3.644],[1502985600000,3.529],[1503158400000,3.492],[1503244800000,3.485],[1503331200000,3.437],[1503417600000,3.439],[1503504000000,3.525],[1503590400000,3.657],[1503676800000,3.693],[1503763200000,3.73],[1503849600000,3.751],[1503936000000,3.816],[1504022400000,3.833],[1504108800000,3.769],[1504195200000,3.759],[1504281600000,3.773],[1504368000000,3.787],[1504454400000,3.762],[1504540800000,3.769],[1504627200000,3.779],[1504713600000,3.79],[1504800000000,3.808],[1504886400000,3.8],[1504972800000,3.792],[1505059200000,3.825],[1505145600000,3.821],[1505232000000,3.811],[1505318400000,3.809],[1505404800000,3.817],[1505491200000,3.797],[1505577600000,3.777],[1505664000000,3.775],[1505750400000,3.782],[1505836800000,3.768],[1505923200000,3.758],[1506009600000,3.752],[1506096000000,3.771],[1506182400000,3.79],[1506268800000,3.79],[1506355200000,3.808],[1506441600000,3.766],[1506528000000,3.874],[1506614400000,3.952],[1506700800000,4.023],[1506787200000,4.094],[1506873600000,4.166],[1506960000000,4.217],[1507046400000,4.345],[1507132800000,4.313],[1507219200000,4.304],[1507305600000,4.238],[1507392000000,4.172],[1507478400000,4.189],[1507564800000,4.217],[1507651200000,4.176],[1507737600000,4.105],[1507824000000,4.037],[1507910400000,4.017],[1507996800000,3.997],[1508083200000,3.898],[1508169600000,3.801],[1508256000000,3.774],[1508342400000,3.771],[1508428800000,3.729],[1508515200000,3.729],[1508601600000,3.73],[1508688000000,3.755],[1508774400000,3.776],[1508860800000,3.779],[1508947200000,3.807],[1509033600000,3.871],[1509120000000,3.912],[1509206400000,3.954],[1509292800000,3.973],[1509379200000,3.975],[1509465600000,4.023],[1509552000000,4.041],[1509638400000,4.06],[1509724800000,4.078],[1509811200000,4.096],[1509897600000,4.122],[1509984000000,4.15],[1510070400000,4.153],[1510156800000,4.135],[1510243200000,4.112],[1510329600000,4.089],[1510416000000,4.067],[1510502400000,4.029],[1510588800000,3.995],[1510675200000,3.938],[1510761600000,3.929],[1510848000000,3.909],[1510934400000,3.9],[1511020800000,3.892],[1511107200000,3.889],[1511193600000,3.882],[1511280000000,3.892],[1511366400000,3.9],[1511452800000,3.926],[1511539200000,3.922],[1511625600000,3.918],[1511712000000,3.929],[1511798400000,3.947],[1511884800000,3.935],[1511971200000,3.924],[1512057600000,3.917],[1512144000000,3.929],[1512230400000,3.941],[1512316800000,3.924],[1512403200000,3.899],[1512489600000,3.924],[1512576000000,3.81],[1512662400000,3.698],[1512748800000,3.684],[1512835200000,3.669],[1512921600000,3.662],[1513008000000,3.648],[1513094400000,3.611],[1513180800000,3.636],[1513267200000,3.629],[1513353600000,3.466],[1513440000000,3.264],[1513526400000,3.287],[1513612800000,3.472],[1513699200000,3.698],[1513785600000,4.045],[1513872000000,4.315],[1513958400000,4.676],[1514044800000,5.076],[1514131200000,5.296],[1514217600000,5.348],[1514304000000,5.356],[1514390400000,5.304],[1514476800000,5.316],[1514563200000,5.286],[1514649600000,5.256],[1514736000000,5.182],[1514822400000,5.072],[1514908800000,5.011],[1514995200000,4.978],[1515081600000,4.983],[1515168000000,4.998],[1515254400000,5.013],[1515340800000,5.02],[1515427200000,5.087],[1515513600000,5.239],[1515600000000,5.205],[1515686400000,5.161],[1515772800000,5.116],[1515859200000,5.07],[1515945600000,4.994],[1516032000000,4.909],[1516118400000,4.75],[1516204800000,4.739],[1516291200000,4.698],[1516377600000,4.663],[1516464000000,4.629],[1516550400000,4.64],[1516636800000,4.664],[1516723200000,4.636],[1516809600000,4.597],[1516896000000,4.645],[1516982400000,4.693],[1517068800000,4.74],[1517155200000,4.716],[1517241600000,4.719],[1517328000000,4.725],[1517414400000,4.759],[1517500800000,4.737],[1517587200000,4.711],[1517673600000,4.684],[1517760000000,4.723],[1517846400000,4.729]];
/*资产配置*/
var Data_assetAllocationCurrency ={"categories":["12-31","09-30"],"series":[{"name":"股票","data":[null,null]},{"name":"债券","data":[47.6,102.77]},{"name":"现金","data":[24.53,0.31]}]};
/*累计收益率走势*/
var Data_grandTotal = [{"name":"国富日鑫月益30天理财","data":[[1501948800000,0],[1502035200000,0.01],[1502121600000,0.02],[1502208000000,0.03],[1502294400000,0.04],[1502380800000,0.05],[1502553600000,0.06],[1502640000000,0.07],[1502726400000,0.08],[1502812800000,0.09],[1502899200000,0.10],[1502985600000,0.11],[1503158400000,0.12],[1503244800000,0.13],[1503331200000,0.14],[1503417600000,0.15],[1503504000000,0.16],[1503590400000,0.17],[1503676800000,0.18],[1503763200000,0.19],[1503849600000,0.20],[1503936000000,0.21],[1504022400000,0.22],[1504108800000,0.23],[1504195200000,0.24],[1504281600000,0.25],[1504368000000,0.26],[1504454400000,0.27],[1504540800000,0.28],[1504627200000,0.29],[1504713600000,0.30],[1504800000000,0.31],[1504886400000,0.32],[1504972800000,0.33],[1505059200000,0.34],[1505145600000,0.35],[1505232000000,0.36],[1505318400000,0.38],[1505404800000,0.39],[1505491200000,0.40],[1505577600000,0.41],[1505664000000,0.42],[1505750400000,0.43],[1505836800000,0.44],[1505923200000,0.45],[1506009600000,0.46],[1506096000000,0.47],[1506182400000,0.48],[1506268800000,0.49],[1506355200000,0.50],[1506441600000,0.51],[1506528000000,0.52],[1506614400000,0.53],[1506700800000,0.55],[1506787200000,0.56],[1506873600000,0.57],[1506960000000,0.58],[1507046400000,0.59],[1507132800000,0.61],[1507219200000,0.62],[1507305600000,0.63],[1507392000000,0.64],[1507478400000,0.65],[1507564800000,0.66],[1507651200000,0.67],[1507737600000,0.68],[1507824000000,0.70],[1507910400000,0.71],[1507996800000,0.72],[1508083200000,0.73],[1508169600000,0.74],[1508256000000,0.75],[1508342400000,0.76],[1508428800000,0.77],[1508515200000,0.78],[1508601600000,0.79],[1508688000000,0.80],[1508774400000,0.81],[1508860800000,0.82],[1508947200000,0.83],[1509033600000,0.84],[1509120000000,0.85],[1509206400000,0.86],[1509292800000,0.88],[1509379200000,0.89],[1509465600000,0.90],[1509552000000,0.91],[1509638400000,0.92],[1509724800000,0.93],[1509811200000,0.94],[1509897600000,0.96],[1509984000000,0.97],[1510070400000,0.98],[1510156800000,0.99],[1510243200000,1.00],[1510329600000,1.01],[1510416000000,1.02],[1510502400000,1.03],[1510588800000,1.04],[1510675200000,1.05],[1510761600000,1.07],[1510848000000,1.08],[1510934400000,1.09],[1511020800000,1.10],[1511107200000,1.11],[1511193600000,1.12],[1511280000000,1.13],[1511366400000,1.14],[1511452800000,1.15],[1511539200000,1.16],[1511625600000,1.17],[1511712000000,1.18],[1511798400000,1.20],[1511884800000,1.21],[1511971200000,1.22],[1512057600000,1.23],[1512144000000,1.24],[1512230400000,1.25],[1512316800000,1.26],[1512403200000,1.27],[1512489600000,1.28],[1512576000000,1.29],[1512662400000,1.30],[1512748800000,1.31],[1512835200000,1.32],[1512921600000,1.33],[1513008000000,1.34],[1513094400000,1.35],[1513180800000,1.36],[1513267200000,1.37],[1513353600000,1.38],[1513440000000,1.38],[1513526400000,1.40],[1513612800000,1.41],[1513699200000,1.42],[1513785600000,1.44],[1513872000000,1.45],[1513958400000,1.47],[1514044800000,1.48],[1514131200000,1.50],[1514217600000,1.51],[1514304000000,1.53],[1514390400000,1.54],[1514476800000,1.56],[1514563200000,1.57],[1514649600000,1.59],[1514736000000,1.60],[1514822400000,1.61],[1514908800000,1.63],[1514995200000,1.64],[1515081600000,1.66],[1515168000000,1.67],[1515254400000,1.68],[1515340800000,1.70],[1515427200000,1.71],[1515513600000,1.73],[1515600000000,1.74],[1515686400000,1.76],[1515772800000,1.77],[1515859200000,1.78],[1515945600000,1.80],[1516032000000,1.81],[1516118400000,1.82],[1516204800000,1.83],[1516291200000,1.85],[1516377600000,1.86],[1516464000000,1.87],[1516550400000,1.89],[1516636800000,1.90],[1516723200000,1.91],[1516809600000,1.92],[1516896000000,1.94],[1516982400000,1.95],[1517068800000,1.97],[1517155200000,1.98],[1517241600000,1.99],[1517328000000,2.00],[1517414400000,2.02],[1517500800000,2.03],[1517587200000,2.04],[1517673600000,2.06],[1517760000000,2.07],[1517846400000,2.08]]},{"name":"同类平均","data":[[1502035200000,0],[1502121600000,0.01],[1502208000000,0.02],[1502294400000,0.03],[1502380800000,0.04],[1502640000000,0.08],[1502726400000,0.09],[1502812800000,0.10],[1502899200000,0.11],[1502985600000,0.12],[1503244800000,0.16],[1503331200000,0.17],[1503417600000,0.18],[1503504000000,0.19],[1503590400000,0.20],[1503849600000,0.23],[1503936000000,0.25],[1504022400000,0.26],[1504108800000,0.27],[1504195200000,0.28],[1504454400000,0.31],[1504540800000,0.32],[1504627200000,0.34],[1504713600000,0.35],[1504800000000,0.36],[1505059200000,0.39],[1505145600000,0.40],[1505232000000,0.41],[1505318400000,0.43],[1505404800000,0.44],[1505664000000,0.47],[1505750400000,0.48],[1505836800000,0.49],[1505923200000,0.50],[1506009600000,0.51],[1506268800000,0.55],[1506355200000,0.56],[1506441600000,0.57],[1506528000000,0.58],[1506614400000,0.59],[1507478400000,0.70],[1507564800000,0.71],[1507651200000,0.73],[1507737600000,0.74],[1507824000000,0.75],[1508083200000,0.78],[1508169600000,0.79],[1508256000000,0.80],[1508342400000,0.82],[1508428800000,0.83],[1508688000000,0.86],[1508774400000,0.87],[1508860800000,0.88],[1508947200000,0.89],[1509033600000,0.90],[1509292800000,0.94],[1509379200000,0.95],[1509465600000,0.96],[1509552000000,0.97],[1509638400000,0.98],[1509897600000,1.01],[1509984000000,1.03],[1510070400000,1.04],[1510156800000,1.05],[1510243200000,1.06],[1510502400000,1.09],[1510588800000,1.10],[1510675200000,1.11],[1510761600000,1.13],[1510848000000,1.14],[1511107200000,1.17],[1511193600000,1.18],[1511280000000,1.20],[1511366400000,1.21],[1511452800000,1.22],[1511712000000,1.25],[1511798400000,1.26],[1511884800000,1.27],[1511971200000,1.29],[1512057600000,1.30],[1512316800000,1.33],[1512403200000,1.34],[1512489600000,1.36],[1512576000000,1.37],[1512662400000,1.38],[1512921600000,1.42],[1513008000000,1.43],[1513094400000,1.44],[1513180800000,1.45],[1513267200000,1.46],[1513526400000,1.50],[1513612800000,1.51],[1513699200000,1.52],[1513785600000,1.53],[1513872000000,1.55],[1514131200000,1.58],[1514217600000,1.60],[1514304000000,1.61],[1514390400000,1.62],[1514476800000,1.63],[1514822400000,1.68],[1514908800000,1.70],[1514995200000,1.71],[1515081600000,1.72],[1515340800000,1.76],[1515427200000,1.78],[1515513600000,1.79],[1515600000000,1.80],[1515686400000,1.82],[1515945600000,1.86],[1516032000000,1.87],[1516118400000,1.88],[1516204800000,1.90],[1516291200000,1.91],[1516550400000,1.95],[1516636800000,1.96],[1516723200000,1.97],[1516809600000,1.99],[1516896000000,2.00],[1517155200000,2.04],[1517241600000,2.05],[1517328000000,2.06],[1517414400000,2.08],[1517500800000,2.09],[1517760000000,2.13],[1517846400000,2.14]]},{"name":"沪深300","data":[[1502035200000,0],[1502121600000,0.15],[1502208000000,0.11],[1502294400000,-0.29],[1502380800000,-2.13],[1502640000000,-0.86],[1502726400000,-0.56],[1502812800000,-0.68],[1502899200000,-0.15],[1502985600000,-0.06],[1503244800000,0.38],[1503331200000,0.68],[1503417600000,0.79],[1503504000000,0.21],[1503590400000,1.85],[1503849600000,3.11],[1503936000000,2.89],[1504022400000,2.88],[1504108800000,2.56],[1504195200000,2.78],[1504454400000,3.19],[1504540800000,3.50],[1504627200000,3.29],[1504713600000,2.77],[1504800000000,2.66],[1505059200000,2.65],[1505145600000,2.98],[1505232000000,3.11],[1505318400000,2.77],[1505404800000,2.80],[1505664000000,3.12],[1505750400000,2.83],[1505836800000,3.10],[1505923200000,2.98],[1506009600000,2.98],[1506268800000,2.44],[1506355200000,2.52],[1506441600000,2.53],[1506528000000,2.57],[1506614400000,2.94],[1507478400000,4.17],[1507564800000,4.38],[1507651200000,4.72],[1507737600000,5.00],[1507824000000,5.21],[1508083200000,5.01],[1508169600000,5.00],[1508256000000,5.83],[1508342400000,5.49],[1508428800000,5.37],[1508688000000,5.47],[1508774400000,6.24],[1508860800000,6.71],[1508947200000,7.16],[1509033600000,7.92],[1509292800000,7.59],[1509379200000,7.51],[1509465600000,7.24],[1509552000000,7.25],[1509638400000,7.13],[1509897600000,7.89],[1509984000000,8.79],[1510070400000,8.62],[1510156800000,9.37],[1510243200000,10.33],[1510502400000,10.77],[1510588800000,10.00],[1510675200000,9.31],[1510761600000,10.15],[1510848000000,10.57],[1511107200000,11.19],[1511193600000,13.17],[1511280000000,13.44],[1511366400000,10.08],[1511452800000,10.13],[1511712000000,8.67],[1511798400000,8.83],[1511884800000,8.77],[1511971200000,7.49],[1512057600000,7.28],[1512316800000,7.84],[1512403200000,8.41],[1512489600000,7.76],[1512576000000,6.55],[1512662400000,7.42],[1512921600000,9.20],[1513008000000,7.76],[1513094400000,8.67],[1513180800000,8.03],[1513267200000,6.82],[1513526400000,6.94],[1513612800000,8.28],[1513699200000,8.15],[1513785600000,9.15],[1513872000000,8.80],[1514131200000,8.45],[1514217600000,8.77],[1514304000000,7.09],[1514390400000,7.84],[1514476800000,8.16],[1514822400000,9.68],[1514908800000,10.32],[1514995200000,10.79],[1515081600000,11.05],[1515340800000,11.63],[1515427200000,12.41],[1515513600000,12.91],[1515600000000,12.85],[1515686400000,13.37],[1515945600000,13.37],[1516032000000,14.27],[1516118400000,13.99],[1516204800000,14.61],[1516291200000,14.99],[1516550400000,16.36],[1516636800000,17.60],[1516723200000,17.79],[1516809600000,17.13],[1516896000000,17.56],[1517155200000,15.43],[1517241600000,14.20],[1517328000000,14.73],[1517414400000,13.93],[1517500800000,14.61],[1517760000000,14.69],[1517846400000,11.33]]}];
/*同类排名*/
var Data_rateInSimilarType = [{"x":1506268800000,"y":94,"sc":"97"},{"x":1506355200000,"y":94,"sc":"97"},{"x":1506441600000,"y":95,"sc":"98"},{"x":1506528000000,"y":95,"sc":"98"},{"x":1506614400000,"y":95,"sc":"98"},{"x":1507478400000,"y":94,"sc":"98"},{"x":1507564800000,"y":93,"sc":"98"},{"x":1507651200000,"y":93,"sc":"98"},{"x":1507737600000,"y":92,"sc":"96"},{"x":1507824000000,"y":91,"sc":"96"},{"x":1508083200000,"y":91,"sc":"96"},{"x":1508169600000,"y":89,"sc":"96"},{"x":1508256000000,"y":89,"sc":"96"},{"x":1508342400000,"y":89,"sc":"96"},{"x":1508428800000,"y":88,"sc":"96"},{"x":1508688000000,"y":86,"sc":"96"},{"x":1508774400000,"y":86,"sc":"96"},{"x":1508860800000,"y":86,"sc":"96"},{"x":1508947200000,"y":85,"sc":"96"},{"x":1509033600000,"y":85,"sc":"96"},{"x":1509292800000,"y":84,"sc":"96"},{"x":1509379200000,"y":84,"sc":"96"},{"x":1509465600000,"y":84,"sc":"96"},{"x":1509552000000,"y":83,"sc":"96"},{"x":1509638400000,"y":83,"sc":"96"},{"x":1509897600000,"y":80,"sc":"96"},{"x":1509984000000,"y":78,"sc":"96"},{"x":1510070400000,"y":78,"sc":"96"},{"x":1510156800000,"y":78,"sc":"96"},{"x":1510243200000,"y":78,"sc":"96"},{"x":1510502400000,"y":77,"sc":"96"},{"x":1510588800000,"y":77,"sc":"96"},{"x":1510675200000,"y":76,"sc":"95"},{"x":1510761600000,"y":77,"sc":"96"},{"x":1510848000000,"y":76,"sc":"96"},{"x":1511107200000,"y":71,"sc":"95"},{"x":1511193600000,"y":69,"sc":"95"},{"x":1511280000000,"y":67,"sc":"95"},{"x":1511366400000,"y":66,"sc":"96"},{"x":1511452800000,"y":67,"sc":"96"},{"x":1511712000000,"y":67,"sc":"96"},{"x":1511798400000,"y":67,"sc":"96"},{"x":1511884800000,"y":67,"sc":"96"},{"x":1511971200000,"y":69,"sc":"97"},{"x":1512057600000,"y":69,"sc":"97"},{"x":1512316800000,"y":68,"sc":"97"},{"x":1512403200000,"y":70,"sc":"99"},{"x":1512489600000,"y":72,"sc":"100"},{"x":1512576000000,"y":72,"sc":"100"},{"x":1512662400000,"y":75,"sc":"100"},{"x":1512921600000,"y":76,"sc":"100"},{"x":1513008000000,"y":77,"sc":"102"},{"x":1513094400000,"y":77,"sc":"103"},{"x":1513180800000,"y":78,"sc":"104"},{"x":1513267200000,"y":79,"sc":"104"},{"x":1513526400000,"y":83,"sc":"104"},{"x":1513612800000,"y":80,"sc":"100"},{"x":1513699200000,"y":78,"sc":"100"},{"x":1513785600000,"y":78,"sc":"96"},{"x":1513872000000,"y":78,"sc":"96"},{"x":1514131200000,"y":75,"sc":"96"},{"x":1514217600000,"y":72,"sc":"96"},{"x":1514304000000,"y":71,"sc":"96"},{"x":1514390400000,"y":69,"sc":"98"},{"x":1514476800000,"y":68,"sc":"100"},{"x":1514822400000,"y":80,"sc":"100"},{"x":1514908800000,"y":80,"sc":"100"},{"x":1514995200000,"y":79,"sc":"102"},{"x":1515081600000,"y":79,"sc":"104"},{"x":1515340800000,"y":66,"sc":"104"},{"x":1515427200000,"y":67,"sc":"104"},{"x":1515513600000,"y":66,"sc":"104"},{"x":1515600000000,"y":64,"sc":"104"},{"x":1515686400000,"y":64,"sc":"104"},{"x":1515945600000,"y":59,"sc":"102"},{"x":1516032000000,"y":57,"sc":"102"},{"x":1516118400000,"y":57,"sc":"102"},{"x":1516204800000,"y":58,"sc":"100"},{"x":1516291200000,"y":55,"sc":"100"},{"x":1516550400000,"y":55,"sc":"98"},{"x":1516636800000,"y":54,"sc":"98"},{"x":1516723200000,"y":54,"sc":"98"},{"x":1516809600000,"y":55,"sc":"98"},{"x":1516896000000,"y":52,"sc":"98"},{"x":1517155200000,"y":50,"sc":"99"},{"x":1517241600000,"y":50,"sc":"99"},{"x":1517328000000,"y":52,"sc":"99"},{"x":1517414400000,"y":50,"sc":"101"},{"x":1517500800000,"y":48,"sc":"101"},{"x":1517760000000,"y":48,"sc":"101"},{"x":1517846400000,"y":48,"sc":"102"}];
/*百分比排名*/
var Data_rateInSimilarPersent = [[1506268800000,3.0900],[1506355200000,3.0900],[1506441600000,3.0600],[1506528000000,3.0600],[1506614400000,3.0600],[1507478400000,4.0800],[1507564800000,5.1000],[1507651200000,5.1000],[1507737600000,4.1700],[1507824000000,5.2100],[1508083200000,5.2100],[1508169600000,7.2900],[1508256000000,7.2900],[1508342400000,7.2900],[1508428800000,8.3300],[1508688000000,10.4200],[1508774400000,10.4200],[1508860800000,10.4200],[1508947200000,11.4600],[1509033600000,11.4600],[1509292800000,12.5000],[1509379200000,12.5000],[1509465600000,12.5000],[1509552000000,13.5400],[1509638400000,13.5400],[1509897600000,16.6700],[1509984000000,18.7500],[1510070400000,18.7500],[1510156800000,18.7500],[1510243200000,18.7500],[1510502400000,19.7900],[1510588800000,19.7900],[1510675200000,20.00],[1510761600000,19.7900],[1510848000000,20.8300],[1511107200000,25.2600],[1511193600000,27.3700],[1511280000000,29.4700],[1511366400000,31.2500],[1511452800000,30.2100],[1511712000000,30.2100],[1511798400000,30.2100],[1511884800000,30.2100],[1511971200000,28.8700],[1512057600000,28.8700],[1512316800000,29.9000],[1512403200000,29.2900],[1512489600000,28.00],[1512576000000,28.00],[1512662400000,25.00],[1512921600000,24.00],[1513008000000,24.5100],[1513094400000,25.2400],[1513180800000,25.00],[1513267200000,24.0400],[1513526400000,20.1900],[1513612800000,20.00],[1513699200000,22.00],[1513785600000,18.7500],[1513872000000,18.7500],[1514131200000,21.8700],[1514217600000,25.00],[1514304000000,26.0400],[1514390400000,29.5900],[1514476800000,32.00],[1514822400000,20.00],[1514908800000,20.00],[1514995200000,22.5500],[1515081600000,24.0400],[1515340800000,36.5400],[1515427200000,35.5800],[1515513600000,36.5400],[1515600000000,38.4600],[1515686400000,38.4600],[1515945600000,42.1600],[1516032000000,44.1200],[1516118400000,44.1200],[1516204800000,42.00],[1516291200000,45.00],[1516550400000,43.8800],[1516636800000,44.9000],[1516723200000,44.9000],[1516809600000,43.8800],[1516896000000,46.9400],[1517155200000,49.4900],[1517241600000,49.4900],[1517328000000,47.4700],[1517414400000,50.5000],[1517500800000,52.4800],[1517760000000,52.4800],[1517846400000,52.9400]];
/*规模变动*/
var Data_fluctuationScale = {"categories":["2017-07-07","2017-07-14","2017-07-17","2017-09-30","2017-12-31"],"series":[{"y":9.32,"mom":"0.00%"},{"y":9.32,"mom":"0.00%"},{"y":9.32,"mom":"0.00%"},{"y":0.69,"mom":"-92.59%"},{"y":2.21,"mom":"219.29%"}]};;
/*持有人结构*/
var Data_holderStructure = {"series":[{"name":"机构持有比例","data":[]},{"name":"个人持有比例","data":[]},{"name":"内部持有比例","data":[]}],"categories":[]};
/*申购赎回*/
var Data_assetAllocation ={"series":[{"name":"期间申购","data":[0.22,2.16]},{"name":"期间赎回","data":[8.86,0.64]},{"name":"总份额","data":[0.69,2.21]}],"categories":["2017-09-30","2017-12-31"]};
/*现任基金经理*/
var Data_currentFundManager = [{"id":"30422324","pic":"https://pdf.dfcfw.com/pdf/H8_JPG30422324_1.jpg","name":"王莉","star":2,"workTime":"2年又17天","fundSize":"147.40亿(5只基金)","power":{"avr":"32.05","categories":["经验值","收益率","影响力","稳定性","管理规模"],"dsc":["反映基金经理从业年限和管理基金的经验","根据基金经理投资的阶段收益评分，反映\u003cbr\u003e基金经理投资的盈利能力","根据基金经理所管理基金的机构和个人投\u003cbr\u003e资者持有比例评分","反映基金经理投资收益的波动","根据基金经理现任管理基金资产规模评分"],"data":[49.60,36.80,62.10,16.30,39.40],"jzrq":"2018-02-06"},"profit":{"categories":["任期收益","同类平均"],"series":[{"data":[{"name":null,"color":"#7cb5ec","y":2.3422},{"name":null,"color":"#414c7b","y":2.64}]}],"jzrq":"2018-02-06"}}] ;
/*同类型基金涨幅榜（页面底部通栏）*/
var swithSameType = [['202304_南方理财14天B_5.4130','001058_华夏理财30天债券B_5.4080','000090_民生加银家盈理财月度_5.2130','690212_民生加银家盈理财7天_5.1760','001057_华夏理财30天债券A_5.1700'],['485018_工银7天理财债券B_5.22','091023_大成月月盈短期理财债_5.15','001058_华夏理财30天债券B_5.15','000952_中银理财90天债券B_5.13','202304_南方理财14天B_5.12'],['001058_华夏理财30天债券B_5.35','091023_大成月月盈短期理财债_5.14','000952_中银理财90天债券B_5.13','001057_华夏理财30天债券A_5.11','004664_国富日鑫月益30天理_5.02'],['001058_华夏理财30天债券B_5.29','485020_工银14天理财债券发_5.17','091023_大成月月盈短期理财债_5.15','000952_中银理财90天债券B_5.11','004664_国富日鑫月益30天理_5.08'],['091023_大成月月盈短期理财债_4.66','000090_民生加银家盈理财月度_4.62','270047_广发理财30天债券B_4.60','001058_华夏理财30天债券B_4.56','202304_南方理财14天B_4.52']];