/**
 * 测试数据
 * @type {arry}
 */
/*2018-02-07 14:55:27*/
//基金或股票信息
var fS_name = "英大现金宝货币";
var fS_code = "000912";
var fund_minsg="100";
var ishb=true;
/*原费率*/
var fund_sourceRate="0";
/*现费率*/
var fund_Rate="0";
/*最小申购金额*/
var fund_minsg="100";
/*收益率*/
/*近一年收益率*/
var syl_1n="3.9047";
/*近6月收益率*/
var syl_6y="2.0045";
/*近三月收益率*/
var syl_3y="0.9927";
/*近一月收益率*/
var syl_1y="0.3668";
/* 基金收益走势图 每万份收益*/
var Data_millionCopiesIncome = [[1418313600000,1.2814],[1418745600000,1.305],[1418832000000,1.3093],[1418918400000,1.2684],[1419091200000,2.7572],[1419177600000,1.2318],[1419264000000,1.5],[1419350400000,1.4064],[1419436800000,1.3671],[1419523200000,1.3955],[1419696000000,2.7208],[1419782400000,1.3221],[1419868800000,1.3715],[1419955200000,1.3541],[1420300800000,5.2298],[1420387200000,0.9163],[1420473600000,0.8973],[1420560000000,1.0298],[1420646400000,1.1028],[1420732800000,1.1178],[1420905600000,2.2344],[1420992000000,0.9997],[1421078400000,0.9953],[1421164800000,1.0297],[1421251200000,1.0496],[1421337600000,1.0805],[1421510400000,2.0251],[1421596800000,1.0093],[1421683200000,0.9979],[1421769600000,1.078],[1421856000000,0.9971],[1421942400000,0.996],[1422115200000,1.9538],[1422201600000,1.0501],[1422288000000,1.0616],[1422374400000,1.0561],[1422460800000,1.0899],[1422547200000,1.0983],[1422720000000,2.1895],[1422806400000,1.0923],[1422892800000,1.0996],[1422979200000,1.1006],[1423065600000,1.0586],[1423152000000,1.1174],[1423324800000,2.2046],[1423411200000,1.0992],[1423497600000,1.0779],[1423584000000,1.3942],[1423670400000,1.3442],[1423756800000,1.1971],[1423929600000,2.2797],[1424016000000,1.1454],[1424102400000,1.1416],[1424707200000,7.6063],[1424793600000,1.0727],[1424880000000,1.0345],[1424966400000,1.0432],[1425139200000,2.0936],[1425225600000,1.0398],[1425312000000,1.0477],[1425398400000,1.0667],[1425484800000,1.0255],[1425571200000,1.0777],[1425744000000,2.2144],[1425830400000,1.1018],[1425916800000,1.0994],[1426003200000,1.1043],[1426089600000,1.0764],[1426176000000,1.1252],[1426348800000,2.2049],[1426435200000,1.0885],[1426521600000,1.1026],[1426608000000,1.1028],[1426694400000,1.0943],[1426780800000,1.0943],[1426953600000,2.1654],[1427040000000,1.08],[1427126400000,1.102],[1427212800000,1.0847],[1427299200000,1.0897],[1427385600000,0.9596],[1427558400000,1.9753],[1427644800000,0.9892],[1427731200000,1.0233],[1427817600000,1.0152],[1427904000000,1.0128],[1427990400000,1.0214],[1428249600000,3.0875],[1428336000000,0.9761],[1428422400000,0.9058],[1428508800000,0.9486],[1428595200000,0.9656],[1428768000000,2.049],[1428854400000,0.8829],[1428940800000,0.8262],[1429027200000,1.0083],[1429113600000,1.1148],[1429200000000,2.7979],[1429372800000,1.8312],[1429459200000,0.9921],[1429545600000,0.8809],[1429632000000,0.9184],[1429718400000,0.8589],[1429804800000,0.8526],[1429977600000,1.7293],[1430064000000,0.8638],[1430150400000,0.7982],[1430236800000,0.8131],[1430323200000,0.8644],[1430582400000,2.5899],[1430668800000,0.8478],[1430755200000,0.8414],[1430841600000,6.4616],[1430928000000,0.8093],[1431014400000,0.8603],[1431187200000,1.735],[1431273600000,0.827],[1431360000000,0.8311],[1431446400000,0.8333],[1431532800000,0.818],[1431619200000,0.7954],[1431792000000,1.6125],[1431878400000,0.806],[1431964800000,0.813],[1432051200000,0.8328],[1432137600000,0.8447],[1432224000000,0.8317],[1432396800000,1.6633],[1432483200000,0.8314],[1432569600000,0.7456],[1432656000000,0.7581],[1432742400000,0.7584],[1432828800000,0.7662],[1433001600000,1.5419],[1433088000000,0.775],[1433174400000,0.7258],[1433260800000,0.7985],[1433347200000,0.765],[1433433600000,0.781],[1433606400000,1.6037],[1433692800000,0.8017],[1433779200000,0.7969],[1433865600000,0.7589],[1433952000000,0.7287],[1434038400000,0.7531],[1434211200000,1.5109],[1434297600000,0.7556],[1434384000000,0.7505],[1434470400000,0.7662],[1434556800000,1.2129],[1434643200000,0.7643],[1434902400000,2.3249],[1434988800000,0.7801],[1435075200000,7.8509],[1435161600000,0.8166],[1435248000000,0.8265],[1435420800000,1.6556],[1435507200000,2.8357],[1435593600000,0.7412],[1435680000000,0.7395],[1435766400000,0.6981],[1435852800000,0.7853],[1436025600000,1.6094],[1436112000000,0.8048],[1436198400000,0.8001],[1436284800000,0.8],[1436371200000,0.8017],[1436457600000,2.6781],[1436630400000,1.4818],[1436716800000,0.7421],[1436803200000,0.7456],[1436889600000,0.7479],[1436976000000,0.7478],[1437062400000,0.79],[1437235200000,1.6194],[1437321600000,0.7504],[1437408000000,0.6706],[1437494400000,0.6866],[1437580800000,0.6869],[1437667200000,0.6849],[1437840000000,1.3684],[1437926400000,0.7145],[1438012800000,0.7341],[1438099200000,0.7001],[1438185600000,0.688],[1438272000000,0.6868],[1438444800000,1.3927],[1438531200000,0.6962],[1438617600000,0.6663],[1438704000000,0.6667],[1438790400000,0.6669],[1438876800000,0.6191],[1439049600000,1.275],[1439136000000,0.6374],[1439222400000,0.6374],[1439308800000,0.6377],[1439395200000,0.6379],[1439481600000,0.6635],[1439654400000,1.3269],[1439740800000,0.6344],[1439827200000,0.6528],[1439913600000,0.653],[1440000000000,0.653],[1440086400000,0.6528],[1440259200000,1.3055],[1440345600000,0.605],[1440432000000,0.6502],[1440518400000,0.6687],[1440604800000,0.6681],[1440691200000,0.6792],[1440864000000,1.3695],[1440950400000,0.6889],[1441036800000,0.6919],[1441123200000,0.6815],[1441468800000,2.7581],[1441555200000,0.6722],[1441641600000,7.5779],[1441728000000,0.7136],[1441814400000,0.7049],[1441900800000,0.699],[1442073600000,1.3948],[1442160000000,0.704],[1442246400000,0.7233],[1442332800000,0.7223],[1442419200000,0.7219],[1442505600000,0.7214],[1442678400000,1.4425],[1442764800000,0.721],[1442851200000,0.7205],[1442937600000,0.7206],[1443024000000,0.7203],[1443110400000,0.7202],[1443283200000,1.4403],[1443369600000,0.7194],[1443456000000,0.7232],[1443542400000,0.7367],[1444147200000,5.2083],[1444233600000,0.7247],[1444320000000,9.4271],[1444492800000,1.3927],[1444579200000,0.6535],[1444665600000,0.6496],[1444752000000,0.6756],[1444838400000,0.6847],[1444924800000,0.68],[1445097600000,1.3576],[1445184000000,0.6781],[1445270400000,0.6735],[1445356800000,0.6762],[1445443200000,0.6771],[1445529600000,7.4317],[1445702400000,1.3832],[1445788800000,0.6386],[1445875200000,6.9818],[1445961600000,0.5368],[1446048000000,0.5132],[1446134400000,0.5056],[1446307200000,0.9488],[1446393600000,0.4962],[1446480000000,0.4646],[1446566400000,0.4507],[1446652800000,0.4934],[1446739200000,2.8782],[1446912000000,1.0383],[1446998400000,0.4793],[1447084800000,0.5013],[1447171200000,0.5055],[1447257600000,0.4562],[1447344000000,0.4831],[1447516800000,1.0049],[1447603200000,0.4917],[1447689600000,0.4805],[1447776000000,0.48],[1447862400000,0.4779],[1447948800000,0.4915],[1448121600000,0.9963],[1448208000000,0.5017],[1448294400000,0.4904],[1448380800000,0.5019],[1448467200000,0.4965],[1448553600000,0.5797],[1448726400000,1.0109],[1448812800000,0.4497],[1448899200000,0.4613],[1448985600000,0.4687],[1449072000000,0.4819],[1449158400000,0.3548],[1449331200000,0.7208],[1449417600000,0.3916],[1449504000000,0.4301],[1449590400000,1.0662],[1449676800000,0.4203],[1449763200000,0.442],[1449936000000,0.8974],[1450022400000,0.4172],[1450108800000,0.418],[1450195200000,0.4286],[1450281600000,2.272],[1450368000000,0.4541],[1450540800000,0.9157],[1450627200000,0.5446],[1450713600000,0.5193],[1450800000000,0.4506],[1450886400000,1.8504],[1450972800000,0.2839],[1451145600000,0.581],[1451232000000,0.2901],[1451318400000,0.3773],[1451404800000,0.3547],[1451491200000,0.375],[1451750400000,1.138],[1451836800000,0.3424],[1451923200000,1.8104],[1452009600000,0.4123],[1452096000000,0.395],[1452182400000,0.3876],[1452355200000,0.6594],[1452441600000,0.3628],[1452528000000,1.3927],[1452614400000,0.3332],[1452700800000,0.3357],[1452787200000,0.3389],[1452960000000,0.6787],[1453046400000,0.3465],[1453132800000,1.4023],[1453219200000,0.3499],[1453305600000,9.2312],[1453392000000,0.5294],[1453564800000,1.1265],[1453651200000,0.5684],[1453737600000,0.5723],[1453824000000,0.8566],[1453910400000,0.5527],[1453996800000,0.5642],[1454169600000,1.1367],[1454256000000,0.5684],[1454342400000,0.5339],[1454428800000,0.5428],[1454515200000,0.5428],[1454601600000,0.5504],[1455379200000,4.9921],[1455465600000,0.5427],[1455552000000,0.5197],[1455638400000,0.5239],[1455724800000,0.5239],[1455811200000,0.503],[1455984000000,1.0223],[1456070400000,0.5154],[1456156800000,0.4702],[1456243200000,0.4788],[1456329600000,0.4625],[1456416000000,0.4949],[1456588800000,0.9125],[1456675200000,0.4538],[1456761600000,0.477],[1456848000000,5.6214],[1456934400000,0.5219],[1457020800000,0.5595],[1457193600000,1.1325],[1457280000000,0.5411],[1457366400000,1.0156],[1457452800000,0.5401],[1457539200000,0.5339],[1457625600000,0.5419],[1457798400000,1.085],[1457884800000,0.5425],[1457971200000,0.5352],[1458057600000,0.7274],[1458144000000,0.4121],[1458230400000,1.5727],[1458403200000,1.0707],[1458489600000,0.5382],[1458576000000,0.2212],[1458662400000,0.7805],[1458748800000,0.5334],[1458835200000,0.8353],[1459008000000,1.0431],[1459094400000,0.5215],[1459180800000,0.5215],[1459267200000,0.5199],[1459353600000,0.5216],[1459440000000,0.5215],[1459699200000,1.5646],[1459785600000,0.5212],[1459872000000,0.4489],[1459958400000,0.4882],[1460044800000,0.9487],[1460217600000,1.0146],[1460304000000,0.6243],[1460390400000,2.6927],[1460476800000,0.9273],[1460563200000,0.4494],[1460649600000,4.9799],[1460822400000,0.9967],[1460908800000,1.3039],[1460995200000,0.4996],[1461081600000,0.4987],[1461168000000,1.0321],[1461254400000,0.508],[1461427200000,0.9861],[1461513600000,4.003],[1461600000000,0.5261],[1461686400000,0.5269],[1461772800000,0.5228],[1461859200000,1.1405],[1462118400000,1.6365],[1462204800000,0.507],[1462291200000,0.531],[1462377600000,1.074],[1462464000000,0.4864],[1462636800000,0.9724],[1462723200000,0.4682],[1462809600000,0.4622],[1462896000000,0.4732],[1462982400000,0.4451],[1463068800000,1.0741],[1463241600000,0.9462],[1463328000000,0.4736],[1463414400000,0.4739],[1463500800000,0.4745],[1463587200000,0.4753],[1463673600000,0.4739],[1463846400000,0.9529],[1463932800000,0.4419],[1464019200000,1.2897],[1464105600000,0.4947],[1464192000000,0.4956],[1464278400000,0.4965],[1464451200000,0.9935],[1464537600000,0.5065],[1464624000000,0.5019],[1464710400000,0.5029],[1464796800000,0.5035],[1464883200000,0.5036],[1465056000000,0.96],[1465142400000,3.1015],[1465228800000,1.2059],[1465315200000,0.5018],[1465660800000,2.0122],[1465747200000,0.4963],[1465833600000,0.5226],[1465920000000,0.5293],[1466006400000,0.5289],[1466092800000,0.5287],[1466265600000,1.0571],[1466352000000,0.5524],[1466438400000,0.7536],[1466524800000,0.5324],[1466611200000,0.5363],[1466697600000,0.5386],[1466870400000,1.0607],[1466956800000,0.5614],[1467043200000,0.5618],[1467129600000,0.5926],[1467216000000,0.5987],[1467302400000,0.5707],[1467475200000,1.1413],[1467561600000,0.0076],[1467648000000,5.0771],[1467734400000,0.5672],[1467820800000,0.5676],[1467907200000,0.5689],[1468080000000,1.188],[1468166400000,1.3225],[1468252800000,0.5959],[1468339200000,0.6364],[1468425600000,0.5163],[1468512000000,0.5167],[1468684800000,1.0466],[1468771200000,0.4938],[1468857600000,0.4872],[1468944000000,0.4647],[1469030400000,0.4662],[1469116800000,0.5088],[1469289600000,0.9877],[1469376000000,0.5324],[1469462400000,0.5651],[1469548800000,0.3711],[1469635200000,0.3712],[1469721600000,0.3846],[1469894400000,0.7748],[1469980800000,0.341],[1470067200000,0.2808],[1470153600000,0.1604],[1470240000000,1.8717],[1470326400000,1.789],[1470499200000,0.9109],[1470585600000,0.4553],[1470672000000,0.4591],[1470758400000,0.4593],[1470844800000,3.045],[1470931200000,0.4592],[1471104000000,0.9039],[1471190400000,0.4514],[1471276800000,0.451],[1471363200000,0.4955],[1471449600000,0.4392],[1471536000000,0.4492],[1471708800000,0.8987],[1471795200000,0.2815],[1471881600000,0.3162],[1471968000000,0.4325],[1472054400000,0.4634],[1472140800000,1.175],[1472313600000,0.9071],[1472400000000,1.4126],[1472486400000,0.3392],[1472572800000,0.4542],[1472659200000,0.4536],[1472745600000,0.4527],[1472918400000,0.9062],[1473004800000,4.3289],[1473091200000,1.6875],[1473177600000,0.5058],[1473264000000,2.227],[1473350400000,1.5081],[1473523200000,1.0041],[1473609600000,3.4937],[1473696000000,0.4952],[1473782400000,0.5135],[1474128000000,2.0679],[1474214400000,0.5424],[1474300800000,0.5456],[1474387200000,0.5476],[1474473600000,0.5338],[1474560000000,0.5147],[1474732800000,1.0439],[1474819200000,4.1275],[1474905600000,0.7968],[1474992000000,0.6996],[1475078400000,0.7148],[1475164800000,0.7115],[1475942400000,6.4141],[1476028800000,0.6969],[1476115200000,0.66],[1476201600000,0.435],[1476288000000,0.4612],[1476374400000,1.6576],[1476547200000,0.6794],[1476633600000,0.336],[1476720000000,0.3562],[1476806400000,0.3446],[1476892800000,0.1941],[1476979200000,0.2998],[1477152000000,0.6108],[1477238400000,3.0899],[1477324800000,0.4529],[1477411200000,0.9154],[1477497600000,3.116],[1477584000000,0.5218],[1477756800000,1.0528],[1477843200000,0.5231],[1477929600000,0.5093],[1478016000000,0.5195],[1478102400000,0.5254],[1478188800000,0.5085],[1478361600000,0.989],[1478448000000,4.1169],[1478534400000,0.496],[1478620800000,0.4913],[1478707200000,0.4744],[1478793600000,1.308],[1478966400000,1.0343],[1479052800000,4.2622],[1479139200000,0.496],[1479225600000,0.4759],[1479312000000,0.469],[1479398400000,0.4595],[1479571200000,0.9067],[1479657600000,0.4745],[1479744000000,0.4696],[1479830400000,0.4821],[1479916800000,0.4878],[1480003200000,0.5002],[1480176000000,1.0015],[1480262400000,0.5065],[1480348800000,0.509],[1480435200000,0.5108],[1480521600000,0.4905],[1480608000000,0.4113],[1480780800000,0.7561],[1480867200000,2.3577],[1480953600000,0.4287],[1481040000000,0.5352],[1481126400000,6.5993],[1481212800000,1.9343],[1481385600000,1.286],[1481472000000,0.6618],[1481558400000,0.6528],[1481644800000,1.021],[1481731200000,1.0207],[1481817600000,0.9883],[1481990400000,1.9796],[1482076800000,1.2256],[1482163200000,0.657],[1482249600000,0.6458],[1482336000000,1.1787],[1482422400000,1.208],[1482595200000,2.4165],[1482681600000,1.0443],[1482768000000,1.0822],[1482854400000,1.0703],[1482940800000,1.1438],[1483027200000,1.116],[1483113600000,1.1084],[1483286400000,2.2157],[1483372800000,0.9002],[1483459200000,0.7872],[1483545600000,0.7373],[1483632000000,0.6474],[1483804800000,1.3649],[1483891200000,0.6357],[1483977600000,0.6669],[1484064000000,1.7273],[1484150400000,2.0126],[1484236800000,0.6932],[1484409600000,1.2824],[1484496000000,2.179],[1484582400000,0.7698],[1484668800000,0.9078],[1484755200000,0.9936],[1484841600000,0.941],[1485014400000,1.8833],[1485100800000,1.8831],[1485187200000,0.9168],[1485273600000,0.8948],[1485360000000,0.8963],[1485964800000,6.2729],[1486051200000,0.896],[1486224000000,1.792],[1486310400000,0.8965],[1486396800000,0.8631],[1486483200000,0.7209],[1486569600000,0.7813],[1486656000000,0.7882],[1486828800000,1.5811],[1486915200000,0.7748],[1487001600000,0.7762],[1487088000000,0.8427],[1487174400000,0.7667],[1487260800000,0.7741],[1487433600000,1.5706],[1487520000000,0.7879],[1487606400000,0.8225],[1487692800000,0.8583],[1487779200000,0.8334],[1487865600000,0.7399],[1488038400000,1.4801],[1488124800000,0.6421],[1488211200000,0.8117],[1488297600000,0.7886],[1488384000000,0.7981],[1488470400000,0.8498],[1488643200000,1.5601],[1488729600000,1.2362],[1488816000000,0.7901],[1488902400000,1.8938],[1488988800000,1.0199],[1489075200000,1.0519],[1489248000000,1.4078],[1489334400000,2.4911],[1489420800000,0.864],[1489507200000,0.862],[1489593600000,0.885],[1489680000000,0.6093],[1489852800000,1.8503],[1489939200000,0.9192],[1490025600000,0.9424],[1490112000000,1.6086],[1490198400000,1.067],[1490284800000,1.1523],[1490457600000,2.3102],[1490544000000,1.0886],[1490630400000,1.1077],[1490716800000,1.4236],[1490803200000,1.079],[1490889600000,1.1493],[1491235200000,4.5136],[1491321600000,2.9218],[1491408000000,1.1396],[1491494400000,1.0332],[1491667200000,2.0696],[1491753600000,0.978],[1491840000000,0.9725],[1491926400000,0.9604],[1492012800000,2.4407],[1492099200000,0.9066],[1492272000000,1.8058],[1492358400000,1.668],[1492444800000,0.8428],[1492531200000,0.8283],[1492617600000,0.8377],[1492704000000,0.8357],[1492876800000,1.6762],[1492963200000,0.8763],[1493049600000,0.9055],[1493136000000,0.944],[1493222400000,0.9966],[1493308800000,1.0531],[1493568000000,3.1599],[1493654400000,1.047],[1493740800000,1.0291],[1493827200000,1.0311],[1493913600000,0.9605],[1494086400000,1.9284],[1494172800000,0.927],[1494259200000,0.931],[1494345600000,0.9111],[1494432000000,0.8914],[1494518400000,0.9007],[1494691200000,1.8077],[1494777600000,0.8932],[1494864000000,0.8975],[1494950400000,0.5944],[1495036800000,0.1348],[1495123200000,0.8851],[1495296000000,1.8157],[1495382400000,0.9327],[1495468800000,0.9459],[1495555200000,0.9632],[1495641600000,0.9552],[1495728000000,0.9473],[1496073600000,3.7965],[1496160000000,0.9703],[1496246400000,0.9646],[1496332800000,0.9671],[1496505600000,1.9387],[1496592000000,0.919],[1496678400000,0.9426],[1496764800000,0.9549],[1496851200000,0.9583],[1496937600000,1.0763],[1497110400000,1.8591],[1497196800000,0.9377],[1497283200000,0.9569],[1497369600000,0.9781],[1497456000000,0.9982],[1497542400000,1.0218],[1497715200000,2.0432],[1497801600000,1.0329],[1497888000000,2.4357],[1497974400000,1.0312],[1498060800000,1.0684],[1498147200000,1.084],[1498320000000,2.1771],[1498406400000,1.0996],[1498492800000,1.0926],[1498579200000,1.1003],[1498665600000,1.1033],[1498752000000,2.288],[1498924800000,2.238],[1499011200000,1.1076],[1499097600000,1.1053],[1499184000000,1.0877],[1499270400000,3.8057],[1499356800000,0.9879],[1499529600000,1.9796],[1499616000000,0.9415],[1499702400000,0.8886],[1499788800000,0.9109],[1499875200000,0.8862],[1499961600000,0.88],[1500134400000,1.7643],[1500220800000,0.8925],[1500307200000,1.3881],[1500393600000,0.9688],[1500480000000,0.9847],[1500566400000,0.9752],[1500739200000,1.9591],[1500825600000,0.9669],[1500912000000,0.9828],[1500998400000,0.9828],[1501084800000,1.0111],[1501171200000,0.9997],[1501344000000,2.0],[1501430400000,0.9858],[1501516800000,1.6307],[1501603200000,0.9583],[1501689600000,0.9383],[1501776000000,0.9526],[1501948800000,1.9088],[1502035200000,0.8972],[1502121600000,0.8837],[1502208000000,0.9355],[1502294400000,1.185],[1502380800000,0.8791],[1502553600000,1.7601],[1502640000000,0.8801],[1502726400000,1.5484],[1502812800000,1.3909],[1502899200000,0.9267],[1502985600000,0.9238],[1503158400000,1.8554],[1503244800000,0.9482],[1503331200000,0.887],[1503417600000,0.9105],[1503504000000,0.902],[1503590400000,0.902],[1503763200000,1.7982],[1503849600000,0.893],[1503936000000,0.875],[1504022400000,0.9076],[1504108800000,0.9013],[1504195200000,0.9146],[1504368000000,1.8375],[1504454400000,0.8914],[1504540800000,0.85],[1504627200000,0.8216],[1504713600000,0.8089],[1504800000000,0.792],[1504972800000,1.5639],[1505059200000,3.7703],[1505145600000,3.4186],[1505232000000,1.3319],[1505318400000,1.3345],[1505404800000,0.8997],[1505577600000,1.8009],[1505664000000,0.9406],[1505750400000,0.938],[1505836800000,0.9522],[1505923200000,0.9608],[1506009600000,0.9856],[1506182400000,1.994],[1506268800000,2.9734],[1506355200000,1.5418],[1506441600000,1.0275],[1506528000000,1.0278],[1506614400000,1.0781],[1507392000000,9.1122],[1507478400000,1.0126],[1507564800000,3.0967],[1507651200000,1.0218],[1507737600000,1.0273],[1507824000000,1.0013],[1507996800000,2.0043],[1508083200000,0.9934],[1508169600000,2.291],[1508256000000,0.9762],[1508342400000,0.9994],[1508428800000,0.8756],[1508601600000,1.7525],[1508688000000,0.8819],[1508774400000,0.791],[1508860800000,0.7973],[1508947200000,0.7946],[1509033600000,0.8214],[1509206400000,1.6437],[1509292800000,0.834],[1509379200000,0.8406],[1509465600000,0.8692],[1509552000000,2.1368],[1509638400000,0.9221],[1509811200000,1.8456],[1509897600000,0.9045],[1509984000000,0.8883],[1510070400000,0.841],[1510156800000,0.7309],[1510243200000,0.8377],[1510416000000,1.6467],[1510502400000,0.8257],[1510588800000,0.8284],[1510675200000,0.8304],[1510761600000,0.6417],[1510848000000,0.9073],[1511020800000,1.881],[1511107200000,3.0757],[1511193600000,0.9347],[1511280000000,0.9514],[1511366400000,0.9866],[1511452800000,0.9587],[1511625600000,1.9245],[1511712000000,0.9815],[1511798400000,1.0191],[1511884800000,1.0426],[1511971200000,1.0306],[1512057600000,1.0741],[1512230400000,2.1479],[1512316800000,1.0711],[1512403200000,1.0664],[1512489600000,1.0508],[1512576000000,1.0344],[1512662400000,1.0279],[1512835200000,2.0636],[1512921600000,1.0217],[1513008000000,0.9798],[1513094400000,0.9886],[1513180800000,1.0017],[1513267200000,1.0043],[1513440000000,2.0154],[1513526400000,1.0078],[1513612800000,1.0745],[1513699200000,1.1103],[1513785600000,1.1071],[1513872000000,1.0997],[1514044800000,2.1996],[1514131200000,0.9413],[1514217600000,1.038],[1514304000000,1.3249],[1514390400000,1.1331],[1514476800000,1.1387],[1514649600000,2.2795],[1514736000000,1.1312],[1514822400000,1.1267],[1514908800000,1.0401],[1514995200000,1.0816],[1515081600000,1.021],[1515254400000,2.0429],[1515340800000,1.006],[1515427200000,5.5811],[1515513600000,1.0334],[1515600000000,1.0257],[1515686400000,1.0156],[1515859200000,2.0309],[1515945600000,0.984],[1516032000000,1.0098],[1516118400000,1.0049],[1516204800000,0.9932],[1516291200000,1.0164],[1516464000000,2.0423],[1516550400000,1.0085],[1516636800000,0.9966],[1516723200000,0.9351],[1516809600000,0.9605],[1516896000000,1.5756],[1517068800000,1.8219],[1517155200000,0.9511],[1517241600000,0.9655],[1517328000000,0.9606],[1517414400000,0.9823],[1517500800000,0.962],[1517673600000,1.9215],[1517760000000,0.939],[1517846400000,0.8628]];
/*基金收益走势图   7日年化收益率*/
var Data_sevenDaysYearIncome = [[1418313600000,5.254],[1418745600000,4.807],[1418832000000,4.822],[1418918400000,4.815],[1419091200000,4.918],[1419177600000,4.89],[1419264000000,5.008],[1419350400000,5.063],[1419436800000,5.095],[1419523200000,5.165],[1419696000000,5.145],[1419782400000,5.194],[1419868800000,5.124],[1419955200000,5.095],[1420300800000,4.956],[1420387200000,4.734],[1420473600000,4.476],[1420560000000,4.299],[1420646400000,4.188],[1420732800000,4.085],[1420905600000,3.879],[1420992000000,3.924],[1421078400000,3.977],[1421164800000,3.977],[1421251200000,3.948],[1421337600000,3.928],[1421510400000,3.815],[1421596800000,3.82],[1421683200000,3.821],[1421769600000,3.847],[1421856000000,3.819],[1421942400000,3.773],[1422115200000,3.735],[1422201600000,3.757],[1422288000000,3.791],[1422374400000,3.779],[1422460800000,3.83],[1422547200000,3.885],[1422720000000,4.013],[1422806400000,4.036],[1422892800000,4.056],[1422979200000,4.08],[1423065600000,4.063],[1423152000000,4.074],[1423324800000,4.082],[1423411200000,4.086],[1423497600000,4.074],[1423584000000,4.233],[1423670400000,4.389],[1423756800000,4.432],[1423929600000,4.473],[1424016000000,4.498],[1424102400000,4.533],[1424707200000,4.046],[1424793600000,4.038],[1424880000000,4.01],[1424966400000,3.986],[1425139200000,3.943],[1425225600000,3.918],[1425312000000,3.897],[1425398400000,3.893],[1425484800000,3.888],[1425571200000,3.907],[1425744000000,3.973],[1425830400000,4.006],[1425916800000,4.034],[1426003200000,4.055],[1426089600000,4.082],[1426176000000,4.108],[1426348800000,4.103],[1426435200000,4.096],[1426521600000,4.098],[1426608000000,4.097],[1426694400000,4.106],[1426780800000,4.09],[1426953600000,4.068],[1427040000000,4.064],[1427126400000,4.063],[1427212800000,4.053],[1427299200000,4.051],[1427385600000,3.978],[1427558400000,3.875],[1427644800000,3.826],[1427731200000,3.783],[1427817600000,3.745],[1427904000000,3.704],[1427990400000,3.737],[1428249600000,3.804],[1428336000000,3.778],[1428422400000,3.719],[1428508800000,3.685],[1428595200000,3.654],[1428768000000,3.649],[1428854400000,3.57],[1428940800000,3.489],[1429027200000,3.545],[1429113600000,3.634],[1429200000000,4.629],[1429372800000,4.51],[1429459200000,4.57],[1429545600000,4.6],[1429632000000,4.551],[1429718400000,4.411],[1429804800000,3.358],[1429977600000,3.303],[1430064000000,3.234],[1430150400000,3.189],[1430236800000,3.133],[1430323200000,3.136],[1430582400000,3.14],[1430668800000,3.131],[1430755200000,3.155],[1430841600000,6.237],[1430928000000,6.206],[1431014400000,6.205],[1431187200000,6.209],[1431273600000,6.198],[1431360000000,6.192],[1431446400000,3.122],[1431532800000,3.127],[1431619200000,3.092],[1431792000000,3.026],[1431878400000,3.015],[1431964800000,3.005],[1432051200000,3.005],[1432137600000,3.019],[1432224000000,3.039],[1432396800000,3.066],[1432483200000,3.079],[1432569600000,3.043],[1432656000000,3.003],[1432742400000,2.957],[1432828800000,2.922],[1433001600000,2.856],[1433088000000,2.826],[1433174400000,2.816],[1433260800000,2.837],[1433347200000,2.841],[1433433600000,2.849],[1433606400000,2.882],[1433692800000,2.896],[1433779200000,2.934],[1433865600000,2.913],[1433952000000,2.894],[1434038400000,2.879],[1434211200000,2.829],[1434297600000,2.804],[1434384000000,2.779],[1434470400000,2.783],[1434556800000,3.043],[1434643200000,3.049],[1434902400000,3.081],[1434988800000,3.096],[1435075200000,6.974],[1435161600000,6.754],[1435248000000,6.788],[1435420800000,6.847],[1435507200000,8.001],[1435593600000,7.979],[1435680000000,4.05],[1435766400000,3.986],[1435852800000,3.964],[1436025600000,3.939],[1436112000000,2.844],[1436198400000,2.876],[1436284800000,2.908],[1436371200000,2.964],[1436457600000,3.985],[1436630400000,3.916],[1436716800000,3.882],[1436803200000,3.852],[1436889600000,3.824],[1436976000000,3.795],[1437062400000,2.778],[1437235200000,2.852],[1437321600000,2.856],[1437408000000,2.816],[1437494400000,2.783],[1437580800000,2.751],[1437667200000,2.694],[1437840000000,2.56],[1437926400000,2.541],[1438012800000,2.575],[1438099200000,2.582],[1438185600000,2.582],[1438272000000,2.583],[1438444800000,2.597],[1438531200000,2.587],[1438617600000,2.55],[1438704000000,2.533],[1438790400000,2.521],[1438876800000,2.485],[1439049600000,2.422],[1439136000000,2.391],[1439222400000,2.375],[1439308800000,2.36],[1439395200000,2.344],[1439481600000,2.368],[1439654400000,2.396],[1439740800000,2.394],[1439827200000,2.402],[1439913600000,2.411],[1440000000000,2.419],[1440086400000,2.413],[1440259200000,2.402],[1440345600000,2.386],[1440432000000,2.385],[1440518400000,2.393],[1440604800000,2.401],[1440691200000,2.415],[1440864000000,2.449],[1440950400000,2.494],[1441036800000,2.516],[1441123200000,2.523],[1441468800000,2.545],[1441555200000,2.536],[1441641600000,6.283],[1441728000000,6.301],[1441814400000,6.31],[1441900800000,6.315],[1442073600000,6.324],[1442160000000,6.341],[1442246400000,2.609],[1442332800000,2.614],[1442419200000,2.623],[1442505600000,2.635],[1442678400000,2.66],[1442764800000,2.669],[1442851200000,2.668],[1442937600000,2.667],[1443024000000,2.666],[1443110400000,2.665],[1443283200000,2.664],[1443369600000,2.663],[1443456000000,2.665],[1443542400000,2.673],[1444147200000,2.753],[1444233600000,2.742],[1444320000000,7.499],[1444492800000,7.445],[1444579200000,7.395],[1444665600000,7.342],[1444752000000,7.303],[1444838400000,7.281],[1444924800000,2.5],[1445097600000,2.481],[1445184000000,2.495],[1445270400000,2.507],[1445356800000,2.508],[1445443200000,2.504],[1445529600000,6.175],[1445702400000,6.189],[1445788800000,6.167],[1445875200000,9.716],[1445961600000,9.637],[1446048000000,9.543],[1446134400000,5.659],[1446307200000,5.42],[1446393600000,5.342],[1446480000000,1.823],[1446566400000,1.778],[1446652800000,1.767],[1446739200000,3.034],[1446912000000,3.082],[1446998400000,3.073],[1447084800000,3.092],[1447171200000,3.122],[1447257600000,3.102],[1447344000000,1.822],[1447516800000,1.805],[1447603200000,1.811],[1447689600000,1.8],[1447776000000,1.787],[1447862400000,1.798],[1447948800000,1.803],[1448121600000,1.798],[1448208000000,1.803],[1448294400000,1.809],[1448380800000,1.82],[1448467200000,1.83],[1448553600000,1.877],[1448726400000,1.885],[1448812800000,1.857],[1448899200000,1.842],[1448985600000,1.824],[1449072000000,1.816],[1449158400000,1.697],[1449331200000,1.543],[1449417600000,1.513],[1449504000000,1.496],[1449590400000,1.813],[1449676800000,1.78],[1449763200000,1.826],[1449936000000,1.92],[1450022400000,1.934],[1450108800000,1.927],[1450195200000,1.589],[1450281600000,2.574],[1450368000000,2.581],[1450540800000,2.591],[1450627200000,2.659],[1450713600000,2.713],[1450800000000,2.725],[1450886400000,2.499],[1450972800000,2.408],[1451145600000,2.23],[1451232000000,2.094],[1451318400000,2.019],[1451404800000,1.968],[1451491200000,1.186],[1451750400000,1.331],[1451836800000,1.358],[1451923200000,2.118],[1452009600000,2.149],[1452096000000,2.16],[1452182400000,2.164],[1452355200000,2.111],[1452441600000,2.122],[1452528000000,1.9],[1452614400000,1.858],[1452700800000,1.826],[1452787200000,1.801],[1452960000000,1.811],[1453046400000,1.802],[1453132800000,1.807],[1453219200000,1.816],[1453305600000,6.648],[1453392000000,6.754],[1453564800000,7.003],[1453651200000,7.127],[1453737600000,6.664],[1453824000000,6.947],[1453910400000,2.217],[1453996800000,2.236],[1454169600000,2.241],[1454256000000,2.241],[1454342400000,2.221],[1454428800000,2.054],[1454515200000,2.048],[1454601600000,2.041],[1455379200000,2.045],[1455465600000,2.039],[1455552000000,2.02],[1455638400000,2.004],[1455724800000,1.987],[1455811200000,1.96],[1455984000000,1.914],[1456070400000,1.899],[1456156800000,1.873],[1456243200000,1.849],[1456329600000,1.816],[1456416000000,1.812],[1456588800000,1.754],[1456675200000,1.721],[1456761600000,1.725],[1456848000000,4.488],[1456934400000,4.521],[1457020800000,4.556],[1457193600000,4.676],[1457280000000,4.724],[1457366400000,5.018],[1457452800000,2.273],[1457539200000,2.279],[1457625600000,2.27],[1457798400000,2.245],[1457884800000,2.246],[1457971200000,1.99],[1458057600000,2.089],[1458144000000,2.025],[1458230400000,2.574],[1458403200000,2.567],[1458489600000,2.564],[1458576000000,2.397],[1458662400000,2.425],[1458748800000,2.49],[1458835200000,2.096],[1459008000000,2.082],[1459094400000,2.073],[1459180800000,2.233],[1459267200000,2.094],[1459353600000,2.088],[1459440000000,1.921],[1459699200000,1.921],[1459785600000,1.921],[1459872000000,1.883],[1459958400000,1.865],[1460044800000,2.092],[1460217600000,2.077],[1460304000000,2.132],[1460390400000,3.295],[1460476800000,3.553],[1460563200000,3.532],[1460649600000,5.73],[1460822400000,5.721],[1460908800000,6.096],[1460995200000,4.89],[1461081600000,4.656],[1461168000000,4.974],[1461254400000,2.555],[1461427200000,2.55],[1461513600000,4.003],[1461600000000,4.017],[1461686400000,4.032],[1461772800000,3.756],[1461859200000,4.099],[1462118400000,2.296],[1462204800000,2.285],[1462291200000,2.288],[1462377600000,2.582],[1462464000000,2.233],[1462636800000,2.169],[1462723200000,2.128],[1462809600000,2.104],[1462896000000,2.074],[1462982400000,1.74],[1463068800000,2.052],[1463241600000,2.038],[1463328000000,2.041],[1463414400000,2.047],[1463500800000,2.048],[1463587200000,2.064],[1463673600000,1.745],[1463846400000,1.748],[1463932800000,1.732],[1464019200000,2.165],[1464105600000,2.176],[1464192000000,2.187],[1464278400000,2.199],[1464451200000,2.22],[1464537600000,2.255],[1464624000000,1.836],[1464710400000,1.84],[1464796800000,1.844],[1464883200000,1.848],[1465056000000,1.83],[1465142400000,3.217],[1465228800000,3.597],[1465315200000,3.596],[1465660800000,3.621],[1465747200000,2.223],[1465833600000,1.859],[1465920000000,1.874],[1466006400000,1.888],[1466092800000,1.902],[1466265600000,1.928],[1466352000000,1.958],[1466438400000,2.081],[1466524800000,2.083],[1466611200000,2.086],[1466697600000,2.092],[1466870400000,2.094],[1466956800000,2.099],[1467043200000,1.996],[1467129600000,2.028],[1467216000000,2.062],[1467302400000,2.079],[1467475200000,2.122],[1467561600000,1.827],[1467648000000,4.252],[1467734400000,4.239],[1467820800000,4.222],[1467907200000,4.221],[1468080000000,4.246],[1468166400000,4.963],[1468252800000,2.54],[1468339200000,2.577],[1468425600000,2.549],[1468512000000,2.521],[1468684800000,2.446],[1468771200000,2.004],[1468857600000,1.946],[1468944000000,1.855],[1469030400000,1.829],[1469116800000,1.824],[1469289600000,1.793],[1469376000000,1.814],[1469462400000,1.855],[1469548800000,1.805],[1469635200000,1.755],[1469721600000,1.689],[1469894400000,1.576],[1469980800000,1.475],[1470067200000,1.324],[1470153600000,1.213],[1470240000000,2.008],[1470326400000,2.758],[1470499200000,2.831],[1470585600000,2.892],[1470672000000,2.988],[1470758400000,3.148],[1470844800000,3.781],[1470931200000,3.064],[1471104000000,3.06],[1471190400000,3.058],[1471276800000,3.054],[1471363200000,3.073],[1471449600000,1.683],[1471536000000,1.677],[1471708800000,1.675],[1471795200000,1.584],[1471881600000,1.513],[1471968000000,1.48],[1472054400000,1.493],[1472140800000,1.877],[1472313600000,1.882],[1472400000000,2.485],[1472486400000,2.497],[1472572800000,2.508],[1472659200000,2.503],[1472745600000,2.118],[1472918400000,2.117],[1473004800000,3.682],[1473091200000,4.413],[1473177600000,4.441],[1473264000000,5.411],[1473350400000,5.439],[1473523200000,5.493],[1473609600000,5.035],[1473696000000,4.384],[1473782400000,4.388],[1474128000000,3.485],[1474214400000,1.905],[1474300800000,1.932],[1474387200000,1.95],[1474473600000,1.959],[1474560000000,1.958],[1474732800000,1.963],[1474819200000,3.886],[1474905600000,4.023],[1474992000000,4.105],[1475078400000,4.203],[1475164800000,4.31],[1475942400000,2.635],[1476028800000,2.627],[1476115200000,2.599],[1476201600000,2.45],[1476288000000,2.316],[1476374400000,2.821],[1476547200000,2.422],[1476633600000,2.23],[1476720000000,2.068],[1476806400000,2.02],[1476892800000,1.878],[1476979200000,1.159],[1477152000000,1.123],[1477238400000,2.585],[1477324800000,2.637],[1477411200000,2.943],[1477497600000,4.523],[1477584000000,4.644],[1477756800000,4.885],[1477843200000,3.491],[1477929600000,3.522],[1478016000000,3.308],[1478102400000,1.922],[1478188800000,1.915],[1478361600000,1.881],[1478448000000,3.808],[1478534400000,3.801],[1478620800000,3.786],[1478707200000,3.758],[1478793600000,4.192],[1478966400000,4.216],[1479052800000,4.295],[1479139200000,4.295],[1479225600000,4.287],[1479312000000,4.284],[1479398400000,3.823],[1479571200000,3.754],[1479657600000,1.726],[1479744000000,1.712],[1479830400000,1.715],[1479916800000,1.725],[1480003200000,1.747],[1480176000000,1.797],[1480262400000,1.814],[1480348800000,1.835],[1480435200000,1.85],[1480521600000,1.851],[1480608000000,1.804],[1480780800000,1.674],[1480867200000,2.66],[1480953600000,2.617],[1481040000000,2.63],[1481126400000,5.951],[1481212800000,6.795],[1481385600000,7.091],[1481472000000,6.148],[1481558400000,6.272],[1481644800000,6.542],[1481731200000,3.489],[1481817600000,2.979],[1481990400000,3.352],[1482076800000,3.657],[1482163200000,3.659],[1482249600000,3.456],[1482336000000,3.542],[1482422400000,3.66],[1482595200000,3.897],[1482681600000,3.799],[1482768000000,4.029],[1482854400000,4.259],[1482940800000,4.24],[1483027200000,4.191],[1483113600000,4.136],[1483286400000,4.116],[1483372800000,4.018],[1483459200000,3.864],[1483545600000,3.644],[1483632000000,3.391],[1483804800000,2.933],[1483891200000,2.68],[1483977600000,2.555],[1484064000000,3.059],[1484150400000,3.747],[1484236800000,3.772],[1484409600000,3.727],[1484496000000,4.565],[1484582400000,4.621],[1484668800000,4.175],[1484755200000,3.623],[1484841600000,3.757],[1485014400000,4.083],[1485100800000,3.922],[1485187200000,4.002],[1485273600000,3.995],[1485360000000,3.942],[1485964800000,3.325],[1486051200000,3.325],[1486224000000,3.325],[1486310400000,3.325],[1486396800000,3.307],[1486483200000,3.213],[1486569600000,3.151],[1486656000000,3.093],[1486828800000,2.98],[1486915200000,2.914],[1487001600000,2.868],[1487088000000,2.933],[1487174400000,2.925],[1487260800000,2.918],[1487433600000,2.912],[1487520000000,2.919],[1487606400000,2.944],[1487692800000,2.952],[1487779200000,2.988],[1487865600000,2.97],[1488038400000,2.921],[1488124800000,2.843],[1488211200000,2.837],[1488297600000,2.8],[1488384000000,2.781],[1488470400000,2.84],[1488643200000,2.465],[1488729600000,3.202],[1488816000000,3.19],[1488902400000,3.787],[1488988800000,3.907],[1489075200000,4.016],[1489248000000,3.934],[1489334400000,4.616],[1489420800000,4.656],[1489507200000,4.095],[1489593600000,4.021],[1489680000000,3.782],[1489852800000,4.021],[1489939200000,3.172],[1490025600000,3.215],[1490112000000,3.617],[1490198400000,3.715],[1490284800000,4.01],[1490457600000,4.259],[1490544000000,4.351],[1490630400000,4.441],[1490716800000,4.341],[1490803200000,4.347],[1490889600000,4.346],[1491235200000,4.349],[1491321600000,5.168],[1491408000000,5.201],[1491494400000,5.137],[1491667200000,5.027],[1491753600000,4.941],[1491840000000,4.867],[1491926400000,3.8],[1492012800000,4.507],[1492099200000,4.438],[1492272000000,4.294],[1492358400000,4.67],[1492444800000,4.599],[1492531200000,4.527],[1492617600000,3.657],[1492704000000,3.619],[1492876800000,3.549],[1492963200000,3.122],[1493049600000,3.156],[1493136000000,3.218],[1493222400000,3.304],[1493308800000,3.421],[1493568000000,3.749],[1493654400000,3.826],[1493740800000,3.872],[1493827200000,3.891],[1493913600000,3.84],[1494086400000,3.744],[1494172800000,3.676],[1494259200000,3.613],[1494345600000,3.549],[1494432000000,3.474],[1494518400000,3.442],[1494691200000,3.377],[1494777600000,3.358],[1494864000000,3.34],[1494950400000,3.17],[1495036800000,2.764],[1495123200000,2.755],[1495296000000,2.759],[1495382400000,2.781],[1495468800000,2.807],[1495555200000,3.004],[1495641600000,3.446],[1495728000000,3.48],[1496073600000,3.535],[1496160000000,3.539],[1496246400000,3.544],[1496332800000,3.554],[1496505600000,3.576],[1496592000000,3.56],[1496678400000,3.556],[1496764800000,3.548],[1496851200000,3.545],[1496937600000,3.604],[1497110400000,3.561],[1497196800000,3.571],[1497283200000,3.578],[1497369600000,3.591],[1497456000000,3.613],[1497542400000,3.583],[1497715200000,3.683],[1497801600000,3.734],[1497888000000,4.537],[1497974400000,4.566],[1498060800000,4.604],[1498147200000,4.638],[1498320000000,4.711],[1498406400000,4.748],[1498492800000,4.017],[1498579200000,4.054],[1498665600000,4.073],[1498752000000,4.728],[1498924800000,4.762],[1499011200000,4.766],[1499097600000,4.773],[1499184000000,4.766],[1499270400000,6.252],[1499356800000,5.535],[1499529600000,5.393],[1499616000000,5.301],[1499702400000,5.183],[1499788800000,5.086],[1499875200000,3.498],[1499961600000,3.44],[1500134400000,3.324],[1500220800000,3.298],[1500307200000,3.567],[1500393600000,3.598],[1500480000000,3.652],[1500566400000,3.703],[1500739200000,3.808],[1500825600000,3.849],[1500912000000,3.629],[1500998400000,3.637],[1501084800000,3.651],[1501171200000,3.664],[1501344000000,3.687],[1501430400000,3.697],[1501516800000,4.048],[1501603200000,4.034],[1501689600000,3.995],[1501776000000,3.969],[1501948800000,3.92],[1502035200000,3.872],[1502121600000,3.468],[1502208000000,3.456],[1502294400000,3.589],[1502380800000,3.549],[1502553600000,3.469],[1502640000000,3.46],[1502726400000,3.819],[1502812800000,4.066],[1502899200000,3.926],[1502985600000,3.95],[1503158400000,4.002],[1503244800000,4.039],[1503331200000,3.68],[1503417600000,3.421],[1503504000000,3.408],[1503590400000,3.396],[1503763200000,3.365],[1503849600000,3.335],[1503936000000,3.329],[1504022400000,3.327],[1504108800000,3.327],[1504195200000,3.334],[1504368000000,3.355],[1504454400000,3.354],[1504540800000,3.341],[1504627200000,3.294],[1504713600000,3.245],[1504800000000,3.179],[1504972800000,3.032],[1505059200000,4.59],[1505145600000,5.999],[1505232000000,6.282],[1505318400000,6.574],[1505404800000,6.633],[1505577600000,6.765],[1505664000000,5.202],[1505750400000,3.85],[1505836800000,3.645],[1505923200000,3.443],[1506009600000,3.489],[1506182400000,3.594],[1506268800000,4.697],[1506355200000,5.027],[1506441600000,5.069],[1506528000000,5.105],[1506614400000,5.156],[1507392000000,3.765],[1507478400000,3.765],[1507564800000,4.898],[1507651200000,4.904],[1507737600000,4.912],[1507824000000,4.905],[1507996800000,4.894],[1508083200000,4.883],[1508169600000,4.444],[1508256000000,4.419],[1508342400000,4.404],[1508428800000,4.335],[1508601600000,4.199],[1508688000000,4.138],[1508774400000,3.327],[1508860800000,3.23],[1508947200000,3.12],[1509033600000,3.091],[1509206400000,3.033],[1509292800000,3.007],[1509379200000,3.034],[1509465600000,3.072],[1509552000000,3.796],[1509638400000,3.851],[1509811200000,3.96],[1509897600000,3.998],[1509984000000,4.024],[1510070400000,4.009],[1510156800000,3.249],[1510243200000,3.204],[1510416000000,3.097],[1510502400000,3.054],[1510588800000,3.022],[1510675200000,3.017],[1510761600000,2.969],[1510848000000,3.006],[1511020800000,3.132],[1511107200000,4.349],[1511193600000,4.407],[1511280000000,4.472],[1511366400000,4.661],[1511452800000,4.689],[1511625600000,4.712],[1511712000000,3.575],[1511798400000,3.621],[1511884800000,3.67],[1511971200000,3.694],[1512057600000,3.756],[1512230400000,3.877],[1512316800000,3.926],[1512403200000,3.951],[1512489600000,3.956],[1512576000000,3.958],[1512662400000,3.933],[1512835200000,3.887],[1512921600000,3.861],[1513008000000,3.814],[1513094400000,3.78],[1513180800000,3.762],[1513267200000,3.75],[1513440000000,3.723],[1513526400000,3.716],[1513612800000,3.767],[1513699200000,3.833],[1513785600000,3.89],[1513872000000,3.942],[1514044800000,4.042],[1514131200000,4.006],[1514217600000,3.986],[1514304000000,4.102],[1514390400000,4.116],[1514476800000,4.137],[1514649600000,4.181],[1514736000000,4.284],[1514822400000,4.332],[1514908800000,4.178],[1514995200000,4.15],[1515081600000,4.086],[1515254400000,3.957],[1515340800000,3.89],[1515427200000,6.33],[1515513600000,6.326],[1515600000000,6.295],[1515686400000,6.292],[1515859200000,6.286],[1515945600000,6.273],[1516032000000,3.771],[1516118400000,3.756],[1516204800000,3.738],[1516291200000,3.738],[1516464000000,3.745],[1516550400000,3.758],[1516636800000,3.751],[1516723200000,3.713],[1516809600000,3.695],[1516896000000,3.998],[1517068800000,3.879],[1517155200000,3.848],[1517241600000,3.831],[1517328000000,3.844],[1517414400000,3.856],[1517500800000,3.525],[1517673600000,3.578],[1517760000000,3.572],[1517846400000,3.516]];
/*资产配置*/
var Data_assetAllocationCurrency ={"categories":["12-31","09-30","06-30","03-31"],"series":[{"name":"股票","data":[null,null,null,null]},{"name":"债券","data":[85.11,65.91,88.13,58.05]},{"name":"现金","data":[0.06,4.77,2.53,0.12]}]};
/*累计收益率走势*/
var Data_grandTotal = [{"name":"英大现金宝货币","data":[[1501948800000,0],[1502035200000,0.01],[1502121600000,0.02],[1502208000000,0.03],[1502294400000,0.04],[1502380800000,0.05],[1502553600000,0.07],[1502640000000,0.07],[1502726400000,0.09],[1502812800000,0.10],[1502899200000,0.11],[1502985600000,0.12],[1503158400000,0.14],[1503244800000,0.15],[1503331200000,0.16],[1503417600000,0.17],[1503504000000,0.18],[1503590400000,0.19],[1503763200000,0.20],[1503849600000,0.21],[1503936000000,0.22],[1504022400000,0.23],[1504108800000,0.24],[1504195200000,0.25],[1504368000000,0.27],[1504454400000,0.28],[1504540800000,0.29],[1504627200000,0.29],[1504713600000,0.30],[1504800000000,0.31],[1504972800000,0.33],[1505059200000,0.36],[1505145600000,0.40],[1505232000000,0.41],[1505318400000,0.42],[1505404800000,0.43],[1505577600000,0.45],[1505664000000,0.46],[1505750400000,0.47],[1505836800000,0.48],[1505923200000,0.49],[1506009600000,0.50],[1506182400000,0.52],[1506268800000,0.55],[1506355200000,0.56],[1506441600000,0.57],[1506528000000,0.59],[1506614400000,0.60],[1507392000000,0.69],[1507478400000,0.70],[1507564800000,0.73],[1507651200000,0.74],[1507737600000,0.75],[1507824000000,0.76],[1507996800000,0.78],[1508083200000,0.79],[1508169600000,0.81],[1508256000000,0.82],[1508342400000,0.83],[1508428800000,0.84],[1508601600000,0.86],[1508688000000,0.87],[1508774400000,0.88],[1508860800000,0.88],[1508947200000,0.89],[1509033600000,0.90],[1509206400000,0.92],[1509292800000,0.93],[1509379200000,0.93],[1509465600000,0.94],[1509552000000,0.96],[1509638400000,0.97],[1509811200000,0.99],[1509897600000,1.00],[1509984000000,1.01],[1510070400000,1.02],[1510156800000,1.03],[1510243200000,1.04],[1510416000000,1.05],[1510502400000,1.06],[1510588800000,1.07],[1510675200000,1.08],[1510761600000,1.08],[1510848000000,1.09],[1511020800000,1.11],[1511107200000,1.14],[1511193600000,1.15],[1511280000000,1.16],[1511366400000,1.17],[1511452800000,1.18],[1511625600000,1.20],[1511712000000,1.21],[1511798400000,1.22],[1511884800000,1.23],[1511971200000,1.24],[1512057600000,1.25],[1512230400000,1.27],[1512316800000,1.29],[1512403200000,1.30],[1512489600000,1.31],[1512576000000,1.32],[1512662400000,1.33],[1512835200000,1.35],[1512921600000,1.36],[1513008000000,1.37],[1513094400000,1.38],[1513180800000,1.39],[1513267200000,1.40],[1513440000000,1.42],[1513526400000,1.43],[1513612800000,1.44],[1513699200000,1.45],[1513785600000,1.46],[1513872000000,1.47],[1514044800000,1.50],[1514131200000,1.51],[1514217600000,1.52],[1514304000000,1.53],[1514390400000,1.54],[1514476800000,1.55],[1514649600000,1.58],[1514736000000,1.59],[1514822400000,1.60],[1514908800000,1.61],[1514995200000,1.62],[1515081600000,1.63],[1515254400000,1.65],[1515340800000,1.66],[1515427200000,1.72],[1515513600000,1.73],[1515600000000,1.74],[1515686400000,1.75],[1515859200000,1.77],[1515945600000,1.78],[1516032000000,1.79],[1516118400000,1.80],[1516204800000,1.81],[1516291200000,1.82],[1516464000000,1.84],[1516550400000,1.85],[1516636800000,1.86],[1516723200000,1.87],[1516809600000,1.88],[1516896000000,1.90],[1517068800000,1.92],[1517155200000,1.93],[1517241600000,1.94],[1517328000000,1.95],[1517414400000,1.96],[1517500800000,1.97],[1517673600000,1.99],[1517760000000,2.00],[1517846400000,2.00]]},{"name":"同类平均","data":[[1502035200000,0],[1502121600000,0.01],[1502208000000,0.02],[1502294400000,0.03],[1502380800000,0.04],[1502640000000,0.07],[1502726400000,0.08],[1502812800000,0.09],[1502899200000,0.10],[1502985600000,0.11],[1503244800000,0.14],[1503331200000,0.16],[1503417600000,0.17],[1503504000000,0.18],[1503590400000,0.19],[1503849600000,0.22],[1503936000000,0.23],[1504022400000,0.24],[1504108800000,0.25],[1504195200000,0.26],[1504454400000,0.29],[1504540800000,0.30],[1504627200000,0.31],[1504713600000,0.32],[1504800000000,0.34],[1505059200000,0.37],[1505145600000,0.38],[1505232000000,0.39],[1505318400000,0.40],[1505404800000,0.41],[1505664000000,0.44],[1505750400000,0.45],[1505836800000,0.46],[1505923200000,0.47],[1506009600000,0.48],[1506268800000,0.52],[1506355200000,0.53],[1506441600000,0.54],[1506528000000,0.55],[1506614400000,0.56],[1507478400000,0.67],[1507564800000,0.68],[1507651200000,0.69],[1507737600000,0.71],[1507824000000,0.72],[1508083200000,0.75],[1508169600000,0.76],[1508256000000,0.77],[1508342400000,0.78],[1508428800000,0.79],[1508688000000,0.82],[1508774400000,0.83],[1508860800000,0.84],[1508947200000,0.85],[1509033600000,0.86],[1509292800000,0.90],[1509379200000,0.91],[1509465600000,0.92],[1509552000000,0.93],[1509638400000,0.94],[1509897600000,0.97],[1509984000000,0.98],[1510070400000,0.99],[1510156800000,1.00],[1510243200000,1.01],[1510502400000,1.04],[1510588800000,1.06],[1510675200000,1.07],[1510761600000,1.08],[1510848000000,1.09],[1511107200000,1.12],[1511193600000,1.13],[1511280000000,1.14],[1511366400000,1.15],[1511452800000,1.16],[1511712000000,1.20],[1511798400000,1.21],[1511884800000,1.22],[1511971200000,1.23],[1512057600000,1.24],[1512316800000,1.28],[1512403200000,1.29],[1512489600000,1.30],[1512576000000,1.31],[1512662400000,1.32],[1512921600000,1.35],[1513008000000,1.36],[1513094400000,1.38],[1513180800000,1.39],[1513267200000,1.40],[1513526400000,1.43],[1513612800000,1.44],[1513699200000,1.46],[1513785600000,1.47],[1513872000000,1.48],[1514131200000,1.51],[1514217600000,1.53],[1514304000000,1.54],[1514390400000,1.55],[1514476800000,1.57],[1514822400000,1.62],[1514908800000,1.64],[1514995200000,1.65],[1515081600000,1.66],[1515340800000,1.69],[1515427200000,1.71],[1515513600000,1.72],[1515600000000,1.73],[1515686400000,1.74],[1515945600000,1.77],[1516032000000,1.79],[1516118400000,1.80],[1516204800000,1.81],[1516291200000,1.82],[1516550400000,1.86],[1516636800000,1.87],[1516723200000,1.88],[1516809600000,1.89],[1516896000000,1.90],[1517155200000,1.94],[1517241600000,1.95],[1517328000000,1.96],[1517414400000,1.97],[1517500800000,1.98],[1517760000000,2.02],[1517846400000,2.03]]},{"name":"沪深300","data":[[1502035200000,0],[1502121600000,0.15],[1502208000000,0.11],[1502294400000,-0.29],[1502380800000,-2.13],[1502640000000,-0.86],[1502726400000,-0.56],[1502812800000,-0.68],[1502899200000,-0.15],[1502985600000,-0.06],[1503244800000,0.38],[1503331200000,0.68],[1503417600000,0.79],[1503504000000,0.21],[1503590400000,1.85],[1503849600000,3.11],[1503936000000,2.89],[1504022400000,2.88],[1504108800000,2.56],[1504195200000,2.78],[1504454400000,3.19],[1504540800000,3.50],[1504627200000,3.29],[1504713600000,2.77],[1504800000000,2.66],[1505059200000,2.65],[1505145600000,2.98],[1505232000000,3.11],[1505318400000,2.77],[1505404800000,2.80],[1505664000000,3.12],[1505750400000,2.83],[1505836800000,3.10],[1505923200000,2.98],[1506009600000,2.98],[1506268800000,2.44],[1506355200000,2.52],[1506441600000,2.53],[1506528000000,2.57],[1506614400000,2.94],[1507478400000,4.17],[1507564800000,4.38],[1507651200000,4.72],[1507737600000,5.00],[1507824000000,5.21],[1508083200000,5.01],[1508169600000,5.00],[1508256000000,5.83],[1508342400000,5.49],[1508428800000,5.37],[1508688000000,5.47],[1508774400000,6.24],[1508860800000,6.71],[1508947200000,7.16],[1509033600000,7.92],[1509292800000,7.59],[1509379200000,7.51],[1509465600000,7.24],[1509552000000,7.25],[1509638400000,7.13],[1509897600000,7.89],[1509984000000,8.79],[1510070400000,8.62],[1510156800000,9.37],[1510243200000,10.33],[1510502400000,10.77],[1510588800000,10.00],[1510675200000,9.31],[1510761600000,10.15],[1510848000000,10.57],[1511107200000,11.19],[1511193600000,13.17],[1511280000000,13.44],[1511366400000,10.08],[1511452800000,10.13],[1511712000000,8.67],[1511798400000,8.83],[1511884800000,8.77],[1511971200000,7.49],[1512057600000,7.28],[1512316800000,7.84],[1512403200000,8.41],[1512489600000,7.76],[1512576000000,6.55],[1512662400000,7.42],[1512921600000,9.20],[1513008000000,7.76],[1513094400000,8.67],[1513180800000,8.03],[1513267200000,6.82],[1513526400000,6.94],[1513612800000,8.28],[1513699200000,8.15],[1513785600000,9.15],[1513872000000,8.80],[1514131200000,8.45],[1514217600000,8.77],[1514304000000,7.09],[1514390400000,7.84],[1514476800000,8.16],[1514822400000,9.68],[1514908800000,10.32],[1514995200000,10.79],[1515081600000,11.05],[1515340800000,11.63],[1515427200000,12.41],[1515513600000,12.91],[1515600000000,12.85],[1515686400000,13.37],[1515945600000,13.37],[1516032000000,14.27],[1516118400000,13.99],[1516204800000,14.61],[1516291200000,14.99],[1516550400000,16.36],[1516636800000,17.60],[1516723200000,17.79],[1516809600000,17.13],[1516896000000,17.56],[1517155200000,15.43],[1517241600000,14.20],[1517328000000,14.73],[1517414400000,13.93],[1517500800000,14.61],[1517760000000,14.69],[1517846400000,11.33]]}];
/*同类排名*/
var Data_rateInSimilarType = [{"x":1426089600000,"y":258,"sc":"297"},{"x":1426176000000,"y":259,"sc":"297"},{"x":1426435200000,"y":247,"sc":"299"},{"x":1426521600000,"y":250,"sc":"299"},{"x":1426608000000,"y":251,"sc":"299"},{"x":1426694400000,"y":254,"sc":"304"},{"x":1426780800000,"y":255,"sc":"304"},{"x":1427040000000,"y":257,"sc":"304"},{"x":1427126400000,"y":259,"sc":"304"},{"x":1427212800000,"y":260,"sc":"304"},{"x":1427299200000,"y":262,"sc":"306"},{"x":1427385600000,"y":262,"sc":"306"},{"x":1427644800000,"y":265,"sc":"307"},{"x":1427731200000,"y":265,"sc":"309"},{"x":1427817600000,"y":265,"sc":"307"},{"x":1427904000000,"y":265,"sc":"307"},{"x":1427990400000,"y":265,"sc":"307"},{"x":1428336000000,"y":271,"sc":"307"},{"x":1428422400000,"y":270,"sc":"307"},{"x":1428508800000,"y":272,"sc":"307"},{"x":1428595200000,"y":272,"sc":"307"},{"x":1428854400000,"y":274,"sc":"307"},{"x":1428940800000,"y":275,"sc":"307"},{"x":1429027200000,"y":277,"sc":"307"},{"x":1429113600000,"y":276,"sc":"310"},{"x":1429200000000,"y":272,"sc":"310"},{"x":1429459200000,"y":273,"sc":"311"},{"x":1429545600000,"y":276,"sc":"311"},{"x":1429632000000,"y":278,"sc":"313"},{"x":1429718400000,"y":277,"sc":"315"},{"x":1429804800000,"y":276,"sc":"313"},{"x":1430064000000,"y":277,"sc":"313"},{"x":1430150400000,"y":277,"sc":"314"},{"x":1430236800000,"y":279,"sc":"314"},{"x":1430323200000,"y":279,"sc":"314"},{"x":1430668800000,"y":280,"sc":"315"},{"x":1430755200000,"y":281,"sc":"315"},{"x":1430841600000,"y":252,"sc":"315"},{"x":1430928000000,"y":251,"sc":"315"},{"x":1431014400000,"y":258,"sc":"315"},{"x":1431273600000,"y":258,"sc":"316"},{"x":1431360000000,"y":258,"sc":"316"},{"x":1431446400000,"y":259,"sc":"316"},{"x":1431532800000,"y":259,"sc":"318"},{"x":1431619200000,"y":263,"sc":"316"},{"x":1431878400000,"y":266,"sc":"316"},{"x":1431964800000,"y":266,"sc":"316"},{"x":1432051200000,"y":267,"sc":"316"},{"x":1432137600000,"y":267,"sc":"316"},{"x":1432224000000,"y":265,"sc":"316"},{"x":1432483200000,"y":261,"sc":"316"},{"x":1432569600000,"y":260,"sc":"316"},{"x":1432656000000,"y":263,"sc":"316"},{"x":1432742400000,"y":263,"sc":"316"},{"x":1432828800000,"y":263,"sc":"316"},{"x":1433088000000,"y":265,"sc":"316"},{"x":1433174400000,"y":266,"sc":"317"},{"x":1433260800000,"y":267,"sc":"317"},{"x":1433347200000,"y":269,"sc":"317"},{"x":1433433600000,"y":267,"sc":"317"},{"x":1433692800000,"y":266,"sc":"317"},{"x":1433779200000,"y":266,"sc":"317"},{"x":1433865600000,"y":265,"sc":"317"},{"x":1433952000000,"y":267,"sc":"319"},{"x":1434038400000,"y":262,"sc":"319"},{"x":1434297600000,"y":260,"sc":"319"},{"x":1434384000000,"y":258,"sc":"319"},{"x":1434470400000,"y":257,"sc":"319"},{"x":1434556800000,"y":256,"sc":"319"},{"x":1434643200000,"y":257,"sc":"321"},{"x":1434988800000,"y":259,"sc":"319"},{"x":1435075200000,"y":232,"sc":"320"},{"x":1435161600000,"y":232,"sc":"320"},{"x":1435248000000,"y":230,"sc":"322"},{"x":1435507200000,"y":216,"sc":"321"},{"x":1435593600000,"y":214,"sc":"321"},{"x":1435680000000,"y":215,"sc":"321"},{"x":1435766400000,"y":216,"sc":"321"},{"x":1435852800000,"y":217,"sc":"323"},{"x":1436112000000,"y":218,"sc":"323"},{"x":1436198400000,"y":217,"sc":"323"},{"x":1436284800000,"y":217,"sc":"323"},{"x":1436371200000,"y":216,"sc":"323"},{"x":1436457600000,"y":208,"sc":"323"},{"x":1436716800000,"y":204,"sc":"323"},{"x":1436803200000,"y":200,"sc":"325"},{"x":1436889600000,"y":200,"sc":"323"},{"x":1436976000000,"y":195,"sc":"325"},{"x":1437062400000,"y":201,"sc":"323"},{"x":1437321600000,"y":198,"sc":"323"},{"x":1437408000000,"y":200,"sc":"323"},{"x":1437494400000,"y":201,"sc":"323"},{"x":1437580800000,"y":200,"sc":"323"},{"x":1437667200000,"y":197,"sc":"326"},{"x":1437926400000,"y":198,"sc":"324"},{"x":1438012800000,"y":197,"sc":"324"},{"x":1438099200000,"y":195,"sc":"324"},{"x":1438185600000,"y":198,"sc":"325"},{"x":1438272000000,"y":199,"sc":"325"},{"x":1438531200000,"y":197,"sc":"325"},{"x":1438617600000,"y":196,"sc":"327"},{"x":1438704000000,"y":191,"sc":"325"},{"x":1438790400000,"y":224,"sc":"325"},{"x":1438876800000,"y":223,"sc":"328"},{"x":1439136000000,"y":222,"sc":"328"},{"x":1439222400000,"y":223,"sc":"328"},{"x":1439308800000,"y":225,"sc":"328"},{"x":1439395200000,"y":222,"sc":"328"},{"x":1439481600000,"y":220,"sc":"330"},{"x":1439740800000,"y":214,"sc":"330"},{"x":1439827200000,"y":209,"sc":"331"},{"x":1439913600000,"y":200,"sc":"331"},{"x":1440000000000,"y":197,"sc":"331"},{"x":1440086400000,"y":195,"sc":"331"},{"x":1440345600000,"y":191,"sc":"331"},{"x":1440432000000,"y":191,"sc":"331"},{"x":1440518400000,"y":192,"sc":"332"},{"x":1440604800000,"y":193,"sc":"332"},{"x":1440691200000,"y":195,"sc":"334"},{"x":1440950400000,"y":193,"sc":"332"},{"x":1441036800000,"y":188,"sc":"332"},{"x":1441123200000,"y":182,"sc":"332"},{"x":1441555200000,"y":173,"sc":"332"},{"x":1441641600000,"y":106,"sc":"332"},{"x":1441728000000,"y":99,"sc":"332"},{"x":1441814400000,"y":98,"sc":"331"},{"x":1441900800000,"y":99,"sc":"331"},{"x":1442160000000,"y":102,"sc":"332"},{"x":1442246400000,"y":102,"sc":"332"},{"x":1442332800000,"y":101,"sc":"332"},{"x":1442419200000,"y":102,"sc":"332"},{"x":1442505600000,"y":103,"sc":"332"},{"x":1442764800000,"y":92,"sc":"335"},{"x":1442851200000,"y":98,"sc":"335"},{"x":1442937600000,"y":90,"sc":"335"},{"x":1443024000000,"y":165,"sc":"335"},{"x":1443110400000,"y":160,"sc":"337"},{"x":1443369600000,"y":163,"sc":"342"},{"x":1443456000000,"y":174,"sc":"342"},{"x":1443542400000,"y":172,"sc":"342"},{"x":1444233600000,"y":162,"sc":"344"},{"x":1444320000000,"y":60,"sc":"344"},{"x":1444579200000,"y":81,"sc":"342"},{"x":1444665600000,"y":82,"sc":"340"},{"x":1444752000000,"y":81,"sc":"342"},{"x":1444838400000,"y":77,"sc":"341"},{"x":1444924800000,"y":81,"sc":"343"},{"x":1445184000000,"y":81,"sc":"342"},{"x":1445270400000,"y":83,"sc":"342"},{"x":1445356800000,"y":82,"sc":"344"},{"x":1445443200000,"y":81,"sc":"345"},{"x":1445529600000,"y":29,"sc":"345"},{"x":1445788800000,"y":28,"sc":"345"},{"x":1445875200000,"y":12,"sc":"345"},{"x":1445961600000,"y":12,"sc":"345"},{"x":1446048000000,"y":13,"sc":"345"},{"x":1446134400000,"y":13,"sc":"347"},{"x":1446393600000,"y":14,"sc":"345"},{"x":1446480000000,"y":13,"sc":"345"},{"x":1446566400000,"y":13,"sc":"345"},{"x":1446652800000,"y":13,"sc":"345"},{"x":1446739200000,"y":10,"sc":"345"},{"x":1446998400000,"y":10,"sc":"348"},{"x":1447084800000,"y":10,"sc":"350"},{"x":1447171200000,"y":10,"sc":"348"},{"x":1447257600000,"y":9,"sc":"348"},{"x":1447344000000,"y":10,"sc":"350"},{"x":1447603200000,"y":10,"sc":"350"},{"x":1447689600000,"y":12,"sc":"350"},{"x":1447776000000,"y":11,"sc":"350"},{"x":1447862400000,"y":10,"sc":"352"},{"x":1447948800000,"y":10,"sc":"350"},{"x":1448208000000,"y":11,"sc":"353"},{"x":1448294400000,"y":11,"sc":"353"},{"x":1448380800000,"y":13,"sc":"351"},{"x":1448467200000,"y":13,"sc":"351"},{"x":1448553600000,"y":13,"sc":"353"},{"x":1448812800000,"y":13,"sc":"353"},{"x":1448899200000,"y":14,"sc":"353"},{"x":1448985600000,"y":15,"sc":"351"},{"x":1449072000000,"y":17,"sc":"351"},{"x":1449158400000,"y":17,"sc":"353"},{"x":1449417600000,"y":22,"sc":"353"},{"x":1449504000000,"y":67,"sc":"353"},{"x":1449590400000,"y":63,"sc":"353"},{"x":1449676800000,"y":67,"sc":"353"},{"x":1449763200000,"y":68,"sc":"353"},{"x":1450022400000,"y":72,"sc":"352"},{"x":1450108800000,"y":74,"sc":"352"},{"x":1450195200000,"y":77,"sc":"352"},{"x":1450281600000,"y":61,"sc":"352"},{"x":1450368000000,"y":65,"sc":"351"},{"x":1450627200000,"y":73,"sc":"351"},{"x":1450713600000,"y":76,"sc":"351"},{"x":1450800000000,"y":83,"sc":"351"},{"x":1450886400000,"y":71,"sc":"351"},{"x":1450972800000,"y":79,"sc":"352"},{"x":1451232000000,"y":99,"sc":"354"},{"x":1451318400000,"y":99,"sc":"354"},{"x":1451404800000,"y":106,"sc":"356"},{"x":1451491200000,"y":113,"sc":"356"},{"x":1451836800000,"y":127,"sc":"356"},{"x":1451923200000,"y":107,"sc":"356"},{"x":1452009600000,"y":110,"sc":"356"},{"x":1452096000000,"y":144,"sc":"356"},{"x":1452182400000,"y":146,"sc":"356"},{"x":1452441600000,"y":274,"sc":"356"},{"x":1452528000000,"y":262,"sc":"356"},{"x":1452614400000,"y":264,"sc":"356"},{"x":1452700800000,"y":266,"sc":"356"},{"x":1452787200000,"y":271,"sc":"356"},{"x":1453046400000,"y":278,"sc":"356"},{"x":1453132800000,"y":276,"sc":"356"},{"x":1453219200000,"y":274,"sc":"356"},{"x":1453305600000,"y":166,"sc":"357"},{"x":1453392000000,"y":172,"sc":"358"},{"x":1453651200000,"y":265,"sc":"360"},{"x":1453737600000,"y":266,"sc":"360"},{"x":1453824000000,"y":313,"sc":"360"},{"x":1453910400000,"y":314,"sc":"360"},{"x":1453996800000,"y":314,"sc":"360"},{"x":1454256000000,"y":312,"sc":"360"},{"x":1454342400000,"y":312,"sc":"360"},{"x":1454428800000,"y":312,"sc":"360"},{"x":1454515200000,"y":313,"sc":"365"},{"x":1454601600000,"y":313,"sc":"366"},{"x":1455465600000,"y":326,"sc":"369"},{"x":1455552000000,"y":328,"sc":"369"},{"x":1455638400000,"y":328,"sc":"369"},{"x":1455724800000,"y":328,"sc":"369"},{"x":1455811200000,"y":328,"sc":"369"},{"x":1456070400000,"y":329,"sc":"369"},{"x":1456156800000,"y":330,"sc":"370"},{"x":1456243200000,"y":332,"sc":"373"},{"x":1456329600000,"y":333,"sc":"373"},{"x":1456416000000,"y":336,"sc":"375"},{"x":1456675200000,"y":336,"sc":"375"},{"x":1456761600000,"y":337,"sc":"376"},{"x":1456848000000,"y":295,"sc":"376"},{"x":1456934400000,"y":295,"sc":"376"},{"x":1457020800000,"y":290,"sc":"376"},{"x":1457280000000,"y":280,"sc":"376"},{"x":1457366400000,"y":275,"sc":"380"},{"x":1457452800000,"y":277,"sc":"380"},{"x":1457539200000,"y":276,"sc":"380"},{"x":1457625600000,"y":278,"sc":"381"},{"x":1457884800000,"y":271,"sc":"381"},{"x":1457971200000,"y":268,"sc":"380"},{"x":1458057600000,"y":263,"sc":"382"},{"x":1458144000000,"y":293,"sc":"383"},{"x":1458230400000,"y":270,"sc":"383"},{"x":1458489600000,"y":267,"sc":"383"},{"x":1458576000000,"y":270,"sc":"385"},{"x":1458662400000,"y":263,"sc":"385"},{"x":1458748800000,"y":285,"sc":"385"},{"x":1458835200000,"y":274,"sc":"391"},{"x":1459094400000,"y":260,"sc":"391"},{"x":1459180800000,"y":253,"sc":"391"},{"x":1459267200000,"y":251,"sc":"391"},{"x":1459353600000,"y":241,"sc":"392"},{"x":1459440000000,"y":244,"sc":"392"},{"x":1459785600000,"y":256,"sc":"392"},{"x":1459872000000,"y":257,"sc":"392"},{"x":1459958400000,"y":252,"sc":"392"},{"x":1460044800000,"y":239,"sc":"392"},{"x":1460304000000,"y":226,"sc":"394"},{"x":1460390400000,"y":195,"sc":"394"},{"x":1460476800000,"y":178,"sc":"394"},{"x":1460563200000,"y":172,"sc":"394"},{"x":1460649600000,"y":87,"sc":"394"},{"x":1460908800000,"y":62,"sc":"394"},{"x":1460995200000,"y":75,"sc":"394"},{"x":1461081600000,"y":68,"sc":"394"},{"x":1461168000000,"y":231,"sc":"394"},{"x":1461254400000,"y":231,"sc":"394"},{"x":1461513600000,"y":157,"sc":"394"},{"x":1461600000000,"y":155,"sc":"394"},{"x":1461686400000,"y":160,"sc":"394"},{"x":1461772800000,"y":159,"sc":"394"},{"x":1461859200000,"y":141,"sc":"394"},{"x":1462204800000,"y":130,"sc":"394"},{"x":1462291200000,"y":128,"sc":"394"},{"x":1462377600000,"y":110,"sc":"400"},{"x":1462464000000,"y":110,"sc":"400"},{"x":1462723200000,"y":106,"sc":"400"},{"x":1462809600000,"y":115,"sc":"400"},{"x":1462896000000,"y":121,"sc":"400"},{"x":1462982400000,"y":124,"sc":"400"},{"x":1463068800000,"y":115,"sc":"400"},{"x":1463328000000,"y":111,"sc":"400"},{"x":1463414400000,"y":111,"sc":"400"},{"x":1463500800000,"y":111,"sc":"400"},{"x":1463587200000,"y":111,"sc":"400"},{"x":1463673600000,"y":113,"sc":"400"},{"x":1463932800000,"y":110,"sc":"400"},{"x":1464019200000,"y":90,"sc":"400"},{"x":1464105600000,"y":89,"sc":"400"},{"x":1464192000000,"y":89,"sc":"400"},{"x":1464278400000,"y":83,"sc":"400"},{"x":1464537600000,"y":87,"sc":"400"},{"x":1464624000000,"y":88,"sc":"400"},{"x":1464710400000,"y":86,"sc":"400"},{"x":1464796800000,"y":213,"sc":"400"},{"x":1464883200000,"y":213,"sc":"400"},{"x":1465142400000,"y":157,"sc":"402"},{"x":1465228800000,"y":129,"sc":"402"},{"x":1465315200000,"y":136,"sc":"402"},{"x":1465747200000,"y":142,"sc":"402"},{"x":1465833600000,"y":138,"sc":"402"},{"x":1465920000000,"y":138,"sc":"403"},{"x":1466006400000,"y":141,"sc":"403"},{"x":1466092800000,"y":139,"sc":"403"},{"x":1466352000000,"y":160,"sc":"403"},{"x":1466438400000,"y":159,"sc":"404"},{"x":1466524800000,"y":148,"sc":"404"},{"x":1466611200000,"y":156,"sc":"404"},{"x":1466697600000,"y":157,"sc":"404"},{"x":1466956800000,"y":162,"sc":"404"},{"x":1467043200000,"y":160,"sc":"404"},{"x":1467129600000,"y":160,"sc":"404"},{"x":1467216000000,"y":148,"sc":"404"},{"x":1467302400000,"y":149,"sc":"404"},{"x":1467561600000,"y":159,"sc":"404"},{"x":1467648000000,"y":51,"sc":"404"},{"x":1467734400000,"y":49,"sc":"404"},{"x":1467820800000,"y":51,"sc":"404"},{"x":1467907200000,"y":57,"sc":"404"},{"x":1468166400000,"y":46,"sc":"404"},{"x":1468252800000,"y":77,"sc":"404"},{"x":1468339200000,"y":81,"sc":"404"},{"x":1468425600000,"y":83,"sc":"404"},{"x":1468512000000,"y":201,"sc":"404"},{"x":1468771200000,"y":216,"sc":"404"},{"x":1468857600000,"y":216,"sc":"404"},{"x":1468944000000,"y":219,"sc":"405"},{"x":1469030400000,"y":232,"sc":"405"},{"x":1469116800000,"y":229,"sc":"405"},{"x":1469376000000,"y":314,"sc":"405"},{"x":1469462400000,"y":312,"sc":"405"},{"x":1469548800000,"y":314,"sc":"405"},{"x":1469635200000,"y":316,"sc":"407"},{"x":1469721600000,"y":327,"sc":"407"},{"x":1469980800000,"y":332,"sc":"407"},{"x":1470067200000,"y":341,"sc":"407"},{"x":1470153600000,"y":344,"sc":"407"},{"x":1470240000000,"y":330,"sc":"409"},{"x":1470326400000,"y":327,"sc":"409"},{"x":1470585600000,"y":330,"sc":"412"},{"x":1470672000000,"y":329,"sc":"413"},{"x":1470758400000,"y":331,"sc":"413"},{"x":1470844800000,"y":266,"sc":"413"},{"x":1470931200000,"y":267,"sc":"413"},{"x":1471190400000,"y":290,"sc":"413"},{"x":1471276800000,"y":286,"sc":"413"},{"x":1471363200000,"y":286,"sc":"414"},{"x":1471449600000,"y":288,"sc":"415"},{"x":1471536000000,"y":289,"sc":"415"},{"x":1471795200000,"y":300,"sc":"416"},{"x":1471881600000,"y":306,"sc":"416"},{"x":1471968000000,"y":322,"sc":"416"},{"x":1472054400000,"y":323,"sc":"416"},{"x":1472140800000,"y":310,"sc":"416"},{"x":1472400000000,"y":289,"sc":"416"},{"x":1472486400000,"y":292,"sc":"416"},{"x":1472572800000,"y":290,"sc":"416"},{"x":1472659200000,"y":292,"sc":"416"},{"x":1472745600000,"y":296,"sc":"417"},{"x":1473004800000,"y":212,"sc":"421"},{"x":1473091200000,"y":247,"sc":"421"},{"x":1473177600000,"y":255,"sc":"421"},{"x":1473264000000,"y":226,"sc":"423"},{"x":1473350400000,"y":191,"sc":"424"},{"x":1473609600000,"y":104,"sc":"424"},{"x":1473696000000,"y":103,"sc":"424"},{"x":1473782400000,"y":106,"sc":"424"},{"x":1474214400000,"y":112,"sc":"424"},{"x":1474300800000,"y":110,"sc":"424"},{"x":1474387200000,"y":116,"sc":"424"},{"x":1474473600000,"y":117,"sc":"427"},{"x":1474560000000,"y":118,"sc":"427"},{"x":1474819200000,"y":51,"sc":"430"},{"x":1474905600000,"y":45,"sc":"430"},{"x":1474992000000,"y":45,"sc":"430"},{"x":1475078400000,"y":44,"sc":"432"},{"x":1475164800000,"y":42,"sc":"432"},{"x":1476028800000,"y":82,"sc":"434"},{"x":1476115200000,"y":94,"sc":"434"},{"x":1476201600000,"y":93,"sc":"435"},{"x":1476288000000,"y":93,"sc":"437"},{"x":1476374400000,"y":74,"sc":"435"},{"x":1476633600000,"y":83,"sc":"436"},{"x":1476720000000,"y":87,"sc":"438"},{"x":1476806400000,"y":87,"sc":"437"},{"x":1476892800000,"y":89,"sc":"437"},{"x":1476979200000,"y":92,"sc":"437"},{"x":1477238400000,"y":58,"sc":"440"},{"x":1477324800000,"y":56,"sc":"440"},{"x":1477411200000,"y":55,"sc":"441"},{"x":1477497600000,"y":24,"sc":"441"},{"x":1477584000000,"y":25,"sc":"445"},{"x":1477843200000,"y":22,"sc":"447"},{"x":1477929600000,"y":20,"sc":"447"},{"x":1478016000000,"y":18,"sc":"447"},{"x":1478102400000,"y":16,"sc":"447"},{"x":1478188800000,"y":25,"sc":"448"},{"x":1478448000000,"y":12,"sc":"450"},{"x":1478534400000,"y":12,"sc":"450"},{"x":1478620800000,"y":14,"sc":"450"},{"x":1478707200000,"y":14,"sc":"450"},{"x":1478793600000,"y":21,"sc":"450"},{"x":1479052800000,"y":8,"sc":"450"},{"x":1479139200000,"y":7,"sc":"450"},{"x":1479225600000,"y":7,"sc":"450"},{"x":1479312000000,"y":5,"sc":"450"},{"x":1479398400000,"y":5,"sc":"450"},{"x":1479657600000,"y":5,"sc":"451"},{"x":1479744000000,"y":5,"sc":"451"},{"x":1479830400000,"y":6,"sc":"451"},{"x":1479916800000,"y":6,"sc":"451"},{"x":1480003200000,"y":5,"sc":"451"},{"x":1480262400000,"y":6,"sc":"451"},{"x":1480348800000,"y":7,"sc":"452"},{"x":1480435200000,"y":8,"sc":"452"},{"x":1480521600000,"y":8,"sc":"452"},{"x":1480608000000,"y":8,"sc":"455"},{"x":1480867200000,"y":12,"sc":"455"},{"x":1480953600000,"y":19,"sc":"455"},{"x":1481040000000,"y":19,"sc":"455"},{"x":1481126400000,"y":7,"sc":"455"},{"x":1481212800000,"y":5,"sc":"456"},{"x":1481472000000,"y":8,"sc":"457"},{"x":1481558400000,"y":8,"sc":"458"},{"x":1481644800000,"y":6,"sc":"458"},{"x":1481731200000,"y":6,"sc":"458"},{"x":1481817600000,"y":8,"sc":"458"},{"x":1482076800000,"y":5,"sc":"458"},{"x":1482163200000,"y":5,"sc":"458"},{"x":1482249600000,"y":5,"sc":"458"},{"x":1482336000000,"y":5,"sc":"459"},{"x":1482422400000,"y":4,"sc":"463"},{"x":1482681600000,"y":6,"sc":"464"},{"x":1482768000000,"y":5,"sc":"464"},{"x":1482854400000,"y":4,"sc":"466"},{"x":1482940800000,"y":5,"sc":"466"},{"x":1483027200000,"y":5,"sc":"469"},{"x":1483372800000,"y":5,"sc":"469"},{"x":1483459200000,"y":5,"sc":"468"},{"x":1483545600000,"y":6,"sc":"469"},{"x":1483632000000,"y":9,"sc":"469"},{"x":1483891200000,"y":12,"sc":"469"},{"x":1483977600000,"y":12,"sc":"469"},{"x":1484064000000,"y":12,"sc":"469"},{"x":1484150400000,"y":5,"sc":"469"},{"x":1484236800000,"y":5,"sc":"469"},{"x":1484496000000,"y":5,"sc":"472"},{"x":1484582400000,"y":5,"sc":"474"},{"x":1484668800000,"y":5,"sc":"476"},{"x":1484755200000,"y":4,"sc":"476"},{"x":1484841600000,"y":4,"sc":"476"},{"x":1485100800000,"y":3,"sc":"481"},{"x":1485187200000,"y":7,"sc":"482"},{"x":1485273600000,"y":8,"sc":"484"},{"x":1485360000000,"y":9,"sc":"485"},{"x":1486051200000,"y":11,"sc":"489"},{"x":1486310400000,"y":11,"sc":"491"},{"x":1486396800000,"y":25,"sc":"491"},{"x":1486483200000,"y":25,"sc":"491"},{"x":1486569600000,"y":27,"sc":"491"},{"x":1486656000000,"y":27,"sc":"494"},{"x":1486915200000,"y":34,"sc":"496"},{"x":1487001600000,"y":69,"sc":"496"},{"x":1487088000000,"y":68,"sc":"496"},{"x":1487174400000,"y":67,"sc":"496"},{"x":1487260800000,"y":67,"sc":"496"},{"x":1487520000000,"y":68,"sc":"496"},{"x":1487606400000,"y":68,"sc":"496"},{"x":1487692800000,"y":69,"sc":"496"},{"x":1487779200000,"y":71,"sc":"498"},{"x":1487865600000,"y":71,"sc":"500"},{"x":1488124800000,"y":73,"sc":"503"},{"x":1488211200000,"y":70,"sc":"503"},{"x":1488297600000,"y":71,"sc":"503"},{"x":1488384000000,"y":70,"sc":"511"},{"x":1488470400000,"y":71,"sc":"511"},{"x":1488729600000,"y":82,"sc":"513"},{"x":1488816000000,"y":84,"sc":"515"},{"x":1488902400000,"y":152,"sc":"516"},{"x":1488988800000,"y":172,"sc":"518"},{"x":1489075200000,"y":168,"sc":"518"},{"x":1489334400000,"y":155,"sc":"518"},{"x":1489420800000,"y":157,"sc":"518"},{"x":1489507200000,"y":166,"sc":"518"},{"x":1489593600000,"y":170,"sc":"520"},{"x":1489680000000,"y":174,"sc":"520"},{"x":1489939200000,"y":202,"sc":"522"},{"x":1490025600000,"y":199,"sc":"522"},{"x":1490112000000,"y":191,"sc":"524"},{"x":1490198400000,"y":200,"sc":"530"},{"x":1490284800000,"y":194,"sc":"530"},{"x":1490544000000,"y":219,"sc":"534"},{"x":1490630400000,"y":219,"sc":"535"},{"x":1490716800000,"y":219,"sc":"535"},{"x":1490803200000,"y":221,"sc":"538"},{"x":1490889600000,"y":226,"sc":"538"},{"x":1491321600000,"y":182,"sc":"538"},{"x":1491408000000,"y":178,"sc":"540"},{"x":1491494400000,"y":175,"sc":"540"},{"x":1491753600000,"y":169,"sc":"540"},{"x":1491840000000,"y":178,"sc":"540"},{"x":1491926400000,"y":213,"sc":"540"},{"x":1492012800000,"y":176,"sc":"541"},{"x":1492099200000,"y":176,"sc":"541"},{"x":1492358400000,"y":179,"sc":"543"},{"x":1492444800000,"y":181,"sc":"543"},{"x":1492531200000,"y":186,"sc":"543"},{"x":1492617600000,"y":193,"sc":"545"},{"x":1492704000000,"y":188,"sc":"545"},{"x":1492963200000,"y":231,"sc":"545"},{"x":1493049600000,"y":230,"sc":"547"},{"x":1493136000000,"y":232,"sc":"549"},{"x":1493222400000,"y":226,"sc":"549"},{"x":1493308800000,"y":213,"sc":"549"},{"x":1493654400000,"y":225,"sc":"549"},{"x":1493740800000,"y":223,"sc":"550"},{"x":1493827200000,"y":216,"sc":"550"},{"x":1493913600000,"y":224,"sc":"550"},{"x":1494172800000,"y":228,"sc":"550"},{"x":1494259200000,"y":227,"sc":"550"},{"x":1494345600000,"y":228,"sc":"550"},{"x":1494432000000,"y":224,"sc":"550"},{"x":1494518400000,"y":231,"sc":"550"},{"x":1494777600000,"y":230,"sc":"554"},{"x":1494864000000,"y":229,"sc":"556"},{"x":1494950400000,"y":236,"sc":"560"},{"x":1495036800000,"y":251,"sc":"560"},{"x":1495123200000,"y":258,"sc":"560"},{"x":1495382400000,"y":253,"sc":"560"},{"x":1495468800000,"y":254,"sc":"562"},{"x":1495555200000,"y":250,"sc":"564"},{"x":1495641600000,"y":244,"sc":"564"},{"x":1495728000000,"y":245,"sc":"564"},{"x":1496160000000,"y":244,"sc":"564"},{"x":1496246400000,"y":238,"sc":"564"},{"x":1496332800000,"y":238,"sc":"564"},{"x":1496592000000,"y":233,"sc":"566"},{"x":1496678400000,"y":239,"sc":"566"},{"x":1496764800000,"y":238,"sc":"566"},{"x":1496851200000,"y":267,"sc":"566"},{"x":1496937600000,"y":270,"sc":"566"},{"x":1497196800000,"y":276,"sc":"574"},{"x":1497283200000,"y":322,"sc":"574"},{"x":1497369600000,"y":325,"sc":"575"},{"x":1497456000000,"y":325,"sc":"575"},{"x":1497542400000,"y":325,"sc":"575"},{"x":1497801600000,"y":323,"sc":"577"},{"x":1497888000000,"y":286,"sc":"577"},{"x":1497974400000,"y":284,"sc":"575"},{"x":1498060800000,"y":301,"sc":"575"},{"x":1498147200000,"y":310,"sc":"576"},{"x":1498406400000,"y":327,"sc":"579"},{"x":1498492800000,"y":330,"sc":"579"},{"x":1498579200000,"y":333,"sc":"579"},{"x":1498665600000,"y":340,"sc":"579"},{"x":1498752000000,"y":314,"sc":"582"},{"x":1499011200000,"y":288,"sc":"582"},{"x":1499097600000,"y":320,"sc":"582"},{"x":1499184000000,"y":368,"sc":"583"},{"x":1499270400000,"y":305,"sc":"583"},{"x":1499356800000,"y":306,"sc":"583"},{"x":1499616000000,"y":314,"sc":"583"},{"x":1499702400000,"y":316,"sc":"583"},{"x":1499788800000,"y":318,"sc":"583"},{"x":1499875200000,"y":356,"sc":"583"},{"x":1499961600000,"y":361,"sc":"586"},{"x":1500220800000,"y":387,"sc":"586"},{"x":1500307200000,"y":380,"sc":"586"},{"x":1500393600000,"y":378,"sc":"589"},{"x":1500480000000,"y":379,"sc":"589"},{"x":1500566400000,"y":380,"sc":"593"},{"x":1500825600000,"y":375,"sc":"593"},{"x":1500912000000,"y":378,"sc":"593"},{"x":1500998400000,"y":380,"sc":"594"},{"x":1501084800000,"y":383,"sc":"594"},{"x":1501171200000,"y":390,"sc":"594"},{"x":1501430400000,"y":385,"sc":"594"},{"x":1501516800000,"y":383,"sc":"594"},{"x":1501603200000,"y":384,"sc":"594"},{"x":1501689600000,"y":387,"sc":"594"},{"x":1501776000000,"y":385,"sc":"594"},{"x":1502035200000,"y":393,"sc":"596"},{"x":1502121600000,"y":396,"sc":"596"},{"x":1502208000000,"y":394,"sc":"596"},{"x":1502294400000,"y":389,"sc":"596"},{"x":1502380800000,"y":390,"sc":"596"},{"x":1502640000000,"y":399,"sc":"596"},{"x":1502726400000,"y":386,"sc":"596"},{"x":1502812800000,"y":374,"sc":"596"},{"x":1502899200000,"y":370,"sc":"596"},{"x":1502985600000,"y":355,"sc":"596"},{"x":1503244800000,"y":356,"sc":"597"},{"x":1503331200000,"y":358,"sc":"597"},{"x":1503417600000,"y":358,"sc":"597"},{"x":1503504000000,"y":363,"sc":"596"},{"x":1503590400000,"y":366,"sc":"596"},{"x":1503849600000,"y":368,"sc":"600"},{"x":1503936000000,"y":358,"sc":"600"},{"x":1504022400000,"y":386,"sc":"600"},{"x":1504108800000,"y":389,"sc":"601"},{"x":1504195200000,"y":393,"sc":"601"},{"x":1504454400000,"y":402,"sc":"601"},{"x":1504540800000,"y":403,"sc":"601"},{"x":1504627200000,"y":404,"sc":"601"},{"x":1504713600000,"y":413,"sc":"601"},{"x":1504800000000,"y":423,"sc":"601"},{"x":1505059200000,"y":351,"sc":"603"},{"x":1505145600000,"y":278,"sc":"603"},{"x":1505232000000,"y":267,"sc":"603"},{"x":1505318400000,"y":259,"sc":"605"},{"x":1505404800000,"y":265,"sc":"605"},{"x":1505664000000,"y":273,"sc":"606"},{"x":1505750400000,"y":279,"sc":"606"},{"x":1505836800000,"y":320,"sc":"603"},{"x":1505923200000,"y":324,"sc":"603"},{"x":1506009600000,"y":325,"sc":"603"},{"x":1506268800000,"y":266,"sc":"603"},{"x":1506355200000,"y":248,"sc":"603"},{"x":1506441600000,"y":246,"sc":"604"},{"x":1506528000000,"y":242,"sc":"604"},{"x":1506614400000,"y":241,"sc":"606"},{"x":1507478400000,"y":392,"sc":"606"},{"x":1507564800000,"y":331,"sc":"607"},{"x":1507651200000,"y":327,"sc":"607"},{"x":1507737600000,"y":327,"sc":"611"},{"x":1507824000000,"y":323,"sc":"611"},{"x":1508083200000,"y":312,"sc":"612"},{"x":1508169600000,"y":256,"sc":"612"},{"x":1508256000000,"y":270,"sc":"611"},{"x":1508342400000,"y":268,"sc":"611"},{"x":1508428800000,"y":267,"sc":"611"},{"x":1508688000000,"y":269,"sc":"606"},{"x":1508774400000,"y":275,"sc":"606"},{"x":1508860800000,"y":286,"sc":"607"},{"x":1508947200000,"y":298,"sc":"607"},{"x":1509033600000,"y":306,"sc":"607"},{"x":1509292800000,"y":320,"sc":"609"},{"x":1509379200000,"y":325,"sc":"610"},{"x":1509465600000,"y":359,"sc":"610"},{"x":1509552000000,"y":308,"sc":"613"},{"x":1509638400000,"y":309,"sc":"617"},{"x":1509897600000,"y":320,"sc":"621"},{"x":1509984000000,"y":320,"sc":"621"},{"x":1510070400000,"y":324,"sc":"621"},{"x":1510156800000,"y":330,"sc":"623"},{"x":1510243200000,"y":344,"sc":"623"},{"x":1510502400000,"y":350,"sc":"633"},{"x":1510588800000,"y":351,"sc":"635"},{"x":1510675200000,"y":379,"sc":"635"},{"x":1510761600000,"y":401,"sc":"635"},{"x":1510848000000,"y":404,"sc":"636"},{"x":1511107200000,"y":324,"sc":"636"},{"x":1511193600000,"y":322,"sc":"636"},{"x":1511280000000,"y":320,"sc":"636"},{"x":1511366400000,"y":319,"sc":"636"},{"x":1511452800000,"y":317,"sc":"637"},{"x":1511712000000,"y":311,"sc":"640"},{"x":1511798400000,"y":309,"sc":"640"},{"x":1511884800000,"y":302,"sc":"640"},{"x":1511971200000,"y":293,"sc":"641"},{"x":1512057600000,"y":285,"sc":"643"},{"x":1512316800000,"y":268,"sc":"643"},{"x":1512403200000,"y":259,"sc":"643"},{"x":1512489600000,"y":257,"sc":"643"},{"x":1512576000000,"y":253,"sc":"644"},{"x":1512662400000,"y":251,"sc":"652"},{"x":1512921600000,"y":350,"sc":"652"},{"x":1513008000000,"y":439,"sc":"653"},{"x":1513094400000,"y":456,"sc":"653"},{"x":1513180800000,"y":471,"sc":"654"},{"x":1513267200000,"y":471,"sc":"656"},{"x":1513526400000,"y":471,"sc":"656"},{"x":1513612800000,"y":465,"sc":"656"},{"x":1513699200000,"y":460,"sc":"656"},{"x":1513785600000,"y":454,"sc":"655"},{"x":1513872000000,"y":458,"sc":"655"},{"x":1514131200000,"y":516,"sc":"655"},{"x":1514217600000,"y":525,"sc":"655"},{"x":1514304000000,"y":522,"sc":"654"},{"x":1514390400000,"y":524,"sc":"655"},{"x":1514476800000,"y":524,"sc":"655"},{"x":1514822400000,"y":528,"sc":"655"},{"x":1514908800000,"y":520,"sc":"655"},{"x":1514995200000,"y":502,"sc":"655"},{"x":1515081600000,"y":496,"sc":"655"},{"x":1515340800000,"y":555,"sc":"655"},{"x":1515427200000,"y":424,"sc":"655"},{"x":1515513600000,"y":487,"sc":"656"},{"x":1515600000000,"y":487,"sc":"657"},{"x":1515686400000,"y":488,"sc":"657"},{"x":1515945600000,"y":494,"sc":"657"},{"x":1516032000000,"y":494,"sc":"657"},{"x":1516118400000,"y":530,"sc":"657"},{"x":1516204800000,"y":530,"sc":"657"},{"x":1516291200000,"y":531,"sc":"657"},{"x":1516550400000,"y":527,"sc":"657"},{"x":1516636800000,"y":521,"sc":"657"},{"x":1516723200000,"y":520,"sc":"657"},{"x":1516809600000,"y":521,"sc":"657"},{"x":1516896000000,"y":497,"sc":"655"},{"x":1517155200000,"y":499,"sc":"656"},{"x":1517241600000,"y":496,"sc":"656"},{"x":1517328000000,"y":494,"sc":"656"},{"x":1517414400000,"y":493,"sc":"656"},{"x":1517500800000,"y":525,"sc":"656"},{"x":1517760000000,"y":524,"sc":"656"},{"x":1517846400000,"y":528,"sc":"656"}];
/*百分比排名*/
var Data_rateInSimilarPersent = [[1426089600000,13.1300],[1426176000000,12.7900],[1426435200000,17.3900],[1426521600000,16.3900],[1426608000000,16.0500],[1426694400000,16.4500],[1426780800000,16.1200],[1427040000000,15.4600],[1427126400000,14.8000],[1427212800000,14.4700],[1427299200000,14.3800],[1427385600000,14.3800],[1427644800000,13.6800],[1427731200000,14.2400],[1427817600000,13.6800],[1427904000000,13.6800],[1427990400000,13.6800],[1428336000000,11.7300],[1428422400000,12.0500],[1428508800000,11.4000],[1428595200000,11.4000],[1428854400000,10.7500],[1428940800000,10.4200],[1429027200000,9.7700],[1429113600000,10.9700],[1429200000000,12.2600],[1429459200000,12.2200],[1429545600000,11.2500],[1429632000000,11.1800],[1429718400000,12.0600],[1429804800000,11.8200],[1430064000000,11.5000],[1430150400000,11.7800],[1430236800000,11.1500],[1430323200000,11.1500],[1430668800000,11.1100],[1430755200000,10.7900],[1430841600000,20.00],[1430928000000,20.3200],[1431014400000,18.1000],[1431273600000,18.3500],[1431360000000,18.3500],[1431446400000,18.0400],[1431532800000,18.5500],[1431619200000,16.7700],[1431878400000,15.8200],[1431964800000,15.8200],[1432051200000,15.5100],[1432137600000,15.5100],[1432224000000,16.1400],[1432483200000,17.4100],[1432569600000,17.7200],[1432656000000,16.7700],[1432742400000,16.7700],[1432828800000,16.7700],[1433088000000,16.1400],[1433174400000,16.0900],[1433260800000,15.7700],[1433347200000,15.1400],[1433433600000,15.7700],[1433692800000,16.0900],[1433779200000,16.0900],[1433865600000,16.4000],[1433952000000,16.3000],[1434038400000,17.8700],[1434297600000,18.5000],[1434384000000,19.1200],[1434470400000,19.4400],[1434556800000,19.7500],[1434643200000,19.9400],[1434988800000,18.8100],[1435075200000,27.5000],[1435161600000,27.5000],[1435248000000,28.5700],[1435507200000,32.7100],[1435593600000,33.3300],[1435680000000,33.0200],[1435766400000,32.7100],[1435852800000,32.8200],[1436112000000,32.5100],[1436198400000,32.8200],[1436284800000,32.8200],[1436371200000,33.1300],[1436457600000,35.6000],[1436716800000,36.8400],[1436803200000,38.4600],[1436889600000,38.0800],[1436976000000,40.00],[1437062400000,37.7700],[1437321600000,38.7000],[1437408000000,38.0800],[1437494400000,37.7700],[1437580800000,38.0800],[1437667200000,39.5700],[1437926400000,38.8900],[1438012800000,39.2000],[1438099200000,39.8100],[1438185600000,39.0800],[1438272000000,38.7700],[1438531200000,39.3800],[1438617600000,40.0600],[1438704000000,41.2300],[1438790400000,31.0800],[1438876800000,32.0100],[1439136000000,32.3200],[1439222400000,32.0100],[1439308800000,31.4000],[1439395200000,32.3200],[1439481600000,33.3300],[1439740800000,35.1500],[1439827200000,36.8600],[1439913600000,39.5800],[1440000000000,40.4800],[1440086400000,41.0900],[1440345600000,42.3000],[1440432000000,42.3000],[1440518400000,42.1700],[1440604800000,41.8700],[1440691200000,41.6200],[1440950400000,41.8700],[1441036800000,43.3700],[1441123200000,45.1800],[1441555200000,47.8900],[1441641600000,68.0700],[1441728000000,70.1800],[1441814400000,70.3900],[1441900800000,70.0900],[1442160000000,69.2800],[1442246400000,69.2800],[1442332800000,69.5800],[1442419200000,69.2800],[1442505600000,68.9800],[1442764800000,72.5400],[1442851200000,70.7500],[1442937600000,73.1300],[1443024000000,50.7500],[1443110400000,52.5200],[1443369600000,52.3400],[1443456000000,49.1200],[1443542400000,49.7100],[1444233600000,52.9100],[1444320000000,82.5600],[1444579200000,76.3200],[1444665600000,75.8800],[1444752000000,76.3200],[1444838400000,77.4200],[1444924800000,76.3800],[1445184000000,76.3200],[1445270400000,75.7300],[1445356800000,76.1600],[1445443200000,76.5200],[1445529600000,91.5900],[1445788800000,91.8800],[1445875200000,96.5200],[1445961600000,96.5200],[1446048000000,96.2300],[1446134400000,96.2500],[1446393600000,95.9400],[1446480000000,96.2300],[1446566400000,96.2300],[1446652800000,96.2300],[1446739200000,97.1000],[1446998400000,97.1300],[1447084800000,97.1400],[1447171200000,97.1300],[1447257600000,97.4100],[1447344000000,97.1400],[1447603200000,97.1400],[1447689600000,96.5700],[1447776000000,96.8600],[1447862400000,97.1600],[1447948800000,97.1400],[1448208000000,96.8800],[1448294400000,96.8800],[1448380800000,96.3000],[1448467200000,96.3000],[1448553600000,96.3200],[1448812800000,96.3200],[1448899200000,96.0300],[1448985600000,95.7300],[1449072000000,95.1600],[1449158400000,95.1800],[1449417600000,93.7700],[1449504000000,81.0200],[1449590400000,82.1500],[1449676800000,81.0200],[1449763200000,80.7400],[1450022400000,79.5500],[1450108800000,78.9800],[1450195200000,78.1200],[1450281600000,82.6700],[1450368000000,81.4800],[1450627200000,79.2000],[1450713600000,78.3500],[1450800000000,76.3500],[1450886400000,79.7700],[1450972800000,77.5600],[1451232000000,72.0300],[1451318400000,72.0300],[1451404800000,70.2200],[1451491200000,68.2600],[1451836800000,64.3300],[1451923200000,69.9400],[1452009600000,69.1000],[1452096000000,59.5500],[1452182400000,58.9900],[1452441600000,23.0300],[1452528000000,26.4000],[1452614400000,25.8400],[1452700800000,25.2800],[1452787200000,23.8800],[1453046400000,21.9100],[1453132800000,22.4700],[1453219200000,23.0300],[1453305600000,53.5000],[1453392000000,51.9600],[1453651200000,26.3900],[1453737600000,26.1100],[1453824000000,13.0600],[1453910400000,12.7800],[1453996800000,12.7800],[1454256000000,13.3300],[1454342400000,13.3300],[1454428800000,13.3300],[1454515200000,14.2500],[1454601600000,14.4800],[1455465600000,11.6500],[1455552000000,11.1100],[1455638400000,11.1100],[1455724800000,11.1100],[1455811200000,11.1100],[1456070400000,10.8400],[1456156800000,10.8100],[1456243200000,10.9900],[1456329600000,10.7200],[1456416000000,10.4000],[1456675200000,10.4000],[1456761600000,10.3700],[1456848000000,21.5400],[1456934400000,21.5400],[1457020800000,22.8700],[1457280000000,25.5300],[1457366400000,27.6300],[1457452800000,27.1100],[1457539200000,27.3700],[1457625600000,27.0300],[1457884800000,28.8700],[1457971200000,29.4700],[1458057600000,31.1500],[1458144000000,23.5000],[1458230400000,29.5000],[1458489600000,30.2900],[1458576000000,29.8700],[1458662400000,31.6900],[1458748800000,25.9700],[1458835200000,29.9200],[1459094400000,33.5000],[1459180800000,35.2900],[1459267200000,35.8100],[1459353600000,38.5200],[1459440000000,37.7600],[1459785600000,34.6900],[1459872000000,34.4400],[1459958400000,35.7100],[1460044800000,39.0300],[1460304000000,42.6400],[1460390400000,50.5100],[1460476800000,54.8200],[1460563200000,56.3500],[1460649600000,77.9200],[1460908800000,84.2600],[1460995200000,80.9600],[1461081600000,82.7400],[1461168000000,41.3700],[1461254400000,41.3700],[1461513600000,60.1500],[1461600000000,60.6600],[1461686400000,59.3900],[1461772800000,59.6400],[1461859200000,64.2100],[1462204800000,67.0100],[1462291200000,67.5100],[1462377600000,72.5000],[1462464000000,72.5000],[1462723200000,73.5000],[1462809600000,71.2500],[1462896000000,69.7500],[1462982400000,69.00],[1463068800000,71.2500],[1463328000000,72.2500],[1463414400000,72.2500],[1463500800000,72.2500],[1463587200000,72.2500],[1463673600000,71.7500],[1463932800000,72.5000],[1464019200000,77.5000],[1464105600000,77.7500],[1464192000000,77.7500],[1464278400000,79.2500],[1464537600000,78.2500],[1464624000000,78.00],[1464710400000,78.5000],[1464796800000,46.7500],[1464883200000,46.7500],[1465142400000,60.9500],[1465228800000,67.9100],[1465315200000,66.1700],[1465747200000,64.6800],[1465833600000,65.6700],[1465920000000,65.7600],[1466006400000,65.0100],[1466092800000,65.5100],[1466352000000,60.3000],[1466438400000,60.6400],[1466524800000,63.3700],[1466611200000,61.3900],[1466697600000,61.1400],[1466956800000,59.9000],[1467043200000,60.4000],[1467129600000,60.4000],[1467216000000,63.3700],[1467302400000,63.1200],[1467561600000,60.6400],[1467648000000,87.3800],[1467734400000,87.8700],[1467820800000,87.3800],[1467907200000,85.8900],[1468166400000,88.6100],[1468252800000,80.9400],[1468339200000,79.9500],[1468425600000,79.4600],[1468512000000,50.2500],[1468771200000,46.5300],[1468857600000,46.5300],[1468944000000,45.9300],[1469030400000,42.7200],[1469116800000,43.4600],[1469376000000,22.4700],[1469462400000,22.9600],[1469548800000,22.4700],[1469635200000,22.3600],[1469721600000,19.6600],[1469980800000,18.4300],[1470067200000,16.2200],[1470153600000,15.4800],[1470240000000,19.3200],[1470326400000,20.0500],[1470585600000,19.9000],[1470672000000,20.3400],[1470758400000,19.8500],[1470844800000,35.5900],[1470931200000,35.3500],[1471190400000,29.7800],[1471276800000,30.7500],[1471363200000,30.9200],[1471449600000,30.6000],[1471536000000,30.3600],[1471795200000,27.8800],[1471881600000,26.4400],[1471968000000,22.6000],[1472054400000,22.3600],[1472140800000,25.4800],[1472400000000,30.5300],[1472486400000,29.8100],[1472572800000,30.2900],[1472659200000,29.8100],[1472745600000,29.0200],[1473004800000,49.6400],[1473091200000,41.3300],[1473177600000,39.4300],[1473264000000,46.5700],[1473350400000,54.9500],[1473609600000,75.4700],[1473696000000,75.7100],[1473782400000,75.00],[1474214400000,73.5800],[1474300800000,74.0600],[1474387200000,72.6400],[1474473600000,72.6000],[1474560000000,72.3700],[1474819200000,88.1400],[1474905600000,89.5300],[1474992000000,89.5300],[1475078400000,89.8100],[1475164800000,90.2800],[1476028800000,81.1100],[1476115200000,78.3400],[1476201600000,78.6200],[1476288000000,78.7200],[1476374400000,82.9900],[1476633600000,80.9600],[1476720000000,80.1400],[1476806400000,80.0900],[1476892800000,79.6300],[1476979200000,78.9500],[1477238400000,86.8200],[1477324800000,87.2700],[1477411200000,87.5300],[1477497600000,94.5600],[1477584000000,94.3800],[1477843200000,95.0800],[1477929600000,95.5300],[1478016000000,95.9700],[1478102400000,96.4200],[1478188800000,94.4200],[1478448000000,97.3300],[1478534400000,97.3300],[1478620800000,96.8900],[1478707200000,96.8900],[1478793600000,95.3300],[1479052800000,98.2200],[1479139200000,98.4400],[1479225600000,98.4400],[1479312000000,98.8900],[1479398400000,98.8900],[1479657600000,98.8900],[1479744000000,98.8900],[1479830400000,98.6700],[1479916800000,98.6700],[1480003200000,98.8900],[1480262400000,98.6700],[1480348800000,98.4500],[1480435200000,98.2300],[1480521600000,98.2300],[1480608000000,98.2400],[1480867200000,97.3600],[1480953600000,95.8200],[1481040000000,95.8200],[1481126400000,98.4600],[1481212800000,98.9000],[1481472000000,98.2500],[1481558400000,98.2500],[1481644800000,98.6900],[1481731200000,98.6900],[1481817600000,98.2500],[1482076800000,98.9100],[1482163200000,98.9100],[1482249600000,98.9100],[1482336000000,98.9100],[1482422400000,99.1400],[1482681600000,98.7100],[1482768000000,98.9200],[1482854400000,99.1400],[1482940800000,98.9300],[1483027200000,98.9300],[1483372800000,98.9300],[1483459200000,98.9300],[1483545600000,98.7200],[1483632000000,98.0800],[1483891200000,97.4400],[1483977600000,97.4400],[1484064000000,97.4400],[1484150400000,98.9300],[1484236800000,98.9300],[1484496000000,98.9400],[1484582400000,98.9500],[1484668800000,98.9500],[1484755200000,99.1600],[1484841600000,99.1600],[1485100800000,99.3800],[1485187200000,98.5500],[1485273600000,98.3500],[1485360000000,98.1400],[1486051200000,97.7500],[1486310400000,97.7600],[1486396800000,94.9100],[1486483200000,94.9100],[1486569600000,94.5000],[1486656000000,94.5300],[1486915200000,93.1500],[1487001600000,86.0900],[1487088000000,86.2900],[1487174400000,86.4900],[1487260800000,86.4900],[1487520000000,86.2900],[1487606400000,86.2900],[1487692800000,86.0900],[1487779200000,85.7400],[1487865600000,85.8000],[1488124800000,85.4900],[1488211200000,86.0800],[1488297600000,85.8800],[1488384000000,86.3000],[1488470400000,86.1100],[1488729600000,84.0200],[1488816000000,83.6900],[1488902400000,70.5400],[1488988800000,66.8000],[1489075200000,67.5700],[1489334400000,70.0800],[1489420800000,69.6900],[1489507200000,67.9500],[1489593600000,67.3100],[1489680000000,66.5400],[1489939200000,61.3000],[1490025600000,61.8800],[1490112000000,63.5500],[1490198400000,62.2600],[1490284800000,63.4000],[1490544000000,58.9900],[1490630400000,59.0700],[1490716800000,59.0700],[1490803200000,58.9200],[1490889600000,57.9900],[1491321600000,66.1700],[1491408000000,67.0400],[1491494400000,67.5900],[1491753600000,68.7000],[1491840000000,67.0400],[1491926400000,60.5600],[1492012800000,67.4700],[1492099200000,67.4700],[1492358400000,67.0300],[1492444800000,66.6700],[1492531200000,65.7500],[1492617600000,64.5900],[1492704000000,65.5000],[1492963200000,57.6100],[1493049600000,57.9500],[1493136000000,57.7400],[1493222400000,58.8300],[1493308800000,61.2000],[1493654400000,59.0200],[1493740800000,59.4500],[1493827200000,60.7300],[1493913600000,59.2700],[1494172800000,58.5500],[1494259200000,58.7300],[1494345600000,58.5500],[1494432000000,59.2700],[1494518400000,58.00],[1494777600000,58.4800],[1494864000000,58.8100],[1494950400000,57.8600],[1495036800000,55.1800],[1495123200000,53.9300],[1495382400000,54.8200],[1495468800000,54.8000],[1495555200000,55.6700],[1495641600000,56.7400],[1495728000000,56.5600],[1496160000000,56.7400],[1496246400000,57.8000],[1496332800000,57.8000],[1496592000000,58.8300],[1496678400000,57.7700],[1496764800000,57.9500],[1496851200000,52.8300],[1496937600000,52.3000],[1497196800000,51.9200],[1497283200000,43.9000],[1497369600000,43.4800],[1497456000000,43.4800],[1497542400000,43.4800],[1497801600000,44.0200],[1497888000000,50.4300],[1497974400000,50.6100],[1498060800000,47.6500],[1498147200000,46.1800],[1498406400000,43.5200],[1498492800000,43.0100],[1498579200000,42.4900],[1498665600000,41.2800],[1498752000000,46.0500],[1499011200000,50.5200],[1499097600000,45.0200],[1499184000000,36.8800],[1499270400000,47.6800],[1499356800000,47.5100],[1499616000000,46.1400],[1499702400000,45.8000],[1499788800000,45.4500],[1499875200000,38.9400],[1499961600000,38.4000],[1500220800000,33.9600],[1500307200000,35.1500],[1500393600000,35.8200],[1500480000000,35.6500],[1500566400000,35.9200],[1500825600000,36.7600],[1500912000000,36.2600],[1500998400000,36.0300],[1501084800000,35.5200],[1501171200000,34.3400],[1501430400000,35.1900],[1501516800000,35.5200],[1501603200000,35.3500],[1501689600000,34.8500],[1501776000000,35.1900],[1502035200000,34.0600],[1502121600000,33.5600],[1502208000000,33.8900],[1502294400000,34.7300],[1502380800000,34.5600],[1502640000000,33.0500],[1502726400000,35.2300],[1502812800000,37.2500],[1502899200000,37.9200],[1502985600000,40.4400],[1503244800000,40.3700],[1503331200000,40.0300],[1503417600000,40.0300],[1503504000000,39.0900],[1503590400000,38.5900],[1503849600000,38.6700],[1503936000000,40.3300],[1504022400000,35.6700],[1504108800000,35.2700],[1504195200000,34.6100],[1504454400000,33.1100],[1504540800000,32.9500],[1504627200000,32.7800],[1504713600000,31.2800],[1504800000000,29.6200],[1505059200000,41.7900],[1505145600000,53.9000],[1505232000000,55.7200],[1505318400000,57.1900],[1505404800000,56.2000],[1505664000000,54.9500],[1505750400000,53.9600],[1505836800000,46.9300],[1505923200000,46.2700],[1506009600000,46.1000],[1506268800000,55.8900],[1506355200000,58.8700],[1506441600000,59.2700],[1506528000000,59.9300],[1506614400000,60.2300],[1507478400000,35.3100],[1507564800000,45.4700],[1507651200000,46.1300],[1507737600000,46.4800],[1507824000000,47.1400],[1508083200000,49.0200],[1508169600000,58.1700],[1508256000000,55.8100],[1508342400000,56.1400],[1508428800000,56.3000],[1508688000000,55.6100],[1508774400000,54.6200],[1508860800000,52.8800],[1508947200000,50.9100],[1509033600000,49.5900],[1509292800000,47.4500],[1509379200000,46.7200],[1509465600000,41.1500],[1509552000000,49.7600],[1509638400000,49.9200],[1509897600000,48.4700],[1509984000000,48.4700],[1510070400000,47.8300],[1510156800000,47.0300],[1510243200000,44.7800],[1510502400000,44.7100],[1510588800000,44.7200],[1510675200000,40.3100],[1510761600000,36.8500],[1510848000000,36.4800],[1511107200000,49.0600],[1511193600000,49.3700],[1511280000000,49.6900],[1511366400000,49.8400],[1511452800000,50.2400],[1511712000000,51.4100],[1511798400000,51.7200],[1511884800000,52.8100],[1511971200000,54.2900],[1512057600000,55.6800],[1512316800000,58.3200],[1512403200000,59.7200],[1512489600000,60.0300],[1512576000000,60.7100],[1512662400000,61.5000],[1512921600000,46.3200],[1513008000000,32.7700],[1513094400000,30.1700],[1513180800000,27.9800],[1513267200000,28.2000],[1513526400000,28.2000],[1513612800000,29.1200],[1513699200000,29.8800],[1513785600000,30.6900],[1513872000000,30.0800],[1514131200000,21.2200],[1514217600000,19.8500],[1514304000000,20.1800],[1514390400000,20.00],[1514476800000,20.00],[1514822400000,19.3900],[1514908800000,20.6100],[1514995200000,23.3600],[1515081600000,24.2700],[1515340800000,15.2700],[1515427200000,35.2700],[1515513600000,25.7600],[1515600000000,25.8800],[1515686400000,25.7200],[1515945600000,24.8100],[1516032000000,24.8100],[1516118400000,19.3300],[1516204800000,19.3300],[1516291200000,19.1800],[1516550400000,19.7900],[1516636800000,20.7000],[1516723200000,20.8500],[1516809600000,20.7000],[1516896000000,24.1200],[1517155200000,23.9300],[1517241600000,24.3900],[1517328000000,24.7000],[1517414400000,24.8500],[1517500800000,19.9700],[1517760000000,20.1200],[1517846400000,19.5100]];
/*规模变动*/
var Data_fluctuationScale = {"categories":["2016-12-31","2017-03-31","2017-06-30","2017-09-30","2017-12-31"],"series":[{"y":5.63,"mom":"-11.42%"},{"y":4.81,"mom":"-14.55%"},{"y":4.41,"mom":"-8.26%"},{"y":8.00,"mom":"81.29%"},{"y":5.93,"mom":"-25.80%"}]};;
/*持有人结构*/
var Data_holderStructure = {"series":[{"name":"机构持有比例","data":[97.74,98.61,80.83,76.53]},{"name":"个人持有比例","data":[2.26,1.39,19.17,23.47]},{"name":"内部持有比例","data":[0.043,0.0437,0.1497,0.325]}],"categories":["2015-12-31","2016-06-30","2016-12-31","2017-06-30"]};
/*申购赎回*/
var Data_assetAllocation ={"series":[{"name":"期间申购","data":[5.17,1.39,5.45,5.10]},{"name":"期间赎回","data":[5.98,1.79,1.86,7.16]},{"name":"总份额","data":[4.81,4.41,8.00,5.93]}],"categories":["2017-03-31","2017-06-30","2017-09-30","2017-12-31"]};
/*现任基金经理*/
var Data_currentFundManager = [{"id":"30523363","pic":"http://j5.dfcfw.com/avatar/nopic.gif","name":"易祺坤","star":0,"workTime":"342天","fundSize":"9.93亿(5只基金)","power":{"avr":"暂无数据","categories":["经验值","收益率","影响力","稳定性","管理规模"],"dsc":["反映基金经理从业年限和管理基金的经验","根据基金经理投资的阶段收益评分，反映\u003cbr\u003e基金经理投资的盈利能力","根据基金经理所管理基金的机构和个人投\u003cbr\u003e资者持有比例评分","反映基金经理投资收益的波动","根据基金经理现任管理基金资产规模评分"],"data":[null,null,null,null,null],"jzrq":"2018-02-06"},"profit":{"categories":["任期收益","同类平均"],"series":[{"data":[{"name":null,"color":"#7cb5ec","y":3.7095},{"name":null,"color":"#414c7b","y":3.73}]}],"jzrq":"2018-02-06"}}] ;
/*同类型基金涨幅榜（页面底部通栏）*/
var swithSameType = [['002895_华夏天利货币B_5.8750','002894_华夏天利货币A_5.6210','004398_融通现金宝货币B_5.3370','000902_国开货币B_5.3360','001478_泰康薪意保货币B_5.1400'],['002895_华夏天利货币B_5.26','004973_长城收益宝货币B_5.08','004904_人保货币B_5.05','002884_华润元大现金通货币B_5.01','002894_华夏天利货币A_5.01'],['004973_长城收益宝货币B_5.05','004770_海富通添益货币A_4.99','002884_华润元大现金通货币B_4.99','005151_红土创新优淳货币B_4.90','002895_华夏天利货币B_4.89'],['004770_海富通添益货币A_5.39','004973_长城收益宝货币B_5.13','002884_华润元大现金通货币B_5.03','002895_华夏天利货币B_5.03','004398_融通现金宝货币B_5.01'],['003679_中融现金增利货币C_4.67','003474_南方天天利货币B_4.55','000836_国投瑞银钱多宝货币A_4.52','000837_国投瑞银钱多宝货币I_4.52','003753_工银如意货币B_4.51']];