/**
 * 测试数据
 * @type {arry}
 */
/*2018-02-07 16:09:27*/
//基金或股票信息
var fS_name = "华泰柏瑞交易货币B";
var fS_code = "002469";
var fund_minsg="";
var ishb=true;
/*原费率*/
var fund_sourceRate="0";
/*现费率*/
var fund_Rate="0";
/*最小申购金额*/
var fund_minsg="";
/*收益率*/
/*近一年收益率*/
var syl_1n="3.5137";
/*近6月收益率*/
var syl_6y="2.0321";
/*近三月收益率*/
var syl_3y="0.988";
/*近一月收益率*/
var syl_1y="0.3471";
/* 基金收益走势图 每万份收益*/
var Data_millionCopiesIncome = [[1457020800000,0.6392],[1457193600000,1.1214],[1457280000000,1.102],[1457366400000,0.589],[1457452800000,0.6155],[1457539200000,1.0602],[1457625600000,0.9024],[1457798400000,1.1721],[1457884800000,0.5838],[1457971200000,0.5831],[1458057600000,1.0166],[1458144000000,0.5909],[1458230400000,0.5837],[1458403200000,1.1686],[1458489600000,0.5792],[1458576000000,0.557],[1458662400000,1.3092],[1458748800000,0.413],[1458835200000,0.5601],[1459008000000,1.1202],[1459094400000,0.5316],[1459180800000,0.335],[1459267200000,1.3775],[1459353600000,0.9626],[1459440000000,0.5562],[1459699200000,1.6685],[1459785600000,0.5554],[1459872000000,0.4757],[1459958400000,0.5388],[1460044800000,1.573],[1460217600000,1.0912],[1460304000000,2.0178],[1460390400000,0.5496],[1460476800000,0.5483],[1460563200000,0.5486],[1460649600000,0.5899],[1460822400000,1.1133],[1460908800000,1.2534],[1460995200000,1.4187],[1461081600000,0.5608],[1461168000000,0.5609],[1461254400000,0.4859],[1461427200000,1.1166],[1461513600000,0.5573],[1461600000000,0.5513],[1461686400000,0.0],[1461772800000,0.0],[1461859200000,0.0],[1462118400000,0.0],[1462204800000,0.6078],[1462291200000,0.5446],[1462377600000,0.6177],[1462464000000,0.5566],[1462636800000,1.0784],[1462723200000,0.5571],[1462809600000,0.561],[1462896000000,0.5657],[1462982400000,0.5764],[1463068800000,0.5777],[1463241600000,1.1542],[1463328000000,0.5748],[1463414400000,0.5628],[1463500800000,0.5706],[1463587200000,0.5755],[1463673600000,0.5688],[1463846400000,1.1417],[1463932800000,0.4805],[1464019200000,0.2378],[1464105600000,1.2615],[1464192000000,0.5734],[1464278400000,0.5791],[1464451200000,1.1681],[1464537600000,0.592],[1464624000000,0.5818],[1464710400000,0.5834],[1464796800000,0.6617],[1464883200000,0.5875],[1465056000000,1.1765],[1465142400000,0.5877],[1465228800000,0.5921],[1465315200000,0.58],[1465660800000,2.3306],[1465747200000,0.5808],[1465833600000,2.4308],[1465920000000,0.5898],[1466006400000,0.5885],[1466092800000,0.5899],[1466265600000,1.1801],[1466352000000,0.5892],[1466438400000,0.5887],[1466524800000,0.5902],[1466611200000,0.601],[1466697600000,0.5972],[1466870400000,1.201],[1466956800000,0.6084],[1467043200000,0.6199],[1467129600000,0.6085],[1467216000000,0.6396],[1467302400000,0.6751],[1467475200000,1.2422],[1467561600000,0.6059],[1467648000000,0.6211],[1467734400000,0.6317],[1467820800000,0.6178],[1467907200000,0.6287],[1468080000000,1.2572],[1468166400000,0.6361],[1468252800000,0.6241],[1468339200000,1.2693],[1468425600000,0.6141],[1468512000000,0.6096],[1468684800000,1.2226],[1468771200000,0.6134],[1468857600000,0.6187],[1468944000000,0.6198],[1469030400000,0.635],[1469116800000,0.6247],[1469289600000,1.2564],[1469376000000,0.6213],[1469462400000,1.8839],[1469548800000,0.629],[1469635200000,0.6237],[1469721600000,0.6288],[1469894400000,1.2575],[1469980800000,0.625],[1470067200000,0.6215],[1470153600000,0.622],[1470240000000,0.621],[1470326400000,0.6181],[1470499200000,1.2368],[1470585600000,0.6177],[1470672000000,0.6121],[1470758400000,0.621],[1470844800000,0.6134],[1470931200000,0.6184],[1471104000000,1.2401],[1471190400000,0.6193],[1471276800000,0.6275],[1471363200000,0.6122],[1471449600000,0.7175],[1471536000000,0.6173],[1471708800000,1.2395],[1471795200000,0.699],[1471881600000,0.8725],[1471968000000,0.6037],[1472054400000,0.6056],[1472140800000,0.6112],[1472313600000,1.2227],[1472400000000,0.5989],[1472486400000,0.6112],[1472572800000,0.6045],[1472659200000,0.6061],[1472745600000,0.6127],[1472918400000,1.2256],[1473004800000,1.2049],[1473091200000,0.6035],[1473177600000,0.5962],[1473264000000,0.5963],[1473350400000,0.6039],[1473523200000,1.208],[1473609600000,1.1397],[1473696000000,0.5811],[1473782400000,0.5781],[1474128000000,2.3243],[1474214400000,1.023],[1474300800000,0.6171],[1474387200000,0.5838],[1474473600000,0.5904],[1474560000000,0.5793],[1474732800000,1.1693],[1474819200000,0.9412],[1474905600000,0.5691],[1474992000000,0.9733],[1475078400000,0.6186],[1475164800000,0.5938],[1475942400000,5.3401],[1476028800000,0.6032],[1476115200000,1.4771],[1476201600000,0.6299],[1476288000000,0.6366],[1476374400000,0.6022],[1476547200000,1.2084],[1476633600000,0.6619],[1476720000000,0.5099],[1476806400000,0.5891],[1476892800000,0.5942],[1476979200000,0.5889],[1477152000000,1.1885],[1477238400000,0.5937],[1477324800000,0.5908],[1477411200000,0.6171],[1477497600000,0.6275],[1477584000000,0.6262],[1477756800000,1.2564],[1477843200000,0.6142],[1477929600000,0.6221],[1478016000000,0.6246],[1478102400000,0.634],[1478188800000,0.5944],[1478361600000,1.1927],[1478448000000,0.591],[1478534400000,0.5811],[1478620800000,0.5683],[1478707200000,0.5489],[1478793600000,4.0896],[1478966400000,1.2252],[1479052800000,0.6155],[1479139200000,0.6194],[1479225600000,0.0],[1479312000000,0.0],[1479398400000,0.0],[1479571200000,0.0],[1479657600000,0.0],[1479744000000,0.0],[1479830400000,0.0],[1479916800000,0.0],[1480003200000,0.0],[1480176000000,0.0],[1480262400000,0.0],[1480348800000,0.0],[1480435200000,0.0],[1480521600000,0.0],[1480608000000,0.0],[1480780800000,0.0],[1480867200000,0.0],[1480953600000,0.0],[1481040000000,0.0],[1481126400000,0.0],[1481212800000,0.0],[1481385600000,0.0],[1481472000000,0.0],[1481558400000,0.0],[1481644800000,0.0],[1481731200000,0.0],[1481817600000,0.0],[1481990400000,0.0],[1482076800000,0.0],[1482163200000,0.0],[1482249600000,0.0],[1482336000000,0.0],[1482422400000,0.0],[1482595200000,0.0],[1482681600000,0.0],[1482768000000,0.0],[1482854400000,0.0],[1482940800000,0.0],[1483027200000,0.0],[1483113600000,0.0],[1483286400000,0.0],[1483372800000,0.0],[1483459200000,0.0],[1483545600000,0.0],[1483632000000,0.0],[1483804800000,0.0],[1483891200000,0.0],[1483977600000,0.0],[1484064000000,0.0],[1484150400000,0.0],[1484236800000,0.0],[1484409600000,0.0],[1484496000000,0.0],[1484582400000,0.0],[1484668800000,0.0],[1484755200000,0.0],[1484841600000,0.0],[1485014400000,0.0],[1485100800000,0.0],[1485187200000,0.0],[1485273600000,0.0],[1485360000000,0.0],[1485964800000,0.0],[1486051200000,0.0],[1486224000000,0.0],[1486310400000,0.0],[1486396800000,0.0],[1486483200000,0.0],[1486569600000,0.0],[1486656000000,0.0],[1486828800000,0.0],[1486915200000,0.0],[1487001600000,0.0],[1487088000000,0.0],[1487174400000,0.0],[1487260800000,0.0],[1487433600000,0.0],[1487520000000,0.0],[1487606400000,0.0],[1487692800000,0.0],[1487779200000,0.0],[1487865600000,0.0],[1488038400000,0.0],[1488124800000,0.0],[1488211200000,0.0],[1488297600000,0.0],[1488384000000,0.0],[1488470400000,0.0],[1488643200000,0.0],[1488729600000,0.0],[1488816000000,0.0],[1488902400000,0.0],[1488988800000,0.0],[1489075200000,0.0],[1489248000000,0.0],[1489334400000,0.0],[1489420800000,0.0],[1489507200000,0.0],[1489593600000,0.0],[1489680000000,0.0],[1489852800000,0.0],[1489939200000,0.0],[1490025600000,0.0],[1490112000000,0.0],[1490198400000,0.0],[1490284800000,0.0],[1490457600000,0.0],[1490544000000,0.0],[1490630400000,0.0],[1490716800000,0.0],[1490803200000,0.0],[1490889600000,1.3323],[1491235200000,4.8562],[1491321600000,1.0269],[1491408000000,1.2788],[1491494400000,0.5456],[1491667200000,2.1957],[1491753600000,1.061],[1491840000000,1.0677],[1491926400000,3.2106],[1492012800000,0.8832],[1492099200000,0.8905],[1492272000000,1.7841],[1492358400000,0.9197],[1492444800000,0.8979],[1492531200000,0.9374],[1492617600000,0.913],[1492704000000,0.9453],[1492876800000,1.8898],[1492963200000,0.9712],[1493049600000,0.9719],[1493136000000,0.9803],[1493222400000,0.9723],[1493308800000,0.9776],[1493568000000,2.9375],[1493654400000,1.0047],[1493740800000,1.0005],[1493827200000,1.0064],[1493913600000,1.0078],[1494086400000,2.0178],[1494172800000,1.0041],[1494259200000,1.0089],[1494345600000,0.9929],[1494432000000,0.9319],[1494518400000,0.9917],[1494691200000,1.9856],[1494777600000,1.0006],[1494864000000,0.715],[1494950400000,0.997],[1495036800000,1.0201],[1495123200000,1.0186],[1495296000000,2.0362],[1495382400000,1.108],[1495468800000,1.0384],[1495555200000,1.0185],[1495641600000,1.0494],[1495728000000,1.0364],[1496073600000,4.1459],[1496160000000,1.0413],[1496246400000,1.1119],[1496332800000,1.1086],[1496505600000,2.2179],[1496592000000,1.1121],[1496678400000,0.6235],[1496764800000,1.0862],[1496851200000,1.0983],[1496937600000,1.123],[1497110400000,2.2486],[1497196800000,1.1012],[1497283200000,1.1179],[1497369600000,1.1407],[1497456000000,1.1703],[1497542400000,1.1782],[1497715200000,2.338],[1497801600000,1.1373],[1497888000000,1.151],[1497974400000,1.1624],[1498060800000,1.1875],[1498147200000,1.1939],[1498320000000,2.3811],[1498406400000,1.2269],[1498492800000,2.4136],[1498579200000,1.1874],[1498665600000,1.2259],[1498752000000,1.1583],[1498924800000,2.3006],[1499011200000,1.1143],[1499097600000,1.2173],[1499184000000,1.1899],[1499270400000,1.145],[1499356800000,1.131],[1499529600000,2.254],[1499616000000,1.1192],[1499702400000,1.1193],[1499788800000,3.5061],[1499875200000,1.1109],[1499961600000,1.1132],[1500134400000,2.228],[1500220800000,1.1228],[1500307200000,0.9654],[1500393600000,1.3785],[1500480000000,1.1145],[1500566400000,1.1179],[1500739200000,2.237],[1500825600000,1.2946],[1500912000000,1.1266],[1500998400000,1.1282],[1501084800000,1.1303],[1501171200000,1.1236],[1501344000000,2.2477],[1501430400000,1.1233],[1501516800000,1.1084],[1501603200000,1.1165],[1501689600000,1.119],[1501776000000,1.1169],[1501948800000,2.2301],[1502035200000,1.1179],[1502121600000,1.1726],[1502208000000,1.102],[1502294400000,1.1162],[1502380800000,1.1075],[1502553600000,2.2154],[1502640000000,1.1753],[1502726400000,1.1136],[1502812800000,1.1078],[1502899200000,1.1081],[1502985600000,1.099],[1503158400000,2.1987],[1503244800000,1.0962],[1503331200000,1.1039],[1503417600000,1.1535],[1503504000000,1.1091],[1503590400000,1.1033],[1503763200000,2.1997],[1503849600000,1.0945],[1503936000000,1.1008],[1504022400000,1.0985],[1504108800000,0.9626],[1504195200000,1.1019],[1504368000000,2.2263],[1504454400000,1.1202],[1504540800000,1.1231],[1504627200000,1.156],[1504713600000,1.2143],[1504800000000,1.1135],[1504972800000,2.2342],[1505059200000,1.232],[1505145600000,1.1254],[1505232000000,1.1283],[1505318400000,1.1336],[1505404800000,1.1302],[1505577600000,2.2613],[1505664000000,1.14],[1505750400000,1.1257],[1505836800000,1.1228],[1505923200000,1.1106],[1506009600000,1.0998],[1506182400000,2.2003],[1506268800000,1.1051],[1506355200000,1.1245],[1506441600000,1.1156],[1506528000000,1.089],[1506614400000,1.069],[1507392000000,9.7759],[1507478400000,1.1319],[1507564800000,1.5293],[1507651200000,1.1355],[1507737600000,1.1291],[1507824000000,1.1101],[1507996800000,2.2205],[1508083200000,1.0895],[1508169600000,1.926],[1508256000000,1.0335],[1508342400000,1.0699],[1508428800000,1.0885],[1508601600000,2.1798],[1508688000000,1.0819],[1508774400000,1.0791],[1508860800000,1.0854],[1508947200000,1.084],[1509033600000,0.7179],[1509206400000,2.1334],[1509292800000,1.246],[1509379200000,0.9919],[1509465600000,1.1004],[1509552000000,1.1923],[1509638400000,1.1255],[1509811200000,2.2517],[1509897600000,1.1021],[1509984000000,1.1065],[1510070400000,1.1306],[1510156800000,1.1049],[1510243200000,1.1088],[1510416000000,2.2077],[1510502400000,1.028],[1510588800000,1.0891],[1510675200000,1.0928],[1510761600000,1.1231],[1510848000000,1.1014],[1511020800000,2.2034],[1511107200000,1.1049],[1511193600000,1.1193],[1511280000000,1.124],[1511366400000,0.7752],[1511452800000,0.7931],[1511625600000,2.2069],[1511712000000,0.8751],[1511798400000,1.1171],[1511884800000,1.1692],[1511971200000,1.1724],[1512057600000,1.1346],[1512230400000,2.3345],[1512316800000,1.1517],[1512403200000,1.1451],[1512489600000,1.1753],[1512576000000,1.361],[1512662400000,1.1135],[1512835200000,2.2178],[1512921600000,1.1075],[1513008000000,1.0119],[1513094400000,0.9082],[1513180800000,1.0113],[1513267200000,1.1128],[1513440000000,2.2267],[1513526400000,0.962],[1513612800000,1.0515],[1513699200000,1.0451],[1513785600000,1.0508],[1513872000000,1.0806],[1514044800000,2.2087],[1514131200000,1.122],[1514217600000,1.1431],[1514304000000,1.1817],[1514390400000,0.8736],[1514476800000,0.8731],[1514736000000,1.2464],[1514822400000,1.2786],[1514908800000,1.3284],[1514995200000,1.3664],[1515081600000,1.0862],[1515254400000,2.1381],[1515340800000,1.0758],[1515427200000,1.6174],[1515513600000,1.6369],[1515600000000,0.967],[1515686400000,0.9636],[1515859200000,1.9282],[1515945600000,1.7593],[1516032000000,0.9006],[1516118400000,0.9616],[1516204800000,0.9591],[1516291200000,0.9626],[1516464000000,1.9272],[1516550400000,0.9421],[1516636800000,1.0104],[1516723200000,0.9875],[1516809600000,1.0111],[1516896000000,1.0097],[1517068800000,1.9917],[1517155200000,1.3171],[1517241600000,1.0764],[1517328000000,1.0457],[1517414400000,1.0716],[1517500800000,1.0812],[1517673600000,2.119],[1517760000000,1.0659],[1517846400000,1.129]];
/*基金收益走势图   7日年化收益率*/
var Data_sevenDaysYearIncome = [[1457020800000,2.36],[1457193600000,2.165],[1457280000000,2.646],[1457366400000,2.552],[1457452800000,2.505],[1457539200000,2.709],[1457625600000,2.851],[1457798400000,2.878],[1457884800000,2.6],[1457971200000,2.597],[1458057600000,2.812],[1458144000000,2.56],[1458230400000,2.39],[1458403200000,2.388],[1458489600000,2.386],[1458576000000,2.372],[1458662400000,2.528],[1458748800000,2.433],[1458835200000,2.421],[1459008000000,2.395],[1459094400000,2.369],[1459180800000,2.251],[1459267200000,2.287],[1459353600000,2.581],[1459440000000,2.579],[1459699200000,2.588],[1459785600000,2.706],[1459872000000,2.224],[1459958400000,1.998],[1460044800000,2.54],[1460217600000,2.529],[1460304000000,3.313],[1460390400000,3.31],[1460476800000,3.349],[1460563200000,3.355],[1460649600000,2.826],[1460822400000,2.838],[1460908800000,2.429],[1460995200000,2.894],[1461081600000,2.901],[1461168000000,2.908],[1461254400000,2.852],[1461427200000,2.854],[1461513600000,2.481],[1461600000000,2.019],[1461686400000,1.7207],[1461772800000,1.4236],[1461859200000,1.167],[1462118400000,0.2879],[1462204800000,2.243],[1462291200000,2.125],[1462377600000,2.177],[1462464000000,2.146],[1462636800000,2.093],[1462723200000,2.087],[1462809600000,2.063],[1462896000000,2.074],[1462982400000,2.052],[1463068800000,2.063],[1463241600000,2.103],[1463328000000,2.113],[1463414400000,2.114],[1463500800000,2.116],[1463587200000,2.116],[1463673600000,2.111],[1463846400000,2.104],[1463932800000,2.054],[1464019200000,1.881],[1464105600000,2.249],[1464192000000,2.248],[1464278400000,2.254],[1464451200000,2.268],[1464537600000,2.327],[1464624000000,2.511],[1464710400000,2.149],[1464796800000,2.196],[1464883200000,2.2],[1465056000000,2.205],[1465142400000,2.203],[1465228800000,2.208],[1465315200000,2.206],[1465660800000,2.156],[1465747200000,2.152],[1465833600000,3.136],[1465920000000,3.141],[1466006400000,3.144],[1466092800000,3.148],[1466265600000,3.156],[1466352000000,3.161],[1466438400000,2.175],[1466524800000,2.175],[1466611200000,2.182],[1466697600000,2.186],[1466870400000,2.197],[1466956800000,2.207],[1467043200000,2.224],[1467129600000,2.233],[1467216000000,2.254],[1467302400000,2.295],[1467475200000,2.317],[1467561600000,2.316],[1467648000000,2.317],[1467734400000,2.329],[1467820800000,2.317],[1467907200000,2.293],[1468080000000,2.301],[1468166400000,2.317],[1468252800000,2.318],[1468339200000,2.659],[1468425600000,2.657],[1468512000000,2.647],[1468684800000,2.628],[1468771200000,2.616],[1468857600000,2.613],[1468944000000,2.266],[1469030400000,2.278],[1469116800000,2.286],[1469289600000,2.304],[1469376000000,2.308],[1469462400000,2.985],[1469548800000,2.99],[1469635200000,2.984],[1469721600000,2.986],[1469894400000,2.987],[1469980800000,2.989],[1470067200000,2.313],[1470153600000,2.309],[1470240000000,2.308],[1470326400000,2.302],[1470499200000,2.291],[1470585600000,2.287],[1470672000000,2.282],[1470758400000,2.282],[1470844800000,2.278],[1470931200000,2.278],[1471104000000,2.28],[1471190400000,2.28],[1471276800000,2.289],[1471363200000,2.284],[1471449600000,2.339],[1471536000000,2.339],[1471708800000,2.338],[1471795200000,2.381],[1471881600000,2.512],[1471968000000,2.507],[1472054400000,2.448],[1472140800000,2.444],[1472313600000,2.435],[1472400000000,2.382],[1472486400000,2.242],[1472572800000,2.243],[1472659200000,2.243],[1472745600000,2.244],[1472918400000,2.246],[1473004800000,2.569],[1473091200000,2.565],[1473177600000,2.561],[1473264000000,2.555],[1473350400000,2.551],[1473523200000,2.541],[1473609600000,2.506],[1473696000000,2.494],[1473782400000,2.485],[1474128000000,2.44],[1474214400000,2.378],[1474300800000,2.397],[1474387200000,2.4],[1474473600000,2.405],[1474560000000,2.404],[1474732800000,2.408],[1474819200000,2.364],[1474905600000,2.338],[1474992000000,2.546],[1475078400000,2.562],[1475164800000,2.569],[1475942400000,2.187],[1476028800000,2.191],[1476115200000,2.661],[1476201600000,2.681],[1476288000000,2.706],[1476374400000,2.712],[1476547200000,2.726],[1476633600000,2.757],[1476720000000,2.24],[1476806400000,2.218],[1476892800000,2.196],[1476979200000,2.223],[1477152000000,2.214],[1477238400000,2.179],[1477324800000,2.183],[1477411200000,2.199],[1477497600000,2.218],[1477584000000,2.237],[1477756800000,2.274],[1477843200000,2.285],[1477929600000,2.301],[1478016000000,2.305],[1478102400000,2.309],[1478188800000,2.292],[1478361600000,2.258],[1478448000000,2.245],[1478534400000,2.224],[1478620800000,2.194],[1478707200000,2.148],[1478793600000,4.027],[1478966400000,4.044],[1479052800000,4.057],[1479139200000,4.078],[1479225600000,0.0],[1479312000000,0.0],[1479398400000,0.0],[1479571200000,0.0],[1479657600000,0.0],[1479744000000,0.0],[1479830400000,0.0],[1479916800000,0.0],[1480003200000,0.0],[1480176000000,0.0],[1480262400000,0.0],[1480348800000,0.0],[1480435200000,0.0],[1480521600000,0.0],[1480608000000,0.0],[1480780800000,0.0],[1480867200000,0.0],[1480953600000,0.0],[1481040000000,0.0],[1481126400000,0.0],[1481212800000,0.0],[1481385600000,0.0],[1481472000000,0.0],[1481558400000,0.0],[1481644800000,0.0],[1481731200000,0.0],[1481817600000,0.0],[1481990400000,0.0],[1482076800000,0.0],[1482163200000,0.0],[1482249600000,0.0],[1482336000000,0.0],[1482422400000,0.0],[1482595200000,0.0],[1482681600000,0.0],[1482768000000,0.0],[1482854400000,0.0],[1482940800000,0.0],[1483027200000,0.0],[1483113600000,0.0],[1483286400000,0.0],[1483372800000,0.0],[1483459200000,0.0],[1483545600000,0.0],[1483632000000,0.0],[1483804800000,0.0],[1483891200000,0.0],[1483977600000,0.0],[1484064000000,0.0],[1484150400000,0.0],[1484236800000,0.0],[1484409600000,0.0],[1484496000000,0.0],[1484582400000,0.0],[1484668800000,0.0],[1484755200000,0.0],[1484841600000,0.0],[1485014400000,0.0],[1485100800000,0.0],[1485187200000,0.0],[1485273600000,0.0],[1485360000000,0.0],[1485964800000,0.0],[1486051200000,0.0],[1486224000000,0.0],[1486310400000,0.0],[1486396800000,0.0],[1486483200000,0.0],[1486569600000,0.0],[1486656000000,0.0],[1486828800000,0.0],[1486915200000,0.0],[1487001600000,0.0],[1487088000000,0.0],[1487174400000,0.0],[1487260800000,0.0],[1487433600000,0.0],[1487520000000,0.0],[1487606400000,0.0],[1487692800000,0.0],[1487779200000,0.0],[1487865600000,0.0],[1488038400000,0.0],[1488124800000,0.0],[1488211200000,0.0],[1488297600000,0.0],[1488384000000,0.0],[1488470400000,0.0],[1488643200000,0.0],[1488729600000,0.0],[1488816000000,0.0],[1488902400000,0.0],[1488988800000,0.0],[1489075200000,0.0],[1489248000000,0.0],[1489334400000,0.0],[1489420800000,0.0],[1489507200000,0.0],[1489593600000,0.0],[1489680000000,0.0],[1489852800000,0.0],[1489939200000,0.0],[1490025600000,0.0],[1490112000000,0.0],[1490198400000,0.0],[1490284800000,0.0],[1490457600000,0.0],[1490544000000,0.0],[1490630400000,0.0],[1490716800000,0.0],[1490803200000,0.0],[1490889600000,4.983],[1491235200000,4.621],[1491321600000,4.487],[1491408000000,4.528],[1491494400000,4.101],[1491667200000,3.974],[1491753600000,3.891],[1491840000000,3.812],[1491926400000,5.001],[1492012800000,4.784],[1492099200000,4.973],[1492272000000,4.748],[1492358400000,4.671],[1492444800000,4.578],[1492531200000,3.346],[1492617600000,3.362],[1492704000000,3.392],[1492876800000,3.449],[1492963200000,3.477],[1493049600000,3.517],[1493136000000,3.54],[1493222400000,3.572],[1493308800000,3.589],[1493568000000,3.631],[1493654400000,3.648],[1493740800000,3.659],[1493827200000,3.678],[1493913600000,3.694],[1494086400000,3.726],[1494172800000,3.74],[1494259200000,3.742],[1494345600000,3.738],[1494432000000,3.697],[1494518400000,3.689],[1494691200000,3.671],[1494777600000,3.669],[1494864000000,3.511],[1494950400000,3.513],[1495036800000,3.56],[1495123200000,3.575],[1495296000000,3.602],[1495382400000,3.66],[1495468800000,3.835],[1495555200000,3.847],[1495641600000,3.863],[1495728000000,3.872],[1496073600000,3.853],[1496160000000,3.865],[1496246400000,3.899],[1496332800000,3.938],[1496505600000,4.016],[1496592000000,4.057],[1496678400000,3.834],[1496764800000,3.858],[1496851200000,3.851],[1496937600000,3.858],[1497110400000,3.875],[1497196800000,3.869],[1497283200000,4.137],[1497369600000,4.167],[1497456000000,4.206],[1497542400000,4.236],[1497715200000,4.285],[1497801600000,4.304],[1497888000000,4.322],[1497974400000,4.334],[1498060800000,4.343],[1498147200000,4.352],[1498320000000,4.375],[1498406400000,4.424],[1498492800000,5.114],[1498579200000,5.127],[1498665600000,5.149],[1498752000000,5.129],[1498924800000,5.085],[1499011200000,5.023],[1499097600000,4.37],[1499184000000,4.372],[1499270400000,4.328],[1499356800000,4.313],[1499529600000,4.287],[1499616000000,4.29],[1499702400000,4.237],[1499788800000,5.503],[1499875200000,5.484],[1499961600000,5.475],[1500134400000,5.46],[1500220800000,5.462],[1500307200000,5.378],[1500393600000,4.215],[1500480000000,4.217],[1500566400000,4.22],[1500739200000,4.225],[1500825600000,4.318],[1500912000000,4.406],[1500998400000,4.27],[1501084800000,4.278],[1501171200000,4.281],[1501344000000,4.287],[1501430400000,4.194],[1501516800000,4.184],[1501603200000,4.178],[1501689600000,4.172],[1501776000000,4.168],[1501948800000,4.158],[1502035200000,4.156],[1502121600000,4.19],[1502208000000,4.183],[1502294400000,4.181],[1502380800000,4.176],[1502553600000,4.168],[1502640000000,4.199],[1502726400000,4.167],[1502812800000,4.17],[1502899200000,4.166],[1502985600000,4.161],[1503158400000,4.152],[1503244800000,4.109],[1503331200000,4.104],[1503417600000,4.129],[1503504000000,4.129],[1503590400000,4.132],[1503763200000,4.132],[1503849600000,4.131],[1503936000000,4.13],[1504022400000,4.1],[1504108800000,4.02],[1504195200000,4.019],[1504368000000,4.034],[1504454400000,4.048],[1504540800000,4.06],[1504627200000,4.091],[1504713600000,4.228],[1504800000000,4.234],[1504972800000,4.238],[1505059200000,4.299],[1505145600000,4.3],[1505232000000,4.285],[1505318400000,4.241],[1505404800000,4.251],[1505577600000,4.265],[1505664000000,4.215],[1505750400000,4.215],[1505836800000,4.212],[1505923200000,4.2],[1506009600000,4.183],[1506182400000,4.15],[1506268800000,4.131],[1506355200000,4.131],[1506441600000,4.127],[1506528000000,4.115],[1506614400000,4.098],[1507392000000,4.044],[1507478400000,4.069],[1507564800000,4.31],[1507651200000,4.336],[1507737600000,4.36],[1507824000000,4.373],[1507996800000,4.399],[1508083200000,4.376],[1508169600000,4.592],[1508256000000,4.536],[1508342400000,4.504],[1508428800000,4.492],[1508601600000,4.47],[1508688000000,4.466],[1508774400000,4.006],[1508860800000,4.034],[1508947200000,4.041],[1509033600000,3.841],[1509206400000,3.816],[1509292800000,3.904],[1509379200000,3.857],[1509465600000,3.865],[1509552000000,3.924],[1509638400000,4.145],[1509811200000,4.209],[1509897600000,4.131],[1509984000000,4.193],[1510070400000,4.21],[1510156800000,4.162],[1510243200000,4.153],[1510416000000,4.129],[1510502400000,4.089],[1510588800000,4.08],[1510675200000,4.059],[1510761600000,4.069],[1510848000000,4.065],[1511020800000,4.063],[1511107200000,4.104],[1511193600000,4.121],[1511280000000,4.138],[1511366400000,3.949],[1511452800000,3.782],[1511625600000,3.784],[1511712000000,3.66],[1511798400000,3.659],[1511884800000,3.683],[1511971200000,3.898],[1512057600000,4.083],[1512230400000,4.152],[1512316800000,4.303],[1512403200000,4.318],[1512489600000,4.321],[1512576000000,4.424],[1512662400000,4.412],[1512835200000,4.349],[1512921600000,4.325],[1513008000000,4.252],[1513094400000,4.107],[1513180800000,3.918],[1513267200000,3.917],[1513440000000,3.922],[1513526400000,3.843],[1513612800000,3.865],[1513699200000,3.939],[1513785600000,3.96],[1513872000000,3.943],[1514044800000,3.933],[1514131200000,4.02],[1514217600000,4.069],[1514304000000,4.144],[1514390400000,4.047],[1514476800000,3.935],[1514736000000,4.158],[1514822400000,4.231],[1514908800000,4.311],[1514995200000,4.58],[1515081600000,4.696],[1515254400000,4.501],[1515340800000,4.408],[1515427200000,4.593],[1515513600000,4.761],[1515600000000,4.543],[1515686400000,4.476],[1515859200000,4.362],[1515945600000,4.735],[1516032000000,4.344],[1516118400000,3.977],[1516204800000,3.973],[1516291200000,3.972],[1516464000000,3.972],[1516550400000,3.53],[1516636800000,3.589],[1516723200000,3.603],[1516809600000,3.631],[1516896000000,3.657],[1517068800000,3.692],[1517155200000,3.894],[1517241600000,3.93],[1517328000000,3.962],[1517414400000,3.995],[1517500800000,4.033],[1517673600000,4.102],[1517760000000,3.966],[1517846400000,3.995]];
/*资产配置*/
var Data_assetAllocationCurrency ={"categories":["12-31","09-30","06-30","03-31"],"series":[{"name":"股票","data":[null,null,null,null]},{"name":"债券","data":[59.5,89.59,52.88,51.1]},{"name":"现金","data":[25.51,16.87,43.48,24.5]}]};
/*累计收益率走势*/
var Data_grandTotal = [{"name":"华泰柏瑞交易货币B","data":[[1501948800000,0],[1502035200000,0.01],[1502121600000,0.02],[1502208000000,0.03],[1502294400000,0.05],[1502380800000,0.06],[1502553600000,0.08],[1502640000000,0.09],[1502726400000,0.10],[1502812800000,0.11],[1502899200000,0.12],[1502985600000,0.13],[1503158400000,0.16],[1503244800000,0.17],[1503331200000,0.18],[1503417600000,0.19],[1503504000000,0.20],[1503590400000,0.21],[1503763200000,0.23],[1503849600000,0.25],[1503936000000,0.26],[1504022400000,0.27],[1504108800000,0.28],[1504195200000,0.29],[1504368000000,0.31],[1504454400000,0.32],[1504540800000,0.33],[1504627200000,0.34],[1504713600000,0.36],[1504800000000,0.37],[1504972800000,0.39],[1505059200000,0.40],[1505145600000,0.41],[1505232000000,0.43],[1505318400000,0.44],[1505404800000,0.45],[1505577600000,0.47],[1505664000000,0.48],[1505750400000,0.49],[1505836800000,0.50],[1505923200000,0.52],[1506009600000,0.53],[1506182400000,0.55],[1506268800000,0.56],[1506355200000,0.57],[1506441600000,0.58],[1506528000000,0.59],[1506614400000,0.60],[1507392000000,0.70],[1507478400000,0.71],[1507564800000,0.73],[1507651200000,0.74],[1507737600000,0.75],[1507824000000,0.76],[1507996800000,0.79],[1508083200000,0.80],[1508169600000,0.82],[1508256000000,0.83],[1508342400000,0.84],[1508428800000,0.85],[1508601600000,0.87],[1508688000000,0.88],[1508774400000,0.89],[1508860800000,0.90],[1508947200000,0.91],[1509033600000,0.92],[1509206400000,0.94],[1509292800000,0.96],[1509379200000,0.97],[1509465600000,0.98],[1509552000000,0.99],[1509638400000,1.00],[1509811200000,1.02],[1509897600000,1.03],[1509984000000,1.05],[1510070400000,1.06],[1510156800000,1.07],[1510243200000,1.08],[1510416000000,1.10],[1510502400000,1.11],[1510588800000,1.12],[1510675200000,1.13],[1510761600000,1.14],[1510848000000,1.16],[1511020800000,1.18],[1511107200000,1.19],[1511193600000,1.20],[1511280000000,1.21],[1511366400000,1.22],[1511452800000,1.23],[1511625600000,1.25],[1511712000000,1.26],[1511798400000,1.27],[1511884800000,1.28],[1511971200000,1.29],[1512057600000,1.31],[1512230400000,1.33],[1512316800000,1.34],[1512403200000,1.35],[1512489600000,1.36],[1512576000000,1.38],[1512662400000,1.39],[1512835200000,1.41],[1512921600000,1.42],[1513008000000,1.43],[1513094400000,1.44],[1513180800000,1.45],[1513267200000,1.46],[1513440000000,1.49],[1513526400000,1.50],[1513612800000,1.51],[1513699200000,1.52],[1513785600000,1.53],[1513872000000,1.54],[1514044800000,1.56],[1514131200000,1.57],[1514217600000,1.59],[1514304000000,1.60],[1514390400000,1.61],[1514476800000,1.61],[1514736000000,1.63],[1514822400000,1.64],[1514908800000,1.65],[1514995200000,1.67],[1515081600000,1.68],[1515254400000,1.70],[1515340800000,1.71],[1515427200000,1.73],[1515513600000,1.74],[1515600000000,1.75],[1515686400000,1.76],[1515859200000,1.78],[1515945600000,1.80],[1516032000000,1.81],[1516118400000,1.82],[1516204800000,1.83],[1516291200000,1.84],[1516464000000,1.86],[1516550400000,1.87],[1516636800000,1.88],[1516723200000,1.89],[1516809600000,1.90],[1516896000000,1.91],[1517068800000,1.93],[1517155200000,1.94],[1517241600000,1.96],[1517328000000,1.97],[1517414400000,1.98],[1517500800000,1.99],[1517673600000,2.01],[1517760000000,2.02],[1517846400000,2.03]]},{"name":"同类平均","data":[[1502035200000,0],[1502121600000,0.01],[1502208000000,0.02],[1502294400000,0.03],[1502380800000,0.04],[1502640000000,0.07],[1502726400000,0.08],[1502812800000,0.09],[1502899200000,0.10],[1502985600000,0.11],[1503244800000,0.14],[1503331200000,0.16],[1503417600000,0.17],[1503504000000,0.18],[1503590400000,0.19],[1503849600000,0.22],[1503936000000,0.23],[1504022400000,0.24],[1504108800000,0.25],[1504195200000,0.26],[1504454400000,0.29],[1504540800000,0.30],[1504627200000,0.31],[1504713600000,0.32],[1504800000000,0.34],[1505059200000,0.37],[1505145600000,0.38],[1505232000000,0.39],[1505318400000,0.40],[1505404800000,0.41],[1505664000000,0.44],[1505750400000,0.45],[1505836800000,0.46],[1505923200000,0.47],[1506009600000,0.48],[1506268800000,0.52],[1506355200000,0.53],[1506441600000,0.54],[1506528000000,0.55],[1506614400000,0.56],[1507478400000,0.67],[1507564800000,0.68],[1507651200000,0.69],[1507737600000,0.71],[1507824000000,0.72],[1508083200000,0.75],[1508169600000,0.76],[1508256000000,0.77],[1508342400000,0.78],[1508428800000,0.79],[1508688000000,0.82],[1508774400000,0.83],[1508860800000,0.84],[1508947200000,0.85],[1509033600000,0.86],[1509292800000,0.90],[1509379200000,0.91],[1509465600000,0.92],[1509552000000,0.93],[1509638400000,0.94],[1509897600000,0.97],[1509984000000,0.98],[1510070400000,0.99],[1510156800000,1.00],[1510243200000,1.01],[1510502400000,1.04],[1510588800000,1.06],[1510675200000,1.07],[1510761600000,1.08],[1510848000000,1.09],[1511107200000,1.12],[1511193600000,1.13],[1511280000000,1.14],[1511366400000,1.15],[1511452800000,1.16],[1511712000000,1.20],[1511798400000,1.21],[1511884800000,1.22],[1511971200000,1.23],[1512057600000,1.24],[1512316800000,1.28],[1512403200000,1.29],[1512489600000,1.30],[1512576000000,1.31],[1512662400000,1.32],[1512921600000,1.35],[1513008000000,1.36],[1513094400000,1.38],[1513180800000,1.39],[1513267200000,1.40],[1513526400000,1.43],[1513612800000,1.44],[1513699200000,1.46],[1513785600000,1.47],[1513872000000,1.48],[1514131200000,1.51],[1514217600000,1.53],[1514304000000,1.54],[1514390400000,1.55],[1514476800000,1.57],[1514822400000,1.62],[1514908800000,1.64],[1514995200000,1.65],[1515081600000,1.66],[1515340800000,1.69],[1515427200000,1.71],[1515513600000,1.72],[1515600000000,1.73],[1515686400000,1.74],[1515945600000,1.77],[1516032000000,1.79],[1516118400000,1.80],[1516204800000,1.81],[1516291200000,1.82],[1516550400000,1.86],[1516636800000,1.87],[1516723200000,1.88],[1516809600000,1.89],[1516896000000,1.90],[1517155200000,1.94],[1517241600000,1.95],[1517328000000,1.96],[1517414400000,1.97],[1517500800000,1.98],[1517760000000,2.02],[1517846400000,2.03]]},{"name":"沪深300","data":[[1502035200000,0],[1502121600000,0.15],[1502208000000,0.11],[1502294400000,-0.29],[1502380800000,-2.13],[1502640000000,-0.86],[1502726400000,-0.56],[1502812800000,-0.68],[1502899200000,-0.15],[1502985600000,-0.06],[1503244800000,0.38],[1503331200000,0.68],[1503417600000,0.79],[1503504000000,0.21],[1503590400000,1.85],[1503849600000,3.11],[1503936000000,2.89],[1504022400000,2.88],[1504108800000,2.56],[1504195200000,2.78],[1504454400000,3.19],[1504540800000,3.50],[1504627200000,3.29],[1504713600000,2.77],[1504800000000,2.66],[1505059200000,2.65],[1505145600000,2.98],[1505232000000,3.11],[1505318400000,2.77],[1505404800000,2.80],[1505664000000,3.12],[1505750400000,2.83],[1505836800000,3.10],[1505923200000,2.98],[1506009600000,2.98],[1506268800000,2.44],[1506355200000,2.52],[1506441600000,2.53],[1506528000000,2.57],[1506614400000,2.94],[1507478400000,4.17],[1507564800000,4.38],[1507651200000,4.72],[1507737600000,5.00],[1507824000000,5.21],[1508083200000,5.01],[1508169600000,5.00],[1508256000000,5.83],[1508342400000,5.49],[1508428800000,5.37],[1508688000000,5.47],[1508774400000,6.24],[1508860800000,6.71],[1508947200000,7.16],[1509033600000,7.92],[1509292800000,7.59],[1509379200000,7.51],[1509465600000,7.24],[1509552000000,7.25],[1509638400000,7.13],[1509897600000,7.89],[1509984000000,8.79],[1510070400000,8.62],[1510156800000,9.37],[1510243200000,10.33],[1510502400000,10.77],[1510588800000,10.00],[1510675200000,9.31],[1510761600000,10.15],[1510848000000,10.57],[1511107200000,11.19],[1511193600000,13.17],[1511280000000,13.44],[1511366400000,10.08],[1511452800000,10.13],[1511712000000,8.67],[1511798400000,8.83],[1511884800000,8.77],[1511971200000,7.49],[1512057600000,7.28],[1512316800000,7.84],[1512403200000,8.41],[1512489600000,7.76],[1512576000000,6.55],[1512662400000,7.42],[1512921600000,9.20],[1513008000000,7.76],[1513094400000,8.67],[1513180800000,8.03],[1513267200000,6.82],[1513526400000,6.94],[1513612800000,8.28],[1513699200000,8.15],[1513785600000,9.15],[1513872000000,8.80],[1514131200000,8.45],[1514217600000,8.77],[1514304000000,7.09],[1514390400000,7.84],[1514476800000,8.16],[1514822400000,9.68],[1514908800000,10.32],[1514995200000,10.79],[1515081600000,11.05],[1515340800000,11.63],[1515427200000,12.41],[1515513600000,12.91],[1515600000000,12.85],[1515686400000,13.37],[1515945600000,13.37],[1516032000000,14.27],[1516118400000,13.99],[1516204800000,14.61],[1516291200000,14.99],[1516550400000,16.36],[1516636800000,17.60],[1516723200000,17.79],[1516809600000,17.13],[1516896000000,17.56],[1517155200000,15.43],[1517241600000,14.20],[1517328000000,14.73],[1517414400000,13.93],[1517500800000,14.61],[1517760000000,14.69],[1517846400000,11.33]]}];
/*同类排名*/
var Data_rateInSimilarType = [{"x":1465142400000,"y":339,"sc":"402"},{"x":1465228800000,"y":341,"sc":"402"},{"x":1465315200000,"y":340,"sc":"402"},{"x":1465747200000,"y":347,"sc":"402"},{"x":1465833600000,"y":327,"sc":"402"},{"x":1465920000000,"y":327,"sc":"403"},{"x":1466006400000,"y":330,"sc":"403"},{"x":1466092800000,"y":330,"sc":"403"},{"x":1466352000000,"y":328,"sc":"403"},{"x":1466438400000,"y":328,"sc":"404"},{"x":1466524800000,"y":325,"sc":"404"},{"x":1466611200000,"y":340,"sc":"404"},{"x":1466697600000,"y":334,"sc":"404"},{"x":1466956800000,"y":335,"sc":"404"},{"x":1467043200000,"y":335,"sc":"404"},{"x":1467129600000,"y":330,"sc":"404"},{"x":1467216000000,"y":344,"sc":"404"},{"x":1467302400000,"y":344,"sc":"404"},{"x":1467561600000,"y":344,"sc":"404"},{"x":1467648000000,"y":341,"sc":"404"},{"x":1467734400000,"y":340,"sc":"404"},{"x":1467820800000,"y":338,"sc":"404"},{"x":1467907200000,"y":347,"sc":"404"},{"x":1468166400000,"y":357,"sc":"404"},{"x":1468252800000,"y":359,"sc":"404"},{"x":1468339200000,"y":348,"sc":"404"},{"x":1468425600000,"y":348,"sc":"404"},{"x":1468512000000,"y":346,"sc":"404"},{"x":1468771200000,"y":356,"sc":"404"},{"x":1468857600000,"y":364,"sc":"404"},{"x":1468944000000,"y":363,"sc":"405"},{"x":1469030400000,"y":363,"sc":"405"},{"x":1469116800000,"y":362,"sc":"405"},{"x":1469376000000,"y":363,"sc":"405"},{"x":1469462400000,"y":351,"sc":"405"},{"x":1469548800000,"y":346,"sc":"405"},{"x":1469635200000,"y":339,"sc":"407"},{"x":1469721600000,"y":332,"sc":"407"},{"x":1469980800000,"y":326,"sc":"407"},{"x":1470067200000,"y":309,"sc":"407"},{"x":1470153600000,"y":313,"sc":"407"},{"x":1470240000000,"y":311,"sc":"409"},{"x":1470326400000,"y":314,"sc":"409"},{"x":1470585600000,"y":304,"sc":"412"},{"x":1470672000000,"y":305,"sc":"413"},{"x":1470758400000,"y":304,"sc":"413"},{"x":1470844800000,"y":304,"sc":"413"},{"x":1470931200000,"y":302,"sc":"413"},{"x":1471190400000,"y":299,"sc":"413"},{"x":1471276800000,"y":296,"sc":"413"},{"x":1471363200000,"y":295,"sc":"414"},{"x":1471449600000,"y":295,"sc":"415"},{"x":1471536000000,"y":291,"sc":"415"},{"x":1471795200000,"y":288,"sc":"416"},{"x":1471881600000,"y":277,"sc":"416"},{"x":1471968000000,"y":267,"sc":"416"},{"x":1472054400000,"y":285,"sc":"416"},{"x":1472140800000,"y":286,"sc":"416"},{"x":1472400000000,"y":285,"sc":"416"},{"x":1472486400000,"y":285,"sc":"416"},{"x":1472572800000,"y":282,"sc":"416"},{"x":1472659200000,"y":278,"sc":"416"},{"x":1472745600000,"y":282,"sc":"417"},{"x":1473004800000,"y":268,"sc":"421"},{"x":1473091200000,"y":266,"sc":"421"},{"x":1473177600000,"y":268,"sc":"421"},{"x":1473264000000,"y":268,"sc":"423"},{"x":1473350400000,"y":269,"sc":"424"},{"x":1473609600000,"y":262,"sc":"424"},{"x":1473696000000,"y":263,"sc":"424"},{"x":1473782400000,"y":302,"sc":"424"},{"x":1474214400000,"y":290,"sc":"424"},{"x":1474300800000,"y":290,"sc":"424"},{"x":1474387200000,"y":290,"sc":"424"},{"x":1474473600000,"y":293,"sc":"427"},{"x":1474560000000,"y":296,"sc":"427"},{"x":1474819200000,"y":297,"sc":"430"},{"x":1474905600000,"y":290,"sc":"430"},{"x":1474992000000,"y":281,"sc":"430"},{"x":1475078400000,"y":284,"sc":"432"},{"x":1475164800000,"y":285,"sc":"432"},{"x":1476028800000,"y":286,"sc":"434"},{"x":1476115200000,"y":262,"sc":"434"},{"x":1476201600000,"y":261,"sc":"435"},{"x":1476288000000,"y":280,"sc":"437"},{"x":1476374400000,"y":281,"sc":"435"},{"x":1476633600000,"y":282,"sc":"436"},{"x":1476720000000,"y":281,"sc":"438"},{"x":1476806400000,"y":279,"sc":"437"},{"x":1476892800000,"y":278,"sc":"437"},{"x":1476979200000,"y":281,"sc":"437"},{"x":1477238400000,"y":286,"sc":"440"},{"x":1477324800000,"y":281,"sc":"440"},{"x":1477411200000,"y":313,"sc":"441"},{"x":1477497600000,"y":312,"sc":"441"},{"x":1477584000000,"y":317,"sc":"445"},{"x":1477843200000,"y":321,"sc":"447"},{"x":1477929600000,"y":321,"sc":"447"},{"x":1478016000000,"y":318,"sc":"447"},{"x":1478102400000,"y":318,"sc":"447"},{"x":1478188800000,"y":323,"sc":"448"},{"x":1478448000000,"y":326,"sc":"450"},{"x":1478534400000,"y":327,"sc":"450"},{"x":1478620800000,"y":327,"sc":"450"},{"x":1478707200000,"y":331,"sc":"450"},{"x":1478793600000,"y":240,"sc":"450"},{"x":1479052800000,"y":241,"sc":"450"},{"x":1479139200000,"y":242,"sc":"450"},{"x":1479225600000,"y":258,"sc":"450"},{"x":1479312000000,"y":267,"sc":"450"},{"x":1479398400000,"y":287,"sc":"450"},{"x":1479657600000,"y":343,"sc":"451"},{"x":1479744000000,"y":356,"sc":"451"},{"x":1479830400000,"y":364,"sc":"451"},{"x":1479916800000,"y":379,"sc":"451"},{"x":1480003200000,"y":390,"sc":"451"},{"x":1480262400000,"y":406,"sc":"451"},{"x":1480348800000,"y":409,"sc":"452"},{"x":1480435200000,"y":413,"sc":"452"},{"x":1480521600000,"y":416,"sc":"452"},{"x":1480608000000,"y":423,"sc":"455"},{"x":1480867200000,"y":431,"sc":"455"},{"x":1480953600000,"y":433,"sc":"455"},{"x":1481040000000,"y":435,"sc":"455"},{"x":1481126400000,"y":436,"sc":"455"},{"x":1481212800000,"y":438,"sc":"456"},{"x":1481472000000,"y":443,"sc":"457"},{"x":1481558400000,"y":445,"sc":"458"},{"x":1481644800000,"y":445,"sc":"458"},{"x":1481731200000,"y":445,"sc":"458"},{"x":1481817600000,"y":446,"sc":"458"},{"x":1482076800000,"y":449,"sc":"458"},{"x":1482163200000,"y":449,"sc":"458"},{"x":1482249600000,"y":450,"sc":"458"},{"x":1482336000000,"y":451,"sc":"459"},{"x":1482422400000,"y":454,"sc":"463"},{"x":1482681600000,"y":455,"sc":"464"},{"x":1482768000000,"y":455,"sc":"464"},{"x":1482854400000,"y":457,"sc":"466"},{"x":1482940800000,"y":457,"sc":"466"},{"x":1483027200000,"y":460,"sc":"469"},{"x":1483372800000,"y":460,"sc":"469"},{"x":1483459200000,"y":459,"sc":"468"},{"x":1483545600000,"y":460,"sc":"469"},{"x":1483632000000,"y":460,"sc":"469"},{"x":1483891200000,"y":460,"sc":"469"},{"x":1483977600000,"y":460,"sc":"469"},{"x":1484064000000,"y":461,"sc":"469"},{"x":1484150400000,"y":462,"sc":"469"},{"x":1484236800000,"y":462,"sc":"469"},{"x":1484496000000,"y":465,"sc":"472"},{"x":1484582400000,"y":467,"sc":"474"},{"x":1484668800000,"y":469,"sc":"476"},{"x":1484755200000,"y":469,"sc":"476"},{"x":1484841600000,"y":469,"sc":"476"},{"x":1485100800000,"y":474,"sc":"481"},{"x":1485187200000,"y":475,"sc":"482"},{"x":1485273600000,"y":477,"sc":"484"},{"x":1485360000000,"y":478,"sc":"485"},{"x":1486051200000,"y":482,"sc":"489"},{"x":1486310400000,"y":484,"sc":"491"},{"x":1486396800000,"y":484,"sc":"491"},{"x":1486483200000,"y":484,"sc":"491"},{"x":1486569600000,"y":484,"sc":"491"},{"x":1486656000000,"y":487,"sc":"494"},{"x":1486915200000,"y":489,"sc":"496"},{"x":1487001600000,"y":489,"sc":"496"},{"x":1487088000000,"y":489,"sc":"496"},{"x":1487174400000,"y":489,"sc":"496"},{"x":1487260800000,"y":489,"sc":"496"},{"x":1487520000000,"y":489,"sc":"496"},{"x":1487606400000,"y":489,"sc":"496"},{"x":1487692800000,"y":489,"sc":"496"},{"x":1487779200000,"y":491,"sc":"498"},{"x":1487865600000,"y":493,"sc":"500"},{"x":1488124800000,"y":496,"sc":"503"},{"x":1488211200000,"y":496,"sc":"503"},{"x":1488297600000,"y":496,"sc":"503"},{"x":1488384000000,"y":504,"sc":"511"},{"x":1488470400000,"y":504,"sc":"511"},{"x":1488729600000,"y":506,"sc":"513"},{"x":1488816000000,"y":508,"sc":"515"},{"x":1488902400000,"y":509,"sc":"516"},{"x":1488988800000,"y":511,"sc":"518"},{"x":1489075200000,"y":511,"sc":"518"},{"x":1489334400000,"y":511,"sc":"518"},{"x":1489420800000,"y":511,"sc":"518"},{"x":1489507200000,"y":511,"sc":"518"},{"x":1489593600000,"y":513,"sc":"520"},{"x":1489680000000,"y":513,"sc":"520"},{"x":1489939200000,"y":515,"sc":"522"},{"x":1490025600000,"y":515,"sc":"522"},{"x":1490112000000,"y":517,"sc":"524"},{"x":1490198400000,"y":523,"sc":"530"},{"x":1490284800000,"y":523,"sc":"530"},{"x":1490544000000,"y":527,"sc":"534"},{"x":1490630400000,"y":528,"sc":"535"},{"x":1490716800000,"y":528,"sc":"535"},{"x":1490803200000,"y":531,"sc":"538"},{"x":1490889600000,"y":531,"sc":"538"},{"x":1491321600000,"y":531,"sc":"538"},{"x":1491408000000,"y":533,"sc":"540"},{"x":1491494400000,"y":533,"sc":"540"},{"x":1491753600000,"y":533,"sc":"540"},{"x":1491840000000,"y":533,"sc":"540"},{"x":1491926400000,"y":533,"sc":"540"},{"x":1492012800000,"y":534,"sc":"541"},{"x":1492099200000,"y":534,"sc":"541"},{"x":1492358400000,"y":536,"sc":"543"},{"x":1492444800000,"y":536,"sc":"543"},{"x":1492531200000,"y":536,"sc":"543"},{"x":1492617600000,"y":538,"sc":"545"},{"x":1492704000000,"y":538,"sc":"545"},{"x":1492963200000,"y":538,"sc":"545"},{"x":1493049600000,"y":540,"sc":"547"},{"x":1493136000000,"y":542,"sc":"549"},{"x":1493222400000,"y":542,"sc":"549"},{"x":1493308800000,"y":542,"sc":"549"},{"x":1493654400000,"y":541,"sc":"549"},{"x":1493740800000,"y":542,"sc":"550"},{"x":1493827200000,"y":542,"sc":"550"},{"x":1493913600000,"y":542,"sc":"550"},{"x":1494172800000,"y":541,"sc":"550"},{"x":1494259200000,"y":540,"sc":"550"},{"x":1494345600000,"y":540,"sc":"550"},{"x":1494432000000,"y":540,"sc":"550"},{"x":1494518400000,"y":540,"sc":"550"},{"x":1494777600000,"y":544,"sc":"554"},{"x":1494864000000,"y":545,"sc":"556"},{"x":1494950400000,"y":549,"sc":"560"},{"x":1495036800000,"y":549,"sc":"560"},{"x":1495123200000,"y":549,"sc":"560"},{"x":1495382400000,"y":546,"sc":"560"},{"x":1495468800000,"y":545,"sc":"562"},{"x":1495555200000,"y":547,"sc":"564"},{"x":1495641600000,"y":547,"sc":"564"},{"x":1495728000000,"y":547,"sc":"564"},{"x":1496160000000,"y":543,"sc":"564"},{"x":1496246400000,"y":543,"sc":"564"},{"x":1496332800000,"y":542,"sc":"564"},{"x":1496592000000,"y":539,"sc":"566"},{"x":1496678400000,"y":538,"sc":"566"},{"x":1496764800000,"y":538,"sc":"566"},{"x":1496851200000,"y":537,"sc":"566"},{"x":1496937600000,"y":534,"sc":"566"},{"x":1497196800000,"y":528,"sc":"574"},{"x":1497283200000,"y":526,"sc":"574"},{"x":1497369600000,"y":519,"sc":"575"},{"x":1497456000000,"y":515,"sc":"575"},{"x":1497542400000,"y":508,"sc":"575"},{"x":1497801600000,"y":481,"sc":"577"},{"x":1497888000000,"y":464,"sc":"577"},{"x":1497974400000,"y":451,"sc":"575"},{"x":1498060800000,"y":431,"sc":"575"},{"x":1498147200000,"y":419,"sc":"576"},{"x":1498406400000,"y":347,"sc":"579"},{"x":1498492800000,"y":287,"sc":"579"},{"x":1498579200000,"y":254,"sc":"579"},{"x":1498665600000,"y":219,"sc":"579"},{"x":1498752000000,"y":196,"sc":"582"},{"x":1499011200000,"y":168,"sc":"582"},{"x":1499097600000,"y":215,"sc":"582"},{"x":1499184000000,"y":210,"sc":"583"},{"x":1499270400000,"y":215,"sc":"583"},{"x":1499356800000,"y":198,"sc":"583"},{"x":1499616000000,"y":194,"sc":"583"},{"x":1499702400000,"y":189,"sc":"583"},{"x":1499788800000,"y":183,"sc":"583"},{"x":1499875200000,"y":179,"sc":"583"},{"x":1499961600000,"y":175,"sc":"586"},{"x":1500220800000,"y":161,"sc":"586"},{"x":1500307200000,"y":161,"sc":"586"},{"x":1500393600000,"y":152,"sc":"589"},{"x":1500480000000,"y":149,"sc":"589"},{"x":1500566400000,"y":148,"sc":"593"},{"x":1500825600000,"y":136,"sc":"593"},{"x":1500912000000,"y":136,"sc":"593"},{"x":1500998400000,"y":134,"sc":"594"},{"x":1501084800000,"y":133,"sc":"594"},{"x":1501171200000,"y":131,"sc":"594"},{"x":1501430400000,"y":115,"sc":"594"},{"x":1501516800000,"y":122,"sc":"594"},{"x":1501603200000,"y":122,"sc":"594"},{"x":1501689600000,"y":120,"sc":"594"},{"x":1501776000000,"y":120,"sc":"594"},{"x":1502035200000,"y":119,"sc":"596"},{"x":1502121600000,"y":118,"sc":"596"},{"x":1502208000000,"y":115,"sc":"596"},{"x":1502294400000,"y":116,"sc":"596"},{"x":1502380800000,"y":115,"sc":"596"},{"x":1502640000000,"y":111,"sc":"596"},{"x":1502726400000,"y":107,"sc":"596"},{"x":1502812800000,"y":102,"sc":"596"},{"x":1502899200000,"y":101,"sc":"596"},{"x":1502985600000,"y":100,"sc":"596"},{"x":1503244800000,"y":96,"sc":"597"},{"x":1503331200000,"y":96,"sc":"597"},{"x":1503417600000,"y":92,"sc":"597"},{"x":1503504000000,"y":92,"sc":"596"},{"x":1503590400000,"y":92,"sc":"596"},{"x":1503849600000,"y":82,"sc":"600"},{"x":1503936000000,"y":80,"sc":"600"},{"x":1504022400000,"y":91,"sc":"600"},{"x":1504108800000,"y":92,"sc":"601"},{"x":1504195200000,"y":94,"sc":"601"},{"x":1504454400000,"y":98,"sc":"601"},{"x":1504540800000,"y":98,"sc":"601"},{"x":1504627200000,"y":85,"sc":"601"},{"x":1504713600000,"y":84,"sc":"601"},{"x":1504800000000,"y":86,"sc":"601"},{"x":1505059200000,"y":88,"sc":"603"},{"x":1505145600000,"y":87,"sc":"603"},{"x":1505232000000,"y":89,"sc":"603"},{"x":1505318400000,"y":90,"sc":"605"},{"x":1505404800000,"y":92,"sc":"605"},{"x":1505664000000,"y":93,"sc":"606"},{"x":1505750400000,"y":94,"sc":"606"},{"x":1505836800000,"y":93,"sc":"603"},{"x":1505923200000,"y":92,"sc":"603"},{"x":1506009600000,"y":92,"sc":"603"},{"x":1506268800000,"y":96,"sc":"603"},{"x":1506355200000,"y":95,"sc":"603"},{"x":1506441600000,"y":121,"sc":"604"},{"x":1506528000000,"y":125,"sc":"604"},{"x":1506614400000,"y":124,"sc":"606"},{"x":1507478400000,"y":133,"sc":"606"},{"x":1507564800000,"y":121,"sc":"607"},{"x":1507651200000,"y":120,"sc":"607"},{"x":1507737600000,"y":184,"sc":"611"},{"x":1507824000000,"y":185,"sc":"611"},{"x":1508083200000,"y":191,"sc":"612"},{"x":1508169600000,"y":167,"sc":"612"},{"x":1508256000000,"y":166,"sc":"611"},{"x":1508342400000,"y":175,"sc":"611"},{"x":1508428800000,"y":176,"sc":"611"},{"x":1508688000000,"y":174,"sc":"606"},{"x":1508774400000,"y":180,"sc":"606"},{"x":1508860800000,"y":177,"sc":"607"},{"x":1508947200000,"y":176,"sc":"607"},{"x":1509033600000,"y":191,"sc":"607"},{"x":1509292800000,"y":190,"sc":"609"},{"x":1509379200000,"y":192,"sc":"610"},{"x":1509465600000,"y":193,"sc":"610"},{"x":1509552000000,"y":189,"sc":"613"},{"x":1509638400000,"y":189,"sc":"617"},{"x":1509897600000,"y":194,"sc":"621"},{"x":1509984000000,"y":194,"sc":"621"},{"x":1510070400000,"y":195,"sc":"621"},{"x":1510156800000,"y":198,"sc":"623"},{"x":1510243200000,"y":199,"sc":"623"},{"x":1510502400000,"y":205,"sc":"633"},{"x":1510588800000,"y":204,"sc":"635"},{"x":1510675200000,"y":205,"sc":"635"},{"x":1510761600000,"y":204,"sc":"635"},{"x":1510848000000,"y":205,"sc":"636"},{"x":1511107200000,"y":208,"sc":"636"},{"x":1511193600000,"y":210,"sc":"636"},{"x":1511280000000,"y":210,"sc":"636"},{"x":1511366400000,"y":220,"sc":"636"},{"x":1511452800000,"y":233,"sc":"637"},{"x":1511712000000,"y":243,"sc":"640"},{"x":1511798400000,"y":245,"sc":"640"},{"x":1511884800000,"y":244,"sc":"640"},{"x":1511971200000,"y":238,"sc":"641"},{"x":1512057600000,"y":238,"sc":"643"},{"x":1512316800000,"y":240,"sc":"643"},{"x":1512403200000,"y":240,"sc":"643"},{"x":1512489600000,"y":242,"sc":"643"},{"x":1512576000000,"y":235,"sc":"644"},{"x":1512662400000,"y":233,"sc":"652"},{"x":1512921600000,"y":246,"sc":"652"},{"x":1513008000000,"y":251,"sc":"653"},{"x":1513094400000,"y":263,"sc":"653"},{"x":1513180800000,"y":273,"sc":"654"},{"x":1513267200000,"y":276,"sc":"656"},{"x":1513526400000,"y":281,"sc":"656"},{"x":1513612800000,"y":286,"sc":"656"},{"x":1513699200000,"y":297,"sc":"656"},{"x":1513785600000,"y":299,"sc":"655"},{"x":1513872000000,"y":302,"sc":"655"},{"x":1514131200000,"y":316,"sc":"655"},{"x":1514217600000,"y":320,"sc":"655"},{"x":1514304000000,"y":323,"sc":"654"},{"x":1514390400000,"y":338,"sc":"655"},{"x":1514476800000,"y":356,"sc":"655"},{"x":1514822400000,"y":406,"sc":"655"},{"x":1514908800000,"y":398,"sc":"655"},{"x":1514995200000,"y":381,"sc":"655"},{"x":1515081600000,"y":371,"sc":"655"},{"x":1515340800000,"y":462,"sc":"655"},{"x":1515427200000,"y":452,"sc":"655"},{"x":1515513600000,"y":449,"sc":"656"},{"x":1515600000000,"y":454,"sc":"657"},{"x":1515686400000,"y":456,"sc":"657"},{"x":1515945600000,"y":445,"sc":"657"},{"x":1516032000000,"y":452,"sc":"657"},{"x":1516118400000,"y":486,"sc":"657"},{"x":1516204800000,"y":488,"sc":"657"},{"x":1516291200000,"y":493,"sc":"657"},{"x":1516550400000,"y":508,"sc":"657"},{"x":1516636800000,"y":514,"sc":"657"},{"x":1516723200000,"y":515,"sc":"657"},{"x":1516809600000,"y":523,"sc":"657"},{"x":1516896000000,"y":528,"sc":"655"},{"x":1517155200000,"y":521,"sc":"656"},{"x":1517241600000,"y":527,"sc":"656"},{"x":1517328000000,"y":524,"sc":"656"},{"x":1517414400000,"y":527,"sc":"656"},{"x":1517500800000,"y":531,"sc":"656"},{"x":1517760000000,"y":542,"sc":"656"},{"x":1517846400000,"y":541,"sc":"656"}];
/*百分比排名*/
var Data_rateInSimilarPersent = [[1465142400000,15.6700],[1465228800000,15.1700],[1465315200000,15.4200],[1465747200000,13.6800],[1465833600000,18.6600],[1465920000000,18.8600],[1466006400000,18.1100],[1466092800000,18.1100],[1466352000000,18.6100],[1466438400000,18.8100],[1466524800000,19.5500],[1466611200000,15.8400],[1466697600000,17.3300],[1466956800000,17.0800],[1467043200000,17.0800],[1467129600000,18.3200],[1467216000000,14.8500],[1467302400000,14.8500],[1467561600000,14.8500],[1467648000000,15.5900],[1467734400000,15.8400],[1467820800000,16.3400],[1467907200000,14.1100],[1468166400000,11.6300],[1468252800000,11.1400],[1468339200000,13.8600],[1468425600000,13.8600],[1468512000000,14.3600],[1468771200000,11.8800],[1468857600000,9.9000],[1468944000000,10.3700],[1469030400000,10.3700],[1469116800000,10.6200],[1469376000000,10.3700],[1469462400000,13.3300],[1469548800000,14.5700],[1469635200000,16.7100],[1469721600000,18.4300],[1469980800000,19.9000],[1470067200000,24.0800],[1470153600000,23.1000],[1470240000000,23.9600],[1470326400000,23.2300],[1470585600000,26.2100],[1470672000000,26.1500],[1470758400000,26.3900],[1470844800000,26.3900],[1470931200000,26.8800],[1471190400000,27.6000],[1471276800000,28.3300],[1471363200000,28.7400],[1471449600000,28.9200],[1471536000000,29.8800],[1471795200000,30.7700],[1471881600000,33.4100],[1471968000000,35.8200],[1472054400000,31.4900],[1472140800000,31.2500],[1472400000000,31.4900],[1472486400000,31.4900],[1472572800000,32.2100],[1472659200000,33.1700],[1472745600000,32.3700],[1473004800000,36.3400],[1473091200000,36.8200],[1473177600000,36.3400],[1473264000000,36.6400],[1473350400000,36.5600],[1473609600000,38.2100],[1473696000000,37.9700],[1473782400000,28.7700],[1474214400000,31.6000],[1474300800000,31.6000],[1474387200000,31.6000],[1474473600000,31.3800],[1474560000000,30.6800],[1474819200000,30.9300],[1474905600000,32.5600],[1474992000000,34.6500],[1475078400000,34.2600],[1475164800000,34.0300],[1476028800000,34.1000],[1476115200000,39.6300],[1476201600000,40.00],[1476288000000,35.9300],[1476374400000,35.4000],[1476633600000,35.3200],[1476720000000,35.8400],[1476806400000,36.1600],[1476892800000,36.3800],[1476979200000,35.7000],[1477238400000,35.00],[1477324800000,36.1400],[1477411200000,29.0200],[1477497600000,29.2500],[1477584000000,28.7600],[1477843200000,28.1900],[1477929600000,28.1900],[1478016000000,28.8600],[1478102400000,28.8600],[1478188800000,27.9000],[1478448000000,27.5600],[1478534400000,27.3300],[1478620800000,27.3300],[1478707200000,26.4400],[1478793600000,46.6700],[1479052800000,46.4400],[1479139200000,46.2200],[1479225600000,42.6700],[1479312000000,40.6700],[1479398400000,36.2200],[1479657600000,23.9500],[1479744000000,21.0600],[1479830400000,19.2900],[1479916800000,15.9600],[1480003200000,13.5300],[1480262400000,9.9800],[1480348800000,9.5100],[1480435200000,8.6300],[1480521600000,7.9600],[1480608000000,7.0300],[1480867200000,5.2700],[1480953600000,4.8400],[1481040000000,4.4000],[1481126400000,4.1800],[1481212800000,3.9500],[1481472000000,3.0600],[1481558400000,2.8400],[1481644800000,2.8400],[1481731200000,2.8400],[1481817600000,2.6200],[1482076800000,1.9700],[1482163200000,1.9700],[1482249600000,1.7500],[1482336000000,1.7400],[1482422400000,1.9400],[1482681600000,1.9400],[1482768000000,1.9400],[1482854400000,1.9300],[1482940800000,1.9300],[1483027200000,1.9200],[1483372800000,1.9200],[1483459200000,1.9200],[1483545600000,1.9200],[1483632000000,1.9200],[1483891200000,1.9200],[1483977600000,1.9200],[1484064000000,1.7100],[1484150400000,1.4900],[1484236800000,1.4900],[1484496000000,1.4800],[1484582400000,1.4800],[1484668800000,1.4700],[1484755200000,1.4700],[1484841600000,1.4700],[1485100800000,1.4600],[1485187200000,1.4500],[1485273600000,1.4500],[1485360000000,1.4400],[1486051200000,1.4300],[1486310400000,1.4300],[1486396800000,1.4300],[1486483200000,1.4300],[1486569600000,1.4300],[1486656000000,1.4200],[1486915200000,1.4100],[1487001600000,1.4100],[1487088000000,1.4100],[1487174400000,1.4100],[1487260800000,1.4100],[1487520000000,1.4100],[1487606400000,1.4100],[1487692800000,1.4100],[1487779200000,1.4100],[1487865600000,1.4000],[1488124800000,1.3900],[1488211200000,1.3900],[1488297600000,1.3900],[1488384000000,1.3700],[1488470400000,1.3700],[1488729600000,1.3600],[1488816000000,1.3600],[1488902400000,1.3600],[1488988800000,1.3500],[1489075200000,1.3500],[1489334400000,1.3500],[1489420800000,1.3500],[1489507200000,1.3500],[1489593600000,1.3500],[1489680000000,1.3500],[1489939200000,1.3400],[1490025600000,1.3400],[1490112000000,1.3400],[1490198400000,1.3200],[1490284800000,1.3200],[1490544000000,1.3100],[1490630400000,1.3100],[1490716800000,1.3100],[1490803200000,1.3000],[1490889600000,1.3000],[1491321600000,1.3000],[1491408000000,1.3000],[1491494400000,1.3000],[1491753600000,1.3000],[1491840000000,1.3000],[1491926400000,1.3000],[1492012800000,1.2900],[1492099200000,1.2900],[1492358400000,1.2900],[1492444800000,1.2900],[1492531200000,1.2900],[1492617600000,1.2800],[1492704000000,1.2800],[1492963200000,1.2800],[1493049600000,1.2800],[1493136000000,1.2800],[1493222400000,1.2800],[1493308800000,1.2800],[1493654400000,1.4600],[1493740800000,1.4500],[1493827200000,1.4500],[1493913600000,1.4500],[1494172800000,1.6400],[1494259200000,1.8200],[1494345600000,1.8200],[1494432000000,1.8200],[1494518400000,1.8200],[1494777600000,1.8100],[1494864000000,1.9800],[1494950400000,1.9600],[1495036800000,1.9600],[1495123200000,1.9600],[1495382400000,2.5000],[1495468800000,3.0200],[1495555200000,3.0100],[1495641600000,3.0100],[1495728000000,3.0100],[1496160000000,3.7200],[1496246400000,3.7200],[1496332800000,3.9000],[1496592000000,4.7700],[1496678400000,4.9500],[1496764800000,4.9500],[1496851200000,5.1200],[1496937600000,5.6500],[1497196800000,8.0100],[1497283200000,8.3600],[1497369600000,9.7400],[1497456000000,10.4300],[1497542400000,11.6500],[1497801600000,16.6400],[1497888000000,19.5800],[1497974400000,21.5700],[1498060800000,25.0400],[1498147200000,27.2600],[1498406400000,40.0700],[1498492800000,50.4300],[1498579200000,56.1300],[1498665600000,62.1800],[1498752000000,66.3200],[1499011200000,71.1300],[1499097600000,63.0600],[1499184000000,63.9800],[1499270400000,63.1200],[1499356800000,66.0400],[1499616000000,66.7200],[1499702400000,67.5800],[1499788800000,68.6100],[1499875200000,69.3000],[1499961600000,70.1400],[1500220800000,72.5300],[1500307200000,72.5300],[1500393600000,74.1900],[1500480000000,74.7000],[1500566400000,75.0400],[1500825600000,77.0700],[1500912000000,77.0700],[1500998400000,77.4400],[1501084800000,77.6100],[1501171200000,77.9500],[1501430400000,80.6400],[1501516800000,79.4600],[1501603200000,79.4600],[1501689600000,79.8000],[1501776000000,79.8000],[1502035200000,80.0300],[1502121600000,80.2000],[1502208000000,80.7000],[1502294400000,80.5400],[1502380800000,80.7000],[1502640000000,81.3800],[1502726400000,82.0500],[1502812800000,82.8900],[1502899200000,83.0500],[1502985600000,83.2200],[1503244800000,83.9200],[1503331200000,83.9200],[1503417600000,84.5900],[1503504000000,84.5600],[1503590400000,84.5600],[1503849600000,86.3300],[1503936000000,86.6700],[1504022400000,84.8300],[1504108800000,84.6900],[1504195200000,84.3600],[1504454400000,83.6900],[1504540800000,83.6900],[1504627200000,85.8600],[1504713600000,86.0200],[1504800000000,85.6900],[1505059200000,85.4100],[1505145600000,85.5700],[1505232000000,85.2400],[1505318400000,85.1200],[1505404800000,84.7900],[1505664000000,84.6500],[1505750400000,84.4900],[1505836800000,84.5800],[1505923200000,84.7400],[1506009600000,84.7400],[1506268800000,84.0800],[1506355200000,84.2500],[1506441600000,79.9700],[1506528000000,79.3000],[1506614400000,79.5400],[1507478400000,78.0500],[1507564800000,80.0700],[1507651200000,80.2300],[1507737600000,69.8900],[1507824000000,69.7200],[1508083200000,68.7900],[1508169600000,72.7100],[1508256000000,72.8300],[1508342400000,71.3600],[1508428800000,71.1900],[1508688000000,71.2900],[1508774400000,70.3000],[1508860800000,70.8400],[1508947200000,71.00],[1509033600000,68.5300],[1509292800000,68.8000],[1509379200000,68.5200],[1509465600000,68.3600],[1509552000000,69.1700],[1509638400000,69.3700],[1509897600000,68.7600],[1509984000000,68.7600],[1510070400000,68.6000],[1510156800000,68.2200],[1510243200000,68.0600],[1510502400000,67.6100],[1510588800000,67.8700],[1510675200000,67.7200],[1510761600000,67.8700],[1510848000000,67.7700],[1511107200000,67.3000],[1511193600000,66.9800],[1511280000000,66.9800],[1511366400000,65.4100],[1511452800000,63.4200],[1511712000000,62.0300],[1511798400000,61.7200],[1511884800000,61.8700],[1511971200000,62.8700],[1512057600000,62.9900],[1512316800000,62.6700],[1512403200000,62.6700],[1512489600000,62.3600],[1512576000000,63.5100],[1512662400000,64.2600],[1512921600000,62.2700],[1513008000000,61.5600],[1513094400000,59.7200],[1513180800000,58.2600],[1513267200000,57.9300],[1513526400000,57.1600],[1513612800000,56.4000],[1513699200000,54.7300],[1513785600000,54.3500],[1513872000000,53.8900],[1514131200000,51.7600],[1514217600000,51.1500],[1514304000000,50.6100],[1514390400000,48.4000],[1514476800000,45.6500],[1514822400000,38.0200],[1514908800000,39.2400],[1514995200000,41.8300],[1515081600000,43.3600],[1515340800000,29.4700],[1515427200000,30.9900],[1515513600000,31.5500],[1515600000000,30.9000],[1515686400000,30.5900],[1515945600000,32.2700],[1516032000000,31.2000],[1516118400000,26.0300],[1516204800000,25.7200],[1516291200000,24.9600],[1516550400000,22.6800],[1516636800000,21.7700],[1516723200000,21.6100],[1516809600000,20.4000],[1516896000000,19.3900],[1517155200000,20.5800],[1517241600000,19.6600],[1517328000000,20.1200],[1517414400000,19.6600],[1517500800000,19.0500],[1517760000000,17.3800],[1517846400000,17.5300]];
/*规模变动*/
var Data_fluctuationScale = {"categories":["2016-12-31","2017-03-31","2017-06-30","2017-09-30","2017-12-31"],"series":[{"y":0.00,"mom":"-100.00%"},{"y":13.50,"mom":"--"},{"y":5.65,"mom":"-58.14%"},{"y":11.97,"mom":"111.75%"},{"y":7.80,"mom":"-34.84%"}]};;
/*持有人结构*/
var Data_holderStructure = {"series":[{"name":"机构持有比例","data":[]},{"name":"个人持有比例","data":[]},{"name":"内部持有比例","data":[]}],"categories":[]};
/*申购赎回*/
var Data_assetAllocation ={"series":[{"name":"期间申购","data":[0.14,0.06,0.30,0.25]},{"name":"期间赎回","data":[0.00,0.14,0.24,0.29]},{"name":"总份额","data":[0.14,0.06,0.12,0.08]}],"categories":["2017-03-31","2017-06-30","2017-09-30","2017-12-31"]};
/*现任基金经理*/
var Data_currentFundManager = [{"id":"30176370","pic":"https://pdf.dfcfw.com/pdf/H8_JPG30176370_1.jpg","name":"郑青","star":3,"workTime":"5年又224天","fundSize":"298.52亿(6只基金)","power":{"avr":"52.31","categories":["经验值","收益率","影响力","稳定性","管理规模"],"dsc":["反映基金经理从业年限和管理基金的经验","根据基金经理投资的阶段收益评分，反映\u003cbr\u003e基金经理投资的盈利能力","根据基金经理所管理基金的机构和个人投\u003cbr\u003e资者持有比例评分","反映基金经理投资收益的波动","根据基金经理现任管理基金资产规模评分"],"data":[88.70,43.20,30.30,58.10,54.50],"jzrq":"2018-02-06"},"profit":{"categories":["任期收益","同类平均"],"series":[{"data":[{"name":null,"color":"#7cb5ec","y":5.2607},{"name":null,"color":"#414c7b","y":6.46}]}],"jzrq":"2018-02-06"}},{"id":"30180919","pic":"https://pdf.dfcfw.com/pdf/H8_JPG30180919_1.jpg","name":"朱向临","star":3,"workTime":"1年又203天","fundSize":"143.81亿(4只基金)","power":{"avr":"44.41","categories":["经验值","收益率","影响力","稳定性","管理规模"],"dsc":["反映基金经理从业年限和管理基金的经验","根据基金经理投资的阶段收益评分，反映\u003cbr\u003e基金经理投资的盈利能力","根据基金经理所管理基金的机构和个人投\u003cbr\u003e资者持有比例评分","反映基金经理投资收益的波动","根据基金经理现任管理基金资产规模评分"],"data":[43.60,25.30,16.70,70.90,38.60],"jzrq":"2018-02-06"},"profit":{"categories":["任期收益","同类平均"],"series":[{"data":[{"name":null,"color":"#7cb5ec","y":4.3503},{"name":null,"color":"#414c7b","y":5.46}]}],"jzrq":"2018-02-06"}}] ;
/*同类型基金涨幅榜（页面底部通栏）*/
var swithSameType = [['002895_华夏天利货币B_5.8750','002894_华夏天利货币A_5.6210','004398_融通现金宝货币B_5.3370','000902_国开货币B_5.3360','001478_泰康薪意保货币B_5.1400'],['002895_华夏天利货币B_5.26','004973_长城收益宝货币B_5.08','004904_人保货币B_5.05','002884_华润元大现金通货币B_5.01','002894_华夏天利货币A_5.01'],['004973_长城收益宝货币B_5.05','004770_海富通添益货币A_4.99','002884_华润元大现金通货币B_4.99','005151_红土创新优淳货币B_4.90','002895_华夏天利货币B_4.89'],['004770_海富通添益货币A_5.39','004973_长城收益宝货币B_5.13','002884_华润元大现金通货币B_5.03','002895_华夏天利货币B_5.03','004398_融通现金宝货币B_5.01'],['003679_中融现金增利货币C_4.67','003474_南方天天利货币B_4.55','000836_国投瑞银钱多宝货币A_4.52','000837_国投瑞银钱多宝货币I_4.52','003753_工银如意货币B_4.51']];