/**
 * 测试数据
 * @type {arry}
 */
/*2018-02-06 15:57:53*/
//基金或股票信息
var fS_name = "嘉实1个月理财债券E";
var fS_code = "000486";
var fund_minsg="";
var ishb=true;
/*原费率*/
var fund_sourceRate="0";
/*现费率*/
var fund_Rate="0";
/*最小申购金额*/
var fund_minsg="";
/*收益率*/
/*近一年收益率*/
var syl_1n="1.7955";
/*近6月收益率*/
var syl_6y="0.9285";
/*近三月收益率*/
var syl_3y="0.4719";
/*近一月收益率*/
var syl_1y="0.4697";
/* 基金收益走势图 每万份收益*/
var Data_millionCopiesIncome = [[1387814400000,2.2499],[1387900800000,2.2362],[1387987200000,2.2362],[1388073600000,2.2362],[1388246400000,4.4724],[1388332800000,2.2362],[1388419200000,2.2362],[1388505600000,2.2345],[1388592000000,2.2344],[1388678400000,2.2345],[1388851200000,4.4689],[1388937600000,2.2345],[1389024000000,2.2345],[1389110400000,2.2345],[1389196800000,2.2345],[1389283200000,2.2345],[1389456000000,4.4689],[1389542400000,2.2345],[1389628800000,2.2345],[1389715200000,2.2345],[1389801600000,2.2345],[1389888000000,2.2314],[1390060800000,4.4689],[1390147200000,2.2345],[1390233600000,2.2345],[1390320000000,-0.233],[1391875200000,0.0],[1395504000000,0.0],[1409414400000,0.0],[1409500800000,0.0],[1482249600000,0.0355],[1482336000000,0.6932],[1482422400000,1.3789],[1482508800000,1.3789],[1482595200000,1.3789],[1482681600000,1.3789],[1482768000000,1.3779],[1482854400000,1.3779],[1482940800000,1.3779],[1483027200000,1.3779],[1483113600000,1.3779],[1483200000000,1.3788],[1483286400000,1.3788],[1483372800000,1.3788],[1483459200000,1.3788],[1483545600000,1.3788],[1483632000000,1.3788],[1483718400000,1.3788],[1483804800000,1.3788],[1483891200000,1.3788],[1483977600000,1.3788],[1484064000000,1.3788],[1484150400000,1.3788],[1484236800000,1.3788],[1484323200000,1.3788],[1484409600000,1.3788],[1484496000000,1.3786],[1484582400000,1.3788],[1484668800000,1.3788],[1484755200000,1.3772],[1484841600000,1.3727],[1484928000000,1.3746],[1490025600000,0.1623],[1490112000000,0.8521],[1490198400000,1.4652],[1490284800000,1.4696],[1490371200000,1.4696],[1490457600000,1.4696],[1490544000000,1.4694],[1490630400000,1.4693],[1490716800000,1.4693],[1490803200000,1.4693],[1490889600000,1.4693],[1490976000000,1.4693],[1491062400000,1.4693],[1491148800000,1.4693],[1491235200000,1.4693],[1491321600000,1.4693],[1491408000000,1.4693],[1491494400000,1.4692],[1491580800000,1.4692],[1491667200000,1.4692],[1491753600000,1.4692],[1491840000000,1.4692],[1491926400000,1.4692],[1492012800000,1.4692],[1492099200000,1.4692],[1492185600000,1.4692],[1492272000000,1.4692],[1492358400000,1.4692],[1492444800000,1.4692],[1492531200000,1.4692],[1492617600000,1.4566],[1497888000000,0.0806],[1497974400000,1.001],[1498060800000,1.3551],[1498147200000,1.3555],[1498233600000,1.3555],[1498320000000,1.3555],[1498406400000,1.3555],[1498492800000,1.3555],[1498579200000,1.3555],[1498665600000,1.3555],[1498752000000,1.3555],[1498838400000,1.3555],[1498924800000,1.3555],[1499011200000,1.3555],[1499097600000,1.3555],[1499184000000,1.3555],[1499270400000,1.3555],[1499356800000,1.3555],[1499443200000,1.3555],[1499529600000,1.3555],[1499616000000,1.3555],[1499702400000,1.3555],[1499788800000,1.3555],[1499875200000,1.3555],[1499961600000,1.3555],[1500048000000,1.3555],[1500134400000,1.3555],[1500220800000,1.3555],[1500307200000,1.3555],[1500393600000,1.3555],[1505145600000,0.1273],[1505232000000,0.7067],[1505318400000,1.2454],[1505404800000,1.2507],[1505491200000,1.2507],[1505577600000,1.2507],[1505664000000,1.2507],[1505750400000,1.2507],[1505836800000,1.2507],[1505923200000,1.2606],[1506009600000,1.2508],[1506096000000,1.2508],[1506182400000,1.2508],[1506268800000,1.2506],[1506355200000,1.2507],[1506441600000,1.2507],[1506528000000,1.2507],[1506614400000,1.2507],[1506700800000,1.2507],[1506787200000,1.2507],[1506873600000,1.2507],[1506960000000,1.2507],[1507046400000,1.2507],[1507132800000,1.2507],[1507219200000,1.2507],[1507305600000,1.2507],[1507392000000,1.2507],[1507478400000,1.2507],[1507564800000,1.2504],[1507651200000,1.2505],[1513008000000,0.2125],[1513094400000,0.8231],[1513180800000,1.1829],[1513267200000,1.5497],[1513353600000,1.562],[1513440000000,1.5497],[1513526400000,1.5558],[1513612800000,1.5558],[1513699200000,1.5558],[1513785600000,1.5602],[1513872000000,1.5386],[1513958400000,1.5386],[1514044800000,1.5386],[1514131200000,1.5386],[1514217600000,1.5385],[1514304000000,1.5386],[1514390400000,1.5386],[1514476800000,1.5386],[1514649600000,3.0771],[1514736000000,1.5558],[1514822400000,1.5557],[1514908800000,1.5557],[1514995200000,1.5556],[1515081600000,1.5557],[1515168000000,1.5557],[1515254400000,1.5557],[1515340800000,1.5557],[1515427200000,1.5557],[1515513600000,1.5557],[1515600000000,1.5558],[1515686400000,1.4729],[1515772800000,1.5557],[1515859200000,1.5557]];
/*基金收益走势图   7日年化收益率*/
var Data_sevenDaysYearIncome = [[1387814400000,0],[1387900800000,0],[1387987200000,0],[1388073600000,0],[1388246400000,0],[1388332800000,8.1693],[1388419200000,8.1621],[1388505600000,8.1612],[1388592000000,8.1603],[1388678400000,8.1594],[1388851200000,8.1576],[1388937600000,8.1567],[1389024000000,8.1558],[1389110400000,8.1558],[1389196800000,8.1559],[1389283200000,8.1559],[1389456000000,8.1559],[1389542400000,8.1559],[1389628800000,8.1559],[1389715200000,8.1559],[1389801600000,8.1559],[1389888000000,8.1543],[1390060800000,8.1543],[1390147200000,8.1543],[1390233600000,8.1543],[1390320000000,0],[1391875200000,0],[1395504000000,0],[1409414400000,0],[1409500800000,0],[1482249600000,0],[1482336000000,0],[1482422400000,0],[1482508800000,0],[1482595200000,0],[1482681600000,0],[1482768000000,3.9744],[1482854400000,4.6744],[1482940800000,5.0314],[1483027200000,5.0309],[1483113600000,5.0304],[1483200000000,5.0303],[1483286400000,5.0303],[1483372800000,5.0307],[1483459200000,5.0312],[1483545600000,5.0317],[1483632000000,5.0322],[1483718400000,5.0326],[1483804800000,5.0326],[1483891200000,5.0326],[1483977600000,5.0326],[1484064000000,5.0326],[1484150400000,5.0326],[1484236800000,5.0326],[1484323200000,5.0326],[1484409600000,5.0326],[1484496000000,5.0325],[1484582400000,5.0325],[1484668800000,5.0325],[1484755200000,5.0317],[1484841600000,5.0285],[1484928000000,5.0263],[1490025600000,0],[1490112000000,0],[1490198400000,0],[1490284800000,0],[1490371200000,0],[1490457600000,0],[1490544000000,4.358],[1490630400000,5.0395],[1490716800000,5.3613],[1490803200000,5.3635],[1490889600000,5.3633],[1490976000000,5.3632],[1491062400000,5.363],[1491148800000,5.3629],[1491235200000,5.3629],[1491321600000,5.3629],[1491408000000,5.3629],[1491494400000,5.3629],[1491580800000,5.3628],[1491667200000,5.3628],[1491753600000,5.3627],[1491840000000,5.3627],[1491926400000,5.3626],[1492012800000,5.3626],[1492099200000,5.3626],[1492185600000,5.3626],[1492272000000,5.3626],[1492358400000,5.3626],[1492444800000,5.3626],[1492531200000,5.3626],[1492617600000,5.356],[1497888000000,0],[1497974400000,0],[1498060800000,0],[1498147200000,0],[1498233600000,0],[1498320000000,0],[1498406400000,4.0978],[1498492800000,4.7625],[1498579200000,4.9474],[1498665600000,4.9476],[1498752000000,4.9476],[1498838400000,4.9476],[1498924800000,4.9476],[1499011200000,4.9476],[1499097600000,4.9476],[1499184000000,4.9476],[1499270400000,4.9476],[1499356800000,4.9476],[1499443200000,4.9476],[1499529600000,4.9476],[1499616000000,4.9476],[1499702400000,4.9476],[1499788800000,4.9476],[1499875200000,4.9476],[1499961600000,4.9476],[1500048000000,4.9476],[1500134400000,4.9476],[1500220800000,4.9476],[1500307200000,4.9476],[1500393600000,4.9476],[1505145600000,0],[1505232000000,0],[1505318400000,0],[1505404800000,0],[1505491200000,0],[1505577600000,0],[1505664000000,3.6929],[1505750400000,4.2786],[1505836800000,4.5623],[1505923200000,4.5702],[1506009600000,4.5703],[1506096000000,4.5703],[1506182400000,4.5704],[1506268800000,4.5703],[1506355200000,4.5703],[1506441600000,4.5703],[1506528000000,4.5652],[1506614400000,4.5651],[1506700800000,4.5651],[1506787200000,4.565],[1506873600000,4.5651],[1506960000000,4.5651],[1507046400000,4.5651],[1507132800000,4.5651],[1507219200000,4.5651],[1507305600000,4.5651],[1507392000000,4.5651],[1507478400000,4.5651],[1507564800000,4.5649],[1507651200000,4.5648],[1513008000000,0],[1513094400000,0],[1513180800000,0],[1513267200000,0],[1513353600000,0],[1513440000000,0],[1513526400000,4.3986],[1513612800000,5.0991],[1513699200000,5.4811],[1513785600000,5.6778],[1513872000000,5.672],[1513958400000,5.6598],[1514044800000,5.6541],[1514131200000,5.6451],[1514217600000,5.6361],[1514304000000,5.6271],[1514390400000,5.6158],[1514476800000,5.6158],[1514649600000,5.6158],[1514736000000,5.6248],[1514822400000,5.6337],[1514908800000,5.6426],[1514995200000,5.6515],[1515081600000,5.6604],[1515168000000,5.6694],[1515254400000,5.6783],[1515340800000,5.6783],[1515427200000,5.6783],[1515513600000,5.6783],[1515600000000,5.6784],[1515686400000,5.6352],[1515772800000,5.6352],[1515859200000,5.6352]];
/*资产配置*/
var Data_assetAllocationCurrency ={"categories":["12-31","09-30","06-30","03-31"],"series":[{"name":"股票","data":[null,null,null,null]},{"name":"债券","data":[null,null,null,null]},{"name":"现金","data":[60.45,59.21,60.68,60.02]}]};
/*累计收益率走势*/
var Data_grandTotal = [{"name":"嘉实1个月理财债券E","data":[[1499961600000,0],[1500048000000,0.01],[1500134400000,0.03],[1500220800000,0.04],[1500307200000,0.05],[1500393600000,0.07],[1505145600000,0.07],[1505232000000,0.08],[1505318400000,0.09],[1505404800000,0.10],[1505491200000,0.11],[1505577600000,0.13],[1505664000000,0.14],[1505750400000,0.15],[1505836800000,0.16],[1505923200000,0.18],[1506009600000,0.19],[1506096000000,0.20],[1506182400000,0.21],[1506268800000,0.23],[1506355200000,0.24],[1506441600000,0.25],[1506528000000,0.26],[1506614400000,0.28],[1506700800000,0.29],[1506787200000,0.30],[1506873600000,0.31],[1506960000000,0.33],[1507046400000,0.34],[1507132800000,0.35],[1507219200000,0.36],[1507305600000,0.38],[1507392000000,0.39],[1507478400000,0.40],[1507564800000,0.41],[1507651200000,0.43],[1513008000000,0.43],[1513094400000,0.44],[1513180800000,0.45],[1513267200000,0.47],[1513353600000,0.48],[1513440000000,0.50],[1513526400000,0.51],[1513612800000,0.53],[1513699200000,0.54],[1513785600000,0.56],[1513872000000,0.57],[1513958400000,0.59],[1514044800000,0.61],[1514131200000,0.62],[1514217600000,0.64],[1514304000000,0.65],[1514390400000,0.67],[1514476800000,0.68],[1514649600000,0.71],[1514736000000,0.73],[1514822400000,0.75],[1514908800000,0.76],[1514995200000,0.78],[1515081600000,0.79],[1515168000000,0.81],[1515254400000,0.82],[1515340800000,0.84],[1515427200000,0.85],[1515513600000,0.87],[1515600000000,0.89],[1515686400000,0.90],[1515772800000,0.92],[1515859200000,0.93]]},{"name":"同类平均","data":[[1499961600000,0],[1500220800000,0.04],[1500307200000,0.05],[1500393600000,0.06],[1500480000000,0.07],[1500566400000,0.08],[1500825600000,0.12],[1500912000000,0.13],[1500998400000,0.14],[1501084800000,0.15],[1501171200000,0.16],[1501430400000,0.19],[1501516800000,0.21],[1501603200000,0.22],[1501689600000,0.23],[1501776000000,0.24],[1502035200000,0.27],[1502121600000,0.28],[1502208000000,0.30],[1502294400000,0.31],[1502380800000,0.32],[1502640000000,0.35],[1502726400000,0.36],[1502812800000,0.37],[1502899200000,0.39],[1502985600000,0.40],[1503244800000,0.43],[1503331200000,0.44],[1503417600000,0.45],[1503504000000,0.46],[1503590400000,0.48],[1503849600000,0.51],[1503936000000,0.52],[1504022400000,0.53],[1504108800000,0.54],[1504195200000,0.55],[1504454400000,0.59],[1504540800000,0.60],[1504627200000,0.61],[1504713600000,0.62],[1504800000000,0.63],[1505059200000,0.67],[1505145600000,0.68],[1505232000000,0.69],[1505318400000,0.70],[1505404800000,0.71],[1505664000000,0.74],[1505750400000,0.75],[1505836800000,0.77],[1505923200000,0.78],[1506009600000,0.79],[1506268800000,0.82],[1506355200000,0.83],[1506441600000,0.84],[1506528000000,0.86],[1506614400000,0.87],[1507478400000,0.98],[1507564800000,0.99],[1507651200000,1.00],[1507737600000,1.01],[1507824000000,1.02],[1508083200000,1.06],[1508169600000,1.07],[1508256000000,1.08],[1508342400000,1.09],[1508428800000,1.10],[1508688000000,1.13],[1508774400000,1.15],[1508860800000,1.16],[1508947200000,1.17],[1509033600000,1.18],[1509292800000,1.21],[1509379200000,1.22],[1509465600000,1.23],[1509552000000,1.25],[1509638400000,1.26],[1509897600000,1.29],[1509984000000,1.30],[1510070400000,1.31],[1510156800000,1.32],[1510243200000,1.34],[1510502400000,1.37],[1510588800000,1.38],[1510675200000,1.39],[1510761600000,1.40],[1510848000000,1.41],[1511107200000,1.45],[1511193600000,1.46],[1511280000000,1.47],[1511366400000,1.48],[1511452800000,1.49],[1511712000000,1.53],[1511798400000,1.54],[1511884800000,1.55],[1511971200000,1.56],[1512057600000,1.57],[1512316800000,1.61],[1512403200000,1.62],[1512489600000,1.63],[1512576000000,1.64],[1512662400000,1.66],[1512921600000,1.69],[1513008000000,1.70],[1513094400000,1.72],[1513180800000,1.73],[1513267200000,1.74],[1513526400000,1.78],[1513612800000,1.79],[1513699200000,1.80],[1513785600000,1.81],[1513872000000,1.82],[1514131200000,1.86],[1514217600000,1.87],[1514304000000,1.89],[1514390400000,1.90],[1514476800000,1.91],[1514822400000,1.96],[1514908800000,1.97],[1514995200000,1.99],[1515081600000,2.00],[1515340800000,2.04],[1515427200000,2.05],[1515513600000,2.07],[1515600000000,2.08],[1515686400000,2.09]]},{"name":"沪深300","data":[[1499961600000,0],[1500220800000,-1.07],[1500307200000,-0.97],[1500393600000,0.72],[1500480000000,1.21],[1500566400000,0.69],[1500825600000,1.09],[1500912000000,0.44],[1500998400000,0.06],[1501084800000,0.25],[1501171200000,0.51],[1501430400000,0.94],[1501516800000,1.82],[1501603200000,1.56],[1501689600000,0.67],[1501776000000,0.12],[1502035200000,0.64],[1502121600000,0.79],[1502208000000,0.75],[1502294400000,0.35],[1502380800000,-1.51],[1502640000000,-0.23],[1502726400000,0.08],[1502812800000,-0.05],[1502899200000,0.49],[1502985600000,0.58],[1503244800000,1.02],[1503331200000,1.33],[1503417600000,1.43],[1503504000000,0.85],[1503590400000,2.50],[1503849600000,3.77],[1503936000000,3.55],[1504022400000,3.54],[1504108800000,3.21],[1504195200000,3.44],[1504454400000,3.85],[1504540800000,4.16],[1504627200000,3.95],[1504713600000,3.42],[1504800000000,3.32],[1505059200000,3.31],[1505145600000,3.64],[1505232000000,3.77],[1505318400000,3.43],[1505404800000,3.46],[1505664000000,3.78],[1505750400000,3.48],[1505836800000,3.76],[1505923200000,3.64],[1506009600000,3.64],[1506268800000,3.10],[1506355200000,3.18],[1506441600000,3.19],[1506528000000,3.23],[1506614400000,3.60],[1507478400000,4.84],[1507564800000,5.04],[1507651200000,5.39],[1507737600000,5.67],[1507824000000,5.88],[1508083200000,5.68],[1508169600000,5.67],[1508256000000,6.51],[1508342400000,6.16],[1508428800000,6.04],[1508688000000,6.15],[1508774400000,6.92],[1508860800000,7.40],[1508947200000,7.84],[1509033600000,8.61],[1509292800000,8.28],[1509379200000,8.20],[1509465600000,7.93],[1509552000000,7.94],[1509638400000,7.82],[1509897600000,8.58],[1509984000000,9.48],[1510070400000,9.31],[1510156800000,10.07],[1510243200000,11.04],[1510502400000,11.48],[1510588800000,10.70],[1510675200000,10.01],[1510761600000,10.85],[1510848000000,11.28],[1511107200000,11.90],[1511193600000,13.90],[1511280000000,14.16],[1511366400000,10.78],[1511452800000,10.83],[1511712000000,9.37],[1511798400000,9.53],[1511884800000,9.47],[1511971200000,8.18],[1512057600000,7.97],[1512316800000,8.53],[1512403200000,9.10],[1512489600000,8.45],[1512576000000,7.24],[1512662400000,8.11],[1512921600000,9.89],[1513008000000,8.45],[1513094400000,9.37],[1513180800000,8.72],[1513267200000,7.50],[1513526400000,7.62],[1513612800000,8.97],[1513699200000,8.84],[1513785600000,9.85],[1513872000000,9.49],[1514131200000,9.14],[1514217600000,9.47],[1514304000000,7.78],[1514390400000,8.53],[1514476800000,8.85],[1514822400000,10.38],[1514908800000,11.03],[1514995200000,11.50],[1515081600000,11.76],[1515340800000,12.34],[1515427200000,13.13],[1515513600000,13.63],[1515600000000,13.57],[1515686400000,14.09]]}];
/*同类排名*/
var Data_rateInSimilarType = [{"x":1409500800000,"y":102,"sc":"102"},{"x":1482249600000,"y":81,"sc":"82"},{"x":1482336000000,"y":81,"sc":"82"},{"x":1482422400000,"y":81,"sc":"83"},{"x":1482681600000,"y":81,"sc":"84"},{"x":1482768000000,"y":81,"sc":"84"},{"x":1482854400000,"y":81,"sc":"84"},{"x":1482940800000,"y":81,"sc":"84"},{"x":1483027200000,"y":81,"sc":"84"},{"x":1483372800000,"y":81,"sc":"84"},{"x":1483459200000,"y":81,"sc":"84"},{"x":1483545600000,"y":81,"sc":"84"},{"x":1483632000000,"y":81,"sc":"84"},{"x":1483891200000,"y":80,"sc":"84"},{"x":1483977600000,"y":80,"sc":"84"},{"x":1484064000000,"y":80,"sc":"84"},{"x":1484150400000,"y":80,"sc":"84"},{"x":1484236800000,"y":80,"sc":"84"},{"x":1484496000000,"y":79,"sc":"84"},{"x":1484582400000,"y":79,"sc":"84"},{"x":1484668800000,"y":79,"sc":"84"},{"x":1484755200000,"y":78,"sc":"84"},{"x":1484841600000,"y":78,"sc":"84"},{"x":1490025600000,"y":84,"sc":"87"},{"x":1490112000000,"y":83,"sc":"86"},{"x":1490198400000,"y":84,"sc":"87"},{"x":1490284800000,"y":84,"sc":"88"},{"x":1490544000000,"y":84,"sc":"88"},{"x":1490630400000,"y":84,"sc":"88"},{"x":1490716800000,"y":84,"sc":"88"},{"x":1490803200000,"y":84,"sc":"88"},{"x":1490889600000,"y":84,"sc":"88"},{"x":1491321600000,"y":84,"sc":"88"},{"x":1491408000000,"y":84,"sc":"88"},{"x":1491494400000,"y":84,"sc":"88"},{"x":1491753600000,"y":84,"sc":"88"},{"x":1491840000000,"y":84,"sc":"88"},{"x":1491926400000,"y":84,"sc":"88"},{"x":1492012800000,"y":84,"sc":"88"},{"x":1492099200000,"y":84,"sc":"88"},{"x":1492358400000,"y":84,"sc":"88"},{"x":1492444800000,"y":84,"sc":"88"},{"x":1492531200000,"y":84,"sc":"88"},{"x":1492617600000,"y":84,"sc":"88"},{"x":1497888000000,"y":89,"sc":"91"},{"x":1497974400000,"y":89,"sc":"91"},{"x":1498060800000,"y":88,"sc":"91"},{"x":1498147200000,"y":86,"sc":"89"},{"x":1498406400000,"y":88,"sc":"91"},{"x":1498492800000,"y":88,"sc":"91"},{"x":1498579200000,"y":88,"sc":"91"},{"x":1498665600000,"y":88,"sc":"91"},{"x":1498752000000,"y":88,"sc":"91"},{"x":1499011200000,"y":89,"sc":"91"},{"x":1499097600000,"y":88,"sc":"91"},{"x":1499184000000,"y":88,"sc":"91"},{"x":1499270400000,"y":88,"sc":"91"},{"x":1499356800000,"y":88,"sc":"91"},{"x":1499616000000,"y":88,"sc":"91"},{"x":1499702400000,"y":88,"sc":"91"},{"x":1499788800000,"y":88,"sc":"91"},{"x":1499875200000,"y":88,"sc":"91"},{"x":1499961600000,"y":88,"sc":"91"},{"x":1500220800000,"y":88,"sc":"91"},{"x":1500307200000,"y":88,"sc":"91"},{"x":1500393600000,"y":88,"sc":"91"},{"x":1505145600000,"y":89,"sc":"90"},{"x":1505232000000,"y":89,"sc":"90"},{"x":1505318400000,"y":89,"sc":"90"},{"x":1505404800000,"y":89,"sc":"90"},{"x":1505664000000,"y":90,"sc":"91"},{"x":1505750400000,"y":92,"sc":"93"},{"x":1505836800000,"y":92,"sc":"93"},{"x":1505923200000,"y":92,"sc":"94"},{"x":1506009600000,"y":92,"sc":"94"},{"x":1506268800000,"y":95,"sc":"97"},{"x":1506355200000,"y":95,"sc":"97"},{"x":1506441600000,"y":96,"sc":"98"},{"x":1506528000000,"y":96,"sc":"98"},{"x":1506614400000,"y":96,"sc":"98"},{"x":1507478400000,"y":96,"sc":"98"},{"x":1507564800000,"y":96,"sc":"98"},{"x":1507651200000,"y":96,"sc":"98"},{"x":1507737600000,"y":96,"sc":"98"},{"x":1513008000000,"y":99,"sc":"102"},{"x":1513094400000,"y":100,"sc":"103"},{"x":1513180800000,"y":101,"sc":"104"},{"x":1513267200000,"y":101,"sc":"104"},{"x":1513526400000,"y":101,"sc":"104"},{"x":1513612800000,"y":97,"sc":"100"},{"x":1513699200000,"y":97,"sc":"100"},{"x":1513785600000,"y":93,"sc":"96"},{"x":1513872000000,"y":93,"sc":"96"},{"x":1514131200000,"y":93,"sc":"96"},{"x":1514217600000,"y":93,"sc":"96"},{"x":1514304000000,"y":93,"sc":"96"},{"x":1514390400000,"y":95,"sc":"98"},{"x":1514476800000,"y":97,"sc":"100"},{"x":1514822400000,"y":97,"sc":"100"},{"x":1514908800000,"y":97,"sc":"100"},{"x":1514995200000,"y":99,"sc":"102"},{"x":1515081600000,"y":101,"sc":"104"},{"x":1515340800000,"y":102,"sc":"104"},{"x":1515427200000,"y":102,"sc":"104"},{"x":1515513600000,"y":103,"sc":"104"},{"x":1515600000000,"y":103,"sc":"104"},{"x":1515686400000,"y":103,"sc":"104"}];
/*百分比排名*/
var Data_rateInSimilarPersent = [[1409500800000,0],[1482249600000,1.2200],[1482336000000,1.2200],[1482422400000,2.4100],[1482681600000,3.5700],[1482768000000,3.5700],[1482854400000,3.5700],[1482940800000,3.5700],[1483027200000,3.5700],[1483372800000,3.5700],[1483459200000,3.5700],[1483545600000,3.5700],[1483632000000,3.5700],[1483891200000,4.7600],[1483977600000,4.7600],[1484064000000,4.7600],[1484150400000,4.7600],[1484236800000,4.7600],[1484496000000,5.9500],[1484582400000,5.9500],[1484668800000,5.9500],[1484755200000,7.1400],[1484841600000,7.1400],[1490025600000,3.4500],[1490112000000,3.4900],[1490198400000,3.4500],[1490284800000,4.5500],[1490544000000,4.5500],[1490630400000,4.5500],[1490716800000,4.5500],[1490803200000,4.5500],[1490889600000,4.5500],[1491321600000,4.5500],[1491408000000,4.5500],[1491494400000,4.5500],[1491753600000,4.5500],[1491840000000,4.5500],[1491926400000,4.5500],[1492012800000,4.5500],[1492099200000,4.5500],[1492358400000,4.5500],[1492444800000,4.5500],[1492531200000,4.5500],[1492617600000,4.5500],[1497888000000,2.2000],[1497974400000,2.2000],[1498060800000,3.3000],[1498147200000,3.3700],[1498406400000,3.3000],[1498492800000,3.3000],[1498579200000,3.3000],[1498665600000,3.3000],[1498752000000,3.3000],[1499011200000,2.2000],[1499097600000,3.3000],[1499184000000,3.3000],[1499270400000,3.3000],[1499356800000,3.3000],[1499616000000,3.3000],[1499702400000,3.3000],[1499788800000,3.3000],[1499875200000,3.3000],[1499961600000,3.3000],[1500220800000,3.3000],[1500307200000,3.3000],[1500393600000,3.3000],[1505145600000,1.1100],[1505232000000,1.1100],[1505318400000,1.1100],[1505404800000,1.1100],[1505664000000,1.1000],[1505750400000,1.0800],[1505836800000,1.0800],[1505923200000,2.1300],[1506009600000,2.1300],[1506268800000,2.0600],[1506355200000,2.0600],[1506441600000,2.0400],[1506528000000,2.0400],[1506614400000,2.0400],[1507478400000,2.0400],[1507564800000,2.0400],[1507651200000,2.0400],[1507737600000,2.0400],[1513008000000,2.9400],[1513094400000,2.9100],[1513180800000,2.8800],[1513267200000,2.8800],[1513526400000,2.8800],[1513612800000,3.00],[1513699200000,3.00],[1513785600000,3.1200],[1513872000000,3.1200],[1514131200000,3.1200],[1514217600000,3.1200],[1514304000000,3.1200],[1514390400000,3.0600],[1514476800000,3.00],[1514822400000,3.00],[1514908800000,3.00],[1514995200000,2.9400],[1515081600000,2.8800],[1515340800000,1.9200],[1515427200000,1.9200],[1515513600000,0.9600],[1515600000000,0.9600],[1515686400000,0.9600]];
/*规模变动*/
var Data_fluctuationScale = {"categories":["2016-12-31","2017-03-31","2017-06-30","2017-09-30","2017-12-31"],"series":[{"y":10.16,"mom":"--"},{"y":9.28,"mom":"-8.66%"},{"y":25.85,"mom":"178.59%"},{"y":2.71,"mom":"-89.52%"},{"y":1.71,"mom":"-37.08%"}]};;
/*持有人结构*/
var Data_holderStructure = {"series":[{"name":"机构持有比例","data":[88.09,89.46]},{"name":"个人持有比例","data":[11.91,10.54]},{"name":"内部持有比例","data":[1.38,0.54]}],"categories":["2016-12-31","2017-06-30"]};
/*申购赎回*/
var Data_assetAllocation ={"series":[{"name":"期间申购","data":[9.28,25.85,2.71,1.71]},{"name":"期间赎回","data":[10.16,9.28,25.85,2.71]},{"name":"总份额","data":[9.28,25.85,2.71,1.71]}],"categories":["2017-03-31","2017-06-30","2017-09-30","2017-12-31"]};
/*现任基金经理*/
var Data_currentFundManager = [{"id":"30295490","pic":"https://pdf.dfcfw.com/pdf/H8_GIF30295490_1.jpg","name":"张文玥","star":4,"workTime":"3年又178天","fundSize":"847.78亿(18只基金)","power":{"avr":"69.99","categories":["经验值","收益率","影响力","稳定性","管理规模"],"dsc":["反映基金经理从业年限和管理基金的经验","根据基金经理投资的阶段收益评分，反映\u003cbr\u003e基金经理投资的盈利能力","根据基金经理所管理基金的机构和个人投\u003cbr\u003e资者持有比例评分","反映基金经理投资收益的波动","根据基金经理现任管理基金资产规模评分"],"data":[70.70,40.0,39.40,98.80,79.50],"jzrq":"2018-02-05"},"profit":{"categories":["任期收益","同类平均"],"series":[{"data":[{"name":null,"color":"#7cb5ec","y":2.1299},{"name":null,"color":"#414c7b","y":12.54}]}],"jzrq":"2018-02-05"}},{"id":"30352787","pic":"https://pdf.dfcfw.com/pdf/H8_JPG30352787_1.jpg","name":"李金灿","star":3,"workTime":"2年又243天","fundSize":"1078.07亿(24只基金)","power":{"avr":"48.35","categories":["经验值","收益率","影响力","稳定性","管理规模"],"dsc":["反映基金经理从业年限和管理基金的经验","根据基金经理投资的阶段收益评分，反映\u003cbr\u003e基金经理投资的盈利能力","根据基金经理所管理基金的机构和个人投\u003cbr\u003e资者持有比例评分","反映基金经理投资收益的波动","根据基金经理现任管理基金资产规模评分"],"data":[57.10,50.50,37.90,25.60,84.80],"jzrq":"2018-02-05"},"profit":{"categories":["任期收益","同类平均"],"series":[{"data":[{"name":null,"color":"#7cb5ec","y":1.2577},{"name":null,"color":"#414c7b","y":2.3}]}],"jzrq":"2018-02-05"}}] ;
/*同类型基金涨幅榜（页面底部通栏）*/
var swithSameType = [['202304_南方理财14天B_5.4190','001058_华夏理财30天债券B_5.2930','000090_民生加银家盈理财月度_5.2010','690212_民生加银家盈理财7天_5.1720','202303_南方理财14天A_5.1290'],['485018_工银7天理财债券B_5.33','001058_华夏理财30天债券B_5.19','091023_大成月月盈短期理财债_5.14','000952_中银理财90天债券B_5.14','202304_南方理财14天B_5.11'],['001058_华夏理财30天债券B_5.39','001057_华夏理财30天债券A_5.15','091023_大成月月盈短期理财债_5.15','000952_中银理财90天债券B_5.14','485020_工银14天理财债券发_5.07'],['001058_华夏理财30天债券B_5.34','485020_工银14天理财债券发_5.16','091023_大成月月盈短期理财债_5.12','001057_华夏理财30天债券A_5.10','000952_中银理财90天债券B_5.09'],['091023_大成月月盈短期理财债_4.65','000090_民生加银家盈理财月度_4.63','270047_广发理财30天债券B_4.59','001058_华夏理财30天债券B_4.56','202304_南方理财14天B_4.52']];