/**
 * 测试数据
 * @type {arry}
 */
/*2018-02-06 15:59:14*/
//基金或股票信息
var fS_name = "上投摩根天添盈货币B";
var fS_code = "000856";
var fund_minsg="5000000";
var ishb=true;
/*原费率*/
var fund_sourceRate="0";
/*现费率*/
var fund_Rate="0";
/*最小申购金额*/
var fund_minsg="5000000";
/*收益率*/
/*近一年收益率*/
var syl_1n="3.8967";
/*近6月收益率*/
var syl_6y="2.0257";
/*近三月收益率*/
var syl_3y="1.0347";
/*近一月收益率*/
var syl_1y="0.3355";
/* 基金收益走势图 每万份收益*/
var Data_millionCopiesIncome = [[1417104000000,1.7473],[1417449600000,1.7472],[1417536000000,1.7469],[1417622400000,0.9375],[1417708800000,0.8841],[1417881600000,0.8821],[1417968000000,0.5196],[1418054400000,0.6343],[1418140800000,0.6484],[1418227200000,0.6447],[1418313600000,0.8894],[1418486400000,1.8894],[1418572800000,0.9527],[1418659200000,1.0946],[1418745600000,1.0377],[1418832000000,1.4068],[1418918400000,2.0118],[1419091200000,4.0893],[1419177600000,2.0392],[1419264000000,2.0339],[1419350400000,1.7101],[1419436800000,1.3614],[1419523200000,1.2801],[1419696000000,2.5546],[1419782400000,1.4477],[1419868800000,1.3839],[1419955200000,1.1162],[1420300800000,4.426],[1420387200000,1.2274],[1420473600000,0.8499],[1420560000000,0.8905],[1420646400000,0.9159],[1420732800000,0.9068],[1420905600000,1.7947],[1420992000000,0.9042],[1421078400000,1.0509],[1421164800000,1.1682],[1421251200000,1.1533],[1421337600000,1.1049],[1421510400000,2.1371],[1421596800000,1.0999],[1421683200000,1.169],[1421769600000,1.1272],[1421856000000,1.0584],[1421942400000,1.0044],[1422115200000,1.8992],[1422201600000,0.9536],[1422288000000,0.9594],[1422374400000,0.9791],[1422460800000,0.9776],[1422547200000,0.7866],[1422720000000,2.0057],[1422806400000,1.0012],[1422892800000,1.1179],[1422979200000,1.1662],[1423065600000,1.11],[1423152000000,1.113],[1423324800000,2.1148],[1423411200000,1.1039],[1423497600000,1.1366],[1423584000000,1.4317],[1423670400000,1.3912],[1423756800000,1.3859],[1423929600000,2.4036],[1424016000000,1.2175],[1424102400000,1.1153],[1424707200000,7.5615],[1424793600000,1.0289],[1424880000000,0.941],[1424966400000,0.8734],[1425139200000,2.0025],[1425225600000,1.0093],[1425312000000,0.9741],[1425398400000,0.8526],[1425484800000,0.8588],[1425571200000,0.8652],[1425744000000,1.7809],[1425830400000,1.1657],[1425916800000,1.5722],[1426003200000,1.2957],[1426089600000,1.3099],[1426176000000,1.1841],[1426348800000,2.3261],[1426435200000,1.1366],[1426521600000,0.9313],[1426608000000,0.9415],[1426694400000,0.9718],[1426780800000,0.9241],[1426953600000,1.7633],[1427040000000,0.8918],[1427126400000,0.9293],[1427212800000,0.8938],[1427299200000,0.8885],[1427385600000,0.8299],[1427558400000,1.6063],[1427644800000,0.873],[1427731200000,0.9333],[1427817600000,0.773],[1427904000000,0.9201],[1427990400000,0.9058],[1428249600000,2.7666],[1428336000000,0.8326],[1428422400000,0.7986],[1428508800000,0.8078],[1428595200000,0.9021],[1428768000000,1.8015],[1428854400000,0.8689],[1428940800000,1.0386],[1429027200000,1.1162],[1429113600000,1.0738],[1429200000000,1.0116],[1429372800000,1.9352],[1429459200000,0.9301],[1429545600000,0.8166],[1429632000000,0.7451],[1429718400000,0.8333],[1429804800000,0.7672],[1429977600000,1.4418],[1430064000000,0.7767],[1430150400000,0.7887],[1430236800000,0.8044],[1430323200000,0.6556],[1430582400000,2.377],[1430668800000,0.7645],[1430755200000,0.8379],[1430841600000,0.8752],[1430928000000,0.8504],[1431014400000,0.8346],[1431187200000,1.6685],[1431273600000,0.7836],[1431360000000,0.7621],[1431446400000,0.7667],[1431532800000,0.6687],[1431619200000,0.6412],[1431792000000,1.3481],[1431878400000,0.651],[1431964800000,0.6925],[1432051200000,0.7216],[1432137600000,0.7125],[1432224000000,0.755],[1432396800000,1.3668],[1432483200000,0.6936],[1432569600000,0.7294],[1432656000000,0.7276],[1432742400000,0.7186],[1432828800000,0.7162],[1433001600000,1.5142],[1433088000000,0.5961],[1433174400000,0.7248],[1433260800000,0.7575],[1433347200000,0.789],[1433433600000,0.7994],[1433606400000,1.4779],[1433692800000,0.715],[1433779200000,0.6542],[1433865600000,0.6225],[1433952000000,0.6347],[1434038400000,0.6361],[1434211200000,1.3545],[1434297600000,0.6476],[1434384000000,0.685],[1434470400000,0.6718],[1434556800000,0.7174],[1434643200000,0.7584],[1434902400000,2.2822],[1434988800000,0.7195],[1435075200000,0.6931],[1435161600000,0.6764],[1435248000000,0.6683],[1435420800000,1.2274],[1435507200000,0.8618],[1435593600000,0.5611],[1435680000000,1.3511],[1435766400000,0.749],[1435852800000,1.4286],[1436025600000,1.4491],[1436112000000,0.7093],[1436198400000,1.1754],[1436284800000,0.5944],[1436371200000,0.5374],[1436457600000,0.5883],[1436630400000,1.2202],[1436716800000,0.7137],[1436803200000,0.7247],[1436889600000,0.6842],[1436976000000,0.6358],[1437062400000,0.5923],[1437235200000,1.2065],[1437321600000,0.5981],[1437408000000,0.6098],[1437494400000,0.6318],[1437580800000,0.6366],[1437667200000,0.6206],[1437840000000,1.2147],[1437926400000,0.5846],[1438012800000,0.5596],[1438099200000,0.541],[1438185600000,0.5403],[1438272000000,0.4041],[1438444800000,1.1128],[1438531200000,0.5457],[1438617600000,0.5402],[1438704000000,0.5458],[1438790400000,0.5542],[1438876800000,0.5443],[1439049600000,1.0858],[1439136000000,0.8333],[1439222400000,0.5706],[1439308800000,0.5743],[1439395200000,0.5605],[1439481600000,0.57],[1439654400000,1.1412],[1439740800000,0.5405],[1439827200000,0.5473],[1439913600000,0.5689],[1440000000000,0.563],[1440086400000,0.5637],[1440259200000,1.1295],[1440345600000,0.5373],[1440432000000,0.5014],[1440518400000,0.9035],[1440604800000,0.5645],[1440691200000,0.5995],[1440864000000,1.2068],[1440950400000,0.5932],[1441036800000,0.4467],[1441123200000,0.5927],[1441468800000,2.397],[1441555200000,0.612],[1441641600000,0.6126],[1441728000000,1.2018],[1441814400000,0.6275],[1441900800000,0.6284],[1442073600000,1.2519],[1442160000000,1.0634],[1442246400000,0.6252],[1442332800000,0.6327],[1442419200000,0.6313],[1442505600000,0.6184],[1442678400000,1.2673],[1442764800000,0.5976],[1442851200000,0.6067],[1442937600000,0.6284],[1443024000000,0.6309],[1443110400000,0.6369],[1443283200000,1.2891],[1443369600000,0.6391],[1443456000000,0.6437],[1443542400000,0.4375],[1444147200000,4.6444],[1444233600000,0.6627],[1444320000000,0.6619],[1444492800000,1.3258],[1444579200000,0.646],[1444665600000,2.2395],[1444752000000,0.6555],[1444838400000,0.6502],[1444924800000,0.6465],[1445097600000,1.2948],[1445184000000,2.4824],[1445270400000,0.6301],[1445356800000,0.623],[1445443200000,0.6245],[1445529600000,0.614],[1445702400000,1.2479],[1445788800000,0.5938],[1445875200000,0.5715],[1445961600000,0.5784],[1446048000000,0.5682],[1446134400000,0.4377],[1446307200000,1.145],[1446393600000,0.568],[1446480000000,0.5566],[1446566400000,0.5535],[1446652800000,0.5809],[1446739200000,0.5791],[1446912000000,1.1644],[1446998400000,0.5782],[1447084800000,1.1197],[1447171200000,0.5894],[1447257600000,0.5794],[1447344000000,0.5644],[1447516800000,1.1154],[1447603200000,0.5517],[1447689600000,0.5497],[1447776000000,0.5487],[1447862400000,0.5304],[1447948800000,0.5473],[1448121600000,1.0995],[1448208000000,0.5295],[1448294400000,0.5435],[1448380800000,1.0539],[1448467200000,0.5185],[1448553600000,1.0975],[1448726400000,1.1913],[1448812800000,0.5841],[1448899200000,0.5076],[1448985600000,0.6321],[1449072000000,0.6428],[1449158400000,0.5714],[1449331200000,1.1408],[1449417600000,0.5584],[1449504000000,0.5422],[1449590400000,0.5381],[1449676800000,1.0784],[1449763200000,0.5397],[1449936000000,1.1051],[1450022400000,0.5663],[1450108800000,0.5467],[1450195200000,0.557],[1450281600000,0.5615],[1450368000000,0.5966],[1450540800000,1.19],[1450627200000,0.6004],[1450713600000,1.2694],[1450800000000,0.6154],[1450886400000,0.6757],[1450972800000,0.6902],[1451145600000,1.3497],[1451232000000,0.6801],[1451318400000,0.6805],[1451404800000,0.7002],[1451491200000,0.5302],[1451750400000,1.9485],[1451836800000,0.6169],[1451923200000,0.6545],[1452009600000,0.6825],[1452096000000,0.6636],[1452182400000,0.6337],[1452355200000,1.2054],[1452441600000,0.6223],[1452528000000,0.5777],[1452614400000,0.5475],[1452700800000,0.5678],[1452787200000,0.5725],[1452960000000,1.1789],[1453046400000,0.5595],[1453132800000,0.5667],[1453219200000,0.5781],[1453305600000,0.6096],[1453392000000,0.6184],[1453564800000,1.2297],[1453651200000,0.6189],[1453737600000,0.6129],[1453824000000,0.6181],[1453910400000,0.6249],[1453996800000,0.6021],[1454169600000,1.1633],[1454256000000,0.4321],[1454342400000,0.6185],[1454428800000,0.6082],[1454515200000,0.6079],[1454601600000,0.597],[1455379200000,5.3773],[1455465600000,0.5749],[1455552000000,0.5997],[1455638400000,0.5989],[1455724800000,0.5919],[1455811200000,0.6027],[1455984000000,1.2317],[1456070400000,0.5695],[1456156800000,0.9629],[1456243200000,0.5642],[1456329600000,0.5682],[1456416000000,0.5982],[1456588800000,1.0678],[1456675200000,0.5898],[1456761600000,0.4451],[1456848000000,0.5621],[1456934400000,0.5711],[1457020800000,0.5683],[1457193600000,1.1123],[1457280000000,0.562],[1457366400000,0.5677],[1457452800000,0.5722],[1457539200000,0.5666],[1457625600000,0.5582],[1457798400000,1.0568],[1457884800000,2.2748],[1457971200000,0.5459],[1458057600000,0.5488],[1458144000000,0.5509],[1458230400000,0.5578],[1458403200000,1.1394],[1458489600000,0.5638],[1458576000000,0.6001],[1458662400000,0.5806],[1458748800000,0.5818],[1458835200000,0.5915],[1459008000000,1.1788],[1459094400000,0.5348],[1459180800000,0.592],[1459267200000,0.6183],[1459353600000,0.6212],[1459440000000,0.5154],[1459699200000,1.8542],[1459785600000,0.6192],[1459872000000,0.5987],[1459958400000,0.5791],[1460044800000,0.5723],[1460217600000,1.1443],[1460304000000,0.5925],[1460390400000,0.5962],[1460476800000,0.6001],[1460563200000,0.5786],[1460649600000,0.5771],[1460822400000,1.1524],[1460908800000,0.5747],[1460995200000,1.893],[1461081600000,0.5901],[1461168000000,0.5912],[1461254400000,0.5884],[1461427200000,1.1664],[1461513600000,0.5868],[1461600000000,0.589],[1461686400000,0.588],[1461772800000,0.561],[1461859200000,0.4215],[1462118400000,1.5858],[1462204800000,0.5598],[1462291200000,0.5734],[1462377600000,0.5763],[1462464000000,0.5782],[1462636800000,1.1581],[1462723200000,0.5775],[1462809600000,0.5852],[1462896000000,0.5781],[1462982400000,0.5753],[1463068800000,0.58],[1463241600000,1.1613],[1463328000000,0.591],[1463414400000,0.5916],[1463500800000,0.589],[1463587200000,0.5899],[1463673600000,0.5928],[1463846400000,1.1845],[1463932800000,0.5962],[1464019200000,2.0722],[1464105600000,0.581],[1464192000000,0.5753],[1464278400000,0.5786],[1464451200000,1.1561],[1464537600000,0.5692],[1464624000000,0.5248],[1464710400000,0.4397],[1464796800000,0.5736],[1464883200000,0.5753],[1465056000000,1.1216],[1465142400000,0.5739],[1465228800000,0.5829],[1465315200000,0.6122],[1465660800000,2.3212],[1465747200000,0.58],[1465833600000,0.5747],[1465920000000,0.576],[1466006400000,0.5934],[1466092800000,0.601],[1466265600000,1.1914],[1466352000000,0.5919],[1466438400000,0.5963],[1466524800000,0.5953],[1466611200000,0.613],[1466697600000,0.6201],[1466870400000,1.2561],[1466956800000,0.6222],[1467043200000,0.6243],[1467129600000,0.6395],[1467216000000,0.678],[1467302400000,0.5597],[1467475200000,1.3195],[1467561600000,0.6572],[1467648000000,0.6514],[1467734400000,0.6459],[1467820800000,0.6388],[1467907200000,0.6268],[1468080000000,1.2446],[1468166400000,0.6273],[1468252800000,0.6257],[1468339200000,0.59],[1468425600000,0.619],[1468512000000,0.5891],[1468684800000,1.1679],[1468771200000,0.5815],[1468857600000,0.6122],[1468944000000,0.6064],[1469030400000,0.6113],[1469116800000,0.6097],[1469289600000,1.2294],[1469376000000,0.6215],[1469462400000,0.646],[1469548800000,0.6521],[1469635200000,0.6259],[1469721600000,0.6151],[1469894400000,1.2133],[1469980800000,0.3924],[1470067200000,0.5702],[1470153600000,0.5888],[1470240000000,0.5872],[1470326400000,0.5775],[1470499200000,1.0518],[1470585600000,2.9835],[1470672000000,0.5746],[1470758400000,0.5829],[1470844800000,0.5771],[1470931200000,0.5803],[1471104000000,1.1702],[1471190400000,0.5864],[1471276800000,0.5866],[1471363200000,0.5881],[1471449600000,0.5794],[1471536000000,0.5765],[1471708800000,1.0839],[1471795200000,3.038],[1471881600000,0.5769],[1471968000000,0.5784],[1472054400000,0.5683],[1472140800000,0.5832],[1472313600000,1.1347],[1472400000000,0.5681],[1472486400000,0.5899],[1472572800000,0.5827],[1472659200000,0.4177],[1472745600000,0.5518],[1472918400000,1.1296],[1473004800000,0.554],[1473091200000,0.5269],[1473177600000,0.5286],[1473264000000,0.5417],[1473350400000,0.5523],[1473523200000,1.0765],[1473609600000,0.5718],[1473696000000,0.565],[1473782400000,0.5628],[1474128000000,2.2011],[1474214400000,0.5744],[1474300800000,0.586],[1474387200000,0.5955],[1474473600000,0.6074],[1474560000000,0.618],[1474732800000,1.2329],[1474819200000,0.6169],[1474905600000,0.6348],[1474992000000,0.6935],[1475078400000,0.6662],[1475164800000,0.6845],[1475942400000,5.5871],[1476028800000,0.6189],[1476115200000,0.6166],[1476201600000,0.5119],[1476288000000,0.5779],[1476374400000,0.5857],[1476547200000,1.1334],[1476633600000,0.5696],[1476720000000,0.5687],[1476806400000,0.5861],[1476892800000,0.544],[1476979200000,0.6835],[1477152000000,1.0956],[1477238400000,0.5706],[1477324800000,0.6509],[1477411200000,0.6114],[1477497600000,0.6327],[1477584000000,0.7561],[1477756800000,1.1878],[1477843200000,0.5724],[1477929600000,0.533],[1478016000000,0.6204],[1478102400000,0.6068],[1478188800000,0.5735],[1478361600000,1.0918],[1478448000000,0.5474],[1478534400000,0.5643],[1478620800000,0.5584],[1478707200000,0.5431],[1478793600000,0.6176],[1478966400000,1.1329],[1479052800000,0.5772],[1479139200000,0.6299],[1479225600000,0.6366],[1479312000000,0.5965],[1479398400000,0.6299],[1479571200000,1.1631],[1479657600000,0.5399],[1479744000000,0.602],[1479830400000,0.5938],[1479916800000,0.6125],[1480003200000,0.6895],[1480176000000,1.1993],[1480262400000,0.6012],[1480348800000,0.6341],[1480435200000,0.6554],[1480521600000,0.5681],[1480608000000,0.6829],[1480780800000,1.2455],[1480867200000,0.6161],[1480953600000,0.6348],[1481040000000,0.6312],[1481126400000,0.6469],[1481212800000,0.6631],[1481385600000,1.2489],[1481472000000,0.6209],[1481558400000,0.6391],[1481644800000,0.6532],[1481731200000,0.6536],[1481817600000,0.669],[1481990400000,1.0625],[1482076800000,0.5411],[1482163200000,0.72],[1482249600000,0.9578],[1482336000000,0.7271],[1482422400000,0.7338],[1482595200000,1.2016],[1482681600000,0.7895],[1482768000000,0.9702],[1482854400000,0.9906],[1482940800000,1.0829],[1483027200000,0.9641],[1483113600000,0.8507],[1483286400000,1.7006],[1483372800000,0.7283],[1483459200000,0.8157],[1483545600000,0.9079],[1483632000000,0.9192],[1483804800000,1.6942],[1483891200000,0.8715],[1483977600000,0.8729],[1484064000000,0.879],[1484150400000,0.891],[1484236800000,0.8946],[1484409600000,1.67],[1484496000000,0.8755],[1484582400000,0.913],[1484668800000,0.9506],[1484755200000,0.9808],[1484841600000,0.9476],[1485014400000,1.9335],[1485100800000,0.8774],[1485187200000,1.0101],[1485273600000,0.9994],[1485360000000,1.1111],[1485964800000,6.1662],[1486051200000,0.8826],[1486224000000,1.7803],[1486310400000,0.889],[1486396800000,0.9168],[1486483200000,0.905],[1486569600000,0.8628],[1486656000000,0.9115],[1486828800000,1.8033],[1486915200000,0.8614],[1487001600000,0.9254],[1487088000000,0.9299],[1487174400000,0.9387],[1487260800000,0.9628],[1487433600000,1.8309],[1487520000000,0.9099],[1487606400000,0.9592],[1487692800000,0.9624],[1487779200000,0.9361],[1487865600000,0.949],[1488038400000,1.8613],[1488124800000,0.9384],[1488211200000,0.9748],[1488297600000,0.8869],[1488384000000,0.95009999999999994],[1488470400000,0.9485],[1488643200000,1.7831],[1488729600000,0.8908],[1488816000000,0.9328],[1488902400000,0.9328],[1488988800000,0.9099],[1489075200000,0.9473],[1489248000000,1.7747],[1489334400000,0.8988],[1489420800000,0.9364],[1489507200000,0.9346],[1489593600000,0.9209],[1489680000000,0.9764],[1489852800000,1.8728],[1489939200000,0.9514],[1490025600000,1.0155],[1490112000000,1.0169],[1490198400000,0.9897],[1490284800000,0.9808],[1490457600000,1.984],[1490544000000,0.9668],[1490630400000,1.0447],[1490716800000,1.1017],[1490803200000,1.1411],[1490889600000,1.3162],[1491235200000,4.0111],[1491321600000,1.0046],[1491408000000,1.0406],[1491494400000,1.1696],[1491667200000,1.8851],[1491753600000,2.2561],[1491840000000,0.9836],[1491926400000,0.98],[1492012800000,0.976],[1492099200000,0.9812],[1492272000000,1.8868],[1492358400000,0.9238],[1492444800000,0.9461],[1492531200000,0.9538],[1492617600000,0.9613],[1492704000000,0.9848],[1492876800000,1.8722],[1492963200000,0.9229],[1493049600000,0.9638],[1493136000000,0.9969],[1493222400000,1.0062],[1493308800000,1.2042],[1493568000000,2.7896],[1493654400000,0.9297],[1493740800000,0.987],[1493827200000,1.0094],[1493913600000,1.0041],[1494086400000,1.8998],[1494172800000,0.9473],[1494259200000,0.9851],[1494345600000,0.9793],[1494432000000,0.9691],[1494518400000,0.9972],[1494691200000,1.9375],[1494777600000,0.9271],[1494864000000,0.9619],[1494950400000,0.9849],[1495036800000,0.9863],[1495123200000,0.9468],[1495296000000,1.9093],[1495382400000,0.917],[1495468800000,1.0144],[1495555200000,1.0112],[1495641600000,0.9946],[1495728000000,1.0053],[1496073600000,4.0232],[1496160000000,1.0076],[1496246400000,0.8857],[1496332800000,1.0226],[1496505600000,2.0447],[1496592000000,2.3556],[1496678400000,1.0524],[1496764800000,1.0447],[1496851200000,1.0229],[1496937600000,1.0436],[1497110400000,2.0872],[1497196800000,1.038],[1497283200000,1.0395],[1497369600000,1.0461],[1497456000000,1.0567],[1497542400000,1.0639],[1497715200000,2.1246],[1497801600000,1.0738],[1497888000000,1.0792],[1497974400000,1.0804],[1498060800000,1.0983],[1498147200000,1.0851],[1498320000000,2.1942],[1498406400000,1.1058],[1498492800000,1.1193],[1498579200000,1.1222],[1498665600000,1.1266],[1498752000000,1.0575],[1498924800000,2.3137],[1499011200000,1.157],[1499097600000,1.076],[1499184000000,1.0694],[1499270400000,0.9807],[1499356800000,1.0223],[1499529600000,2.0445],[1499616000000,1.006],[1499702400000,0.9751],[1499788800000,1.0024],[1499875200000,1.0152],[1499961600000,1.0251],[1500134400000,2.0545],[1500220800000,1.0248],[1500307200000,0.9926],[1500393600000,1.0621],[1500480000000,1.0598],[1500566400000,1.0342],[1500739200000,2.0644],[1500825600000,1.0393],[1500912000000,1.0223],[1500998400000,1.046],[1501084800000,1.076],[1501171200000,1.0521],[1501344000000,2.1063],[1501430400000,1.0575],[1501516800000,0.9625],[1501603200000,1.0524],[1501689600000,1.0045],[1501776000000,1.0045],[1501948800000,2.0096],[1502035200000,1.0074],[1502121600000,0.9967],[1502208000000,1.0001],[1502294400000,1.0002],[1502380800000,0.9958],[1502553600000,1.9249],[1502640000000,0.975],[1502726400000,1.0264],[1502812800000,1.0125],[1502899200000,1.0194],[1502985600000,1.0711],[1503158400000,2.1417],[1503244800000,1.0362],[1503331200000,1.0268],[1503417600000,1.036],[1503504000000,1.0324],[1503590400000,1.038],[1503763200000,2.0743],[1503849600000,1.0496],[1503936000000,1.0719],[1504022400000,1.1135],[1504108800000,1.1172],[1504195200000,0.9813],[1504368000000,2.1897],[1504454400000,1.0211],[1504540800000,1.0075],[1504627200000,1.0184],[1504713600000,1.0447],[1504800000000,1.0237],[1504972800000,2.0447],[1505059200000,1.027],[1505145600000,1.0427],[1505232000000,1.0648],[1505318400000,1.0528],[1505404800000,1.0506],[1505577600000,2.1015],[1505664000000,1.0509],[1505750400000,1.0556],[1505836800000,1.0613],[1505923200000,1.0657],[1506009600000,1.0722],[1506182400000,2.1454],[1506268800000,1.0802],[1506355200000,1.0958],[1506441600000,1.1392],[1506528000000,1.1762],[1506614400000,1.0996],[1507392000000,10.514099999999999],[1507478400000,1.1306],[1507564800000,1.2156],[1507651200000,1.1891],[1507737600000,1.0697],[1507824000000,1.0521],[1507996800000,2.1001],[1508083200000,0.9766],[1508169600000,0.9412],[1508256000000,0.9672],[1508342400000,0.9427],[1508428800000,0.9539],[1508601600000,1.9065],[1508688000000,0.955],[1508774400000,0.9739],[1508860800000,0.9704],[1508947200000,0.9836],[1509033600000,0.9986],[1509206400000,1.9955],[1509292800000,1.0277],[1509379200000,1.08],[1509465600000,1.0272],[1509552000000,1.0433],[1509638400000,1.0361],[1509811200000,2.0709],[1509897600000,0.9879],[1509984000000,0.9619],[1510070400000,0.9611],[1510156800000,0.9607],[1510243200000,0.9653],[1510416000000,1.9309],[1510502400000,0.9872],[1510588800000,1.0087],[1510675200000,1.0239],[1510761600000,1.0373],[1510848000000,1.0496],[1511020800000,2.0996],[1511107200000,1.0589],[1511193600000,1.048],[1511280000000,1.0582],[1511366400000,1.0716],[1511452800000,1.0873],[1511625600000,2.1743],[1511712000000,1.0974],[1511798400000,1.1062],[1511884800000,1.1266],[1511971200000,1.1259],[1512057600000,1.0227],[1512230400000,2.2639],[1512316800000,1.112],[1512403200000,1.0722],[1512489600000,1.0574],[1512576000000,1.0485],[1512662400000,1.0459],[1512835200000,2.0908],[1512921600000,1.0486],[1513008000000,1.0666],[1513094400000,1.0845],[1513180800000,1.1041],[1513267200000,1.1185],[1513440000000,2.2391],[1513526400000,1.1438],[1513612800000,1.1505],[1513699200000,1.1717],[1513785600000,1.1687],[1513872000000,1.1914],[1514044800000,2.3901],[1514131200000,1.1839],[1514217600000,1.2127],[1514304000000,1.2668],[1514390400000,1.3738],[1514476800000,1.3019],[1514649600000,1.4319],[1514736000000,4.2957],[1514822400000,1.41],[1514908800000,1.1569],[1514995200000,1.1817],[1515081600000,1.1145],[1515254400000,2.2248],[1515340800000,1.0104],[1515427200000,1.0359],[1515513600000,1.0231],[1515600000000,1.0305],[1515686400000,1.0431],[1515859200000,2.1056],[1515945600000,1.0581],[1516032000000,1.0725],[1516118400000,1.0626],[1516204800000,1.0852],[1516291200000,1.0946],[1516464000000,2.1911],[1516550400000,1.1128],[1516636800000,1.0963],[1516723200000,1.1058],[1516809600000,1.093],[1516896000000,1.1086],[1517068800000,2.2192],[1517155200000,1.0947],[1517241600000,1.1065],[1517328000000,1.0975],[1517414400000,1.035],[1517500800000,1.1002],[1517673600000,2.2016],[1517760000000,1.0919]];
/*基金收益走势图   7日年化收益率*/
var Data_sevenDaysYearIncome = [[1417104000000,3.504],[1417449600000,5.662],[1417536000000,6.584],[1417622400000,6.135],[1417708800000,5.658],[1417881600000,4.229],[1417968000000,3.564],[1418054400000,2.965],[1418140800000,2.377],[1418227200000,2.221],[1418313600000,2.224],[1418486400000,2.762],[1418572800000,2.995],[1418659200000,3.242],[1418745600000,3.452],[1418832000000,3.864],[1418918400000,4.473],[1419091200000,5.678],[1419177600000,6.279],[1419264000000,6.8],[1419350400000,7.175],[1419436800000,7.15],[1419523200000,6.742],[1419696000000,5.891],[1419782400000,5.565],[1419868800000,5.208],[1419955200000,4.883],[1420300800000,4.463],[1420387200000,4.343],[1420473600000,4.053],[1420560000000,3.93],[1420646400000,3.827],[1420732800000,3.719],[1420905600000,3.493],[1420992000000,3.319],[1421078400000,3.427],[1421164800000,3.577],[1421251200000,3.705],[1421337600000,3.813],[1421510400000,3.998],[1421596800000,4.104],[1421683200000,4.168],[1421769600000,4.146],[1421856000000,4.095],[1421942400000,4.04],[1422115200000,3.911],[1422201600000,3.832],[1422288000000,3.718],[1422374400000,3.638],[1422460800000,3.595],[1422547200000,3.477],[1422720000000,3.535],[1422806400000,3.56],[1422892800000,3.646],[1422979200000,3.747],[1423065600000,3.819],[1423152000000,3.996],[1423324800000,4.055],[1423411200000,4.11],[1423497600000,4.121],[1423584000000,4.265],[1423670400000,4.418],[1423756800000,4.566],[1423929600000,4.724],[1424016000000,4.786],[1424102400000,4.774],[1424707200000,4.021],[1424793600000,3.993],[1424880000000,3.918],[1424966400000,3.806],[1425139200000,3.721],[1425225600000,3.682],[1425312000000,3.625],[1425398400000,3.53],[1425484800000,3.485],[1425571200000,3.481],[1425744000000,3.361],[1425830400000,3.446],[1425916800000,3.769],[1426003200000,4.009],[1426089600000,4.254],[1426176000000,4.427],[1426348800000,4.725],[1426435200000,4.709],[1426521600000,4.359],[1426608000000,4.167],[1426694400000,3.983],[1426780800000,3.842],[1426953600000,3.538],[1427040000000,3.406],[1427126400000,3.405],[1427212800000,3.379],[1427299200000,3.334],[1427385600000,3.284],[1427558400000,3.199],[1427644800000,3.189],[1427731200000,3.191],[1427817600000,3.126],[1427904000000,3.143],[1427990400000,3.184],[1428249600000,3.339],[1428336000000,3.285],[1428422400000,3.298],[1428508800000,3.238],[1428595200000,3.236],[1428768000000,3.221],[1428854400000,3.184],[1428940800000,3.295],[1429027200000,3.466],[1429113600000,3.61],[1429200000000,3.669],[1429372800000,3.741],[1429459200000,3.774],[1429545600000,3.654],[1429632000000,3.454],[1429718400000,3.324],[1429804800000,3.193],[1429977600000,2.928],[1430064000000,2.845],[1430150400000,2.83],[1430236800000,2.862],[1430323200000,2.767],[1430582400000,2.857],[1430668800000,2.85],[1430755200000,2.877],[1430841600000,2.915],[1430928000000,3.019],[1431014400000,3.042],[1431187200000,3.087],[1431273600000,3.097],[1431360000000,3.057],[1431446400000,2.998],[1431532800000,2.901],[1431619200000,2.797],[1431792000000,2.626],[1431878400000,2.555],[1431964800000,2.517],[1432051200000,2.493],[1432137600000,2.517],[1432224000000,2.578],[1432396800000,2.588],[1432483200000,2.61],[1432569600000,2.63],[1432656000000,2.633],[1432742400000,2.637],[1432828800000,2.616],[1433001600000,2.695],[1433088000000,2.642],[1433174400000,2.64],[1433260800000,2.656],[1433347200000,2.694],[1433433600000,2.738],[1433606400000,2.719],[1433692800000,2.782],[1433779200000,2.745],[1433865600000,2.672],[1433952000000,2.59],[1434038400000,2.502],[1434211200000,2.437],[1434297600000,2.401],[1434384000000,2.417],[1434470400000,2.443],[1434556800000,2.487],[1434643200000,2.553],[1434902400000,2.703],[1434988800000,2.721],[1435075200000,2.733],[1435161600000,2.711],[1435248000000,2.662],[1435420800000,2.505],[1435507200000,2.559],[1435593600000,2.475],[1435680000000,2.827],[1435766400000,2.866],[1435852800000,3.274],[1436025600000,3.394],[1436112000000,3.312],[1436198400000,3.643],[1436284800000,3.235],[1436371200000,3.121],[1436457600000,2.67],[1436630400000,2.548],[1436716800000,2.55],[1436803200000,2.309],[1436889600000,2.357],[1436976000000,2.41],[1437062400000,2.412],[1437235200000,2.405],[1437321600000,2.343],[1437408000000,2.282],[1437494400000,2.254],[1437580800000,2.254],[1437667200000,2.269],[1437840000000,2.274],[1437926400000,2.266],[1438012800000,2.24],[1438099200000,2.191],[1438185600000,2.14],[1438272000000,2.025],[1438444800000,1.971],[1438531200000,1.95],[1438617600000,1.94],[1438704000000,1.942],[1438790400000,1.949],[1438876800000,2.024],[1439049600000,2.01],[1439136000000,2.163],[1439222400000,2.179],[1439308800000,2.194],[1439395200000,2.197],[1439481600000,2.211],[1439654400000,2.241],[1439740800000,2.085],[1439827200000,2.072],[1439913600000,2.069],[1440000000000,2.071],[1440086400000,2.067],[1440259200000,2.061],[1440345600000,2.06],[1440432000000,2.035],[1440518400000,2.213],[1440604800000,2.214],[1440691200000,2.233],[1440864000000,2.274],[1440950400000,2.304],[1441036800000,2.275],[1441123200000,2.109],[1441468800000,2.123],[1441555200000,2.133],[1441641600000,2.222],[1441728000000,2.547],[1441814400000,2.562],[1441900800000,2.578],[1442073600000,2.606],[1442160000000,2.848],[1442246400000,2.855],[1442332800000,2.55],[1442419200000,2.552],[1442505600000,2.547],[1442678400000,2.555],[1442764800000,2.306],[1442851200000,2.296],[1442937600000,2.294],[1443024000000,2.294],[1443110400000,2.304],[1443283200000,2.315],[1443369600000,2.337],[1443456000000,2.357],[1443542400000,2.255],[1444147200000,2.451],[1444233600000,2.451],[1444320000000,2.45],[1444492800000,2.449],[1444579200000,2.44],[1444665600000,3.285],[1444752000000,3.281],[1444838400000,3.274],[1444924800000,3.266],[1445097600000,3.249],[1445184000000,4.242],[1445270400000,3.371],[1445356800000,3.354],[1445443200000,3.34],[1445529600000,3.323],[1445702400000,3.297],[1445788800000,2.285],[1445875200000,2.254],[1445961600000,2.23],[1446048000000,2.2],[1446134400000,2.106],[1446307200000,2.051],[1446393600000,2.038],[1446480000000,2.03],[1446566400000,2.017],[1446652800000,2.023],[1446739200000,2.099],[1446912000000,2.109],[1446998400000,2.114],[1447084800000,2.415],[1447171200000,2.434],[1447257600000,2.433],[1447344000000,2.425],[1447516800000,2.399],[1447603200000,2.385],[1447689600000,2.081],[1447776000000,2.059],[1447862400000,2.033],[1447948800000,2.024],[1448121600000,2.016],[1448208000000,2.004],[1448294400000,2.001],[1448380800000,2.27],[1448467200000,2.263],[1448553600000,2.557],[1448726400000,2.606],[1448812800000,2.635],[1448899200000,2.616],[1448985600000,2.391],[1449072000000,2.457],[1449158400000,2.176],[1449331200000,2.15],[1449417600000,2.136],[1449504000000,2.154],[1449590400000,2.104],[1449676800000,2.336],[1449763200000,2.319],[1449936000000,2.3],[1450022400000,2.305],[1450108800000,2.307],[1450195200000,2.317],[1450281600000,2.042],[1450368000000,2.072],[1450540800000,2.117],[1450627200000,2.135],[1450713600000,2.521],[1450800000000,2.552],[1450886400000,2.613],[1450972800000,2.663],[1451145600000,2.749],[1451232000000,2.791],[1451318400000,2.476],[1451404800000,2.522],[1451491200000,2.444],[1451750400000,2.395],[1451836800000,2.361],[1451923200000,2.348],[1452009600000,2.338],[1452096000000,2.409],[1452182400000,2.401],[1452355200000,2.351],[1452441600000,2.354],[1452528000000,2.313],[1452614400000,2.241],[1452700800000,2.19],[1452787200000,2.157],[1452960000000,2.143],[1453046400000,2.11],[1453132800000,2.104],[1453219200000,2.12],[1453305600000,2.142],[1453392000000,2.167],[1453564800000,2.194],[1453651200000,2.226],[1453737600000,2.25],[1453824000000,2.272],[1453910400000,2.28],[1453996800000,2.271],[1454169600000,2.235],[1454256000000,2.136],[1454342400000,2.139],[1454428800000,2.134],[1454515200000,2.125],[1454601600000,2.122],[1455379200000,2.205],[1455465600000,2.193],[1455552000000,2.194],[1455638400000,2.195],[1455724800000,2.192],[1455811200000,2.194],[1455984000000,2.214],[1456070400000,2.211],[1456156800000,2.405],[1456243200000,2.386],[1456329600000,2.374],[1456416000000,2.371],[1456588800000,2.284],[1456675200000,2.295],[1456761600000,2.019],[1456848000000,2.018],[1456934400000,2.019],[1457020800000,2.003],[1457193600000,2.027],[1457280000000,2.012],[1457366400000,2.077],[1457452800000,2.083],[1457539200000,2.08],[1457625600000,2.075],[1457798400000,2.046],[1457884800000,2.961],[1457971200000,2.949],[1458057600000,2.937],[1458144000000,2.928],[1458230400000,2.928],[1458403200000,2.972],[1458489600000,2.058],[1458576000000,2.087],[1458662400000,2.104],[1458748800000,2.12],[1458835200000,2.138],[1459008000000,2.159],[1459094400000,2.144],[1459180800000,2.139],[1459267200000,2.159],[1459353600000,2.18],[1459440000000,2.14],[1459699200000,2.215],[1459785600000,2.229],[1459872000000,2.219],[1459958400000,2.196],[1460044800000,2.227],[1460217600000,2.178],[1460304000000,2.164],[1460390400000,2.152],[1460476800000,2.153],[1460563200000,2.152],[1460649600000,2.155],[1460822400000,2.159],[1460908800000,2.15],[1460995200000,2.843],[1461081600000,2.837],[1461168000000,2.844],[1461254400000,2.85],[1461427200000,2.858],[1461513600000,2.864],[1461600000000,2.167],[1461686400000,2.166],[1461772800000,2.15],[1461859200000,2.061],[1462118400000,1.972],[1462204800000,1.957],[1462291200000,1.949],[1462377600000,1.957],[1462464000000,2.04],[1462636800000,2.094],[1462723200000,2.12],[1462809600000,2.133],[1462896000000,2.136],[1462982400000,2.135],[1463068800000,2.136],[1463241600000,2.138],[1463328000000,2.145],[1463414400000,2.149],[1463500800000,2.155],[1463587200000,2.162],[1463673600000,2.169],[1463846400000,2.182],[1463932800000,2.184],[1464019200000,2.976],[1464105600000,2.972],[1464192000000,2.964],[1464278400000,2.956],[1464451200000,2.941],[1464537600000,2.927],[1464624000000,2.1],[1464710400000,2.024],[1464796800000,2.024],[1464883200000,2.022],[1465056000000,2.003],[1465142400000,2.006],[1465228800000,2.037],[1465315200000,2.129],[1465660800000,2.156],[1465747200000,2.159],[1465833600000,2.154],[1465920000000,2.135],[1466006400000,2.133],[1466092800000,2.134],[1466265600000,2.17],[1466352000000,2.176],[1466438400000,2.187],[1466524800000,2.198],[1466611200000,2.208],[1466697600000,2.218],[1466870400000,2.253],[1466956800000,2.269],[1467043200000,2.284],[1467129600000,2.308],[1467216000000,2.342],[1467302400000,2.31],[1467475200000,2.344],[1467561600000,2.362],[1467648000000,2.377],[1467734400000,2.38],[1467820800000,2.359],[1467907200000,2.395],[1468080000000,2.355],[1468166400000,2.339],[1468252800000,2.326],[1468339200000,2.296],[1468425600000,2.285],[1468512000000,2.265],[1468684800000,2.224],[1468771200000,2.2],[1468857600000,2.193],[1468944000000,2.201],[1469030400000,2.197],[1469116800000,2.208],[1469289600000,2.241],[1469376000000,2.262],[1469462400000,2.28],[1469548800000,2.305],[1469635200000,2.313],[1469721600000,2.315],[1469894400000,2.307],[1469980800000,2.185],[1470067200000,2.144],[1470153600000,2.111],[1470240000000,2.09],[1470326400000,2.07],[1470499200000,1.984],[1470585600000,3.371],[1470672000000,3.373],[1470758400000,3.37],[1470844800000,3.365],[1470931200000,3.366],[1471104000000,3.43],[1471190400000,2.146],[1471276800000,2.152],[1471363200000,2.155],[1471449600000,2.156],[1471536000000,2.154],[1471708800000,2.108],[1471795200000,3.421],[1471881600000,3.416],[1471968000000,3.411],[1472054400000,3.405],[1472140800000,3.409],[1472313600000,3.436],[1472400000000,2.113],[1472486400000,2.12],[1472572800000,2.122],[1472659200000,2.042],[1472745600000,2.025],[1472918400000,2.022],[1473004800000,2.015],[1473091200000,1.981],[1473177600000,1.953],[1473264000000,2.018],[1473350400000,2.019],[1473523200000,1.99],[1473609600000,2.0],[1473696000000,2.02],[1473782400000,2.038],[1474128000000,2.055],[1474214400000,2.056],[1474300800000,2.067],[1474387200000,2.085],[1474473600000,2.115],[1474560000000,2.151],[1474732800000,2.222],[1474819200000,2.244],[1474905600000,2.27],[1474992000000,2.323],[1475078400000,2.354],[1475164800000,2.389],[1475942400000,2.292],[1476028800000,2.291],[1476115200000,2.288],[1476201600000,2.23],[1476288000000,2.208],[1476374400000,2.189],[1476547200000,2.131],[1476633600000,2.105],[1476720000000,2.079],[1476806400000,2.119],[1476892800000,2.101],[1476979200000,2.153],[1477152000000,2.133],[1477238400000,2.133],[1477324800000,2.177],[1477411200000,2.191],[1477497600000,2.238],[1477584000000,2.277],[1477756800000,2.326],[1477843200000,2.327],[1477929600000,2.264],[1478016000000,2.269],[1478102400000,2.255],[1478188800000,2.158],[1478361600000,2.106],[1478448000000,2.093],[1478534400000,2.11],[1478620800000,2.077],[1478707200000,2.043],[1478793600000,2.066],[1478966400000,2.088],[1479052800000,2.104],[1479139200000,2.139],[1479225600000,2.181],[1479312000000,2.209],[1479398400000,2.216],[1479571200000,2.232],[1479657600000,2.212],[1479744000000,2.197],[1479830400000,2.174],[1479916800000,2.183],[1480003200000,2.215],[1480176000000,2.234],[1480262400000,2.266],[1480348800000,2.284],[1480435200000,2.316],[1480521600000,2.293],[1480608000000,2.289],[1480780800000,2.314],[1480867200000,2.322],[1480953600000,2.322],[1481040000000,2.309],[1481126400000,2.351],[1481212800000,2.341],[1481385600000,2.343],[1481472000000,2.345],[1481558400000,2.347],[1481644800000,2.359],[1481731200000,2.363],[1481817600000,2.366],[1481990400000,2.267],[1482076800000,2.224],[1482163200000,2.267],[1482249600000,2.43],[1482336000000,2.469],[1482422400000,2.504],[1482595200000,2.578],[1482681600000,2.711],[1482768000000,2.845],[1482854400000,2.862],[1482940800000,3.053],[1483027200000,3.177],[1483113600000,3.312],[1483286400000,3.479],[1483372800000,3.349],[1483459200000,3.254],[1483545600000,3.16],[1483632000000,3.136],[1483804800000,3.132],[1483891200000,3.144],[1483977600000,3.222],[1484064000000,3.256],[1484150400000,3.247],[1484236800000,3.233],[1484409600000,3.22],[1484496000000,3.223],[1484582400000,3.244],[1484668800000,3.283],[1484755200000,3.331],[1484841600000,3.36],[1485014400000,3.502],[1485100800000,3.503],[1485187200000,3.555],[1485273600000,3.581],[1485360000000,3.652],[1485964800000,3.267],[1486051200000,3.268],[1486224000000,3.278],[1486310400000,3.283],[1486396800000,3.302],[1486483200000,3.315],[1486569600000,3.305],[1486656000000,3.321],[1486828800000,3.333],[1486915200000,3.318],[1487001600000,3.323],[1487088000000,3.336],[1487174400000,3.377],[1487260800000,3.405],[1487433600000,3.42],[1487520000000,3.446],[1487606400000,3.464],[1487692800000,3.482],[1487779200000,3.48],[1487865600000,3.473],[1488038400000,3.489],[1488124800000,3.505],[1488211200000,3.513],[1488297600000,3.472],[1488384000000,3.48],[1488470400000,3.48],[1488643200000,3.437],[1488729600000,3.412],[1488816000000,3.389],[1488902400000,3.414],[1488988800000,3.392],[1489075200000,3.391],[1489248000000,3.387],[1489334400000,3.391],[1489420800000,3.393],[1489507200000,3.394],[1489593600000,3.4],[1489680000000,3.416],[1489852800000,3.469],[1489939200000,3.497],[1490025600000,3.54],[1490112000000,3.584],[1490198400000,3.621],[1490284800000,3.624],[1490457600000,3.684],[1490544000000,3.692],[1490630400000,3.708],[1490716800000,3.754],[1490803200000,3.836],[1490889600000,4.018],[1491235200000,4.026],[1491321600000,3.973],[1491408000000,3.919],[1491494400000,3.84],[1491667200000,3.774],[1491753600000,4.455],[1491840000000,4.444],[1491926400000,4.431],[1492012800000,4.396],[1492099200000,4.293],[1492272000000,4.294],[1492358400000,3.572],[1492444800000,3.552],[1492531200000,3.538],[1492617600000,3.53],[1492704000000,3.532],[1492876800000,3.524],[1492963200000,3.523],[1493049600000,3.533],[1493136000000,3.556],[1493222400000,3.58],[1493308800000,3.699],[1493568000000,3.696],[1493654400000,3.678],[1493740800000,3.672],[1493827200000,3.674],[1493913600000,3.566],[1494086400000,3.587],[1494172800000,3.597],[1494259200000,3.627],[1494345600000,3.623],[1494432000000,3.601],[1494518400000,3.597],[1494691200000,3.618],[1494777600000,3.607],[1494864000000,3.594],[1494950400000,3.597],[1495036800000,3.606],[1495123200000,3.579],[1495296000000,3.564],[1495382400000,3.558],[1495468800000,3.587],[1495555200000,3.601],[1495641600000,3.606],[1495728000000,3.637],[1496073600000,3.736],[1496160000000,3.734],[1496246400000,3.675],[1496332800000,3.684],[1496505600000,3.702],[1496592000000,4.435],[1496678400000,4.46],[1496764800000,4.48],[1496851200000,4.555],[1496937600000,4.566],[1497110400000,4.59],[1497196800000,3.874],[1497283200000,3.867],[1497369600000,3.867],[1497456000000,3.886],[1497542400000,3.897],[1497715200000,3.917],[1497801600000,3.936],[1497888000000,3.958],[1497974400000,3.976],[1498060800000,3.999],[1498147200000,4.01],[1498320000000,4.048],[1498406400000,4.066],[1498492800000,4.087],[1498579200000,4.11],[1498665600000,4.125],[1498752000000,4.11],[1498924800000,4.175],[1499011200000,4.203],[1499097600000,4.18],[1499184000000,4.151],[1499270400000,4.072],[1499356800000,4.053],[1499529600000,3.907],[1499616000000,3.825],[1499702400000,3.77],[1499788800000,3.734],[1499875200000,3.753],[1499961600000,3.754],[1500134400000,3.76],[1500220800000,3.77],[1500307200000,3.779],[1500393600000,3.812],[1500480000000,3.836],[1500566400000,3.841],[1500739200000,3.846],[1500825600000,3.854],[1500912000000,3.87],[1500998400000,3.861],[1501084800000,3.87],[1501171200000,3.88],[1501344000000,3.902],[1501430400000,3.912],[1501516800000,3.88],[1501603200000,3.883],[1501689600000,3.845],[1501776000000,3.819],[1501948800000,3.766],[1502035200000,3.739],[1502121600000,3.758],[1502208000000,3.73],[1502294400000,3.727],[1502380800000,3.723],[1502553600000,3.677],[1502640000000,3.659],[1502726400000,3.675],[1502812800000,3.682],[1502899200000,3.692],[1502985600000,3.733],[1503158400000,3.85],[1503244800000,3.883],[1503331200000,3.884],[1503417600000,3.896],[1503504000000,3.903],[1503590400000,3.886],[1503763200000,3.849],[1503849600000,3.856],[1503936000000,3.881],[1504022400000,3.923],[1504108800000,3.969],[1504195200000,3.938],[1504368000000,4.001],[1504454400000,3.985],[1504540800000,3.95],[1504627200000,3.899],[1504713600000,3.859],[1504800000000,3.882],[1504972800000,3.804],[1505059200000,3.807],[1505145600000,3.826],[1505232000000,3.851],[1505318400000,3.856],[1505404800000,3.87],[1505577600000,3.901],[1505664000000,3.914],[1505750400000,3.921],[1505836800000,3.919],[1505923200000,3.926],[1506009600000,3.938],[1506182400000,3.961],[1506268800000,3.977],[1506355200000,3.999],[1506441600000,4.041],[1506528000000,4.101],[1506614400000,4.116],[1507392000000,4.356],[1507478400000,4.336],[1507564800000,4.361],[1507651200000,4.373],[1507737600000,4.319],[1507824000000,4.256],[1507996800000,4.127],[1508083200000,4.044],[1508169600000,3.895],[1508256000000,3.775],[1508342400000,3.706],[1508428800000,3.653],[1508601600000,3.549],[1508688000000,3.537],[1508774400000,3.555],[1508860800000,3.556],[1508947200000,3.578],[1509033600000,3.603],[1509206400000,3.651],[1509292800000,3.69],[1509379200000,3.747],[1509465600000,3.778],[1509552000000,3.811],[1509638400000,3.831],[1509811200000,3.872],[1509897600000,3.85],[1509984000000,3.786],[1510070400000,3.75],[1510156800000,3.706],[1510243200000,3.667],[1510416000000,3.592],[1510502400000,3.591],[1510588800000,3.617],[1510675200000,3.651],[1510761600000,3.692],[1510848000000,3.738],[1511020800000,3.829],[1511107200000,3.868],[1511193600000,3.889],[1511280000000,3.908],[1511366400000,3.926],[1511452800000,3.947],[1511625600000,3.987],[1511712000000,4.008],[1511798400000,4.04],[1511884800000,4.077],[1511971200000,4.106],[1512057600000,4.071],[1512230400000,4.12],[1512316800000,4.128],[1512403200000,4.109],[1512489600000,4.072],[1512576000000,4.03],[1512662400000,4.042],[1512835200000,3.948],[1512921600000,3.914],[1513008000000,3.911],[1513094400000,3.926],[1513180800000,3.956],[1513267200000,3.995],[1513440000000,4.076],[1513526400000,4.127],[1513612800000,4.173],[1513699200000,4.22],[1513785600000,4.255],[1513872000000,4.295],[1514044800000,4.377],[1514131200000,4.399],[1514217600000,4.433],[1514304000000,4.484],[1514390400000,4.596],[1514476800000,4.656],[1514649600000,4.915],[1514736000000,5.051],[1514822400000,5.159],[1514908800000,5.099],[1514995200000,4.994],[1515081600000,4.891],[1515254400000,4.542],[1515340800000,4.313],[1515427200000,4.11],[1515513600000,4.037],[1515600000000,3.955],[1515686400000,3.916],[1515859200000,3.852],[1515945600000,3.878],[1516032000000,3.897],[1516118400000,3.919],[1516204800000,3.948],[1516291200000,3.976],[1516464000000,4.023],[1516550400000,4.052],[1516636800000,4.065],[1516723200000,4.089],[1516809600000,4.093],[1516896000000,4.101],[1517068800000,4.116],[1517155200000,4.106],[1517241600000,4.112],[1517328000000,4.107],[1517414400000,4.076],[1517500800000,4.071],[1517673600000,4.061],[1517760000000,4.06]];
/*资产配置*/
var Data_assetAllocationCurrency ={"categories":["12-31","09-30","06-30","03-31"],"series":[{"name":"股票","data":[null,null,null,null]},{"name":"债券","data":[12.76,14.57,15.2,16.48]},{"name":"现金","data":[68.79,66.61,67.26,72.85]}]};
/*累计收益率走势*/
var Data_grandTotal = [{"name":"上投摩根天添盈货币B","data":[[1501948800000,0],[1502035200000,0.01],[1502121600000,0.02],[1502208000000,0.03],[1502294400000,0.04],[1502380800000,0.05],[1502553600000,0.07],[1502640000000,0.08],[1502726400000,0.09],[1502812800000,0.10],[1502899200000,0.11],[1502985600000,0.12],[1503158400000,0.14],[1503244800000,0.15],[1503331200000,0.16],[1503417600000,0.17],[1503504000000,0.18],[1503590400000,0.19],[1503763200000,0.21],[1503849600000,0.22],[1503936000000,0.24],[1504022400000,0.25],[1504108800000,0.26],[1504195200000,0.27],[1504368000000,0.29],[1504454400000,0.30],[1504540800000,0.31],[1504627200000,0.32],[1504713600000,0.33],[1504800000000,0.34],[1504972800000,0.36],[1505059200000,0.37],[1505145600000,0.38],[1505232000000,0.39],[1505318400000,0.40],[1505404800000,0.41],[1505577600000,0.44],[1505664000000,0.45],[1505750400000,0.46],[1505836800000,0.47],[1505923200000,0.48],[1506009600000,0.49],[1506182400000,0.51],[1506268800000,0.52],[1506355200000,0.53],[1506441600000,0.54],[1506528000000,0.56],[1506614400000,0.57],[1507392000000,0.67],[1507478400000,0.68],[1507564800000,0.70],[1507651200000,0.71],[1507737600000,0.72],[1507824000000,0.73],[1507996800000,0.75],[1508083200000,0.76],[1508169600000,0.77],[1508256000000,0.78],[1508342400000,0.79],[1508428800000,0.80],[1508601600000,0.82],[1508688000000,0.83],[1508774400000,0.84],[1508860800000,0.85],[1508947200000,0.86],[1509033600000,0.87],[1509206400000,0.89],[1509292800000,0.90],[1509379200000,0.91],[1509465600000,0.92],[1509552000000,0.93],[1509638400000,0.94],[1509811200000,0.96],[1509897600000,0.97],[1509984000000,0.98],[1510070400000,0.99],[1510156800000,1.00],[1510243200000,1.01],[1510416000000,1.03],[1510502400000,1.04],[1510588800000,1.05],[1510675200000,1.06],[1510761600000,1.07],[1510848000000,1.08],[1511020800000,1.10],[1511107200000,1.11],[1511193600000,1.12],[1511280000000,1.13],[1511366400000,1.14],[1511452800000,1.16],[1511625600000,1.18],[1511712000000,1.19],[1511798400000,1.20],[1511884800000,1.21],[1511971200000,1.22],[1512057600000,1.23],[1512230400000,1.26],[1512316800000,1.27],[1512403200000,1.28],[1512489600000,1.29],[1512576000000,1.30],[1512662400000,1.31],[1512835200000,1.33],[1512921600000,1.34],[1513008000000,1.35],[1513094400000,1.36],[1513180800000,1.37],[1513267200000,1.39],[1513440000000,1.41],[1513526400000,1.42],[1513612800000,1.43],[1513699200000,1.44],[1513785600000,1.46],[1513872000000,1.47],[1514044800000,1.49],[1514131200000,1.50],[1514217600000,1.52],[1514304000000,1.53],[1514390400000,1.54],[1514476800000,1.56],[1514649600000,1.57],[1514736000000,1.61],[1514822400000,1.63],[1514908800000,1.64],[1514995200000,1.65],[1515081600000,1.66],[1515254400000,1.69],[1515340800000,1.70],[1515427200000,1.71],[1515513600000,1.72],[1515600000000,1.73],[1515686400000,1.74],[1515859200000,1.76],[1515945600000,1.77],[1516032000000,1.78],[1516118400000,1.79],[1516204800000,1.80],[1516291200000,1.82],[1516464000000,1.84],[1516550400000,1.85],[1516636800000,1.86],[1516723200000,1.87],[1516809600000,1.88],[1516896000000,1.89],[1517068800000,1.92],[1517155200000,1.93],[1517241600000,1.94],[1517328000000,1.95],[1517414400000,1.96],[1517500800000,1.97],[1517673600000,1.99],[1517760000000,2.01]]},{"name":"同类平均","data":[[1502035200000,0],[1502121600000,0.01],[1502208000000,0.02],[1502294400000,0.03],[1502380800000,0.04],[1502640000000,0.07],[1502726400000,0.08],[1502812800000,0.09],[1502899200000,0.10],[1502985600000,0.11],[1503244800000,0.14],[1503331200000,0.16],[1503417600000,0.17],[1503504000000,0.18],[1503590400000,0.19],[1503849600000,0.22],[1503936000000,0.23],[1504022400000,0.24],[1504108800000,0.25],[1504195200000,0.26],[1504454400000,0.29],[1504540800000,0.30],[1504627200000,0.31],[1504713600000,0.32],[1504800000000,0.34],[1505059200000,0.37],[1505145600000,0.38],[1505232000000,0.39],[1505318400000,0.40],[1505404800000,0.41],[1505664000000,0.44],[1505750400000,0.45],[1505836800000,0.46],[1505923200000,0.47],[1506009600000,0.48],[1506268800000,0.52],[1506355200000,0.53],[1506441600000,0.54],[1506528000000,0.55],[1506614400000,0.56],[1507478400000,0.67],[1507564800000,0.68],[1507651200000,0.69],[1507737600000,0.71],[1507824000000,0.72],[1508083200000,0.75],[1508169600000,0.76],[1508256000000,0.77],[1508342400000,0.78],[1508428800000,0.79],[1508688000000,0.82],[1508774400000,0.83],[1508860800000,0.84],[1508947200000,0.85],[1509033600000,0.86],[1509292800000,0.90],[1509379200000,0.91],[1509465600000,0.92],[1509552000000,0.93],[1509638400000,0.94],[1509897600000,0.97],[1509984000000,0.98],[1510070400000,0.99],[1510156800000,1.00],[1510243200000,1.01],[1510502400000,1.04],[1510588800000,1.06],[1510675200000,1.07],[1510761600000,1.08],[1510848000000,1.09],[1511107200000,1.12],[1511193600000,1.13],[1511280000000,1.14],[1511366400000,1.15],[1511452800000,1.16],[1511712000000,1.20],[1511798400000,1.21],[1511884800000,1.22],[1511971200000,1.23],[1512057600000,1.24],[1512316800000,1.28],[1512403200000,1.29],[1512489600000,1.30],[1512576000000,1.31],[1512662400000,1.32],[1512921600000,1.35],[1513008000000,1.36],[1513094400000,1.38],[1513180800000,1.39],[1513267200000,1.40],[1513526400000,1.43],[1513612800000,1.44],[1513699200000,1.46],[1513785600000,1.47],[1513872000000,1.48],[1514131200000,1.51],[1514217600000,1.53],[1514304000000,1.54],[1514390400000,1.55],[1514476800000,1.57],[1514822400000,1.62],[1514908800000,1.64],[1514995200000,1.65],[1515081600000,1.66],[1515340800000,1.69],[1515427200000,1.71],[1515513600000,1.72],[1515600000000,1.73],[1515686400000,1.74],[1515945600000,1.77],[1516032000000,1.79],[1516118400000,1.80],[1516204800000,1.81],[1516291200000,1.82],[1516550400000,1.86],[1516636800000,1.87],[1516723200000,1.88],[1516809600000,1.89],[1516896000000,1.90],[1517155200000,1.94],[1517241600000,1.95],[1517328000000,1.96],[1517414400000,1.97],[1517500800000,1.98],[1517760000000,2.02]]},{"name":"沪深300","data":[[1502035200000,0],[1502121600000,0.15],[1502208000000,0.11],[1502294400000,-0.29],[1502380800000,-2.13],[1502640000000,-0.86],[1502726400000,-0.56],[1502812800000,-0.68],[1502899200000,-0.15],[1502985600000,-0.06],[1503244800000,0.38],[1503331200000,0.68],[1503417600000,0.79],[1503504000000,0.21],[1503590400000,1.85],[1503849600000,3.11],[1503936000000,2.89],[1504022400000,2.88],[1504108800000,2.56],[1504195200000,2.78],[1504454400000,3.19],[1504540800000,3.50],[1504627200000,3.29],[1504713600000,2.77],[1504800000000,2.66],[1505059200000,2.65],[1505145600000,2.98],[1505232000000,3.11],[1505318400000,2.77],[1505404800000,2.80],[1505664000000,3.12],[1505750400000,2.83],[1505836800000,3.10],[1505923200000,2.98],[1506009600000,2.98],[1506268800000,2.44],[1506355200000,2.52],[1506441600000,2.53],[1506528000000,2.57],[1506614400000,2.94],[1507478400000,4.17],[1507564800000,4.38],[1507651200000,4.72],[1507737600000,5.00],[1507824000000,5.21],[1508083200000,5.01],[1508169600000,5.00],[1508256000000,5.83],[1508342400000,5.49],[1508428800000,5.37],[1508688000000,5.47],[1508774400000,6.24],[1508860800000,6.71],[1508947200000,7.16],[1509033600000,7.92],[1509292800000,7.59],[1509379200000,7.51],[1509465600000,7.24],[1509552000000,7.25],[1509638400000,7.13],[1509897600000,7.89],[1509984000000,8.79],[1510070400000,8.62],[1510156800000,9.37],[1510243200000,10.33],[1510502400000,10.77],[1510588800000,10.00],[1510675200000,9.31],[1510761600000,10.15],[1510848000000,10.57],[1511107200000,11.19],[1511193600000,13.17],[1511280000000,13.44],[1511366400000,10.08],[1511452800000,10.13],[1511712000000,8.67],[1511798400000,8.83],[1511884800000,8.77],[1511971200000,7.49],[1512057600000,7.28],[1512316800000,7.84],[1512403200000,8.41],[1512489600000,7.76],[1512576000000,6.55],[1512662400000,7.42],[1512921600000,9.20],[1513008000000,7.76],[1513094400000,8.67],[1513180800000,8.03],[1513267200000,6.82],[1513526400000,6.94],[1513612800000,8.28],[1513699200000,8.15],[1513785600000,9.15],[1513872000000,8.80],[1514131200000,8.45],[1514217600000,8.77],[1514304000000,7.09],[1514390400000,7.84],[1514476800000,8.16],[1514822400000,9.68],[1514908800000,10.32],[1514995200000,10.79],[1515081600000,11.05],[1515340800000,11.63],[1515427200000,12.41],[1515513600000,12.91],[1515600000000,12.85],[1515686400000,13.37],[1515945600000,13.37],[1516032000000,14.27],[1516118400000,13.99],[1516204800000,14.61],[1516291200000,14.99],[1516550400000,16.36],[1516636800000,17.60],[1516723200000,17.79],[1516809600000,17.13],[1516896000000,17.56],[1517155200000,15.43],[1517241600000,14.20],[1517328000000,14.73],[1517414400000,13.93],[1517500800000,14.61],[1517760000000,14.69]]}];
/*同类排名*/
var Data_rateInSimilarType = [{"x":1425225600000,"y":231,"sc":"291"},{"x":1425312000000,"y":235,"sc":"291"},{"x":1425398400000,"y":236,"sc":"291"},{"x":1425484800000,"y":240,"sc":"296"},{"x":1425571200000,"y":242,"sc":"296"},{"x":1425830400000,"y":239,"sc":"296"},{"x":1425916800000,"y":233,"sc":"296"},{"x":1426003200000,"y":234,"sc":"296"},{"x":1426089600000,"y":236,"sc":"297"},{"x":1426176000000,"y":234,"sc":"297"},{"x":1426435200000,"y":245,"sc":"299"},{"x":1426521600000,"y":243,"sc":"299"},{"x":1426608000000,"y":245,"sc":"299"},{"x":1426694400000,"y":253,"sc":"304"},{"x":1426780800000,"y":253,"sc":"304"},{"x":1427040000000,"y":266,"sc":"304"},{"x":1427126400000,"y":267,"sc":"304"},{"x":1427212800000,"y":270,"sc":"304"},{"x":1427299200000,"y":272,"sc":"306"},{"x":1427385600000,"y":272,"sc":"306"},{"x":1427644800000,"y":280,"sc":"307"},{"x":1427731200000,"y":280,"sc":"309"},{"x":1427817600000,"y":280,"sc":"307"},{"x":1427904000000,"y":281,"sc":"307"},{"x":1427990400000,"y":280,"sc":"307"},{"x":1428336000000,"y":283,"sc":"307"},{"x":1428422400000,"y":283,"sc":"307"},{"x":1428508800000,"y":285,"sc":"307"},{"x":1428595200000,"y":285,"sc":"307"},{"x":1428854400000,"y":285,"sc":"307"},{"x":1428940800000,"y":285,"sc":"307"},{"x":1429027200000,"y":285,"sc":"307"},{"x":1429113600000,"y":286,"sc":"310"},{"x":1429200000000,"y":287,"sc":"310"},{"x":1429459200000,"y":292,"sc":"311"},{"x":1429545600000,"y":293,"sc":"311"},{"x":1429632000000,"y":296,"sc":"313"},{"x":1429718400000,"y":296,"sc":"315"},{"x":1429804800000,"y":296,"sc":"313"},{"x":1430064000000,"y":296,"sc":"313"},{"x":1430150400000,"y":297,"sc":"314"},{"x":1430236800000,"y":297,"sc":"314"},{"x":1430323200000,"y":296,"sc":"314"},{"x":1430668800000,"y":296,"sc":"315"},{"x":1430755200000,"y":296,"sc":"315"},{"x":1430841600000,"y":296,"sc":"315"},{"x":1430928000000,"y":296,"sc":"315"},{"x":1431014400000,"y":295,"sc":"315"},{"x":1431273600000,"y":297,"sc":"316"},{"x":1431360000000,"y":297,"sc":"316"},{"x":1431446400000,"y":297,"sc":"316"},{"x":1431532800000,"y":298,"sc":"318"},{"x":1431619200000,"y":298,"sc":"316"},{"x":1431878400000,"y":297,"sc":"316"},{"x":1431964800000,"y":297,"sc":"316"},{"x":1432051200000,"y":296,"sc":"316"},{"x":1432137600000,"y":296,"sc":"316"},{"x":1432224000000,"y":296,"sc":"316"},{"x":1432483200000,"y":296,"sc":"316"},{"x":1432569600000,"y":297,"sc":"316"},{"x":1432656000000,"y":297,"sc":"316"},{"x":1432742400000,"y":297,"sc":"316"},{"x":1432828800000,"y":297,"sc":"316"},{"x":1433088000000,"y":295,"sc":"316"},{"x":1433174400000,"y":296,"sc":"317"},{"x":1433260800000,"y":296,"sc":"317"},{"x":1433347200000,"y":297,"sc":"317"},{"x":1433433600000,"y":297,"sc":"317"},{"x":1433692800000,"y":297,"sc":"317"},{"x":1433779200000,"y":297,"sc":"317"},{"x":1433865600000,"y":297,"sc":"317"},{"x":1433952000000,"y":299,"sc":"319"},{"x":1434038400000,"y":299,"sc":"319"},{"x":1434297600000,"y":299,"sc":"319"},{"x":1434384000000,"y":297,"sc":"319"},{"x":1434470400000,"y":297,"sc":"319"},{"x":1434556800000,"y":297,"sc":"319"},{"x":1434643200000,"y":296,"sc":"321"},{"x":1434988800000,"y":296,"sc":"319"},{"x":1435075200000,"y":297,"sc":"320"},{"x":1435161600000,"y":296,"sc":"320"},{"x":1435248000000,"y":297,"sc":"322"},{"x":1435507200000,"y":296,"sc":"321"},{"x":1435593600000,"y":297,"sc":"321"},{"x":1435680000000,"y":297,"sc":"321"},{"x":1435766400000,"y":297,"sc":"321"},{"x":1435852800000,"y":296,"sc":"323"},{"x":1436112000000,"y":296,"sc":"323"},{"x":1436198400000,"y":297,"sc":"323"},{"x":1436284800000,"y":297,"sc":"323"},{"x":1436371200000,"y":297,"sc":"323"},{"x":1436457600000,"y":297,"sc":"323"},{"x":1436716800000,"y":296,"sc":"323"},{"x":1436803200000,"y":296,"sc":"325"},{"x":1436889600000,"y":297,"sc":"323"},{"x":1436976000000,"y":294,"sc":"325"},{"x":1437062400000,"y":293,"sc":"323"},{"x":1437321600000,"y":293,"sc":"323"},{"x":1437408000000,"y":292,"sc":"323"},{"x":1437494400000,"y":293,"sc":"323"},{"x":1437580800000,"y":292,"sc":"323"},{"x":1437667200000,"y":293,"sc":"326"},{"x":1437926400000,"y":293,"sc":"324"},{"x":1438012800000,"y":294,"sc":"324"},{"x":1438099200000,"y":294,"sc":"324"},{"x":1438185600000,"y":294,"sc":"325"},{"x":1438272000000,"y":294,"sc":"325"},{"x":1438531200000,"y":294,"sc":"325"},{"x":1438617600000,"y":294,"sc":"327"},{"x":1438704000000,"y":293,"sc":"325"},{"x":1438790400000,"y":293,"sc":"325"},{"x":1438876800000,"y":292,"sc":"328"},{"x":1439136000000,"y":294,"sc":"328"},{"x":1439222400000,"y":294,"sc":"328"},{"x":1439308800000,"y":295,"sc":"328"},{"x":1439395200000,"y":296,"sc":"328"},{"x":1439481600000,"y":295,"sc":"330"},{"x":1439740800000,"y":296,"sc":"330"},{"x":1439827200000,"y":296,"sc":"331"},{"x":1439913600000,"y":298,"sc":"331"},{"x":1440000000000,"y":296,"sc":"331"},{"x":1440086400000,"y":294,"sc":"331"},{"x":1440345600000,"y":294,"sc":"331"},{"x":1440432000000,"y":295,"sc":"331"},{"x":1440518400000,"y":294,"sc":"332"},{"x":1440604800000,"y":295,"sc":"332"},{"x":1440691200000,"y":296,"sc":"334"},{"x":1440950400000,"y":296,"sc":"332"},{"x":1441036800000,"y":296,"sc":"332"},{"x":1441123200000,"y":296,"sc":"332"},{"x":1441555200000,"y":293,"sc":"332"},{"x":1441641600000,"y":292,"sc":"332"},{"x":1441728000000,"y":290,"sc":"332"},{"x":1441814400000,"y":290,"sc":"331"},{"x":1441900800000,"y":291,"sc":"331"},{"x":1442160000000,"y":291,"sc":"332"},{"x":1442246400000,"y":290,"sc":"332"},{"x":1442332800000,"y":290,"sc":"332"},{"x":1442419200000,"y":290,"sc":"332"},{"x":1442505600000,"y":290,"sc":"332"},{"x":1442764800000,"y":292,"sc":"335"},{"x":1442851200000,"y":293,"sc":"335"},{"x":1442937600000,"y":293,"sc":"335"},{"x":1443024000000,"y":293,"sc":"335"},{"x":1443110400000,"y":293,"sc":"337"},{"x":1443369600000,"y":295,"sc":"342"},{"x":1443456000000,"y":295,"sc":"342"},{"x":1443542400000,"y":293,"sc":"342"},{"x":1444233600000,"y":297,"sc":"344"},{"x":1444320000000,"y":298,"sc":"344"},{"x":1444579200000,"y":297,"sc":"342"},{"x":1444665600000,"y":290,"sc":"340"},{"x":1444752000000,"y":291,"sc":"342"},{"x":1444838400000,"y":292,"sc":"341"},{"x":1444924800000,"y":292,"sc":"343"},{"x":1445184000000,"y":282,"sc":"342"},{"x":1445270400000,"y":281,"sc":"342"},{"x":1445356800000,"y":281,"sc":"344"},{"x":1445443200000,"y":282,"sc":"345"},{"x":1445529600000,"y":282,"sc":"345"},{"x":1445788800000,"y":281,"sc":"345"},{"x":1445875200000,"y":282,"sc":"345"},{"x":1445961600000,"y":284,"sc":"345"},{"x":1446048000000,"y":284,"sc":"345"},{"x":1446134400000,"y":286,"sc":"347"},{"x":1446393600000,"y":287,"sc":"345"},{"x":1446480000000,"y":285,"sc":"345"},{"x":1446566400000,"y":287,"sc":"345"},{"x":1446652800000,"y":287,"sc":"345"},{"x":1446739200000,"y":289,"sc":"345"},{"x":1446998400000,"y":293,"sc":"348"},{"x":1447084800000,"y":288,"sc":"350"},{"x":1447171200000,"y":289,"sc":"348"},{"x":1447257600000,"y":290,"sc":"348"},{"x":1447344000000,"y":291,"sc":"350"},{"x":1447603200000,"y":291,"sc":"350"},{"x":1447689600000,"y":290,"sc":"350"},{"x":1447776000000,"y":291,"sc":"350"},{"x":1447862400000,"y":291,"sc":"352"},{"x":1447948800000,"y":292,"sc":"350"},{"x":1448208000000,"y":294,"sc":"353"},{"x":1448294400000,"y":294,"sc":"353"},{"x":1448380800000,"y":293,"sc":"351"},{"x":1448467200000,"y":290,"sc":"351"},{"x":1448553600000,"y":288,"sc":"353"},{"x":1448812800000,"y":286,"sc":"353"},{"x":1448899200000,"y":287,"sc":"353"},{"x":1448985600000,"y":288,"sc":"351"},{"x":1449072000000,"y":289,"sc":"351"},{"x":1449158400000,"y":289,"sc":"353"},{"x":1449417600000,"y":292,"sc":"353"},{"x":1449504000000,"y":294,"sc":"353"},{"x":1449590400000,"y":298,"sc":"353"},{"x":1449676800000,"y":296,"sc":"353"},{"x":1449763200000,"y":294,"sc":"353"},{"x":1450022400000,"y":297,"sc":"352"},{"x":1450108800000,"y":299,"sc":"352"},{"x":1450195200000,"y":300,"sc":"352"},{"x":1450281600000,"y":300,"sc":"352"},{"x":1450368000000,"y":300,"sc":"351"},{"x":1450627200000,"y":301,"sc":"351"},{"x":1450713600000,"y":299,"sc":"351"},{"x":1450800000000,"y":299,"sc":"351"},{"x":1450886400000,"y":299,"sc":"351"},{"x":1450972800000,"y":299,"sc":"352"},{"x":1451232000000,"y":301,"sc":"354"},{"x":1451318400000,"y":302,"sc":"354"},{"x":1451404800000,"y":301,"sc":"356"},{"x":1451491200000,"y":300,"sc":"356"},{"x":1451836800000,"y":298,"sc":"356"},{"x":1451923200000,"y":295,"sc":"356"},{"x":1452009600000,"y":293,"sc":"356"},{"x":1452096000000,"y":305,"sc":"356"},{"x":1452182400000,"y":306,"sc":"356"},{"x":1452441600000,"y":306,"sc":"356"},{"x":1452528000000,"y":305,"sc":"356"},{"x":1452614400000,"y":313,"sc":"356"},{"x":1452700800000,"y":313,"sc":"356"},{"x":1452787200000,"y":313,"sc":"356"},{"x":1453046400000,"y":313,"sc":"356"},{"x":1453132800000,"y":318,"sc":"356"},{"x":1453219200000,"y":318,"sc":"356"},{"x":1453305600000,"y":319,"sc":"357"},{"x":1453392000000,"y":321,"sc":"358"},{"x":1453651200000,"y":323,"sc":"360"},{"x":1453737600000,"y":325,"sc":"360"},{"x":1453824000000,"y":324,"sc":"360"},{"x":1453910400000,"y":323,"sc":"360"},{"x":1453996800000,"y":323,"sc":"360"},{"x":1454256000000,"y":323,"sc":"360"},{"x":1454342400000,"y":323,"sc":"360"},{"x":1454428800000,"y":323,"sc":"360"},{"x":1454515200000,"y":330,"sc":"365"},{"x":1454601600000,"y":329,"sc":"366"},{"x":1455465600000,"y":337,"sc":"369"},{"x":1455552000000,"y":335,"sc":"369"},{"x":1455638400000,"y":336,"sc":"369"},{"x":1455724800000,"y":335,"sc":"369"},{"x":1455811200000,"y":335,"sc":"369"},{"x":1456070400000,"y":334,"sc":"369"},{"x":1456156800000,"y":333,"sc":"370"},{"x":1456243200000,"y":335,"sc":"373"},{"x":1456329600000,"y":339,"sc":"373"},{"x":1456416000000,"y":342,"sc":"375"},{"x":1456675200000,"y":345,"sc":"375"},{"x":1456761600000,"y":345,"sc":"376"},{"x":1456848000000,"y":345,"sc":"376"},{"x":1456934400000,"y":346,"sc":"376"},{"x":1457020800000,"y":346,"sc":"376"},{"x":1457280000000,"y":345,"sc":"376"},{"x":1457366400000,"y":349,"sc":"380"},{"x":1457452800000,"y":350,"sc":"380"},{"x":1457539200000,"y":350,"sc":"380"},{"x":1457625600000,"y":351,"sc":"381"},{"x":1457884800000,"y":349,"sc":"381"},{"x":1457971200000,"y":347,"sc":"380"},{"x":1458057600000,"y":348,"sc":"382"},{"x":1458144000000,"y":348,"sc":"383"},{"x":1458230400000,"y":349,"sc":"383"},{"x":1458489600000,"y":349,"sc":"383"},{"x":1458576000000,"y":353,"sc":"385"},{"x":1458662400000,"y":352,"sc":"385"},{"x":1458748800000,"y":351,"sc":"385"},{"x":1458835200000,"y":352,"sc":"391"},{"x":1459094400000,"y":354,"sc":"391"},{"x":1459180800000,"y":353,"sc":"391"},{"x":1459267200000,"y":353,"sc":"391"},{"x":1459353600000,"y":355,"sc":"392"},{"x":1459440000000,"y":353,"sc":"392"},{"x":1459785600000,"y":351,"sc":"392"},{"x":1459872000000,"y":353,"sc":"392"},{"x":1459958400000,"y":353,"sc":"392"},{"x":1460044800000,"y":352,"sc":"392"},{"x":1460304000000,"y":357,"sc":"394"},{"x":1460390400000,"y":356,"sc":"394"},{"x":1460476800000,"y":356,"sc":"394"},{"x":1460563200000,"y":355,"sc":"394"},{"x":1460649600000,"y":356,"sc":"394"},{"x":1460908800000,"y":355,"sc":"394"},{"x":1460995200000,"y":347,"sc":"394"},{"x":1461081600000,"y":349,"sc":"394"},{"x":1461168000000,"y":348,"sc":"394"},{"x":1461254400000,"y":349,"sc":"394"},{"x":1461513600000,"y":346,"sc":"394"},{"x":1461600000000,"y":346,"sc":"394"},{"x":1461686400000,"y":347,"sc":"394"},{"x":1461772800000,"y":348,"sc":"394"},{"x":1461859200000,"y":348,"sc":"394"},{"x":1462204800000,"y":344,"sc":"394"},{"x":1462291200000,"y":344,"sc":"394"},{"x":1462377600000,"y":345,"sc":"400"},{"x":1462464000000,"y":343,"sc":"400"},{"x":1462723200000,"y":340,"sc":"400"},{"x":1462809600000,"y":340,"sc":"400"},{"x":1462896000000,"y":341,"sc":"400"},{"x":1462982400000,"y":340,"sc":"400"},{"x":1463068800000,"y":336,"sc":"400"},{"x":1463328000000,"y":340,"sc":"400"},{"x":1463414400000,"y":340,"sc":"400"},{"x":1463500800000,"y":339,"sc":"400"},{"x":1463587200000,"y":338,"sc":"400"},{"x":1463673600000,"y":339,"sc":"400"},{"x":1463932800000,"y":341,"sc":"400"},{"x":1464019200000,"y":334,"sc":"400"},{"x":1464105600000,"y":334,"sc":"400"},{"x":1464192000000,"y":332,"sc":"400"},{"x":1464278400000,"y":331,"sc":"400"},{"x":1464537600000,"y":333,"sc":"400"},{"x":1464624000000,"y":333,"sc":"400"},{"x":1464710400000,"y":333,"sc":"400"},{"x":1464796800000,"y":331,"sc":"400"},{"x":1464883200000,"y":331,"sc":"400"},{"x":1465142400000,"y":331,"sc":"402"},{"x":1465228800000,"y":329,"sc":"402"},{"x":1465315200000,"y":327,"sc":"402"},{"x":1465747200000,"y":325,"sc":"402"},{"x":1465833600000,"y":342,"sc":"402"},{"x":1465920000000,"y":343,"sc":"403"},{"x":1466006400000,"y":340,"sc":"403"},{"x":1466092800000,"y":339,"sc":"403"},{"x":1466352000000,"y":336,"sc":"403"},{"x":1466438400000,"y":339,"sc":"404"},{"x":1466524800000,"y":338,"sc":"404"},{"x":1466611200000,"y":338,"sc":"404"},{"x":1466697600000,"y":336,"sc":"404"},{"x":1466956800000,"y":336,"sc":"404"},{"x":1467043200000,"y":336,"sc":"404"},{"x":1467129600000,"y":336,"sc":"404"},{"x":1467216000000,"y":333,"sc":"404"},{"x":1467302400000,"y":332,"sc":"404"},{"x":1467561600000,"y":333,"sc":"404"},{"x":1467648000000,"y":333,"sc":"404"},{"x":1467734400000,"y":333,"sc":"404"},{"x":1467820800000,"y":330,"sc":"404"},{"x":1467907200000,"y":330,"sc":"404"},{"x":1468166400000,"y":330,"sc":"404"},{"x":1468252800000,"y":329,"sc":"404"},{"x":1468339200000,"y":330,"sc":"404"},{"x":1468425600000,"y":330,"sc":"404"},{"x":1468512000000,"y":329,"sc":"404"},{"x":1468771200000,"y":331,"sc":"404"},{"x":1468857600000,"y":342,"sc":"404"},{"x":1468944000000,"y":342,"sc":"405"},{"x":1469030400000,"y":342,"sc":"405"},{"x":1469116800000,"y":342,"sc":"405"},{"x":1469376000000,"y":345,"sc":"405"},{"x":1469462400000,"y":344,"sc":"405"},{"x":1469548800000,"y":345,"sc":"405"},{"x":1469635200000,"y":345,"sc":"407"},{"x":1469721600000,"y":342,"sc":"407"},{"x":1469980800000,"y":343,"sc":"407"},{"x":1470067200000,"y":345,"sc":"407"},{"x":1470153600000,"y":345,"sc":"407"},{"x":1470240000000,"y":347,"sc":"409"},{"x":1470326400000,"y":347,"sc":"409"},{"x":1470585600000,"y":326,"sc":"412"},{"x":1470672000000,"y":323,"sc":"413"},{"x":1470758400000,"y":325,"sc":"413"},{"x":1470844800000,"y":327,"sc":"413"},{"x":1470931200000,"y":327,"sc":"413"},{"x":1471190400000,"y":328,"sc":"413"},{"x":1471276800000,"y":327,"sc":"413"},{"x":1471363200000,"y":326,"sc":"414"},{"x":1471449600000,"y":329,"sc":"415"},{"x":1471536000000,"y":331,"sc":"415"},{"x":1471795200000,"y":273,"sc":"416"},{"x":1471881600000,"y":271,"sc":"416"},{"x":1471968000000,"y":311,"sc":"416"},{"x":1472054400000,"y":311,"sc":"416"},{"x":1472140800000,"y":313,"sc":"416"},{"x":1472400000000,"y":315,"sc":"416"},{"x":1472486400000,"y":316,"sc":"416"},{"x":1472572800000,"y":314,"sc":"416"},{"x":1472659200000,"y":313,"sc":"416"},{"x":1472745600000,"y":316,"sc":"417"},{"x":1473004800000,"y":316,"sc":"421"},{"x":1473091200000,"y":321,"sc":"421"},{"x":1473177600000,"y":321,"sc":"421"},{"x":1473264000000,"y":326,"sc":"423"},{"x":1473350400000,"y":323,"sc":"424"},{"x":1473609600000,"y":330,"sc":"424"},{"x":1473696000000,"y":330,"sc":"424"},{"x":1473782400000,"y":330,"sc":"424"},{"x":1474214400000,"y":333,"sc":"424"},{"x":1474300800000,"y":334,"sc":"424"},{"x":1474387200000,"y":335,"sc":"424"},{"x":1474473600000,"y":338,"sc":"427"},{"x":1474560000000,"y":334,"sc":"427"},{"x":1474819200000,"y":339,"sc":"430"},{"x":1474905600000,"y":337,"sc":"430"},{"x":1474992000000,"y":337,"sc":"430"},{"x":1475078400000,"y":336,"sc":"432"},{"x":1475164800000,"y":335,"sc":"432"},{"x":1476028800000,"y":334,"sc":"434"},{"x":1476115200000,"y":332,"sc":"434"},{"x":1476201600000,"y":334,"sc":"435"},{"x":1476288000000,"y":338,"sc":"437"},{"x":1476374400000,"y":341,"sc":"435"},{"x":1476633600000,"y":344,"sc":"436"},{"x":1476720000000,"y":342,"sc":"438"},{"x":1476806400000,"y":341,"sc":"437"},{"x":1476892800000,"y":342,"sc":"437"},{"x":1476979200000,"y":337,"sc":"437"},{"x":1477238400000,"y":347,"sc":"440"},{"x":1477324800000,"y":346,"sc":"440"},{"x":1477411200000,"y":347,"sc":"441"},{"x":1477497600000,"y":347,"sc":"441"},{"x":1477584000000,"y":343,"sc":"445"},{"x":1477843200000,"y":347,"sc":"447"},{"x":1477929600000,"y":342,"sc":"447"},{"x":1478016000000,"y":341,"sc":"447"},{"x":1478102400000,"y":341,"sc":"447"},{"x":1478188800000,"y":345,"sc":"448"},{"x":1478448000000,"y":349,"sc":"450"},{"x":1478534400000,"y":379,"sc":"450"},{"x":1478620800000,"y":380,"sc":"450"},{"x":1478707200000,"y":381,"sc":"450"},{"x":1478793600000,"y":380,"sc":"450"},{"x":1479052800000,"y":385,"sc":"450"},{"x":1479139200000,"y":380,"sc":"450"},{"x":1479225600000,"y":380,"sc":"450"},{"x":1479312000000,"y":380,"sc":"450"},{"x":1479398400000,"y":377,"sc":"450"},{"x":1479657600000,"y":384,"sc":"451"},{"x":1479744000000,"y":406,"sc":"451"},{"x":1479830400000,"y":406,"sc":"451"},{"x":1479916800000,"y":406,"sc":"451"},{"x":1480003200000,"y":406,"sc":"451"},{"x":1480262400000,"y":404,"sc":"451"},{"x":1480348800000,"y":405,"sc":"452"},{"x":1480435200000,"y":403,"sc":"452"},{"x":1480521600000,"y":403,"sc":"452"},{"x":1480608000000,"y":405,"sc":"455"},{"x":1480867200000,"y":404,"sc":"455"},{"x":1480953600000,"y":404,"sc":"455"},{"x":1481040000000,"y":404,"sc":"455"},{"x":1481126400000,"y":403,"sc":"455"},{"x":1481212800000,"y":405,"sc":"456"},{"x":1481472000000,"y":407,"sc":"457"},{"x":1481558400000,"y":408,"sc":"458"},{"x":1481644800000,"y":406,"sc":"458"},{"x":1481731200000,"y":405,"sc":"458"},{"x":1481817600000,"y":401,"sc":"458"},{"x":1482076800000,"y":403,"sc":"458"},{"x":1482163200000,"y":398,"sc":"458"},{"x":1482249600000,"y":396,"sc":"458"},{"x":1482336000000,"y":394,"sc":"459"},{"x":1482422400000,"y":396,"sc":"463"},{"x":1482681600000,"y":401,"sc":"464"},{"x":1482768000000,"y":394,"sc":"464"},{"x":1482854400000,"y":394,"sc":"466"},{"x":1482940800000,"y":387,"sc":"466"},{"x":1483027200000,"y":392,"sc":"469"},{"x":1483372800000,"y":383,"sc":"469"},{"x":1483459200000,"y":379,"sc":"468"},{"x":1483545600000,"y":376,"sc":"469"},{"x":1483632000000,"y":368,"sc":"469"},{"x":1483891200000,"y":376,"sc":"469"},{"x":1483977600000,"y":371,"sc":"469"},{"x":1484064000000,"y":367,"sc":"469"},{"x":1484150400000,"y":364,"sc":"469"},{"x":1484236800000,"y":362,"sc":"469"},{"x":1484496000000,"y":352,"sc":"472"},{"x":1484582400000,"y":347,"sc":"474"},{"x":1484668800000,"y":345,"sc":"476"},{"x":1484755200000,"y":339,"sc":"476"},{"x":1484841600000,"y":337,"sc":"476"},{"x":1485100800000,"y":326,"sc":"481"},{"x":1485187200000,"y":326,"sc":"482"},{"x":1485273600000,"y":327,"sc":"484"},{"x":1485360000000,"y":323,"sc":"485"},{"x":1486051200000,"y":312,"sc":"489"},{"x":1486310400000,"y":306,"sc":"491"},{"x":1486396800000,"y":301,"sc":"491"},{"x":1486483200000,"y":302,"sc":"491"},{"x":1486569600000,"y":301,"sc":"491"},{"x":1486656000000,"y":296,"sc":"494"},{"x":1486915200000,"y":290,"sc":"496"},{"x":1487001600000,"y":277,"sc":"496"},{"x":1487088000000,"y":275,"sc":"496"},{"x":1487174400000,"y":273,"sc":"496"},{"x":1487260800000,"y":272,"sc":"496"},{"x":1487520000000,"y":270,"sc":"496"},{"x":1487606400000,"y":267,"sc":"496"},{"x":1487692800000,"y":266,"sc":"496"},{"x":1487779200000,"y":263,"sc":"498"},{"x":1487865600000,"y":268,"sc":"500"},{"x":1488124800000,"y":269,"sc":"503"},{"x":1488211200000,"y":263,"sc":"503"},{"x":1488297600000,"y":262,"sc":"503"},{"x":1488384000000,"y":264,"sc":"511"},{"x":1488470400000,"y":261,"sc":"511"},{"x":1488729600000,"y":267,"sc":"513"},{"x":1488816000000,"y":269,"sc":"515"},{"x":1488902400000,"y":269,"sc":"516"},{"x":1488988800000,"y":272,"sc":"518"},{"x":1489075200000,"y":268,"sc":"518"},{"x":1489334400000,"y":266,"sc":"518"},{"x":1489420800000,"y":268,"sc":"518"},{"x":1489507200000,"y":270,"sc":"518"},{"x":1489593600000,"y":271,"sc":"520"},{"x":1489680000000,"y":259,"sc":"520"},{"x":1489939200000,"y":261,"sc":"522"},{"x":1490025600000,"y":265,"sc":"522"},{"x":1490112000000,"y":270,"sc":"524"},{"x":1490198400000,"y":274,"sc":"530"},{"x":1490284800000,"y":266,"sc":"530"},{"x":1490544000000,"y":272,"sc":"534"},{"x":1490630400000,"y":278,"sc":"535"},{"x":1490716800000,"y":278,"sc":"535"},{"x":1490803200000,"y":282,"sc":"538"},{"x":1490889600000,"y":277,"sc":"538"},{"x":1491321600000,"y":273,"sc":"538"},{"x":1491408000000,"y":278,"sc":"540"},{"x":1491494400000,"y":269,"sc":"540"},{"x":1491753600000,"y":254,"sc":"540"},{"x":1491840000000,"y":257,"sc":"540"},{"x":1491926400000,"y":260,"sc":"540"},{"x":1492012800000,"y":261,"sc":"541"},{"x":1492099200000,"y":260,"sc":"541"},{"x":1492358400000,"y":271,"sc":"543"},{"x":1492444800000,"y":275,"sc":"543"},{"x":1492531200000,"y":277,"sc":"543"},{"x":1492617600000,"y":278,"sc":"545"},{"x":1492704000000,"y":273,"sc":"545"},{"x":1492963200000,"y":283,"sc":"545"},{"x":1493049600000,"y":285,"sc":"547"},{"x":1493136000000,"y":290,"sc":"549"},{"x":1493222400000,"y":288,"sc":"549"},{"x":1493308800000,"y":279,"sc":"549"},{"x":1493654400000,"y":295,"sc":"549"},{"x":1493740800000,"y":294,"sc":"550"},{"x":1493827200000,"y":290,"sc":"550"},{"x":1493913600000,"y":294,"sc":"550"},{"x":1494172800000,"y":296,"sc":"550"},{"x":1494259200000,"y":299,"sc":"550"},{"x":1494345600000,"y":296,"sc":"550"},{"x":1494432000000,"y":293,"sc":"550"},{"x":1494518400000,"y":299,"sc":"550"},{"x":1494777600000,"y":302,"sc":"554"},{"x":1494864000000,"y":305,"sc":"556"},{"x":1494950400000,"y":310,"sc":"560"},{"x":1495036800000,"y":302,"sc":"560"},{"x":1495123200000,"y":313,"sc":"560"},{"x":1495382400000,"y":317,"sc":"560"},{"x":1495468800000,"y":319,"sc":"562"},{"x":1495555200000,"y":321,"sc":"564"},{"x":1495641600000,"y":309,"sc":"564"},{"x":1495728000000,"y":326,"sc":"564"},{"x":1496160000000,"y":318,"sc":"564"},{"x":1496246400000,"y":323,"sc":"564"},{"x":1496332800000,"y":328,"sc":"564"},{"x":1496592000000,"y":295,"sc":"566"},{"x":1496678400000,"y":294,"sc":"566"},{"x":1496764800000,"y":292,"sc":"566"},{"x":1496851200000,"y":292,"sc":"566"},{"x":1496937600000,"y":295,"sc":"566"},{"x":1497196800000,"y":300,"sc":"574"},{"x":1497283200000,"y":298,"sc":"574"},{"x":1497369600000,"y":296,"sc":"575"},{"x":1497456000000,"y":297,"sc":"575"},{"x":1497542400000,"y":300,"sc":"575"},{"x":1497801600000,"y":300,"sc":"577"},{"x":1497888000000,"y":304,"sc":"577"},{"x":1497974400000,"y":306,"sc":"575"},{"x":1498060800000,"y":306,"sc":"575"},{"x":1498147200000,"y":311,"sc":"576"},{"x":1498406400000,"y":313,"sc":"579"},{"x":1498492800000,"y":312,"sc":"579"},{"x":1498579200000,"y":312,"sc":"579"},{"x":1498665600000,"y":311,"sc":"579"},{"x":1498752000000,"y":325,"sc":"582"},{"x":1499011200000,"y":297,"sc":"582"},{"x":1499097600000,"y":313,"sc":"582"},{"x":1499184000000,"y":316,"sc":"583"},{"x":1499270400000,"y":318,"sc":"583"},{"x":1499356800000,"y":321,"sc":"583"},{"x":1499616000000,"y":350,"sc":"583"},{"x":1499702400000,"y":352,"sc":"583"},{"x":1499788800000,"y":355,"sc":"583"},{"x":1499875200000,"y":355,"sc":"583"},{"x":1499961600000,"y":360,"sc":"586"},{"x":1500220800000,"y":357,"sc":"586"},{"x":1500307200000,"y":360,"sc":"586"},{"x":1500393600000,"y":363,"sc":"589"},{"x":1500480000000,"y":364,"sc":"589"},{"x":1500566400000,"y":368,"sc":"593"},{"x":1500825600000,"y":367,"sc":"593"},{"x":1500912000000,"y":369,"sc":"593"},{"x":1500998400000,"y":373,"sc":"594"},{"x":1501084800000,"y":370,"sc":"594"},{"x":1501171200000,"y":379,"sc":"594"},{"x":1501430400000,"y":366,"sc":"594"},{"x":1501516800000,"y":378,"sc":"594"},{"x":1501603200000,"y":375,"sc":"594"},{"x":1501689600000,"y":373,"sc":"594"},{"x":1501776000000,"y":372,"sc":"594"},{"x":1502035200000,"y":371,"sc":"596"},{"x":1502121600000,"y":370,"sc":"596"},{"x":1502208000000,"y":372,"sc":"596"},{"x":1502294400000,"y":372,"sc":"596"},{"x":1502380800000,"y":376,"sc":"596"},{"x":1502640000000,"y":379,"sc":"596"},{"x":1502726400000,"y":376,"sc":"596"},{"x":1502812800000,"y":380,"sc":"596"},{"x":1502899200000,"y":381,"sc":"596"},{"x":1502985600000,"y":383,"sc":"596"},{"x":1503244800000,"y":381,"sc":"597"},{"x":1503331200000,"y":380,"sc":"597"},{"x":1503417600000,"y":377,"sc":"597"},{"x":1503504000000,"y":377,"sc":"596"},{"x":1503590400000,"y":379,"sc":"596"},{"x":1503849600000,"y":374,"sc":"600"},{"x":1503936000000,"y":357,"sc":"600"},{"x":1504022400000,"y":387,"sc":"600"},{"x":1504108800000,"y":385,"sc":"601"},{"x":1504195200000,"y":384,"sc":"601"},{"x":1504454400000,"y":387,"sc":"601"},{"x":1504540800000,"y":423,"sc":"601"},{"x":1504627200000,"y":425,"sc":"601"},{"x":1504713600000,"y":425,"sc":"601"},{"x":1504800000000,"y":427,"sc":"601"},{"x":1505059200000,"y":434,"sc":"603"},{"x":1505145600000,"y":434,"sc":"603"},{"x":1505232000000,"y":433,"sc":"603"},{"x":1505318400000,"y":435,"sc":"605"},{"x":1505404800000,"y":436,"sc":"605"},{"x":1505664000000,"y":437,"sc":"606"},{"x":1505750400000,"y":438,"sc":"606"},{"x":1505836800000,"y":433,"sc":"603"},{"x":1505923200000,"y":432,"sc":"603"},{"x":1506009600000,"y":436,"sc":"603"},{"x":1506268800000,"y":433,"sc":"603"},{"x":1506355200000,"y":432,"sc":"603"},{"x":1506441600000,"y":427,"sc":"604"},{"x":1506528000000,"y":423,"sc":"604"},{"x":1506614400000,"y":426,"sc":"606"},{"x":1507478400000,"y":404,"sc":"606"},{"x":1507564800000,"y":400,"sc":"607"},{"x":1507651200000,"y":399,"sc":"607"},{"x":1507737600000,"y":406,"sc":"611"},{"x":1507824000000,"y":407,"sc":"611"},{"x":1508083200000,"y":413,"sc":"612"},{"x":1508169600000,"y":414,"sc":"612"},{"x":1508256000000,"y":413,"sc":"611"},{"x":1508342400000,"y":415,"sc":"611"},{"x":1508428800000,"y":418,"sc":"611"},{"x":1508688000000,"y":419,"sc":"606"},{"x":1508774400000,"y":427,"sc":"606"},{"x":1508860800000,"y":428,"sc":"607"},{"x":1508947200000,"y":430,"sc":"607"},{"x":1509033600000,"y":431,"sc":"607"},{"x":1509292800000,"y":432,"sc":"609"},{"x":1509379200000,"y":433,"sc":"610"},{"x":1509465600000,"y":426,"sc":"610"},{"x":1509552000000,"y":431,"sc":"613"},{"x":1509638400000,"y":423,"sc":"617"},{"x":1509897600000,"y":429,"sc":"621"},{"x":1509984000000,"y":431,"sc":"621"},{"x":1510070400000,"y":431,"sc":"621"},{"x":1510156800000,"y":434,"sc":"623"},{"x":1510243200000,"y":438,"sc":"623"},{"x":1510502400000,"y":441,"sc":"633"},{"x":1510588800000,"y":438,"sc":"635"},{"x":1510675200000,"y":439,"sc":"635"},{"x":1510761600000,"y":439,"sc":"635"},{"x":1510848000000,"y":439,"sc":"636"},{"x":1511107200000,"y":444,"sc":"636"},{"x":1511193600000,"y":445,"sc":"636"},{"x":1511280000000,"y":444,"sc":"636"},{"x":1511366400000,"y":444,"sc":"636"},{"x":1511452800000,"y":446,"sc":"637"},{"x":1511712000000,"y":444,"sc":"640"},{"x":1511798400000,"y":442,"sc":"640"},{"x":1511884800000,"y":443,"sc":"640"},{"x":1511971200000,"y":443,"sc":"641"},{"x":1512057600000,"y":441,"sc":"643"},{"x":1512316800000,"y":439,"sc":"643"},{"x":1512403200000,"y":438,"sc":"643"},{"x":1512489600000,"y":439,"sc":"643"},{"x":1512576000000,"y":440,"sc":"644"},{"x":1512662400000,"y":441,"sc":"652"},{"x":1512921600000,"y":446,"sc":"652"},{"x":1513008000000,"y":445,"sc":"653"},{"x":1513094400000,"y":444,"sc":"653"},{"x":1513180800000,"y":441,"sc":"654"},{"x":1513267200000,"y":440,"sc":"656"},{"x":1513526400000,"y":448,"sc":"656"},{"x":1513612800000,"y":445,"sc":"656"},{"x":1513699200000,"y":439,"sc":"656"},{"x":1513785600000,"y":438,"sc":"655"},{"x":1513872000000,"y":435,"sc":"655"},{"x":1514131200000,"y":430,"sc":"655"},{"x":1514217600000,"y":430,"sc":"655"},{"x":1514304000000,"y":429,"sc":"654"},{"x":1514390400000,"y":427,"sc":"655"},{"x":1514476800000,"y":426,"sc":"655"},{"x":1514822400000,"y":332,"sc":"655"},{"x":1514908800000,"y":323,"sc":"655"},{"x":1514995200000,"y":307,"sc":"655"},{"x":1515081600000,"y":295,"sc":"655"},{"x":1515340800000,"y":405,"sc":"655"},{"x":1515427200000,"y":409,"sc":"655"},{"x":1515513600000,"y":421,"sc":"656"},{"x":1515600000000,"y":427,"sc":"657"},{"x":1515686400000,"y":426,"sc":"657"},{"x":1515945600000,"y":425,"sc":"657"},{"x":1516032000000,"y":422,"sc":"657"},{"x":1516118400000,"y":420,"sc":"657"},{"x":1516204800000,"y":419,"sc":"657"},{"x":1516291200000,"y":419,"sc":"657"},{"x":1516550400000,"y":418,"sc":"657"},{"x":1516636800000,"y":414,"sc":"657"},{"x":1516723200000,"y":414,"sc":"657"},{"x":1516809600000,"y":414,"sc":"657"},{"x":1516896000000,"y":416,"sc":"655"},{"x":1517155200000,"y":416,"sc":"656"},{"x":1517241600000,"y":418,"sc":"656"},{"x":1517328000000,"y":421,"sc":"656"},{"x":1517414400000,"y":425,"sc":"656"},{"x":1517500800000,"y":427,"sc":"656"},{"x":1517760000000,"y":423,"sc":"656"}];
/*百分比排名*/
var Data_rateInSimilarPersent = [[1425225600000,20.6200],[1425312000000,19.2400],[1425398400000,18.9000],[1425484800000,18.9200],[1425571200000,18.2400],[1425830400000,19.2600],[1425916800000,21.2800],[1426003200000,20.9500],[1426089600000,20.5400],[1426176000000,21.2100],[1426435200000,18.0600],[1426521600000,18.7300],[1426608000000,18.0600],[1426694400000,16.7800],[1426780800000,16.7800],[1427040000000,12.5000],[1427126400000,12.1700],[1427212800000,11.1800],[1427299200000,11.1100],[1427385600000,11.1100],[1427644800000,8.7900],[1427731200000,9.3900],[1427817600000,8.7900],[1427904000000,8.4700],[1427990400000,8.7900],[1428336000000,7.8200],[1428422400000,7.8200],[1428508800000,7.1700],[1428595200000,7.1700],[1428854400000,7.1700],[1428940800000,7.1700],[1429027200000,7.1700],[1429113600000,7.7400],[1429200000000,7.4200],[1429459200000,6.1100],[1429545600000,5.7900],[1429632000000,5.4300],[1429718400000,6.0300],[1429804800000,5.4300],[1430064000000,5.4300],[1430150400000,5.4100],[1430236800000,5.4100],[1430323200000,5.7300],[1430668800000,6.0300],[1430755200000,6.0300],[1430841600000,6.0300],[1430928000000,6.0300],[1431014400000,6.3500],[1431273600000,6.0100],[1431360000000,6.0100],[1431446400000,6.0100],[1431532800000,6.2900],[1431619200000,5.7000],[1431878400000,6.0100],[1431964800000,6.0100],[1432051200000,6.3300],[1432137600000,6.3300],[1432224000000,6.3300],[1432483200000,6.3300],[1432569600000,6.0100],[1432656000000,6.0100],[1432742400000,6.0100],[1432828800000,6.0100],[1433088000000,6.6500],[1433174400000,6.6200],[1433260800000,6.6200],[1433347200000,6.3100],[1433433600000,6.3100],[1433692800000,6.3100],[1433779200000,6.3100],[1433865600000,6.3100],[1433952000000,6.2700],[1434038400000,6.2700],[1434297600000,6.2700],[1434384000000,6.9000],[1434470400000,6.9000],[1434556800000,6.9000],[1434643200000,7.7900],[1434988800000,7.2100],[1435075200000,7.1900],[1435161600000,7.5000],[1435248000000,7.7600],[1435507200000,7.7900],[1435593600000,7.4800],[1435680000000,7.4800],[1435766400000,7.4800],[1435852800000,8.3600],[1436112000000,8.3600],[1436198400000,8.0500],[1436284800000,8.0500],[1436371200000,8.0500],[1436457600000,8.0500],[1436716800000,8.3600],[1436803200000,8.9200],[1436889600000,8.0500],[1436976000000,9.5400],[1437062400000,9.2900],[1437321600000,9.2900],[1437408000000,9.6000],[1437494400000,9.2900],[1437580800000,9.6000],[1437667200000,10.1200],[1437926400000,9.5700],[1438012800000,9.2600],[1438099200000,9.2600],[1438185600000,9.5400],[1438272000000,9.5400],[1438531200000,9.5400],[1438617600000,10.0900],[1438704000000,9.8500],[1438790400000,9.8500],[1438876800000,10.9800],[1439136000000,10.3700],[1439222400000,10.3700],[1439308800000,10.0600],[1439395200000,9.7600],[1439481600000,10.6100],[1439740800000,10.3000],[1439827200000,10.5700],[1439913600000,9.9700],[1440000000000,10.5700],[1440086400000,11.1800],[1440345600000,11.1800],[1440432000000,10.8800],[1440518400000,11.4500],[1440604800000,11.1400],[1440691200000,11.3800],[1440950400000,10.8400],[1441036800000,10.8400],[1441123200000,10.8400],[1441555200000,11.7500],[1441641600000,12.0500],[1441728000000,12.6500],[1441814400000,12.3900],[1441900800000,12.0800],[1442160000000,12.3500],[1442246400000,12.6500],[1442332800000,12.6500],[1442419200000,12.6500],[1442505600000,12.6500],[1442764800000,12.8400],[1442851200000,12.5400],[1442937600000,12.5400],[1443024000000,12.5400],[1443110400000,13.0600],[1443369600000,13.7400],[1443456000000,13.7400],[1443542400000,14.3300],[1444233600000,13.6600],[1444320000000,13.3700],[1444579200000,13.1600],[1444665600000,14.7100],[1444752000000,14.9100],[1444838400000,14.3700],[1444924800000,14.8700],[1445184000000,17.5400],[1445270400000,17.8400],[1445356800000,18.3100],[1445443200000,18.2600],[1445529600000,18.2600],[1445788800000,18.5500],[1445875200000,18.2600],[1445961600000,17.6800],[1446048000000,17.6800],[1446134400000,17.5800],[1446393600000,16.8100],[1446480000000,17.3900],[1446566400000,16.8100],[1446652800000,16.8100],[1446739200000,16.2300],[1446998400000,15.8000],[1447084800000,17.7100],[1447171200000,16.9500],[1447257600000,16.6700],[1447344000000,16.8600],[1447603200000,16.8600],[1447689600000,17.1400],[1447776000000,16.8600],[1447862400000,17.3300],[1447948800000,16.5700],[1448208000000,16.7100],[1448294400000,16.7100],[1448380800000,16.5200],[1448467200000,17.3800],[1448553600000,18.4100],[1448812800000,18.9800],[1448899200000,18.7000],[1448985600000,17.9500],[1449072000000,17.6600],[1449158400000,18.1300],[1449417600000,17.2800],[1449504000000,16.7100],[1449590400000,15.5800],[1449676800000,16.1500],[1449763200000,16.7100],[1450022400000,15.6200],[1450108800000,15.0600],[1450195200000,14.7700],[1450281600000,14.7700],[1450368000000,14.5300],[1450627200000,14.2500],[1450713600000,14.8100],[1450800000000,14.8100],[1450886400000,14.8100],[1450972800000,15.0600],[1451232000000,14.9700],[1451318400000,14.6900],[1451404800000,15.4500],[1451491200000,15.7300],[1451836800000,16.2900],[1451923200000,17.1300],[1452009600000,17.7000],[1452096000000,14.3300],[1452182400000,14.0400],[1452441600000,14.0400],[1452528000000,14.3300],[1452614400000,12.0800],[1452700800000,12.0800],[1452787200000,12.0800],[1453046400000,12.0800],[1453132800000,10.6700],[1453219200000,10.6700],[1453305600000,10.6400],[1453392000000,10.3400],[1453651200000,10.2800],[1453737600000,9.7200],[1453824000000,10.00],[1453910400000,10.2800],[1453996800000,10.2800],[1454256000000,10.2800],[1454342400000,10.2800],[1454428800000,10.2800],[1454515200000,9.5900],[1454601600000,10.1100],[1455465600000,8.6700],[1455552000000,9.2100],[1455638400000,8.9400],[1455724800000,9.2100],[1455811200000,9.2100],[1456070400000,9.4900],[1456156800000,10.00],[1456243200000,10.1900],[1456329600000,9.1200],[1456416000000,8.8000],[1456675200000,8.00],[1456761600000,8.2400],[1456848000000,8.2400],[1456934400000,7.9800],[1457020800000,7.9800],[1457280000000,8.2400],[1457366400000,8.1600],[1457452800000,7.8900],[1457539200000,7.8900],[1457625600000,7.8700],[1457884800000,8.4000],[1457971200000,8.6800],[1458057600000,8.9000],[1458144000000,9.1400],[1458230400000,8.8800],[1458489600000,8.8800],[1458576000000,8.3100],[1458662400000,8.5700],[1458748800000,8.8300],[1458835200000,9.9700],[1459094400000,9.4600],[1459180800000,9.7200],[1459267200000,9.7200],[1459353600000,9.4400],[1459440000000,9.9500],[1459785600000,10.4600],[1459872000000,9.9500],[1459958400000,9.9500],[1460044800000,10.2000],[1460304000000,9.3900],[1460390400000,9.6400],[1460476800000,9.6400],[1460563200000,9.9000],[1460649600000,9.6400],[1460908800000,9.9000],[1460995200000,11.9300],[1461081600000,11.4200],[1461168000000,11.6800],[1461254400000,11.4200],[1461513600000,12.1800],[1461600000000,12.1800],[1461686400000,11.9300],[1461772800000,11.6800],[1461859200000,11.6800],[1462204800000,12.6900],[1462291200000,12.6900],[1462377600000,13.7500],[1462464000000,14.2500],[1462723200000,15.00],[1462809600000,15.00],[1462896000000,14.7500],[1462982400000,15.00],[1463068800000,16.00],[1463328000000,15.00],[1463414400000,15.00],[1463500800000,15.2500],[1463587200000,15.5000],[1463673600000,15.2500],[1463932800000,14.7500],[1464019200000,16.5000],[1464105600000,16.5000],[1464192000000,17.00],[1464278400000,17.2500],[1464537600000,16.7500],[1464624000000,16.7500],[1464710400000,16.7500],[1464796800000,17.2500],[1464883200000,17.2500],[1465142400000,17.6600],[1465228800000,18.1600],[1465315200000,18.6600],[1465747200000,19.1500],[1465833600000,14.9300],[1465920000000,14.8900],[1466006400000,15.6300],[1466092800000,15.8800],[1466352000000,16.6300],[1466438400000,16.0900],[1466524800000,16.3400],[1466611200000,16.3400],[1466697600000,16.8300],[1466956800000,16.8300],[1467043200000,16.8300],[1467129600000,16.8300],[1467216000000,17.5700],[1467302400000,17.8200],[1467561600000,17.5700],[1467648000000,17.5700],[1467734400000,17.5700],[1467820800000,18.3200],[1467907200000,18.3200],[1468166400000,18.3200],[1468252800000,18.5600],[1468339200000,18.3200],[1468425600000,18.3200],[1468512000000,18.5600],[1468771200000,18.0700],[1468857600000,15.3500],[1468944000000,15.5600],[1469030400000,15.5600],[1469116800000,15.5600],[1469376000000,14.8100],[1469462400000,15.0600],[1469548800000,14.8100],[1469635200000,15.2300],[1469721600000,15.9700],[1469980800000,15.7200],[1470067200000,15.2300],[1470153600000,15.2300],[1470240000000,15.1600],[1470326400000,15.1600],[1470585600000,20.8700],[1470672000000,21.7900],[1470758400000,21.3100],[1470844800000,20.8200],[1470931200000,20.8200],[1471190400000,20.5800],[1471276800000,20.8200],[1471363200000,21.2600],[1471449600000,20.7200],[1471536000000,20.2400],[1471795200000,34.3700],[1471881600000,34.8600],[1471968000000,25.2400],[1472054400000,25.2400],[1472140800000,24.7600],[1472400000000,24.2800],[1472486400000,24.0400],[1472572800000,24.5200],[1472659200000,24.7600],[1472745600000,24.2200],[1473004800000,24.9400],[1473091200000,23.7500],[1473177600000,23.7500],[1473264000000,22.9300],[1473350400000,23.8200],[1473609600000,22.1700],[1473696000000,22.1700],[1473782400000,22.1700],[1474214400000,21.4600],[1474300800000,21.2300],[1474387200000,20.9900],[1474473600000,20.8400],[1474560000000,21.7800],[1474819200000,21.1600],[1474905600000,21.6300],[1474992000000,21.6300],[1475078400000,22.2200],[1475164800000,22.4500],[1476028800000,23.0400],[1476115200000,23.5000],[1476201600000,23.2200],[1476288000000,22.6500],[1476374400000,21.6100],[1476633600000,21.1000],[1476720000000,21.9200],[1476806400000,21.9700],[1476892800000,21.7400],[1476979200000,22.8800],[1477238400000,21.1400],[1477324800000,21.3600],[1477411200000,21.3200],[1477497600000,21.3200],[1477584000000,22.9200],[1477843200000,22.3700],[1477929600000,23.4900],[1478016000000,23.7100],[1478102400000,23.7100],[1478188800000,22.9900],[1478448000000,22.4400],[1478534400000,15.7800],[1478620800000,15.5600],[1478707200000,15.3300],[1478793600000,15.5600],[1479052800000,14.4400],[1479139200000,15.5600],[1479225600000,15.5600],[1479312000000,15.5600],[1479398400000,16.2200],[1479657600000,14.8600],[1479744000000,9.9800],[1479830400000,9.9800],[1479916800000,9.9800],[1480003200000,9.9800],[1480262400000,10.4200],[1480348800000,10.4000],[1480435200000,10.8400],[1480521600000,10.8400],[1480608000000,10.9900],[1480867200000,11.2100],[1480953600000,11.2100],[1481040000000,11.2100],[1481126400000,11.4300],[1481212800000,11.1800],[1481472000000,10.9400],[1481558400000,10.9200],[1481644800000,11.3500],[1481731200000,11.5700],[1481817600000,12.4500],[1482076800000,12.0100],[1482163200000,13.1000],[1482249600000,13.5400],[1482336000000,14.1600],[1482422400000,14.4700],[1482681600000,13.5800],[1482768000000,15.0900],[1482854400000,15.4500],[1482940800000,16.9500],[1483027200000,16.4200],[1483372800000,18.3400],[1483459200000,19.0200],[1483545600000,19.8300],[1483632000000,21.5400],[1483891200000,19.8300],[1483977600000,20.9000],[1484064000000,21.7500],[1484150400000,22.3900],[1484236800000,22.8100],[1484496000000,25.4200],[1484582400000,26.7900],[1484668800000,27.5200],[1484755200000,28.7800],[1484841600000,29.2000],[1485100800000,32.2200],[1485187200000,32.3700],[1485273600000,32.4400],[1485360000000,33.4000],[1486051200000,36.2000],[1486310400000,37.6800],[1486396800000,38.7000],[1486483200000,38.4900],[1486569600000,38.7000],[1486656000000,40.0800],[1486915200000,41.5300],[1487001600000,44.1500],[1487088000000,44.5600],[1487174400000,44.9600],[1487260800000,45.1600],[1487520000000,45.5600],[1487606400000,46.1700],[1487692800000,46.3700],[1487779200000,47.1900],[1487865600000,46.4000],[1488124800000,46.5200],[1488211200000,47.7100],[1488297600000,47.9100],[1488384000000,48.3400],[1488470400000,48.9200],[1488729600000,47.9500],[1488816000000,47.7700],[1488902400000,47.8700],[1488988800000,47.4900],[1489075200000,48.2600],[1489334400000,48.6500],[1489420800000,48.2600],[1489507200000,47.8800],[1489593600000,47.8800],[1489680000000,50.1900],[1489939200000,50.00],[1490025600000,49.2300],[1490112000000,48.4700],[1490198400000,48.3000],[1490284800000,49.8100],[1490544000000,49.0600],[1490630400000,48.0400],[1490716800000,48.0400],[1490803200000,47.5800],[1490889600000,48.5100],[1491321600000,49.2600],[1491408000000,48.5200],[1491494400000,50.1900],[1491753600000,52.9600],[1491840000000,52.4100],[1491926400000,51.8500],[1492012800000,51.7600],[1492099200000,51.9400],[1492358400000,50.0900],[1492444800000,49.3600],[1492531200000,48.9900],[1492617600000,48.9900],[1492704000000,49.9100],[1492963200000,48.0700],[1493049600000,47.9000],[1493136000000,47.1800],[1493222400000,47.5400],[1493308800000,49.1800],[1493654400000,46.2700],[1493740800000,46.5500],[1493827200000,47.2700],[1493913600000,46.5500],[1494172800000,46.1800],[1494259200000,45.6400],[1494345600000,46.1800],[1494432000000,46.7300],[1494518400000,45.6400],[1494777600000,45.4900],[1494864000000,45.1400],[1494950400000,44.6400],[1495036800000,46.0700],[1495123200000,44.1100],[1495382400000,43.3900],[1495468800000,43.2400],[1495555200000,43.0900],[1495641600000,45.2100],[1495728000000,42.2000],[1496160000000,43.6200],[1496246400000,42.7300],[1496332800000,41.8400],[1496592000000,47.8800],[1496678400000,48.0600],[1496764800000,48.4100],[1496851200000,48.4100],[1496937600000,47.8800],[1497196800000,47.7400],[1497283200000,48.0800],[1497369600000,48.5200],[1497456000000,48.3500],[1497542400000,47.8300],[1497801600000,48.0100],[1497888000000,47.3100],[1497974400000,46.7800],[1498060800000,46.7800],[1498147200000,46.0100],[1498406400000,45.9400],[1498492800000,46.1100],[1498579200000,46.1100],[1498665600000,46.2900],[1498752000000,44.1600],[1499011200000,48.9700],[1499097600000,46.2200],[1499184000000,45.8000],[1499270400000,45.4500],[1499356800000,44.9400],[1499616000000,39.9700],[1499702400000,39.6200],[1499788800000,39.1100],[1499875200000,39.1100],[1499961600000,38.5700],[1500220800000,39.0800],[1500307200000,38.5700],[1500393600000,38.3700],[1500480000000,38.2000],[1500566400000,37.9400],[1500825600000,38.1100],[1500912000000,37.7700],[1500998400000,37.2100],[1501084800000,37.7100],[1501171200000,36.2000],[1501430400000,38.3800],[1501516800000,36.3600],[1501603200000,36.8700],[1501689600000,37.2100],[1501776000000,37.3700],[1502035200000,37.7500],[1502121600000,37.9200],[1502208000000,37.5800],[1502294400000,37.5800],[1502380800000,36.9100],[1502640000000,36.4100],[1502726400000,36.9100],[1502812800000,36.2400],[1502899200000,36.0700],[1502985600000,35.7400],[1503244800000,36.1800],[1503331200000,36.3500],[1503417600000,36.8500],[1503504000000,36.7400],[1503590400000,36.4100],[1503849600000,37.6700],[1503936000000,40.5000],[1504022400000,35.5000],[1504108800000,35.9400],[1504195200000,36.1100],[1504454400000,35.6100],[1504540800000,29.6200],[1504627200000,29.2800],[1504713600000,29.2800],[1504800000000,28.9500],[1505059200000,28.0300],[1505145600000,28.0300],[1505232000000,28.1900],[1505318400000,28.1000],[1505404800000,27.9300],[1505664000000,27.8900],[1505750400000,27.7200],[1505836800000,28.1900],[1505923200000,28.3600],[1506009600000,27.6900],[1506268800000,28.1900],[1506355200000,28.3600],[1506441600000,29.3000],[1506528000000,29.9700],[1506614400000,29.7000],[1507478400000,33.3300],[1507564800000,34.1000],[1507651200000,34.2700],[1507737600000,33.5500],[1507824000000,33.3900],[1508083200000,32.5200],[1508169600000,32.3500],[1508256000000,32.4100],[1508342400000,32.0800],[1508428800000,31.5900],[1508688000000,30.8600],[1508774400000,29.5400],[1508860800000,29.4900],[1508947200000,29.1600],[1509033600000,29.00],[1509292800000,29.0600],[1509379200000,29.0200],[1509465600000,30.1600],[1509552000000,29.6900],[1509638400000,31.4400],[1509897600000,30.9200],[1509984000000,30.6000],[1510070400000,30.6000],[1510156800000,30.3400],[1510243200000,29.7000],[1510502400000,30.3300],[1510588800000,31.0200],[1510675200000,30.8700],[1510761600000,30.8700],[1510848000000,30.9700],[1511107200000,30.1900],[1511193600000,30.0300],[1511280000000,30.1900],[1511366400000,30.1900],[1511452800000,29.9800],[1511712000000,30.6200],[1511798400000,30.9400],[1511884800000,30.7800],[1511971200000,30.8900],[1512057600000,31.4200],[1512316800000,31.7300],[1512403200000,31.8800],[1512489600000,31.7300],[1512576000000,31.6800],[1512662400000,32.3600],[1512921600000,31.6000],[1513008000000,31.8500],[1513094400000,32.0100],[1513180800000,32.5700],[1513267200000,32.9300],[1513526400000,31.7100],[1513612800000,32.1600],[1513699200000,33.0800],[1513785600000,33.1300],[1513872000000,33.5900],[1514131200000,34.3500],[1514217600000,34.3500],[1514304000000,34.4000],[1514390400000,34.8100],[1514476800000,34.9600],[1514822400000,49.3100],[1514908800000,50.6900],[1514995200000,53.1300],[1515081600000,54.9600],[1515340800000,38.1700],[1515427200000,37.5600],[1515513600000,35.8200],[1515600000000,35.0100],[1515686400000,35.1600],[1515945600000,35.3100],[1516032000000,35.7700],[1516118400000,36.0700],[1516204800000,36.2300],[1516291200000,36.2300],[1516550400000,36.3800],[1516636800000,36.9900],[1516723200000,36.9900],[1516809600000,36.9900],[1516896000000,36.4900],[1517155200000,36.5900],[1517241600000,36.2800],[1517328000000,35.8200],[1517414400000,35.2100],[1517500800000,34.9100],[1517760000000,35.5200]];
/*规模变动*/
var Data_fluctuationScale = {"categories":["2016-12-31","2017-03-31","2017-06-30","2017-09-30","2017-12-31"],"series":[{"y":3.59,"mom":"609.91%"},{"y":2.02,"mom":"-43.76%"},{"y":2.04,"mom":"0.95%"},{"y":2.06,"mom":"0.95%"},{"y":2.00,"mom":"-2.62%"}]};;
/*持有人结构*/
var Data_holderStructure = {"series":[{"name":"机构持有比例","data":[100.0,95.82]},{"name":"个人持有比例","data":[0.0,4.18]},{"name":"内部持有比例","data":[0.0,0.0]}],"categories":["2015-06-30","2016-12-31"]};
/*申购赎回*/
var Data_assetAllocation ={"series":[{"name":"期间申购","data":[0.02,0.02,0.02,2.02]},{"name":"期间赎回","data":[1.59,0.00,0.00,2.07]},{"name":"总份额","data":[2.02,2.04,2.06,2.00]}],"categories":["2017-03-31","2017-06-30","2017-09-30","2017-12-31"]};
/*现任基金经理*/
var Data_currentFundManager = [{"id":"30358426","pic":"https://pdf.dfcfw.com/pdf/H8_JPG30358426_1.jpg","name":"鞠婷","star":2,"workTime":"2年又213天","fundSize":"27.00亿(6只基金)","power":{"avr":"33.92","categories":["经验值","收益率","影响力","稳定性","管理规模"],"dsc":["反映基金经理从业年限和管理基金的经验","根据基金经理投资的阶段收益评分，反映\u003cbr\u003e基金经理投资的盈利能力","根据基金经理所管理基金的机构和个人投\u003cbr\u003e资者持有比例评分","反映基金经理投资收益的波动","根据基金经理现任管理基金资产规模评分"],"data":[54.90,23.20,26.50,54.70,12.90],"jzrq":"2018-02-05"},"profit":{"categories":["任期收益","同类平均"],"series":[{"data":[{"name":null,"color":"#7cb5ec","y":5.6715},{"name":null,"color":"#414c7b","y":5.83}]}],"jzrq":"2018-02-05"}},{"id":"30550575","pic":"https://pdf.dfcfw.com/pdf/H8_PNG30550575_1.jpg","name":"王之远","star":0,"workTime":"172天","fundSize":"3.91亿(3只基金)","power":{"avr":"暂无数据","categories":["经验值","收益率","影响力","稳定性","管理规模"],"dsc":["反映基金经理从业年限和管理基金的经验","根据基金经理投资的阶段收益评分，反映\u003cbr\u003e基金经理投资的盈利能力","根据基金经理所管理基金的机构和个人投\u003cbr\u003e资者持有比例评分","反映基金经理投资收益的波动","根据基金经理现任管理基金资产规模评分"],"data":[null,null,null,null,null],"jzrq":"2018-02-05"},"profit":{"categories":["任期收益","同类平均"],"series":[{"data":[{"name":null,"color":"#7cb5ec","y":1.8825},{"name":null,"color":"#414c7b","y":1.91}]}],"jzrq":"2018-02-05"}}] ;
/*同类型基金涨幅榜（页面底部通栏）*/
var swithSameType = [['001895_泰达宏利活期友货币B_5.5440','001233_嘉合货币B_5.4980','002895_华夏天利货币B_5.3660','000902_国开货币B_5.3470','001894_泰达宏利活期友货币A_5.3190'],['001895_泰达宏利活期友货币B_5.10','001233_嘉合货币B_5.09','004973_长城收益宝货币B_5.09','004904_人保货币B_5.03','002884_华润元大现金通货币B_5.01'],['004771_海富通添益货币B_5.31','004770_海富通添益货币A_5.08','004973_长城收益宝货币B_5.06','002884_华润元大现金通货币B_5.00','000872_北信瑞丰宜投宝B_4.92'],['004771_海富通添益货币B_5.75','004770_海富通添益货币A_5.52','002895_华夏天利货币B_5.15','004973_长城收益宝货币B_5.15','005151_红土创新优淳货币B_5.07'],['003679_中融现金增利货币C_4.67','003474_南方天天利货币B_4.54','003753_工银如意货币B_4.51','000837_国投瑞银钱多宝货币I_4.51','000836_国投瑞银钱多宝货币A_4.51']];