/**
 * 测试数据
 * @type {arry}
 */
/*2018-02-06 15:58:23*/
//基金或股票信息
var fS_name = "易方达现金增利货币A";
var fS_code = "000620";
var fund_minsg="";
var ishb=true;
/*原费率*/
var fund_sourceRate="0";
/*现费率*/
var fund_Rate="0";
/*最小申购金额*/
var fund_minsg="";
/*收益率*/
/*近一年收益率*/
var syl_1n="4.4713";
/*近6月收益率*/
var syl_6y="2.2349";
/*近三月收益率*/
var syl_3y="1.1173";
/*近一月收益率*/
var syl_1y="0.3869";
/* 基金收益走势图 每万份收益*/
var Data_millionCopiesIncome = [[1426003200000,41.9967],[1426089600000,1.3077],[1426176000000,1.1587],[1426348800000,1.9708],[1426435200000,1.2307],[1426521600000,1.2539],[1426608000000,1.2589],[1426694400000,1.2391],[1426780800000,1.238],[1426953600000,2.4665],[1427040000000,1.195],[1427126400000,1.2025],[1427212800000,1.2287],[1427299200000,1.2474],[1427385600000,1.2264],[1427558400000,2.4241],[1427644800000,1.2091],[1427731200000,1.2174],[1427817600000,1.2201],[1427904000000,1.2112],[1427990400000,1.209],[1428249600000,3.6263],[1428336000000,1.1726],[1428422400000,1.1754],[1428508800000,1.1539],[1428595200000,1.1572],[1428768000000,2.3116],[1428854400000,1.1555],[1428940800000,1.1152],[1429027200000,1.2458],[1429113600000,0.8865],[1429200000000,0.8647],[1429372800000,1.752],[1429459200000,0.8805],[1429545600000,0.9115],[1429632000000,0.9119],[1429718400000,0.9077],[1429804800000,0.9562],[1429977600000,1.8919],[1430064000000,0.9662],[1430150400000,0.9293],[1430236800000,0.9227],[1430323200000,0.9475],[1430582400000,2.8626],[1430668800000,0.9749],[1430755200000,0.9714],[1430841600000,0.9766],[1430928000000,1.1459],[1431014400000,1.7111],[1431187200000,1.6461],[1431273600000,13.4773],[1431360000000,0.6052],[1431446400000,0.5239],[1431532800000,0.5343],[1431619200000,0.5511],[1431792000000,1.0828],[1431878400000,0.5667],[1431964800000,1.144],[1432051200000,0.9995],[1432137600000,0.8692],[1432224000000,0.8197],[1432396800000,1.0713],[1432483200000,0.5201],[1432569600000,0.5175],[1432656000000,0.9899],[1432742400000,0.4792],[1432828800000,0.5022],[1433001600000,1.0078],[1433088000000,0.4555],[1433174400000,0.452],[1433260800000,0.2525],[1433347200000,0.5096],[1433433600000,0.8505],[1433606400000,0.761],[1433692800000,0.518],[1433779200000,0.5077],[1433865600000,0.4663],[1433952000000,0.4133],[1434038400000,0.4266],[1434211200000,0.7189],[1434297600000,0.358],[1434384000000,0.3597],[1434470400000,0.3594],[1434556800000,0.353],[1434643200000,0.358],[1434902400000,1.1138],[1434988800000,0.3686],[1435075200000,0.7935],[1435161600000,0.5481],[1435248000000,0.3399],[1435420800000,0.6944],[1435507200000,0.3516],[1435593600000,0.597],[1435680000000,0.3596],[1435766400000,0.7224],[1435852800000,0.6452],[1436025600000,0.7121],[1436112000000,0.6015],[1436198400000,1.0678],[1436284800000,0.6084],[1436371200000,0.5867],[1436457600000,0.5476],[1436630400000,1.1677],[1436716800000,0.6236],[1436803200000,0.4306],[1436889600000,0.4703],[1436976000000,0.4817],[1437062400000,0.464],[1437235200000,0.9014],[1437321600000,0.4486],[1437408000000,0.4737],[1437494400000,0.4827],[1437580800000,0.4819],[1437667200000,0.4471],[1437840000000,0.9997],[1437926400000,6.162],[1438012800000,0.4049],[1438099200000,0.4145],[1438185600000,0.4007],[1438272000000,0.4164],[1438444800000,0.8423],[1438531200000,0.4167],[1438617600000,1.892],[1438704000000,4.4831],[1438790400000,0.4709],[1438876800000,0.4743],[1439049600000,0.9506],[1439136000000,0.455],[1439222400000,0.4655],[1439308800000,0.472],[1439395200000,0.4617],[1439481600000,0.4593],[1439654400000,0.9343],[1439740800000,0.4693],[1439827200000,0.4374],[1439913600000,0.4515],[1440000000000,0.4526],[1440086400000,0.4722],[1440259200000,0.9486],[1440345600000,0.4512],[1440432000000,0.4228],[1440518400000,0.4324],[1440604800000,6.8401],[1440691200000,0.5623],[1440864000000,1.1404],[1440950400000,0.5691],[1441036800000,0.5766],[1441123200000,0.5698],[1441468800000,2.2832],[1441555200000,0.5692],[1441641600000,0.5715],[1441728000000,0.5784],[1441814400000,0.5498],[1441900800000,0.5628],[1442073600000,1.1299],[1442160000000,2.0724],[1442246400000,0.5183],[1442332800000,0.5268],[1442419200000,0.5298],[1442505600000,0.5139],[1442678400000,1.0453],[1442764800000,0.5189],[1442851200000,0.5247],[1442937600000,0.5362],[1443024000000,0.5532],[1443110400000,0.5805],[1443283200000,1.1785],[1443369600000,0.5883],[1443456000000,0.5887],[1443542400000,0.5899],[1444147200000,4.0603],[1444233600000,2.4263],[1444320000000,0.5769],[1444492800000,1.1384],[1444579200000,0.5711],[1444665600000,0.5737],[1444752000000,0.7374],[1444838400000,0.5274],[1444924800000,0.5836],[1445097600000,1.1807],[1445184000000,0.5832],[1445270400000,0.5826],[1445356800000,1.7939],[1445443200000,0.6136],[1445529600000,0.6189],[1445702400000,1.1957],[1445788800000,4.3178],[1445875200000,2.5265],[1445961600000,0.7124],[1446048000000,0.7487],[1446134400000,0.7515],[1446307200000,1.5089],[1446393600000,1.7576],[1446480000000,0.6999],[1446566400000,0.7053],[1446652800000,0.7103],[1446739200000,0.7148],[1446912000000,1.4333],[1446998400000,0.7107],[1447084800000,0.7083],[1447171200000,0.7059],[1447257600000,0.7018],[1447344000000,0.7134],[1447516800000,1.4297],[1447603200000,0.6602],[1447689600000,1.813],[1447776000000,0.6435],[1447862400000,0.6564],[1447948800000,0.6596],[1448121600000,1.3466],[1448208000000,0.6622],[1448294400000,1.6378],[1448380800000,0.6845],[1448467200000,0.6936],[1448553600000,0.6973],[1448726400000,1.3936],[1448812800000,0.711],[1448899200000,0.704],[1448985600000,0.7094],[1449072000000,0.7071],[1449158400000,0.7205],[1449331200000,1.442],[1449417600000,0.699],[1449504000000,0.7153],[1449590400000,0.7098],[1449676800000,0.7126],[1449763200000,0.7106],[1449936000000,1.421],[1450022400000,0.7078],[1450108800000,0.7083],[1450195200000,0.7122],[1450281600000,0.712],[1450368000000,0.7194],[1450540800000,1.4367],[1450627200000,0.7059],[1450713600000,0.7102],[1450800000000,0.7109],[1450886400000,0.71],[1450972800000,0.712],[1451145600000,1.4278],[1451232000000,0.7098],[1451318400000,0.7109],[1451404800000,0.7084],[1451491200000,0.7006],[1451750400000,2.1029],[1451836800000,0.701],[1451923200000,0.699],[1452009600000,0.7031],[1452096000000,0.7062],[1452182400000,0.7142],[1452355200000,1.4284],[1452441600000,0.7094],[1452528000000,4.1998],[1452614400000,0.7332],[1452700800000,0.7267],[1452787200000,0.6969],[1452960000000,1.4268],[1453046400000,0.7174],[1453132800000,0.7232],[1453219200000,0.7106],[1453305600000,0.7306],[1453392000000,0.7193],[1453564800000,1.4691],[1453651200000,3.5277],[1453737600000,0.6977],[1453824000000,0.6995],[1453910400000,1.7895],[1453996800000,1.1862],[1454169600000,1.3745],[1454256000000,0.7164],[1454342400000,0.7026],[1454428800000,1.7946],[1454515200000,0.7071],[1454601600000,0.7054],[1455379200000,6.4442],[1455465600000,0.7155],[1455552000000,0.7278],[1455638400000,0.6645],[1455724800000,0.6791],[1455811200000,0.7065],[1455984000000,1.4141],[1456070400000,0.6637],[1456156800000,0.675],[1456243200000,14.773],[1456329600000,8.7129],[1456416000000,0.737],[1456588800000,1.3709],[1456675200000,0.6777],[1456761600000,0.7045],[1456848000000,0.6782],[1456934400000,0.6891],[1457020800000,0.5014],[1457193600000,1.3223],[1457280000000,0.6684],[1457366400000,0.665],[1457452800000,0.6704],[1457539200000,0.6643],[1457625600000,0.6014],[1457798400000,1.3391],[1457884800000,0.6652],[1457971200000,0.6109],[1458057600000,0.6738],[1458144000000,0.6656],[1458230400000,0.673],[1458403200000,1.338],[1458489600000,0.6572],[1458576000000,0.6109],[1458662400000,0.6719],[1458748800000,0.6719],[1458835200000,0.6012],[1459008000000,1.344],[1459094400000,0.6723],[1459180800000,0.6727],[1459267200000,0.6685],[1459353600000,0.6692],[1459440000000,0.6007],[1459699200000,2.0067],[1459785600000,0.669],[1459872000000,0.6724],[1459958400000,0.6702],[1460044800000,0.5677],[1460217600000,1.3382],[1460304000000,0.6723],[1460390400000,0.6703],[1460476800000,0.7594],[1460563200000,0.6668],[1460649600000,0.5124],[1460822400000,1.3341],[1460908800000,0.6702],[1460995200000,0.6689],[1461081600000,0.6691],[1461168000000,0.6757],[1461254400000,0.62],[1461427200000,1.3436],[1461513600000,0.7252],[1461600000000,0.6006],[1461686400000,0.6768],[1461772800000,0.675],[1461859200000,0.5704],[1462118400000,2.0211],[1462204800000,0.6775],[1462291200000,0.6754],[1462377600000,0.6765],[1462464000000,0.6792],[1462636800000,1.3534],[1462723200000,0.6756],[1462809600000,0.5302],[1462896000000,0.6778],[1462982400000,0.6736],[1463068800000,0.6752],[1463241600000,1.3562],[1463328000000,0.6723],[1463414400000,0.6776],[1463500800000,0.5982],[1463587200000,0.6877],[1463673600000,0.6921],[1463846400000,1.3584],[1463932800000,0.5941],[1464019200000,0.6936],[1464105600000,0.5778],[1464192000000,0.6965],[1464278400000,0.704],[1464451200000,1.4051],[1464537600000,0.531],[1464624000000,0.7251],[1464710400000,0.5934],[1464796800000,0.6925],[1464883200000,0.7294],[1465056000000,1.4601],[1465142400000,0.5357],[1465228800000,0.7313],[1465315200000,0.7282],[1465660800000,2.9074],[1465747200000,0.5215],[1465833600000,0.7337],[1465920000000,0.7318],[1466006400000,0.7314],[1466092800000,0.7242],[1466265600000,1.4656],[1466352000000,0.5581],[1466438400000,0.7324],[1466524800000,0.7308],[1466611200000,0.7324],[1466697600000,0.7328],[1466870400000,1.4636],[1466956800000,0.5556],[1467043200000,0.7285],[1467129600000,0.7257],[1467216000000,0.7231],[1467302400000,0.7408],[1467475200000,1.4538],[1467561600000,0.5741],[1467648000000,0.7301],[1467734400000,0.7327],[1467820800000,0.7354],[1467907200000,0.7344],[1468080000000,1.4687],[1468166400000,0.7333],[1468252800000,0.5456],[1468339200000,0.7337],[1468425600000,0.734],[1468512000000,0.7335],[1468684800000,1.4595],[1468771200000,0.7343],[1468857600000,0.5363],[1468944000000,0.7162],[1469030400000,0.7169],[1469116800000,0.7116],[1469289600000,1.4162],[1469376000000,0.7003],[1469462400000,0.7031],[1469548800000,0.7013],[1469635200000,0.7122],[1469721600000,0.7136],[1469894400000,1.4296],[1469980800000,0.7139],[1470067200000,0.7127],[1470153600000,0.6168],[1470240000000,0.7119],[1470326400000,0.7122],[1470499200000,1.4245],[1470585600000,0.7136],[1470672000000,0.7312],[1470758400000,0.6189],[1470844800000,0.7081],[1470931200000,0.7042],[1471104000000,1.4114],[1471190400000,0.705],[1471276800000,0.7032],[1471363200000,0.703],[1471449600000,0.6892],[1471536000000,0.6897],[1471708800000,1.3708],[1471795200000,0.6897],[1471881600000,0.6894],[1471968000000,0.6925],[1472054400000,0.7383],[1472140800000,0.6872],[1472313600000,1.3405],[1472400000000,0.67],[1472486400000,0.6914],[1472572800000,0.6499],[1472659200000,0.6752],[1472745600000,0.652],[1472918400000,1.2852],[1473004800000,0.6535],[1473091200000,0.6586],[1473177600000,0.6565],[1473264000000,0.6566],[1473350400000,0.6535],[1473523200000,1.3079],[1473609600000,0.652],[1473696000000,0.6564],[1473782400000,0.6539],[1474128000000,2.6165],[1474214400000,0.663],[1474300800000,0.6641],[1474387200000,0.6742],[1474473600000,0.678],[1474560000000,0.6869],[1474732800000,1.3698],[1474819200000,0.6156],[1474905600000,0.6732],[1474992000000,0.6708],[1475078400000,0.6685],[1475164800000,0.7214],[1475942400000,6.0326],[1476028800000,0.6795],[1476115200000,0.6331],[1476201600000,0.6684],[1476288000000,0.6673],[1476374400000,0.6685],[1476547200000,1.3368],[1476633600000,0.6647],[1476720000000,0.6625],[1476806400000,0.6724],[1476892800000,0.6749],[1476979200000,0.6365],[1477152000000,1.3527],[1477238400000,0.6501],[1477324800000,0.6623],[1477411200000,0.6833],[1477497600000,0.6645],[1477584000000,0.6379],[1477756800000,1.3763],[1477843200000,0.6328],[1477929600000,0.6959],[1478016000000,0.7063],[1478102400000,0.7116],[1478188800000,0.5519],[1478361600000,1.4561],[1478448000000,0.5541],[1478534400000,0.687],[1478620800000,0.7009],[1478707200000,0.7118],[1478793600000,0.682],[1478966400000,1.3549],[1479052800000,0.5168],[1479139200000,0.6429],[1479225600000,0.5566],[1479312000000,0.5373],[1479398400000,0.6724],[1479571200000,1.364],[1479657600000,0.6854],[1479744000000,0.6725],[1479830400000,0.6762],[1479916800000,0.6312],[1480003200000,0.6882],[1480176000000,1.3746],[1480262400000,0.6437],[1480348800000,0.6719],[1480435200000,0.6557],[1480521600000,0.6342],[1480608000000,0.8405],[1480780800000,1.771],[1480867200000,0.6887],[1480953600000,0.7962],[1481040000000,0.5493],[1481126400000,0.689],[1481212800000,0.7658],[1481385600000,1.554],[1481472000000,0.7519],[1481558400000,0.8959],[1481644800000,0.8975],[1481731200000,0.9379],[1481817600000,0.9808],[1481990400000,1.9531],[1482076800000,1.1595],[1482163200000,1.2401],[1482249600000,1.2862],[1482336000000,1.3244],[1482422400000,1.0042],[1482595200000,2.565],[1482681600000,1.0117],[1482768000000,1.004],[1482854400000,1.0978],[1482940800000,1.3168],[1483027200000,1.6086],[1483113600000,1.3723],[1483286400000,2.7463],[1483372800000,0.5008],[1483459200000,0.8831],[1483545600000,1.3029],[1483632000000,1.1788],[1483804800000,2.6022],[1483891200000,1.2454],[1483977600000,0.7937],[1484064000000,0.8656],[1484150400000,1.3897],[1484236800000,1.2907],[1484409600000,2.5611],[1484496000000,1.263],[1484582400000,0.632],[1484668800000,1.1071],[1484755200000,1.4007],[1484841600000,1.344],[1485014400000,2.5931],[1485100800000,1.2509],[1485187200000,1.2732],[1485273600000,1.2612],[1485360000000,1.2836],[1485964800000,8.7808],[1486051200000,1.2603],[1486224000000,2.5162],[1486310400000,0.5246],[1486396800000,1.2501],[1486483200000,1.2533],[1486569600000,1.2492],[1486656000000,1.2482],[1486828800000,2.4852],[1486915200000,0.5516],[1487001600000,1.2448],[1487088000000,1.2278],[1487174400000,1.2396],[1487260800000,1.2648],[1487433600000,2.5209],[1487520000000,0.5403],[1487606400000,1.2449],[1487692800000,1.2749],[1487779200000,1.1502],[1487865600000,1.2636],[1488038400000,2.5225],[1488124800000,0.6005],[1488211200000,0.776],[1488297600000,1.493],[1488384000000,1.1525],[1488470400000,1.0657],[1488643200000,2.1266],[1488729600000,1.0619],[1488816000000,1.0524],[1488902400000,1.0574],[1488988800000,1.0498],[1489075200000,1.0495],[1489248000000,2.0975],[1489334400000,1.0509],[1489420800000,1.05],[1489507200000,1.0772],[1489593600000,1.0495],[1489680000000,1.2925],[1489852800000,2.1347],[1489939200000,1.0656],[1490025600000,1.0994],[1490112000000,1.0986],[1490198400000,1.0834],[1490284800000,1.1179],[1490457600000,2.2383],[1490544000000,1.1258],[1490630400000,1.1375],[1490716800000,1.1488],[1490803200000,0.7807],[1490889600000,1.5275],[1491235200000,6.1028],[1491321600000,0.4651],[1491408000000,1.0165],[1491494400000,1.0019],[1491667200000,2.9083],[1491753600000,1.0003],[1491840000000,1.4024],[1491926400000,1.0044],[1492012800000,2.3601],[1492099200000,1.0095],[1492272000000,2.7644],[1492358400000,1.0225],[1492444800000,1.3754],[1492531200000,1.3708],[1492617600000,1.068],[1492704000000,1.03],[1492876800000,2.761],[1492963200000,1.0865],[1493049600000,1.4353],[1493136000000,1.1027],[1493222400000,1.0187],[1493308800000,1.0009],[1493568000000,4.1752],[1493654400000,1.0127],[1493740800000,0.9998],[1493827200000,0.9995],[1493913600000,1.002],[1494086400000,2.812],[1494172800000,1.0044],[1494259200000,1.4122],[1494345600000,1.0089],[1494432000000,1.0054],[1494518400000,1.176],[1494691200000,2.613],[1494777600000,1.0096],[1494864000000,1.3296],[1494950400000,1.1294],[1495036800000,1.0126],[1495123200000,0.9999],[1495296000000,2.6485],[1495382400000,1.3154],[1495468800000,1.0726],[1495555200000,0.9966],[1495641600000,1.0015],[1495728000000,1.3414],[1496073600000,5.3601],[1496160000000,1.07],[1496246400000,1.036],[1496332800000,1.3709],[1496505600000,2.7381],[1496592000000,1.3727],[1496678400000,1.0394],[1496764800000,1.1821],[1496851200000,1.0123],[1496937600000,1.3039],[1497110400000,2.5973],[1497196800000,1.399],[1497283200000,1.8119],[1497369600000,1.436],[1497456000000,1.0057],[1497542400000,1.0035],[1497715200000,2.7164],[1497801600000,1.0163],[1497888000000,1.3678],[1497974400000,1.2964],[1498060800000,1.3404],[1498147200000,1.2643],[1498320000000,2.5271],[1498406400000,1.2532],[1498492800000,1.232],[1498579200000,1.3885],[1498665600000,1.3802],[1498752000000,1.1204],[1498924800000,2.7498],[1499011200000,1.0357],[1499097600000,1.4024],[1499184000000,1.2227],[1499270400000,1.3865],[1499356800000,1.1175],[1499529600000,2.9738],[1499616000000,0.9814],[1499702400000,1.2261],[1499788800000,1.2109],[1499875200000,1.3879],[1499961600000,1.1027],[1500134400000,2.7594],[1500220800000,1.4727],[1500307200000,1.0198],[1500393600000,1.1657],[1500480000000,1.2817],[1500566400000,1.1023],[1500739200000,2.7385],[1500825600000,1.3693],[1500912000000,1.0552],[1500998400000,1.1751],[1501084800000,1.1878],[1501171200000,1.0062],[1501344000000,2.7192],[1501430400000,1.3522],[1501516800000,1.0938],[1501603200000,1.1814],[1501689600000,1.0895],[1501776000000,1.0947],[1501948800000,2.6676],[1502035200000,1.3286],[1502121600000,1.0785],[1502208000000,1.1846],[1502294400000,1.0851],[1502380800000,1.0581],[1502553600000,2.5717],[1502640000000,1.2809],[1502726400000,1.3016],[1502812800000,1.053],[1502899200000,1.083],[1502985600000,1.0559],[1503158400000,2.5975],[1503244800000,1.2272],[1503331200000,1.2951],[1503417600000,1.0562],[1503504000000,1.0856],[1503590400000,1.0528],[1503763200000,2.5624],[1503849600000,1.288],[1503936000000,1.289],[1504022400000,1.068],[1504108800000,1.0923],[1504195200000,1.0512],[1504368000000,2.5448],[1504454400000,1.2758],[1504540800000,1.0569],[1504627200000,1.2562],[1504713600000,1.134],[1504800000000,1.0916],[1504972800000,2.639],[1505059200000,1.1485],[1505145600000,1.0783],[1505232000000,1.2717],[1505318400000,1.1524],[1505404800000,1.2047],[1505577600000,2.4108],[1505664000000,1.2486],[1505750400000,1.0311],[1505836800000,1.1906],[1505923200000,1.1544],[1506009600000,1.1913],[1506182400000,2.3819],[1506268800000,1.1644],[1506355200000,1.1646],[1506441600000,1.2113],[1506528000000,1.1168],[1506614400000,1.2381],[1507392000000,11.1365],[1507478400000,1.0183],[1507564800000,1.1923],[1507651200000,1.1833],[1507737600000,1.1075],[1507824000000,1.1265],[1507996800000,2.2527],[1508083200000,1.2236],[1508169600000,1.1132],[1508256000000,1.1129],[1508342400000,1.1209],[1508428800000,1.1258],[1508601600000,2.2552],[1508688000000,1.12],[1508774400000,1.1377],[1508860800000,1.1343],[1508947200000,1.1356],[1509033600000,1.1418],[1509206400000,2.2851],[1509292800000,1.3772],[1509379200000,1.1498],[1509465600000,1.1681],[1509552000000,1.202],[1509638400000,0.9805],[1509811200000,2.3716],[1509897600000,1.1778],[1509984000000,1.1687],[1510070400000,1.3136],[1510156800000,1.1373],[1510243200000,1.1255],[1510416000000,2.2488],[1510502400000,1.1165],[1510588800000,1.1117],[1510675200000,1.1314],[1510761600000,1.1366],[1510848000000,1.1268],[1511020800000,2.2508],[1511107200000,1.1304],[1511193600000,1.1563],[1511280000000,1.1425],[1511366400000,1.1597],[1511452800000,1.2779],[1511625600000,2.3614],[1511712000000,1.2619],[1511798400000,1.1849],[1511884800000,1.1796],[1511971200000,1.1803],[1512057600000,1.2158],[1512230400000,2.431],[1512316800000,1.201],[1512403200000,1.2004],[1512489600000,1.2251],[1512576000000,1.2092],[1512662400000,1.1964],[1512835200000,2.392],[1512921600000,1.2188],[1513008000000,1.1963],[1513094400000,1.2207],[1513180800000,1.2012],[1513267200000,1.1942],[1513440000000,2.3892],[1513526400000,1.2022],[1513612800000,1.2074],[1513699200000,1.1882],[1513785600000,1.0889],[1513872000000,1.2555],[1514044800000,2.528],[1514131200000,1.2686],[1514217600000,1.2789],[1514304000000,1.0343],[1514390400000,0.8865],[1514476800000,1.2087],[1514649600000,2.4344],[1514736000000,1.2137],[1514822400000,1.2737],[1514908800000,1.2808],[1514995200000,1.2779],[1515081600000,1.2907],[1515254400000,2.5774],[1515340800000,1.2661],[1515427200000,1.2406],[1515513600000,1.2331],[1515600000000,1.2318],[1515686400000,1.2304],[1515859200000,2.4598],[1515945600000,1.2237],[1516032000000,1.2263],[1516118400000,1.2274],[1516204800000,1.242],[1516291200000,1.2486],[1516464000000,2.4957],[1516550400000,1.2499],[1516636800000,1.2587],[1516723200000,1.2855],[1516809600000,1.2775],[1516896000000,1.2571],[1517068800000,2.5115],[1517155200000,1.2502],[1517241600000,1.2445],[1517328000000,1.238],[1517414400000,1.2279],[1517500800000,1.2297],[1517673600000,2.4587],[1517760000000,1.2323]];
/*基金收益走势图   7日年化收益率*/
var Data_sevenDaysYearIncome = [[1426003200000,4.194],[1426089600000,4.32],[1426176000000,4.354],[1426348800000,4.209],[1426435200000,4.276],[1426521600000,4.332],[1426608000000,4.358],[1426694400000,4.32],[1426780800000,4.363],[1426953600000,4.634],[1427040000000,4.614],[1427126400000,4.586],[1427212800000,4.57],[1427299200000,4.574],[1427385600000,4.568],[1427558400000,4.545],[1427644800000,4.552],[1427731200000,4.561],[1427817600000,4.556],[1427904000000,4.536],[1427990400000,4.527],[1428249600000,4.523],[1428336000000,4.498],[1428422400000,4.474],[1428508800000,4.443],[1428595200000,4.415],[1428768000000,4.357],[1428854400000,4.328],[1428940800000,4.297],[1429027200000,4.335],[1429113600000,4.19],[1429200000000,4.031],[1429372800000,3.728],[1429459200000,3.579],[1429545600000,3.469],[1429632000000,3.289],[1429718400000,3.301],[1429804800000,3.35],[1429977600000,3.425],[1430064000000,3.472],[1430150400000,3.481],[1430236800000,3.487],[1430323200000,3.509],[1430582400000,3.516],[1430668800000,3.521],[1430755200000,3.544],[1430841600000,3.573],[1430928000000,3.68],[1431014400000,4.09],[1431187200000,3.948],[1431273600000,10.945],[1431360000000,10.733],[1431446400000,10.472],[1431532800000,10.12],[1431619200000,9.456],[1431792000000,9.135],[1431878400000,2.035],[1431964800000,2.322],[1432051200000,2.576],[1432137600000,2.756],[1432224000000,2.9],[1432396800000,2.893],[1432483200000,2.868],[1432569600000,2.533],[1432656000000,2.528],[1432742400000,2.319],[1432828800000,2.15],[1433001600000,2.116],[1433088000000,2.082],[1433174400000,2.047],[1433260800000,1.656],[1433347200000,1.672],[1433433600000,1.857],[1433606400000,1.726],[1433692800000,1.759],[1433779200000,1.788],[1433865600000,1.902],[1433952000000,1.851],[1434038400000,1.626],[1434211200000,1.604],[1434297600000,1.519],[1434384000000,1.44],[1434470400000,1.384],[1434556800000,1.352],[1434643200000,1.316],[1434902400000,1.335],[1434988800000,1.34],[1435075200000,1.57],[1435161600000,1.673],[1435248000000,1.663],[1435420800000,1.638],[1435507200000,1.627],[1435593600000,1.749],[1435680000000,1.519],[1435766400000,1.611],[1435852800000,1.773],[1436025600000,1.782],[1436112000000,1.915],[1436198400000,2.165],[1436284800000,2.298],[1436371200000,2.226],[1436457600000,2.174],[1436630400000,2.417],[1436716800000,2.428],[1436803200000,2.089],[1436889600000,2.015],[1436976000000,1.959],[1437062400000,1.915],[1437235200000,1.774],[1437321600000,1.681],[1437408000000,1.704],[1437494400000,1.71],[1437580800000,1.71],[1437667200000,1.701],[1437840000000,1.753],[1437926400000,4.829],[1438012800000,4.792],[1438099200000,4.755],[1438185600000,4.71],[1438272000000,4.693],[1438444800000,4.608],[1438531200000,1.521],[1438617600000,2.311],[1438704000000,4.505],[1438790400000,4.543],[1438876800000,4.574],[1439049600000,4.633],[1439136000000,4.654],[1439222400000,3.879],[1439308800000,1.729],[1439395200000,1.724],[1439481600000,1.717],[1439654400000,1.708],[1439740800000,1.715],[1439827200000,1.701],[1439913600000,1.69],[1440000000000,1.685],[1440086400000,1.692],[1440259200000,1.699],[1440345600000,1.69],[1440432000000,1.682],[1440518400000,1.672],[1440604800000,5.114],[1440691200000,5.163],[1440864000000,5.268],[1440950400000,5.333],[1441036800000,5.418],[1441123200000,5.493],[1441468800000,2.107],[1441555200000,2.107],[1441641600000,2.104],[1441728000000,2.109],[1441814400000,2.098],[1441900800000,2.093],[1442073600000,2.087],[1442160000000,2.89],[1442246400000,2.862],[1442332800000,2.834],[1442419200000,2.823],[1442505600000,2.797],[1442678400000,2.752],[1442764800000,1.923],[1442851200000,1.926],[1442937600000,1.931],[1443024000000,1.944],[1443110400000,1.979],[1443283200000,2.05],[1443369600000,2.087],[1443456000000,2.121],[1443542400000,2.15],[1444147200000,2.14],[1444233600000,3.122],[1444320000000,3.114],[1444492800000,3.09],[1444579200000,3.093],[1444665600000,3.098],[1444752000000,3.191],[1444838400000,2.174],[1444924800000,2.178],[1445097600000,2.2],[1445184000000,2.207],[1445270400000,2.211],[1445356800000,2.776],[1445443200000,2.822],[1445529600000,2.841],[1445702400000,2.849],[1445788800000,4.871],[1445875200000,5.939],[1445961600000,5.344],[1446048000000,5.418],[1446134400000,5.491],[1446307200000,5.663],[1446393600000,4.262],[1446480000000,3.274],[1446566400000,3.27],[1446652800000,3.25],[1446739200000,3.23],[1446912000000,3.189],[1446998400000,2.628],[1447084800000,2.632],[1447171200000,2.632],[1447257600000,2.628],[1447344000000,2.627],[1447516800000,2.625],[1447603200000,2.598],[1447689600000,3.191],[1447776000000,3.157],[1447862400000,3.133],[1447948800000,3.104],[1448121600000,3.059],[1448208000000,3.06],[1448294400000,2.966],[1448380800000,2.988],[1448467200000,3.008],[1448553600000,3.028],[1448726400000,3.054],[1448812800000,3.08],[1448899200000,2.579],[1448985600000,2.593],[1449072000000,2.6],[1449158400000,2.612],[1449331200000,2.638],[1449417600000,2.632],[1449504000000,2.638],[1449590400000,2.638],[1449676800000,2.641],[1449763200000,2.636],[1449936000000,2.624],[1450022400000,2.629],[1450108800000,2.625],[1450195200000,2.627],[1450281600000,2.626],[1450368000000,2.631],[1450540800000,2.639],[1450627200000,2.638],[1450713600000,2.639],[1450800000000,2.639],[1450886400000,2.638],[1450972800000,2.634],[1451145600000,2.629],[1451232000000,2.631],[1451318400000,2.631],[1451404800000,2.63],[1451491200000,2.625],[1451750400000,2.605],[1451836800000,2.601],[1451923200000,2.594],[1452009600000,2.591],[1452096000000,2.594],[1452182400000,2.601],[1452355200000,2.616],[1452441600000,2.62],[1452528000000,4.51],[1452614400000,4.526],[1452700800000,4.538],[1452787200000,4.528],[1452960000000,4.527],[1453046400000,4.532],[1453132800000,2.654],[1453219200000,2.642],[1453305600000,2.644],[1453392000000,2.656],[1453564800000,2.679],[1453651200000,4.194],[1453737600000,4.18],[1453824000000,4.174],[1453910400000,4.751],[1453996800000,5.006],[1454169600000,4.955],[1454256000000,3.428],[1454342400000,3.43],[1454428800000,4.023],[1454515200000,3.437],[1454601600000,3.178],[1455379200000,2.648],[1455465600000,2.647],[1455552000000,2.654],[1455638400000,2.626],[1455724800000,2.606],[1455811200000,2.601],[1455984000000,2.592],[1456070400000,2.564],[1456156800000,2.536],[1456243200000,10.357],[1456329600000,15.076],[1456416000000,15.094],[1456588800000,15.068],[1456675200000,15.077],[1456761600000,15.094],[1456848000000,6.945],[1456934400000,2.565],[1457020800000,2.439],[1457193600000,2.413],[1457280000000,2.408],[1457366400000,2.387],[1457452800000,2.383],[1457539200000,2.37],[1457625600000,2.423],[1457798400000,2.432],[1457884800000,2.43],[1457971200000,2.401],[1458057600000,2.403],[1458144000000,2.404],[1458230400000,2.442],[1458403200000,2.442],[1458489600000,2.437],[1458576000000,2.437],[1458662400000,2.436],[1458748800000,2.44],[1458835200000,2.401],[1459008000000,2.405],[1459094400000,2.413],[1459180800000,2.446],[1459267200000,2.444],[1459353600000,2.442],[1459440000000,2.442],[1459699200000,2.437],[1459785600000,2.435],[1459872000000,2.437],[1459958400000,2.438],[1460044800000,2.42],[1460217600000,2.42],[1460304000000,2.422],[1460390400000,2.423],[1460476800000,2.469],[1460563200000,2.467],[1460649600000,2.438],[1460822400000,2.436],[1460908800000,2.435],[1460995200000,2.434],[1461081600000,2.386],[1461168000000,2.39],[1461254400000,2.448],[1461427200000,2.453],[1461513600000,2.482],[1461600000000,2.446],[1461686400000,2.45],[1461772800000,2.449],[1461859200000,2.423],[1462118400000,2.398],[1462204800000,2.439],[1462291200000,2.438],[1462377600000,2.439],[1462464000000,2.497],[1462636800000,2.5],[1462723200000,2.501],[1462809600000,2.422],[1462896000000,2.424],[1462982400000,2.422],[1463068800000,2.42],[1463241600000,2.421],[1463328000000,2.42],[1463414400000,2.498],[1463500800000,2.456],[1463587200000,2.463],[1463673600000,2.472],[1463846400000,2.474],[1463932800000,2.432],[1464019200000,2.44],[1464105600000,2.429],[1464192000000,2.434],[1464278400000,2.44],[1464451200000,2.465],[1464537600000,2.432],[1464624000000,2.449],[1464710400000,2.457],[1464796800000,2.455],[1464883200000,2.468],[1465056000000,2.498],[1465142400000,2.5],[1465228800000,2.504],[1465315200000,2.576],[1465660800000,2.589],[1465747200000,2.582],[1465833600000,2.583],[1465920000000,2.585],[1466006400000,2.587],[1466092800000,2.586],[1466265600000,2.592],[1466352000000,2.612],[1466438400000,2.611],[1466524800000,2.611],[1466611200000,2.611],[1466697600000,2.616],[1466870400000,2.615],[1466956800000,2.613],[1467043200000,2.611],[1467129600000,2.608],[1467216000000,2.604],[1467302400000,2.608],[1467475200000,2.603],[1467561600000,2.612],[1467648000000,2.613],[1467734400000,2.617],[1467820800000,2.624],[1467907200000,2.62],[1468080000000,2.628],[1468166400000,2.713],[1468252800000,2.615],[1468339200000,2.615],[1468425600000,2.614],[1468512000000,2.614],[1468684800000,2.609],[1468771200000,2.61],[1468857600000,2.605],[1468944000000,2.595],[1469030400000,2.586],[1469116800000,2.574],[1469289600000,2.551],[1469376000000,2.533],[1469462400000,2.622],[1469548800000,2.614],[1469635200000,2.612],[1469721600000,2.613],[1469894400000,2.62],[1469980800000,2.627],[1470067200000,2.632],[1470153600000,2.587],[1470240000000,2.587],[1470326400000,2.586],[1470499200000,2.584],[1470585600000,2.583],[1470672000000,2.593],[1470758400000,2.594],[1470844800000,2.592],[1470931200000,2.588],[1471104000000,2.581],[1471190400000,2.576],[1471276800000,2.562],[1471363200000,2.606],[1471449600000,2.596],[1471536000000,2.589],[1471708800000,2.567],[1471795200000,2.559],[1471881600000,2.551],[1471968000000,2.546],[1472054400000,2.572],[1472140800000,2.571],[1472313600000,2.554],[1472400000000,2.544],[1472486400000,2.545],[1472572800000,2.522],[1472659200000,2.488],[1472745600000,2.47],[1472918400000,2.44],[1473004800000,2.431],[1473091200000,2.414],[1473177600000,2.417],[1473264000000,2.407],[1473350400000,2.408],[1473523200000,2.42],[1473609600000,2.42],[1473696000000,2.418],[1473782400000,2.417],[1474128000000,2.416],[1474214400000,2.422],[1474300800000,2.426],[1474387200000,2.437],[1474473600000,2.45],[1474560000000,2.467],[1474732800000,2.5],[1474819200000,2.475],[1474905600000,2.48],[1474992000000,2.478],[1475078400000,2.473],[1475164800000,2.491],[1475942400000,2.476],[1476028800000,2.481],[1476115200000,2.461],[1476201600000,2.46],[1476288000000,2.459],[1476374400000,2.458],[1476547200000,2.456],[1476633600000,2.448],[1476720000000,2.464],[1476806400000,2.466],[1476892800000,2.47],[1476979200000,2.453],[1477152000000,2.462],[1477238400000,2.454],[1477324800000,2.454],[1477411200000,2.459],[1477497600000,2.454],[1477584000000,2.455],[1477756800000,2.467],[1477843200000,2.458],[1477929600000,2.476],[1478016000000,2.488],[1478102400000,2.513],[1478188800000,2.467],[1478361600000,2.51],[1478448000000,2.468],[1478534400000,2.463],[1478620800000,2.46],[1478707200000,2.46],[1478793600000,2.53],[1478966400000,2.476],[1479052800000,2.456],[1479139200000,2.432],[1479225600000,2.355],[1479312000000,2.262],[1479398400000,2.257],[1479571200000,2.262],[1479657600000,2.352],[1479744000000,2.368],[1479830400000,2.432],[1479916800000,2.482],[1480003200000,2.49],[1480176000000,2.496],[1480262400000,2.474],[1480348800000,2.473],[1480435200000,2.462],[1480521600000,2.464],[1480608000000,2.545],[1480780800000,2.758],[1480867200000,2.782],[1480953600000,2.848],[1481040000000,2.791],[1481126400000,2.821],[1481212800000,2.781],[1481385600000,2.664],[1481472000000,2.698],[1481558400000,2.752],[1481644800000,2.938],[1481731200000,3.072],[1481817600000,3.188],[1481990400000,3.403],[1482076800000,3.622],[1482163200000,3.809],[1482249600000,4.019],[1482336000000,4.229],[1482422400000,4.242],[1482595200000,4.575],[1482681600000,4.494],[1482768000000,4.366],[1482854400000,4.263],[1482940800000,4.259],[1483027200000,4.588],[1483113600000,4.637],[1483286400000,4.884],[1483372800000,4.609],[1483459200000,4.492],[1483545600000,4.485],[1483632000000,4.251],[1483804800000,4.173],[1483891200000,4.104],[1483977600000,4.263],[1484064000000,4.253],[1484150400000,4.3],[1484236800000,4.361],[1484409600000,4.339],[1484496000000,4.348],[1484582400000,4.261],[1484668800000,4.392],[1484755200000,4.398],[1484841600000,4.427],[1485014400000,4.444],[1485100800000,4.438],[1485187200000,4.787],[1485273600000,4.872],[1485360000000,4.808],[1485964800000,4.685],[1486051200000,4.688],[1486224000000,4.691],[1486310400000,4.294],[1486396800000,4.292],[1486483200000,4.291],[1486569600000,4.289],[1486656000000,4.282],[1486828800000,4.265],[1486915200000,4.28],[1487001600000,4.277],[1487088000000,4.263],[1487174400000,4.258],[1487260800000,4.267],[1487433600000,4.286],[1487520000000,4.28],[1487606400000,4.28],[1487692800000,4.306],[1487779200000,4.257],[1487865600000,4.257],[1488038400000,4.257],[1488124800000,4.29],[1488211200000,4.036],[1488297600000,4.154],[1488384000000,4.155],[1488470400000,4.048],[1488643200000,3.833],[1488729600000,4.083],[1488816000000,4.233],[1488902400000,3.997],[1488988800000,3.941],[1489075200000,3.932],[1489248000000,3.917],[1489334400000,3.911],[1489420800000,3.909],[1489507200000,3.92],[1489593600000,3.92],[1489680000000,4.052],[1489852800000,4.072],[1489939200000,4.08],[1490025600000,4.107],[1490112000000,4.118],[1490198400000,4.137],[1490284800000,4.042],[1490457600000,4.098],[1490544000000,4.131],[1490630400000,4.152],[1490716800000,4.179],[1490803200000,4.015],[1490889600000,4.237],[1491235200000,5.111],[1491321600000,4.737],[1491408000000,4.866],[1491494400000,4.579],[1491667200000,4.501],[1491753600000,4.215],[1491840000000,4.148],[1491926400000,4.441],[1492012800000,5.175],[1492099200000,5.179],[1492272000000,5.1],[1492358400000,5.113],[1492444800000,5.098],[1492531200000,5.299],[1492617600000,4.592],[1492704000000,4.603],[1492876800000,4.601],[1492963200000,4.636],[1493049600000,4.669],[1493136000000,4.523],[1493222400000,4.496],[1493308800000,4.48],[1493568000000,4.658],[1493654400000,4.428],[1493740800000,4.372],[1493827200000,4.362],[1493913600000,4.362],[1494086400000,4.378],[1494172800000,4.167],[1494259200000,4.384],[1494345600000,4.389],[1494432000000,4.393],[1494518400000,4.487],[1494691200000,4.379],[1494777600000,4.382],[1494864000000,4.337],[1494950400000,4.402],[1495036800000,4.406],[1495123200000,4.311],[1495296000000,4.33],[1495382400000,4.496],[1495468800000,4.356],[1495555200000,4.284],[1495641600000,4.278],[1495728000000,4.464],[1496073600000,4.64],[1496160000000,4.68],[1496246400000,4.699],[1496332800000,4.715],[1496505600000,4.747],[1496592000000,4.765],[1496678400000,4.601],[1496764800000,4.662],[1496851200000,4.649],[1496937600000,4.613],[1497110400000,4.536],[1497196800000,4.55],[1497283200000,4.972],[1497369600000,5.111],[1497456000000,5.107],[1497542400000,4.943],[1497715200000,5.008],[1497801600000,4.799],[1497888000000,4.556],[1497974400000,4.48],[1498060800000,4.663],[1498147200000,4.805],[1498320000000,4.702],[1498406400000,4.831],[1498492800000,4.757],[1498579200000,4.807],[1498665600000,4.829],[1498752000000,4.751],[1498924800000,4.872],[1499011200000,4.753],[1499097600000,4.847],[1499184000000,4.756],[1499270400000,4.759],[1499356800000,4.758],[1499529600000,4.88],[1499616000000,4.85],[1499702400000,4.754],[1499788800000,4.748],[1499875200000,4.748],[1499961600000,4.74],[1500134400000,4.623],[1500220800000,4.892],[1500307200000,4.779],[1500393600000,4.754],[1500480000000,4.696],[1500566400000,4.696],[1500739200000,4.685],[1500825600000,4.628],[1500912000000,4.648],[1500998400000,4.653],[1501084800000,4.601],[1501171200000,4.549],[1501344000000,4.539],[1501430400000,4.529],[1501516800000,4.55],[1501603200000,4.554],[1501689600000,4.5],[1501776000000,4.548],[1501948800000,4.52],[1502035200000,4.507],[1502121600000,4.499],[1502208000000,4.501],[1502294400000,4.498],[1502380800000,4.478],[1502553600000,4.426],[1502640000000,4.4],[1502726400000,4.522],[1502812800000,4.45],[1502899200000,4.449],[1502985600000,4.448],[1503158400000,4.462],[1503244800000,4.433],[1503331200000,4.429],[1503417600000,4.431],[1503504000000,4.432],[1503590400000,4.43],[1503763200000,4.411],[1503849600000,4.444],[1503936000000,4.441],[1504022400000,4.448],[1504108800000,4.451],[1504195200000,4.45],[1504368000000,4.441],[1504454400000,4.434],[1504540800000,4.308],[1504627200000,4.41],[1504713600000,4.433],[1504800000000,4.455],[1504972800000,4.506],[1505059200000,4.437],[1505145600000,4.449],[1505232000000,4.457],[1505318400000,4.467],[1505404800000,4.529],[1505577600000,4.404],[1505664000000,4.459],[1505750400000,4.433],[1505836800000,4.389],[1505923200000,4.39],[1506009600000,4.383],[1506182400000,4.367],[1506268800000,4.321],[1506355200000,4.394],[1506441600000,4.405],[1506528000000,4.385],[1506614400000,4.41],[1507392000000,4.619],[1507478400000,4.5],[1507564800000,4.475],[1507651200000,4.446],[1507737600000,4.375],[1507824000000,4.315],[1507996800000,4.195],[1508083200000,4.306],[1508169600000,4.263],[1508256000000,4.225],[1508342400000,4.232],[1508428800000,4.232],[1508601600000,4.233],[1508688000000,4.177],[1508774400000,4.19],[1508860800000,4.202],[1508947200000,4.21],[1509033600000,4.218],[1509206400000,4.235],[1509292800000,4.375],[1509379200000,4.381],[1509465600000,4.4],[1509552000000,4.436],[1509638400000,4.348],[1509811200000,4.395],[1509897600000,4.286],[1509984000000,4.297],[1510070400000,4.376],[1510156800000,4.341],[1510243200000,4.42],[1510416000000,4.353],[1510502400000,4.319],[1510588800000,4.288],[1510675200000,4.189],[1510761600000,4.189],[1510848000000,4.19],[1511020800000,4.191],[1511107200000,4.198],[1511193600000,4.223],[1511280000000,4.229],[1511366400000,4.241],[1511452800000,4.323],[1511625600000,4.384],[1511712000000,4.455],[1511798400000,4.471],[1511884800000,4.491],[1511971200000,4.502],[1512057600000,4.468],[1512230400000,4.506],[1512316800000,4.473],[1512403200000,4.481],[1512489600000,4.506],[1512576000000,4.522],[1512662400000,4.511],[1512835200000,4.49],[1512921600000,4.5],[1513008000000,4.498],[1513094400000,4.495],[1513180800000,4.491],[1513267200000,4.49],[1513440000000,4.488],[1513526400000,4.479],[1513612800000,4.485],[1513699200000,4.468],[1513785600000,4.406],[1513872000000,4.44],[1514044800000,4.515],[1514131200000,4.551],[1514217600000,4.59],[1514304000000,4.507],[1514390400000,4.396],[1514476800000,4.371],[1514649600000,4.32],[1514736000000,4.29],[1514822400000,4.287],[1514908800000,4.421],[1514995200000,4.635],[1515081600000,4.679],[1515254400000,4.758],[1515340800000,4.786],[1515427200000,4.768],[1515513600000,4.742],[1515600000000,4.717],[1515686400000,4.684],[1515859200000,4.62],[1515945600000,4.597],[1516032000000,4.589],[1516118400000,4.586],[1516204800000,4.591],[1516291200000,4.601],[1516464000000,4.621],[1516550400000,4.635],[1516636800000,4.653],[1516723200000,4.684],[1516809600000,4.704],[1516896000000,4.708],[1517068800000,4.717],[1517155200000,4.717],[1517241600000,4.71],[1517328000000,4.684],[1517414400000,4.657],[1517500800000,4.642],[1517673600000,4.613],[1517760000000,4.603]];
/*资产配置*/
var Data_assetAllocationCurrency ={"categories":["12-31","09-30","06-30","03-31"],"series":[{"name":"股票","data":[null,null,null,null]},{"name":"债券","data":[40.06,40.03,47.6,88.95]},{"name":"现金","data":[55.06,36.95,45.84,15.0]}]};
/*累计收益率走势*/
var Data_grandTotal = [{"name":"易方达现金增利货币A","data":[[1501948800000,0],[1502035200000,0.01],[1502121600000,0.02],[1502208000000,0.04],[1502294400000,0.05],[1502380800000,0.06],[1502553600000,0.08],[1502640000000,0.10],[1502726400000,0.11],[1502812800000,0.12],[1502899200000,0.13],[1502985600000,0.14],[1503158400000,0.17],[1503244800000,0.18],[1503331200000,0.19],[1503417600000,0.20],[1503504000000,0.21],[1503590400000,0.22],[1503763200000,0.25],[1503849600000,0.26],[1503936000000,0.28],[1504022400000,0.29],[1504108800000,0.30],[1504195200000,0.31],[1504368000000,0.33],[1504454400000,0.35],[1504540800000,0.36],[1504627200000,0.37],[1504713600000,0.38],[1504800000000,0.39],[1504972800000,0.42],[1505059200000,0.43],[1505145600000,0.44],[1505232000000,0.45],[1505318400000,0.47],[1505404800000,0.48],[1505577600000,0.50],[1505664000000,0.51],[1505750400000,0.52],[1505836800000,0.54],[1505923200000,0.55],[1506009600000,0.56],[1506182400000,0.58],[1506268800000,0.60],[1506355200000,0.61],[1506441600000,0.62],[1506528000000,0.63],[1506614400000,0.64],[1507392000000,0.76],[1507478400000,0.77],[1507564800000,0.78],[1507651200000,0.79],[1507737600000,0.80],[1507824000000,0.81],[1507996800000,0.83],[1508083200000,0.85],[1508169600000,0.86],[1508256000000,0.87],[1508342400000,0.88],[1508428800000,0.89],[1508601600000,0.91],[1508688000000,0.93],[1508774400000,0.94],[1508860800000,0.95],[1508947200000,0.96],[1509033600000,0.97],[1509206400000,1.00],[1509292800000,1.01],[1509379200000,1.02],[1509465600000,1.03],[1509552000000,1.04],[1509638400000,1.05],[1509811200000,1.08],[1509897600000,1.09],[1509984000000,1.10],[1510070400000,1.12],[1510156800000,1.13],[1510243200000,1.14],[1510416000000,1.16],[1510502400000,1.17],[1510588800000,1.18],[1510675200000,1.19],[1510761600000,1.21],[1510848000000,1.22],[1511020800000,1.24],[1511107200000,1.25],[1511193600000,1.26],[1511280000000,1.28],[1511366400000,1.29],[1511452800000,1.30],[1511625600000,1.32],[1511712000000,1.34],[1511798400000,1.35],[1511884800000,1.36],[1511971200000,1.37],[1512057600000,1.39],[1512230400000,1.41],[1512316800000,1.42],[1512403200000,1.43],[1512489600000,1.45],[1512576000000,1.46],[1512662400000,1.47],[1512835200000,1.50],[1512921600000,1.51],[1513008000000,1.52],[1513094400000,1.53],[1513180800000,1.54],[1513267200000,1.56],[1513440000000,1.58],[1513526400000,1.59],[1513612800000,1.61],[1513699200000,1.62],[1513785600000,1.63],[1513872000000,1.64],[1514044800000,1.67],[1514131200000,1.68],[1514217600000,1.69],[1514304000000,1.70],[1514390400000,1.71],[1514476800000,1.72],[1514649600000,1.75],[1514736000000,1.76],[1514822400000,1.77],[1514908800000,1.79],[1514995200000,1.80],[1515081600000,1.81],[1515254400000,1.84],[1515340800000,1.85],[1515427200000,1.87],[1515513600000,1.88],[1515600000000,1.89],[1515686400000,1.90],[1515859200000,1.93],[1515945600000,1.94],[1516032000000,1.95],[1516118400000,1.97],[1516204800000,1.98],[1516291200000,1.99],[1516464000000,2.02],[1516550400000,2.03],[1516636800000,2.04],[1516723200000,2.06],[1516809600000,2.07],[1516896000000,2.08],[1517068800000,2.11],[1517155200000,2.12],[1517241600000,2.13],[1517328000000,2.14],[1517414400000,2.16],[1517500800000,2.17],[1517673600000,2.20],[1517760000000,2.21]]},{"name":"同类平均","data":[[1502035200000,0],[1502121600000,0.01],[1502208000000,0.02],[1502294400000,0.03],[1502380800000,0.04],[1502640000000,0.07],[1502726400000,0.08],[1502812800000,0.09],[1502899200000,0.10],[1502985600000,0.11],[1503244800000,0.14],[1503331200000,0.16],[1503417600000,0.17],[1503504000000,0.18],[1503590400000,0.19],[1503849600000,0.22],[1503936000000,0.23],[1504022400000,0.24],[1504108800000,0.25],[1504195200000,0.26],[1504454400000,0.29],[1504540800000,0.30],[1504627200000,0.31],[1504713600000,0.32],[1504800000000,0.34],[1505059200000,0.37],[1505145600000,0.38],[1505232000000,0.39],[1505318400000,0.40],[1505404800000,0.41],[1505664000000,0.44],[1505750400000,0.45],[1505836800000,0.46],[1505923200000,0.47],[1506009600000,0.48],[1506268800000,0.52],[1506355200000,0.53],[1506441600000,0.54],[1506528000000,0.55],[1506614400000,0.56],[1507478400000,0.67],[1507564800000,0.68],[1507651200000,0.69],[1507737600000,0.71],[1507824000000,0.72],[1508083200000,0.75],[1508169600000,0.76],[1508256000000,0.77],[1508342400000,0.78],[1508428800000,0.79],[1508688000000,0.82],[1508774400000,0.83],[1508860800000,0.84],[1508947200000,0.85],[1509033600000,0.86],[1509292800000,0.90],[1509379200000,0.91],[1509465600000,0.92],[1509552000000,0.93],[1509638400000,0.94],[1509897600000,0.97],[1509984000000,0.98],[1510070400000,0.99],[1510156800000,1.00],[1510243200000,1.01],[1510502400000,1.04],[1510588800000,1.06],[1510675200000,1.07],[1510761600000,1.08],[1510848000000,1.09],[1511107200000,1.12],[1511193600000,1.13],[1511280000000,1.14],[1511366400000,1.15],[1511452800000,1.16],[1511712000000,1.20],[1511798400000,1.21],[1511884800000,1.22],[1511971200000,1.23],[1512057600000,1.24],[1512316800000,1.28],[1512403200000,1.29],[1512489600000,1.30],[1512576000000,1.31],[1512662400000,1.32],[1512921600000,1.35],[1513008000000,1.36],[1513094400000,1.38],[1513180800000,1.39],[1513267200000,1.40],[1513526400000,1.43],[1513612800000,1.44],[1513699200000,1.46],[1513785600000,1.47],[1513872000000,1.48],[1514131200000,1.51],[1514217600000,1.53],[1514304000000,1.54],[1514390400000,1.55],[1514476800000,1.57],[1514822400000,1.62],[1514908800000,1.64],[1514995200000,1.65],[1515081600000,1.66],[1515340800000,1.69],[1515427200000,1.71],[1515513600000,1.72],[1515600000000,1.73],[1515686400000,1.74],[1515945600000,1.77],[1516032000000,1.79],[1516118400000,1.80],[1516204800000,1.81],[1516291200000,1.82],[1516550400000,1.86],[1516636800000,1.87],[1516723200000,1.88],[1516809600000,1.89],[1516896000000,1.90],[1517155200000,1.94],[1517241600000,1.95],[1517328000000,1.96],[1517414400000,1.97],[1517500800000,1.98],[1517760000000,2.02]]},{"name":"沪深300","data":[[1502035200000,0],[1502121600000,0.15],[1502208000000,0.11],[1502294400000,-0.29],[1502380800000,-2.13],[1502640000000,-0.86],[1502726400000,-0.56],[1502812800000,-0.68],[1502899200000,-0.15],[1502985600000,-0.06],[1503244800000,0.38],[1503331200000,0.68],[1503417600000,0.79],[1503504000000,0.21],[1503590400000,1.85],[1503849600000,3.11],[1503936000000,2.89],[1504022400000,2.88],[1504108800000,2.56],[1504195200000,2.78],[1504454400000,3.19],[1504540800000,3.50],[1504627200000,3.29],[1504713600000,2.77],[1504800000000,2.66],[1505059200000,2.65],[1505145600000,2.98],[1505232000000,3.11],[1505318400000,2.77],[1505404800000,2.80],[1505664000000,3.12],[1505750400000,2.83],[1505836800000,3.10],[1505923200000,2.98],[1506009600000,2.98],[1506268800000,2.44],[1506355200000,2.52],[1506441600000,2.53],[1506528000000,2.57],[1506614400000,2.94],[1507478400000,4.17],[1507564800000,4.38],[1507651200000,4.72],[1507737600000,5.00],[1507824000000,5.21],[1508083200000,5.01],[1508169600000,5.00],[1508256000000,5.83],[1508342400000,5.49],[1508428800000,5.37],[1508688000000,5.47],[1508774400000,6.24],[1508860800000,6.71],[1508947200000,7.16],[1509033600000,7.92],[1509292800000,7.59],[1509379200000,7.51],[1509465600000,7.24],[1509552000000,7.25],[1509638400000,7.13],[1509897600000,7.89],[1509984000000,8.79],[1510070400000,8.62],[1510156800000,9.37],[1510243200000,10.33],[1510502400000,10.77],[1510588800000,10.00],[1510675200000,9.31],[1510761600000,10.15],[1510848000000,10.57],[1511107200000,11.19],[1511193600000,13.17],[1511280000000,13.44],[1511366400000,10.08],[1511452800000,10.13],[1511712000000,8.67],[1511798400000,8.83],[1511884800000,8.77],[1511971200000,7.49],[1512057600000,7.28],[1512316800000,7.84],[1512403200000,8.41],[1512489600000,7.76],[1512576000000,6.55],[1512662400000,7.42],[1512921600000,9.20],[1513008000000,7.76],[1513094400000,8.67],[1513180800000,8.03],[1513267200000,6.82],[1513526400000,6.94],[1513612800000,8.28],[1513699200000,8.15],[1513785600000,9.15],[1513872000000,8.80],[1514131200000,8.45],[1514217600000,8.77],[1514304000000,7.09],[1514390400000,7.84],[1514476800000,8.16],[1514822400000,9.68],[1514908800000,10.32],[1514995200000,10.79],[1515081600000,11.05],[1515340800000,11.63],[1515427200000,12.41],[1515513600000,12.91],[1515600000000,12.85],[1515686400000,13.37],[1515945600000,13.37],[1516032000000,14.27],[1516118400000,13.99],[1516204800000,14.61],[1516291200000,14.99],[1516550400000,16.36],[1516636800000,17.60],[1516723200000,17.79],[1516809600000,17.13],[1516896000000,17.56],[1517155200000,15.43],[1517241600000,14.20],[1517328000000,14.73],[1517414400000,13.93],[1517500800000,14.61],[1517760000000,14.69]]}];
/*同类排名*/
var Data_rateInSimilarType = [{"x":1433952000000,"y":236,"sc":"319"},{"x":1434038400000,"y":238,"sc":"319"},{"x":1434297600000,"y":238,"sc":"319"},{"x":1434384000000,"y":238,"sc":"319"},{"x":1434470400000,"y":243,"sc":"319"},{"x":1434556800000,"y":244,"sc":"319"},{"x":1434643200000,"y":250,"sc":"321"},{"x":1434988800000,"y":260,"sc":"319"},{"x":1435075200000,"y":261,"sc":"320"},{"x":1435161600000,"y":262,"sc":"320"},{"x":1435248000000,"y":266,"sc":"322"},{"x":1435507200000,"y":273,"sc":"321"},{"x":1435593600000,"y":274,"sc":"321"},{"x":1435680000000,"y":276,"sc":"321"},{"x":1435766400000,"y":276,"sc":"321"},{"x":1435852800000,"y":278,"sc":"323"},{"x":1436112000000,"y":280,"sc":"323"},{"x":1436198400000,"y":281,"sc":"323"},{"x":1436284800000,"y":282,"sc":"323"},{"x":1436371200000,"y":282,"sc":"323"},{"x":1436457600000,"y":284,"sc":"323"},{"x":1436716800000,"y":284,"sc":"323"},{"x":1436803200000,"y":286,"sc":"325"},{"x":1436889600000,"y":287,"sc":"323"},{"x":1436976000000,"y":286,"sc":"325"},{"x":1437062400000,"y":286,"sc":"323"},{"x":1437321600000,"y":285,"sc":"323"},{"x":1437408000000,"y":285,"sc":"323"},{"x":1437494400000,"y":287,"sc":"323"},{"x":1437580800000,"y":288,"sc":"323"},{"x":1437667200000,"y":288,"sc":"326"},{"x":1437926400000,"y":275,"sc":"324"},{"x":1438012800000,"y":275,"sc":"324"},{"x":1438099200000,"y":275,"sc":"324"},{"x":1438185600000,"y":275,"sc":"325"},{"x":1438272000000,"y":275,"sc":"325"},{"x":1438531200000,"y":280,"sc":"325"},{"x":1438617600000,"y":276,"sc":"327"},{"x":1438704000000,"y":266,"sc":"325"},{"x":1438790400000,"y":266,"sc":"325"},{"x":1438876800000,"y":267,"sc":"328"},{"x":1439136000000,"y":275,"sc":"328"},{"x":1439222400000,"y":309,"sc":"328"},{"x":1439308800000,"y":309,"sc":"328"},{"x":1439395200000,"y":308,"sc":"328"},{"x":1439481600000,"y":307,"sc":"330"},{"x":1439740800000,"y":310,"sc":"330"},{"x":1439827200000,"y":309,"sc":"331"},{"x":1439913600000,"y":308,"sc":"331"},{"x":1440000000000,"y":308,"sc":"331"},{"x":1440086400000,"y":309,"sc":"331"},{"x":1440345600000,"y":308,"sc":"331"},{"x":1440432000000,"y":308,"sc":"331"},{"x":1440518400000,"y":310,"sc":"332"},{"x":1440604800000,"y":296,"sc":"332"},{"x":1440691200000,"y":295,"sc":"334"},{"x":1440950400000,"y":295,"sc":"332"},{"x":1441036800000,"y":295,"sc":"332"},{"x":1441123200000,"y":294,"sc":"332"},{"x":1441555200000,"y":284,"sc":"332"},{"x":1441641600000,"y":281,"sc":"332"},{"x":1441728000000,"y":282,"sc":"332"},{"x":1441814400000,"y":281,"sc":"331"},{"x":1441900800000,"y":281,"sc":"331"},{"x":1442160000000,"y":273,"sc":"332"},{"x":1442246400000,"y":272,"sc":"332"},{"x":1442332800000,"y":273,"sc":"332"},{"x":1442419200000,"y":267,"sc":"332"},{"x":1442505600000,"y":263,"sc":"332"},{"x":1442764800000,"y":263,"sc":"335"},{"x":1442851200000,"y":260,"sc":"335"},{"x":1442937600000,"y":259,"sc":"335"},{"x":1443024000000,"y":256,"sc":"335"},{"x":1443110400000,"y":257,"sc":"337"},{"x":1443369600000,"y":254,"sc":"342"},{"x":1443456000000,"y":247,"sc":"342"},{"x":1443542400000,"y":247,"sc":"342"},{"x":1444233600000,"y":218,"sc":"344"},{"x":1444320000000,"y":216,"sc":"344"},{"x":1444579200000,"y":216,"sc":"342"},{"x":1444665600000,"y":217,"sc":"340"},{"x":1444752000000,"y":208,"sc":"342"},{"x":1444838400000,"y":211,"sc":"341"},{"x":1444924800000,"y":209,"sc":"343"},{"x":1445184000000,"y":206,"sc":"342"},{"x":1445270400000,"y":208,"sc":"342"},{"x":1445356800000,"y":191,"sc":"344"},{"x":1445443200000,"y":191,"sc":"345"},{"x":1445529600000,"y":184,"sc":"345"},{"x":1445788800000,"y":130,"sc":"345"},{"x":1445875200000,"y":185,"sc":"345"},{"x":1445961600000,"y":184,"sc":"345"},{"x":1446048000000,"y":179,"sc":"345"},{"x":1446134400000,"y":174,"sc":"347"},{"x":1446393600000,"y":139,"sc":"345"},{"x":1446480000000,"y":137,"sc":"345"},{"x":1446566400000,"y":157,"sc":"345"},{"x":1446652800000,"y":205,"sc":"345"},{"x":1446739200000,"y":203,"sc":"345"},{"x":1446998400000,"y":198,"sc":"348"},{"x":1447084800000,"y":193,"sc":"350"},{"x":1447171200000,"y":188,"sc":"348"},{"x":1447257600000,"y":181,"sc":"348"},{"x":1447344000000,"y":178,"sc":"350"},{"x":1447603200000,"y":167,"sc":"350"},{"x":1447689600000,"y":150,"sc":"350"},{"x":1447776000000,"y":145,"sc":"350"},{"x":1447862400000,"y":144,"sc":"352"},{"x":1447948800000,"y":139,"sc":"350"},{"x":1448208000000,"y":130,"sc":"353"},{"x":1448294400000,"y":114,"sc":"353"},{"x":1448380800000,"y":113,"sc":"351"},{"x":1448467200000,"y":109,"sc":"351"},{"x":1448553600000,"y":191,"sc":"353"},{"x":1448812800000,"y":182,"sc":"353"},{"x":1448899200000,"y":182,"sc":"353"},{"x":1448985600000,"y":182,"sc":"351"},{"x":1449072000000,"y":182,"sc":"351"},{"x":1449158400000,"y":184,"sc":"353"},{"x":1449417600000,"y":182,"sc":"353"},{"x":1449504000000,"y":171,"sc":"353"},{"x":1449590400000,"y":173,"sc":"353"},{"x":1449676800000,"y":171,"sc":"353"},{"x":1449763200000,"y":167,"sc":"353"},{"x":1450022400000,"y":186,"sc":"352"},{"x":1450108800000,"y":179,"sc":"352"},{"x":1450195200000,"y":179,"sc":"352"},{"x":1450281600000,"y":175,"sc":"352"},{"x":1450368000000,"y":174,"sc":"351"},{"x":1450627200000,"y":170,"sc":"351"},{"x":1450713600000,"y":171,"sc":"351"},{"x":1450800000000,"y":168,"sc":"351"},{"x":1450886400000,"y":167,"sc":"351"},{"x":1450972800000,"y":166,"sc":"352"},{"x":1451232000000,"y":162,"sc":"354"},{"x":1451318400000,"y":164,"sc":"354"},{"x":1451404800000,"y":165,"sc":"356"},{"x":1451491200000,"y":164,"sc":"356"},{"x":1451836800000,"y":155,"sc":"356"},{"x":1451923200000,"y":158,"sc":"356"},{"x":1452009600000,"y":156,"sc":"356"},{"x":1452096000000,"y":161,"sc":"356"},{"x":1452182400000,"y":180,"sc":"356"},{"x":1452441600000,"y":177,"sc":"356"},{"x":1452528000000,"y":111,"sc":"356"},{"x":1452614400000,"y":107,"sc":"356"},{"x":1452700800000,"y":106,"sc":"356"},{"x":1452787200000,"y":99,"sc":"356"},{"x":1453046400000,"y":95,"sc":"356"},{"x":1453132800000,"y":92,"sc":"356"},{"x":1453219200000,"y":89,"sc":"356"},{"x":1453305600000,"y":104,"sc":"357"},{"x":1453392000000,"y":103,"sc":"358"},{"x":1453651200000,"y":60,"sc":"360"},{"x":1453737600000,"y":111,"sc":"360"},{"x":1453824000000,"y":137,"sc":"360"},{"x":1453910400000,"y":117,"sc":"360"},{"x":1453996800000,"y":112,"sc":"360"},{"x":1454256000000,"y":115,"sc":"360"},{"x":1454342400000,"y":125,"sc":"360"},{"x":1454428800000,"y":113,"sc":"360"},{"x":1454515200000,"y":113,"sc":"365"},{"x":1454601600000,"y":112,"sc":"366"},{"x":1455465600000,"y":98,"sc":"369"},{"x":1455552000000,"y":100,"sc":"369"},{"x":1455638400000,"y":117,"sc":"369"},{"x":1455724800000,"y":116,"sc":"369"},{"x":1455811200000,"y":116,"sc":"369"},{"x":1456070400000,"y":118,"sc":"369"},{"x":1456156800000,"y":110,"sc":"370"},{"x":1456243200000,"y":8,"sc":"373"},{"x":1456329600000,"y":4,"sc":"373"},{"x":1456416000000,"y":4,"sc":"375"},{"x":1456675200000,"y":4,"sc":"375"},{"x":1456761600000,"y":4,"sc":"376"},{"x":1456848000000,"y":4,"sc":"376"},{"x":1456934400000,"y":4,"sc":"376"},{"x":1457020800000,"y":4,"sc":"376"},{"x":1457280000000,"y":4,"sc":"376"},{"x":1457366400000,"y":4,"sc":"380"},{"x":1457452800000,"y":4,"sc":"380"},{"x":1457539200000,"y":4,"sc":"380"},{"x":1457625600000,"y":2,"sc":"381"},{"x":1457884800000,"y":3,"sc":"381"},{"x":1457971200000,"y":3,"sc":"380"},{"x":1458057600000,"y":3,"sc":"382"},{"x":1458144000000,"y":3,"sc":"383"},{"x":1458230400000,"y":3,"sc":"383"},{"x":1458489600000,"y":3,"sc":"383"},{"x":1458576000000,"y":3,"sc":"385"},{"x":1458662400000,"y":3,"sc":"385"},{"x":1458748800000,"y":3,"sc":"385"},{"x":1458835200000,"y":3,"sc":"391"},{"x":1459094400000,"y":3,"sc":"391"},{"x":1459180800000,"y":3,"sc":"391"},{"x":1459267200000,"y":3,"sc":"391"},{"x":1459353600000,"y":3,"sc":"392"},{"x":1459440000000,"y":3,"sc":"392"},{"x":1459785600000,"y":3,"sc":"392"},{"x":1459872000000,"y":3,"sc":"392"},{"x":1459958400000,"y":3,"sc":"392"},{"x":1460044800000,"y":3,"sc":"392"},{"x":1460304000000,"y":3,"sc":"394"},{"x":1460390400000,"y":4,"sc":"394"},{"x":1460476800000,"y":4,"sc":"394"},{"x":1460563200000,"y":4,"sc":"394"},{"x":1460649600000,"y":4,"sc":"394"},{"x":1460908800000,"y":3,"sc":"394"},{"x":1460995200000,"y":3,"sc":"394"},{"x":1461081600000,"y":3,"sc":"394"},{"x":1461168000000,"y":4,"sc":"394"},{"x":1461254400000,"y":4,"sc":"394"},{"x":1461513600000,"y":4,"sc":"394"},{"x":1461600000000,"y":4,"sc":"394"},{"x":1461686400000,"y":4,"sc":"394"},{"x":1461772800000,"y":4,"sc":"394"},{"x":1461859200000,"y":4,"sc":"394"},{"x":1462204800000,"y":4,"sc":"394"},{"x":1462291200000,"y":4,"sc":"394"},{"x":1462377600000,"y":4,"sc":"400"},{"x":1462464000000,"y":4,"sc":"400"},{"x":1462723200000,"y":3,"sc":"400"},{"x":1462809600000,"y":3,"sc":"400"},{"x":1462896000000,"y":3,"sc":"400"},{"x":1462982400000,"y":4,"sc":"400"},{"x":1463068800000,"y":6,"sc":"400"},{"x":1463328000000,"y":5,"sc":"400"},{"x":1463414400000,"y":5,"sc":"400"},{"x":1463500800000,"y":7,"sc":"400"},{"x":1463587200000,"y":7,"sc":"400"},{"x":1463673600000,"y":6,"sc":"400"},{"x":1463932800000,"y":7,"sc":"400"},{"x":1464019200000,"y":93,"sc":"400"},{"x":1464105600000,"y":285,"sc":"400"},{"x":1464192000000,"y":283,"sc":"400"},{"x":1464278400000,"y":276,"sc":"400"},{"x":1464537600000,"y":278,"sc":"400"},{"x":1464624000000,"y":275,"sc":"400"},{"x":1464710400000,"y":277,"sc":"400"},{"x":1464796800000,"y":277,"sc":"400"},{"x":1464883200000,"y":276,"sc":"400"},{"x":1465142400000,"y":269,"sc":"402"},{"x":1465228800000,"y":262,"sc":"402"},{"x":1465315200000,"y":260,"sc":"402"},{"x":1465747200000,"y":252,"sc":"402"},{"x":1465833600000,"y":248,"sc":"402"},{"x":1465920000000,"y":245,"sc":"403"},{"x":1466006400000,"y":242,"sc":"403"},{"x":1466092800000,"y":242,"sc":"403"},{"x":1466352000000,"y":241,"sc":"403"},{"x":1466438400000,"y":238,"sc":"404"},{"x":1466524800000,"y":231,"sc":"404"},{"x":1466611200000,"y":230,"sc":"404"},{"x":1466697600000,"y":227,"sc":"404"},{"x":1466956800000,"y":228,"sc":"404"},{"x":1467043200000,"y":222,"sc":"404"},{"x":1467129600000,"y":218,"sc":"404"},{"x":1467216000000,"y":218,"sc":"404"},{"x":1467302400000,"y":216,"sc":"404"},{"x":1467561600000,"y":218,"sc":"404"},{"x":1467648000000,"y":215,"sc":"404"},{"x":1467734400000,"y":212,"sc":"404"},{"x":1467820800000,"y":210,"sc":"404"},{"x":1467907200000,"y":209,"sc":"404"},{"x":1468166400000,"y":206,"sc":"404"},{"x":1468252800000,"y":211,"sc":"404"},{"x":1468339200000,"y":212,"sc":"404"},{"x":1468425600000,"y":213,"sc":"404"},{"x":1468512000000,"y":210,"sc":"404"},{"x":1468771200000,"y":205,"sc":"404"},{"x":1468857600000,"y":211,"sc":"404"},{"x":1468944000000,"y":210,"sc":"405"},{"x":1469030400000,"y":209,"sc":"405"},{"x":1469116800000,"y":207,"sc":"405"},{"x":1469376000000,"y":204,"sc":"405"},{"x":1469462400000,"y":203,"sc":"405"},{"x":1469548800000,"y":202,"sc":"405"},{"x":1469635200000,"y":204,"sc":"407"},{"x":1469721600000,"y":202,"sc":"407"},{"x":1469980800000,"y":192,"sc":"407"},{"x":1470067200000,"y":201,"sc":"407"},{"x":1470153600000,"y":199,"sc":"407"},{"x":1470240000000,"y":204,"sc":"409"},{"x":1470326400000,"y":205,"sc":"409"},{"x":1470585600000,"y":205,"sc":"412"},{"x":1470672000000,"y":204,"sc":"413"},{"x":1470758400000,"y":202,"sc":"413"},{"x":1470844800000,"y":200,"sc":"413"},{"x":1470931200000,"y":197,"sc":"413"},{"x":1471190400000,"y":197,"sc":"413"},{"x":1471276800000,"y":197,"sc":"413"},{"x":1471363200000,"y":197,"sc":"414"},{"x":1471449600000,"y":195,"sc":"415"},{"x":1471536000000,"y":196,"sc":"415"},{"x":1471795200000,"y":199,"sc":"416"},{"x":1471881600000,"y":192,"sc":"416"},{"x":1471968000000,"y":192,"sc":"416"},{"x":1472054400000,"y":192,"sc":"416"},{"x":1472140800000,"y":186,"sc":"416"},{"x":1472400000000,"y":188,"sc":"416"},{"x":1472486400000,"y":183,"sc":"416"},{"x":1472572800000,"y":190,"sc":"416"},{"x":1472659200000,"y":188,"sc":"416"},{"x":1472745600000,"y":190,"sc":"417"},{"x":1473004800000,"y":197,"sc":"421"},{"x":1473091200000,"y":193,"sc":"421"},{"x":1473177600000,"y":195,"sc":"421"},{"x":1473264000000,"y":196,"sc":"423"},{"x":1473350400000,"y":194,"sc":"424"},{"x":1473609600000,"y":216,"sc":"424"},{"x":1473696000000,"y":205,"sc":"424"},{"x":1473782400000,"y":215,"sc":"424"},{"x":1474214400000,"y":220,"sc":"424"},{"x":1474300800000,"y":214,"sc":"424"},{"x":1474387200000,"y":216,"sc":"424"},{"x":1474473600000,"y":223,"sc":"427"},{"x":1474560000000,"y":219,"sc":"427"},{"x":1474819200000,"y":233,"sc":"430"},{"x":1474905600000,"y":227,"sc":"430"},{"x":1474992000000,"y":225,"sc":"430"},{"x":1475078400000,"y":228,"sc":"432"},{"x":1475164800000,"y":227,"sc":"432"},{"x":1476028800000,"y":230,"sc":"434"},{"x":1476115200000,"y":232,"sc":"434"},{"x":1476201600000,"y":228,"sc":"435"},{"x":1476288000000,"y":233,"sc":"437"},{"x":1476374400000,"y":234,"sc":"435"},{"x":1476633600000,"y":243,"sc":"436"},{"x":1476720000000,"y":240,"sc":"438"},{"x":1476806400000,"y":234,"sc":"437"},{"x":1476892800000,"y":236,"sc":"437"},{"x":1476979200000,"y":240,"sc":"437"},{"x":1477238400000,"y":244,"sc":"440"},{"x":1477324800000,"y":237,"sc":"440"},{"x":1477411200000,"y":241,"sc":"441"},{"x":1477497600000,"y":240,"sc":"441"},{"x":1477584000000,"y":244,"sc":"445"},{"x":1477843200000,"y":252,"sc":"447"},{"x":1477929600000,"y":247,"sc":"447"},{"x":1478016000000,"y":249,"sc":"447"},{"x":1478102400000,"y":248,"sc":"447"},{"x":1478188800000,"y":253,"sc":"448"},{"x":1478448000000,"y":258,"sc":"450"},{"x":1478534400000,"y":258,"sc":"450"},{"x":1478620800000,"y":257,"sc":"450"},{"x":1478707200000,"y":258,"sc":"450"},{"x":1478793600000,"y":259,"sc":"450"},{"x":1479052800000,"y":268,"sc":"450"},{"x":1479139200000,"y":266,"sc":"450"},{"x":1479225600000,"y":267,"sc":"450"},{"x":1479312000000,"y":269,"sc":"450"},{"x":1479398400000,"y":266,"sc":"450"},{"x":1479657600000,"y":269,"sc":"451"},{"x":1479744000000,"y":269,"sc":"451"},{"x":1479830400000,"y":270,"sc":"451"},{"x":1479916800000,"y":274,"sc":"451"},{"x":1480003200000,"y":276,"sc":"451"},{"x":1480262400000,"y":279,"sc":"451"},{"x":1480348800000,"y":280,"sc":"452"},{"x":1480435200000,"y":283,"sc":"452"},{"x":1480521600000,"y":281,"sc":"452"},{"x":1480608000000,"y":276,"sc":"455"},{"x":1480867200000,"y":265,"sc":"455"},{"x":1480953600000,"y":261,"sc":"455"},{"x":1481040000000,"y":268,"sc":"455"},{"x":1481126400000,"y":265,"sc":"455"},{"x":1481212800000,"y":260,"sc":"456"},{"x":1481472000000,"y":255,"sc":"457"},{"x":1481558400000,"y":254,"sc":"458"},{"x":1481644800000,"y":251,"sc":"458"},{"x":1481731200000,"y":232,"sc":"458"},{"x":1481817600000,"y":213,"sc":"458"},{"x":1482076800000,"y":198,"sc":"458"},{"x":1482163200000,"y":180,"sc":"458"},{"x":1482249600000,"y":161,"sc":"458"},{"x":1482336000000,"y":145,"sc":"459"},{"x":1482422400000,"y":137,"sc":"463"},{"x":1482681600000,"y":117,"sc":"464"},{"x":1482768000000,"y":119,"sc":"464"},{"x":1482854400000,"y":115,"sc":"466"},{"x":1482940800000,"y":106,"sc":"466"},{"x":1483027200000,"y":89,"sc":"469"},{"x":1483372800000,"y":77,"sc":"469"},{"x":1483459200000,"y":76,"sc":"468"},{"x":1483545600000,"y":67,"sc":"469"},{"x":1483632000000,"y":62,"sc":"469"},{"x":1483891200000,"y":59,"sc":"469"},{"x":1483977600000,"y":59,"sc":"469"},{"x":1484064000000,"y":62,"sc":"469"},{"x":1484150400000,"y":57,"sc":"469"},{"x":1484236800000,"y":45,"sc":"469"},{"x":1484496000000,"y":34,"sc":"472"},{"x":1484582400000,"y":39,"sc":"474"},{"x":1484668800000,"y":38,"sc":"476"},{"x":1484755200000,"y":33,"sc":"476"},{"x":1484841600000,"y":31,"sc":"476"},{"x":1485100800000,"y":25,"sc":"481"},{"x":1485187200000,"y":23,"sc":"482"},{"x":1485273600000,"y":24,"sc":"484"},{"x":1485360000000,"y":22,"sc":"485"},{"x":1486051200000,"y":13,"sc":"489"},{"x":1486310400000,"y":13,"sc":"491"},{"x":1486396800000,"y":12,"sc":"491"},{"x":1486483200000,"y":11,"sc":"491"},{"x":1486569600000,"y":11,"sc":"491"},{"x":1486656000000,"y":11,"sc":"494"},{"x":1486915200000,"y":12,"sc":"496"},{"x":1487001600000,"y":11,"sc":"496"},{"x":1487088000000,"y":11,"sc":"496"},{"x":1487174400000,"y":11,"sc":"496"},{"x":1487260800000,"y":9,"sc":"496"},{"x":1487520000000,"y":9,"sc":"496"},{"x":1487606400000,"y":9,"sc":"496"},{"x":1487692800000,"y":8,"sc":"496"},{"x":1487779200000,"y":8,"sc":"498"},{"x":1487865600000,"y":8,"sc":"500"},{"x":1488124800000,"y":9,"sc":"503"},{"x":1488211200000,"y":9,"sc":"503"},{"x":1488297600000,"y":9,"sc":"503"},{"x":1488384000000,"y":9,"sc":"511"},{"x":1488470400000,"y":9,"sc":"511"},{"x":1488729600000,"y":10,"sc":"513"},{"x":1488816000000,"y":10,"sc":"515"},{"x":1488902400000,"y":10,"sc":"516"},{"x":1488988800000,"y":10,"sc":"518"},{"x":1489075200000,"y":10,"sc":"518"},{"x":1489334400000,"y":10,"sc":"518"},{"x":1489420800000,"y":10,"sc":"518"},{"x":1489507200000,"y":10,"sc":"518"},{"x":1489593600000,"y":10,"sc":"520"},{"x":1489680000000,"y":10,"sc":"520"},{"x":1489939200000,"y":11,"sc":"522"},{"x":1490025600000,"y":11,"sc":"522"},{"x":1490112000000,"y":11,"sc":"524"},{"x":1490198400000,"y":13,"sc":"530"},{"x":1490284800000,"y":13,"sc":"530"},{"x":1490544000000,"y":13,"sc":"534"},{"x":1490630400000,"y":13,"sc":"535"},{"x":1490716800000,"y":11,"sc":"535"},{"x":1490803200000,"y":14,"sc":"538"},{"x":1490889600000,"y":12,"sc":"538"},{"x":1491321600000,"y":12,"sc":"538"},{"x":1491408000000,"y":11,"sc":"540"},{"x":1491494400000,"y":10,"sc":"540"},{"x":1491753600000,"y":11,"sc":"540"},{"x":1491840000000,"y":9,"sc":"540"},{"x":1491926400000,"y":10,"sc":"540"},{"x":1492012800000,"y":6,"sc":"541"},{"x":1492099200000,"y":5,"sc":"541"},{"x":1492358400000,"y":6,"sc":"543"},{"x":1492444800000,"y":5,"sc":"543"},{"x":1492531200000,"y":5,"sc":"543"},{"x":1492617600000,"y":5,"sc":"545"},{"x":1492704000000,"y":5,"sc":"545"},{"x":1492963200000,"y":5,"sc":"545"},{"x":1493049600000,"y":5,"sc":"547"},{"x":1493136000000,"y":5,"sc":"549"},{"x":1493222400000,"y":4,"sc":"549"},{"x":1493308800000,"y":4,"sc":"549"},{"x":1493654400000,"y":5,"sc":"549"},{"x":1493740800000,"y":7,"sc":"550"},{"x":1493827200000,"y":6,"sc":"550"},{"x":1493913600000,"y":9,"sc":"550"},{"x":1494172800000,"y":5,"sc":"550"},{"x":1494259200000,"y":5,"sc":"550"},{"x":1494345600000,"y":6,"sc":"550"},{"x":1494432000000,"y":6,"sc":"550"},{"x":1494518400000,"y":9,"sc":"550"},{"x":1494777600000,"y":6,"sc":"554"},{"x":1494864000000,"y":7,"sc":"556"},{"x":1494950400000,"y":7,"sc":"560"},{"x":1495036800000,"y":7,"sc":"560"},{"x":1495123200000,"y":12,"sc":"560"},{"x":1495382400000,"y":9,"sc":"560"},{"x":1495468800000,"y":9,"sc":"562"},{"x":1495555200000,"y":11,"sc":"564"},{"x":1495641600000,"y":9,"sc":"564"},{"x":1495728000000,"y":12,"sc":"564"},{"x":1496160000000,"y":6,"sc":"564"},{"x":1496246400000,"y":6,"sc":"564"},{"x":1496332800000,"y":6,"sc":"564"},{"x":1496592000000,"y":5,"sc":"566"},{"x":1496678400000,"y":5,"sc":"566"},{"x":1496764800000,"y":5,"sc":"566"},{"x":1496851200000,"y":5,"sc":"566"},{"x":1496937600000,"y":5,"sc":"566"},{"x":1497196800000,"y":4,"sc":"574"},{"x":1497283200000,"y":4,"sc":"574"},{"x":1497369600000,"y":4,"sc":"575"},{"x":1497456000000,"y":4,"sc":"575"},{"x":1497542400000,"y":4,"sc":"575"},{"x":1497801600000,"y":4,"sc":"577"},{"x":1497888000000,"y":5,"sc":"577"},{"x":1497974400000,"y":5,"sc":"575"},{"x":1498060800000,"y":5,"sc":"575"},{"x":1498147200000,"y":5,"sc":"576"},{"x":1498406400000,"y":5,"sc":"579"},{"x":1498492800000,"y":6,"sc":"579"},{"x":1498579200000,"y":5,"sc":"579"},{"x":1498665600000,"y":5,"sc":"579"},{"x":1498752000000,"y":5,"sc":"582"},{"x":1499011200000,"y":5,"sc":"582"},{"x":1499097600000,"y":5,"sc":"582"},{"x":1499184000000,"y":5,"sc":"583"},{"x":1499270400000,"y":4,"sc":"583"},{"x":1499356800000,"y":4,"sc":"583"},{"x":1499616000000,"y":3,"sc":"583"},{"x":1499702400000,"y":4,"sc":"583"},{"x":1499788800000,"y":4,"sc":"583"},{"x":1499875200000,"y":6,"sc":"583"},{"x":1499961600000,"y":6,"sc":"586"},{"x":1500220800000,"y":6,"sc":"586"},{"x":1500307200000,"y":6,"sc":"586"},{"x":1500393600000,"y":7,"sc":"589"},{"x":1500480000000,"y":7,"sc":"589"},{"x":1500566400000,"y":7,"sc":"593"},{"x":1500825600000,"y":6,"sc":"593"},{"x":1500912000000,"y":8,"sc":"593"},{"x":1500998400000,"y":8,"sc":"594"},{"x":1501084800000,"y":8,"sc":"594"},{"x":1501171200000,"y":7,"sc":"594"},{"x":1501430400000,"y":6,"sc":"594"},{"x":1501516800000,"y":7,"sc":"594"},{"x":1501603200000,"y":7,"sc":"594"},{"x":1501689600000,"y":7,"sc":"594"},{"x":1501776000000,"y":7,"sc":"594"},{"x":1502035200000,"y":7,"sc":"596"},{"x":1502121600000,"y":7,"sc":"596"},{"x":1502208000000,"y":9,"sc":"596"},{"x":1502294400000,"y":9,"sc":"596"},{"x":1502380800000,"y":10,"sc":"596"},{"x":1502640000000,"y":11,"sc":"596"},{"x":1502726400000,"y":11,"sc":"596"},{"x":1502812800000,"y":11,"sc":"596"},{"x":1502899200000,"y":11,"sc":"596"},{"x":1502985600000,"y":11,"sc":"596"},{"x":1503244800000,"y":11,"sc":"597"},{"x":1503331200000,"y":11,"sc":"597"},{"x":1503417600000,"y":11,"sc":"597"},{"x":1503504000000,"y":11,"sc":"596"},{"x":1503590400000,"y":11,"sc":"596"},{"x":1503849600000,"y":10,"sc":"600"},{"x":1503936000000,"y":9,"sc":"600"},{"x":1504022400000,"y":15,"sc":"600"},{"x":1504108800000,"y":13,"sc":"601"},{"x":1504195200000,"y":15,"sc":"601"},{"x":1504454400000,"y":17,"sc":"601"},{"x":1504540800000,"y":21,"sc":"601"},{"x":1504627200000,"y":18,"sc":"601"},{"x":1504713600000,"y":19,"sc":"601"},{"x":1504800000000,"y":19,"sc":"601"},{"x":1505059200000,"y":19,"sc":"603"},{"x":1505145600000,"y":22,"sc":"603"},{"x":1505232000000,"y":28,"sc":"603"},{"x":1505318400000,"y":29,"sc":"605"},{"x":1505404800000,"y":28,"sc":"605"},{"x":1505664000000,"y":29,"sc":"606"},{"x":1505750400000,"y":28,"sc":"606"},{"x":1505836800000,"y":30,"sc":"603"},{"x":1505923200000,"y":30,"sc":"603"},{"x":1506009600000,"y":32,"sc":"603"},{"x":1506268800000,"y":34,"sc":"603"},{"x":1506355200000,"y":34,"sc":"603"},{"x":1506441600000,"y":34,"sc":"604"},{"x":1506528000000,"y":34,"sc":"604"},{"x":1506614400000,"y":34,"sc":"606"},{"x":1507478400000,"y":36,"sc":"606"},{"x":1507564800000,"y":36,"sc":"607"},{"x":1507651200000,"y":36,"sc":"607"},{"x":1507737600000,"y":37,"sc":"611"},{"x":1507824000000,"y":36,"sc":"611"},{"x":1508083200000,"y":38,"sc":"612"},{"x":1508169600000,"y":40,"sc":"612"},{"x":1508256000000,"y":40,"sc":"611"},{"x":1508342400000,"y":38,"sc":"611"},{"x":1508428800000,"y":38,"sc":"611"},{"x":1508688000000,"y":44,"sc":"606"},{"x":1508774400000,"y":46,"sc":"606"},{"x":1508860800000,"y":44,"sc":"607"},{"x":1508947200000,"y":43,"sc":"607"},{"x":1509033600000,"y":44,"sc":"607"},{"x":1509292800000,"y":45,"sc":"609"},{"x":1509379200000,"y":46,"sc":"610"},{"x":1509465600000,"y":46,"sc":"610"},{"x":1509552000000,"y":45,"sc":"613"},{"x":1509638400000,"y":46,"sc":"617"},{"x":1509897600000,"y":48,"sc":"621"},{"x":1509984000000,"y":48,"sc":"621"},{"x":1510070400000,"y":47,"sc":"621"},{"x":1510156800000,"y":50,"sc":"623"},{"x":1510243200000,"y":51,"sc":"623"},{"x":1510502400000,"y":51,"sc":"633"},{"x":1510588800000,"y":53,"sc":"635"},{"x":1510675200000,"y":56,"sc":"635"},{"x":1510761600000,"y":56,"sc":"635"},{"x":1510848000000,"y":54,"sc":"636"},{"x":1511107200000,"y":57,"sc":"636"},{"x":1511193600000,"y":59,"sc":"636"},{"x":1511280000000,"y":62,"sc":"636"},{"x":1511366400000,"y":59,"sc":"636"},{"x":1511452800000,"y":57,"sc":"637"},{"x":1511712000000,"y":57,"sc":"640"},{"x":1511798400000,"y":59,"sc":"640"},{"x":1511884800000,"y":61,"sc":"640"},{"x":1511971200000,"y":58,"sc":"641"},{"x":1512057600000,"y":57,"sc":"643"},{"x":1512316800000,"y":62,"sc":"643"},{"x":1512403200000,"y":60,"sc":"643"},{"x":1512489600000,"y":60,"sc":"643"},{"x":1512576000000,"y":61,"sc":"644"},{"x":1512662400000,"y":57,"sc":"652"},{"x":1512921600000,"y":65,"sc":"652"},{"x":1513008000000,"y":64,"sc":"653"},{"x":1513094400000,"y":66,"sc":"653"},{"x":1513180800000,"y":70,"sc":"654"},{"x":1513267200000,"y":70,"sc":"656"},{"x":1513526400000,"y":69,"sc":"656"},{"x":1513612800000,"y":68,"sc":"656"},{"x":1513699200000,"y":69,"sc":"656"},{"x":1513785600000,"y":74,"sc":"655"},{"x":1513872000000,"y":72,"sc":"655"},{"x":1514131200000,"y":73,"sc":"655"},{"x":1514217600000,"y":73,"sc":"655"},{"x":1514304000000,"y":81,"sc":"654"},{"x":1514390400000,"y":86,"sc":"655"},{"x":1514476800000,"y":93,"sc":"655"},{"x":1514822400000,"y":97,"sc":"655"},{"x":1514908800000,"y":90,"sc":"655"},{"x":1514995200000,"y":90,"sc":"655"},{"x":1515081600000,"y":85,"sc":"655"},{"x":1515340800000,"y":136,"sc":"655"},{"x":1515427200000,"y":128,"sc":"655"},{"x":1515513600000,"y":131,"sc":"656"},{"x":1515600000000,"y":130,"sc":"657"},{"x":1515686400000,"y":125,"sc":"657"},{"x":1515945600000,"y":126,"sc":"657"},{"x":1516032000000,"y":126,"sc":"657"},{"x":1516118400000,"y":122,"sc":"657"},{"x":1516204800000,"y":121,"sc":"657"},{"x":1516291200000,"y":117,"sc":"657"},{"x":1516550400000,"y":114,"sc":"657"},{"x":1516636800000,"y":112,"sc":"657"},{"x":1516723200000,"y":112,"sc":"657"},{"x":1516809600000,"y":110,"sc":"657"},{"x":1516896000000,"y":108,"sc":"655"},{"x":1517155200000,"y":108,"sc":"656"},{"x":1517241600000,"y":115,"sc":"656"},{"x":1517328000000,"y":118,"sc":"656"},{"x":1517414400000,"y":117,"sc":"656"},{"x":1517500800000,"y":117,"sc":"656"},{"x":1517760000000,"y":115,"sc":"656"}];
/*百分比排名*/
var Data_rateInSimilarPersent = [[1433952000000,26.0200],[1434038400000,25.3900],[1434297600000,25.3900],[1434384000000,25.3900],[1434470400000,23.8200],[1434556800000,23.5100],[1434643200000,22.1200],[1434988800000,18.5000],[1435075200000,18.4400],[1435161600000,18.1200],[1435248000000,17.3900],[1435507200000,14.9500],[1435593600000,14.6400],[1435680000000,14.0200],[1435766400000,14.0200],[1435852800000,13.9300],[1436112000000,13.3100],[1436198400000,13.00],[1436284800000,12.6900],[1436371200000,12.6900],[1436457600000,12.0700],[1436716800000,12.0700],[1436803200000,12.00],[1436889600000,11.1500],[1436976000000,12.00],[1437062400000,11.4600],[1437321600000,11.7600],[1437408000000,11.7600],[1437494400000,11.1500],[1437580800000,10.8400],[1437667200000,11.6600],[1437926400000,15.1200],[1438012800000,15.1200],[1438099200000,15.1200],[1438185600000,15.3800],[1438272000000,15.3800],[1438531200000,13.8500],[1438617600000,15.6000],[1438704000000,18.1500],[1438790400000,18.1500],[1438876800000,18.6000],[1439136000000,16.1600],[1439222400000,5.7900],[1439308800000,5.7900],[1439395200000,6.1000],[1439481600000,6.9700],[1439740800000,6.0600],[1439827200000,6.6500],[1439913600000,6.9500],[1440000000000,6.9500],[1440086400000,6.6500],[1440345600000,6.9500],[1440432000000,6.9500],[1440518400000,6.6300],[1440604800000,10.8400],[1440691200000,11.6800],[1440950400000,11.1400],[1441036800000,11.1400],[1441123200000,11.4500],[1441555200000,14.4600],[1441641600000,15.3600],[1441728000000,15.0600],[1441814400000,15.1100],[1441900800000,15.1100],[1442160000000,17.7700],[1442246400000,18.0700],[1442332800000,17.7700],[1442419200000,19.5800],[1442505600000,20.7800],[1442764800000,21.4900],[1442851200000,22.3900],[1442937600000,22.6900],[1443024000000,23.5800],[1443110400000,23.7400],[1443369600000,25.7300],[1443456000000,27.7800],[1443542400000,27.7800],[1444233600000,36.6300],[1444320000000,37.2100],[1444579200000,36.8400],[1444665600000,36.1800],[1444752000000,39.1800],[1444838400000,38.1200],[1444924800000,39.0700],[1445184000000,39.7700],[1445270400000,39.1800],[1445356800000,44.4800],[1445443200000,44.6400],[1445529600000,46.6700],[1445788800000,62.3200],[1445875200000,46.3800],[1445961600000,46.6700],[1446048000000,48.1200],[1446134400000,49.8600],[1446393600000,59.7100],[1446480000000,60.2900],[1446566400000,54.4900],[1446652800000,40.5800],[1446739200000,41.1600],[1446998400000,43.1000],[1447084800000,44.8600],[1447171200000,45.9800],[1447257600000,47.9900],[1447344000000,49.1400],[1447603200000,52.2900],[1447689600000,57.1400],[1447776000000,58.5700],[1447862400000,59.0900],[1447948800000,60.2900],[1448208000000,63.1700],[1448294400000,67.7100],[1448380800000,67.8100],[1448467200000,68.9500],[1448553600000,45.8900],[1448812800000,48.4400],[1448899200000,48.4400],[1448985600000,48.1500],[1449072000000,48.1500],[1449158400000,47.8800],[1449417600000,48.4400],[1449504000000,51.5600],[1449590400000,50.9900],[1449676800000,51.5600],[1449763200000,52.6900],[1450022400000,47.1600],[1450108800000,49.1500],[1450195200000,49.1500],[1450281600000,50.2800],[1450368000000,50.4300],[1450627200000,51.5700],[1450713600000,51.2800],[1450800000000,52.1400],[1450886400000,52.4200],[1450972800000,52.8400],[1451232000000,54.2400],[1451318400000,53.6700],[1451404800000,53.6500],[1451491200000,53.9300],[1451836800000,56.4600],[1451923200000,55.6200],[1452009600000,56.1800],[1452096000000,54.7800],[1452182400000,49.4400],[1452441600000,50.2800],[1452528000000,68.8200],[1452614400000,69.9400],[1452700800000,70.2200],[1452787200000,72.1900],[1453046400000,73.3100],[1453132800000,74.1600],[1453219200000,75.00],[1453305600000,70.8700],[1453392000000,71.2300],[1453651200000,83.3300],[1453737600000,69.1700],[1453824000000,61.9400],[1453910400000,67.5000],[1453996800000,68.8900],[1454256000000,68.0600],[1454342400000,65.2800],[1454428800000,68.6100],[1454515200000,69.0400],[1454601600000,69.4000],[1455465600000,73.4400],[1455552000000,72.9000],[1455638400000,68.2900],[1455724800000,68.5600],[1455811200000,68.5600],[1456070400000,68.0200],[1456156800000,70.2700],[1456243200000,97.8600],[1456329600000,98.9300],[1456416000000,98.9300],[1456675200000,98.9300],[1456761600000,98.9400],[1456848000000,98.9400],[1456934400000,98.9400],[1457020800000,98.9400],[1457280000000,98.9400],[1457366400000,98.9500],[1457452800000,98.9500],[1457539200000,98.9500],[1457625600000,99.4800],[1457884800000,99.2100],[1457971200000,99.2100],[1458057600000,99.2100],[1458144000000,99.2200],[1458230400000,99.2200],[1458489600000,99.2200],[1458576000000,99.2200],[1458662400000,99.2200],[1458748800000,99.2200],[1458835200000,99.2300],[1459094400000,99.2300],[1459180800000,99.2300],[1459267200000,99.2300],[1459353600000,99.2300],[1459440000000,99.2300],[1459785600000,99.2300],[1459872000000,99.2300],[1459958400000,99.2300],[1460044800000,99.2300],[1460304000000,99.2400],[1460390400000,98.9800],[1460476800000,98.9800],[1460563200000,98.9800],[1460649600000,98.9800],[1460908800000,99.2400],[1460995200000,99.2400],[1461081600000,99.2400],[1461168000000,98.9800],[1461254400000,98.9800],[1461513600000,98.9800],[1461600000000,98.9800],[1461686400000,98.9800],[1461772800000,98.9800],[1461859200000,98.9800],[1462204800000,98.9800],[1462291200000,98.9800],[1462377600000,99.00],[1462464000000,99.00],[1462723200000,99.2500],[1462809600000,99.2500],[1462896000000,99.2500],[1462982400000,99.00],[1463068800000,98.5000],[1463328000000,98.7500],[1463414400000,98.7500],[1463500800000,98.2500],[1463587200000,98.2500],[1463673600000,98.5000],[1463932800000,98.2500],[1464019200000,76.7500],[1464105600000,28.7500],[1464192000000,29.2500],[1464278400000,31.00],[1464537600000,30.5000],[1464624000000,31.2500],[1464710400000,30.7500],[1464796800000,30.7500],[1464883200000,31.00],[1465142400000,33.0800],[1465228800000,34.8300],[1465315200000,35.3200],[1465747200000,37.3100],[1465833600000,38.3100],[1465920000000,39.2100],[1466006400000,39.9500],[1466092800000,39.9500],[1466352000000,40.2000],[1466438400000,41.0900],[1466524800000,42.8200],[1466611200000,43.0700],[1466697600000,43.8100],[1466956800000,43.5600],[1467043200000,45.0500],[1467129600000,46.0400],[1467216000000,46.0400],[1467302400000,46.5300],[1467561600000,46.0400],[1467648000000,46.7800],[1467734400000,47.5200],[1467820800000,48.0200],[1467907200000,48.2700],[1468166400000,49.0100],[1468252800000,47.7700],[1468339200000,47.5200],[1468425600000,47.2800],[1468512000000,48.0200],[1468771200000,49.2600],[1468857600000,47.7700],[1468944000000,48.1500],[1469030400000,48.4000],[1469116800000,48.8900],[1469376000000,49.6300],[1469462400000,49.8800],[1469548800000,50.1200],[1469635200000,49.8800],[1469721600000,50.3700],[1469980800000,52.8300],[1470067200000,50.6100],[1470153600000,51.1100],[1470240000000,50.1200],[1470326400000,49.8800],[1470585600000,50.2400],[1470672000000,50.6100],[1470758400000,51.0900],[1470844800000,51.5700],[1470931200000,52.3000],[1471190400000,52.3000],[1471276800000,52.3000],[1471363200000,52.4200],[1471449600000,53.0100],[1471536000000,52.7700],[1471795200000,52.1600],[1471881600000,53.8500],[1471968000000,53.8500],[1472054400000,53.8500],[1472140800000,55.2900],[1472400000000,54.8100],[1472486400000,56.0100],[1472572800000,54.3300],[1472659200000,54.8100],[1472745600000,54.4400],[1473004800000,53.2100],[1473091200000,54.1600],[1473177600000,53.6800],[1473264000000,53.6600],[1473350400000,54.2500],[1473609600000,49.0600],[1473696000000,51.6500],[1473782400000,49.2900],[1474214400000,48.1100],[1474300800000,49.5300],[1474387200000,49.0600],[1474473600000,47.7800],[1474560000000,48.7100],[1474819200000,45.8100],[1474905600000,47.2100],[1474992000000,47.6700],[1475078400000,47.2200],[1475164800000,47.4500],[1476028800000,47.00],[1476115200000,46.5400],[1476201600000,47.5900],[1476288000000,46.6800],[1476374400000,46.2100],[1476633600000,44.2700],[1476720000000,45.2100],[1476806400000,46.4500],[1476892800000,46.00],[1476979200000,45.0800],[1477238400000,44.5500],[1477324800000,46.1400],[1477411200000,45.3500],[1477497600000,45.5800],[1477584000000,45.1700],[1477843200000,43.6200],[1477929600000,44.7400],[1478016000000,44.3000],[1478102400000,44.5200],[1478188800000,43.5300],[1478448000000,42.6700],[1478534400000,42.6700],[1478620800000,42.8900],[1478707200000,42.6700],[1478793600000,42.4400],[1479052800000,40.4400],[1479139200000,40.8900],[1479225600000,40.6700],[1479312000000,40.2200],[1479398400000,40.8900],[1479657600000,40.3500],[1479744000000,40.3500],[1479830400000,40.1300],[1479916800000,39.2500],[1480003200000,38.8000],[1480262400000,38.1400],[1480348800000,38.0500],[1480435200000,37.3900],[1480521600000,37.8300],[1480608000000,39.3400],[1480867200000,41.7600],[1480953600000,42.6400],[1481040000000,41.1000],[1481126400000,41.7600],[1481212800000,42.9800],[1481472000000,44.2000],[1481558400000,44.5400],[1481644800000,45.2000],[1481731200000,49.3400],[1481817600000,53.4900],[1482076800000,56.7700],[1482163200000,60.7000],[1482249600000,64.8500],[1482336000000,68.4100],[1482422400000,70.4100],[1482681600000,74.7800],[1482768000000,74.3500],[1482854400000,75.3200],[1482940800000,77.2500],[1483027200000,81.0200],[1483372800000,83.5800],[1483459200000,83.7600],[1483545600000,85.7100],[1483632000000,86.7800],[1483891200000,87.4200],[1483977600000,87.4200],[1484064000000,86.7800],[1484150400000,87.8500],[1484236800000,90.4100],[1484496000000,92.8000],[1484582400000,91.7700],[1484668800000,92.0200],[1484755200000,93.0700],[1484841600000,93.4900],[1485100800000,94.8000],[1485187200000,95.2300],[1485273600000,95.0400],[1485360000000,95.4600],[1486051200000,97.3400],[1486310400000,97.3500],[1486396800000,97.5600],[1486483200000,97.7600],[1486569600000,97.7600],[1486656000000,97.7700],[1486915200000,97.5800],[1487001600000,97.7800],[1487088000000,97.7800],[1487174400000,97.7800],[1487260800000,98.1900],[1487520000000,98.1900],[1487606400000,98.1900],[1487692800000,98.3900],[1487779200000,98.3900],[1487865600000,98.4000],[1488124800000,98.2100],[1488211200000,98.2100],[1488297600000,98.2100],[1488384000000,98.2400],[1488470400000,98.2400],[1488729600000,98.0500],[1488816000000,98.0600],[1488902400000,98.0600],[1488988800000,98.0700],[1489075200000,98.0700],[1489334400000,98.0700],[1489420800000,98.0700],[1489507200000,98.0700],[1489593600000,98.0800],[1489680000000,98.0800],[1489939200000,97.8900],[1490025600000,97.8900],[1490112000000,97.9000],[1490198400000,97.5500],[1490284800000,97.5500],[1490544000000,97.5700],[1490630400000,97.5700],[1490716800000,97.9400],[1490803200000,97.4000],[1490889600000,97.7700],[1491321600000,97.7700],[1491408000000,97.9600],[1491494400000,98.1500],[1491753600000,97.9600],[1491840000000,98.3300],[1491926400000,98.1500],[1492012800000,98.8900],[1492099200000,99.0800],[1492358400000,98.9000],[1492444800000,99.0800],[1492531200000,99.0800],[1492617600000,99.0800],[1492704000000,99.0800],[1492963200000,99.0800],[1493049600000,99.0900],[1493136000000,99.0900],[1493222400000,99.2700],[1493308800000,99.2700],[1493654400000,99.0900],[1493740800000,98.7300],[1493827200000,98.9100],[1493913600000,98.3600],[1494172800000,99.0900],[1494259200000,99.0900],[1494345600000,98.9100],[1494432000000,98.9100],[1494518400000,98.3600],[1494777600000,98.9200],[1494864000000,98.7400],[1494950400000,98.7500],[1495036800000,98.7500],[1495123200000,97.8600],[1495382400000,98.3900],[1495468800000,98.4000],[1495555200000,98.0500],[1495641600000,98.4000],[1495728000000,97.8700],[1496160000000,98.9400],[1496246400000,98.9400],[1496332800000,98.9400],[1496592000000,99.1200],[1496678400000,99.1200],[1496764800000,99.1200],[1496851200000,99.1200],[1496937600000,99.1200],[1497196800000,99.3000],[1497283200000,99.3000],[1497369600000,99.3000],[1497456000000,99.3000],[1497542400000,99.3000],[1497801600000,99.3100],[1497888000000,99.1300],[1497974400000,99.1300],[1498060800000,99.1300],[1498147200000,99.1300],[1498406400000,99.1400],[1498492800000,98.9600],[1498579200000,99.1400],[1498665600000,99.1400],[1498752000000,99.1400],[1499011200000,99.1400],[1499097600000,99.1400],[1499184000000,99.1400],[1499270400000,99.3100],[1499356800000,99.3100],[1499616000000,99.4900],[1499702400000,99.3100],[1499788800000,99.3100],[1499875200000,98.9700],[1499961600000,98.9800],[1500220800000,98.9800],[1500307200000,98.9800],[1500393600000,98.8100],[1500480000000,98.8100],[1500566400000,98.8200],[1500825600000,98.9900],[1500912000000,98.6500],[1500998400000,98.6500],[1501084800000,98.6500],[1501171200000,98.8200],[1501430400000,98.9900],[1501516800000,98.8200],[1501603200000,98.8200],[1501689600000,98.8200],[1501776000000,98.8200],[1502035200000,98.8300],[1502121600000,98.8300],[1502208000000,98.4900],[1502294400000,98.4900],[1502380800000,98.3200],[1502640000000,98.1500],[1502726400000,98.1500],[1502812800000,98.1500],[1502899200000,98.1500],[1502985600000,98.1500],[1503244800000,98.1600],[1503331200000,98.1600],[1503417600000,98.1600],[1503504000000,98.1500],[1503590400000,98.1500],[1503849600000,98.3300],[1503936000000,98.5000],[1504022400000,97.5000],[1504108800000,97.8400],[1504195200000,97.5000],[1504454400000,97.1700],[1504540800000,96.5100],[1504627200000,97.00],[1504713600000,96.8400],[1504800000000,96.8400],[1505059200000,96.8500],[1505145600000,96.3500],[1505232000000,95.3600],[1505318400000,95.2100],[1505404800000,95.3700],[1505664000000,95.2100],[1505750400000,95.3800],[1505836800000,95.0200],[1505923200000,95.0200],[1506009600000,94.6900],[1506268800000,94.3600],[1506355200000,94.3600],[1506441600000,94.3700],[1506528000000,94.3700],[1506614400000,94.3900],[1507478400000,94.0600],[1507564800000,94.0700],[1507651200000,94.0700],[1507737600000,93.9400],[1507824000000,94.1100],[1508083200000,93.7900],[1508169600000,93.4600],[1508256000000,93.4500],[1508342400000,93.7800],[1508428800000,93.7800],[1508688000000,92.7400],[1508774400000,92.4100],[1508860800000,92.7500],[1508947200000,92.9200],[1509033600000,92.7500],[1509292800000,92.6100],[1509379200000,92.4600],[1509465600000,92.4600],[1509552000000,92.6600],[1509638400000,92.5400],[1509897600000,92.2700],[1509984000000,92.2700],[1510070400000,92.4300],[1510156800000,91.9700],[1510243200000,91.8100],[1510502400000,91.9400],[1510588800000,91.6500],[1510675200000,91.1800],[1510761600000,91.1800],[1510848000000,91.5100],[1511107200000,91.0400],[1511193600000,90.7200],[1511280000000,90.2500],[1511366400000,90.7200],[1511452800000,91.0500],[1511712000000,91.0900],[1511798400000,90.7800],[1511884800000,90.4700],[1511971200000,90.9500],[1512057600000,91.1400],[1512316800000,90.3600],[1512403200000,90.6700],[1512489600000,90.6700],[1512576000000,90.5300],[1512662400000,91.2600],[1512921600000,90.0300],[1513008000000,90.2000],[1513094400000,89.8900],[1513180800000,89.3000],[1513267200000,89.3300],[1513526400000,89.4800],[1513612800000,89.6300],[1513699200000,89.4800],[1513785600000,88.7000],[1513872000000,89.0100],[1514131200000,88.8500],[1514217600000,88.8500],[1514304000000,87.6100],[1514390400000,86.8700],[1514476800000,85.8000],[1514822400000,85.1900],[1514908800000,86.2600],[1514995200000,86.2600],[1515081600000,87.0200],[1515340800000,79.2400],[1515427200000,80.4600],[1515513600000,80.0300],[1515600000000,80.2100],[1515686400000,80.9700],[1515945600000,80.8200],[1516032000000,80.8200],[1516118400000,81.4300],[1516204800000,81.5800],[1516291200000,82.1900],[1516550400000,82.6500],[1516636800000,82.9500],[1516723200000,82.9500],[1516809600000,83.2600],[1516896000000,83.5100],[1517155200000,83.5400],[1517241600000,82.4700],[1517328000000,82.0100],[1517414400000,82.1600],[1517500800000,82.1600],[1517760000000,82.4700]];
/*规模变动*/
var Data_fluctuationScale = {"categories":["2016-12-31","2017-03-31","2017-06-30","2017-09-30","2017-12-31"],"series":[{"y":0.94,"mom":"109.25%"},{"y":10.51,"mom":"1022.95%"},{"y":17.65,"mom":"67.91%"},{"y":9.82,"mom":"-44.34%"},{"y":6.76,"mom":"-31.17%"}]};;
/*持有人结构*/
var Data_holderStructure = {"series":[{"name":"机构持有比例","data":[0.0,0.0,0.0,0.0]},{"name":"个人持有比例","data":[100.0,100.0,100.0,100.0]},{"name":"内部持有比例","data":[0.01,0.0016,1.8561,1.9404]}],"categories":["2015-12-31","2016-06-30","2016-12-31","2017-06-30"]};
/*申购赎回*/
var Data_assetAllocation ={"series":[{"name":"期间申购","data":[15.93,27.44,7.27,4.41]},{"name":"期间赎回","data":[6.36,20.30,15.10,7.47]},{"name":"总份额","data":[10.51,17.65,9.82,6.76]}],"categories":["2017-03-31","2017-06-30","2017-09-30","2017-12-31"]};
/*现任基金经理*/
var Data_currentFundManager = [{"id":"30196303","pic":"https://pdf.dfcfw.com/pdf/H8_JPG30196303_1.jpg","name":"石大怿","star":5,"workTime":"5年又73天","fundSize":"3034.48亿(30只基金)","power":{"avr":"89.23","categories":["经验值","收益率","影响力","稳定性","管理规模"],"dsc":["反映基金经理从业年限和管理基金的经验","根据基金经理投资的阶段收益评分，反映\u003cbr\u003e基金经理投资的盈利能力","根据基金经理所管理基金的机构和个人投\u003cbr\u003e资者持有比例评分","反映基金经理投资收益的波动","根据基金经理现任管理基金资产规模评分"],"data":[84.20,96.80,76.50,80.20,96.20],"jzrq":"2018-02-05"},"profit":{"categories":["任期收益","同类平均"],"series":[{"data":[{"name":null,"color":"#7cb5ec","y":11.149},{"name":null,"color":"#414c7b","y":9.86}]}],"jzrq":"2018-02-05"}},{"id":"30297913","pic":"https://pdf.dfcfw.com/pdf/H8_GIF30297913_1.jpg","name":"梁莹","star":5,"workTime":"3年又136天","fundSize":"1035.41亿(21只基金)","power":{"avr":"80.84","categories":["经验值","收益率","影响力","稳定性","管理规模"],"dsc":["反映基金经理从业年限和管理基金的经验","根据基金经理投资的阶段收益评分，反映\u003cbr\u003e基金经理投资的盈利能力","根据基金经理所管理基金的机构和个人投\u003cbr\u003e资者持有比例评分","反映基金经理投资收益的波动","根据基金经理现任管理基金资产规模评分"],"data":[64.70,70.50,78.80,91.90,84.10],"jzrq":"2018-02-05"},"profit":{"categories":["任期收益","同类平均"],"series":[{"data":[{"name":null,"color":"#7cb5ec","y":9.5805},{"name":null,"color":"#414c7b","y":8.64}]}],"jzrq":"2018-02-05"}}] ;
/*同类型基金涨幅榜（页面底部通栏）*/
var swithSameType = [['001895_泰达宏利活期友货币B_5.5440','001233_嘉合货币B_5.4980','002895_华夏天利货币B_5.3660','000902_国开货币B_5.3470','001894_泰达宏利活期友货币A_5.3190'],['001895_泰达宏利活期友货币B_5.10','001233_嘉合货币B_5.09','004973_长城收益宝货币B_5.09','004904_人保货币B_5.03','002884_华润元大现金通货币B_5.01'],['004771_海富通添益货币B_5.31','004770_海富通添益货币A_5.08','004973_长城收益宝货币B_5.06','002884_华润元大现金通货币B_5.00','000872_北信瑞丰宜投宝B_4.92'],['004771_海富通添益货币B_5.75','004770_海富通添益货币A_5.52','002895_华夏天利货币B_5.15','004973_长城收益宝货币B_5.15','005151_红土创新优淳货币B_5.07'],['003679_中融现金增利货币C_4.67','003474_南方天天利货币B_4.54','003753_工银如意货币B_4.51','000837_国投瑞银钱多宝货币I_4.51','000836_国投瑞银钱多宝货币A_4.51']];