/**
 * 测试数据
 * @type {arry}
 */
/*2018-02-06 15:59:27*/
//基金或股票信息
var fS_name = "易方达财富快线货币Y ";
var fS_code = "000920";
var fund_minsg="";
var ishb=true;
/*原费率*/
var fund_sourceRate="0";
/*现费率*/
var fund_Rate="0";
/*最小申购金额*/
var fund_minsg="";
/*收益率*/
/*近一年收益率*/
var syl_1n="4.1217";
/*近6月收益率*/
var syl_6y="2.0903";
/*近三月收益率*/
var syl_3y="1.0617";
/*近一月收益率*/
var syl_1y="0.3707";
/* 基金收益走势图 每万份收益*/
var Data_millionCopiesIncome = [[1417708800000,1.2682],[1417881600000,1.7943],[1417968000000,0.9492],[1418054400000,1.0296],[1418140800000,1.3784],[1418227200000,1.279],[1418313600000,1.2207],[1418486400000,1.8113],[1418572800000,0.907],[1418659200000,1.0231],[1418745600000,1.3597],[1418832000000,1.2849],[1418918400000,1.2718],[1419091200000,1.9317],[1419177600000,1.0874],[1419264000000,1.0203],[1419350400000,1.7121],[1419436800000,1.2848],[1419523200000,1.2663],[1419696000000,2.1234],[1419782400000,1.0691],[1419868800000,1.9505],[1419955200000,1.0411],[1420300800000,4.1982],[1420387200000,1.0445],[1420473600000,1.9299],[1420560000000,1.022],[1420646400000,1.09],[1420732800000,1.0599],[1420905600000,2.1363],[1420992000000,1.1084],[1421078400000,1.9159],[1421164800000,1.0901],[1421251200000,1.0825],[1421337600000,1.984],[1421510400000,1.8916],[1421596800000,1.1636],[1421683200000,1.9036],[1421769600000,1.5181],[1421856000000,1.0031],[1421942400000,1.5069],[1422115200000,1.89],[1422201600000,1.0952],[1422288000000,1.4808],[1422374400000,1.1902],[1422460800000,1.2169],[1422547200000,1.1813],[1422720000000,1.856],[1422806400000,1.5355],[1422892800000,1.0172],[1422979200000,1.2046],[1423065600000,1.301],[1423152000000,1.2026],[1423324800000,1.9614],[1423411200000,1.4186],[1423497600000,1.3754],[1423584000000,1.8172],[1423670400000,1.0904],[1423756800000,0.9551],[1423929600000,1.9064],[1424016000000,1.3829],[1424102400000,0.9992],[1424707200000,7.0564],[1424793600000,1.5153],[1424880000000,1.5488],[1424966400000,1.3601],[1425139200000,1.9253],[1425225600000,1.3744],[1425312000000,1.0762],[1425398400000,1.4425],[1425484800000,1.7226],[1425571200000,1.2859],[1425744000000,2.0121],[1425830400000,1.2844],[1425916800000,1.1565],[1426003200000,1.4368],[1426089600000,1.7721],[1426176000000,1.1193],[1426348800000,2.2319],[1426435200000,1.0506],[1426521600000,1.4726],[1426608000000,1.1693],[1426694400000,1.7995],[1426780800000,1.1233],[1426953600000,2.2418],[1427040000000,1.1274],[1427126400000,1.3077],[1427212800000,1.1166],[1427299200000,1.8251],[1427385600000,1.1151],[1427558400000,2.2252],[1427644800000,1.3255],[1427731200000,1.1314],[1427817600000,1.1653],[1427904000000,1.4961],[1427990400000,1.1013],[1428249600000,3.2757],[1428336000000,1.0751],[1428422400000,1.3133],[1428508800000,1.6025],[1428595200000,1.2005],[1428768000000,2.0449],[1428854400000,1.0197],[1428940800000,1.0728],[1429027200000,1.0736],[1429113600000,1.6708],[1429200000000,2.0274],[1429372800000,2.0543],[1429459200000,1.2562],[1429545600000,1.2246],[1429632000000,1.0211],[1429718400000,1.3528],[1429804800000,1.7407],[1429977600000,2.0107],[1430064000000,1.0246],[1430150400000,1.0002],[1430236800000,3.216],[1430323200000,1.0351],[1430582400000,3.0986],[1430668800000,1.0464],[1430755200000,1.2754],[1430841600000,1.4551],[1430928000000,1.0266],[1431014400000,1.0082],[1431187200000,2.0037],[1431273600000,1.0128],[1431360000000,1.898],[1431446400000,1.0049],[1431532800000,0.9767],[1431619200000,0.951],[1431792000000,1.8995],[1431878400000,0.958],[1431964800000,2.1972],[1432051200000,0.969],[1432137600000,0.9768],[1432224000000,0.9586],[1432396800000,1.8669],[1432483200000,0.938],[1432569600000,1.9047],[1432656000000,0.9162],[1432742400000,1.6577],[1432828800000,0.9317],[1433001600000,1.867],[1433088000000,0.935],[1433174400000,1.3057],[1433260800000,0.9247],[1433347200000,1.6095],[1433433600000,0.9258],[1433606400000,1.8511],[1433692800000,0.902],[1433779200000,0.8806],[1433865600000,0.8546],[1433952000000,1.7496],[1434038400000,0.7746],[1434211200000,1.562],[1434297600000,1.4994],[1434384000000,1.5986],[1434470400000,0.7358],[1434556800000,0.8724],[1434643200000,0.8858],[1434902400000,2.405],[1434988800000,1.5023],[1435075200000,0.9555],[1435161600000,0.8922],[1435248000000,0.8941],[1435420800000,1.7838],[1435507200000,1.1893],[1435593600000,1.3421],[1435680000000,0.9037],[1435766400000,0.9703],[1435852800000,0.8828],[1436025600000,1.7586],[1436112000000,0.8797],[1436198400000,0.8923],[1436284800000,1.1978],[1436371200000,0.8937],[1436457600000,0.9003],[1436630400000,1.7989],[1436716800000,0.8789],[1436803200000,0.8638],[1436889600000,0.8728],[1436976000000,0.8797],[1437062400000,0.9037],[1437235200000,1.6365],[1437321600000,0.8109],[1437408000000,0.9631],[1437494400000,0.9326],[1437580800000,0.8086],[1437667200000,0.7685],[1437840000000,1.6236],[1437926400000,0.8525],[1438012800000,0.984],[1438099200000,1.4915],[1438185600000,0.8013],[1438272000000,0.8071],[1438444800000,1.6137],[1438531200000,0.8031],[1438617600000,0.9181],[1438704000000,1.433],[1438790400000,0.8062],[1438876800000,0.7922],[1439049600000,1.5833],[1439136000000,0.7919],[1439222400000,1.4688],[1439308800000,0.7892],[1439395200000,0.9241],[1439481600000,1.3321],[1439654400000,1.5502],[1439740800000,0.8046],[1439827200000,0.7599],[1439913600000,0.9602],[1440000000000,0.7622],[1440086400000,0.7477],[1440259200000,1.495],[1440345600000,0.7471],[1440432000000,0.737],[1440518400000,0.7511],[1440604800000,0.768],[1440691200000,0.7697],[1440864000000,1.5448],[1440950400000,0.7772],[1441036800000,0.7495],[1441123200000,0.7629],[1441468800000,3.0659],[1441555200000,0.7855],[1441641600000,0.7903],[1441728000000,0.7939],[1441814400000,0.7977],[1441900800000,1.1959],[1442073600000,1.6107],[1442160000000,2.2798],[1442246400000,0.9583],[1442332800000,0.7933],[1442419200000,0.8349],[1442505600000,1.0321],[1442678400000,1.5967],[1442764800000,1.3318],[1442851200000,0.8576],[1442937600000,0.8947],[1443024000000,1.0448],[1443110400000,0.7471],[1443283200000,1.5897],[1443369600000,0.812],[1443456000000,0.7448],[1443542400000,0.8946],[1444147200000,5.2613],[1444233600000,1.5017],[1444320000000,1.168],[1444492800000,2.2148],[1444579200000,0.7893],[1444665600000,1.1057],[1444752000000,0.79],[1444838400000,1.1239],[1444924800000,0.7674],[1445097600000,1.5145],[1445184000000,1.1747],[1445270400000,0.7668],[1445356800000,1.0744],[1445443200000,0.7708],[1445529600000,0.773],[1445702400000,1.533],[1445788800000,0.7755],[1445875200000,0.7512],[1445961600000,1.1467],[1446048000000,0.8625],[1446134400000,0.7429],[1446307200000,1.5501],[1446393600000,0.783],[1446480000000,1.2018],[1446566400000,0.7791],[1446652800000,0.7803],[1446739200000,0.9096],[1446912000000,1.5545],[1446998400000,0.9155],[1447084800000,1.0204],[1447171200000,1.2748],[1447257600000,0.7976],[1447344000000,1.3366],[1447516800000,1.5859],[1447603200000,0.7965],[1447689600000,0.7746],[1447776000000,0.7718],[1447862400000,0.7599],[1447948800000,1.0935],[1448121600000,1.5428],[1448208000000,1.3822],[1448294400000,1.9227],[1448380800000,0.7639],[1448467200000,0.7583],[1448553600000,0.7611],[1448726400000,1.5209],[1448812800000,0.7561],[1448899200000,0.7512],[1448985600000,0.7507],[1449072000000,0.7567],[1449158400000,0.7608],[1449331200000,1.5203],[1449417600000,0.7534],[1449504000000,0.7493],[1449590400000,0.7582],[1449676800000,0.9816],[1449763200000,0.7703],[1449936000000,1.5399],[1450022400000,1.3779],[1450108800000,0.7649],[1450195200000,0.7689],[1450281600000,1.0379],[1450368000000,0.7661],[1450540800000,1.4666],[1450627200000,1.0659],[1450713600000,0.7369],[1450800000000,0.8516],[1450886400000,0.7587],[1450972800000,0.7625],[1451145600000,1.5218],[1451232000000,0.7477],[1451318400000,0.7133],[1451404800000,0.6293],[1451491200000,0.6371],[1451750400000,2.1904],[1451836800000,0.6026],[1451923200000,0.7392],[1452009600000,1.5081],[1452096000000,0.7938],[1452182400000,0.7926],[1452355200000,1.587],[1452441600000,1.5468],[1452528000000,0.924],[1452614400000,0.8209],[1452700800000,0.7547],[1452787200000,0.7571],[1452960000000,1.5167],[1453046400000,0.7506],[1453132800000,0.9504],[1453219200000,1.83],[1453305600000,0.7668],[1453392000000,1.0483],[1453564800000,1.5755],[1453651200000,0.7975],[1453737600000,1.0637],[1453824000000,0.7998],[1453910400000,0.7957],[1453996800000,0.7983],[1454169600000,1.5969],[1454256000000,0.7937],[1454342400000,0.7707],[1454428800000,1.1357],[1454515200000,0.7513],[1454601600000,0.7436],[1455379200000,7.025],[1455465600000,0.7981],[1455552000000,0.7742],[1455638400000,0.799],[1455724800000,0.7975],[1455811200000,0.8008],[1455984000000,1.5826],[1456070400000,1.295],[1456156800000,0.9135],[1456243200000,1.2624],[1456329600000,0.7454],[1456416000000,0.7503],[1456588800000,1.4962],[1456675200000,1.0808],[1456761600000,0.7594],[1456848000000,0.7654],[1456934400000,0.6419],[1457020800000,0.5909],[1457193600000,1.5281],[1457280000000,0.7642],[1457366400000,0.7601],[1457452800000,0.7707],[1457539200000,0.7511],[1457625600000,0.7631],[1457798400000,1.528],[1457884800000,0.7706],[1457971200000,0.7726],[1458057600000,0.7604],[1458144000000,0.7672],[1458230400000,0.6881],[1458403200000,1.4828],[1458489600000,1.5569],[1458576000000,0.7449],[1458662400000,0.7628],[1458748800000,0.9661],[1458835200000,0.9641],[1459008000000,1.5504],[1459094400000,0.7843],[1459180800000,0.7767],[1459267200000,0.7638],[1459353600000,0.7296],[1459440000000,1.0942],[1459699200000,2.3385],[1459785600000,0.7658],[1459872000000,0.7663],[1459958400000,1.0176],[1460044800000,0.714],[1460217600000,1.4903],[1460304000000,0.7888],[1460390400000,0.7536],[1460476800000,0.754],[1460563200000,0.6965],[1460649600000,0.7456],[1460822400000,1.382],[1460908800000,1.0532],[1460995200000,0.7121],[1461081600000,0.7106],[1461168000000,0.7247],[1461254400000,0.9659],[1461427200000,1.4197],[1461513600000,0.9136],[1461600000000,0.7644],[1461686400000,0.7684],[1461772800000,0.7945],[1461859200000,0.671],[1462118400000,2.3763],[1462204800000,0.9536],[1462291200000,0.799],[1462377600000,0.7471],[1462464000000,0.8089],[1462636800000,1.6117],[1462723200000,0.7399],[1462809600000,0.7966],[1462896000000,0.6056],[1462982400000,0.7675],[1463068800000,0.7898],[1463241600000,1.5751],[1463328000000,0.7394],[1463414400000,0.7607],[1463500800000,0.6113],[1463587200000,0.8329],[1463673600000,1.1631],[1463846400000,1.5275],[1463932800000,0.5588],[1464019200000,1.0099],[1464105600000,0.5071],[1464192000000,0.7903],[1464278400000,0.7945],[1464451200000,1.4268],[1464537600000,0.7769],[1464624000000,0.7694],[1464710400000,0.7762],[1464796800000,0.7687],[1464883200000,0.7748],[1465056000000,1.5272],[1465142400000,0.6946],[1465228800000,0.7829],[1465315200000,0.7722],[1465660800000,3.0859],[1465747200000,0.7765],[1465833600000,0.6506],[1465920000000,0.7816],[1466006400000,0.7732],[1466092800000,0.8413],[1466265600000,1.5624],[1466352000000,0.7777],[1466438400000,0.7205],[1466524800000,0.7885],[1466611200000,0.7835],[1466697600000,0.7955],[1466870400000,1.4825],[1466956800000,0.7015],[1467043200000,0.8048],[1467129600000,0.8224],[1467216000000,0.8355],[1467302400000,0.8578],[1467475200000,1.678],[1467561600000,0.8325],[1467648000000,0.531],[1467734400000,0.8469],[1467820800000,0.8063],[1467907200000,0.8128],[1468080000000,1.6244],[1468166400000,0.8094],[1468252800000,0.8068],[1468339200000,0.5962],[1468425600000,0.8616],[1468512000000,0.8589],[1468684800000,1.7168],[1468771200000,0.6744],[1468857600000,0.8514],[1468944000000,0.5674],[1469030400000,0.8094],[1469116800000,0.8408],[1469289600000,1.6788],[1469376000000,0.6042],[1469462400000,0.8373],[1469548800000,0.8446],[1469635200000,0.845],[1469721600000,0.5856],[1469894400000,1.71],[1469980800000,0.6344],[1470067200000,0.9149],[1470153600000,0.8454],[1470240000000,0.8368],[1470326400000,0.5824],[1470499200000,1.6755],[1470585600000,0.526],[1470672000000,0.8379],[1470758400000,0.8368],[1470844800000,0.8341],[1470931200000,0.5769],[1471104000000,1.6809],[1471190400000,0.5846],[1471276800000,0.8499],[1471363200000,0.8472],[1471449600000,0.8461],[1471536000000,0.5508],[1471708800000,1.6792],[1471795200000,0.5521],[1471881600000,0.838],[1471968000000,0.8097],[1472054400000,0.8703],[1472140800000,0.5917],[1472313600000,1.7021],[1472400000000,0.8548],[1472486400000,0.5525],[1472572800000,0.8648],[1472659200000,0.852],[1472745600000,0.5272],[1472918400000,1.6932],[1473004800000,0.6347],[1473091200000,0.625],[1473177600000,0.8808],[1473264000000,0.8487],[1473350400000,0.5779],[1473523200000,1.6936],[1473609600000,0.5857],[1473696000000,0.5275],[1473782400000,0.8351],[1474128000000,3.3379],[1474214400000,0.5355],[1474300800000,0.63],[1474387200000,0.6251],[1474473600000,0.8229],[1474560000000,0.8356],[1474732800000,1.6702],[1474819200000,0.5708],[1474905600000,0.7761],[1474992000000,0.5961],[1475078400000,0.7035],[1475164800000,0.4601],[1475942400000,7.2833],[1476028800000,0.5401],[1476115200000,0.6246],[1476201600000,0.8189],[1476288000000,0.8185],[1476374400000,0.819],[1476547200000,1.6366],[1476633600000,0.8074],[1476720000000,0.56],[1476806400000,0.6634],[1476892800000,0.7873],[1476979200000,0.7824],[1477152000000,1.5628],[1477238400000,0.7866],[1477324800000,0.5482],[1477411200000,0.7984],[1477497600000,0.8113],[1477584000000,0.6096],[1477756800000,1.6325],[1477843200000,0.8464],[1477929600000,0.5806],[1478016000000,0.6531],[1478102400000,0.8205],[1478188800000,0.6003],[1478361600000,1.5936],[1478448000000,0.775],[1478534400000,0.5483],[1478620800000,0.6487],[1478707200000,0.7538],[1478793600000,0.7382],[1478966400000,1.4756],[1479052800000,0.7324],[1479139200000,0.6068],[1479225600000,0.6663],[1479312000000,0.7596],[1479398400000,0.7635],[1479571200000,1.4477],[1479657600000,0.7289],[1479744000000,0.587],[1479830400000,0.7473],[1479916800000,0.7556],[1480003200000,0.6976],[1480176000000,1.4848],[1480262400000,0.7414],[1480348800000,0.5575],[1480435200000,0.7761],[1480521600000,0.75],[1480608000000,0.6211],[1480780800000,1.5873],[1480867200000,0.7904],[1480953600000,0.551],[1481040000000,0.7538],[1481126400000,0.745],[1481212800000,0.7276],[1481385600000,1.4507],[1481472000000,0.7497],[1481558400000,0.7371],[1481644800000,0.8174],[1481731200000,0.9219],[1481817600000,0.9765],[1481990400000,1.9509],[1482076800000,1.0667],[1482163200000,0.8634],[1482249600000,0.8802],[1482336000000,1.0381],[1482422400000,0.9653],[1482595200000,2.3848],[1482681600000,1.0013],[1482768000000,1.0275],[1482854400000,0.9019],[1482940800000,0.8],[1483027200000,1.2789],[1483113600000,1.2781],[1483286400000,2.5576],[1483372800000,0.5309],[1483459200000,0.7034],[1483545600000,0.7065],[1483632000000,0.9247],[1483804800000,2.5045],[1483891200000,1.0058],[1483977600000,1.0883],[1484064000000,0.9068],[1484150400000,1.0884],[1484236800000,0.9028],[1484409600000,2.5232],[1484496000000,0.771],[1484582400000,1.1538],[1484668800000,1.2729],[1484755200000,1.1424],[1484841600000,1.1723],[1485014400000,2.3399],[1485100800000,1.2105],[1485187200000,0.8564],[1485273600000,1.1761],[1485360000000,0.5151],[1485964800000,7.6309],[1486051200000,1.1592],[1486224000000,2.3103],[1486310400000,0.8053],[1486396800000,0.8827],[1486483200000,1.1256],[1486569600000,1.1382],[1486656000000,1.1411],[1486828800000,2.2786],[1486915200000,0.8519],[1487001600000,0.8007],[1487088000000,1.1016],[1487174400000,1.1092],[1487260800000,1.1164],[1487433600000,2.2296],[1487520000000,0.8448],[1487606400000,0.881],[1487692800000,1.1157],[1487779200000,1.1312],[1487865600000,0.9054],[1488038400000,2.3656],[1488124800000,0.8717],[1488211200000,0.8013],[1488297600000,1.1603],[1488384000000,1.1616],[1488470400000,0.7001],[1488643200000,2.3372],[1488729600000,1.1724],[1488816000000,0.7264],[1488902400000,1.1636],[1488988800000,1.1677],[1489075200000,0.6642],[1489248000000,2.3131],[1489334400000,1.0826],[1489420800000,0.8667],[1489507200000,1.0777],[1489593600000,1.1407],[1489680000000,0.8593],[1489852800000,2.1848],[1489939200000,1.0835],[1490025600000,1.1024],[1490112000000,1.1196],[1490198400000,1.1393],[1490284800000,0.8948],[1490457600000,2.2986],[1490544000000,0.9812],[1490630400000,1.189],[1490716800000,1.0299],[1490803200000,0.7756],[1490889600000,1.2155],[1491235200000,4.8601],[1491321600000,0.688],[1491408000000,0.7634],[1491494400000,1.2329],[1491667200000,2.354],[1491753600000,1.149],[1491840000000,1.1975],[1491926400000,0.879],[1492012800000,0.8011],[1492099200000,1.1745],[1492272000000,2.3462],[1492358400000,1.1604],[1492444800000,1.1271],[1492531200000,0.8839],[1492617600000,0.828],[1492704000000,1.1314],[1492876800000,2.2582],[1492963200000,1.1372],[1493049600000,1.2153],[1493136000000,0.9563],[1493222400000,0.8344],[1493308800000,1.1798],[1493568000000,3.5343],[1493654400000,1.1828],[1493740800000,1.1475],[1493827200000,0.752],[1493913600000,0.9805],[1494086400000,2.3107],[1494172800000,1.1624],[1494259200000,1.1465],[1494345600000,1.1364],[1494432000000,0.8307],[1494518400000,0.9118],[1494691200000,2.2562],[1494777600000,1.1334],[1494864000000,1.1174],[1494950400000,1.127],[1495036800000,0.9702],[1495123200000,0.9048],[1495296000000,2.2847],[1495382400000,1.1253],[1495468800000,1.1139],[1495555200000,1.146],[1495641600000,0.901],[1495728000000,1.1426],[1496073600000,4.5613],[1496160000000,1.1431],[1496246400000,0.9108],[1496332800000,1.1565],[1496505600000,2.3105],[1496592000000,1.1416],[1496678400000,1.1356],[1496764800000,1.1502],[1496851200000,0.9154],[1496937600000,1.1567],[1497110400000,2.3112],[1497196800000,1.1685],[1497283200000,1.1819],[1497369600000,1.2193],[1497456000000,1.151],[1497542400000,1.0513],[1497715200000,2.4691],[1497801600000,1.1532],[1497888000000,1.1824],[1497974400000,1.2358],[1498060800000,1.1023],[1498147200000,1.1031],[1498320000000,2.4607],[1498406400000,1.1511],[1498492800000,1.2235],[1498579200000,1.2375],[1498665600000,1.1031],[1498752000000,1.1014],[1498924800000,2.3955],[1499011200000,1.1045],[1499097600000,1.1535],[1499184000000,1.1323],[1499270400000,1.1801],[1499356800000,1.1953],[1499529600000,2.2995],[1499616000000,1.1582],[1499702400000,1.1344],[1499788800000,1.1415],[1499875200000,1.1391],[1499961600000,1.1457],[1500134400000,2.2875],[1500220800000,1.1447],[1500307200000,1.1425],[1500393600000,1.1521],[1500480000000,1.1711],[1500566400000,1.1551],[1500739200000,2.3059],[1500825600000,1.154],[1500912000000,1.1493],[1500998400000,1.1597],[1501084800000,1.1532],[1501171200000,1.1516],[1501344000000,2.2998],[1501430400000,1.1553],[1501516800000,1.1435],[1501603200000,1.1551],[1501689600000,1.1552],[1501776000000,1.051],[1501948800000,2.3102],[1502035200000,1.1243],[1502121600000,1.1209],[1502208000000,1.1278],[1502294400000,1.0891],[1502380800000,1.1254],[1502553600000,2.2467],[1502640000000,1.1286],[1502726400000,1.0945],[1502812800000,1.107],[1502899200000,1.0925],[1502985600000,1.1085],[1503158400000,2.2029],[1503244800000,1.1009],[1503331200000,1.0877],[1503417600000,1.103],[1503504000000,1.1152],[1503590400000,1.1098],[1503763200000,2.2504],[1503849600000,1.08],[1503936000000,1.1188],[1504022400000,1.0716],[1504108800000,1.0807],[1504195200000,1.1103],[1504368000000,2.2969],[1504454400000,1.0801],[1504540800000,1.1232],[1504627200000,1.0808],[1504713600000,1.0926],[1504800000000,1.0816],[1504972800000,2.2286],[1505059200000,1.1001],[1505145600000,1.1272],[1505232000000,1.1644],[1505318400000,1.0512],[1505404800000,1.0617],[1505577600000,2.2145],[1505664000000,1.0713],[1505750400000,1.079],[1505836800000,1.1235],[1505923200000,1.1105],[1506009600000,1.1186],[1506182400000,2.1949],[1506268800000,1.095],[1506355200000,1.071],[1506441600000,1.0678],[1506528000000,1.0805],[1506614400000,1.0744],[1507392000000,9.6659],[1507478400000,1.1049],[1507564800000,1.0658],[1507651200000,1.1031],[1507737600000,1.073],[1507824000000,1.0721],[1507996800000,2.1409],[1508083200000,1.0653],[1508169600000,1.0582],[1508256000000,1.0723],[1508342400000,1.0638],[1508428800000,1.0576],[1508601600000,2.1145],[1508688000000,1.0446],[1508774400000,1.0323],[1508860800000,1.0397],[1508947200000,1.0382],[1509033600000,1.0449],[1509206400000,2.088],[1509292800000,1.0471],[1509379200000,1.0434],[1509465600000,1.052],[1509552000000,1.0753],[1509638400000,1.078],[1509811200000,2.1539],[1509897600000,1.0862],[1509984000000,1.0852],[1510070400000,1.0836],[1510156800000,1.0714],[1510243200000,1.071],[1510416000000,2.1401],[1510502400000,1.0723],[1510588800000,1.0594],[1510675200000,1.0703],[1510761600000,1.0809],[1510848000000,1.0846],[1511020800000,2.1643],[1511107200000,1.0909],[1511193600000,1.0736],[1511280000000,1.0845],[1511366400000,1.084],[1511452800000,1.0867],[1511625600000,2.1725],[1511712000000,1.0906],[1511798400000,1.0688],[1511884800000,1.0907],[1511971200000,1.0948],[1512057600000,1.1416],[1512230400000,2.2754],[1512316800000,1.1518],[1512403200000,1.1556],[1512489600000,1.1577],[1512576000000,1.1685],[1512662400000,1.1624],[1512835200000,2.3217],[1512921600000,1.1497],[1513008000000,1.0848],[1513094400000,1.1331],[1513180800000,1.1257],[1513267200000,1.1317],[1513440000000,2.2608],[1513526400000,1.1556],[1513612800000,1.1564],[1513699200000,1.1461],[1513785600000,1.1866],[1513872000000,1.1293],[1514044800000,2.4062],[1514131200000,1.2352],[1514217600000,1.2333],[1514304000000,1.2147],[1514390400000,1.1663],[1514476800000,1.0505],[1514649600000,2.3103],[1514736000000,1.1553],[1514822400000,1.1442],[1514908800000,1.1396],[1514995200000,1.1471],[1515081600000,1.2037],[1515254400000,2.4058],[1515340800000,1.2073],[1515427200000,1.1916],[1515513600000,1.202],[1515600000000,1.2023],[1515686400000,1.1798],[1515859200000,2.4019],[1515945600000,1.1868],[1516032000000,1.1703],[1516118400000,1.1902],[1516204800000,1.1869],[1516291200000,1.1876],[1516464000000,2.3729],[1516550400000,1.1968],[1516636800000,1.1881],[1516723200000,1.2079],[1516809600000,1.201],[1516896000000,1.198],[1517068800000,2.3945],[1517155200000,1.1892],[1517241600000,1.1781],[1517328000000,1.1902],[1517414400000,1.1979],[1517500800000,1.1967],[1517673600000,2.3921],[1517760000000,1.1884]];
/*基金收益走势图   7日年化收益率*/
var Data_sevenDaysYearIncome = [[1417708800000,4.737],[1417881600000,3.796],[1417968000000,3.728],[1418054400000,3.749],[1418140800000,3.982],[1418227200000,4.096],[1418313600000,4.07],[1418486400000,4.079],[1418572800000,4.056],[1418659200000,4.053],[1418745600000,4.043],[1418832000000,4.046],[1418918400000,4.074],[1419091200000,4.139],[1419177600000,4.237],[1419264000000,4.235],[1419350400000,4.427],[1419436800000,4.427],[1419523200000,4.424],[1419696000000,4.528],[1419782400000,4.518],[1419868800000,5.027],[1419955200000,4.66],[1420300800000,4.4],[1420387200000,4.387],[1420473600000,4.376],[1420560000000,4.365],[1420646400000,4.387],[1420732800000,4.393],[1420905600000,4.413],[1420992000000,4.448],[1421078400000,4.44],[1421164800000,4.477],[1421251200000,4.473],[1421337600000,4.978],[1421510400000,4.844],[1421596800000,4.874],[1421683200000,4.867],[1421769600000,5.102],[1421856000000,5.058],[1421942400000,4.797],[1422115200000,4.796],[1422201600000,4.759],[1422288000000,4.528],[1422374400000,4.35],[1422460800000,4.466],[1422547200000,4.289],[1422720000000,4.27],[1422806400000,4.51],[1422892800000,4.258],[1422979200000,4.266],[1423065600000,4.311],[1423152000000,4.323],[1423324800000,4.38],[1423411200000,4.317],[1423497600000,4.512],[1423584000000,4.846],[1423670400000,4.731],[1423756800000,4.596],[1423929600000,4.566],[1424016000000,4.546],[1424102400000,4.342],[1424707200000,3.748],[1424793600000,4.022],[1424880000000,4.316],[1424966400000,4.507],[1425139200000,4.458],[1425225600000,4.658],[1425312000000,4.695],[1425398400000,4.655],[1425484800000,4.75],[1425571200000,4.71],[1425744000000,4.757],[1425830400000,4.708],[1425916800000,4.752],[1426003200000,4.749],[1426089600000,4.776],[1426176000000,4.685],[1426348800000,4.805],[1426435200000,4.677],[1426521600000,4.85],[1426608000000,4.704],[1426694400000,4.719],[1426780800000,4.721],[1426953600000,4.726],[1427040000000,4.768],[1427126400000,4.678],[1427212800000,4.649],[1427299200000,4.663],[1427385600000,4.659],[1427558400000,4.65],[1427644800000,4.758],[1427731200000,4.662],[1427817600000,4.688],[1427904000000,4.509],[1427990400000,4.501],[1428249600000,4.352],[1428336000000,4.321],[1428422400000,4.402],[1428508800000,4.46],[1428595200000,4.514],[1428768000000,4.438],[1428854400000,4.399],[1428940800000,4.397],[1429027200000,4.267],[1429113600000,4.304],[1429200000000,4.755],[1429372800000,4.76],[1429459200000,4.889],[1429545600000,4.972],[1429632000000,4.943],[1429718400000,4.77],[1429804800000,4.613],[1429977600000,4.589],[1430064000000,4.463],[1430150400000,4.341],[1430236800000,5.542],[1430323200000,5.367],[1430582400000,5.009],[1430668800000,5.021],[1430755200000,5.172],[1430841600000,4.211],[1430928000000,4.206],[1431014400000,4.193],[1431187200000,4.159],[1431273600000,4.141],[1431360000000,4.479],[1431446400000,4.234],[1431532800000,4.207],[1431619200000,4.176],[1431792000000,4.12],[1431878400000,4.09],[1431964800000,4.252],[1432051200000,4.233],[1432137600000,4.233],[1432224000000,4.237],[1432396800000,4.219],[1432483200000,4.209],[1432569600000,4.05],[1432656000000,4.021],[1432742400000,4.391],[1432828800000,4.376],[1433001600000,4.376],[1433088000000,4.375],[1433174400000,4.049],[1433260800000,4.054],[1433347200000,4.028],[1433433600000,4.025],[1433606400000,4.016],[1433692800000,3.998],[1433779200000,3.768],[1433865600000,3.73],[1433952000000,3.806],[1434038400000,3.724],[1434211200000,3.568],[1434297600000,3.891],[1434384000000,4.28],[1434470400000,4.216],[1434556800000,3.74],[1434643200000,3.8],[1434902400000,3.446],[1434988800000,3.394],[1435075200000,3.512],[1435161600000,3.523],[1435248000000,3.528],[1435420800000,3.625],[1435507200000,3.835],[1435593600000,3.748],[1435680000000,3.72],[1435766400000,3.762],[1435852800000,3.756],[1436025600000,3.742],[1436112000000,3.575],[1436198400000,3.333],[1436284800000,3.491],[1436371200000,3.45],[1436457600000,3.459],[1436630400000,3.481],[1436716800000,3.481],[1436803200000,3.465],[1436889600000,3.29],[1436976000000,3.283],[1437062400000,3.284],[1437235200000,3.197],[1437321600000,3.16],[1437408000000,3.214],[1437494400000,3.246],[1437580800000,3.208],[1437667200000,3.135],[1437840000000,3.128],[1437926400000,3.15],[1438012800000,3.162],[1438099200000,3.463],[1438185600000,3.459],[1438272000000,3.48],[1438444800000,3.474],[1438531200000,3.448],[1438617600000,3.412],[1438704000000,3.381],[1438790400000,3.383],[1438876800000,3.375],[1439049600000,3.359],[1439136000000,3.353],[1439222400000,3.65],[1439308800000,3.303],[1439395200000,3.366],[1439481600000,3.657],[1439654400000,3.639],[1439740800000,3.646],[1439827200000,3.264],[1439913600000,3.356],[1440000000000,3.269],[1440086400000,2.955],[1440259200000,2.925],[1440345600000,2.894],[1440432000000,2.882],[1440518400000,2.77],[1440604800000,2.773],[1440691200000,2.785],[1440864000000,2.811],[1440950400000,2.828],[1441036800000,2.834],[1441123200000,2.841],[1441468800000,2.832],[1441555200000,2.836],[1441641600000,2.858],[1441728000000,2.875],[1441814400000,2.891],[1441900800000,3.122],[1442073600000,3.164],[1442160000000,3.971],[1442246400000,4.062],[1442332800000,4.062],[1442419200000,4.082],[1442505600000,3.993],[1442678400000,3.985],[1442764800000,3.473],[1442851200000,3.418],[1442937600000,3.473],[1443024000000,3.586],[1443110400000,3.432],[1443283200000,3.429],[1443369600000,3.149],[1443456000000,3.088],[1443542400000,3.088],[1444147200000,2.781],[1444233600000,3.181],[1444320000000,3.402],[1444492800000,3.779],[1444579200000,3.802],[1444665600000,3.999],[1444752000000,4.026],[1444838400000,3.821],[1444924800000,3.604],[1445097600000,3.227],[1445184000000,3.434],[1445270400000,3.252],[1445356800000,3.405],[1445443200000,3.215],[1445529600000,3.218],[1445702400000,3.228],[1445788800000,3.013],[1445875200000,3.005],[1445961600000,3.044],[1446048000000,3.093],[1446134400000,3.077],[1446307200000,3.086],[1446393600000,3.09],[1446480000000,3.332],[1446566400000,3.135],[1446652800000,3.09],[1446739200000,3.18],[1446912000000,3.182],[1446998400000,3.254],[1447084800000,3.156],[1447171200000,3.423],[1447257600000,3.432],[1447344000000,3.663],[1447516800000,3.68],[1447603200000,3.616],[1447689600000,3.483],[1447776000000,3.212],[1447862400000,3.191],[1447948800000,3.061],[1448121600000,3.038],[1448208000000,3.353],[1448294400000,3.973],[1448380800000,3.969],[1448467200000,3.968],[1448553600000,3.788],[1448726400000,3.776],[1448812800000,3.438],[1448899200000,2.808],[1448985600000,2.801],[1449072000000,2.8],[1449158400000,2.8],[1449331200000,2.8],[1449417600000,2.798],[1449504000000,2.797],[1449590400000,2.801],[1449676800000,2.922],[1449763200000,2.927],[1449936000000,2.938],[1450022400000,3.273],[1450108800000,3.282],[1450195200000,3.287],[1450281600000,3.318],[1450368000000,3.315],[1450540800000,3.276],[1450627200000,3.108],[1450713600000,3.093],[1450800000000,3.138],[1450886400000,2.988],[1450972800000,2.986],[1451145600000,3.015],[1451232000000,2.844],[1451318400000,2.832],[1451404800000,2.713],[1451491200000,2.648],[1451750400000,2.597],[1451836800000,2.52],[1451923200000,2.534],[1452009600000,3.004],[1452096000000,3.089],[1452182400000,3.122],[1452355200000,3.19],[1452441600000,3.7],[1452528000000,3.8],[1452614400000,3.428],[1452700800000,3.407],[1452787200000,3.388],[1452960000000,3.35],[1453046400000,2.922],[1453132800000,2.936],[1453219200000,3.479],[1453305600000,3.486],[1453392000000,3.643],[1453564800000,3.675],[1453651200000,3.7],[1453737600000,3.761],[1453824000000,3.206],[1453910400000,3.221],[1453996800000,3.087],[1454169600000,3.098],[1454256000000,3.096],[1454342400000,2.939],[1454428800000,3.119],[1454515200000,3.095],[1454601600000,3.066],[1455379200000,2.932],[1455465600000,2.963],[1455552000000,2.981],[1455638400000,3.012],[1455724800000,3.044],[1455811200000,3.077],[1455984000000,2.937],[1456070400000,3.204],[1456156800000,3.279],[1456243200000,3.529],[1456329600000,3.501],[1456416000000,3.474],[1456588800000,3.427],[1456675200000,3.312],[1456761600000,3.229],[1456848000000,2.962],[1456934400000,2.906],[1457020800000,2.821],[1457193600000,2.838],[1457280000000,2.668],[1457366400000,2.668],[1457452800000,2.671],[1457539200000,2.73],[1457625600000,2.822],[1457798400000,2.822],[1457884800000,2.825],[1457971200000,2.832],[1458057600000,2.827],[1458144000000,2.835],[1458230400000,2.795],[1458403200000,2.771],[1458489600000,3.193],[1458576000000,3.178],[1458662400000,3.179],[1458748800000,3.286],[1458835200000,3.435],[1459008000000,3.472],[1459094400000,3.056],[1459180800000,3.073],[1459267200000,3.073],[1459353600000,2.946],[1459440000000,3.016],[1459699200000,3.018],[1459785600000,3.012],[1459872000000,3.014],[1459958400000,3.168],[1460044800000,2.964],[1460217600000,2.927],[1460304000000,2.932],[1460390400000,2.926],[1460476800000,2.919],[1460563200000,2.747],[1460649600000,2.764],[1460822400000,2.706],[1460908800000,2.848],[1460995200000,2.825],[1461081600000,2.802],[1461168000000,2.817],[1461254400000,2.935],[1461427200000,2.956],[1461513600000,2.881],[1461600000000,2.909],[1461686400000,2.94],[1461772800000,2.977],[1461859200000,2.819],[1462118400000,2.842],[1462204800000,2.943],[1462291200000,2.96],[1462377600000,2.934],[1462464000000,3.009],[1462636800000,3.023],[1462723200000,2.995],[1462809600000,2.911],[1462896000000,2.807],[1462982400000,2.818],[1463068800000,2.808],[1463241600000,2.788],[1463328000000,2.788],[1463414400000,2.769],[1463500800000,2.772],[1463587200000,2.807],[1463673600000,3.007],[1463846400000,2.982],[1463932800000,2.885],[1464019200000,3.018],[1464105600000,2.963],[1464192000000,2.94],[1464278400000,2.742],[1464451200000,2.688],[1464537600000,2.805],[1464624000000,2.676],[1464710400000,2.82],[1464796800000,2.809],[1464883200000,2.798],[1465056000000,2.852],[1465142400000,2.808],[1465228800000,2.815],[1465315200000,2.813],[1465660800000,2.821],[1465747200000,2.865],[1465833600000,2.794],[1465920000000,2.799],[1466006400000,2.8],[1466092800000,2.837],[1466265600000,2.848],[1466352000000,2.849],[1466438400000,2.886],[1466524800000,2.89],[1466611200000,2.895],[1466697600000,2.871],[1466870400000,2.828],[1466956800000,2.787],[1467043200000,2.832],[1467129600000,2.85],[1467216000000,2.878],[1467302400000,2.912],[1467475200000,3.017],[1467561600000,3.087],[1467648000000,2.94],[1467734400000,2.953],[1467820800000,2.937],[1467907200000,2.913],[1468080000000,2.885],[1468166400000,2.872],[1468252800000,3.02],[1468339200000,2.886],[1468425600000,2.915],[1468512000000,2.94],[1468684800000,2.99],[1468771200000,2.917],[1468857600000,2.941],[1468944000000,2.926],[1469030400000,2.898],[1469116800000,2.888],[1469289600000,2.868],[1469376000000,2.83],[1469462400000,2.822],[1469548800000,2.971],[1469635200000,2.99],[1469721600000,2.853],[1469894400000,2.87],[1469980800000,2.886],[1470067200000,2.928],[1470153600000,2.928],[1470240000000,2.924],[1470326400000,2.922],[1470499200000,2.904],[1470585600000,2.845],[1470672000000,2.804],[1470758400000,2.8],[1470844800000,2.798],[1470931200000,2.795],[1471104000000,2.798],[1471190400000,2.829],[1471276800000,2.836],[1471363200000,2.841],[1471449600000,2.848],[1471536000000,2.834],[1471708800000,2.833],[1471795200000,2.816],[1471881600000,2.809],[1471968000000,2.789],[1472054400000,2.802],[1472140800000,2.824],[1472313600000,2.836],[1472400000000,2.999],[1472486400000,2.845],[1472572800000,2.875],[1472659200000,2.865],[1472745600000,2.831],[1472918400000,2.826],[1473004800000,2.708],[1473091200000,2.747],[1473177600000,2.755],[1473264000000,2.754],[1473350400000,2.781],[1473523200000,2.781],[1473609600000,2.755],[1473696000000,2.702],[1473782400000,2.678],[1474128000000,2.795],[1474214400000,2.768],[1474300800000,2.823],[1474387200000,2.71],[1474473600000,2.704],[1474560000000,2.704],[1474732800000,2.705],[1474819200000,2.724],[1474905600000,2.802],[1474992000000,2.787],[1475078400000,2.723],[1475164800000,2.522],[1475942400000,2.998],[1476028800000,2.853],[1476115200000,2.754],[1476201600000,2.759],[1476288000000,2.764],[1476374400000,2.769],[1476547200000,2.779],[1476633600000,2.923],[1476720000000,2.888],[1476806400000,2.805],[1476892800000,2.788],[1476979200000,2.768],[1477152000000,2.729],[1477238400000,2.718],[1477324800000,2.711],[1477411200000,2.784],[1477497600000,2.796],[1477584000000,2.704],[1477756800000,2.741],[1477843200000,2.773],[1477929600000,2.791],[1478016000000,2.713],[1478102400000,2.718],[1478188800000,2.713],[1478361600000,2.692],[1478448000000,2.654],[1478534400000,2.636],[1478620800000,2.634],[1478707200000,2.598],[1478793600000,2.672],[1478966400000,2.609],[1479052800000,2.586],[1479139200000,2.618],[1479225600000,2.627],[1479312000000,2.63],[1479398400000,2.644],[1479571200000,2.629],[1479657600000,2.627],[1479744000000,2.616],[1479830400000,2.66],[1479916800000,2.657],[1480003200000,2.622],[1480176000000,2.642],[1480262400000,2.649],[1480348800000,2.633],[1480435200000,2.648],[1480521600000,2.645],[1480608000000,2.604],[1480780800000,2.659],[1480867200000,2.685],[1480953600000,2.682],[1481040000000,2.67],[1481126400000,2.667],[1481212800000,2.724],[1481385600000,2.651],[1481472000000,2.629],[1481558400000,2.729],[1481644800000,2.763],[1481731200000,2.858],[1481817600000,2.992],[1481990400000,3.26],[1482076800000,3.431],[1482163200000,3.499],[1482249600000,3.533],[1482336000000,3.596],[1482422400000,3.59],[1482595200000,3.825],[1482681600000,3.789],[1482768000000,3.878],[1482854400000,3.89],[1482940800000,3.761],[1483027200000,3.931],[1483113600000,3.977],[1483286400000,4.175],[1483372800000,3.905],[1483459200000,3.798],[1483545600000,3.747],[1483632000000,3.556],[1483804800000,3.527],[1483891200000,3.38],[1483977600000,3.681],[1484064000000,3.791],[1484150400000,3.998],[1484236800000,3.986],[1484409600000,3.996],[1484496000000,3.869],[1484582400000,3.905],[1484668800000,4.103],[1484755200000,4.132],[1484841600000,4.279],[1485014400000,4.179],[1485100800000,4.418],[1485187200000,4.256],[1485273600000,4.204],[1485360000000,3.863],[1485964800000,4.059],[1486051200000,4.096],[1486224000000,4.167],[1486310400000,4.012],[1486396800000,3.9],[1486483200000,3.919],[1486569600000,3.945],[1486656000000,3.935],[1486828800000,3.918],[1486915200000,3.944],[1487001600000,3.899],[1487088000000,3.886],[1487174400000,3.87],[1487260800000,3.857],[1487433600000,3.831],[1487520000000,3.827],[1487606400000,3.87],[1487692800000,3.878],[1487779200000,3.89],[1487865600000,3.776],[1488038400000,3.849],[1488124800000,3.864],[1488211200000,3.821],[1488297600000,3.845],[1488384000000,3.861],[1488470400000,3.75],[1488643200000,3.735],[1488729600000,3.897],[1488816000000,3.857],[1488902400000,3.859],[1488988800000,3.862],[1489075200000,3.843],[1489248000000,3.829],[1489334400000,3.781],[1489420800000,3.857],[1489507200000,3.81],[1489593600000,3.796],[1489680000000,3.901],[1489852800000,3.832],[1489939200000,3.832],[1490025600000,3.96],[1490112000000,3.983],[1490198400000,3.982],[1490284800000,4.001],[1490457600000,4.063],[1490544000000,4.007],[1490630400000,4.054],[1490716800000,4.006],[1490803200000,3.809],[1490889600000,3.982],[1491235200000,4.195],[1491321600000,4.009],[1491408000000,4.003],[1491494400000,4.012],[1491667200000,3.971],[1491753600000,3.935],[1491840000000,3.926],[1491926400000,4.029],[1492012800000,4.05],[1492099200000,4.018],[1492272000000,4.014],[1492358400000,4.02],[1492444800000,3.982],[1492531200000,3.984],[1492617600000,3.999],[1492704000000,3.976],[1492876800000,3.928],[1492963200000,3.915],[1493049600000,3.963],[1493136000000,4.002],[1493222400000,4.006],[1493308800000,4.032],[1493568000000,4.107],[1493654400000,4.09],[1493740800000,4.194],[1493827200000,4.149],[1493913600000,4.041],[1494086400000,4.016],[1494172800000,4.007],[1494259200000,3.988],[1494345600000,3.982],[1494432000000,4.024],[1494518400000,3.987],[1494691200000,3.958],[1494777600000,3.942],[1494864000000,3.926],[1494950400000,3.921],[1495036800000,3.997],[1495123200000,3.993],[1495296000000,4.008],[1495382400000,4.004],[1495468800000,4.002],[1495555200000,4.012],[1495641600000,3.975],[1495728000000,4.104],[1496073600000,4.124],[1496160000000,4.123],[1496246400000,4.128],[1496332800000,4.135],[1496505600000,4.152],[1496592000000,4.152],[1496678400000,4.15],[1496764800000,4.154],[1496851200000,4.156],[1496937600000,4.156],[1497110400000,4.157],[1497196800000,4.171],[1497283200000,4.196],[1497369600000,4.234],[1497456000000,4.362],[1497542400000,4.305],[1497715200000,4.391],[1497801600000,4.382],[1497888000000,4.382],[1497974400000,4.391],[1498060800000,4.365],[1498147200000,4.393],[1498320000000,4.389],[1498406400000,4.387],[1498492800000,4.41],[1498579200000,4.411],[1498665600000,4.411],[1498752000000,4.41],[1498924800000,4.375],[1499011200000,4.349],[1499097600000,4.311],[1499184000000,4.254],[1499270400000,4.296],[1499356800000,4.347],[1499529600000,4.295],[1499616000000,4.324],[1499702400000,4.314],[1499788800000,4.319],[1499875200000,4.296],[1499961600000,4.269],[1500134400000,4.263],[1500220800000,4.256],[1500307200000,4.26],[1500393600000,4.266],[1500480000000,4.283],[1500566400000,4.288],[1500739200000,4.298],[1500825600000,4.303],[1500912000000,4.307],[1500998400000,4.311],[1501084800000,4.301],[1501171200000,4.299],[1501344000000,4.296],[1501430400000,4.297],[1501516800000,4.294],[1501603200000,4.291],[1501689600000,4.292],[1501776000000,4.238],[1501948800000,4.243],[1502035200000,4.226],[1502121600000,4.214],[1502208000000,4.199],[1502294400000,4.163],[1502380800000,4.204],[1502553600000,4.169],[1502640000000,4.172],[1502726400000,4.157],[1502812800000,4.146],[1502899200000,4.148],[1502985600000,4.139],[1503158400000,4.115],[1503244800000,4.1],[1503331200000,4.096],[1503417600000,4.094],[1503504000000,4.106],[1503590400000,4.107],[1503763200000,4.133],[1503849600000,4.121],[1503936000000,4.138],[1504022400000,4.121],[1504108800000,4.103],[1504195200000,4.103],[1504368000000,4.128],[1504454400000,4.128],[1504540800000,4.131],[1504627200000,4.136],[1504713600000,4.142],[1504800000000,4.126],[1504972800000,4.089],[1505059200000,4.1],[1505145600000,4.102],[1505232000000,4.148],[1505318400000,4.125],[1505404800000,4.114],[1505577600000,4.107],[1505664000000,4.091],[1505750400000,4.065],[1505836800000,4.043],[1505923200000,4.075],[1506009600000,4.106],[1506182400000,4.095],[1506268800000,4.108],[1506355200000,4.104],[1506441600000,4.074],[1506528000000,4.057],[1506614400000,4.033],[1507392000000,3.997],[1507478400000,4.014],[1507564800000,4.01],[1507651200000,4.025],[1507737600000,4.025],[1507824000000,4.024],[1507996800000,4.02],[1508083200000,3.999],[1508169600000,3.995],[1508256000000,3.978],[1508342400000,3.973],[1508428800000,3.965],[1508601600000,3.951],[1508688000000,3.94],[1508774400000,3.926],[1508860800000,3.908],[1508947200000,3.894],[1509033600000,3.887],[1509206400000,3.873],[1509292800000,3.874],[1509379200000,3.88],[1509465600000,3.887],[1509552000000,3.907],[1509638400000,3.925],[1509811200000,3.961],[1509897600000,3.982],[1509984000000,4.005],[1510070400000,4.022],[1510156800000,4.02],[1510243200000,4.016],[1510416000000,4.008],[1510502400000,4.001],[1510588800000,3.987],[1510675200000,3.98],[1510761600000,3.985],[1510848000000,3.992],[1511020800000,4.005],[1511107200000,4.015],[1511193600000,4.023],[1511280000000,4.031],[1511366400000,4.032],[1511452800000,4.034],[1511625600000,4.038],[1511712000000,4.038],[1511798400000,4.035],[1511884800000,4.039],[1511971200000,4.044],[1512057600000,4.074],[1512230400000,4.13],[1512316800000,4.163],[1512403200000,4.21],[1512489600000,4.247],[1512576000000,4.287],[1512662400000,4.298],[1512835200000,4.323],[1512921600000,4.322],[1513008000000,4.284],[1513094400000,4.27],[1513180800000,4.247],[1513267200000,4.23],[1513440000000,4.197],[1513526400000,4.201],[1513612800000,4.239],[1513699200000,4.247],[1513785600000,4.28],[1513872000000,4.278],[1514044800000,4.357],[1514131200000,4.401],[1514217600000,4.443],[1514304000000,4.48],[1514390400000,4.469],[1514476800000,4.426],[1514649600000,4.374],[1514736000000,4.33],[1514822400000,4.282],[1514908800000,4.241],[1514995200000,4.231],[1515081600000,4.314],[1515254400000,4.366],[1515340800000,4.394],[1515427200000,4.42],[1515513600000,4.454],[1515600000000,4.484],[1515686400000,4.471],[1515859200000,4.469],[1515945600000,4.458],[1516032000000,4.446],[1516118400000,4.44],[1516204800000,4.431],[1516291200000,4.436],[1516464000000,4.42],[1516550400000,4.425],[1516636800000,4.435],[1516723200000,4.444],[1516809600000,4.452],[1516896000000,4.458],[1517068800000,4.47],[1517155200000,4.465],[1517241600000,4.46],[1517328000000,4.45],[1517414400000,4.449],[1517500800000,4.448],[1517673600000,4.447],[1517760000000,4.446]];
/*资产配置*/
var Data_assetAllocationCurrency ={"categories":["12-31","09-30","06-30","03-31"],"series":[{"name":"股票","data":[null,null,null,null]},{"name":"债券","data":[38.01,41.36,39.1,44.41]},{"name":"现金","data":[52.63,49.02,48.57,62.5]}]};
/*累计收益率走势*/
var Data_grandTotal = [{"name":"易方达财富快线货币Y ","data":[[1501948800000,0],[1502035200000,0.01],[1502121600000,0.02],[1502208000000,0.03],[1502294400000,0.04],[1502380800000,0.06],[1502553600000,0.08],[1502640000000,0.09],[1502726400000,0.10],[1502812800000,0.11],[1502899200000,0.12],[1502985600000,0.13],[1503158400000,0.16],[1503244800000,0.17],[1503331200000,0.18],[1503417600000,0.19],[1503504000000,0.20],[1503590400000,0.21],[1503763200000,0.23],[1503849600000,0.24],[1503936000000,0.26],[1504022400000,0.27],[1504108800000,0.28],[1504195200000,0.29],[1504368000000,0.31],[1504454400000,0.32],[1504540800000,0.33],[1504627200000,0.34],[1504713600000,0.36],[1504800000000,0.37],[1504972800000,0.39],[1505059200000,0.40],[1505145600000,0.41],[1505232000000,0.42],[1505318400000,0.43],[1505404800000,0.44],[1505577600000,0.47],[1505664000000,0.48],[1505750400000,0.49],[1505836800000,0.50],[1505923200000,0.51],[1506009600000,0.52],[1506182400000,0.54],[1506268800000,0.55],[1506355200000,0.57],[1506441600000,0.58],[1506528000000,0.59],[1506614400000,0.60],[1507392000000,0.69],[1507478400000,0.71],[1507564800000,0.72],[1507651200000,0.73],[1507737600000,0.74],[1507824000000,0.75],[1507996800000,0.77],[1508083200000,0.78],[1508169600000,0.79],[1508256000000,0.80],[1508342400000,0.81],[1508428800000,0.82],[1508601600000,0.85],[1508688000000,0.86],[1508774400000,0.87],[1508860800000,0.88],[1508947200000,0.89],[1509033600000,0.90],[1509206400000,0.92],[1509292800000,0.93],[1509379200000,0.94],[1509465600000,0.95],[1509552000000,0.96],[1509638400000,0.97],[1509811200000,0.99],[1509897600000,1.01],[1509984000000,1.02],[1510070400000,1.03],[1510156800000,1.04],[1510243200000,1.05],[1510416000000,1.07],[1510502400000,1.08],[1510588800000,1.09],[1510675200000,1.10],[1510761600000,1.11],[1510848000000,1.13],[1511020800000,1.15],[1511107200000,1.16],[1511193600000,1.17],[1511280000000,1.18],[1511366400000,1.19],[1511452800000,1.20],[1511625600000,1.22],[1511712000000,1.23],[1511798400000,1.25],[1511884800000,1.26],[1511971200000,1.27],[1512057600000,1.28],[1512230400000,1.30],[1512316800000,1.31],[1512403200000,1.33],[1512489600000,1.34],[1512576000000,1.35],[1512662400000,1.36],[1512835200000,1.38],[1512921600000,1.40],[1513008000000,1.41],[1513094400000,1.42],[1513180800000,1.43],[1513267200000,1.44],[1513440000000,1.46],[1513526400000,1.48],[1513612800000,1.49],[1513699200000,1.50],[1513785600000,1.51],[1513872000000,1.52],[1514044800000,1.55],[1514131200000,1.56],[1514217600000,1.57],[1514304000000,1.58],[1514390400000,1.60],[1514476800000,1.61],[1514649600000,1.63],[1514736000000,1.64],[1514822400000,1.65],[1514908800000,1.67],[1514995200000,1.68],[1515081600000,1.69],[1515254400000,1.71],[1515340800000,1.73],[1515427200000,1.74],[1515513600000,1.75],[1515600000000,1.76],[1515686400000,1.78],[1515859200000,1.80],[1515945600000,1.81],[1516032000000,1.82],[1516118400000,1.84],[1516204800000,1.85],[1516291200000,1.86],[1516464000000,1.88],[1516550400000,1.90],[1516636800000,1.91],[1516723200000,1.92],[1516809600000,1.93],[1516896000000,1.95],[1517068800000,1.97],[1517155200000,1.98],[1517241600000,1.99],[1517328000000,2.01],[1517414400000,2.02],[1517500800000,2.03],[1517673600000,2.05],[1517760000000,2.07]]},{"name":"同类平均","data":[[1502035200000,0],[1502121600000,0.01],[1502208000000,0.02],[1502294400000,0.03],[1502380800000,0.04],[1502640000000,0.07],[1502726400000,0.08],[1502812800000,0.09],[1502899200000,0.10],[1502985600000,0.11],[1503244800000,0.14],[1503331200000,0.16],[1503417600000,0.17],[1503504000000,0.18],[1503590400000,0.19],[1503849600000,0.22],[1503936000000,0.23],[1504022400000,0.24],[1504108800000,0.25],[1504195200000,0.26],[1504454400000,0.29],[1504540800000,0.30],[1504627200000,0.31],[1504713600000,0.32],[1504800000000,0.34],[1505059200000,0.37],[1505145600000,0.38],[1505232000000,0.39],[1505318400000,0.40],[1505404800000,0.41],[1505664000000,0.44],[1505750400000,0.45],[1505836800000,0.46],[1505923200000,0.47],[1506009600000,0.48],[1506268800000,0.52],[1506355200000,0.53],[1506441600000,0.54],[1506528000000,0.55],[1506614400000,0.56],[1507478400000,0.67],[1507564800000,0.68],[1507651200000,0.69],[1507737600000,0.71],[1507824000000,0.72],[1508083200000,0.75],[1508169600000,0.76],[1508256000000,0.77],[1508342400000,0.78],[1508428800000,0.79],[1508688000000,0.82],[1508774400000,0.83],[1508860800000,0.84],[1508947200000,0.85],[1509033600000,0.86],[1509292800000,0.90],[1509379200000,0.91],[1509465600000,0.92],[1509552000000,0.93],[1509638400000,0.94],[1509897600000,0.97],[1509984000000,0.98],[1510070400000,0.99],[1510156800000,1.00],[1510243200000,1.01],[1510502400000,1.04],[1510588800000,1.06],[1510675200000,1.07],[1510761600000,1.08],[1510848000000,1.09],[1511107200000,1.12],[1511193600000,1.13],[1511280000000,1.14],[1511366400000,1.15],[1511452800000,1.16],[1511712000000,1.20],[1511798400000,1.21],[1511884800000,1.22],[1511971200000,1.23],[1512057600000,1.24],[1512316800000,1.28],[1512403200000,1.29],[1512489600000,1.30],[1512576000000,1.31],[1512662400000,1.32],[1512921600000,1.35],[1513008000000,1.36],[1513094400000,1.38],[1513180800000,1.39],[1513267200000,1.40],[1513526400000,1.43],[1513612800000,1.44],[1513699200000,1.46],[1513785600000,1.47],[1513872000000,1.48],[1514131200000,1.51],[1514217600000,1.53],[1514304000000,1.54],[1514390400000,1.55],[1514476800000,1.57],[1514822400000,1.62],[1514908800000,1.64],[1514995200000,1.65],[1515081600000,1.66],[1515340800000,1.69],[1515427200000,1.71],[1515513600000,1.72],[1515600000000,1.73],[1515686400000,1.74],[1515945600000,1.77],[1516032000000,1.79],[1516118400000,1.80],[1516204800000,1.81],[1516291200000,1.82],[1516550400000,1.86],[1516636800000,1.87],[1516723200000,1.88],[1516809600000,1.89],[1516896000000,1.90],[1517155200000,1.94],[1517241600000,1.95],[1517328000000,1.96],[1517414400000,1.97],[1517500800000,1.98],[1517760000000,2.02]]},{"name":"沪深300","data":[[1502035200000,0],[1502121600000,0.15],[1502208000000,0.11],[1502294400000,-0.29],[1502380800000,-2.13],[1502640000000,-0.86],[1502726400000,-0.56],[1502812800000,-0.68],[1502899200000,-0.15],[1502985600000,-0.06],[1503244800000,0.38],[1503331200000,0.68],[1503417600000,0.79],[1503504000000,0.21],[1503590400000,1.85],[1503849600000,3.11],[1503936000000,2.89],[1504022400000,2.88],[1504108800000,2.56],[1504195200000,2.78],[1504454400000,3.19],[1504540800000,3.50],[1504627200000,3.29],[1504713600000,2.77],[1504800000000,2.66],[1505059200000,2.65],[1505145600000,2.98],[1505232000000,3.11],[1505318400000,2.77],[1505404800000,2.80],[1505664000000,3.12],[1505750400000,2.83],[1505836800000,3.10],[1505923200000,2.98],[1506009600000,2.98],[1506268800000,2.44],[1506355200000,2.52],[1506441600000,2.53],[1506528000000,2.57],[1506614400000,2.94],[1507478400000,4.17],[1507564800000,4.38],[1507651200000,4.72],[1507737600000,5.00],[1507824000000,5.21],[1508083200000,5.01],[1508169600000,5.00],[1508256000000,5.83],[1508342400000,5.49],[1508428800000,5.37],[1508688000000,5.47],[1508774400000,6.24],[1508860800000,6.71],[1508947200000,7.16],[1509033600000,7.92],[1509292800000,7.59],[1509379200000,7.51],[1509465600000,7.24],[1509552000000,7.25],[1509638400000,7.13],[1509897600000,7.89],[1509984000000,8.79],[1510070400000,8.62],[1510156800000,9.37],[1510243200000,10.33],[1510502400000,10.77],[1510588800000,10.00],[1510675200000,9.31],[1510761600000,10.15],[1510848000000,10.57],[1511107200000,11.19],[1511193600000,13.17],[1511280000000,13.44],[1511366400000,10.08],[1511452800000,10.13],[1511712000000,8.67],[1511798400000,8.83],[1511884800000,8.77],[1511971200000,7.49],[1512057600000,7.28],[1512316800000,7.84],[1512403200000,8.41],[1512489600000,7.76],[1512576000000,6.55],[1512662400000,7.42],[1512921600000,9.20],[1513008000000,7.76],[1513094400000,8.67],[1513180800000,8.03],[1513267200000,6.82],[1513526400000,6.94],[1513612800000,8.28],[1513699200000,8.15],[1513785600000,9.15],[1513872000000,8.80],[1514131200000,8.45],[1514217600000,8.77],[1514304000000,7.09],[1514390400000,7.84],[1514476800000,8.16],[1514822400000,9.68],[1514908800000,10.32],[1514995200000,10.79],[1515081600000,11.05],[1515340800000,11.63],[1515427200000,12.41],[1515513600000,12.91],[1515600000000,12.85],[1515686400000,13.37],[1515945600000,13.37],[1516032000000,14.27],[1516118400000,13.99],[1516204800000,14.61],[1516291200000,14.99],[1516550400000,16.36],[1516636800000,17.60],[1516723200000,17.79],[1516809600000,17.13],[1516896000000,17.56],[1517155200000,15.43],[1517241600000,14.20],[1517328000000,14.73],[1517414400000,13.93],[1517500800000,14.61],[1517760000000,14.69]]}];
/*同类排名*/
var Data_rateInSimilarType = [{"x":1425484800000,"y":174,"sc":"296"},{"x":1425571200000,"y":174,"sc":"296"},{"x":1425830400000,"y":177,"sc":"296"},{"x":1425916800000,"y":184,"sc":"296"},{"x":1426003200000,"y":184,"sc":"296"},{"x":1426089600000,"y":182,"sc":"297"},{"x":1426176000000,"y":185,"sc":"297"},{"x":1426435200000,"y":192,"sc":"299"},{"x":1426521600000,"y":192,"sc":"299"},{"x":1426608000000,"y":192,"sc":"299"},{"x":1426694400000,"y":188,"sc":"304"},{"x":1426780800000,"y":190,"sc":"304"},{"x":1427040000000,"y":191,"sc":"304"},{"x":1427126400000,"y":191,"sc":"304"},{"x":1427212800000,"y":195,"sc":"304"},{"x":1427299200000,"y":188,"sc":"306"},{"x":1427385600000,"y":188,"sc":"306"},{"x":1427644800000,"y":190,"sc":"307"},{"x":1427731200000,"y":189,"sc":"309"},{"x":1427817600000,"y":189,"sc":"307"},{"x":1427904000000,"y":182,"sc":"307"},{"x":1427990400000,"y":178,"sc":"307"},{"x":1428336000000,"y":183,"sc":"307"},{"x":1428422400000,"y":182,"sc":"307"},{"x":1428508800000,"y":177,"sc":"307"},{"x":1428595200000,"y":173,"sc":"307"},{"x":1428854400000,"y":188,"sc":"307"},{"x":1428940800000,"y":185,"sc":"307"},{"x":1429027200000,"y":190,"sc":"307"},{"x":1429113600000,"y":200,"sc":"310"},{"x":1429200000000,"y":189,"sc":"310"},{"x":1429459200000,"y":194,"sc":"311"},{"x":1429545600000,"y":196,"sc":"311"},{"x":1429632000000,"y":196,"sc":"313"},{"x":1429718400000,"y":192,"sc":"315"},{"x":1429804800000,"y":184,"sc":"313"},{"x":1430064000000,"y":186,"sc":"313"},{"x":1430150400000,"y":187,"sc":"314"},{"x":1430236800000,"y":153,"sc":"314"},{"x":1430323200000,"y":152,"sc":"314"},{"x":1430668800000,"y":145,"sc":"315"},{"x":1430755200000,"y":148,"sc":"315"},{"x":1430841600000,"y":145,"sc":"315"},{"x":1430928000000,"y":145,"sc":"315"},{"x":1431014400000,"y":150,"sc":"315"},{"x":1431273600000,"y":163,"sc":"316"},{"x":1431360000000,"y":151,"sc":"316"},{"x":1431446400000,"y":147,"sc":"316"},{"x":1431532800000,"y":147,"sc":"318"},{"x":1431619200000,"y":156,"sc":"316"},{"x":1431878400000,"y":151,"sc":"316"},{"x":1431964800000,"y":142,"sc":"316"},{"x":1432051200000,"y":147,"sc":"316"},{"x":1432137600000,"y":152,"sc":"316"},{"x":1432224000000,"y":148,"sc":"316"},{"x":1432483200000,"y":163,"sc":"316"},{"x":1432569600000,"y":155,"sc":"316"},{"x":1432656000000,"y":156,"sc":"316"},{"x":1432742400000,"y":144,"sc":"316"},{"x":1432828800000,"y":148,"sc":"316"},{"x":1433088000000,"y":146,"sc":"316"},{"x":1433174400000,"y":145,"sc":"317"},{"x":1433260800000,"y":145,"sc":"317"},{"x":1433347200000,"y":143,"sc":"317"},{"x":1433433600000,"y":148,"sc":"317"},{"x":1433692800000,"y":136,"sc":"317"},{"x":1433779200000,"y":139,"sc":"317"},{"x":1433865600000,"y":139,"sc":"317"},{"x":1433952000000,"y":122,"sc":"319"},{"x":1434038400000,"y":128,"sc":"319"},{"x":1434297600000,"y":114,"sc":"319"},{"x":1434384000000,"y":99,"sc":"319"},{"x":1434470400000,"y":104,"sc":"319"},{"x":1434556800000,"y":108,"sc":"319"},{"x":1434643200000,"y":120,"sc":"321"},{"x":1434988800000,"y":122,"sc":"319"},{"x":1435075200000,"y":127,"sc":"320"},{"x":1435161600000,"y":124,"sc":"320"},{"x":1435248000000,"y":135,"sc":"322"},{"x":1435507200000,"y":129,"sc":"321"},{"x":1435593600000,"y":124,"sc":"321"},{"x":1435680000000,"y":131,"sc":"321"},{"x":1435766400000,"y":133,"sc":"321"},{"x":1435852800000,"y":136,"sc":"323"},{"x":1436112000000,"y":138,"sc":"323"},{"x":1436198400000,"y":143,"sc":"323"},{"x":1436284800000,"y":143,"sc":"323"},{"x":1436371200000,"y":146,"sc":"323"},{"x":1436457600000,"y":146,"sc":"323"},{"x":1436716800000,"y":139,"sc":"323"},{"x":1436803200000,"y":136,"sc":"325"},{"x":1436889600000,"y":131,"sc":"323"},{"x":1436976000000,"y":137,"sc":"325"},{"x":1437062400000,"y":144,"sc":"323"},{"x":1437321600000,"y":142,"sc":"323"},{"x":1437408000000,"y":145,"sc":"323"},{"x":1437494400000,"y":137,"sc":"323"},{"x":1437580800000,"y":137,"sc":"323"},{"x":1437667200000,"y":146,"sc":"326"},{"x":1437926400000,"y":148,"sc":"324"},{"x":1438012800000,"y":147,"sc":"324"},{"x":1438099200000,"y":149,"sc":"324"},{"x":1438185600000,"y":151,"sc":"325"},{"x":1438272000000,"y":152,"sc":"325"},{"x":1438531200000,"y":153,"sc":"325"},{"x":1438617600000,"y":152,"sc":"327"},{"x":1438704000000,"y":143,"sc":"325"},{"x":1438790400000,"y":148,"sc":"325"},{"x":1438876800000,"y":149,"sc":"328"},{"x":1439136000000,"y":143,"sc":"328"},{"x":1439222400000,"y":138,"sc":"328"},{"x":1439308800000,"y":145,"sc":"328"},{"x":1439395200000,"y":146,"sc":"328"},{"x":1439481600000,"y":131,"sc":"330"},{"x":1439740800000,"y":122,"sc":"330"},{"x":1439827200000,"y":117,"sc":"331"},{"x":1439913600000,"y":119,"sc":"331"},{"x":1440000000000,"y":115,"sc":"331"},{"x":1440086400000,"y":108,"sc":"331"},{"x":1440345600000,"y":108,"sc":"331"},{"x":1440432000000,"y":106,"sc":"331"},{"x":1440518400000,"y":115,"sc":"332"},{"x":1440604800000,"y":116,"sc":"332"},{"x":1440691200000,"y":123,"sc":"334"},{"x":1440950400000,"y":122,"sc":"332"},{"x":1441036800000,"y":121,"sc":"332"},{"x":1441123200000,"y":123,"sc":"332"},{"x":1441555200000,"y":114,"sc":"332"},{"x":1441641600000,"y":118,"sc":"332"},{"x":1441728000000,"y":119,"sc":"332"},{"x":1441814400000,"y":121,"sc":"331"},{"x":1441900800000,"y":124,"sc":"331"},{"x":1442160000000,"y":107,"sc":"332"},{"x":1442246400000,"y":115,"sc":"332"},{"x":1442332800000,"y":123,"sc":"332"},{"x":1442419200000,"y":120,"sc":"332"},{"x":1442505600000,"y":113,"sc":"332"},{"x":1442764800000,"y":97,"sc":"335"},{"x":1442851200000,"y":99,"sc":"335"},{"x":1442937600000,"y":98,"sc":"335"},{"x":1443024000000,"y":90,"sc":"335"},{"x":1443110400000,"y":91,"sc":"337"},{"x":1443369600000,"y":89,"sc":"342"},{"x":1443456000000,"y":91,"sc":"342"},{"x":1443542400000,"y":93,"sc":"342"},{"x":1444233600000,"y":80,"sc":"344"},{"x":1444320000000,"y":70,"sc":"344"},{"x":1444579200000,"y":63,"sc":"342"},{"x":1444665600000,"y":59,"sc":"340"},{"x":1444752000000,"y":61,"sc":"342"},{"x":1444838400000,"y":59,"sc":"341"},{"x":1444924800000,"y":60,"sc":"343"},{"x":1445184000000,"y":60,"sc":"342"},{"x":1445270400000,"y":61,"sc":"342"},{"x":1445356800000,"y":57,"sc":"344"},{"x":1445443200000,"y":61,"sc":"345"},{"x":1445529600000,"y":60,"sc":"345"},{"x":1445788800000,"y":54,"sc":"345"},{"x":1445875200000,"y":53,"sc":"345"},{"x":1445961600000,"y":53,"sc":"345"},{"x":1446048000000,"y":66,"sc":"345"},{"x":1446134400000,"y":67,"sc":"347"},{"x":1446393600000,"y":66,"sc":"345"},{"x":1446480000000,"y":60,"sc":"345"},{"x":1446566400000,"y":63,"sc":"345"},{"x":1446652800000,"y":67,"sc":"345"},{"x":1446739200000,"y":67,"sc":"345"},{"x":1446998400000,"y":63,"sc":"348"},{"x":1447084800000,"y":56,"sc":"350"},{"x":1447171200000,"y":61,"sc":"348"},{"x":1447257600000,"y":59,"sc":"348"},{"x":1447344000000,"y":57,"sc":"350"},{"x":1447603200000,"y":62,"sc":"350"},{"x":1447689600000,"y":61,"sc":"350"},{"x":1447776000000,"y":61,"sc":"350"},{"x":1447862400000,"y":63,"sc":"352"},{"x":1447948800000,"y":59,"sc":"350"},{"x":1448208000000,"y":55,"sc":"353"},{"x":1448294400000,"y":46,"sc":"353"},{"x":1448380800000,"y":40,"sc":"351"},{"x":1448467200000,"y":41,"sc":"351"},{"x":1448553600000,"y":42,"sc":"353"},{"x":1448812800000,"y":43,"sc":"353"},{"x":1448899200000,"y":41,"sc":"353"},{"x":1448985600000,"y":40,"sc":"351"},{"x":1449072000000,"y":41,"sc":"351"},{"x":1449158400000,"y":40,"sc":"353"},{"x":1449417600000,"y":43,"sc":"353"},{"x":1449504000000,"y":41,"sc":"353"},{"x":1449590400000,"y":43,"sc":"353"},{"x":1449676800000,"y":39,"sc":"353"},{"x":1449763200000,"y":42,"sc":"353"},{"x":1450022400000,"y":49,"sc":"352"},{"x":1450108800000,"y":51,"sc":"352"},{"x":1450195200000,"y":51,"sc":"352"},{"x":1450281600000,"y":49,"sc":"352"},{"x":1450368000000,"y":51,"sc":"351"},{"x":1450627200000,"y":59,"sc":"351"},{"x":1450713600000,"y":59,"sc":"351"},{"x":1450800000000,"y":59,"sc":"351"},{"x":1450886400000,"y":64,"sc":"351"},{"x":1450972800000,"y":62,"sc":"352"},{"x":1451232000000,"y":64,"sc":"354"},{"x":1451318400000,"y":65,"sc":"354"},{"x":1451404800000,"y":72,"sc":"356"},{"x":1451491200000,"y":73,"sc":"356"},{"x":1451836800000,"y":65,"sc":"356"},{"x":1451923200000,"y":70,"sc":"356"},{"x":1452009600000,"y":58,"sc":"356"},{"x":1452096000000,"y":78,"sc":"356"},{"x":1452182400000,"y":86,"sc":"356"},{"x":1452441600000,"y":88,"sc":"356"},{"x":1452528000000,"y":85,"sc":"356"},{"x":1452614400000,"y":84,"sc":"356"},{"x":1452700800000,"y":83,"sc":"356"},{"x":1452787200000,"y":84,"sc":"356"},{"x":1453046400000,"y":84,"sc":"356"},{"x":1453132800000,"y":86,"sc":"356"},{"x":1453219200000,"y":70,"sc":"356"},{"x":1453305600000,"y":70,"sc":"357"},{"x":1453392000000,"y":68,"sc":"358"},{"x":1453651200000,"y":69,"sc":"360"},{"x":1453737600000,"y":66,"sc":"360"},{"x":1453824000000,"y":61,"sc":"360"},{"x":1453910400000,"y":67,"sc":"360"},{"x":1453996800000,"y":71,"sc":"360"},{"x":1454256000000,"y":66,"sc":"360"},{"x":1454342400000,"y":65,"sc":"360"},{"x":1454428800000,"y":67,"sc":"360"},{"x":1454515200000,"y":69,"sc":"365"},{"x":1454601600000,"y":71,"sc":"366"},{"x":1455465600000,"y":73,"sc":"369"},{"x":1455552000000,"y":71,"sc":"369"},{"x":1455638400000,"y":71,"sc":"369"},{"x":1455724800000,"y":68,"sc":"369"},{"x":1455811200000,"y":67,"sc":"369"},{"x":1456070400000,"y":66,"sc":"369"},{"x":1456156800000,"y":70,"sc":"370"},{"x":1456243200000,"y":79,"sc":"373"},{"x":1456329600000,"y":79,"sc":"373"},{"x":1456416000000,"y":83,"sc":"375"},{"x":1456675200000,"y":75,"sc":"375"},{"x":1456761600000,"y":68,"sc":"376"},{"x":1456848000000,"y":70,"sc":"376"},{"x":1456934400000,"y":73,"sc":"376"},{"x":1457020800000,"y":76,"sc":"376"},{"x":1457280000000,"y":71,"sc":"376"},{"x":1457366400000,"y":71,"sc":"380"},{"x":1457452800000,"y":69,"sc":"380"},{"x":1457539200000,"y":72,"sc":"380"},{"x":1457625600000,"y":72,"sc":"381"},{"x":1457884800000,"y":78,"sc":"381"},{"x":1457971200000,"y":75,"sc":"380"},{"x":1458057600000,"y":72,"sc":"382"},{"x":1458144000000,"y":76,"sc":"383"},{"x":1458230400000,"y":76,"sc":"383"},{"x":1458489600000,"y":65,"sc":"383"},{"x":1458576000000,"y":63,"sc":"385"},{"x":1458662400000,"y":65,"sc":"385"},{"x":1458748800000,"y":58,"sc":"385"},{"x":1458835200000,"y":56,"sc":"391"},{"x":1459094400000,"y":53,"sc":"391"},{"x":1459180800000,"y":50,"sc":"391"},{"x":1459267200000,"y":48,"sc":"391"},{"x":1459353600000,"y":47,"sc":"392"},{"x":1459440000000,"y":38,"sc":"392"},{"x":1459785600000,"y":35,"sc":"392"},{"x":1459872000000,"y":43,"sc":"392"},{"x":1459958400000,"y":38,"sc":"392"},{"x":1460044800000,"y":36,"sc":"392"},{"x":1460304000000,"y":43,"sc":"394"},{"x":1460390400000,"y":46,"sc":"394"},{"x":1460476800000,"y":42,"sc":"394"},{"x":1460563200000,"y":41,"sc":"394"},{"x":1460649600000,"y":39,"sc":"394"},{"x":1460908800000,"y":36,"sc":"394"},{"x":1460995200000,"y":35,"sc":"394"},{"x":1461081600000,"y":45,"sc":"394"},{"x":1461168000000,"y":45,"sc":"394"},{"x":1461254400000,"y":48,"sc":"394"},{"x":1461513600000,"y":47,"sc":"394"},{"x":1461600000000,"y":50,"sc":"394"},{"x":1461686400000,"y":47,"sc":"394"},{"x":1461772800000,"y":45,"sc":"394"},{"x":1461859200000,"y":43,"sc":"394"},{"x":1462204800000,"y":38,"sc":"394"},{"x":1462291200000,"y":38,"sc":"394"},{"x":1462377600000,"y":37,"sc":"400"},{"x":1462464000000,"y":37,"sc":"400"},{"x":1462723200000,"y":33,"sc":"400"},{"x":1462809600000,"y":33,"sc":"400"},{"x":1462896000000,"y":34,"sc":"400"},{"x":1462982400000,"y":34,"sc":"400"},{"x":1463068800000,"y":32,"sc":"400"},{"x":1463328000000,"y":37,"sc":"400"},{"x":1463414400000,"y":35,"sc":"400"},{"x":1463500800000,"y":39,"sc":"400"},{"x":1463587200000,"y":38,"sc":"400"},{"x":1463673600000,"y":35,"sc":"400"},{"x":1463932800000,"y":40,"sc":"400"},{"x":1464019200000,"y":41,"sc":"400"},{"x":1464105600000,"y":43,"sc":"400"},{"x":1464192000000,"y":43,"sc":"400"},{"x":1464278400000,"y":39,"sc":"400"},{"x":1464537600000,"y":44,"sc":"400"},{"x":1464624000000,"y":43,"sc":"400"},{"x":1464710400000,"y":40,"sc":"400"},{"x":1464796800000,"y":40,"sc":"400"},{"x":1464883200000,"y":38,"sc":"400"},{"x":1465142400000,"y":38,"sc":"402"},{"x":1465228800000,"y":36,"sc":"402"},{"x":1465315200000,"y":36,"sc":"402"},{"x":1465747200000,"y":32,"sc":"402"},{"x":1465833600000,"y":32,"sc":"402"},{"x":1465920000000,"y":34,"sc":"403"},{"x":1466006400000,"y":31,"sc":"403"},{"x":1466092800000,"y":29,"sc":"403"},{"x":1466352000000,"y":28,"sc":"403"},{"x":1466438400000,"y":37,"sc":"404"},{"x":1466524800000,"y":35,"sc":"404"},{"x":1466611200000,"y":38,"sc":"404"},{"x":1466697600000,"y":39,"sc":"404"},{"x":1466956800000,"y":40,"sc":"404"},{"x":1467043200000,"y":39,"sc":"404"},{"x":1467129600000,"y":39,"sc":"404"},{"x":1467216000000,"y":38,"sc":"404"},{"x":1467302400000,"y":38,"sc":"404"},{"x":1467561600000,"y":39,"sc":"404"},{"x":1467648000000,"y":37,"sc":"404"},{"x":1467734400000,"y":36,"sc":"404"},{"x":1467820800000,"y":38,"sc":"404"},{"x":1467907200000,"y":40,"sc":"404"},{"x":1468166400000,"y":38,"sc":"404"},{"x":1468252800000,"y":38,"sc":"404"},{"x":1468339200000,"y":39,"sc":"404"},{"x":1468425600000,"y":41,"sc":"404"},{"x":1468512000000,"y":38,"sc":"404"},{"x":1468771200000,"y":38,"sc":"404"},{"x":1468857600000,"y":36,"sc":"404"},{"x":1468944000000,"y":37,"sc":"405"},{"x":1469030400000,"y":36,"sc":"405"},{"x":1469116800000,"y":38,"sc":"405"},{"x":1469376000000,"y":36,"sc":"405"},{"x":1469462400000,"y":35,"sc":"405"},{"x":1469548800000,"y":35,"sc":"405"},{"x":1469635200000,"y":35,"sc":"407"},{"x":1469721600000,"y":36,"sc":"407"},{"x":1469980800000,"y":32,"sc":"407"},{"x":1470067200000,"y":39,"sc":"407"},{"x":1470153600000,"y":37,"sc":"407"},{"x":1470240000000,"y":37,"sc":"409"},{"x":1470326400000,"y":40,"sc":"409"},{"x":1470585600000,"y":43,"sc":"412"},{"x":1470672000000,"y":39,"sc":"413"},{"x":1470758400000,"y":37,"sc":"413"},{"x":1470844800000,"y":35,"sc":"413"},{"x":1470931200000,"y":36,"sc":"413"},{"x":1471190400000,"y":34,"sc":"413"},{"x":1471276800000,"y":31,"sc":"413"},{"x":1471363200000,"y":30,"sc":"414"},{"x":1471449600000,"y":28,"sc":"415"},{"x":1471536000000,"y":33,"sc":"415"},{"x":1471795200000,"y":42,"sc":"416"},{"x":1471881600000,"y":37,"sc":"416"},{"x":1471968000000,"y":40,"sc":"416"},{"x":1472054400000,"y":34,"sc":"416"},{"x":1472140800000,"y":40,"sc":"416"},{"x":1472400000000,"y":35,"sc":"416"},{"x":1472486400000,"y":39,"sc":"416"},{"x":1472572800000,"y":39,"sc":"416"},{"x":1472659200000,"y":36,"sc":"416"},{"x":1472745600000,"y":38,"sc":"417"},{"x":1473004800000,"y":37,"sc":"421"},{"x":1473091200000,"y":38,"sc":"421"},{"x":1473177600000,"y":37,"sc":"421"},{"x":1473264000000,"y":36,"sc":"423"},{"x":1473350400000,"y":37,"sc":"424"},{"x":1473609600000,"y":40,"sc":"424"},{"x":1473696000000,"y":41,"sc":"424"},{"x":1473782400000,"y":40,"sc":"424"},{"x":1474214400000,"y":42,"sc":"424"},{"x":1474300800000,"y":46,"sc":"424"},{"x":1474387200000,"y":44,"sc":"424"},{"x":1474473600000,"y":44,"sc":"427"},{"x":1474560000000,"y":44,"sc":"427"},{"x":1474819200000,"y":46,"sc":"430"},{"x":1474905600000,"y":46,"sc":"430"},{"x":1474992000000,"y":52,"sc":"430"},{"x":1475078400000,"y":57,"sc":"432"},{"x":1475164800000,"y":64,"sc":"432"},{"x":1476028800000,"y":55,"sc":"434"},{"x":1476115200000,"y":56,"sc":"434"},{"x":1476201600000,"y":56,"sc":"435"},{"x":1476288000000,"y":53,"sc":"437"},{"x":1476374400000,"y":51,"sc":"435"},{"x":1476633600000,"y":56,"sc":"436"},{"x":1476720000000,"y":55,"sc":"438"},{"x":1476806400000,"y":59,"sc":"437"},{"x":1476892800000,"y":54,"sc":"437"},{"x":1476979200000,"y":56,"sc":"437"},{"x":1477238400000,"y":63,"sc":"440"},{"x":1477324800000,"y":65,"sc":"440"},{"x":1477411200000,"y":62,"sc":"441"},{"x":1477497600000,"y":61,"sc":"441"},{"x":1477584000000,"y":64,"sc":"445"},{"x":1477843200000,"y":64,"sc":"447"},{"x":1477929600000,"y":63,"sc":"447"},{"x":1478016000000,"y":67,"sc":"447"},{"x":1478102400000,"y":65,"sc":"447"},{"x":1478188800000,"y":70,"sc":"448"},{"x":1478448000000,"y":70,"sc":"450"},{"x":1478534400000,"y":69,"sc":"450"},{"x":1478620800000,"y":73,"sc":"450"},{"x":1478707200000,"y":74,"sc":"450"},{"x":1478793600000,"y":76,"sc":"450"},{"x":1479052800000,"y":77,"sc":"450"},{"x":1479139200000,"y":79,"sc":"450"},{"x":1479225600000,"y":81,"sc":"450"},{"x":1479312000000,"y":82,"sc":"450"},{"x":1479398400000,"y":82,"sc":"450"},{"x":1479657600000,"y":84,"sc":"451"},{"x":1479744000000,"y":84,"sc":"451"},{"x":1479830400000,"y":85,"sc":"451"},{"x":1479916800000,"y":89,"sc":"451"},{"x":1480003200000,"y":92,"sc":"451"},{"x":1480262400000,"y":94,"sc":"451"},{"x":1480348800000,"y":101,"sc":"452"},{"x":1480435200000,"y":99,"sc":"452"},{"x":1480521600000,"y":102,"sc":"452"},{"x":1480608000000,"y":99,"sc":"455"},{"x":1480867200000,"y":104,"sc":"455"},{"x":1480953600000,"y":107,"sc":"455"},{"x":1481040000000,"y":114,"sc":"455"},{"x":1481126400000,"y":118,"sc":"455"},{"x":1481212800000,"y":112,"sc":"456"},{"x":1481472000000,"y":115,"sc":"457"},{"x":1481558400000,"y":110,"sc":"458"},{"x":1481644800000,"y":109,"sc":"458"},{"x":1481731200000,"y":99,"sc":"458"},{"x":1481817600000,"y":87,"sc":"458"},{"x":1482076800000,"y":95,"sc":"458"},{"x":1482163200000,"y":88,"sc":"458"},{"x":1482249600000,"y":86,"sc":"458"},{"x":1482336000000,"y":81,"sc":"459"},{"x":1482422400000,"y":85,"sc":"463"},{"x":1482681600000,"y":76,"sc":"464"},{"x":1482768000000,"y":78,"sc":"464"},{"x":1482854400000,"y":70,"sc":"466"},{"x":1482940800000,"y":71,"sc":"466"},{"x":1483027200000,"y":62,"sc":"469"},{"x":1483372800000,"y":57,"sc":"469"},{"x":1483459200000,"y":59,"sc":"468"},{"x":1483545600000,"y":57,"sc":"469"},{"x":1483632000000,"y":57,"sc":"469"},{"x":1483891200000,"y":76,"sc":"469"},{"x":1483977600000,"y":72,"sc":"469"},{"x":1484064000000,"y":73,"sc":"469"},{"x":1484150400000,"y":75,"sc":"469"},{"x":1484236800000,"y":71,"sc":"469"},{"x":1484496000000,"y":68,"sc":"472"},{"x":1484582400000,"y":63,"sc":"474"},{"x":1484668800000,"y":59,"sc":"476"},{"x":1484755200000,"y":56,"sc":"476"},{"x":1484841600000,"y":55,"sc":"476"},{"x":1485100800000,"y":56,"sc":"481"},{"x":1485187200000,"y":60,"sc":"482"},{"x":1485273600000,"y":59,"sc":"484"},{"x":1485360000000,"y":64,"sc":"485"},{"x":1486051200000,"y":55,"sc":"489"},{"x":1486310400000,"y":55,"sc":"491"},{"x":1486396800000,"y":56,"sc":"491"},{"x":1486483200000,"y":52,"sc":"491"},{"x":1486569600000,"y":50,"sc":"491"},{"x":1486656000000,"y":48,"sc":"494"},{"x":1486915200000,"y":51,"sc":"496"},{"x":1487001600000,"y":49,"sc":"496"},{"x":1487088000000,"y":49,"sc":"496"},{"x":1487174400000,"y":49,"sc":"496"},{"x":1487260800000,"y":49,"sc":"496"},{"x":1487520000000,"y":48,"sc":"496"},{"x":1487606400000,"y":49,"sc":"496"},{"x":1487692800000,"y":49,"sc":"496"},{"x":1487779200000,"y":50,"sc":"498"},{"x":1487865600000,"y":50,"sc":"500"},{"x":1488124800000,"y":51,"sc":"503"},{"x":1488211200000,"y":53,"sc":"503"},{"x":1488297600000,"y":53,"sc":"503"},{"x":1488384000000,"y":51,"sc":"511"},{"x":1488470400000,"y":50,"sc":"511"},{"x":1488729600000,"y":51,"sc":"513"},{"x":1488816000000,"y":54,"sc":"515"},{"x":1488902400000,"y":51,"sc":"516"},{"x":1488988800000,"y":51,"sc":"518"},{"x":1489075200000,"y":52,"sc":"518"},{"x":1489334400000,"y":50,"sc":"518"},{"x":1489420800000,"y":52,"sc":"518"},{"x":1489507200000,"y":52,"sc":"518"},{"x":1489593600000,"y":51,"sc":"520"},{"x":1489680000000,"y":52,"sc":"520"},{"x":1489939200000,"y":57,"sc":"522"},{"x":1490025600000,"y":56,"sc":"522"},{"x":1490112000000,"y":58,"sc":"524"},{"x":1490198400000,"y":58,"sc":"530"},{"x":1490284800000,"y":60,"sc":"530"},{"x":1490544000000,"y":71,"sc":"534"},{"x":1490630400000,"y":67,"sc":"535"},{"x":1490716800000,"y":65,"sc":"535"},{"x":1490803200000,"y":70,"sc":"538"},{"x":1490889600000,"y":69,"sc":"538"},{"x":1491321600000,"y":63,"sc":"538"},{"x":1491408000000,"y":65,"sc":"540"},{"x":1491494400000,"y":61,"sc":"540"},{"x":1491753600000,"y":68,"sc":"540"},{"x":1491840000000,"y":65,"sc":"540"},{"x":1491926400000,"y":74,"sc":"540"},{"x":1492012800000,"y":78,"sc":"541"},{"x":1492099200000,"y":68,"sc":"541"},{"x":1492358400000,"y":83,"sc":"543"},{"x":1492444800000,"y":86,"sc":"543"},{"x":1492531200000,"y":91,"sc":"543"},{"x":1492617600000,"y":97,"sc":"545"},{"x":1492704000000,"y":89,"sc":"545"},{"x":1492963200000,"y":101,"sc":"545"},{"x":1493049600000,"y":100,"sc":"547"},{"x":1493136000000,"y":91,"sc":"549"},{"x":1493222400000,"y":90,"sc":"549"},{"x":1493308800000,"y":79,"sc":"549"},{"x":1493654400000,"y":103,"sc":"549"},{"x":1493740800000,"y":106,"sc":"550"},{"x":1493827200000,"y":103,"sc":"550"},{"x":1493913600000,"y":124,"sc":"550"},{"x":1494172800000,"y":116,"sc":"550"},{"x":1494259200000,"y":117,"sc":"550"},{"x":1494345600000,"y":118,"sc":"550"},{"x":1494432000000,"y":117,"sc":"550"},{"x":1494518400000,"y":138,"sc":"550"},{"x":1494777600000,"y":127,"sc":"554"},{"x":1494864000000,"y":131,"sc":"556"},{"x":1494950400000,"y":134,"sc":"560"},{"x":1495036800000,"y":128,"sc":"560"},{"x":1495123200000,"y":147,"sc":"560"},{"x":1495382400000,"y":139,"sc":"560"},{"x":1495468800000,"y":142,"sc":"562"},{"x":1495555200000,"y":139,"sc":"564"},{"x":1495641600000,"y":132,"sc":"564"},{"x":1495728000000,"y":145,"sc":"564"},{"x":1496160000000,"y":134,"sc":"564"},{"x":1496246400000,"y":140,"sc":"564"},{"x":1496332800000,"y":140,"sc":"564"},{"x":1496592000000,"y":138,"sc":"566"},{"x":1496678400000,"y":142,"sc":"566"},{"x":1496764800000,"y":132,"sc":"566"},{"x":1496851200000,"y":140,"sc":"566"},{"x":1496937600000,"y":142,"sc":"566"},{"x":1497196800000,"y":137,"sc":"574"},{"x":1497283200000,"y":136,"sc":"574"},{"x":1497369600000,"y":129,"sc":"575"},{"x":1497456000000,"y":132,"sc":"575"},{"x":1497542400000,"y":136,"sc":"575"},{"x":1497801600000,"y":130,"sc":"577"},{"x":1497888000000,"y":132,"sc":"577"},{"x":1497974400000,"y":129,"sc":"575"},{"x":1498060800000,"y":134,"sc":"575"},{"x":1498147200000,"y":138,"sc":"576"},{"x":1498406400000,"y":140,"sc":"579"},{"x":1498492800000,"y":130,"sc":"579"},{"x":1498579200000,"y":130,"sc":"579"},{"x":1498665600000,"y":126,"sc":"579"},{"x":1498752000000,"y":124,"sc":"582"},{"x":1499011200000,"y":104,"sc":"582"},{"x":1499097600000,"y":140,"sc":"582"},{"x":1499184000000,"y":131,"sc":"583"},{"x":1499270400000,"y":121,"sc":"583"},{"x":1499356800000,"y":124,"sc":"583"},{"x":1499616000000,"y":123,"sc":"583"},{"x":1499702400000,"y":125,"sc":"583"},{"x":1499788800000,"y":123,"sc":"583"},{"x":1499875200000,"y":118,"sc":"583"},{"x":1499961600000,"y":121,"sc":"586"},{"x":1500220800000,"y":126,"sc":"586"},{"x":1500307200000,"y":126,"sc":"586"},{"x":1500393600000,"y":125,"sc":"589"},{"x":1500480000000,"y":123,"sc":"589"},{"x":1500566400000,"y":126,"sc":"593"},{"x":1500825600000,"y":130,"sc":"593"},{"x":1500912000000,"y":131,"sc":"593"},{"x":1500998400000,"y":130,"sc":"594"},{"x":1501084800000,"y":124,"sc":"594"},{"x":1501171200000,"y":125,"sc":"594"},{"x":1501430400000,"y":108,"sc":"594"},{"x":1501516800000,"y":128,"sc":"594"},{"x":1501603200000,"y":131,"sc":"594"},{"x":1501689600000,"y":129,"sc":"594"},{"x":1501776000000,"y":127,"sc":"594"},{"x":1502035200000,"y":126,"sc":"596"},{"x":1502121600000,"y":129,"sc":"596"},{"x":1502208000000,"y":131,"sc":"596"},{"x":1502294400000,"y":132,"sc":"596"},{"x":1502380800000,"y":130,"sc":"596"},{"x":1502640000000,"y":133,"sc":"596"},{"x":1502726400000,"y":133,"sc":"596"},{"x":1502812800000,"y":135,"sc":"596"},{"x":1502899200000,"y":137,"sc":"596"},{"x":1502985600000,"y":137,"sc":"596"},{"x":1503244800000,"y":139,"sc":"597"},{"x":1503331200000,"y":139,"sc":"597"},{"x":1503417600000,"y":139,"sc":"597"},{"x":1503504000000,"y":140,"sc":"596"},{"x":1503590400000,"y":137,"sc":"596"},{"x":1503849600000,"y":121,"sc":"600"},{"x":1503936000000,"y":115,"sc":"600"},{"x":1504022400000,"y":157,"sc":"600"},{"x":1504108800000,"y":156,"sc":"601"},{"x":1504195200000,"y":151,"sc":"601"},{"x":1504454400000,"y":155,"sc":"601"},{"x":1504540800000,"y":155,"sc":"601"},{"x":1504627200000,"y":156,"sc":"601"},{"x":1504713600000,"y":159,"sc":"601"},{"x":1504800000000,"y":153,"sc":"601"},{"x":1505059200000,"y":158,"sc":"603"},{"x":1505145600000,"y":160,"sc":"603"},{"x":1505232000000,"y":161,"sc":"603"},{"x":1505318400000,"y":171,"sc":"605"},{"x":1505404800000,"y":174,"sc":"605"},{"x":1505664000000,"y":181,"sc":"606"},{"x":1505750400000,"y":182,"sc":"606"},{"x":1505836800000,"y":184,"sc":"603"},{"x":1505923200000,"y":182,"sc":"603"},{"x":1506009600000,"y":183,"sc":"603"},{"x":1506268800000,"y":186,"sc":"603"},{"x":1506355200000,"y":184,"sc":"603"},{"x":1506441600000,"y":185,"sc":"604"},{"x":1506528000000,"y":183,"sc":"604"},{"x":1506614400000,"y":184,"sc":"606"},{"x":1507478400000,"y":205,"sc":"606"},{"x":1507564800000,"y":215,"sc":"607"},{"x":1507651200000,"y":223,"sc":"607"},{"x":1507737600000,"y":228,"sc":"611"},{"x":1507824000000,"y":230,"sc":"611"},{"x":1508083200000,"y":238,"sc":"612"},{"x":1508169600000,"y":246,"sc":"612"},{"x":1508256000000,"y":248,"sc":"611"},{"x":1508342400000,"y":249,"sc":"611"},{"x":1508428800000,"y":251,"sc":"611"},{"x":1508688000000,"y":255,"sc":"606"},{"x":1508774400000,"y":255,"sc":"606"},{"x":1508860800000,"y":255,"sc":"607"},{"x":1508947200000,"y":259,"sc":"607"},{"x":1509033600000,"y":260,"sc":"607"},{"x":1509292800000,"y":272,"sc":"609"},{"x":1509379200000,"y":278,"sc":"610"},{"x":1509465600000,"y":282,"sc":"610"},{"x":1509552000000,"y":287,"sc":"613"},{"x":1509638400000,"y":291,"sc":"617"},{"x":1509897600000,"y":298,"sc":"621"},{"x":1509984000000,"y":298,"sc":"621"},{"x":1510070400000,"y":305,"sc":"621"},{"x":1510156800000,"y":305,"sc":"623"},{"x":1510243200000,"y":310,"sc":"623"},{"x":1510502400000,"y":318,"sc":"633"},{"x":1510588800000,"y":319,"sc":"635"},{"x":1510675200000,"y":319,"sc":"635"},{"x":1510761600000,"y":321,"sc":"635"},{"x":1510848000000,"y":319,"sc":"636"},{"x":1511107200000,"y":321,"sc":"636"},{"x":1511193600000,"y":322,"sc":"636"},{"x":1511280000000,"y":322,"sc":"636"},{"x":1511366400000,"y":325,"sc":"636"},{"x":1511452800000,"y":329,"sc":"637"},{"x":1511712000000,"y":336,"sc":"640"},{"x":1511798400000,"y":340,"sc":"640"},{"x":1511884800000,"y":341,"sc":"640"},{"x":1511971200000,"y":343,"sc":"641"},{"x":1512057600000,"y":344,"sc":"643"},{"x":1512316800000,"y":346,"sc":"643"},{"x":1512403200000,"y":344,"sc":"643"},{"x":1512489600000,"y":344,"sc":"643"},{"x":1512576000000,"y":346,"sc":"644"},{"x":1512662400000,"y":344,"sc":"652"},{"x":1512921600000,"y":347,"sc":"652"},{"x":1513008000000,"y":353,"sc":"653"},{"x":1513094400000,"y":356,"sc":"653"},{"x":1513180800000,"y":355,"sc":"654"},{"x":1513267200000,"y":357,"sc":"656"},{"x":1513526400000,"y":354,"sc":"656"},{"x":1513612800000,"y":355,"sc":"656"},{"x":1513699200000,"y":358,"sc":"656"},{"x":1513785600000,"y":356,"sc":"655"},{"x":1513872000000,"y":357,"sc":"655"},{"x":1514131200000,"y":345,"sc":"655"},{"x":1514217600000,"y":341,"sc":"655"},{"x":1514304000000,"y":340,"sc":"654"},{"x":1514390400000,"y":350,"sc":"655"},{"x":1514476800000,"y":359,"sc":"655"},{"x":1514822400000,"y":349,"sc":"655"},{"x":1514908800000,"y":341,"sc":"655"},{"x":1514995200000,"y":330,"sc":"655"},{"x":1515081600000,"y":309,"sc":"655"},{"x":1515340800000,"y":376,"sc":"655"},{"x":1515427200000,"y":376,"sc":"655"},{"x":1515513600000,"y":370,"sc":"656"},{"x":1515600000000,"y":369,"sc":"657"},{"x":1515686400000,"y":364,"sc":"657"},{"x":1515945600000,"y":355,"sc":"657"},{"x":1516032000000,"y":350,"sc":"657"},{"x":1516118400000,"y":348,"sc":"657"},{"x":1516204800000,"y":348,"sc":"657"},{"x":1516291200000,"y":348,"sc":"657"},{"x":1516550400000,"y":343,"sc":"657"},{"x":1516636800000,"y":340,"sc":"657"},{"x":1516723200000,"y":340,"sc":"657"},{"x":1516809600000,"y":336,"sc":"657"},{"x":1516896000000,"y":335,"sc":"655"},{"x":1517155200000,"y":330,"sc":"656"},{"x":1517241600000,"y":329,"sc":"656"},{"x":1517328000000,"y":324,"sc":"656"},{"x":1517414400000,"y":326,"sc":"656"},{"x":1517500800000,"y":322,"sc":"656"},{"x":1517760000000,"y":315,"sc":"656"}];
/*百分比排名*/
var Data_rateInSimilarPersent = [[1425484800000,41.2200],[1425571200000,41.2200],[1425830400000,40.2000],[1425916800000,37.8400],[1426003200000,37.8400],[1426089600000,38.7200],[1426176000000,37.7100],[1426435200000,35.7900],[1426521600000,35.7900],[1426608000000,35.7900],[1426694400000,38.1600],[1426780800000,37.5000],[1427040000000,37.1700],[1427126400000,37.1700],[1427212800000,35.8600],[1427299200000,38.5600],[1427385600000,38.5600],[1427644800000,38.1100],[1427731200000,38.8300],[1427817600000,38.4400],[1427904000000,40.7200],[1427990400000,42.0200],[1428336000000,40.3900],[1428422400000,40.7200],[1428508800000,42.3500],[1428595200000,43.6500],[1428854400000,38.7600],[1428940800000,39.7400],[1429027200000,38.1100],[1429113600000,35.4800],[1429200000000,39.0300],[1429459200000,37.6200],[1429545600000,36.9800],[1429632000000,37.3800],[1429718400000,39.0500],[1429804800000,41.2100],[1430064000000,40.5800],[1430150400000,40.4500],[1430236800000,51.2700],[1430323200000,51.5900],[1430668800000,53.9700],[1430755200000,53.0200],[1430841600000,53.9700],[1430928000000,53.9700],[1431014400000,52.3800],[1431273600000,48.4200],[1431360000000,52.2200],[1431446400000,53.4800],[1431532800000,53.7700],[1431619200000,50.6300],[1431878400000,52.2200],[1431964800000,55.0600],[1432051200000,53.4800],[1432137600000,51.9000],[1432224000000,53.1600],[1432483200000,48.4200],[1432569600000,50.9500],[1432656000000,50.6300],[1432742400000,54.4300],[1432828800000,53.1600],[1433088000000,53.8000],[1433174400000,54.2600],[1433260800000,54.2600],[1433347200000,54.8900],[1433433600000,53.3100],[1433692800000,57.1000],[1433779200000,56.1500],[1433865600000,56.1500],[1433952000000,61.7600],[1434038400000,59.8700],[1434297600000,64.2600],[1434384000000,68.9700],[1434470400000,67.4000],[1434556800000,66.1400],[1434643200000,62.6200],[1434988800000,61.7600],[1435075200000,60.3100],[1435161600000,61.2500],[1435248000000,58.0700],[1435507200000,59.8100],[1435593600000,61.3700],[1435680000000,59.1900],[1435766400000,58.5700],[1435852800000,57.8900],[1436112000000,57.2800],[1436198400000,55.7300],[1436284800000,55.7300],[1436371200000,54.8000],[1436457600000,54.8000],[1436716800000,56.9700],[1436803200000,58.1500],[1436889600000,59.4400],[1436976000000,57.8500],[1437062400000,55.4200],[1437321600000,56.0400],[1437408000000,55.1100],[1437494400000,57.5900],[1437580800000,57.5900],[1437667200000,55.2100],[1437926400000,54.3200],[1438012800000,54.6300],[1438099200000,54.0100],[1438185600000,53.5400],[1438272000000,53.2300],[1438531200000,52.9200],[1438617600000,53.5200],[1438704000000,56.00],[1438790400000,54.4600],[1438876800000,54.5700],[1439136000000,56.4000],[1439222400000,57.9300],[1439308800000,55.7900],[1439395200000,55.4900],[1439481600000,60.3000],[1439740800000,63.0300],[1439827200000,64.6500],[1439913600000,64.0500],[1440000000000,65.2600],[1440086400000,67.3700],[1440345600000,67.3700],[1440432000000,67.9800],[1440518400000,65.3600],[1440604800000,65.0600],[1440691200000,63.1700],[1440950400000,63.2500],[1441036800000,63.5500],[1441123200000,62.9500],[1441555200000,65.6600],[1441641600000,64.4600],[1441728000000,64.1600],[1441814400000,63.4400],[1441900800000,62.5400],[1442160000000,67.7700],[1442246400000,65.3600],[1442332800000,62.9500],[1442419200000,63.8600],[1442505600000,65.9600],[1442764800000,71.0400],[1442851200000,70.4500],[1442937600000,70.7500],[1443024000000,73.1300],[1443110400000,73.00],[1443369600000,73.9800],[1443456000000,73.3900],[1443542400000,72.8100],[1444233600000,76.7400],[1444320000000,79.6500],[1444579200000,81.5800],[1444665600000,82.6500],[1444752000000,82.1600],[1444838400000,82.7000],[1444924800000,82.5100],[1445184000000,82.4600],[1445270400000,82.1600],[1445356800000,83.4300],[1445443200000,82.3200],[1445529600000,82.6100],[1445788800000,84.3500],[1445875200000,84.6400],[1445961600000,84.6400],[1446048000000,80.8700],[1446134400000,80.6900],[1446393600000,80.8700],[1446480000000,82.6100],[1446566400000,81.7400],[1446652800000,80.5800],[1446739200000,80.5800],[1446998400000,81.9000],[1447084800000,84.00],[1447171200000,82.4700],[1447257600000,83.0500],[1447344000000,83.7100],[1447603200000,82.2900],[1447689600000,82.5700],[1447776000000,82.5700],[1447862400000,82.1000],[1447948800000,83.1400],[1448208000000,84.4200],[1448294400000,86.9700],[1448380800000,88.6000],[1448467200000,88.3200],[1448553600000,88.1000],[1448812800000,87.8200],[1448899200000,88.3900],[1448985600000,88.6000],[1449072000000,88.3200],[1449158400000,88.6700],[1449417600000,87.8200],[1449504000000,88.3900],[1449590400000,87.8200],[1449676800000,88.9500],[1449763200000,88.1000],[1450022400000,86.0800],[1450108800000,85.5100],[1450195200000,85.5100],[1450281600000,86.0800],[1450368000000,85.4700],[1450627200000,83.1900],[1450713600000,83.1900],[1450800000000,83.1900],[1450886400000,81.7700],[1450972800000,82.3900],[1451232000000,81.9200],[1451318400000,81.6400],[1451404800000,79.7800],[1451491200000,79.4900],[1451836800000,81.7400],[1451923200000,80.3400],[1452009600000,83.7100],[1452096000000,78.0900],[1452182400000,75.8400],[1452441600000,75.2800],[1452528000000,76.1200],[1452614400000,76.4000],[1452700800000,76.6900],[1452787200000,76.4000],[1453046400000,76.4000],[1453132800000,75.8400],[1453219200000,80.3400],[1453305600000,80.3900],[1453392000000,81.0100],[1453651200000,80.8300],[1453737600000,81.6700],[1453824000000,83.0600],[1453910400000,81.3900],[1453996800000,80.2800],[1454256000000,81.6700],[1454342400000,81.9400],[1454428800000,81.3900],[1454515200000,81.1000],[1454601600000,80.6000],[1455465600000,80.2200],[1455552000000,80.7600],[1455638400000,80.7600],[1455724800000,81.5700],[1455811200000,81.8400],[1456070400000,82.1100],[1456156800000,81.0800],[1456243200000,78.8200],[1456329600000,78.8200],[1456416000000,77.8700],[1456675200000,80.00],[1456761600000,81.9100],[1456848000000,81.3800],[1456934400000,80.5900],[1457020800000,79.7900],[1457280000000,81.1200],[1457366400000,81.3200],[1457452800000,81.8400],[1457539200000,81.0500],[1457625600000,81.1000],[1457884800000,79.5300],[1457971200000,80.2600],[1458057600000,81.1500],[1458144000000,80.1600],[1458230400000,80.1600],[1458489600000,83.0300],[1458576000000,83.6400],[1458662400000,83.1200],[1458748800000,84.9400],[1458835200000,85.6800],[1459094400000,86.4500],[1459180800000,87.2100],[1459267200000,87.7200],[1459353600000,88.0100],[1459440000000,90.3100],[1459785600000,91.0700],[1459872000000,89.0300],[1459958400000,90.3100],[1460044800000,90.8200],[1460304000000,89.0900],[1460390400000,88.3200],[1460476800000,89.3400],[1460563200000,89.5900],[1460649600000,90.1000],[1460908800000,90.8600],[1460995200000,91.1200],[1461081600000,88.5800],[1461168000000,88.5800],[1461254400000,87.8200],[1461513600000,88.0700],[1461600000000,87.3100],[1461686400000,88.0700],[1461772800000,88.5800],[1461859200000,89.0900],[1462204800000,90.3600],[1462291200000,90.3600],[1462377600000,90.7500],[1462464000000,90.7500],[1462723200000,91.7500],[1462809600000,91.7500],[1462896000000,91.5000],[1462982400000,91.5000],[1463068800000,92.00],[1463328000000,90.7500],[1463414400000,91.2500],[1463500800000,90.2500],[1463587200000,90.5000],[1463673600000,91.2500],[1463932800000,90.00],[1464019200000,89.7500],[1464105600000,89.2500],[1464192000000,89.2500],[1464278400000,90.2500],[1464537600000,89.00],[1464624000000,89.2500],[1464710400000,90.00],[1464796800000,90.00],[1464883200000,90.5000],[1465142400000,90.5500],[1465228800000,91.0400],[1465315200000,91.0400],[1465747200000,92.0400],[1465833600000,92.0400],[1465920000000,91.5600],[1466006400000,92.3100],[1466092800000,92.8000],[1466352000000,93.0500],[1466438400000,90.8400],[1466524800000,91.3400],[1466611200000,90.5900],[1466697600000,90.3500],[1466956800000,90.1000],[1467043200000,90.3500],[1467129600000,90.3500],[1467216000000,90.5900],[1467302400000,90.5900],[1467561600000,90.3500],[1467648000000,90.8400],[1467734400000,91.0900],[1467820800000,90.5900],[1467907200000,90.1000],[1468166400000,90.5900],[1468252800000,90.5900],[1468339200000,90.3500],[1468425600000,89.8500],[1468512000000,90.5900],[1468771200000,90.5900],[1468857600000,91.0900],[1468944000000,90.8600],[1469030400000,91.1100],[1469116800000,90.6200],[1469376000000,91.1100],[1469462400000,91.3600],[1469548800000,91.3600],[1469635200000,91.4000],[1469721600000,91.1500],[1469980800000,92.1400],[1470067200000,90.4200],[1470153600000,90.9100],[1470240000000,90.9500],[1470326400000,90.2200],[1470585600000,89.5600],[1470672000000,90.5600],[1470758400000,91.0400],[1470844800000,91.5300],[1470931200000,91.2800],[1471190400000,91.7700],[1471276800000,92.4900],[1471363200000,92.7500],[1471449600000,93.2500],[1471536000000,92.0500],[1471795200000,89.9000],[1471881600000,91.1100],[1471968000000,90.3800],[1472054400000,91.8300],[1472140800000,90.3800],[1472400000000,91.5900],[1472486400000,90.6200],[1472572800000,90.6200],[1472659200000,91.3500],[1472745600000,90.8900],[1473004800000,91.2100],[1473091200000,90.9700],[1473177600000,91.2100],[1473264000000,91.4900],[1473350400000,91.2700],[1473609600000,90.5700],[1473696000000,90.3300],[1473782400000,90.5700],[1474214400000,90.0900],[1474300800000,89.1500],[1474387200000,89.6200],[1474473600000,89.7000],[1474560000000,89.7000],[1474819200000,89.3000],[1474905600000,89.3000],[1474992000000,87.9100],[1475078400000,86.8100],[1475164800000,85.1900],[1476028800000,87.3300],[1476115200000,87.1000],[1476201600000,87.1300],[1476288000000,87.8700],[1476374400000,88.2800],[1476633600000,87.1600],[1476720000000,87.4400],[1476806400000,86.5000],[1476892800000,87.6400],[1476979200000,87.1900],[1477238400000,85.6800],[1477324800000,85.2300],[1477411200000,85.9400],[1477497600000,86.1700],[1477584000000,85.6200],[1477843200000,85.6800],[1477929600000,85.9100],[1478016000000,85.0100],[1478102400000,85.4600],[1478188800000,84.3700],[1478448000000,84.4400],[1478534400000,84.6700],[1478620800000,83.7800],[1478707200000,83.5600],[1478793600000,83.1100],[1479052800000,82.8900],[1479139200000,82.4400],[1479225600000,82.00],[1479312000000,81.7800],[1479398400000,81.7800],[1479657600000,81.3700],[1479744000000,81.3700],[1479830400000,81.1500],[1479916800000,80.2700],[1480003200000,79.6000],[1480262400000,79.1600],[1480348800000,77.6500],[1480435200000,78.1000],[1480521600000,77.4300],[1480608000000,78.2400],[1480867200000,77.1400],[1480953600000,76.4800],[1481040000000,74.9500],[1481126400000,74.0700],[1481212800000,75.4400],[1481472000000,74.8400],[1481558400000,75.9800],[1481644800000,76.2000],[1481731200000,78.3800],[1481817600000,81.00],[1482076800000,79.2600],[1482163200000,80.7900],[1482249600000,81.2200],[1482336000000,82.3500],[1482422400000,81.6400],[1482681600000,83.6200],[1482768000000,83.1900],[1482854400000,84.9800],[1482940800000,84.7600],[1483027200000,86.7800],[1483372800000,87.8500],[1483459200000,87.3900],[1483545600000,87.8500],[1483632000000,87.8500],[1483891200000,83.8000],[1483977600000,84.6500],[1484064000000,84.4300],[1484150400000,84.0100],[1484236800000,84.8600],[1484496000000,85.5900],[1484582400000,86.7100],[1484668800000,87.6100],[1484755200000,88.2400],[1484841600000,88.4500],[1485100800000,88.3600],[1485187200000,87.5500],[1485273600000,87.8100],[1485360000000,86.8000],[1486051200000,88.7500],[1486310400000,88.8000],[1486396800000,88.5900],[1486483200000,89.4100],[1486569600000,89.8200],[1486656000000,90.2800],[1486915200000,89.7200],[1487001600000,90.1200],[1487088000000,90.1200],[1487174400000,90.1200],[1487260800000,90.1200],[1487520000000,90.3200],[1487606400000,90.1200],[1487692800000,90.1200],[1487779200000,89.9600],[1487865600000,90.00],[1488124800000,89.8600],[1488211200000,89.4600],[1488297600000,89.4600],[1488384000000,90.0200],[1488470400000,90.2200],[1488729600000,90.0600],[1488816000000,89.5100],[1488902400000,90.1200],[1488988800000,90.1500],[1489075200000,89.9600],[1489334400000,90.3500],[1489420800000,89.9600],[1489507200000,89.9600],[1489593600000,90.1900],[1489680000000,90.00],[1489939200000,89.0800],[1490025600000,89.2700],[1490112000000,88.9300],[1490198400000,89.0600],[1490284800000,88.6800],[1490544000000,86.7000],[1490630400000,87.4800],[1490716800000,87.8500],[1490803200000,86.9900],[1490889600000,87.1700],[1491321600000,88.2900],[1491408000000,87.9600],[1491494400000,88.7000],[1491753600000,87.4100],[1491840000000,87.9600],[1491926400000,86.3000],[1492012800000,85.5800],[1492099200000,87.4300],[1492358400000,84.7100],[1492444800000,84.1600],[1492531200000,83.2400],[1492617600000,82.2000],[1492704000000,83.6700],[1492963200000,81.4700],[1493049600000,81.7200],[1493136000000,83.4200],[1493222400000,83.6100],[1493308800000,85.6100],[1493654400000,81.2400],[1493740800000,80.7300],[1493827200000,81.2700],[1493913600000,77.4500],[1494172800000,78.9100],[1494259200000,78.7300],[1494345600000,78.5500],[1494432000000,78.7300],[1494518400000,74.9100],[1494777600000,77.0800],[1494864000000,76.4400],[1494950400000,76.0700],[1495036800000,77.1400],[1495123200000,73.7500],[1495382400000,75.1800],[1495468800000,74.7300],[1495555200000,75.3500],[1495641600000,76.6000],[1495728000000,74.2900],[1496160000000,76.2400],[1496246400000,75.1800],[1496332800000,75.1800],[1496592000000,75.6200],[1496678400000,74.9100],[1496764800000,76.6800],[1496851200000,75.2700],[1496937600000,74.9100],[1497196800000,76.1300],[1497283200000,76.3100],[1497369600000,77.5700],[1497456000000,77.0400],[1497542400000,76.3500],[1497801600000,77.4700],[1497888000000,77.1200],[1497974400000,77.5700],[1498060800000,76.7000],[1498147200000,76.0400],[1498406400000,75.8200],[1498492800000,77.5500],[1498579200000,77.5500],[1498665600000,78.2400],[1498752000000,78.6900],[1499011200000,82.1300],[1499097600000,75.9500],[1499184000000,77.5300],[1499270400000,79.2500],[1499356800000,78.7300],[1499616000000,78.9000],[1499702400000,78.5600],[1499788800000,78.9000],[1499875200000,79.7600],[1499961600000,79.3500],[1500220800000,78.5000],[1500307200000,78.5000],[1500393600000,78.7800],[1500480000000,79.1200],[1500566400000,78.7500],[1500825600000,78.0800],[1500912000000,77.9100],[1500998400000,78.1100],[1501084800000,79.1200],[1501171200000,78.9600],[1501430400000,81.8200],[1501516800000,78.4500],[1501603200000,77.9500],[1501689600000,78.2800],[1501776000000,78.6200],[1502035200000,78.8600],[1502121600000,78.3600],[1502208000000,78.0200],[1502294400000,77.8500],[1502380800000,78.1900],[1502640000000,77.6800],[1502726400000,77.6800],[1502812800000,77.3500],[1502899200000,77.0100],[1502985600000,77.0100],[1503244800000,76.7200],[1503331200000,76.7200],[1503417600000,76.7200],[1503504000000,76.5100],[1503590400000,77.0100],[1503849600000,79.8300],[1503936000000,80.8300],[1504022400000,73.8300],[1504108800000,74.0400],[1504195200000,74.8800],[1504454400000,74.2100],[1504540800000,74.2100],[1504627200000,74.0400],[1504713600000,73.5400],[1504800000000,74.5400],[1505059200000,73.8000],[1505145600000,73.4700],[1505232000000,73.3000],[1505318400000,71.7400],[1505404800000,71.2400],[1505664000000,70.1300],[1505750400000,69.9700],[1505836800000,69.4900],[1505923200000,69.8200],[1506009600000,69.6500],[1506268800000,69.1500],[1506355200000,69.4900],[1506441600000,69.3700],[1506528000000,69.7000],[1506614400000,69.6400],[1507478400000,66.1700],[1507564800000,64.5800],[1507651200000,63.2600],[1507737600000,62.6800],[1507824000000,62.3600],[1508083200000,61.1100],[1508169600000,59.8000],[1508256000000,59.4100],[1508342400000,59.2500],[1508428800000,58.9200],[1508688000000,57.9200],[1508774400000,57.9200],[1508860800000,57.9900],[1508947200000,57.3300],[1509033600000,57.1700],[1509292800000,55.3400],[1509379200000,54.4300],[1509465600000,53.7700],[1509552000000,53.1800],[1509638400000,52.8400],[1509897600000,52.0100],[1509984000000,52.0100],[1510070400000,50.8900],[1510156800000,51.0400],[1510243200000,50.2400],[1510502400000,49.7600],[1510588800000,49.7600],[1510675200000,49.7600],[1510761600000,49.4500],[1510848000000,49.8400],[1511107200000,49.5300],[1511193600000,49.3700],[1511280000000,49.3700],[1511366400000,48.9000],[1511452800000,48.3500],[1511712000000,47.5000],[1511798400000,46.8700],[1511884800000,46.7200],[1511971200000,46.4900],[1512057600000,46.5000],[1512316800000,46.1900],[1512403200000,46.5000],[1512489600000,46.5000],[1512576000000,46.2700],[1512662400000,47.2400],[1512921600000,46.7800],[1513008000000,45.9400],[1513094400000,45.4800],[1513180800000,45.7200],[1513267200000,45.5800],[1513526400000,46.0400],[1513612800000,45.8800],[1513699200000,45.4300],[1513785600000,45.6500],[1513872000000,45.5000],[1514131200000,47.3300],[1514217600000,47.9400],[1514304000000,48.0100],[1514390400000,46.5600],[1514476800000,45.1900],[1514822400000,46.7200],[1514908800000,47.9400],[1514995200000,49.6200],[1515081600000,52.8200],[1515340800000,42.6000],[1515427200000,42.6000],[1515513600000,43.6000],[1515600000000,43.8400],[1515686400000,44.6000],[1515945600000,45.9700],[1516032000000,46.7300],[1516118400000,47.0300],[1516204800000,47.0300],[1516291200000,47.0300],[1516550400000,47.7900],[1516636800000,48.2500],[1516723200000,48.2500],[1516809600000,48.8600],[1516896000000,48.8500],[1517155200000,49.7000],[1517241600000,49.8500],[1517328000000,50.6100],[1517414400000,50.3000],[1517500800000,50.9100],[1517760000000,51.9800]];
/*规模变动*/
var Data_fluctuationScale = {"categories":["2016-12-31","2017-03-31","2017-06-30","2017-09-30","2017-12-31"],"series":[{"y":31.25,"mom":"76.47%"},{"y":47.66,"mom":"52.51%"},{"y":84.47,"mom":"77.23%"},{"y":151.99,"mom":"79.94%"},{"y":207.57,"mom":"36.57%"}]};;
/*持有人结构*/
var Data_holderStructure = {"series":[{"name":"机构持有比例","data":[0.0,0.0,0.0,0.0]},{"name":"个人持有比例","data":[100.0,100.0,100.0,100.0]},{"name":"内部持有比例","data":[0.0,0.0004,0.0004,0.0001]}],"categories":["2015-12-31","2016-06-30","2016-12-31","2017-06-30"]};
/*申购赎回*/
var Data_assetAllocation ={"series":[{"name":"期间申购","data":[74.46,108.25,187.74,245.35]},{"name":"期间赎回","data":[58.05,71.44,120.21,189.78]},{"name":"总份额","data":[47.66,84.47,151.99,207.57]}],"categories":["2017-03-31","2017-06-30","2017-09-30","2017-12-31"]};
/*现任基金经理*/
var Data_currentFundManager = [{"id":"30196303","pic":"https://pdf.dfcfw.com/pdf/H8_JPG30196303_1.jpg","name":"石大怿","star":5,"workTime":"5年又73天","fundSize":"3034.48亿(30只基金)","power":{"avr":"89.23","categories":["经验值","收益率","影响力","稳定性","管理规模"],"dsc":["反映基金经理从业年限和管理基金的经验","根据基金经理投资的阶段收益评分，反映\u003cbr\u003e基金经理投资的盈利能力","根据基金经理所管理基金的机构和个人投\u003cbr\u003e资者持有比例评分","反映基金经理投资收益的波动","根据基金经理现任管理基金资产规模评分"],"data":[84.20,96.80,76.50,80.20,96.20],"jzrq":"2018-02-05"},"profit":{"categories":["任期收益","同类平均"],"series":[{"data":[{"name":null,"color":"#7cb5ec","y":12.0317},{"name":null,"color":"#414c7b","y":11.12}]}],"jzrq":"2018-02-05"}},{"id":"30297913","pic":"https://pdf.dfcfw.com/pdf/H8_GIF30297913_1.jpg","name":"梁莹","star":5,"workTime":"3年又136天","fundSize":"1035.41亿(21只基金)","power":{"avr":"80.84","categories":["经验值","收益率","影响力","稳定性","管理规模"],"dsc":["反映基金经理从业年限和管理基金的经验","根据基金经理投资的阶段收益评分，反映\u003cbr\u003e基金经理投资的盈利能力","根据基金经理所管理基金的机构和个人投\u003cbr\u003e资者持有比例评分","反映基金经理投资收益的波动","根据基金经理现任管理基金资产规模评分"],"data":[64.70,70.50,78.80,91.90,84.10],"jzrq":"2018-02-05"},"profit":{"categories":["任期收益","同类平均"],"series":[{"data":[{"name":null,"color":"#7cb5ec","y":10.6663},{"name":null,"color":"#414c7b","y":9.78}]}],"jzrq":"2018-02-05"}},{"id":"30070771","pic":"https://pdf.dfcfw.com/pdf/H8_JPG30070771_1.jpg","name":"刘朝阳","star":5,"workTime":"5年又141天","fundSize":"2206.45亿(8只基金)","power":{"avr":"95.45","categories":["经验值","收益率","影响力","稳定性","管理规模"],"dsc":["反映基金经理从业年限和管理基金的经验","根据基金经理投资的阶段收益评分，反映\u003cbr\u003e基金经理投资的盈利能力","根据基金经理所管理基金的机构和个人投\u003cbr\u003e资者持有比例评分","反映基金经理投资收益的波动","根据基金经理现任管理基金资产规模评分"],"data":[94.70,94.70,84.10,98.80,93.90],"jzrq":"2018-02-05"},"profit":{"categories":["任期收益","同类平均"],"series":[{"data":[{"name":null,"color":"#7cb5ec","y":7.2963},{"name":null,"color":"#414c7b","y":6.7}]}],"jzrq":"2018-02-05"}}] ;
/*同类型基金涨幅榜（页面底部通栏）*/
var swithSameType = [['001895_泰达宏利活期友货币B_5.5440','001233_嘉合货币B_5.4980','002895_华夏天利货币B_5.3660','000902_国开货币B_5.3470','001894_泰达宏利活期友货币A_5.3190'],['001895_泰达宏利活期友货币B_5.10','001233_嘉合货币B_5.09','004973_长城收益宝货币B_5.09','004904_人保货币B_5.03','002884_华润元大现金通货币B_5.01'],['004771_海富通添益货币B_5.31','004770_海富通添益货币A_5.08','004973_长城收益宝货币B_5.06','002884_华润元大现金通货币B_5.00','000872_北信瑞丰宜投宝B_4.92'],['004771_海富通添益货币B_5.75','004770_海富通添益货币A_5.52','002895_华夏天利货币B_5.15','004973_长城收益宝货币B_5.15','005151_红土创新优淳货币B_5.07'],['003679_中融现金增利货币C_4.67','003474_南方天天利货币B_4.54','003753_工银如意货币B_4.51','000837_国投瑞银钱多宝货币I_4.51','000836_国投瑞银钱多宝货币A_4.51']];